ID   UNK_ID; MATRIX
AC   UNK_AC
DE   UNK_DE
MA   UNK_BL
  A   B   C   D   E   F   G   H   I   K   L   M   N   P   Q   R   S   T   V   W   X   Y   Z   *   -
 0.0000  0.0000  0.0000  0.0000  0.0000  0.0000  0.0000  0.0000  0.0000  0.0000  0.0000  1.0000  0.0000  0.0000  0.0000  0.0000  0.0000  0.0000  0.0000  0.0000  0.0000  0.0000  0.0000  0.0000  0.0000
 0.0000  0.0000  0.0000  0.0000  1.0000  0.0000  0.0000  0.0000  0.0000  0.0000  0.0000  0.0000  0.0000  0.0000  0.0000  0.0000  0.0000  0.0000  0.0000  0.0000  0.0000  0.0000  0.0000  0.0000  0.0000
 0.0444  0.0000  0.0016  0.1006  0.6110  0.0045  0.0202  0.0119  0.0072  0.0570  0.0132  0.0050  0.0238  0.0252  1.0000  0.0263  0.0275  0.0234  0.0125  0.0021  0.0000  0.0063  0.0000  0.0000  0.0000
 0.2576  0.0000  0.0392  0.2943  0.2448  0.0550  0.2972  0.3447  0.0618  0.2980  0.1189  0.0363  0.2919  1.0000  0.1564  0.2246  0.2516  0.1700  0.0982  0.0263  0.0000  0.0783  0.0000  0.0000  0.0000
 0.0907  0.0000  0.0098  0.0210  0.0175  0.0049  0.0523  0.0052  0.0072  0.0177  0.0120  0.0053  0.0225  1.0000  0.0119  0.0120  0.3757  0.0505  0.0186  0.0021  0.0000  0.0051  0.0000  0.0000  0.0000
 0.8158  0.0000  0.0559  0.0823  0.1009  0.0632  0.2112  0.1245  0.0909  0.1083  0.1150  0.0435  0.0929  0.1209  0.0774  0.0796  1.0000  0.2720  0.2942  0.0190  0.0000  0.0769  0.0000  0.0000  0.0000
 0.0343  0.0000  0.0058  0.0114  0.0075  0.0028  0.0134  0.0032  0.0074  0.0107  0.0074  0.0039  0.0192  1.0000  0.0081  0.0068  0.5234  0.3421  0.0128  0.0017  0.0000  0.0031  0.0000  0.0000  0.0000
 0.0356  0.0000  0.0052  0.3169  0.0557  0.0065  0.0635  0.0297  0.0094  1.0000  0.0209  0.0071  0.2574  0.0258  0.0551  0.9003  0.0561  0.0359  0.0133  0.0040  0.0000  0.0149  0.0000  0.0000  0.0000
 0.2745  0.0000  0.0431  0.6340  0.3402  0.0469  0.6461  0.2123  0.0608  0.8978  0.1340  0.0460  0.8639  0.1859  0.3513  1.0000  0.9221  0.2746  0.0899  0.0281  0.0000  0.1081  0.0000  0.0000  0.0000
 0.1506  0.0000  0.0104  0.1543  1.0000  0.0126  0.0775  0.1394  0.0372  0.7803  0.0639  0.0225  0.1020  0.0647  0.7662  0.1574  0.5690  0.3148  0.0566  0.0056  0.0000  0.0145  0.0000  0.0000  0.0000
 0.0038  0.0000  0.0010  0.0005  0.0010  0.0513  0.0008  0.0008  0.0188  0.0017  1.0000  0.0125  0.0010  0.0016  0.0021  0.0692  0.0011  0.0022  0.0103  0.0012  0.0000  0.0013  0.0000  0.0000  0.0000
 0.0046  0.0000  0.0007  0.0607  0.0071  0.0009  0.0092  0.0044  0.0012  1.0000  0.0029  0.0010  0.1038  0.0036  0.0078  0.1512  0.0077  0.0049  0.0017  0.0006  0.0000  0.0022  0.0000  0.0000  0.0000
 0.0153  0.0000  0.0016  0.0672  0.0254  0.0016  0.0114  0.0045  0.0039  1.0000  0.0057  0.0019  0.0122  0.0072  0.0119  0.0157  0.0115  0.0090  0.0829  0.0008  0.0000  0.0025  0.0000  0.0000  0.0000
 0.0081  0.0000  0.0017  0.0008  0.0016  0.0119  0.0015  0.0010  0.0246  0.0020  1.0000  0.0149  0.0013  0.0746  0.0026  0.0018  0.0022  0.0046  0.0656  0.0014  0.0000  0.0017  0.0000  0.0000  0.0000
 0.0498  0.0000  0.0086  0.5950  0.0711  0.0068  0.1022  0.0299  0.0055  0.1467  0.0100  0.0040  0.1578  0.0301  0.0348  0.0241  1.0000  0.0556  0.0103  0.0035  0.0000  0.0157  0.0000  0.0000  0.0000
 0.0563  0.0000  0.0012  0.0123  1.0000  0.0008  0.0077  0.0013  0.0010  0.0054  0.0020  0.0009  0.0030  0.0052  0.0062  0.0020  0.0718  0.0043  0.0028  0.0003  0.0000  0.0009  0.0000  0.0000  0.0000
 0.0770  0.0000  0.0054  0.7523  1.0000  0.0072  0.0316  0.0167  0.0763  0.0679  0.0195  0.0085  0.0468  0.0432  0.0783  0.0238  0.1957  0.3018  0.0239  0.0037  0.0000  0.0094  0.0000  0.0000  0.0000
 0.1021  0.0000  0.0038  0.0062  0.0045  0.0016  0.0176  0.0015  0.0029  0.0054  0.0042  0.0821  0.0607  0.0094  0.0038  0.0036  1.0000  0.0277  0.0071  0.0008  0.0000  0.0016  0.0000  0.0000  0.0000
 0.0090  0.0000  0.0018  0.0016  0.0494  0.0153  0.0027  0.0014  0.0288  0.0031  1.0000  0.0984  0.0020  0.0033  0.0036  0.0027  0.0742  0.0050  0.0170  0.0019  0.0000  0.0022  0.0000  0.0000  0.0000
 0.3477  0.0000  0.0278  0.1974  0.4219  0.0445  0.1332  0.0655  0.0874  0.3573  0.3151  0.0962  0.3491  0.1045  0.2098  0.3182  0.2868  1.0000  0.1342  0.0144  0.0000  0.0529  0.0000  0.0000  0.0000
 0.0975  0.0000  0.0026  0.0059  0.0376  0.0054  0.1313  0.0229  0.0113  1.0000  0.0919  0.0088  0.0257  0.0207  0.2832  0.5006  0.0226  0.0285  0.0151  0.0040  0.0000  0.0116  0.0000  0.0000  0.0000
 0.1789  0.0000  0.0029  0.7269  1.0000  0.0163  0.0732  0.0447  0.0212  0.1811  0.0396  0.0163  0.0861  0.2488  0.5122  0.0490  0.0946  0.0792  0.0409  0.0077  0.0000  0.0226  0.0000  0.0000  0.0000
 0.0126  0.0000  0.0020  0.0028  0.0025  0.0026  0.0102  0.0011  0.0031  0.0029  0.0076  0.0618  0.0019  1.0000  0.0019  0.0027  0.0065  0.0035  0.0042  0.0011  0.0000  0.0017  0.0000  0.0000  0.0000
 0.0868  0.0000  0.0001  0.0222  1.0000  0.0005  0.0021  0.0012  0.0006  0.0049  0.0011  0.0005  0.0021  0.0030  0.0064  0.0013  0.0027  0.0022  0.0012  0.0002  0.0000  0.0006  0.0000  0.0000  0.0000
 0.0885  0.0000  0.0098  0.0927  1.0000  0.0090  0.0382  0.0213  0.0225  0.3785  0.1284  0.0133  0.0590  0.0451  0.0777  0.0852  0.3049  0.3790  0.0359  0.0051  0.0000  0.0121  0.0000  0.0000  0.0000
 0.0064  0.0000  0.0019  0.0012  0.0017  0.1391  0.0022  0.0005  0.1573  0.0024  0.2735  0.0123  0.0016  0.0017  0.0017  0.0818  0.0023  0.0061  1.0000  0.0013  0.0000  0.0033  0.0000  0.0000  0.0000
 0.0011  0.0000  0.0006  0.0002  0.0003  1.0000  0.0002  0.0000  0.0023  0.0000  0.0057  0.0011  0.0000  0.0004  0.0000  0.0000  0.0008  0.0007  0.0022  0.0053  0.0000  0.4714  0.0000  0.0000  0.0000
 0.0321  0.0000  0.0062  1.0000  0.0219  0.0035  0.0141  0.0055  0.0090  0.0161  0.0088  0.0707  0.0309  0.0169  0.1406  0.0091  0.1494  0.4482  0.0144  0.0022  0.0000  0.0044  0.0000  0.0000  0.0000
 0.0267  0.0000  0.0082  0.0053  0.0071  0.0362  0.0100  0.0009  1.0000  0.3851  0.2816  0.1259  0.0066  0.0057  0.0045  0.0083  0.0101  0.0283  0.9267  0.0044  0.0000  0.0146  0.0000  0.0000  0.0000
 0.0547  0.0000  0.0129  0.0053  0.1106  0.0872  0.0069  0.0072  0.3183  0.0147  1.0000  0.3165  0.0096  0.0180  0.2133  0.0130  0.0126  0.0356  0.3148  0.0104  0.0000  0.0123  0.0000  0.0000  0.0000
 0.5170  0.0000  0.2195  0.4599  0.5809  0.6492  0.5277  0.5393  0.3554  0.3391  0.5894  0.2007  0.6629  0.2287  0.3148  0.3500  0.5151  0.4266  0.4567  0.1698  0.0000  1.0000  0.0000  0.0000  0.0000
 0.1844  0.0000  0.2081  0.1062  0.2589  0.0195  0.1306  0.0663  0.0358  1.0000  0.0765  0.0267  0.1205  0.0866  0.1724  0.3577  0.1303  0.1017  0.0617  0.0122  0.0000  0.0356  0.0000  0.0000  0.0000
 0.0020  0.0000  0.0005  0.0002  0.0005  0.0052  0.0004  0.0004  0.2929  0.0007  1.0000  0.0064  0.0005  0.0008  0.0010  0.0007  0.0006  0.0012  0.0060  0.0006  0.0000  0.0007  0.0000  0.0000  0.0000
 0.0000  0.0000  0.0000  0.0000  0.0000  0.0000  1.0000  0.0000  0.0000  0.0000  0.0000  0.0000  0.0000  0.0000  0.0000  0.0000  0.0000  0.0000  0.0000  0.0000  0.0000  0.0000  0.0000  0.0000  0.0000
 0.2219  0.0000  0.0214  0.1558  1.0000  0.0120  0.4438  0.0254  0.0122  0.0640  0.0258  0.0113  0.1118  0.0709  0.0580  0.0309  0.2450  0.0600  0.0368  0.0052  0.0000  0.0164  0.0000  0.0000  0.0000
 0.0000  0.0000  0.0000  0.0000  0.0000  0.0000  1.0000  0.0000  0.0000  0.0000  0.0000  0.0000  0.0000  0.0000  0.0000  0.0000  0.0000  0.0000  0.0000  0.0000  0.0000  0.0000  0.0000  0.0000  0.0000
 0.0379  0.0000  0.0010  0.0009  0.0009  0.0004  0.0054  0.0002  0.0005  0.0010  0.0010  0.0005  0.0009  0.0025  0.0007  0.0007  1.0000  0.0026  0.0017  0.0002  0.0000  0.0003  0.0000  0.0000  0.0000
 0.0011  0.0000  0.0006  0.0002  0.0003  0.4764  0.0002  0.0000  0.0023  0.0000  0.0057  0.0011  0.0000  0.0004  0.0000  0.0000  0.0008  0.0007  0.0022  0.0053  0.0000  1.0000  0.0000  0.0000  0.0000
 0.0000  0.0000  0.0000  0.0000  0.0000  0.0000  1.0000  0.0000  0.0000  0.0000  0.0000  0.0000  0.0000  0.0000  0.0000  0.0000  0.0000  0.0000  0.0000  0.0000  0.0000  0.0000  0.0000  0.0000  0.0000
 0.0892  0.0000  0.0445  0.0180  0.0189  0.0046  0.0184  0.0061  0.0136  0.2821  0.0146  0.0066  0.0276  0.0206  0.0179  0.1117  1.0000  0.2547  0.0646  0.0025  0.0000  0.0051  0.0000  0.0000  0.0000
 0.0000  0.0000  0.0000  0.0000  0.0000  0.0000  0.0000  0.0000  0.0000  0.0000  0.0000  0.0000  0.0000  0.0000  0.0000  0.0000  0.0000  0.0000  1.0000  0.0000  0.0000  0.0000  0.0000  0.0000  0.0000
 0.0041  0.0000  0.0016  0.0028  0.0025  0.2761  0.0038  0.0981  0.0034  0.0029  0.0066  0.0020  0.0036  0.0020  0.0025  0.0031  0.0035  0.0032  0.0039  0.0016  0.0000  1.0000  0.0000  0.0000  0.0000
 0.0000  0.0000  0.0000  0.0000  0.0000  0.0000  0.0000  0.0000  0.0000  1.0000  0.0000  0.0000  0.0000  0.0000  0.0000  0.0000  0.0000  0.0000  0.0000  0.0000  0.0000  0.0000  0.0000  0.0000  0.0000
 1.0000  0.0000  0.0020  0.0016  0.0018  0.0008  0.3083  0.0004  0.0009  0.0019  0.0019  0.0009  0.0013  0.0049  0.0013  0.0014  0.0099  0.0034  0.0032  0.0003  0.0000  0.0006  0.0000  0.0000  0.0000
 0.0328  0.0000  0.0091  0.0076  0.0116  0.0322  0.0112  0.0747  1.0000  0.0127  0.3909  0.1368  0.0401  0.0107  0.0357  0.0136  0.0756  0.0241  0.7665  0.0071  0.0000  0.0335  0.0000  0.0000  0.0000
 0.0250  0.0000  0.0056  0.5025  0.1813  0.0050  0.0835  1.0000  0.0026  0.0349  0.0057  0.0021  0.2175  0.0199  0.0249  0.0172  0.1042  0.0254  0.0044  0.0026  0.0000  0.0335  0.0000  0.0000  0.0000
 0.0033  0.0000  0.0003  0.0006  0.0045  0.0007  0.0023  0.0029  0.0545  1.0000  0.0034  0.0011  0.0031  0.0026  0.0077  0.0722  0.0027  0.0035  0.0019  0.0005  0.0000  0.0015  0.0000  0.0000  0.0000
 0.0797  0.0000  0.0030  0.0310  1.0000  0.0024  0.0204  0.0050  0.0034  0.0273  0.0069  0.0028  0.0103  0.0142  0.0199  0.3614  0.1766  0.0137  0.0079  0.0011  0.0000  0.0031  0.0000  0.0000  0.0000
 0.0067  0.0000  0.0013  0.0028  0.0017  0.0007  0.0021  0.0008  0.0019  0.0026  0.0018  0.0010  0.0050  0.0033  0.0020  0.0016  0.7455  1.0000  0.0030  0.0004  0.0000  0.0008  0.0000  0.0000  0.0000
 0.0222  0.0000  0.0234  0.0046  0.0451  0.0009  1.0000  0.0010  0.0010  0.0029  0.0021  0.0010  0.0049  0.0056  0.0020  0.0019  0.1523  0.0045  0.0035  0.0003  0.0000  0.0009  0.0000  0.0000  0.0000
 0.1140  0.0000  0.0027  0.0808  0.3515  0.0064  0.0201  0.1529  0.0879  0.0508  0.0148  0.0056  0.0223  0.0227  1.0000  0.0248  0.2074  0.0278  0.0149  0.0024  0.0000  0.0086  0.0000  0.0000  0.0000
 0.3496  0.0000  0.0110  0.0037  0.0085  0.0152  0.0039  0.0017  0.9996  0.0095  0.2031  0.0194  0.0051  0.0106  0.0058  0.0061  0.2203  0.0390  1.0000  0.0021  0.0000  0.0063  0.0000  0.0000  0.0000
 0.0078  0.0000  0.0386  0.0005  0.0013  0.0032  0.0004  0.0004  0.0151  0.0014  0.3412  0.0043  0.0007  0.0018  0.0012  0.0009  0.0014  0.0054  1.0000  0.0004  0.0000  0.0007  0.0000  0.0000  0.0000
 1.0000  0.0000  0.0000  0.0000  0.0000  0.0000  0.0000  0.0000  0.0000  0.0000  0.0000  0.0000  0.0000  0.0000  0.0000  0.0000  0.0000  0.0000  0.0000  0.0000  0.0000  0.0000  0.0000  0.0000  0.0000
 0.0009  0.0000  0.0003  0.0002  0.0002  0.0010  0.0003  0.0000  1.0000  0.0003  0.0051  0.0010  0.0002  0.0002  0.0001  0.0002  0.0003  0.0009  0.0680  0.0001  0.0000  0.0004  0.0000  0.0000  0.0000
 0.0000  0.0000  0.0000  0.0000  0.0000  0.0000  0.0000  0.0000  0.0000  1.0000  0.0000  0.0000  0.0000  0.0000  0.0000  0.0000  0.0000  0.0000  0.0000  0.0000  0.0000  0.0000  0.0000  0.0000  0.0000
 0.3477  0.0000  0.0678  0.0488  0.1957  0.2145  0.1039  0.1741  0.5306  0.7926  1.0000  0.2360  0.1407  0.1459  0.4518  0.6260  0.1485  0.2780  0.6072  0.0468  0.0000  0.1427  0.0000  0.0000  0.0000
 0.0015  0.0000  0.0005  0.0003  0.0004  0.0017  0.0006  0.0000  0.5324  0.0006  0.0093  0.0017  0.0004  0.0003  0.0002  0.0004  0.0006  0.0017  1.0000  0.0002  0.0000  0.0008  0.0000  0.0000  0.0000
 0.0525  0.0000  0.0066  0.5548  0.0368  0.0042  0.0616  0.0137  0.0037  0.0233  0.0073  0.0031  0.0709  1.0000  0.0176  0.0121  0.1322  0.0290  0.0093  0.0020  0.0000  0.0078  0.0000  0.0000  0.0000
 0.0011  0.0000  0.0003  0.0002  0.0003  0.0014  0.0004  0.0000  0.1095  0.0004  0.1048  0.0014  0.0003  0.0002  0.0002  0.0003  0.0004  0.0012  1.0000  0.0002  0.0000  0.0006  0.0000  0.0000  0.0000
 0.0054  0.0000  0.0001  0.4116  1.0000  0.0005  0.0023  0.0014  0.0007  0.0055  0.0012  0.0005  0.0026  0.0033  0.0071  0.0015  0.0029  0.0024  0.0012  0.0002  0.0000  0.0007  0.0000  0.0000  0.0000
 0.0468  0.0000  0.0103  0.6684  0.0267  0.0061  0.0500  0.0166  0.0123  0.0309  0.0127  0.0065  0.1877  0.0277  0.0225  0.0175  1.0000  0.5386  0.0194  0.0037  0.0000  0.0105  0.0000  0.0000  0.0000
 0.0036  0.0000  0.0001  1.0000  0.3195  0.0003  0.0018  0.0010  0.0004  0.0036  0.0008  0.0003  0.0021  0.0022  0.0046  0.0010  0.0020  0.0016  0.0008  0.0002  0.0000  0.0005  0.0000  0.0000  0.0000
 0.0030  0.0000  0.0008  0.0005  0.0007  0.0051  0.0008  0.0003  0.1529  0.0010  1.0000  0.0058  0.0007  0.0008  0.0008  0.0009  0.0010  0.0026  0.3759  0.0006  0.0000  0.0013  0.0000  0.0000  0.0000
 0.0081  0.0000  0.0001  0.0486  0.4763  0.0007  0.0033  0.1794  0.0010  0.0083  0.0018  0.0007  0.0039  0.0049  1.0000  0.0023  0.0043  0.0036  0.0019  0.0004  0.0000  0.0010  0.0000  0.0000  0.0000
 0.0063  0.0000  0.0001  0.5033  1.0000  0.0006  0.0027  0.0016  0.0008  0.0063  0.0014  0.0006  0.0031  0.0039  0.0082  0.0017  0.0033  0.0028  0.0015  0.0003  0.0000  0.0008  0.0000  0.0000  0.0000
 0.0015  0.0000  0.0004  0.0002  0.0004  0.0030  0.0004  0.0002  1.0000  0.0005  0.0157  0.0823  0.0003  0.0006  0.0006  0.0005  0.0005  0.0010  0.0069  0.0004  0.0000  0.0007  0.0000  0.0000  0.0000
 0.0179  0.0000  0.0014  0.0298  0.1160  0.0034  0.0068  0.0040  1.0000  0.0198  0.0158  0.0042  0.0067  0.0091  0.1120  0.0105  0.0086  0.0096  0.0142  0.0010  0.0000  0.0023  0.0000  0.0000  0.0000
 0.0043  0.0000  0.0004  0.0008  0.0059  0.0009  0.0030  0.0038  0.0018  1.0000  0.0043  0.0014  0.0041  0.0033  0.4244  0.0632  0.0035  0.0553  0.0024  0.0007  0.0000  0.0019  0.0000  0.0000  0.0000
 0.0000  0.0000  0.0000  0.0000  1.0000  0.0000  0.0000  0.0000  0.0000  0.0000  0.0000  0.0000  0.0000  0.0000  0.0000  0.0000  0.0000  0.0000  0.0000  0.0000  0.0000  0.0000  0.0000  0.0000  0.0000
 0.0000  0.0000  0.0000  0.0000  0.0000  0.0000  0.0000  0.0000  1.0000  0.0000  0.0000  0.0000  0.0000  0.0000  0.0000  0.0000  0.0000  0.0000  0.0000  0.0000  0.0000  0.0000  0.0000  0.0000  0.0000
 0.1695  0.0000  0.0014  0.0012  0.0013  0.0005  0.0078  0.0003  0.0007  0.0014  0.0014  0.0006  0.0011  0.0035  0.0010  0.0010  1.0000  0.0033  0.0024  0.0002  0.0000  0.0004  0.0000  0.0000  0.0000
 0.0009  0.0000  0.0003  0.0002  0.0003  0.0570  0.0004  0.0000  1.0000  0.0004  0.0073  0.0013  0.0003  0.0002  0.0001  0.0003  0.0004  0.0010  0.1111  0.0002  0.0000  0.0008  0.0000  0.0000  0.0000
 0.0018  0.0000  0.0005  0.0002  0.0005  0.0050  0.0004  0.0004  0.0091  0.0006  0.4168  1.0000  0.0004  0.0008  0.0009  0.0006  0.0005  0.0011  0.0050  0.0006  0.0000  0.0007  0.0000  0.0000  0.0000
 0.1658  0.0000  0.0080  0.0172  0.0265  0.0044  0.0456  0.0080  0.0067  0.1266  0.0137  0.0056  0.0186  0.0243  1.0000  0.0405  0.4533  0.0342  0.0164  0.0022  0.0000  0.0056  0.0000  0.0000  0.0000
 0.0115  0.0000  0.0003  0.0284  0.3423  0.0011  0.0047  0.0028  0.0016  0.0126  0.0028  0.0011  0.0054  0.0068  1.0000  0.0046  0.0073  0.1760  0.0029  0.0005  0.0000  0.0015  0.0000  0.0000  0.0000
 0.0062  0.0000  1.0000  0.0007  0.0015  0.0145  0.0014  0.0011  0.0269  0.0019  0.3392  0.0625  0.0014  0.0024  0.0028  0.0019  0.0018  0.0034  0.0155  0.0018  0.0000  0.0021  0.0000  0.0000  0.0000
 0.1574  0.0000  0.0031  1.0000  0.0549  0.0032  0.0465  0.0150  0.0024  0.1781  0.0048  0.0018  0.3926  0.0143  0.1512  0.0129  0.0375  0.0169  0.0041  0.0016  0.0000  0.0075  0.0000  0.0000  0.0000
 0.0126  0.0000  0.0283  0.0020  0.0016  0.0006  0.0070  0.0005  0.0009  0.0021  0.0015  0.0007  0.0025  0.0034  0.0013  0.0267  1.0000  0.0070  0.0024  0.0003  0.0000  0.0006  0.0000  0.0000  0.0000
 0.0047  0.0000  0.0005  0.0016  0.0066  0.0010  0.0034  0.0374  0.0018  0.1435  0.0210  0.0014  0.0046  1.0000  0.0432  0.0240  0.0357  0.0049  0.0025  0.0007  0.0000  0.0020  0.0000  0.0000  0.0000
 0.0053  0.0000  0.0018  0.0020  0.0027  0.0420  0.0032  0.2620  0.0066  0.0031  0.0470  0.0040  0.0030  0.0021  0.0031  0.0035  0.0039  0.0039  0.0062  0.0019  0.0000  1.0000  0.0000  0.0000  0.0000
 0.0012  0.0000  0.0003  0.0002  0.0003  0.0011  0.0003  0.0000  0.0656  0.0004  0.0316  0.0011  0.0002  0.0002  0.0002  0.0003  0.0003  0.0011  1.0000  0.0001  0.0000  0.0004  0.0000  0.0000  0.0000
 0.0276  0.0000  0.0054  0.0054  0.0054  0.0029  0.0040  0.0019  0.0212  0.0067  0.0151  0.0051  0.0441  0.0086  0.0050  0.0041  0.0333  0.5103  1.0000  0.0010  0.0000  0.0018  0.0000  0.0000  0.0000
 0.0044  0.0000  0.0004  0.0008  0.0062  0.0009  0.0032  0.0039  0.0019  1.0000  0.0045  0.0015  0.0569  0.0035  0.1726  0.2742  0.0037  0.0786  0.0025  0.0007  0.0000  0.0020  0.0000  0.0000  0.0000
 0.0040  0.0000  0.0021  0.0033  0.0018  0.0054  0.0318  0.0013  0.0015  0.0015  0.0029  0.0007  0.0025  0.0032  0.0013  0.0020  0.0027  0.0020  0.0020  0.0019  0.0000  1.0000  0.0000  0.0000  0.0000
 0.0222  0.0000  0.0402  0.0090  0.0120  0.0654  0.0145  0.1848  0.0174  0.1244  0.0751  0.0098  0.0135  0.0090  0.0130  0.0156  0.0176  0.0172  0.0221  0.0081  0.0000  1.0000  0.0000  0.0000  0.0000
 0.1278  0.0000  0.0012  0.0010  0.0011  0.0005  1.0000  0.0002  0.0005  0.0012  0.0012  0.0005  0.0009  0.0030  0.0008  0.0009  0.0060  0.0020  0.0019  0.0002  0.0000  0.0004  0.0000  0.0000  0.0000
 0.0036  0.0000  0.0006  0.0012  0.0008  0.0003  0.0016  0.0003  0.0007  0.0011  0.0008  0.0004  0.0019  0.0015  0.0008  0.0007  1.0000  0.0345  0.0013  0.0002  0.0000  0.0003  0.0000  0.0000  0.0000
 0.0010  0.0000  0.0005  0.0002  0.0003  0.3318  0.0002  0.0000  0.0023  0.0000  0.0375  0.0011  0.0000  0.0004  0.0000  0.0000  0.0007  0.0007  0.0021  0.0051  0.0000  1.0000  0.0000  0.0000  0.0000
 0.1360  0.0000  0.0034  0.0018  0.0038  1.0000  0.0049  0.0028  0.0532  0.0065  0.5229  0.0350  0.0034  0.0060  0.0067  0.0809  0.0058  0.0079  0.0313  0.0035  0.0000  0.0045  0.0000  0.0000  0.0000
 0.0024  0.0000  0.0002  0.0005  0.0326  0.0005  0.0017  0.0021  0.0010  1.0000  0.0024  0.0008  0.0023  0.0019  0.0056  0.1080  0.0019  0.0025  0.0013  0.0004  0.0000  0.0285  0.0000  0.0000  0.0000
 0.0879  0.0000  0.0173  0.3675  0.2388  0.0188  0.6689  0.1079  0.0439  0.1433  0.0264  0.0094  1.0000  0.0656  0.2339  0.0820  0.1923  0.0838  0.0200  0.0090  0.0000  0.0438  0.0000  0.0000  0.0000
 0.2327  0.0000  0.0344  0.1009  0.0549  0.0365  0.0735  0.1516  0.0526  0.0741  0.0580  0.0273  0.2083  0.0793  0.0584  0.0505  0.7929  1.0000  0.0793  0.0154  0.0000  0.1631  0.0000  0.0000  0.0000
 0.0120  0.0000  0.0003  1.0000  0.2381  0.0012  0.0061  0.0033  0.0016  0.1277  0.0029  0.0011  0.0078  0.0072  0.0153  0.0039  0.0673  0.0059  0.0365  0.0006  0.0000  0.0376  0.0000  0.0000  0.0000
 0.0014  0.0000  0.0003  0.0002  0.0003  0.0031  0.0003  0.0002  0.0060  0.0004  1.0000  0.0038  0.0003  0.0005  0.0006  0.0004  0.0004  0.0008  0.0543  0.0004  0.0000  0.0005  0.0000  0.0000  0.0000
 0.0017  0.0000  0.0005  0.0002  0.0004  0.0106  0.0004  0.0002  0.0056  0.0004  0.0416  0.0034  0.0003  0.0007  0.0005  0.0004  0.0007  0.0010  0.0293  1.0000  0.0000  0.0074  0.0000  0.0000  0.0000
 0.0000  0.0000  0.0000  0.0000  0.0000  0.0000  0.0000  0.0000  1.0000  0.0000  0.0000  0.0000  0.0000  0.0000  0.0000  0.0000  0.0000  0.0000  0.0000  0.0000  0.0000  0.0000  0.0000  0.0000  0.0000
 0.0061  0.0000  0.1359  0.0005  0.0010  0.0019  0.0005  0.0002  0.1524  0.0012  0.0107  0.0023  0.0006  0.0013  0.0007  0.0007  0.0012  0.0047  1.0000  0.0003  0.0000  0.0008  0.0000  0.0000  0.0000
 0.0000  0.0000  0.0000  0.0000  0.0000  0.0000  0.0000  0.0000  0.0000  0.0000  0.0000  1.0000  0.0000  0.0000  0.0000  0.0000  0.0000  0.0000  0.0000  0.0000  0.0000  0.0000  0.0000  0.0000  0.0000
 0.0000  0.0000  0.0000  0.0000  1.0000  0.0000  0.0000  0.0000  0.0000  0.0000  0.0000  0.0000  0.0000  0.0000  0.0000  0.0000  0.0000  0.0000  0.0000  0.0000  0.0000  0.0000  0.0000  0.0000  0.0000
 0.0046  0.0000  0.0018  0.0032  0.0027  0.4308  0.0043  0.0773  0.0039  0.0032  0.0076  0.0022  0.0040  0.0022  0.0028  0.0035  0.0039  0.0035  0.0044  0.0018  0.0000  1.0000  0.0000  0.0000  0.0000
 0.0044  0.0000  1.0000  0.0014  0.0011  0.0047  0.0040  0.0008  0.0058  0.0007  0.1057  0.0035  0.0011  0.0018  0.0011  0.0013  0.0019  0.0020  0.0047  0.0012  0.0000  0.0025  0.0000  0.0000  0.0000
 0.1335  0.0000  0.0019  0.0015  0.0017  0.0007  1.0000  0.0003  0.0008  0.0018  0.0018  0.0008  0.0014  0.0047  0.0013  0.0013  0.2178  0.0033  0.0031  0.0003  0.0000  0.0006  0.0000  0.0000  0.0000
 1.0000  0.0000  0.0032  0.0026  0.0029  0.0013  0.6142  0.0006  0.0014  0.0032  0.0031  0.0014  0.0022  0.0081  0.0022  0.0023  0.0164  0.0055  0.0053  0.0005  0.0000  0.0010  0.0000  0.0000  0.0000
 0.0000  0.0000  0.0000  0.0000  0.0000  0.0000  1.0000  0.0000  0.0000  0.0000  0.0000  0.0000  0.0000  0.0000  0.0000  0.0000  0.0000  0.0000  0.0000  0.0000  0.0000  0.0000  0.0000  0.0000  0.0000
 0.0000  0.0000  0.0000  0.0000  0.0000  0.0000  0.0000  0.0000  0.0000  0.0000  0.0000  0.0000  0.0000  0.0000  0.0000  0.0000  1.0000  0.0000  0.0000  0.0000  0.0000  0.0000  0.0000  0.0000  0.0000
 0.0306  0.0000  0.4533  0.0019  0.0049  0.0066  0.0013  0.0011  0.1581  0.0052  0.0386  0.0094  0.0026  0.0064  0.0035  0.0032  0.0052  0.0226  1.0000  0.0009  0.0000  0.0026  0.0000  0.0000  0.0000
 0.3985  0.0000  0.1355  0.0201  0.0236  0.0111  0.1415  0.0048  0.0171  0.0262  0.1655  0.0135  0.0187  0.0651  0.0182  0.0187  1.0000  0.0621  0.0517  0.0038  0.0000  0.0080  0.0000  0.0000  0.0000
 0.0000  0.0000  0.0000  1.0000  0.0000  0.0000  0.0000  0.0000  0.0000  0.0000  0.0000  0.0000  0.0000  0.0000  0.0000  0.0000  0.0000  0.0000  0.0000  0.0000  0.0000  0.0000  0.0000  0.0000  0.0000
 0.0823  0.0000  0.0013  0.0006  0.0012  0.0101  0.0009  0.0008  1.0000  0.0015  0.5720  0.0125  0.0010  0.0019  0.0021  0.0014  0.0014  0.0034  0.0171  0.0012  0.0000  0.0014  0.0000  0.0000  0.0000
 0.0032  0.0000  0.0008  0.0004  0.0008  0.0086  0.0006  0.0006  0.4887  0.0011  0.1860  1.0000  0.0008  0.0013  0.0016  0.0011  0.0009  0.0019  0.0097  0.0010  0.0000  0.0011  0.0000  0.0000  0.0000
 0.0024  0.0000  0.0002  0.0005  0.0033  0.0005  0.0018  0.0021  0.0010  0.3528  0.0024  0.0008  0.0023  0.0020  0.0057  1.0000  0.0020  0.0026  0.0014  0.0004  0.0000  0.0011  0.0000  0.0000  0.0000
 0.2084  0.0000  0.0024  0.0010  0.0023  0.0193  0.0018  0.0015  0.2738  0.0029  1.0000  0.0241  0.0020  0.0037  0.0040  0.0027  0.0027  0.0062  0.0276  0.0023  0.0000  0.0026  0.0000  0.0000  0.0000
 0.0090  0.0000  0.0013  0.0018  0.0062  0.0016  0.0041  0.0037  0.0439  0.0272  0.0079  0.0024  0.0052  0.0046  0.0097  1.0000  0.0093  0.0828  0.0085  0.0008  0.0000  0.0021  0.0000  0.0000  0.0000
 0.2062  0.0000  0.0280  0.4856  0.3522  0.0363  0.3387  0.1641  0.0546  1.0000  0.1213  0.0411  0.8019  0.3538  0.3440  0.6379  0.3051  0.2016  0.0775  0.0227  0.0000  0.0818  0.0000  0.0000  0.0000
 0.0933  0.0000  0.0064  0.0135  0.0783  0.0117  0.3280  0.0489  0.0236  1.0000  0.0559  0.0186  0.0560  0.0457  0.1555  0.3485  0.0513  0.0604  0.0325  0.0087  0.0000  0.0248  0.0000  0.0000  0.0000
 0.2604  0.0000  0.0520  0.0160  0.0480  0.0354  0.0077  0.0176  0.3136  0.1014  0.3745  0.0614  0.0279  0.1805  0.0441  0.0789  0.0579  1.0000  0.6339  0.0069  0.0000  0.0163  0.0000  0.0000  0.0000
 0.0030  0.0000  0.0008  0.0004  0.0008  0.1241  0.0006  0.0006  0.3401  0.0010  1.0000  0.0101  0.0007  0.0013  0.0016  0.0010  0.0009  0.0018  0.0089  0.0011  0.0000  0.0015  0.0000  0.0000  0.0000
 0.2581  0.0000  0.0189  0.2136  0.4195  0.0193  0.2693  0.0924  0.0784  0.3433  0.1046  0.0367  0.2413  0.2313  0.2013  0.2299  0.6651  1.0000  0.0986  0.0066  0.0000  0.0165  0.0000  0.0000  0.0000
 0.0000  0.0000  0.0000  0.0000  1.0000  0.0000  0.0000  0.0000  0.0000  0.0000  0.0000  0.0000  0.0000  0.0000  0.0000  0.0000  0.0000  0.0000  0.0000  0.0000  0.0000  0.0000  0.0000  0.0000  0.0000
 0.1398  0.0000  0.0005  1.0000  0.3347  0.0014  0.0070  0.0036  0.0026  0.0491  0.0046  0.0018  0.0084  0.0089  0.0512  0.0066  0.0495  0.0504  0.0046  0.0006  0.0000  0.0017  0.0000  0.0000  0.0000
 0.0634  0.0000  0.0025  0.1414  1.0000  0.0089  0.0304  0.1214  0.0122  0.1685  0.0252  0.0092  0.0377  0.0405  0.1526  0.0881  0.0378  0.0364  0.0197  0.0046  0.0000  0.2852  0.0000  0.0000  0.0000
 0.0018  0.0000  0.0004  0.0002  0.0003  0.0010  0.0003  0.0001  1.0000  0.0004  0.0054  0.0011  0.0003  0.0004  0.0002  0.0003  0.0004  0.0164  0.1019  0.0001  0.0000  0.0004  0.0000  0.0000  0.0000
 1.0000  0.0000  0.0060  0.0044  0.0053  0.0023  0.0666  0.0010  0.0026  0.0058  0.0058  0.1890  0.0038  0.0150  0.0040  0.0042  0.0819  0.0105  0.0099  0.0008  0.0000  0.0017  0.0000  0.0000  0.0000
 0.4009  0.0000  0.0485  0.0123  0.0364  0.0251  0.0035  0.0092  0.8182  0.0365  0.1658  0.0506  0.0186  0.0938  0.0273  0.0204  0.0451  1.0000  0.6138  0.0044  0.0000  0.0079  0.0000  0.0000  0.0000
 0.0011  0.0000  0.0004  0.0002  0.0003  0.0014  0.0005  0.0000  1.0000  0.0004  0.0075  0.0013  0.0003  0.0002  0.0001  0.0004  0.0004  0.0013  0.3381  0.0002  0.0000  0.0007  0.0000  0.0000  0.0000
 0.0418  0.0000  0.1381  0.0023  0.0066  0.0099  0.0008  0.0020  0.1176  0.0068  1.0000  0.1015  0.0035  0.0092  0.0054  0.0042  0.0835  0.1106  0.3013  0.0014  0.0000  0.0026  0.0000  0.0000  0.0000
 0.0375  0.0000  0.0376  0.0081  0.0499  0.0075  0.0257  0.0308  0.0828  0.3793  0.0356  0.0118  0.0348  0.0279  0.6092  1.0000  0.3631  0.0409  0.0208  0.0055  0.0000  0.0158  0.0000  0.0000  0.0000
 0.0707  0.0000  0.0770  1.0000  0.9067  0.0191  0.0493  0.0271  0.0179  0.0716  0.0301  0.0764  0.0658  0.0353  0.2166  0.0351  0.8359  0.0513  0.0271  0.0060  0.0000  0.1007  0.0000  0.0000  0.0000
 0.4168  0.0000  0.0796  0.0192  0.0596  0.0565  0.0026  0.0156  0.4866  0.0599  0.5938  0.1011  0.0288  0.0844  0.0458  0.0343  0.0601  0.7332  1.0000  0.0087  0.0000  0.0153  0.0000  0.0000  0.0000
 0.0000  0.0000  0.0000  0.0000  0.0000  0.0000  0.0000  0.0000  0.0000  0.0000  1.0000  0.0000  0.0000  0.0000  0.0000  0.0000  0.0000  0.0000  0.0000  0.0000  0.0000  0.0000  0.0000  0.0000  0.0000
 0.0323  0.0000  0.0031  0.0056  0.0447  0.0072  0.0227  0.0287  0.0148  1.0000  0.2014  0.0874  0.0311  0.0253  0.3135  0.2440  0.0263  0.0345  0.0188  0.0051  0.0000  0.0145  0.0000  0.0000  0.0000
 0.0000  0.0000  0.0000  0.0000  0.0000  0.0000  1.0000  0.0000  0.0000  0.0000  0.0000  0.0000  0.0000  0.0000  0.0000  0.0000  0.0000  0.0000  0.0000  0.0000  0.0000  0.0000  0.0000  0.0000  0.0000
 0.0011  0.0000  0.0003  0.0001  0.0003  0.0030  0.0002  0.0002  0.0055  0.0004  1.0000  0.0612  0.0003  0.0005  0.0006  0.0004  0.0003  0.0006  0.0030  0.0004  0.0000  0.0004  0.0000  0.0000  0.0000
 0.1206  0.0000  0.0008  0.5211  1.0000  0.0043  0.0177  0.0112  0.0062  0.0493  0.0113  0.0046  0.0198  0.0283  0.1243  0.0545  0.0252  0.0218  0.1730  0.0020  0.0000  0.0056  0.0000  0.0000  0.0000
 0.0000  0.0000  0.0000  0.0000  0.0000  0.0000  0.0000  0.0000  0.0000  0.0000  0.0000  0.0000  0.0000  0.0000  0.0000  0.0000  0.0000  0.0000  0.0000  0.0000  0.0000  1.0000  0.0000  0.0000  0.0000
 0.0000  0.0000  0.0000  0.0000  0.0000  0.0000  0.0000  0.0000  0.0000  0.0000  1.0000  0.0000  0.0000  0.0000  0.0000  0.0000  0.0000  0.0000  0.0000  0.0000  0.0000  0.0000  0.0000  0.0000  0.0000
 0.0000  0.0000  0.0000  0.0000  0.0000  0.0000  0.0000  1.0000  0.0000  0.0000  0.0000  0.0000  0.0000  0.0000  0.0000  0.0000  0.0000  0.0000  0.0000  0.0000  0.0000  0.0000  0.0000  0.0000  0.0000
 0.9529  0.0000  0.2025  0.6198  0.8593  0.9403  0.5427  0.5917  0.5082  0.8320  0.9238  0.2750  0.6064  0.3618  0.6809  0.6581  1.0000  0.7856  0.6534  0.1877  0.0000  0.9833  0.0000  0.0000  0.0000
 0.5028  0.0000  0.0400  0.5241  1.0000  0.0778  0.2513  0.1552  0.1589  0.9842  0.2917  0.1118  0.3204  0.2316  0.5369  0.6870  0.4215  0.3754  0.2357  0.0299  0.0000  0.0975  0.0000  0.0000  0.0000
 0.0102  0.0000  0.0011  0.0060  0.0140  0.0021  0.1371  0.0091  0.0040  0.4727  0.0094  0.0031  0.0713  0.0079  0.0224  1.0000  0.0099  0.0107  0.0053  0.0015  0.0000  0.0046  0.0000  0.0000  0.0000
 0.0000  0.0000  0.0000  0.0000  0.0000  0.0000  0.0000  0.0000  0.0000  1.0000  0.0000  0.0000  0.0000  0.0000  0.0000  0.0000  0.0000  0.0000  0.0000  0.0000  0.0000  0.0000  0.0000  0.0000  0.0000
 0.0020  0.0000  0.0005  0.0003  0.0005  0.0050  0.0005  0.0004  1.0000  0.0007  0.3278  0.0061  0.0005  0.0008  0.0009  0.0007  0.0006  0.0012  0.0082  0.0006  0.0000  0.0008  0.0000  0.0000  0.0000
 0.0000  0.0000  0.0000  0.0000  0.0000  0.0000  0.0000  1.0000  0.0000  0.0000  0.0000  0.0000  0.0000  0.0000  0.0000  0.0000  0.0000  0.0000  0.0000  0.0000  0.0000  0.0000  0.0000  0.0000  0.0000
 0.0000  0.0000  0.0000  0.0000  0.0000  0.0000  0.0000  0.0000  0.0000  0.0000  0.0000  0.0000  0.0000  0.0000  0.0000  1.0000  0.0000  0.0000  0.0000  0.0000  0.0000  0.0000  0.0000  0.0000  0.0000
 0.0000  0.0000  0.0000  1.0000  0.0000  0.0000  0.0000  0.0000  0.0000  0.0000  0.0000  0.0000  0.0000  0.0000  0.0000  0.0000  0.0000  0.0000  0.0000  0.0000  0.0000  0.0000  0.0000  0.0000  0.0000
 0.0010  0.0000  0.0003  0.0002  0.0003  0.0012  0.0004  0.0000  1.0000  0.0004  0.0062  0.0011  0.0002  0.0002  0.0001  0.0003  0.0004  0.0011  0.2001  0.0001  0.0000  0.0005  0.0000  0.0000  0.0000
 0.0000  0.0000  0.0000  0.0000  0.0000  0.0000  0.0000  0.0000  0.0000  1.0000  0.0000  0.0000  0.0000  0.0000  0.0000  0.0000  0.0000  0.0000  0.0000  0.0000  0.0000  0.0000  0.0000  0.0000  0.0000
 1.0000  0.0000  0.0000  0.0000  0.0000  0.0000  0.0000  0.0000  0.0000  0.0000  0.0000  0.0000  0.0000  0.0000  0.0000  0.0000  0.0000  0.0000  0.0000  0.0000  0.0000  0.0000  0.0000  0.0000  0.0000
 0.7545  0.0000  0.0025  0.0021  0.0023  0.0010  1.0000  0.0005  0.0011  0.0025  0.0025  0.0011  0.0018  0.0064  0.0017  0.0018  0.0128  0.0043  0.0041  0.0004  0.0000  0.0008  0.0000  0.0000  0.0000
 0.0000  0.0000  0.0000  0.0000  0.0000  0.0000  0.0000  0.0000  0.0000  0.0000  0.0000  0.0000  1.0000  0.0000  0.0000  0.0000  0.0000  0.0000  0.0000  0.0000  0.0000  0.0000  0.0000  0.0000  0.0000
 0.0010  0.0000  0.0003  0.0002  0.0003  0.0012  0.0004  0.0000  1.0000  0.0004  0.0065  0.0012  0.0002  0.0002  0.0001  0.0003  0.0004  0.0011  0.2368  0.0002  0.0000  0.0006  0.0000  0.0000  0.0000
 0.0000  0.0000  0.0000  0.0000  0.0000  0.0000  0.0000  0.0000  0.0000  0.0000  1.0000  0.0000  0.0000  0.0000  0.0000  0.0000  0.0000  0.0000  0.0000  0.0000  0.0000  0.0000  0.0000  0.0000  0.0000
 0.0011  0.0000  0.0003  0.0001  0.0003  0.0029  0.0002  0.0002  0.0054  0.0004  1.0000  0.0543  0.0003  0.0005  0.0006  0.0004  0.0003  0.0006  0.0030  0.0003  0.0000  0.0004  0.0000  0.0000  0.0000
 0.0808  0.0000  0.0025  0.0733  0.0109  0.0018  0.0848  0.0076  0.0018  0.0110  0.0026  0.0011  1.0000  0.0076  0.0075  0.0058  0.2711  0.1417  0.0031  0.0009  0.0000  0.0040  0.0000  0.0000  0.0000
 0.3501  0.0000  0.0452  0.0595  0.0494  0.0476  0.1090  0.1756  0.0472  0.0605  0.1298  0.0258  0.1078  0.0606  0.0490  0.0464  0.4828  1.0000  0.0707  0.0158  0.0000  0.0650  0.0000  0.0000  0.0000
 0.0363  0.0000  0.0036  0.1560  1.0000  0.0040  0.0425  0.0148  0.0061  0.1156  0.0103  0.0039  0.3206  0.0207  0.0363  0.0188  0.1470  0.1605  0.0102  0.0019  0.0000  0.0073  0.0000  0.0000  0.0000
 0.0000  0.0000  0.0000  0.0000  0.0000  0.0000  1.0000  0.0000  0.0000  0.0000  0.0000  0.0000  0.0000  0.0000  0.0000  0.0000  0.0000  0.0000  0.0000  0.0000  0.0000  0.0000  0.0000  0.0000  0.0000
 0.1269  0.0000  0.0301  0.1497  0.2579  0.1096  0.0782  1.0000  0.1802  0.3275  0.1176  0.0402  0.1513  0.0515  0.8018  0.0926  0.1089  0.1646  0.0938  0.0293  0.0000  0.4705  0.0000  0.0000  0.0000
 1.0000  0.0000  0.0059  0.0043  0.0052  0.0022  0.0747  0.0010  0.0025  0.0056  0.0056  0.0026  0.0037  0.0146  0.0039  0.0040  0.1056  0.0102  0.4966  0.0008  0.0000  0.0017  0.0000  0.0000  0.0000
 0.0000  0.0000  0.0000  0.0000  0.0000  0.0000  0.0000  0.0000  0.0000  1.0000  0.0000  0.0000  0.0000  0.0000  0.0000  0.0000  0.0000  0.0000  0.0000  0.0000  0.0000  0.0000  0.0000  0.0000  0.0000
 0.0000  0.0000  0.0000  0.0000  0.0000  0.0000  0.0000  0.0000  0.0000  0.0000  1.0000  0.0000  0.0000  0.0000  0.0000  0.0000  0.0000  0.0000  0.0000  0.0000  0.0000  0.0000  0.0000  0.0000  0.0000
 1.0000  0.0000  0.0000  0.0000  0.0000  0.0000  0.0000  0.0000  0.0000  0.0000  0.0000  0.0000  0.0000  0.0000  0.0000  0.0000  0.0000  0.0000  0.0000  0.0000  0.0000  0.0000  0.0000  0.0000  0.0000
 0.0000  0.0000  0.0000  1.0000  0.0000  0.0000  0.0000  0.0000  0.0000  0.0000  0.0000  0.0000  0.0000  0.0000  0.0000  0.0000  0.0000  0.0000  0.0000  0.0000  0.0000  0.0000  0.0000  0.0000  0.0000
 0.0000  0.0000  0.0000  0.0000  0.0000  1.0000  0.0000  0.0000  0.0000  0.0000  0.0000  0.0000  0.0000  0.0000  0.0000  0.0000  0.0000  0.0000  0.0000  0.0000  0.0000  0.0000  0.0000  0.0000  0.0000
 0.0000  0.0000  0.0000  0.0000  0.0000  0.0000  1.0000  0.0000  0.0000  0.0000  0.0000  0.0000  0.0000  0.0000  0.0000  0.0000  0.0000  0.0000  0.0000  0.0000  0.0000  0.0000  0.0000  0.0000  0.0000
 0.0000  0.0000  0.0000  0.0000  0.0000  0.0000  0.0000  0.0000  0.0000  0.0000  0.0000  0.0000  0.0000  0.0000  0.0000  0.0000  0.0000  0.0000  1.0000  0.0000  0.0000  0.0000  0.0000  0.0000  0.0000
 1.0000  0.0000  0.0017  0.0014  0.0016  0.0007  0.0096  0.0003  0.0008  0.0017  0.0017  0.0008  0.0012  0.0043  0.0012  0.0012  0.3944  0.0034  0.0029  0.0002  0.0000  0.0005  0.0000  0.0000  0.0000
 0.1039  0.0000  0.0012  0.0010  0.0011  0.0004  1.0000  0.0002  0.0005  0.0012  0.0011  0.0005  0.0009  0.0030  0.0008  0.0008  0.0238  0.0021  0.0019  0.0002  0.0000  0.0004  0.0000  0.0000  0.0000
 0.0000  0.0000  0.0000  0.0000  0.0000  0.0000  0.0000  0.0000  0.0000  0.0000  0.0000  0.0000  0.0000  0.0000  1.0000  0.0000  0.0000  0.0000  0.0000  0.0000  0.0000  0.0000  0.0000  0.0000  0.0000
 0.0000  0.0000  0.0000  0.0000  0.0000  0.0000  0.0000  0.0000  0.0000  0.0000  1.0000  0.0000  0.0000  0.0000  0.0000  0.0000  0.0000  0.0000  0.0000  0.0000  0.0000  0.0000  0.0000  0.0000  0.0000
 0.0046  0.0000  0.0009  0.0019  0.0012  0.0005  0.0015  0.0005  0.0013  0.0018  0.0012  0.0007  0.0035  0.0023  0.0014  0.0011  0.3994  1.0000  0.0021  0.0003  0.0000  0.0005  0.0000  0.0000  0.0000
 0.3358  0.0000  0.0065  1.0000  0.0449  0.0051  0.0858  0.0244  0.0030  0.0344  0.0065  0.0025  0.2386  0.0218  0.0244  0.0172  0.0671  0.0270  0.0061  0.0026  0.0000  0.0126  0.0000  0.0000  0.0000
 0.0063  0.0000  0.0014  0.0018  0.0015  0.0013  0.0020  0.0007  0.0933  0.0019  0.0047  0.0015  0.0028  0.0026  0.0015  0.0014  0.0110  1.0000  0.0075  0.0005  0.0000  0.0009  0.0000  0.0000  0.0000
 0.0060  0.0000  0.0007  0.0018  0.0034  0.0019  0.0050  0.0018  0.0035  0.1015  0.0093  1.0000  0.0025  0.0036  0.0044  0.0095  0.0037  0.0032  0.0034  0.0007  0.0000  0.0012  0.0000  0.0000  0.0000
 1.0000  0.0000  0.0022  0.0029  0.0023  0.0009  0.0084  0.0008  0.0020  0.0030  0.0025  0.0013  0.0043  0.0054  0.0023  0.0020  0.1405  0.3567  0.0043  0.0005  0.0000  0.0009  0.0000  0.0000  0.0000
 0.0018  0.0000  0.0002  0.0007  0.0026  0.0004  0.0016  0.0014  0.0007  1.0000  0.0017  0.0005  0.0017  0.0015  0.0932  0.0091  0.0015  0.0018  0.0009  0.0003  0.0000  0.0007  0.0000  0.0000  0.0000
 0.0021  0.0000  0.0002  0.0004  0.0029  0.0004  0.0016  0.0019  0.0009  0.3144  0.0022  0.0007  0.0021  0.0017  0.0050  1.0000  0.0018  0.0023  0.0012  0.0003  0.0000  0.0010  0.0000  0.0000  0.0000
 0.0019  0.0000  0.0005  0.0072  0.0025  0.0004  0.0056  0.0016  0.0003  0.0026  0.0006  0.0002  1.0000  0.0016  0.0527  0.0016  0.0041  0.0018  0.0004  0.0003  0.0000  0.0009  0.0000  0.0000  0.0000
 0.0000  0.0000  0.0000  0.0000  0.0000  0.0000  0.0000  0.0000  0.0000  0.0000  0.0000  0.0000  0.0000  0.0000  0.0000  0.0000  0.0000  1.0000  0.0000  0.0000  0.0000  0.0000  0.0000  0.0000  0.0000
 0.0157  0.0000  0.0053  0.0024  0.0034  0.5575  0.0045  0.0010  0.0363  0.0022  0.0539  0.0116  0.0016  0.0052  0.0020  0.0020  0.0062  0.0101  1.0000  0.0244  0.0000  0.0964  0.0000  0.0000  0.0000
 0.0013  0.0000  0.0004  0.0003  0.0004  0.0017  0.0005  0.0000  1.0000  0.0005  0.0088  0.0016  0.0003  0.0003  0.0002  0.0004  0.0005  0.0015  0.4737  0.0002  0.0000  0.0008  0.0000  0.0000  0.0000
 0.0000  0.0000  0.0000  0.0000  0.0000  0.0000  1.0000  0.0000  0.0000  0.0000  0.0000  0.0000  0.0000  0.0000  0.0000  0.0000  0.0000  0.0000  0.0000  0.0000  0.0000  0.0000  0.0000  0.0000  0.0000
 0.0000  0.0000  0.0000  0.0000  0.0000  0.0000  0.0000  0.0000  0.0000  0.0000  0.0000  0.0000  0.0000  0.0000  0.0000  0.0000  0.0000  1.0000  0.0000  0.0000  0.0000  0.0000  0.0000  0.0000  0.0000
 0.0000  0.0000  0.0000  0.0000  0.0000  0.0000  0.0000  0.0000  0.0000  0.0000  0.0000  0.0000  0.0000  1.0000  0.0000  0.0000  0.0000  0.0000  0.0000  0.0000  0.0000  0.0000  0.0000  0.0000  0.0000
 0.0000  0.0000  0.0000  0.0000  0.0000  1.0000  0.0000  0.0000  0.0000  0.0000  0.0000  0.0000  0.0000  0.0000  0.0000  0.0000  0.0000  0.0000  0.0000  0.0000  0.0000  0.0000  0.0000  0.0000  0.0000
 0.0000  0.0000  0.0000  0.0000  0.0000  0.0000  0.0000  0.0000  0.0000  0.0000  0.0000  0.0000  0.0000  0.0000  0.0000  0.0000  0.0000  0.0000  0.0000  1.0000  0.0000  0.0000  0.0000  0.0000  0.0000
 0.0000  0.0000  0.0000  0.0000  0.0000  0.0000  0.0000  0.0000  0.0000  0.0000  0.0000  1.0000  0.0000  0.0000  0.0000  0.0000  0.0000  0.0000  0.0000  0.0000  0.0000  0.0000  0.0000  0.0000  0.0000
 1.0000  0.0000  0.0000  0.0000  0.0000  0.0000  0.0000  0.0000  0.0000  0.0000  0.0000  0.0000  0.0000  0.0000  0.0000  0.0000  0.0000  0.0000  0.0000  0.0000  0.0000  0.0000  0.0000  0.0000  0.0000
 0.0000  0.0000  0.0000  0.0000  0.0000  0.0000  0.0000  0.0000  0.0000  0.0000  0.0000  0.0000  0.0000  1.0000  0.0000  0.0000  0.0000  0.0000  0.0000  0.0000  0.0000  0.0000  0.0000  0.0000  0.0000
 0.0031  0.0000  0.0004  0.0051  1.0000  0.0005  0.0111  0.0008  0.0005  0.0023  0.0010  0.0003  0.0016  0.0023  0.0024  0.0012  0.0019  0.0013  0.0008  0.0004  0.0000  0.0005  0.0000  0.0000  0.0000
 0.0021  0.0000  0.0005  0.0002  0.0004  0.0009  0.0002  0.0001  0.0351  0.0004  0.0045  0.0010  0.0002  0.0005  0.0003  0.0003  0.0004  0.0017  1.0000  0.0001  0.0000  0.0004  0.0000  0.0000  0.0000
 0.0000  0.0000  0.0000  0.0000  0.0000  0.0000  0.0000  0.0000  1.0000  0.0000  0.0000  0.0000  0.0000  0.0000  0.0000  0.0000  0.0000  0.0000  0.0000  0.0000  0.0000  0.0000  0.0000  0.0000  0.0000
 0.0063  0.0000  0.0002  0.0138  0.3482  0.0007  0.0029  0.0024  0.0012  0.4121  0.0025  0.0009  0.0035  0.0041  1.0000  0.0096  0.0036  0.0037  0.0019  0.0004  0.0000  0.0012  0.0000  0.0000  0.0000
 0.0440  0.0000  0.0001  0.0153  1.0000  0.0005  0.0023  0.0014  0.0007  0.0058  0.0013  0.0005  0.0023  0.0035  0.4720  0.0017  0.0030  0.0025  0.0014  0.0002  0.0000  0.0007  0.0000  0.0000  0.0000
 0.2687  0.0000  0.0252  0.0145  0.0215  0.0155  0.0355  0.0060  1.0000  0.0241  0.0830  0.0248  0.0551  0.0379  0.0175  0.0151  0.4085  0.1305  0.2897  0.0035  0.0000  0.0077  0.0000  0.0000  0.0000
 0.0000  0.0000  0.0000  0.0000  0.0000  0.0000  1.0000  0.0000  0.0000  0.0000  0.0000  0.0000  0.0000  0.0000  0.0000  0.0000  0.0000  0.0000  0.0000  0.0000  0.0000  0.0000  0.0000  0.0000  0.0000
 0.0018  0.0000  0.0019  0.0032  0.0017  0.0012  0.0057  0.0202  0.0011  0.0015  0.0018  0.0005  0.0026  0.0023  0.0013  0.0020  0.0016  0.0016  0.0014  0.0010  0.0000  1.0000  0.0000  0.0000  0.0000
 0.0031  0.0000  0.0008  1.0000  0.0048  0.0006  0.0109  0.0033  0.0003  0.0043  0.0007  0.0003  0.4102  0.0026  0.0029  0.0022  0.0082  0.0032  0.0006  0.0004  0.0000  0.0017  0.0000  0.0000  0.0000
 0.3452  0.0000  1.0000  0.1459  0.1837  0.5061  0.2262  0.6002  0.2629  0.1981  0.4334  0.1470  0.2163  0.1395  0.1969  0.2329  0.2872  0.3922  0.3368  0.1219  0.0000  0.9424  0.0000  0.0000  0.0000
 0.3709  0.0000  0.0679  0.0189  0.0593  0.0478  0.0229  0.0181  0.3679  0.3201  0.3265  0.0850  0.0303  0.0802  0.0523  0.0621  0.0674  0.2378  1.0000  0.0083  0.0000  0.0154  0.0000  0.0000  0.0000
 1.0000  0.0000  0.0000  0.0000  0.0000  0.0000  0.0000  0.0000  0.0000  0.0000  0.0000  0.0000  0.0000  0.0000  0.0000  0.0000  0.0000  0.0000  0.0000  0.0000  0.0000  0.0000  0.0000  0.0000  0.0000
 0.0000  0.0000  0.0000  1.0000  0.0000  0.0000  0.0000  0.0000  0.0000  0.0000  0.0000  0.0000  0.0000  0.0000  0.0000  0.0000  0.0000  0.0000  0.0000  0.0000  0.0000  0.0000  0.0000  0.0000  0.0000
 0.0000  0.0000  0.0000  0.0000  0.0000  0.0000  0.0000  0.0000  1.0000  0.0000  0.0000  0.0000  0.0000  0.0000  0.0000  0.0000  0.0000  0.0000  0.0000  0.0000  0.0000  0.0000  0.0000  0.0000  0.0000
 0.0000  0.0000  0.0000  0.0000  0.0000  0.0000  0.0000  0.0000  0.0000  0.0000  0.0000  0.0000  0.0000  0.0000  0.0000  0.0000  0.0000  0.0000  0.0000  1.0000  0.0000  0.0000  0.0000  0.0000  0.0000
 0.0000  0.0000  0.0000  0.0000  0.0000  0.0000  0.0000  0.0000  0.0000  0.0000  0.0000  0.0000  0.0000  0.0000  0.0000  0.0000  1.0000  0.0000  0.0000  0.0000  0.0000  0.0000  0.0000  0.0000  0.0000
 0.0011  0.0000  0.0004  0.0002  0.0003  0.0103  0.0004  0.0002  0.0039  0.0003  1.0000  0.0025  0.0002  0.0005  0.0004  0.0003  0.0005  0.0006  0.0025  0.0021  0.0000  0.0586  0.0000  0.0000  0.0000
 0.0000  0.0000  0.0000  0.0000  0.0000  0.0000  1.0000  0.0000  0.0000  0.0000  0.0000  0.0000  0.0000  0.0000  0.0000  0.0000  0.0000  0.0000  0.0000  0.0000  0.0000  0.0000  0.0000  0.0000  0.0000
 0.0000  0.0000  0.0000  0.0000  0.0000  0.0000  0.0000  0.0000  1.0000  0.0000  0.0000  0.0000  0.0000  0.0000  0.0000  0.0000  0.0000  0.0000  0.0000  0.0000  0.0000  0.0000  0.0000  0.0000  0.0000
 0.0029  0.0000  0.0005  0.0011  0.0007  0.0003  0.0011  0.0003  0.0007  0.0010  0.0007  0.0004  0.0019  0.0013  0.0008  0.0007  0.0206  1.0000  0.0012  0.0002  0.0000  0.0003  0.0000  0.0000  0.0000
 1.0000  0.0000  0.0581  0.0012  0.0014  0.0006  0.0191  0.0003  0.0007  0.0015  0.0015  0.0007  0.0010  0.0040  0.0011  0.0011  0.1111  0.0028  0.0026  0.0002  0.0000  0.0005  0.0000  0.0000  0.0000
 0.0032  0.0000  0.0008  0.0004  0.0008  0.0084  0.0006  0.0006  1.0000  0.0011  0.5608  0.0522  0.0008  0.0013  0.0016  0.0011  0.0009  0.0019  0.0102  0.0010  0.0000  0.0011  0.0000  0.0000  0.0000
 0.0000  0.0000  0.0000  0.0000  1.0000  0.0000  0.0000  0.0000  0.0000  0.0000  0.0000  0.0000  0.0000  0.0000  0.0000  0.0000  0.0000  0.0000  0.0000  0.0000  0.0000  0.0000  0.0000  0.0000  0.0000
 0.0018  0.0000  0.0005  0.0002  0.0005  0.0048  0.0004  0.0004  0.0455  0.0006  0.3400  1.0000  0.0004  0.0007  0.0009  0.0006  0.0005  0.0010  0.0049  0.0006  0.0000  0.0006  0.0000  0.0000  0.0000
 1.0000  0.0000  0.0020  0.0006  0.0016  0.0012  0.0014  0.0004  0.0696  0.0016  0.0074  0.0022  0.0008  0.0025  0.0012  0.0009  0.0025  0.0068  0.0506  0.0002  0.0000  0.0004  0.0000  0.0000  0.0000
 0.0178  0.0000  0.0007  0.0364  1.0000  0.0018  0.0086  0.0057  0.0033  0.0695  0.0064  0.0271  0.2437  0.0104  0.0761  0.0195  0.0125  0.0569  0.0054  0.0010  0.0000  0.0028  0.0000  0.0000  0.0000
 0.0096  0.0000  0.0010  0.0019  0.0012  0.0004  1.0000  0.0005  0.0005  0.0013  0.0010  0.0004  0.0019  0.0027  0.0009  0.0009  0.0564  0.0019  0.0016  0.0002  0.0000  0.0004  0.0000  0.0000  0.0000
 0.0059  0.0000  0.0005  0.0023  0.4389  0.0012  0.0040  0.0050  0.0024  1.0000  0.0056  0.0019  0.0055  0.0046  0.0999  0.1877  0.0047  0.0060  0.0032  0.0009  0.0000  0.0025  0.0000  0.0000  0.0000
 0.0000  0.0000  0.0000  0.0000  0.0000  0.0000  0.0000  0.0000  0.0000  0.0000  0.0000  0.0000  0.0000  1.0000  0.0000  0.0000  0.0000  0.0000  0.0000  0.0000  0.0000  0.0000  0.0000  0.0000  0.0000
 0.0000  0.0000  0.0000  0.0000  0.0000  0.0000  0.0000  0.0000  0.0000  0.0000  0.0000  0.0000  0.0000  1.0000  0.0000  0.0000  0.0000  0.0000  0.0000  0.0000  0.0000  0.0000  0.0000  0.0000  0.0000
 0.0036  0.0000  0.0011  0.0019  0.0020  0.0055  0.0028  0.1357  0.0076  0.0036  0.1033  0.0049  0.0025  0.0019  0.0024  0.0034  0.0024  0.0026  0.0053  0.0011  0.0000  1.0000  0.0000  0.0000  0.0000
 1.0000  0.0000  0.0072  0.0055  0.0064  0.0850  0.3824  0.0012  0.0031  0.0069  0.0069  0.0032  0.0048  0.0179  0.0048  0.0050  0.3670  0.0125  0.0117  0.0010  0.0000  0.0021  0.0000  0.0000  0.0000
 0.0026  0.0000  0.0005  1.0000  0.0837  0.0005  0.0072  0.0022  0.0003  0.0034  0.0006  0.0002  0.0719  0.0020  0.0027  0.0016  0.1074  0.0024  0.0005  0.0002  0.0000  0.0011  0.0000  0.0000  0.0000
 0.0027  0.0000  0.0006  0.0003  0.0005  0.0012  0.0003  0.0001  1.0000  0.0006  0.0068  0.0014  0.0003  0.0006  0.0003  0.0004  0.0006  0.0649  0.1049  0.0002  0.0000  0.0005  0.0000  0.0000  0.0000
 0.0000  0.0000  0.0000  0.0000  0.0000  0.0000  0.0000  1.0000  0.0000  0.0000  0.0000  0.0000  0.0000  0.0000  0.0000  0.0000  0.0000  0.0000  0.0000  0.0000  0.0000  0.0000  0.0000  0.0000  0.0000
 0.0000  0.0000  0.0000  0.0000  0.0000  0.0000  0.0000  0.0000  0.0000  0.0000  0.0000  0.0000  0.0000  1.0000  0.0000  0.0000  0.0000  0.0000  0.0000  0.0000  0.0000  0.0000  0.0000  0.0000  0.0000
 0.0000  0.0000  0.0000  0.0000  0.0000  0.0000  0.0000  0.0000  0.0000  0.0000  0.0000  1.0000  0.0000  0.0000  0.0000  0.0000  0.0000  0.0000  0.0000  0.0000  0.0000  0.0000  0.0000  0.0000  0.0000
 0.0026  0.0000  0.0002  0.0005  0.0036  0.0005  0.0020  0.0023  0.0011  0.4723  0.0026  0.0009  0.0025  0.0021  0.0060  1.0000  0.0021  0.0027  0.0015  0.0004  0.0000  0.0012  0.0000  0.0000  0.0000
 1.0000  0.0000  0.0062  0.0029  0.0051  0.0031  0.0158  0.0011  0.0186  0.0052  0.0149  0.0049  0.0030  0.0106  0.0038  0.0034  0.0167  0.0167  0.5896  0.0008  0.0000  0.0015  0.0000  0.0000  0.0000
 0.0026  0.0000  0.0007  0.0003  0.0007  0.0067  0.0006  0.0005  1.0000  0.0009  0.4919  0.0082  0.0006  0.0011  0.0013  0.0009  0.0008  0.0016  0.0102  0.0008  0.0000  0.0010  0.0000  0.0000  0.0000
 0.0000  0.0000  0.0000  0.0000  0.0000  1.0000  0.0000  0.0000  0.0000  0.0000  0.0000  0.0000  0.0000  0.0000  0.0000  0.0000  0.0000  0.0000  0.0000  0.0000  0.0000  0.0000  0.0000  0.0000  0.0000
 0.0022  0.0000  0.0006  0.0003  0.0006  0.0059  0.0005  0.0004  0.0111  0.0008  0.4517  1.0000  0.0005  0.0009  0.0412  0.0008  0.0006  0.0013  0.0061  0.0007  0.0000  0.0007  0.0000  0.0000  0.0000
 0.0000  0.0000  0.0000  0.0000  0.0000  0.0000  0.0000  0.0000  1.0000  0.0000  0.0000  0.0000  0.0000  0.0000  0.0000  0.0000  0.0000  0.0000  0.0000  0.0000  0.0000  0.0000  0.0000  0.0000  0.0000
 0.0000  0.0000  0.0000  0.0000  0.0000  0.0000  0.0000  0.0000  0.0000  0.0000  0.0000  0.0000  0.0000  1.0000  0.0000  0.0000  0.0000  0.0000  0.0000  0.0000  0.0000  0.0000  0.0000  0.0000  0.0000
 0.0544  0.0000  0.0107  0.0384  0.0291  0.0068  0.0294  0.0154  0.0170  0.5673  0.0205  0.0095  0.1386  0.0311  0.2058  0.0558  0.2081  1.0000  0.0261  0.0045  0.0000  0.0103  0.0000  0.0000  0.0000
 0.1105  0.0000  0.0059  0.0356  0.1970  0.0117  0.0500  0.0502  0.0233  1.0000  0.0544  0.0181  0.9975  0.0459  0.1312  0.3976  0.0548  0.0619  0.0315  0.0086  0.0000  0.0252  0.0000  0.0000  0.0000
 0.0448  0.0000  0.0009  0.0086  0.0034  0.0005  0.0083  0.0222  0.0005  0.0035  0.0010  0.0004  0.0474  1.0000  0.0022  0.0021  0.0071  0.0032  0.0012  0.0003  0.0000  0.0011  0.0000  0.0000  0.0000
 0.1024  0.0000  0.0012  0.0011  0.0012  0.0005  0.0069  0.0003  0.0006  0.0013  0.0013  0.0006  0.0009  1.0000  0.0009  0.0010  0.0060  0.0022  0.0021  0.0002  0.0000  0.0004  0.0000  0.0000  0.0000
 0.0000  0.0000  0.0000  0.0000  0.0000  0.0000  0.0000  0.0000  0.0000  0.0000  0.0000  0.0000  0.0000  1.0000  0.0000  0.0000  0.0000  0.0000  0.0000  0.0000  0.0000  0.0000  0.0000  0.0000  0.0000
 0.0500  0.0000  0.0096  0.0198  0.0214  0.0060  0.0173  0.0114  0.0165  0.1370  0.0193  0.0089  0.0402  0.0273  0.0300  0.2864  0.4471  1.0000  0.0835  0.0040  0.0000  0.0082  0.0000  0.0000  0.0000
 0.0050  0.0000  0.0016  0.0007  0.0013  1.0000  0.0011  0.0008  0.0219  0.0014  0.7614  0.0141  0.0010  0.0021  0.0020  0.0014  0.0019  0.0029  0.0128  0.0064  0.0000  0.0224  0.0000  0.0000  0.0000
 0.0089  0.0000  0.0008  0.0026  0.3126  0.0018  0.0062  0.0076  0.0037  0.2388  0.0087  0.0029  0.0084  0.0069  0.3543  1.0000  0.0072  0.1001  0.0049  0.0013  0.0000  0.0038  0.0000  0.0000  0.0000
 0.2288  0.0000  0.0318  0.8916  0.9565  0.0326  1.0000  0.1477  0.0348  0.8847  0.0670  0.0242  0.7823  0.1483  0.2398  0.2251  0.3879  0.1912  0.0567  0.0163  0.0000  0.0727  0.0000  0.0000  0.0000
 0.0167  0.0000  0.0024  0.1243  0.0746  0.0020  0.0191  0.0064  0.0034  0.0162  0.0267  0.0020  0.1203  1.0000  0.0130  0.0080  0.0780  0.0756  0.0055  0.0010  0.0000  0.0035  0.0000  0.0000  0.0000
 0.0707  0.0000  0.0002  0.6568  1.0000  0.0013  0.0054  0.0034  0.0017  0.0139  0.0031  0.0013  0.0061  0.0084  0.0182  0.0037  0.0072  0.0061  0.0032  0.0006  0.0000  0.0017  0.0000  0.0000  0.0000
 0.7540  0.0000  0.0549  0.6227  1.0000  0.0578  0.3801  0.1276  0.1907  0.9291  0.3133  0.1074  0.4972  0.2739  0.5873  0.5285  0.7304  0.5718  0.2883  0.0193  0.0000  0.0497  0.0000  0.0000  0.0000
 0.0015  0.0000  0.0007  0.0002  0.0004  0.3615  0.0002  0.0000  0.0032  0.0000  0.0077  0.0015  0.0000  0.0006  0.0000  0.0000  0.0010  0.0009  0.0029  1.0000  0.0000  0.2195  0.0000  0.0000  0.0000
 0.0035  0.0000  0.0006  0.0013  0.0008  0.0003  0.0013  0.0004  0.0009  0.0012  0.0008  0.0004  0.0023  0.0016  0.0009  0.0008  1.0000  0.1115  0.0014  0.0002  0.0000  0.0004  0.0000  0.0000  0.0000
 0.5222  0.0000  0.0369  0.7198  0.7453  0.0344  0.2628  0.0838  0.1292  1.0000  0.2447  0.0731  0.3781  0.3216  0.4394  0.3872  0.6964  0.5761  0.2053  0.0118  0.0000  0.0261  0.0000  0.0000  0.0000
 0.5402  0.0000  0.0232  0.4644  1.0000  0.0221  0.2025  0.0528  0.1071  0.4010  0.1477  0.0666  0.3577  0.1695  0.2544  0.2263  0.4130  0.2475  0.1233  0.0076  0.0000  0.0172  0.0000  0.0000  0.0000
 0.0000  0.0000  0.0000  0.0000  0.0000  1.0000  0.0000  0.0000  0.0000  0.0000  0.0000  0.0000  0.0000  0.0000  0.0000  0.0000  0.0000  0.0000  0.0000  0.0000  0.0000  0.0000  0.0000  0.0000  0.0000
 0.6231  0.0000  0.0541  0.4723  0.7872  0.0733  0.3152  0.1416  0.2345  1.0000  0.2879  0.1090  0.4362  0.2433  0.5258  0.6058  0.6432  0.5995  0.2830  0.0264  0.0000  0.0844  0.0000  0.0000  0.0000
 0.0020  0.0000  0.0005  1.0000  0.0173  0.0004  0.0344  0.0021  0.0002  0.0028  0.0004  0.0002  0.0893  0.0016  0.0020  0.0014  0.0053  0.0021  0.0003  0.0002  0.0000  0.0011  0.0000  0.0000  0.0000
 0.0007  0.0000  0.0003  0.0001  0.0002  1.0000  0.0002  0.0001  0.0021  0.0001  0.0308  0.0012  0.0001  0.0003  0.0001  0.0001  0.0004  0.0004  0.0016  0.0024  0.0000  0.0097  0.0000  0.0000  0.0000
 0.0021  0.0000  0.0352  0.0003  0.0005  0.0019  0.0006  0.0001  0.3470  0.0007  0.0787  0.0019  0.0004  0.0004  0.0003  0.0005  0.0007  0.0021  1.0000  0.0002  0.0000  0.0009  0.0000  0.0000  0.0000
 0.6821  0.0000  0.0212  0.2965  0.8539  0.0198  0.2582  0.0482  0.0743  0.8984  0.1199  0.0420  0.2632  0.1090  0.2968  0.3453  1.0000  0.2607  0.1133  0.0068  0.0000  0.0150  0.0000  0.0000  0.0000
 0.1733  0.0000  0.0242  0.0520  0.2205  0.0408  0.1117  0.1252  0.0731  1.0000  0.2376  0.0516  0.1472  0.1147  0.4070  0.7781  0.1572  0.1711  0.1048  0.0235  0.0000  0.0744  0.0000  0.0000  0.0000
 0.0050  0.0000  1.0000  0.0008  0.0008  0.0077  0.0027  0.0003  0.0027  0.0006  0.0045  0.0011  0.0006  0.0014  0.0006  0.0007  0.0022  0.0020  0.0304  0.0304  0.0000  0.0064  0.0000  0.0000  0.0000
 0.0011  0.0000  0.0003  0.0001  0.0003  0.0291  0.0002  0.0002  0.0051  0.0003  1.0000  0.0034  0.0003  0.0005  0.0005  0.0003  0.0003  0.0006  0.0029  0.0006  0.0000  0.0016  0.0000  0.0000  0.0000
 0.1117  0.0000  0.0118  0.0318  0.1466  0.0268  0.1169  0.0856  0.2255  0.7061  0.1056  0.0345  0.0995  0.0775  0.3576  0.7297  0.0973  0.2969  1.0000  0.0160  0.0000  0.0499  0.0000  0.0000  0.0000
 0.0024  0.0000  0.0002  0.0005  0.0367  0.0005  0.0017  0.0021  0.0010  1.0000  0.0024  0.0008  0.0023  0.0019  0.0057  0.3389  0.0020  0.0026  0.0014  0.0004  0.0000  0.0011  0.0000  0.0000  0.0000
 0.1256  0.0000  0.0056  1.0000  0.2831  0.0057  0.0470  0.0157  0.0177  0.4090  0.0289  0.0103  0.8832  0.0311  0.0642  0.0504  0.4835  0.0581  0.0975  0.0022  0.0000  0.0059  0.0000  0.0000  0.0000
 0.0106  0.0000  0.0308  0.0022  0.0016  0.0013  0.0083  0.0009  0.0012  0.0012  0.0021  0.0008  0.0016  1.0000  0.0012  0.0016  0.0053  0.0027  0.0027  0.0008  0.0000  0.0014  0.0000  0.0000  0.0000
 0.0175  0.0000  0.0005  0.3396  1.0000  0.0016  0.0496  0.0047  0.0026  0.1864  0.0048  0.0019  0.0094  0.0102  0.0635  0.2387  0.0105  0.0089  0.0046  0.0008  0.0000  0.0023  0.0000  0.0000  0.0000
 0.0372  0.0000  0.0009  0.2613  1.0000  0.0034  0.0160  0.0094  0.0053  0.0432  0.1494  0.0038  0.0425  0.0216  0.5500  0.2159  0.0221  0.0186  0.0095  0.0016  0.0000  0.0046  0.0000  0.0000  0.0000
 0.0000  0.0000  0.0000  0.0000  0.0000  0.0000  0.0000  0.0000  0.0000  0.0000  0.0000  0.0000  0.0000  0.0000  0.0000  1.0000  0.0000  0.0000  0.0000  0.0000  0.0000  0.0000  0.0000  0.0000  0.0000
 1.0000  0.0000  0.0083  0.0066  0.0084  0.0032  0.0460  0.0018  0.0042  0.1556  0.0086  0.0606  0.0060  0.9378  0.0066  0.0081  0.0987  0.0171  0.0146  0.0012  0.0000  0.0026  0.0000  0.0000  0.0000
 0.0258  0.0000  0.0012  0.0023  0.0015  0.0006  0.0023  0.0006  0.0016  0.0022  0.0016  0.0008  0.0041  0.0030  0.0017  0.0014  0.5547  1.0000  0.0027  0.0004  0.0000  0.0007  0.0000  0.0000  0.0000
 1.0000  0.0000  0.0011  0.0012  0.0014  0.0005  0.0062  0.0003  0.0006  0.0014  0.0012  0.0005  0.0009  0.0029  0.0260  0.0010  0.0055  0.0020  0.0020  0.0002  0.0000  0.0004  0.0000  0.0000  0.0000
 0.2919  0.0000  0.0248  0.1979  0.4645  0.0384  0.1597  0.1613  0.0972  1.0000  0.2117  0.0551  0.2103  0.1326  0.3220  0.6099  0.3438  0.8125  0.1271  0.0177  0.0000  0.0544  0.0000  0.0000  0.0000
 0.1216  0.0000  0.0005  0.2805  1.0000  0.0360  0.0083  0.0521  0.0030  0.0224  0.0054  0.0021  0.0095  0.0123  0.5405  0.0873  0.0119  0.0101  0.0054  0.0009  0.0000  0.0028  0.0000  0.0000  0.0000
 0.0000  0.0000  0.0000  0.0000  0.0000  0.0000  0.0000  0.0000  0.0000  0.0000  1.0000  0.0000  0.0000  0.0000  0.0000  0.0000  0.0000  0.0000  0.0000  0.0000  0.0000  0.0000  0.0000  0.0000  0.0000
 0.0015  0.0000  0.0447  0.0002  0.0004  0.0312  0.0003  0.0003  0.0073  0.0005  1.0000  0.0048  0.0004  0.0006  0.0007  0.0005  0.0005  0.0009  0.0041  0.0008  0.0000  0.0017  0.0000  0.0000  0.0000
 0.1082  0.0000  0.0031  0.0345  0.5847  0.0033  0.0225  0.0092  0.0113  0.5155  0.0516  0.0067  0.0294  0.0171  1.0000  0.4016  0.0777  0.1023  0.0170  0.0014  0.0000  0.0034  0.0000  0.0000  0.0000
 0.0000  0.0000  0.0000  0.0000  0.0000  0.0000  0.0000  1.0000  0.0000  0.0000  0.0000  0.0000  0.0000  0.0000  0.0000  0.0000  0.0000  0.0000  0.0000  0.0000  0.0000  0.0000  0.0000  0.0000  0.0000
 0.0352  0.0000  0.0036  0.0303  0.3499  0.0029  0.0168  0.0063  0.0090  0.2302  0.0131  0.0050  0.0695  1.0000  0.0258  0.0237  0.1347  0.1294  0.0626  0.0013  0.0000  0.0030  0.0000  0.0000  0.0000
 0.0000  0.0000  0.0000  0.0000  0.0000  1.0000  0.0000  0.0000  0.0000  0.0000  0.0000  0.0000  0.0000  0.0000  0.0000  0.0000  0.0000  0.0000  0.0000  0.0000  0.0000  0.0000  0.0000  0.0000  0.0000
 0.0010  0.0000  0.0004  0.0003  0.0003  0.0016  0.0005  0.0000  1.0000  0.0005  0.0557  0.0016  0.0003  0.0002  0.0002  0.0004  0.0005  0.0013  0.3617  0.0002  0.0000  0.0008  0.0000  0.0000  0.0000
 0.0454  0.0000  0.0035  0.0319  0.1013  0.0045  0.1381  0.0136  0.0662  1.0000  0.0233  0.0080  0.0322  0.0200  0.0483  0.7537  0.0912  0.1343  0.0548  0.0022  0.0000  0.0061  0.0000  0.0000  0.0000
 0.2895  0.0000  0.0142  0.1607  0.2521  0.0149  0.1405  0.0753  0.0484  0.4147  0.0806  0.0281  1.0000  0.0731  0.1815  0.5659  0.5399  0.2270  0.0731  0.0058  0.0000  0.0151  0.0000  0.0000  0.0000
 1.0000  0.0000  0.0010  0.0008  0.0009  0.0004  0.0056  0.0002  0.0005  0.0010  0.0010  0.0005  0.0007  0.0025  0.0007  0.0007  0.0303  0.0018  0.0017  0.0001  0.0000  0.0003  0.0000  0.0000  0.0000
 0.0528  0.0000  0.0051  0.0070  0.0092  0.0025  0.1285  0.0038  0.0033  1.0000  0.0074  0.0337  0.0089  0.0645  0.0101  0.0196  0.0608  0.0129  0.0094  0.0011  0.0000  0.0029  0.0000  0.0000  0.0000
 0.1397  0.0000  0.0135  0.0443  0.1900  0.0287  0.2381  0.1892  0.0557  1.0000  0.1366  0.0417  0.1281  0.3307  0.2971  0.7248  0.1563  0.1404  0.0751  0.0190  0.0000  0.0568  0.0000  0.0000  0.0000
 0.6847  0.0000  0.1671  0.3763  0.5767  0.2669  0.3085  0.2783  0.2972  0.5545  0.4105  0.1443  0.3843  0.2780  0.3884  0.4742  0.7705  1.0000  0.6787  0.0749  0.0000  0.3567  0.0000  0.0000  0.0000
 0.1057  0.0000  0.0039  0.1209  0.1839  0.0051  0.0278  0.0585  0.0063  0.0241  0.0093  0.0036  0.0955  0.0124  0.0171  0.0137  1.0000  0.4944  0.0095  0.0020  0.0000  0.0532  0.0000  0.0000  0.0000
 0.1652  0.0000  0.0099  0.0041  0.0080  0.0191  0.0053  0.0022  1.0000  0.0094  0.1740  0.0210  0.0055  0.0088  0.0053  0.0066  0.0095  0.0728  0.4197  0.0026  0.0000  0.3559  0.0000  0.0000  0.0000
 0.0010  0.0000  0.0003  0.0001  0.0003  0.0028  0.0002  0.0002  0.0051  0.0003  1.0000  0.0249  0.0003  0.0004  0.0005  0.0003  0.0003  0.0006  0.0028  0.0003  0.0000  0.0004  0.0000  0.0000  0.0000
 0.1319  0.0000  0.0123  0.0583  0.1720  0.0203  0.0794  0.0746  0.0472  0.8776  0.1481  0.0330  0.1093  0.0793  0.5214  1.0000  0.2813  0.5795  0.1577  0.0133  0.0000  0.0375  0.0000  0.0000  0.0000
 0.2736  0.0000  0.0150  0.5430  1.0000  0.0145  0.1540  0.0825  0.0525  0.2613  0.1234  0.0297  0.2042  0.2858  0.3064  0.1467  0.2058  0.3013  0.0801  0.0050  0.0000  0.0114  0.0000  0.0000  0.0000
 0.0020  0.0000  0.0005  0.0002  0.0005  0.0053  0.0004  0.0004  0.0099  0.0007  1.0000  0.4696  0.0005  0.0008  0.0010  0.0007  0.0006  0.0011  0.0054  0.0006  0.0000  0.0007  0.0000  0.0000  0.0000
 0.0011  0.0000  0.0003  0.0002  0.0003  0.0019  0.0004  0.0001  1.0000  0.0004  0.1512  0.0020  0.0003  0.0003  0.0003  0.0004  0.0004  0.0010  0.0472  0.0002  0.0000  0.0006  0.0000  0.0000  0.0000
 0.3777  0.0000  0.0171  0.3403  1.0000  0.0159  0.1216  0.0388  0.0598  0.3447  0.1348  0.0338  0.4256  0.0878  0.4053  0.1678  0.3246  0.3791  0.1162  0.0055  0.0000  0.0121  0.0000  0.0000  0.0000
 0.0391  0.0000  0.0003  0.2443  1.0000  0.0017  0.0073  0.0045  0.0022  0.0188  0.0041  0.0017  0.0083  0.0111  0.0240  0.5199  0.0095  0.0081  0.0042  0.0008  0.0000  0.0023  0.0000  0.0000  0.0000
 1.0000  0.0000  0.1298  0.1861  0.2675  0.5032  0.2924  0.5059  0.2943  0.3971  0.4878  0.1816  0.2580  0.1695  0.2659  0.4250  0.4225  0.4063  0.3786  0.1335  0.0000  0.8523  0.0000  0.0000  0.0000
 0.7251  0.0000  0.0658  0.5927  1.0000  0.0582  0.3680  0.1323  0.1847  0.9477  0.3011  0.1612  0.4832  0.2674  0.6274  0.5652  0.7055  0.5601  0.2796  0.0201  0.0000  0.0533  0.0000  0.0000  0.0000
 0.2232  0.0000  0.0042  0.6729  1.0000  0.0129  0.0627  0.0342  0.0223  0.1616  0.0396  0.0155  0.0742  0.0833  0.2327  0.3519  0.1240  0.0772  0.0397  0.0058  0.0000  0.0163  0.0000  0.0000  0.0000
 0.4758  0.0000  0.1050  0.0686  0.1346  0.2217  0.0840  0.1408  0.8777  0.1571  0.5334  0.1763  0.1002  0.1182  0.1598  0.1245  0.1467  0.3189  1.0000  0.3611  0.0000  0.2476  0.0000  0.0000  0.0000
 0.6511  0.0000  0.0609  0.5186  0.6334  0.1740  0.2773  0.2005  0.2454  1.0000  0.3610  0.0988  0.3404  0.1945  0.4972  0.6591  0.5445  0.4004  0.3072  0.0411  0.0000  0.1906  0.0000  0.0000  0.0000
 0.8313  0.0000  0.0534  0.6054  1.0000  0.0595  0.3768  0.1237  0.1981  0.8779  0.3763  0.1033  0.4749  0.2615  0.5585  0.4985  0.7031  0.5526  0.2845  0.0195  0.0000  0.0536  0.0000  0.0000  0.0000
 0.4737  0.0000  0.0277  0.3255  0.5890  0.0260  0.2872  0.0631  0.1283  1.0000  0.1568  0.0550  0.4887  0.1425  0.4090  0.2725  0.4514  0.5537  0.2224  0.0089  0.0000  0.0198  0.0000  0.0000  0.0000
 0.0874  0.0000  0.0054  0.0373  0.1355  0.0112  0.0301  0.3878  0.0176  0.2831  0.0315  0.0108  0.0842  0.0609  0.4342  1.0000  0.1166  0.0441  0.0251  0.0041  0.0000  0.0814  0.0000  0.0000  0.0000
 0.7628  0.0000  0.0544  0.6224  1.0000  0.0569  0.4352  0.1482  0.1880  0.9420  0.3145  0.1063  0.4890  0.2802  0.6520  0.5366  0.7381  0.5851  0.2989  0.0189  0.0000  0.0531  0.0000  0.0000  0.0000
 0.6309  0.0000  0.0371  0.4477  1.0000  0.0365  0.2936  0.0848  0.1292  0.6368  0.2085  0.0731  0.4962  0.2191  0.5292  0.4608  0.5706  0.3933  0.2626  0.0124  0.0000  0.0679  0.0000  0.0000  0.0000
 0.6312  0.0000  0.0335  0.5435  1.0000  0.0312  0.2723  0.0762  0.1174  0.6548  0.2355  0.0664  0.4385  0.2205  0.4566  0.6082  0.7033  0.3599  0.1790  0.0108  0.0000  0.0237  0.0000  0.0000  0.0000
 0.3760  0.0000  0.0221  0.4117  0.5268  0.0769  0.2134  0.0502  0.0774  0.5401  0.1803  0.0939  0.3588  0.1134  1.0000  0.3102  0.3993  0.2639  0.1179  0.0071  0.0000  0.0158  0.0000  0.0000  0.0000
 0.7243  0.0000  0.0359  0.4938  0.8596  0.0338  0.3625  0.1420  0.1255  0.6234  0.2026  0.0710  0.5529  0.1841  1.0000  0.4989  0.7752  0.3845  0.2229  0.0116  0.0000  0.0260  0.0000  0.0000  0.0000
 0.5353  0.0000  0.0328  0.6240  0.9029  0.0480  0.2592  0.0747  0.1150  0.6923  0.1856  0.0651  0.3334  0.2225  0.4094  1.0000  0.4793  0.3525  0.2831  0.0106  0.0000  0.0234  0.0000  0.0000  0.0000
 0.5093  0.0000  0.0674  0.4404  1.0000  0.0309  0.2575  0.0735  0.1127  0.6649  0.2193  0.0637  0.3957  0.1647  0.4365  0.3149  0.5753  0.3887  0.2030  0.0106  0.0000  0.0603  0.0000  0.0000  0.0000
 0.5201  0.0000  0.1751  0.2257  0.3030  0.6971  0.3358  0.5397  0.3924  0.3066  0.6694  0.2200  0.3143  0.2091  0.3025  0.3525  0.4162  0.3984  0.5280  0.1868  0.0000  1.0000  0.0000  0.0000  0.0000
 0.7358  0.0000  0.0585  0.6856  1.0000  0.1219  0.3343  0.1762  0.1764  0.6758  0.2867  0.0998  0.4173  0.2174  0.6860  0.4012  0.5544  0.4702  0.2717  0.0350  0.0000  0.2438  0.0000  0.0000  0.0000
 0.6803  0.0000  0.0488  0.6850  1.0000  0.0350  0.3005  0.0850  0.1309  0.6506  0.2652  0.0741  0.3904  0.2724  0.4357  0.3671  0.5599  0.4492  0.1996  0.0120  0.0000  0.0267  0.0000  0.0000  0.0000
 0.2048  0.0000  0.0145  0.9366  1.0000  0.0135  0.3073  0.0689  0.0507  0.4102  0.0818  0.0287  0.2728  0.1724  0.4741  0.1964  0.2688  0.1971  0.1811  0.0046  0.0000  0.0102  0.0000  0.0000  0.0000
 0.3591  0.0000  0.0219  0.4022  1.0000  0.0206  0.1668  0.0498  0.1444  0.3801  0.1235  0.0433  0.2024  0.1925  0.2410  0.2880  0.4661  0.2910  0.1783  0.0071  0.0000  0.0158  0.0000  0.0000  0.0000
 0.6213  0.0000  0.0423  0.5268  1.0000  0.0396  0.3266  0.0961  0.1480  0.7397  0.3034  0.0924  0.4457  0.2528  0.4657  0.4147  0.6111  0.4633  0.2403  0.0136  0.0000  0.0303  0.0000  0.0000  0.0000
 0.4533  0.0000  0.0158  0.4088  0.4108  0.0453  0.1697  0.0359  0.0552  0.2741  0.0890  0.0312  1.0000  0.1224  0.2835  0.2699  0.4492  0.3049  0.0841  0.0051  0.0000  0.0113  0.0000  0.0000  0.0000
 0.5444  0.0000  0.0368  0.5500  0.9055  0.0411  0.2814  0.0854  0.1261  0.6059  0.2036  0.1007  0.3469  0.2602  0.3853  0.4249  1.0000  0.5875  0.2651  0.0134  0.0000  0.1276  0.0000  0.0000  0.0000
 0.0971  0.0000  0.0032  0.7113  1.0000  0.0066  0.0308  0.0505  0.1237  0.0779  0.0226  0.0635  0.0993  0.0338  0.3120  0.0339  0.0516  0.0419  0.0218  0.0026  0.0000  0.0077  0.0000  0.0000  0.0000
 0.0327  0.0000  0.0023  0.1404  1.0000  0.0022  0.0497  0.0056  0.0079  0.0732  0.0127  0.0045  0.0656  0.0793  0.0840  0.0221  0.0739  0.1105  0.0121  0.0008  0.0000  0.0019  0.0000  0.0000  0.0000
 0.2104  0.0000  0.0094  1.0000  0.4509  0.0088  0.0670  0.0215  0.0329  0.1632  0.0530  0.0186  0.1924  0.2257  0.1039  0.2010  0.1831  0.1572  0.1147  0.0031  0.0000  0.0068  0.0000  0.0000  0.0000
 0.3856  0.0000  0.0262  0.4131  1.0000  0.0248  0.2355  0.0597  0.1150  0.4848  0.2658  0.1070  0.2419  0.1849  0.3148  0.2564  0.3783  0.2803  0.1397  0.0085  0.0000  0.0192  0.0000  0.0000  0.0000
 0.4969  0.0000  0.1733  0.2015  0.3264  0.6978  0.3229  0.5309  0.3984  0.2985  0.7124  0.2961  0.3163  0.2176  0.2878  0.3510  0.3928  0.4012  0.5946  0.2321  0.0000  1.0000  0.0000  0.0000  0.0000
 0.0766  0.0000  0.0039  1.0000  0.2600  0.0041  0.1232  0.0090  0.0355  0.0654  0.0389  0.0076  0.1692  0.0925  0.1183  0.0370  0.0843  0.0405  0.0204  0.0332  0.0000  0.0035  0.0000  0.0000  0.0000
 0.7673  0.0000  0.0511  0.6961  1.0000  0.1868  0.3617  0.1164  0.1784  0.9000  0.2878  0.1009  0.4943  0.2850  0.7020  0.4986  0.9761  0.5689  0.3054  0.0167  0.0000  0.0381  0.0000  0.0000  0.0000
 0.6402  0.0000  0.1256  0.6386  0.6140  0.3463  1.0000  0.4932  0.2288  0.6042  0.3739  0.1790  0.4620  0.2463  0.4309  0.5690  0.5601  0.4286  0.3160  0.0708  0.0000  0.3553  0.0000  0.0000  0.0000
 0.2229  0.0000  0.0132  0.1227  0.2602  0.0126  0.2565  0.0256  0.1002  0.2183  0.0617  0.0359  0.1006  0.1160  0.1150  0.1029  0.1990  1.0000  0.0604  0.0044  0.0000  0.0112  0.0000  0.0000  0.0000
 0.5537  0.0000  0.1767  0.2883  0.3471  0.7315  0.3297  0.5873  0.4179  0.2927  0.7330  0.9503  0.3077  0.2713  0.2946  0.3481  0.4019  0.4910  0.6302  0.3224  0.0000  1.0000  0.0000  0.0000  0.0000
 0.6677  0.0000  0.0488  0.6228  0.7916  0.0749  0.3221  0.1176  0.2412  0.6893  0.3119  0.0890  0.3751  0.2112  0.4431  0.4797  0.6667  0.4377  1.0000  0.0226  0.0000  0.0825  0.0000  0.0000  0.0000
 0.5985  0.0000  0.0402  0.4982  0.9210  0.1603  0.3385  0.0916  0.1407  1.0000  0.2626  0.0796  0.5379  0.2820  0.4807  0.7988  0.5505  0.4452  0.2451  0.0131  0.0000  0.0297  0.0000  0.0000  0.0000
 0.8569  0.0000  0.0662  0.6702  1.0000  0.0880  0.3943  0.1633  0.1995  0.8947  0.3401  0.1127  0.4850  0.2838  0.5790  0.5253  0.7392  0.6178  0.2985  0.0269  0.0000  0.0990  0.0000  0.0000  0.0000
 0.8085  0.0000  0.0800  0.6469  1.0000  0.1862  0.4368  0.2052  0.2473  0.9268  0.3976  0.1368  0.5212  0.2998  0.6056  0.5535  0.7807  0.6221  0.3679  0.0471  0.0000  0.2033  0.0000  0.0000  0.0000
 0.9276  0.0000  0.1297  0.6495  1.0000  0.3531  0.5125  0.3435  0.3567  0.9433  0.5647  0.1983  0.5772  0.3451  0.6464  0.6130  0.8858  0.7485  0.4985  0.0969  0.0000  0.4721  0.0000  0.0000  0.0000
 0.5562  0.0000  0.0356  0.7111  1.0000  0.0360  0.2992  0.1062  0.1234  0.7528  0.1992  0.0698  0.4099  0.2159  0.4208  0.3629  0.5303  0.3742  0.1877  0.1622  0.0000  0.0539  0.0000  0.0000  0.0000
 0.3283  0.0000  0.0128  1.0000  0.4787  0.0119  0.1674  0.0314  0.0413  0.2095  0.0669  0.0235  0.2677  0.0639  0.1335  0.3951  0.4411  0.1846  0.0631  0.0043  0.0000  0.0108  0.0000  0.0000  0.0000
 0.6446  0.0000  0.1894  0.3025  0.4323  0.7227  0.3986  0.5564  0.4197  0.4349  0.6955  0.2549  0.3826  0.2767  0.3840  0.4350  0.5177  0.4976  0.5496  0.1860  0.0000  1.0000  0.0000  0.0000  0.0000
 0.1377  0.0000  0.0068  0.0080  0.0083  0.0047  1.0000  0.0034  0.0417  0.0095  0.0370  0.0039  0.0439  0.0799  0.0067  0.0070  0.0417  0.0717  0.0126  0.0016  0.0000  0.0051  0.0000  0.0000  0.0000
 0.0680  0.0000  0.0140  0.0229  0.0215  0.0500  0.1264  0.0490  0.1159  0.0379  0.3137  0.0504  0.0379  0.0290  0.0273  0.0316  0.1148  1.0000  0.0597  0.0098  0.0000  0.0281  0.0000  0.0000  0.0000
 0.0231  0.0000  0.0069  0.0048  0.0071  0.0508  0.0809  0.0054  0.5082  0.0097  0.9785  0.6440  0.0072  0.0079  0.0495  0.0093  0.1193  0.0190  1.0000  0.0065  0.0000  0.0155  0.0000  0.0000  0.0000
 0.3725  0.0000  0.0223  0.1949  0.4380  0.0306  0.1605  0.1028  0.0853  0.8754  0.1621  0.0553  0.2279  0.1492  0.3644  1.0000  0.2670  0.2420  0.3232  0.0170  0.0000  0.0461  0.0000  0.0000  0.0000
 0.8898  0.0000  0.0419  0.3819  0.6891  0.0534  0.3439  0.0915  0.1254  0.5803  0.3398  0.0721  0.3064  1.0000  0.4008  0.4849  0.4961  0.3610  0.4219  0.0169  0.0000  0.0558  0.0000  0.0000  0.0000
 1.0000  0.0000  0.0363  0.4257  0.9031  0.0628  0.3052  0.0841  0.1243  0.6195  0.2516  0.2323  0.3201  0.1779  0.3803  0.3691  0.5727  0.6588  0.2474  0.0132  0.0000  0.0362  0.0000  0.0000  0.0000
 0.5651  0.0000  0.0400  0.5898  0.7702  0.0375  0.4719  0.0909  0.1399  0.7618  0.2697  0.1121  0.4569  0.2051  0.5891  0.4813  1.0000  0.4286  0.2503  0.0129  0.0000  0.0287  0.0000  0.0000  0.0000
 0.7461  0.0000  0.0513  0.6678  1.0000  0.0478  0.4061  0.1166  0.2243  0.9136  0.2900  0.1108  0.4988  0.2989  0.6389  0.5489  0.7512  0.7551  0.2915  0.0165  0.0000  0.0363  0.0000  0.0000  0.0000
 0.7662  0.0000  0.0592  0.6225  1.0000  0.0762  0.3883  0.1401  0.2011  0.9232  0.3258  0.1388  0.5049  0.2873  0.5892  0.5422  0.7423  0.5795  0.2998  0.0240  0.0000  0.0761  0.0000  0.0000  0.0000
 0.5624  0.0000  0.0227  0.4110  0.4922  0.0217  0.2777  0.0516  0.1627  0.3909  0.1914  0.0447  0.2356  0.2233  0.2479  0.2207  1.0000  0.3784  0.1205  0.0074  0.0000  0.0169  0.0000  0.0000  0.0000
 0.9432  0.0000  0.0668  0.9848  1.0000  0.0427  0.4233  0.1027  0.1573  0.7798  0.2538  0.0891  0.4628  0.2759  0.4944  0.4402  0.7538  0.5142  0.2847  0.0147  0.0000  0.0330  0.0000  0.0000  0.0000
 0.0623  0.0000  0.0033  0.0363  0.1163  0.0027  1.0000  0.0074  0.0075  0.0659  0.0121  0.0044  0.1800  0.0822  0.0241  0.0211  0.2557  0.1042  0.0120  0.0011  0.0000  0.0032  0.0000  0.0000  0.0000
 1.0000  0.0000  0.0579  0.7057  0.7199  0.0909  0.4261  0.1927  0.1555  0.6520  0.2720  0.0890  0.4569  0.2229  0.4523  0.3799  0.6530  0.4947  0.2346  0.0281  0.0000  0.1118  0.0000  0.0000  0.0000
 0.7395  0.0000  0.0219  0.6647  0.2313  0.0192  1.0000  0.0783  0.0330  0.2154  0.0570  0.0202  0.8193  0.0867  0.5544  0.3777  0.3662  0.1440  0.0519  0.0086  0.0000  0.0366  0.0000  0.0000  0.0000
 0.1411  0.0000  0.0045  0.0324  0.0117  0.0025  0.0420  0.0031  0.0058  0.0407  0.0886  0.0033  0.0162  0.0120  0.0091  0.0079  0.1376  1.0000  0.0103  0.0013  0.0000  0.0027  0.0000  0.0000  0.0000
 0.0451  0.0000  0.0101  0.0048  0.0656  0.0408  0.0049  0.0068  0.1840  0.0122  0.3462  1.0000  0.1227  0.0128  0.1249  0.0101  0.0107  0.0309  0.2546  0.0055  0.0000  0.0110  0.0000  0.0000  0.0000
 0.3011  0.0000  0.0323  0.0677  0.1405  0.1324  0.0664  0.0780  1.0000  0.1009  0.1532  0.0416  0.1420  0.0503  0.1762  0.0803  0.2144  0.1653  0.4877  0.0252  0.0000  0.1312  0.0000  0.0000  0.0000
 0.5688  0.0000  0.0599  0.3766  1.0000  0.0273  0.1995  0.1179  0.0985  0.4867  0.1589  0.0557  0.3195  0.2934  0.3605  0.3568  0.4063  0.3005  0.1843  0.0093  0.0000  0.0215  0.0000  0.0000  0.0000
 0.3855  0.0000  0.0282  0.3151  0.4853  0.0408  0.4060  1.0000  0.0926  0.5165  0.1498  0.0523  0.3281  0.2055  0.3257  0.3463  0.3950  0.2620  0.1665  0.0125  0.0000  0.0839  0.0000  0.0000  0.0000
 0.6891  0.0000  0.0425  0.8680  1.0000  0.0396  0.4629  0.0965  0.1488  0.8227  0.3245  0.0842  0.6252  0.2526  0.5714  0.5246  0.8974  0.5305  0.2637  0.0136  0.0000  0.0300  0.0000  0.0000  0.0000
 0.5600  0.0000  0.0346  1.0000  0.7958  0.0323  0.4266  0.1151  0.1212  0.7903  0.2303  0.0930  0.3205  0.2321  0.4098  0.5107  0.7110  0.4790  0.1848  0.0111  0.0000  0.0245  0.0000  0.0000  0.0000
 0.5640  0.0000  0.0325  0.4090  0.6245  0.0308  0.2987  0.1617  0.1135  0.5631  0.1831  0.0642  0.4872  0.2907  0.4209  0.4090  0.5884  1.0000  0.1730  0.0106  0.0000  0.0239  0.0000  0.0000  0.0000
 0.8236  0.0000  0.0898  0.6599  1.0000  0.2105  0.4305  0.2358  0.2631  0.9295  0.4393  0.2002  0.5293  0.3042  0.6139  0.5720  0.7795  0.6255  0.3802  0.0579  0.0000  0.2630  0.0000  0.0000  0.0000
 0.4207  0.0000  0.0880  0.2706  0.5315  0.3039  0.2420  0.2576  0.2630  0.4728  1.0000  0.1367  0.2648  0.2049  0.2865  0.3897  0.3699  0.3642  0.3381  0.0810  0.0000  0.4470  0.0000  0.0000  0.0000
 0.4678  0.0000  0.0331  0.4282  1.0000  0.0317  0.2354  0.0761  0.1159  0.6247  0.2814  0.0656  0.3193  0.3501  0.4191  0.3851  0.4886  0.3544  0.1767  0.0444  0.0000  0.0248  0.0000  0.0000  0.0000
 0.2443  0.0000  0.0316  0.0418  0.0564  0.1217  0.0762  0.0945  0.0700  0.0591  0.1582  0.0829  0.0588  0.0686  0.1180  0.0650  1.0000  0.2039  0.1127  0.0321  0.0000  0.3359  0.0000  0.0000  0.0000
 0.0415  0.0000  0.0032  1.0000  0.1871  0.0036  0.0325  0.0112  0.0087  0.0511  0.0649  0.0052  0.3975  0.0188  0.4698  0.0646  0.1688  0.0305  0.0137  0.0015  0.0000  0.0048  0.0000  0.0000  0.0000
 0.2864  0.0000  0.0681  0.2321  0.3907  0.2722  0.1692  0.2404  0.1619  0.2954  1.0000  0.2798  0.1790  0.1109  0.1889  0.1972  0.3120  0.2893  0.2363  0.0653  0.0000  0.3456  0.0000  0.0000  0.0000
 0.1551  0.0000  0.0033  0.0355  0.1134  0.0040  1.0000  0.0081  0.0089  0.1303  0.0146  0.0051  0.1007  0.0766  0.0271  0.0243  0.1853  0.0529  0.0137  0.0013  0.0000  0.0565  0.0000  0.0000  0.0000
 0.0072  0.0000  0.0261  0.0397  0.0021  0.0008  0.0022  0.0010  0.0023  0.0031  0.0021  0.0367  0.0313  0.0038  0.0024  0.0019  0.2496  1.0000  0.0035  0.0005  0.0000  0.0009  0.0000  0.0000  0.0000
 0.0966  0.0000  0.0063  0.0192  0.2967  0.0163  0.0411  0.0490  0.0327  0.4471  0.3986  1.0000  0.0546  0.0455  0.1317  0.4534  0.0489  0.0622  0.0396  0.0092  0.0000  0.0260  0.0000  0.0000  0.0000
 0.2052  0.0000  0.0671  0.1731  0.1265  0.2612  0.2029  0.2098  0.1504  0.1924  0.4011  0.0846  0.1853  0.0860  0.1322  0.2698  0.1712  0.1609  1.0000  0.0695  0.0000  0.4494  0.0000  0.0000  0.0000
 0.1032  0.0000  0.0107  0.0100  0.0149  0.0310  0.0141  0.0636  1.0000  0.0157  0.1773  0.0369  0.0145  0.0404  0.0147  0.0647  0.0614  0.0764  0.1276  0.0080  0.0000  0.0421  0.0000  0.0000  0.0000
 0.0546  0.0000  0.0040  0.0712  0.1158  0.0044  0.0959  0.1290  0.0577  0.1224  0.0223  0.0416  1.0000  0.0372  0.0425  0.0901  0.2136  0.0414  0.0210  0.0015  0.0000  0.0040  0.0000  0.0000  0.0000
 0.2675  0.0000  0.0113  0.2239  0.2681  0.0106  0.1799  0.0257  0.0716  0.2324  0.0958  0.1166  0.1487  0.1234  0.2020  0.1111  1.0000  0.2176  0.0604  0.0036  0.0000  0.0080  0.0000  0.0000  0.0000
 0.3561  0.0000  0.0148  0.7829  1.0000  0.0141  0.1807  0.0341  0.0520  0.3218  0.0840  0.0295  0.1378  0.1408  0.2940  0.2353  0.3945  0.1594  0.0794  0.0049  0.0000  0.1245  0.0000  0.0000  0.0000
 0.5996  0.0000  0.0395  0.8699  0.9412  0.0375  0.2995  0.0900  0.2018  0.6855  0.2545  0.1191  0.4599  0.2024  0.4618  0.3870  1.0000  0.4834  0.2325  0.0128  0.0000  0.0290  0.0000  0.0000  0.0000
 0.3836  0.0000  0.0247  0.6938  1.0000  0.0276  0.1849  0.0647  0.0869  0.4633  0.2138  0.0500  0.2924  0.3321  0.3044  0.2396  0.3834  0.2678  0.1339  0.0582  0.0000  0.0252  0.0000  0.0000  0.0000
 0.1589  0.0000  0.0084  0.6260  1.0000  0.0083  0.0602  0.1310  0.0674  0.2844  0.0899  0.0168  0.0782  0.1592  0.1322  0.0826  0.1157  0.2043  0.0452  0.0028  0.0000  0.0066  0.0000  0.0000  0.0000
 0.4238  0.0000  0.0416  0.4111  1.0000  0.0228  0.1746  0.0557  0.0858  0.4784  0.1642  0.0486  0.2561  0.2179  0.3588  0.2704  0.6964  0.3063  0.1859  0.0079  0.0000  0.0173  0.0000  0.0000  0.0000
 0.4545  0.0000  0.0209  0.5958  1.0000  0.0195  0.1802  0.0474  0.0731  0.4898  0.1179  0.0413  0.1933  0.1483  0.2302  0.2418  0.3955  0.4229  0.1749  0.0067  0.0000  0.0148  0.0000  0.0000  0.0000
 0.7671  0.0000  0.0505  0.7981  1.0000  0.0479  0.3583  0.1150  0.1766  0.9360  0.3385  0.0999  0.5729  0.3059  0.5548  0.5646  0.7591  0.6710  0.2691  0.0164  0.0000  0.0620  0.0000  0.0000  0.0000
 0.2774  0.0000  0.0032  0.1690  0.0265  0.0027  1.0000  0.0120  0.0033  0.0699  0.0060  0.0022  0.1445  0.0117  0.0165  0.1011  0.5548  0.0179  0.0054  0.0013  0.0000  0.0059  0.0000  0.0000  0.0000
 0.0304  0.0000  0.0058  0.0125  0.0132  0.0492  0.0110  0.0070  0.0097  0.1564  0.0116  0.0054  0.0246  0.0837  0.0180  0.0698  0.2606  1.0000  0.0149  0.0025  0.0000  0.0053  0.0000  0.0000  0.0000
 0.4309  0.0000  0.0560  0.2842  0.3579  0.1751  0.1868  0.1899  0.1447  0.3754  0.3220  1.0000  0.3015  0.1981  0.2799  0.2874  0.3476  0.2576  0.4202  0.0676  0.0000  0.2398  0.0000  0.0000  0.0000
 0.0250  0.0000  0.0020  0.0698  0.0644  0.0545  0.0156  0.0057  0.0063  1.0000  0.0104  0.0036  0.1486  0.0099  0.0211  0.3008  0.0768  0.0539  0.0095  0.0008  0.0000  0.0024  0.0000  0.0000  0.0000
 0.2879  0.0000  0.0168  0.3243  0.4033  0.0170  0.1177  0.0387  0.1054  0.3250  0.2008  0.0331  0.1529  0.0849  0.2234  1.0000  0.2790  0.2067  0.0889  0.0496  0.0000  0.0141  0.0000  0.0000  0.0000
 0.7453  0.0000  0.0953  0.7007  1.0000  0.0509  0.3753  0.1879  0.1851  0.9671  0.2987  0.1047  0.6713  0.3632  0.6036  0.6649  0.7456  0.6024  0.3200  0.0174  0.0000  0.0398  0.0000  0.0000  0.0000
 0.5465  0.0000  0.0300  1.0000  0.6235  0.0280  0.3057  0.0682  0.1051  0.6152  0.2117  0.0595  0.4736  0.4029  0.5364  0.3512  0.5438  0.3970  0.1603  0.0096  0.0000  0.0212  0.0000  0.0000  0.0000
 0.4948  0.0000  0.0343  0.4032  1.0000  0.0320  0.2720  0.0781  0.1203  0.7748  0.1941  0.0681  0.3815  0.2860  0.4325  0.4345  0.5349  0.6684  0.2072  0.0110  0.0000  0.0243  0.0000  0.0000  0.0000
 0.4938  0.0000  0.0311  0.3997  0.6390  0.0291  0.2747  0.0708  0.1614  0.6380  0.1759  0.1562  0.3879  0.4449  0.3434  0.3264  1.0000  0.7586  0.2066  0.0100  0.0000  0.0222  0.0000  0.0000  0.0000
 0.8323  0.0000  0.0802  0.6180  1.0000  0.1678  0.4286  0.2064  0.2575  0.9450  0.4237  0.3022  0.5331  0.8120  0.6455  0.6526  0.8205  0.6139  0.4441  0.0479  0.0000  0.2422  0.0000  0.0000  0.0000
 0.1888  0.0000  0.0134  0.2351  0.3350  0.0129  0.0951  0.0306  0.0469  0.4246  0.1219  0.1262  0.2855  0.0686  1.0000  0.3052  0.5336  0.2366  0.0715  0.0044  0.0000  0.0331  0.0000  0.0000  0.0000
 0.7425  0.0000  0.0523  0.5881  0.9688  0.0563  0.3674  0.1209  0.1969  1.0000  0.3034  0.1019  0.5362  0.5192  0.5775  0.6132  0.7056  0.5763  0.4104  0.0186  0.0000  0.0646  0.0000  0.0000  0.0000
 0.8676  0.0000  0.1704  0.5028  0.8024  0.5836  0.4930  0.5251  0.4231  1.0000  0.7060  0.2413  0.5426  0.3441  0.6610  0.7887  0.7398  0.6709  0.5653  0.1595  0.0000  0.8701  0.0000  0.0000  0.0000
 0.0120  0.0000  0.0012  0.0046  0.0163  0.0024  0.0098  0.0104  0.0048  0.5629  0.0114  0.0038  0.1048  0.1175  0.0268  1.0000  0.0980  0.0131  0.0065  0.0018  0.0000  0.0053  0.0000  0.0000  0.0000
 0.0038  0.0000  0.0005  0.0054  0.0043  0.0006  0.0052  0.0027  0.0010  0.0478  0.0022  0.0008  0.0658  1.0000  0.0055  0.0341  0.0232  0.0040  0.0014  0.0004  0.0000  0.0014  0.0000  0.0000  0.0000
 0.7682  0.0000  0.1301  0.5303  0.7868  0.4547  0.4864  0.3719  0.3327  0.7645  0.6496  0.1871  0.4962  0.2850  0.6230  0.5444  1.0000  0.5985  0.4689  0.1115  0.0000  0.5809  0.0000  0.0000  0.0000
 0.2233  0.0000  0.0391  0.0430  0.0594  1.0000  0.0669  0.1087  0.1207  0.0635  0.1734  0.0489  0.0635  0.1219  0.1009  0.1020  0.1311  0.0927  0.2527  0.0372  0.0000  0.1998  0.0000  0.0000  0.0000
 0.6022  0.0000  0.0641  0.4276  0.6053  0.1533  0.3258  0.1636  0.1749  0.5673  1.0000  0.3044  0.3311  0.3544  0.3790  0.4355  0.5623  0.4484  0.2954  0.0428  0.0000  0.1995  0.0000  0.0000  0.0000
 0.0794  0.0000  0.0045  0.8540  1.0000  0.0059  0.0395  0.0153  0.0841  0.1600  0.0277  0.0100  0.1406  0.0346  0.2828  0.0459  0.3649  0.0536  0.0266  0.0023  0.0000  0.0060  0.0000  0.0000  0.0000
 0.2353  0.0000  0.0779  0.1003  0.1601  0.2914  0.1458  0.7407  0.1696  0.1349  0.2744  0.0945  0.1493  0.1904  0.1312  0.1528  0.3606  0.4255  0.2542  0.0776  0.0000  1.0000  0.0000  0.0000  0.0000
 0.1485  0.0000  0.0516  0.0598  0.0795  1.0000  0.1794  0.1578  0.1524  0.0848  0.1898  0.1327  0.0895  0.0888  0.1502  0.1013  0.2792  0.1143  0.1463  0.0538  0.0000  0.3297  0.0000  0.0000  0.0000
 0.3008  0.0000  0.0212  0.8219  1.0000  0.0198  0.2676  0.0483  0.0744  0.5270  0.1642  0.0421  0.3004  0.2342  0.2737  0.2088  0.3729  0.2723  0.1567  0.0068  0.0000  0.0150  0.0000  0.0000  0.0000
 0.1028  0.0000  0.0080  0.0765  0.1374  0.0097  0.1113  0.0311  0.0287  0.8544  0.0524  0.0180  0.2013  0.1396  1.0000  0.4744  0.1473  0.2723  0.0422  0.0050  0.0000  0.0133  0.0000  0.0000  0.0000
 0.1303  0.0000  0.0059  0.0654  0.1089  0.0061  0.1411  0.0158  0.0674  1.0000  0.0349  0.0122  0.1044  0.1064  0.2861  0.1525  0.0789  0.1248  0.0316  0.0024  0.0000  0.0058  0.0000  0.0000  0.0000
 0.4270  0.0000  0.0551  0.4715  1.0000  0.0247  0.1881  0.0600  0.1208  0.5167  0.1492  0.0523  0.5249  0.1995  0.3159  0.2594  0.3948  0.3426  0.1688  0.0085  0.0000  0.0187  0.0000  0.0000  0.0000
 0.9572  0.0000  0.1375  0.6369  1.0000  0.4427  0.4978  0.3855  0.3675  0.9792  0.6037  0.2208  0.5850  0.3430  0.6664  0.6282  0.8477  0.6887  0.5056  0.1110  0.0000  0.5582  0.0000  0.0000  0.0000
 0.5639  0.0000  0.0398  0.4940  1.0000  0.0372  0.3941  0.0905  0.1538  0.8853  0.2453  0.0789  0.4090  0.2348  0.5641  0.4428  0.5708  0.4277  0.3000  0.0128  0.0000  0.0282  0.0000  0.0000  0.0000
 0.5700  0.0000  0.0351  0.8096  0.8864  0.0946  0.2485  0.1048  0.1645  0.7676  0.1979  0.0694  1.0000  0.3584  0.5430  0.3426  0.4975  0.4320  0.2169  0.0115  0.0000  0.0266  0.0000  0.0000  0.0000
 0.7720  0.0000  0.0527  0.6166  1.0000  0.0497  0.4356  0.1294  0.1843  0.9905  0.3255  0.1190  0.5073  0.2899  0.6736  0.5292  0.8123  0.5697  0.2895  0.0170  0.0000  0.0381  0.0000  0.0000  0.0000
 0.7687  0.0000  0.0579  0.6470  1.0000  0.0525  0.3788  0.1227  0.2292  0.9398  0.3144  0.1059  0.4923  0.2838  0.6051  0.5630  0.8157  0.5863  0.2961  0.0178  0.0000  0.0418  0.0000  0.0000  0.0000
 0.8354  0.0000  0.1989  0.4892  0.7191  0.7168  0.4989  0.5963  0.4675  0.7060  0.7706  0.2625  0.5375  0.3393  0.5576  0.5766  0.7193  0.6415  0.6171  0.1880  0.0000  1.0000  0.0000  0.0000  0.0000
 0.6822  0.0000  0.0436  0.6630  1.0000  0.0407  0.3736  0.0992  0.1728  0.8287  0.2699  0.0865  0.4655  0.3224  0.5574  0.4565  0.6442  0.4687  0.2331  0.0140  0.0000  0.0309  0.0000  0.0000  0.0000
 0.6959  0.0000  0.0509  0.7200  1.0000  0.0539  0.4636  0.1357  0.1752  0.9717  0.2828  0.0991  0.7282  0.3069  0.6518  0.4829  0.6964  0.5281  0.3736  0.0179  0.0000  0.0680  0.0000  0.0000  0.0000
 0.9398  0.0000  0.1615  0.6336  1.0000  0.4422  0.5178  0.3923  0.3637  0.9395  0.6121  0.2047  0.5875  0.3465  0.6484  0.6226  0.8468  0.7702  0.5030  0.1116  0.0000  0.5588  0.0000  0.0000  0.0000
 0.7379  0.0000  0.1365  0.5831  0.7423  0.4716  0.6132  0.3939  0.3622  0.7089  0.5605  0.1923  0.7452  0.4832  0.5841  0.5536  1.0000  0.6793  0.4633  0.1202  0.0000  0.6619  0.0000  0.0000  0.0000
 0.7358  0.0000  0.1900  0.3971  0.5877  0.7128  0.4428  0.5715  0.4489  0.5819  0.7322  0.2492  0.4555  0.2872  0.4802  0.5069  0.6317  0.5638  0.5808  0.1865  0.0000  1.0000  0.0000  0.0000  0.0000
 0.7739  0.0000  0.0528  0.6659  1.0000  0.0514  0.5146  0.1520  0.1842  0.9090  0.3194  0.1042  0.6676  0.3235  0.6252  0.5136  0.7671  0.6904  0.3246  0.0175  0.0000  0.0408  0.0000  0.0000  0.0000
 0.7596  0.0000  0.0527  0.6159  1.0000  0.0498  0.3768  0.1199  0.1889  0.9305  0.2998  0.1272  0.4886  0.2803  0.5853  0.5157  0.7267  0.5667  0.2955  0.0171  0.0000  0.0384  0.0000  0.0000  0.0000
 0.8069  0.0000  0.0843  0.6231  1.0000  0.1838  0.4189  0.2414  0.2513  0.9450  0.4301  0.1672  0.5213  0.3156  0.6252  0.6005  0.8443  0.6273  0.3639  0.0522  0.0000  0.2358  0.0000  0.0000  0.0000
 0.7503  0.0000  0.0529  0.6216  1.0000  0.0493  0.3779  0.1202  0.1863  0.9226  0.3007  0.1048  0.4924  0.2755  0.5876  0.5207  0.7294  0.5699  0.2870  0.0170  0.0000  0.0374  0.0000  0.0000  0.0000
 0.1137  0.0000  0.0280  0.0381  0.0524  0.2064  0.1104  0.0849  0.0627  0.0830  0.1288  0.0352  0.0528  1.0000  0.1551  0.0599  0.1103  0.2451  0.0806  0.0287  0.0000  0.1723  0.0000  0.0000  0.0000
 0.5812  0.0000  0.1829  0.2656  0.3732  0.7054  0.3713  0.5500  0.4100  0.3801  0.6775  0.2294  0.3536  0.2337  0.3501  0.4007  0.4738  0.4479  0.5295  0.1852  0.0000  1.0000  0.0000  0.0000  0.0000
 0.2712  0.0000  0.0161  0.1556  0.2003  0.0331  0.0835  0.2103  0.0489  0.2485  0.1169  0.0277  0.1302  1.0000  0.1236  0.2807  0.1529  0.1732  0.0977  0.0096  0.0000  0.0412  0.0000  0.0000  0.0000
 1.0000  0.0000  0.2011  0.6355  0.9664  0.7322  0.5629  0.6251  0.5385  0.8950  0.9973  0.3262  0.6421  0.4101  0.6966  0.6765  0.9153  0.7926  0.7502  0.1842  0.0000  0.9625  0.0000  0.0000  0.0000
 0.6805  0.0000  0.0968  0.4887  0.7817  0.2764  0.3829  0.2869  0.2924  0.8629  0.4549  0.1473  0.4376  0.3656  0.5125  0.5569  1.0000  0.5871  0.3644  0.0756  0.0000  0.4325  0.0000  0.0000  0.0000
 0.7344  0.0000  0.0506  0.6171  1.0000  0.0610  0.3597  0.1372  0.1772  0.9505  0.3091  0.1002  0.5727  0.2733  0.6369  0.5329  0.7332  0.5649  0.3019  0.0164  0.0000  0.0368  0.0000  0.0000  0.0000
 0.7609  0.0000  0.0585  0.6962  1.0000  0.0897  0.4140  0.1375  0.1972  0.9499  0.3521  0.1115  0.5967  0.3480  0.6272  0.5280  0.7447  0.6010  0.3054  0.0230  0.0000  0.0706  0.0000  0.0000  0.0000
 0.9026  0.0000  0.0836  0.6190  1.0000  0.1823  0.4156  0.2174  0.2884  0.9351  0.4189  0.1406  0.5171  0.3347  0.6767  0.6023  0.8350  0.6061  0.4467  0.0517  0.0000  0.2527  0.0000  0.0000  0.0000
 0.5695  0.0000  0.1804  0.2450  0.3351  0.7386  0.3583  0.5518  0.4087  0.3487  0.6657  0.2266  0.3393  0.2337  0.3342  0.3795  0.4809  0.4460  0.5190  0.1852  0.0000  1.0000  0.0000  0.0000  0.0000
 0.1382  0.0000  0.0908  0.1911  0.3716  0.0142  0.0747  0.0267  0.0316  0.1478  0.1428  0.0184  0.0916  1.0000  0.2891  0.0808  0.6066  0.1070  0.0497  0.0049  0.0000  0.0159  0.0000  0.0000  0.0000
 0.8493  0.0000  0.1463  0.7868  0.9514  0.3548  0.4837  0.3645  0.3640  0.8960  0.5383  0.2159  0.5579  0.3370  0.6915  0.5873  1.0000  0.6484  0.4843  0.0966  0.0000  0.4784  0.0000  0.0000  0.0000
 0.6760  0.0000  0.0480  0.7080  1.0000  0.0458  0.3406  0.1315  0.1678  0.9941  0.2707  0.0949  0.6359  0.3733  0.6383  0.5160  0.6886  0.6739  0.2556  0.0157  0.0000  0.0766  0.0000  0.0000  0.0000
 0.5103  0.0000  0.0725  0.3173  0.5808  0.2080  0.3014  0.2499  0.2047  1.0000  0.3623  0.1225  0.3498  0.2375  0.5327  0.7676  0.4735  0.4114  0.2986  0.1395  0.0000  0.2947  0.0000  0.0000  0.0000
 0.3456  0.0000  0.0343  0.1827  0.3889  0.1555  0.1364  0.0962  0.0942  1.0000  0.2354  0.0533  0.1635  0.0954  0.4208  0.5005  0.3295  0.2404  0.1320  0.0263  0.0000  0.2465  0.0000  0.0000  0.0000
 0.4581  0.0000  0.0760  0.0492  0.0884  0.1928  0.0536  0.0902  0.6699  0.0900  0.3312  0.0862  0.0687  0.1832  0.1555  0.0775  0.2835  0.3250  1.0000  0.0317  0.0000  0.1554  0.0000  0.0000  0.0000
 0.0987  0.0000  0.0256  0.1632  0.0874  0.0942  0.0645  0.0810  0.0598  0.1109  0.1001  0.0690  0.1101  1.0000  0.1260  0.2438  0.0853  0.0785  0.1607  0.0256  0.0000  0.1547  0.0000  0.0000  0.0000
 0.6588  0.0000  0.0763  0.5919  0.8697  0.0406  0.3012  0.0968  0.1485  0.7354  0.2823  0.0840  0.4217  0.2436  1.0000  0.4152  0.6802  0.5739  0.2778  0.0139  0.0000  0.0316  0.0000  0.0000  0.0000
 0.1198  0.0000  0.0062  1.0000  0.4411  0.0713  0.1134  0.0143  0.0218  0.1463  0.0352  0.0123  0.2554  0.1425  0.1000  0.0611  0.1326  0.1198  0.0332  0.0020  0.0000  0.0045  0.0000  0.0000  0.0000
 0.0808  0.0000  0.0033  0.0382  0.1091  0.0032  1.0000  0.0076  0.0111  0.0917  0.0180  0.0928  0.0914  0.0402  0.0867  0.0314  0.1189  0.0340  0.0169  0.0011  0.0000  0.0028  0.0000  0.0000  0.0000
 0.0114  0.0000  0.0480  1.0000  0.2751  0.0021  0.0249  0.0083  0.0015  0.0143  0.0029  0.0011  0.1217  0.0314  0.0403  0.0064  0.0203  0.0093  0.0025  0.0010  0.0000  0.0396  0.0000  0.0000  0.0000
 0.0469  0.0000  0.0825  0.0190  0.0580  1.0000  0.0305  0.1002  0.0364  0.0268  0.1616  0.0204  0.0796  0.0189  0.0271  0.0321  0.0370  0.1222  0.0864  0.0171  0.0000  0.7449  0.0000  0.0000  0.0000
 0.0427  0.0000  0.0016  0.7296  1.0000  0.0037  0.0804  0.0104  0.0065  0.0458  0.0115  0.0044  0.0284  0.0962  0.1669  0.0170  0.1516  0.0520  0.0114  0.0017  0.0000  0.0049  0.0000  0.0000  0.0000
 0.2100  0.0000  0.0557  0.0727  0.1714  1.0000  0.1392  0.2270  0.1382  0.7070  0.2684  0.0835  0.1504  0.1086  0.3067  0.5536  0.2170  0.1811  0.1971  0.0615  0.0000  0.3080  0.0000  0.0000  0.0000
 0.1054  0.0000  0.0036  0.0018  0.0036  0.0185  0.0028  0.0034  0.0373  0.0042  1.0000  0.0964  0.0031  0.0372  0.0048  0.0039  0.0045  0.0100  0.1325  0.0026  0.0000  0.0885  0.0000  0.0000  0.0000
 0.1176  0.0000  0.0055  0.0174  0.0630  0.0109  0.0343  0.0332  0.0190  1.0000  0.1048  0.0138  0.0413  0.1083  0.0877  0.2896  0.1941  0.0488  0.0265  0.0349  0.0000  0.0198  0.0000  0.0000  0.0000
 0.6812  0.0000  0.1063  0.6696  0.8290  0.4713  0.4455  0.3031  0.2631  0.7047  0.4279  0.1486  0.7854  0.3173  0.6141  0.4603  1.0000  0.7131  0.3663  0.0824  0.0000  0.4277  0.0000  0.0000  0.0000
 0.2931  0.0000  0.0848  0.0981  0.1306  0.3388  0.1814  0.2592  0.3152  0.1766  1.0000  0.1451  0.1469  0.1269  0.1408  0.1667  0.1917  0.1874  0.2427  0.4471  0.0000  0.5741  0.0000  0.0000  0.0000
 0.0647  0.0000  0.0070  0.1420  0.0111  0.0036  0.0135  0.0053  0.0100  0.0153  0.0094  0.0051  0.1011  0.1680  0.0117  0.0094  1.0000  0.7605  0.0158  0.0023  0.0000  0.0045  0.0000  0.0000  0.0000
 0.4393  0.0000  0.1402  0.1629  0.2611  0.9265  0.2612  0.4296  0.3122  0.2306  1.0000  0.1749  0.3080  0.1619  0.3003  0.2756  0.3780  0.3102  0.9394  0.1465  0.0000  0.9592  0.0000  0.0000  0.0000
 0.1835  0.0000  0.0005  0.5231  1.0000  0.0027  0.0112  0.0072  0.0038  0.0311  0.0070  0.0028  0.0125  0.0509  0.1552  0.0086  0.0157  0.0434  0.0072  0.0013  0.0000  0.0036  0.0000  0.0000  0.0000
 0.0199  0.0000  0.0003  0.6203  1.0000  0.0018  0.0073  0.0047  0.0025  0.0662  0.0045  0.0019  0.0082  0.0477  0.1980  0.0056  0.0102  0.0738  0.0047  0.0008  0.0000  0.0024  0.0000  0.0000  0.0000
 0.0047  0.0000  0.0009  0.0005  0.0008  0.0058  0.0014  0.0005  0.0114  0.0011  1.0000  0.0071  0.0007  0.0015  0.0013  0.0009  0.0465  0.0024  0.0254  0.0007  0.0000  0.0009  0.0000  0.0000  0.0000
 0.2229  0.0000  0.0161  0.1838  0.4020  0.0165  0.1446  0.0959  0.1555  0.3930  0.0905  0.0957  0.3504  0.1573  1.0000  0.2450  0.2160  0.2286  0.0850  0.0056  0.0000  0.0139  0.0000  0.0000  0.0000
 0.4716  0.0000  0.0336  0.5058  0.6944  0.0335  0.2390  0.0838  0.1185  1.0000  0.3762  0.2114  0.3111  0.1760  0.7389  0.6060  0.4800  0.3599  0.1799  0.0123  0.0000  0.0292  0.0000  0.0000  0.0000
 0.0297  0.0000  0.0041  0.0074  0.0365  0.0116  0.0863  0.0265  0.0140  0.1913  0.0304  0.0908  0.0272  0.0210  0.0894  1.0000  0.0807  0.0298  0.0184  0.0055  0.0000  0.1180  0.0000  0.0000  0.0000
 0.0469  0.0000  0.0122  0.0657  0.0914  0.1059  0.0196  0.0263  0.1037  0.1236  1.0000  0.1216  0.0204  0.0191  0.0280  0.0252  0.0265  0.0320  0.1005  0.0127  0.0000  0.0457  0.0000  0.0000  0.0000
 1.0000  0.0000  0.0904  0.5502  0.9904  0.0456  0.3347  0.1081  0.1653  0.8880  0.3908  0.0935  0.4858  0.2415  0.5181  0.5286  0.8022  0.5296  0.2517  0.0156  0.0000  0.0359  0.0000  0.0000  0.0000
 0.9689  0.0000  0.0099  0.1151  0.5800  0.0095  0.0703  0.0645  0.0341  0.2294  0.0551  0.0193  0.6985  0.0503  0.1077  0.1695  1.0000  0.2031  0.0519  0.0033  0.0000  0.0078  0.0000  0.0000  0.0000
 0.0027  0.0000  0.0007  0.0003  0.0007  0.0074  0.0005  0.0005  0.1807  0.0009  1.0000  0.0404  0.0007  0.0011  0.0014  0.0009  0.0008  0.0016  0.0077  0.0220  0.0000  0.0010  0.0000  0.0000  0.0000
 0.0049  0.0000  0.0001  1.0000  0.1717  0.0004  0.0020  0.0012  0.0006  0.0050  0.0011  0.0004  0.0024  0.0030  0.0592  0.0013  0.0026  0.0022  0.0011  0.0002  0.0000  0.0006  0.0000  0.0000  0.0000
 0.7701  0.0000  0.1480  0.3883  0.5824  0.5252  0.4642  0.7113  0.4783  0.5664  0.6194  0.1994  0.4795  1.0000  0.4983  0.4518  0.7923  0.5035  0.5357  0.1396  0.0000  0.7359  0.0000  0.0000  0.0000
 0.2892  0.0000  0.0343  0.4705  1.0000  0.1374  0.1536  0.1466  0.0941  0.2896  0.1572  0.2605  0.1926  0.1356  0.3865  0.1567  0.2257  0.1996  0.1352  0.0328  0.0000  0.1581  0.0000  0.0000  0.0000
 0.0085  0.0000  0.0016  0.0014  0.0065  0.0123  0.0038  0.0368  0.0229  0.0279  0.1237  1.0000  0.0049  0.0049  0.0112  0.1441  0.0046  0.0068  0.0143  0.0020  0.0000  0.0036  0.0000  0.0000  0.0000
 0.0071  0.0000  0.0001  0.0635  1.0000  0.0006  0.0029  0.0018  0.0008  0.0071  0.0016  0.0006  0.0034  0.0043  0.0615  0.0019  0.1119  0.0032  0.0016  0.0003  0.0000  0.0009  0.0000  0.0000  0.0000
 0.3181  0.0000  0.0257  0.2129  0.5153  0.0371  0.1748  0.1087  0.0955  0.9785  0.3861  0.0869  0.2302  0.1467  0.9206  1.0000  0.2955  0.3230  0.1980  0.0186  0.0000  0.0534  0.0000  0.0000  0.0000
 0.0049  0.0000  0.0001  0.1103  1.0000  0.0004  0.0018  0.0012  0.0006  0.0049  0.0011  0.0004  0.0020  0.0030  0.1391  0.0013  0.0025  0.0021  0.0011  0.0002  0.0000  0.0006  0.0000  0.0000  0.0000
 0.0028  0.0000  0.0008  0.0005  0.0008  0.0321  0.0010  0.0003  1.0000  0.0011  0.3283  0.0478  0.0008  0.0009  0.0010  0.0010  0.0010  0.0024  0.1349  0.0008  0.0000  0.0015  0.0000  0.0000  0.0000
 0.0249  0.0000  0.0016  0.0981  1.0000  0.0021  0.0831  0.0062  0.0051  0.0574  0.0086  0.0031  0.0794  0.0116  0.1516  0.1601  0.0232  0.0170  0.0081  0.0009  0.0000  0.0026  0.0000  0.0000  0.0000
 0.0185  0.0000  0.0006  0.0876  1.0000  0.0015  0.0076  0.0040  0.0030  0.1973  0.0441  0.0020  0.0090  0.0099  0.2591  0.0078  0.0710  0.0099  0.0051  0.0007  0.0000  0.0019  0.0000  0.0000  0.0000
 0.0295  0.0000  0.0064  0.0021  0.0678  0.0126  0.0018  0.0015  0.4876  0.0056  1.0000  0.0164  0.0030  0.0067  0.0043  0.0038  0.0055  0.1339  0.1714  0.0016  0.0000  0.0034  0.0000  0.0000  0.0000
 0.0356  0.0000  0.0038  0.0109  0.0490  0.0086  0.0275  0.1696  0.0154  0.2389  0.1450  0.0118  0.3257  0.0276  0.2358  1.0000  0.0308  0.0379  0.0203  0.0057  0.0000  0.0175  0.0000  0.0000  0.0000
 0.2303  0.0000  0.0065  0.0401  0.3676  0.0112  0.0468  0.1310  0.0263  0.7395  0.1646  0.0185  0.0627  0.0449  1.0000  0.6243  0.0686  0.0707  0.0367  0.0072  0.0000  0.0204  0.0000  0.0000  0.0000
 0.0068  0.0000  0.0007  0.0017  0.0095  0.0014  0.0052  0.0061  0.0029  0.8100  0.0068  0.0023  0.0945  0.0054  0.0161  1.0000  0.0058  0.0073  0.0038  0.0011  0.0000  0.0031  0.0000  0.0000  0.0000
 0.0014  0.0000  0.0007  0.0002  0.0003  0.1644  0.0002  0.0000  0.0031  0.0000  0.0635  0.0015  0.0000  0.0005  0.0000  0.0000  0.0010  0.0009  0.0028  0.0067  0.0000  1.0000  0.0000  0.0000  0.0000
 0.3212  0.0000  0.0194  0.3121  0.3652  0.0181  0.1380  0.0441  0.0679  0.4484  0.1425  0.0384  0.4767  0.1709  1.0000  0.2412  0.4553  0.2935  0.1035  0.0062  0.0000  0.0138  0.0000  0.0000  0.0000
 1.0000  0.0000  0.0157  0.0797  0.1169  0.0137  0.1690  0.0204  0.2615  0.1175  0.0465  0.0180  0.0755  0.0526  0.1568  0.1243  0.5933  0.4667  0.0511  0.0053  0.0000  0.0146  0.0000  0.0000  0.0000
 0.0040  0.0000  0.0006  0.0082  0.0058  0.0008  0.0072  0.0493  0.0012  1.0000  0.0028  0.0009  0.0925  0.0032  0.0072  0.0154  0.0062  0.0043  0.0016  0.0005  0.0000  0.0019  0.0000  0.0000  0.0000
 0.0674  0.0000  0.0016  0.0017  0.0059  0.0023  0.0084  0.0033  0.0048  0.0245  0.0556  0.0032  0.0042  0.0056  0.0089  1.0000  0.0084  0.0064  0.0066  0.0008  0.0000  0.0020  0.0000  0.0000  0.0000
 0.0083  0.0000  0.0009  0.0031  0.0095  0.0014  0.0056  0.0047  0.0027  0.0768  0.0521  0.0020  0.0063  0.0050  1.0000  0.0290  0.0616  0.0077  0.0038  0.0009  0.0000  0.0025  0.0000  0.0000  0.0000
 0.1154  0.0000  0.0034  0.0025  0.0033  0.0021  0.0169  0.0007  0.0042  0.0036  0.0542  0.0026  0.0022  1.0000  0.0025  0.0026  0.0157  0.0066  0.0089  0.0006  0.0000  0.0011  0.0000  0.0000  0.0000
 0.0071  0.0000  0.0018  0.0008  0.0018  0.0156  0.0014  0.0012  1.0000  0.0026  0.1739  0.0194  0.0016  0.0027  0.1062  0.0024  0.0020  0.0044  0.0233  0.0018  0.0000  0.0021  0.0000  0.0000  0.0000
 0.0033  0.0000  0.0008  0.0004  0.0008  0.0064  0.0006  0.0005  0.0138  0.0010  1.0000  0.0078  0.0006  0.0012  0.0013  0.0009  0.0009  0.0020  0.1732  0.0008  0.0000  0.0010  0.0000  0.0000  0.0000
 0.1202  0.0000  0.0015  1.0000  0.1634  0.0019  0.0202  0.0071  0.0028  0.0775  0.0050  0.0019  0.1389  0.0099  0.0182  0.0092  0.0883  0.0124  0.0047  0.0009  0.0000  0.0034  0.0000  0.0000  0.0000
 1.0000  0.0000  0.0042  0.0024  0.0041  0.0020  0.0114  0.0008  0.0121  0.0041  0.0100  0.0033  0.0022  0.0075  0.0543  0.0027  0.0122  0.0115  0.1981  0.0005  0.0000  0.0010  0.0000  0.0000  0.0000
 0.0087  0.0000  0.0023  0.0012  0.0020  0.0105  0.0020  0.0006  1.0000  0.0026  0.0578  0.6266  0.0016  0.0022  0.0019  0.0021  0.0025  0.0075  0.1234  0.0013  0.0000  0.0031  0.0000  0.0000  0.0000
 0.0499  0.0000  0.0065  0.8876  1.0000  0.0071  0.0928  0.0309  0.0063  0.0591  0.0117  0.0046  0.4530  0.0340  0.0537  0.0250  0.1709  0.1035  0.0111  0.0036  0.0000  0.0156  0.0000  0.0000  0.0000
 1.0000  0.0000  0.0080  0.0802  0.2302  0.0091  0.0493  0.0174  0.1145  0.1181  0.0786  0.0145  0.1210  0.0363  0.1025  0.0674  0.1547  0.1414  0.0409  0.0030  0.0000  0.0087  0.0000  0.0000  0.0000
 0.0000  0.0000  0.0000  0.0000  0.0000  0.0000  0.0000  0.0000  0.0000  1.0000  0.0000  0.0000  0.0000  0.0000  0.0000  0.0000  0.0000  0.0000  0.0000  0.0000  0.0000  0.0000  0.0000  0.0000  0.0000
 0.0035  0.0000  0.0003  0.0007  0.0048  0.0007  0.0026  0.0031  0.0015  1.0000  0.0035  0.0011  0.0034  0.0028  0.0081  0.3179  0.0029  0.0037  0.0020  0.0006  0.0000  0.0015  0.0000  0.0000  0.0000
 0.0948  0.0000  0.0017  0.0031  0.0174  0.0027  0.0114  0.0107  0.0054  0.6762  0.0125  0.0042  0.0124  0.0107  0.0286  1.0000  0.1531  0.0145  0.0076  0.0019  0.0000  0.0055  0.0000  0.0000  0.0000
 0.0102  0.0000  0.0010  0.0018  0.0142  0.0021  0.0072  0.0091  0.0044  0.2509  0.0605  0.0034  0.0099  0.0080  0.2068  1.0000  0.0083  0.0109  0.0058  0.0310  0.0000  0.0046  0.0000  0.0000  0.0000
 0.0000  0.0000  0.0000  0.0000  0.0000  0.0000  0.0000  0.0000  0.0000  0.0000  0.0000  0.0000  0.0000  0.0000  1.0000  0.0000  0.0000  0.0000  0.0000  0.0000  0.0000  0.0000  0.0000  0.0000  0.0000
 0.0042  0.0000  0.0004  0.0031  0.0070  0.0007  0.0036  0.0027  0.0014  0.0778  0.0032  0.0010  0.0039  0.0031  1.0000  0.0158  0.0034  0.0036  0.0019  0.0005  0.0000  0.0014  0.0000  0.0000  0.0000
 0.0039  0.0000  0.0010  0.0183  0.0056  0.0008  0.0133  0.0650  0.0005  0.0058  0.0011  0.0004  1.0000  0.0032  0.0037  0.0032  0.0100  0.0042  0.0008  0.0005  0.0000  0.0021  0.0000  0.0000  0.0000
 0.0073  0.0000  0.0028  0.0012  0.0019  1.0000  0.0019  0.0007  0.3099  0.0014  0.0628  0.0133  0.0010  0.0029  0.0017  0.0014  0.0035  0.0047  0.0220  0.0168  0.0000  0.0656  0.0000  0.0000  0.0000
//
