ID   UNK_ID; MATRIX
AC   UNK_AC
DE   UNK_DE
MA   UNK_BL
  A   B   C   D   E   F   G   H   I   K   L   M   N   P   Q   R   S   T   V   W   X   Y   Z   *   -
 0.0000  0.0000  0.0000  0.0000  0.0000  0.0000  0.0000  0.0000  0.0000  0.0000  0.0000  1.0000  0.0000  0.0000  0.0000  0.0000  0.0000  0.0000  0.0000  0.0000  0.0000  0.0000  0.0000  0.0000  0.0000
 1.0000  0.0000  0.0000  0.0000  0.0000  0.0000  0.0000  0.0000  0.0000  0.0000  0.0000  0.0000  0.0000  0.0000  0.0000  0.0000  0.0000  0.0000  0.0000  0.0000  0.0000  0.0000  0.0000  0.0000  0.0000
 1.0000  0.0000  0.0769  0.4488  0.8364  0.0541  0.6222  0.0900  0.1215  0.5461  0.2083  0.0785  0.3457  0.2722  0.3621  0.3118  0.8485  0.4038  0.2291  0.0190  0.0000  0.0519  0.0000  0.0000  0.0000
 1.0000  0.0000  0.0937  0.1255  0.1712  0.0842  0.4244  0.0521  0.1477  0.1772  0.3255  0.0805  0.1214  0.2206  0.1220  0.1222  0.5631  0.3203  0.2883  0.0233  0.0000  0.0746  0.0000  0.0000  0.0000
 0.5525  0.0000  0.0515  0.4203  0.6811  0.0796  0.3235  0.1631  0.1540  1.0000  0.2694  0.0938  0.4114  0.2319  0.5064  0.7027  0.5509  0.4726  0.2279  0.0310  0.0000  0.1070  0.0000  0.0000  0.0000
 0.5199  0.0000  0.0484  0.0252  0.0469  0.0281  0.0313  0.0136  0.2179  0.0490  0.1548  0.0486  0.0346  0.0633  0.0359  0.0297  0.1140  1.0000  0.8627  0.0062  0.0000  0.0144  0.0000  0.0000  0.0000
 0.4376  0.0000  0.0132  0.0191  0.0194  0.0071  0.0400  0.0057  0.0245  0.0221  0.0240  0.0096  0.0255  0.0295  0.0156  0.0145  0.1076  1.0000  0.0517  0.0029  0.0000  0.0062  0.0000  0.0000  0.0000
 1.0000  0.0000  0.1799  0.3034  0.3697  0.4357  0.5546  0.3347  0.5351  0.3989  0.5869  0.1935  0.3771  0.3271  0.3154  0.3382  0.9323  0.8731  0.6600  0.1183  0.0000  0.5795  0.0000  0.0000  0.0000
 0.0000  0.0000  0.0000  0.0000  0.0000  0.0000  0.0000  0.0000  0.0000  0.0000  0.0000  0.0000  0.0000  1.0000  0.0000  0.0000  0.0000  0.0000  0.0000  0.0000  0.0000  0.0000  0.0000  0.0000  0.0000
 0.6084  0.0000  0.0439  0.6701  1.0000  0.0472  0.3461  0.1115  0.1084  0.6052  0.1799  0.0654  0.4020  0.2272  0.4197  0.3104  0.4973  0.3576  0.1816  0.0182  0.0000  0.0561  0.0000  0.0000  0.0000
 0.9727  0.0000  0.1130  0.5412  0.7027  0.1079  0.5157  0.1376  0.2140  0.5359  0.2816  0.1076  0.4679  0.3332  0.3810  0.3131  1.0000  0.9291  0.4081  0.0374  0.0000  0.1263  0.0000  0.0000  0.0000
 0.8899  0.0000  0.0366  0.6499  0.1429  0.0205  1.0000  0.0404  0.0283  0.1251  0.0536  0.0220  0.1925  0.1067  0.0844  0.0723  0.6157  0.1227  0.0693  0.0080  0.0000  0.0264  0.0000  0.0000  0.0000
 0.4333  0.0000  0.0467  1.0000  0.8761  0.0459  0.6447  0.1665  0.0752  0.4840  0.1303  0.0474  0.7948  0.2143  0.3571  0.2466  0.7723  0.3238  0.1233  0.0201  0.0000  0.0812  0.0000  0.0000  0.0000
 0.5110  0.0000  0.0651  0.5422  1.0000  0.2065  0.2528  0.2070  0.1706  0.4952  0.2840  0.0994  0.2765  0.2399  0.4304  0.3068  0.3825  0.3219  0.2430  0.0584  0.0000  0.3066  0.0000  0.0000  0.0000
 0.6182  0.0000  0.0545  0.5839  1.0000  0.0449  0.3559  0.0883  0.0780  0.3744  0.1288  0.0521  0.3019  0.3369  0.3196  0.1879  0.6798  0.4160  0.1551  0.0191  0.0000  0.0552  0.0000  0.0000  0.0000
 1.0000  0.0000  0.2118  0.2975  0.4046  0.6694  0.5831  0.5151  0.4363  0.4191  0.6906  0.2378  0.3773  0.3286  0.3673  0.4106  0.7206  0.5849  0.5995  0.1771  0.0000  0.9296  0.0000  0.0000  0.0000
 1.0000  0.0000  0.1070  0.2484  0.1889  0.0546  0.7764  0.0635  0.0719  0.2050  0.1266  0.0572  0.2753  0.7192  0.1353  0.1374  0.7588  0.7341  0.1901  0.0225  0.0000  0.0609  0.0000  0.0000  0.0000
 0.9186  0.0000  0.1004  0.6148  1.0000  0.1695  0.4168  0.1948  0.3713  0.9023  0.4992  0.1623  0.5023  0.3149  0.5934  0.5369  0.7797  0.6790  0.5876  0.0464  0.0000  0.1875  0.0000  0.0000  0.0000
 1.0000  0.0000  0.0924  0.0935  0.1035  0.0370  0.5943  0.0216  0.0442  0.1087  0.0939  0.0434  0.0849  0.2715  0.0742  0.0751  0.5980  0.1875  0.1553  0.0135  0.0000  0.0305  0.0000  0.0000  0.0000
 0.3824  0.0000  0.0224  0.5612  1.0000  0.0303  0.1826  0.0723  0.0740  0.3960  0.1197  0.0444  0.2260  0.1669  0.3394  0.1858  0.3221  0.2758  0.1224  0.0122  0.0000  0.0336  0.0000  0.0000  0.0000
 1.0000  0.0000  0.0637  0.2932  0.4652  0.0626  0.2936  0.0857  0.3008  0.6994  0.2172  0.0772  0.2571  0.1994  0.2978  0.3078  0.6876  0.4418  0.2910  0.0205  0.0000  0.0656  0.0000  0.0000  0.0000
 0.5697  0.0000  0.1121  0.2220  0.3880  0.3168  0.1985  0.1909  0.6260  0.3488  1.0000  0.3019  0.2262  0.1827  0.2616  0.2540  0.4021  0.4271  0.9123  0.0692  0.0000  0.3028  0.0000  0.0000  0.0000
 0.9771  0.0000  0.0828  0.6284  1.0000  0.0895  0.5068  0.1459  0.2088  0.9157  0.3385  0.1218  0.5100  0.3291  0.5888  0.5284  0.8867  0.6945  0.3628  0.0290  0.0000  0.0911  0.0000  0.0000  0.0000
 0.7926  0.0000  0.0228  0.4439  1.0000  0.0297  0.1761  0.0753  0.0629  0.6865  0.1110  0.0408  0.1656  0.1588  0.3151  0.2732  0.2421  0.1887  0.1116  0.0138  0.0000  0.0385  0.0000  0.0000  0.0000
 0.7851  0.0000  0.0662  0.6212  1.0000  0.0968  0.3948  0.1554  0.2178  0.9310  0.3477  0.1199  0.5009  0.2842  0.5943  0.5438  0.7472  0.5921  0.3340  0.0295  0.0000  0.1048  0.0000  0.0000  0.0000
 0.7262  0.0000  0.0509  0.6211  1.0000  0.0504  0.3613  0.1188  0.1871  0.8940  0.2881  0.1011  0.4690  0.2635  0.5663  0.5121  0.6936  0.5432  0.2717  0.0173  0.0000  0.0409  0.0000  0.0000  0.0000
 0.6977  0.0000  0.1094  0.2737  0.4851  0.1072  0.1586  0.0938  0.4923  0.4004  0.4340  0.1369  0.2164  0.2040  0.2743  0.2375  0.3585  0.5336  1.0000  0.0260  0.0000  0.0924  0.0000  0.0000  0.0000
 0.7753  0.0000  0.1939  0.3128  0.5201  0.6281  0.4157  0.5506  0.5102  1.0000  0.7833  0.2624  0.4706  0.3328  0.5573  0.8831  0.7750  0.8955  0.7209  0.1762  0.0000  0.8815  0.0000  0.0000  0.0000
 0.6234  0.0000  0.0396  0.1543  0.2083  0.0251  0.4709  0.0353  0.0555  0.2020  0.0867  0.0349  0.1460  0.1222  0.3564  0.1197  1.0000  0.5363  0.1048  0.0099  0.0000  0.0246  0.0000  0.0000  0.0000
 0.3342  0.0000  0.0539  0.1514  0.1596  0.0350  0.1402  0.0545  0.0858  0.2692  0.1034  0.0471  0.2250  0.1784  0.1506  0.2546  0.8190  1.0000  0.1391  0.0194  0.0000  0.0434  0.0000  0.0000  0.0000
 0.7912  0.0000  0.0663  0.6155  1.0000  0.0960  0.4037  0.1584  0.2084  0.9591  0.3463  0.1186  0.4958  0.2916  0.5989  0.5741  0.7436  0.5857  0.3155  0.0302  0.0000  0.1060  0.0000  0.0000  0.0000
 0.4977  0.0000  0.1348  0.2896  0.2568  1.0000  0.2877  0.3902  0.3040  0.2309  0.5213  0.1695  0.2751  0.1688  0.2284  0.2559  0.3388  0.3058  0.3845  0.1794  0.0000  0.9396  0.0000  0.0000  0.0000
 0.0000  0.0000  0.0000  0.0000  0.0000  0.0000  0.0000  0.0000  0.0000  0.0000  1.0000  0.0000  0.0000  0.0000  0.0000  0.0000  0.0000  0.0000  0.0000  0.0000  0.0000  0.0000  0.0000  0.0000  0.0000
 0.3941  0.0000  0.0267  0.5559  1.0000  0.0310  0.2228  0.0798  0.0859  0.4637  0.1412  0.0508  0.2949  0.2937  0.3416  0.3231  0.8709  0.2897  0.1352  0.0120  0.0000  0.0334  0.0000  0.0000  0.0000
 0.0294  0.0000  0.0068  0.2662  0.0413  0.0057  1.0000  0.0298  0.0029  0.0396  0.0064  0.0023  0.5016  0.0227  0.0266  0.0201  0.3277  0.0305  0.0050  0.0029  0.0000  0.0151  0.0000  0.0000  0.0000
 0.3882  0.0000  0.0389  0.1821  0.4055  0.0675  0.1978  0.1467  0.1329  1.0000  0.3456  0.0775  0.2393  0.2053  0.4073  0.7822  0.3152  0.3250  0.2063  0.0294  0.0000  0.0995  0.0000  0.0000  0.0000
 0.8869  0.0000  0.1033  0.5630  0.9275  0.1083  0.3518  0.1497  0.4059  0.8609  0.4291  0.1476  0.4934  0.3130  0.5486  0.5182  0.9196  1.0000  0.6996  0.0338  0.0000  0.1059  0.0000  0.0000  0.0000
 0.0038  0.0000  0.0009  0.0006  0.0009  0.0065  0.0012  0.0006  0.0121  0.0012  1.0000  0.0077  0.0009  0.0015  0.0014  0.0011  0.0017  0.0483  0.0079  0.0009  0.0000  0.0012  0.0000  0.0000  0.0000
 0.0125  0.0000  0.0038  0.0024  0.0034  0.0235  0.0046  0.0010  0.7940  0.0050  1.0000  0.1469  0.0033  0.0034  0.0034  0.0043  0.0047  0.0120  0.7561  0.0028  0.0000  0.0068  0.0000  0.0000  0.0000
 0.7918  0.0000  0.0498  0.2342  0.3516  0.0354  0.2052  0.0738  0.1001  1.0000  0.1472  0.0582  0.2555  0.1751  0.3769  0.3345  0.7403  0.8912  0.1626  0.0183  0.0000  0.0410  0.0000  0.0000  0.0000
 0.0000  0.0000  0.0000  0.0000  0.0000  0.0000  0.0000  0.0000  0.0000  0.0000  0.0000  0.0000  0.0000  0.0000  1.0000  0.0000  0.0000  0.0000  0.0000  0.0000  0.0000  0.0000  0.0000  0.0000  0.0000
 0.0000  0.0000  0.0000  0.0000  0.0000  0.0000  1.0000  0.0000  0.0000  0.0000  0.0000  0.0000  0.0000  0.0000  0.0000  0.0000  0.0000  0.0000  0.0000  0.0000  0.0000  0.0000  0.0000  0.0000  0.0000
 1.0000  0.0000  0.0022  0.0018  0.0021  0.0009  0.0768  0.0004  0.0010  0.0022  0.0022  0.0010  0.0016  0.0056  0.0015  0.0016  0.0114  0.0038  0.0036  0.0003  0.0000  0.0007  0.0000  0.0000  0.0000
 0.0145  0.0000  0.0013  0.0222  1.0000  0.0014  0.0750  0.0030  0.0016  0.0092  0.0031  0.0011  0.0083  0.0078  0.0099  0.0040  0.0092  0.0053  0.0031  0.0009  0.0000  0.0019  0.0000  0.0000  0.0000
 1.0000  0.0000  0.0065  0.0054  0.0059  0.0025  0.6458  0.0012  0.0028  0.0064  0.0062  0.0029  0.0047  0.0162  0.0044  0.0046  0.0329  0.0111  0.0105  0.0009  0.0000  0.0020  0.0000  0.0000  0.0000
 0.0081  0.0000  0.0008  0.0015  0.0112  0.0017  0.0057  0.0786  0.0035  0.1390  0.0082  0.0027  0.0078  0.0063  0.0191  1.0000  0.0066  0.0086  0.0569  0.0013  0.0000  0.0037  0.0000  0.0000  0.0000
 0.0305  0.0000  0.0063  0.0018  0.0049  0.0095  0.0011  0.0015  0.0567  0.0052  0.6827  0.0135  0.0027  0.0069  0.0042  0.0033  0.0055  0.1404  1.0000  0.0013  0.0000  0.0022  0.0000  0.0000  0.0000
 0.0028  0.0000  0.0014  0.0004  0.0007  0.7892  0.0005  0.0000  0.0061  0.0000  0.0148  0.0030  0.0000  0.0011  0.0000  0.0000  0.0020  0.0018  0.0056  0.0138  0.0000  1.0000  0.0000  0.0000  0.0000
 0.1953  0.0000  0.0082  0.0528  0.4055  0.0130  0.0549  0.0444  0.0326  0.9113  0.1736  0.0213  0.0727  0.0511  0.1353  1.0000  0.0839  0.0839  0.1156  0.0077  0.0000  0.0219  0.0000  0.0000  0.0000
 0.4087  0.0000  0.0720  0.1324  0.0829  0.0290  0.2865  0.0351  0.0644  0.1314  0.0735  0.0377  0.1988  0.1501  0.0820  0.0726  0.7807  1.0000  0.1217  0.0161  0.0000  0.0330  0.0000  0.0000  0.0000
 0.6718  0.0000  0.1887  0.4200  0.4945  0.6983  0.4533  0.5744  0.4257  0.5036  0.7077  0.2390  0.5164  0.2724  0.4244  0.4926  0.6324  0.6016  0.5539  0.1857  0.0000  1.0000  0.0000  0.0000  0.0000
 0.0103  0.0000  0.0035  0.0038  0.0052  1.0000  0.0061  0.0493  0.0135  0.0057  0.2104  0.0083  0.0058  0.0042  0.0059  0.0067  0.0075  0.0077  0.0125  0.0037  0.0000  0.1628  0.0000  0.0000  0.0000
 0.1843  0.0000  0.0622  0.0685  0.0931  0.4068  0.1099  0.1787  0.2143  0.1010  1.0000  0.1262  0.1036  0.1287  0.3004  0.1190  0.1348  0.1389  0.4223  0.0649  0.0000  0.4163  0.0000  0.0000  0.0000
 0.0118  0.0000  0.0029  0.2383  0.0175  0.0024  1.0000  0.0653  0.0012  0.0169  0.0026  0.0009  0.1625  0.0096  0.0113  0.0086  0.2006  0.0126  0.0020  0.0013  0.0000  0.0065  0.0000  0.0000  0.0000
 0.3508  0.0000  0.0626  0.1610  0.3824  0.2188  0.2089  0.2403  0.2454  1.0000  0.4036  0.1143  0.2492  0.1752  0.4095  0.9783  0.2929  0.3430  0.2560  0.0636  0.0000  0.2900  0.0000  0.0000  0.0000
 0.4204  0.0000  0.0040  0.0201  0.0623  0.0072  0.0294  0.0283  0.0160  0.6220  0.0351  0.0117  0.0991  1.0000  0.1993  0.2575  0.0395  0.0427  0.0222  0.0049  0.0000  0.0140  0.0000  0.0000  0.0000
 1.0000  0.0000  0.5327  0.0158  0.0158  0.0067  0.0802  0.0040  0.0119  0.0187  0.0181  0.0085  0.0190  0.0409  0.0134  0.0129  0.2328  0.1439  0.0331  0.0028  0.0000  0.0056  0.0000  0.0000  0.0000
 0.6617  0.0000  0.0143  0.0045  0.0110  0.0186  0.0038  0.0024  0.5870  0.0120  0.1873  0.0247  0.0063  0.0139  0.0078  0.0076  0.0118  0.0503  1.0000  0.0025  0.0000  0.0071  0.0000  0.0000  0.0000
 0.1713  0.0000  0.0100  0.0041  0.0083  0.0350  0.0054  0.0026  0.5718  0.0101  1.0000  0.1665  0.0060  0.0103  0.0080  0.0076  0.0095  0.0330  0.9461  0.0043  0.0000  0.0089  0.0000  0.0000  0.0000
 0.0000  0.0000  0.0000  0.0000  0.0000  0.0000  0.0000  0.0000  0.0000  1.0000  0.0000  0.0000  0.0000  0.0000  0.0000  0.0000  0.0000  0.0000  0.0000  0.0000  0.0000  0.0000  0.0000  0.0000  0.0000
 0.5017  0.0000  0.1796  0.2028  0.3094  0.7000  0.3256  0.5572  0.3938  0.2870  0.6510  0.2187  0.3035  0.2019  0.2901  0.3434  0.3960  0.3870  0.5125  0.1829  0.0000  1.0000  0.0000  0.0000  0.0000
 0.0000  0.0000  0.0000  0.0000  0.0000  0.0000  0.0000  0.0000  0.0000  0.0000  0.0000  0.0000  0.0000  0.0000  0.0000  1.0000  0.0000  0.0000  0.0000  0.0000  0.0000  0.0000  0.0000  0.0000  0.0000
 0.6595  0.0000  0.1149  0.0547  0.1022  0.2460  0.1318  0.0413  0.5193  0.1102  0.5586  0.1539  0.0720  0.1735  0.0840  0.0751  0.2474  0.4345  1.0000  0.0454  0.0000  0.1547  0.0000  0.0000  0.0000
 1.0000  0.0000  0.1028  0.1209  0.1345  0.0746  0.5027  0.0661  0.0886  0.1563  0.1648  0.0615  0.1306  0.3503  0.1057  0.1167  0.7079  0.3724  0.2167  0.0246  0.0000  0.0824  0.0000  0.0000  0.0000
 0.0027  0.0000  0.0003  0.0007  0.0037  0.0006  0.0022  0.0023  0.0011  1.0000  0.0027  0.0009  0.0026  0.0022  0.0061  0.0339  0.0023  0.0028  0.0015  0.0004  0.0000  0.0012  0.0000  0.0000  0.0000
 0.5210  0.0000  0.0262  0.1992  0.3513  0.0349  0.3641  0.1650  0.0784  1.0000  0.1440  0.0499  0.2067  0.7058  0.2853  0.6170  0.3602  0.2236  0.1182  0.0157  0.0000  0.0483  0.0000  0.0000  0.0000
 0.0013  0.0000  0.0007  0.0003  0.0003  0.0279  0.0003  0.0000  0.0026  0.0000  0.0064  0.0013  0.0000  0.0005  0.0000  0.0001  0.0009  0.0008  0.0025  0.0521  0.0000  1.0000  0.0000  0.0000  0.0000
 0.0000  0.0000  0.0000  0.0000  0.0000  0.0000  0.0000  0.0000  0.0000  0.0000  0.0000  0.0000  0.0000  0.0000  0.0000  1.0000  0.0000  0.0000  0.0000  0.0000  0.0000  0.0000  0.0000  0.0000  0.0000
 0.0000  0.0000  0.0000  0.0000  0.0000  0.0000  0.0000  1.0000  0.0000  0.0000  0.0000  0.0000  0.0000  0.0000  0.0000  0.0000  0.0000  0.0000  0.0000  0.0000  0.0000  0.0000  0.0000  0.0000  0.0000
 0.0000  0.0000  0.0000  0.0000  0.0000  0.0000  0.0000  0.0000  0.0000  0.0000  0.0000  0.0000  0.0000  1.0000  0.0000  0.0000  0.0000  0.0000  0.0000  0.0000  0.0000  0.0000  0.0000  0.0000  0.0000
 0.5339  0.0000  0.0765  0.0193  0.1385  0.0456  0.0030  0.0151  0.7794  0.0584  0.3751  0.0850  0.0279  0.0804  0.0433  0.0332  0.0575  0.4594  1.0000  0.0075  0.0000  0.0156  0.0000  0.0000  0.0000
 0.0000  0.0000  0.0000  0.0000  0.0000  0.0000  0.0000  0.0000  0.0000  0.0000  1.0000  0.0000  0.0000  0.0000  0.0000  0.0000  0.0000  0.0000  0.0000  0.0000  0.0000  0.0000  0.0000  0.0000  0.0000
 0.0068  0.0000  0.0002  1.0000  0.3179  0.0007  0.0035  0.0018  0.0008  0.0069  0.0015  0.0006  0.0042  0.0042  0.0088  0.0020  0.0040  0.0031  0.0016  0.0003  0.0000  0.0009  0.0000  0.0000  0.0000
 1.0000  0.0000  0.0896  0.5600  0.8920  0.0591  0.3882  0.1123  0.1598  0.7496  0.2582  0.0904  0.4068  0.2250  0.6310  0.5920  0.9450  0.4683  0.2411  0.0188  0.0000  0.0801  0.0000  0.0000  0.0000
 0.0061  0.0000  0.0006  0.0012  0.0084  0.0013  0.0045  0.0054  0.0026  0.6672  0.0061  0.0020  0.0059  0.0049  0.0143  1.0000  0.0050  0.0065  0.0034  0.0010  0.0000  0.0027  0.0000  0.0000  0.0000
 0.0024  0.0000  0.0006  0.0003  0.0006  0.0063  0.0005  0.0005  0.0860  0.0008  1.0000  0.0077  0.0006  0.0010  0.0012  0.0008  0.0007  0.0014  0.0070  0.0007  0.0000  0.0009  0.0000  0.0000  0.0000
 0.0795  0.0000  0.0118  0.0252  0.0152  0.0055  0.1939  0.0065  0.0127  0.0206  0.0141  0.0074  0.0386  0.0294  0.0154  0.0131  0.4028  1.0000  0.0239  0.0031  0.0000  0.0062  0.0000  0.0000  0.0000
 0.1626  0.0000  0.0601  0.0627  0.1482  0.1342  0.1047  0.2583  0.1212  0.6137  0.3562  0.0591  0.1179  0.0843  0.1908  1.0000  0.2208  0.1420  0.1266  0.0406  0.0000  0.1978  0.0000  0.0000  0.0000
 0.2306  0.0000  0.0031  0.0063  0.0455  0.0066  0.0230  0.0285  0.0137  0.8806  0.0324  0.0107  0.0312  0.0253  0.8480  1.0000  0.0267  0.0345  0.0183  0.0050  0.0000  0.0143  0.0000  0.0000  0.0000
 0.0000  0.0000  0.0000  0.0000  0.0000  0.0000  0.0000  0.0000  0.0000  0.0000  0.0000  0.0000  0.0000  0.0000  0.0000  1.0000  0.0000  0.0000  0.0000  0.0000  0.0000  0.0000  0.0000  0.0000  0.0000
 0.1459  0.0000  0.1248  0.0097  0.0246  0.0621  0.0075  0.0078  1.0000  0.0270  0.9985  0.2102  0.0146  0.0333  0.0218  0.0182  0.0260  0.6367  0.5875  0.0080  0.0000  0.0157  0.0000  0.0000  0.0000
 0.6644  0.0000  0.1020  0.0558  0.0951  0.0890  0.1431  0.0387  0.4434  0.1018  0.5940  0.1188  0.1462  0.1469  0.0768  0.0685  0.2510  0.3809  1.0000  0.0184  0.0000  0.0534  0.0000  0.0000  0.0000
 0.7225  0.0000  0.0572  0.1519  0.2744  0.1959  0.2269  0.1361  0.1210  0.5358  0.2114  0.0981  0.1676  0.1477  1.0000  0.3631  0.3374  0.2414  0.1854  0.0391  0.0000  0.1778  0.0000  0.0000  0.0000
 0.0000  0.0000  0.0000  0.0000  1.0000  0.0000  0.0000  0.0000  0.0000  0.0000  0.0000  0.0000  0.0000  0.0000  0.0000  0.0000  0.0000  0.0000  0.0000  0.0000  0.0000  0.0000  0.0000  0.0000  0.0000
 1.0000  0.0000  0.0048  0.0032  0.0042  0.0019  0.0225  0.0008  0.0055  0.0045  0.0064  0.0026  0.0030  0.0109  0.0032  0.0032  0.0952  0.0108  0.2184  0.0006  0.0000  0.0013  0.0000  0.0000  0.0000
 0.0034  0.0000  0.0003  0.0007  0.0047  0.0007  0.0026  0.0030  0.0014  0.1840  0.0034  0.0011  0.0033  0.0027  0.0079  1.0000  0.0028  0.0036  0.0019  0.0005  0.0000  0.0015  0.0000  0.0000  0.0000
 0.6567  0.0000  1.0000  0.0240  0.0498  0.0516  0.0243  0.0305  0.3588  0.0505  0.2935  0.0556  0.1827  0.0591  0.0402  0.0359  0.6416  0.1879  0.7001  0.0116  0.0000  0.0473  0.0000  0.0000  0.0000
 0.0050  0.0000  0.0013  0.0006  0.0013  0.0134  0.0010  0.0010  0.2819  0.0017  1.0000  0.3209  0.0012  0.0021  0.0026  0.0017  0.0014  0.0029  0.0147  0.0016  0.0000  0.0017  0.0000  0.0000  0.0000
 0.8117  0.0000  0.0898  0.5204  0.8252  0.0993  0.3325  0.1374  0.2894  0.7554  0.4433  0.1263  0.4842  0.2849  0.4928  0.4399  0.9298  1.0000  0.5576  0.0320  0.0000  0.1028  0.0000  0.0000  0.0000
 0.0062  0.0000  0.0006  0.0012  0.0085  0.0013  0.0045  0.0054  0.0026  1.0000  0.0062  0.0020  0.0060  0.0049  0.0144  0.6706  0.0051  0.0065  0.0035  0.0010  0.0000  0.0027  0.0000  0.0000  0.0000
 0.3543  0.0000  1.0000  0.0060  0.0089  0.0131  0.0375  0.0024  0.0333  0.0098  0.3971  0.0163  0.0061  0.0208  0.0077  0.0070  0.0369  0.0241  0.0520  0.0023  0.0000  0.0042  0.0000  0.0000  0.0000
 0.1615  0.0000  0.0088  0.0423  0.0878  0.0225  0.0419  0.0358  0.0274  0.2853  0.1004  0.0172  0.0525  0.0347  0.1435  1.0000  0.1771  0.0611  0.0636  0.0467  0.0000  0.0331  0.0000  0.0000  0.0000
 0.0072  0.0000  0.0007  0.0013  0.0100  0.0015  0.0051  0.0064  0.0031  0.3793  0.0073  0.0024  0.0070  0.0056  0.1025  1.0000  0.0059  0.0725  0.0041  0.0011  0.0000  0.0032  0.0000  0.0000  0.0000
 0.2360  0.0000  0.0070  0.5024  1.0000  0.0196  0.0923  0.0497  0.0351  0.2423  0.0685  0.0237  0.1057  0.1222  0.2638  0.0875  0.1401  0.1165  0.0620  0.0086  0.0000  0.0242  0.0000  0.0000  0.0000
 0.0083  0.0000  0.0015  0.0306  0.1036  0.0013  1.0000  0.0064  0.0009  0.0320  0.0019  0.0007  0.0520  0.0056  0.0075  0.0063  0.0162  0.0068  0.0016  0.0007  0.0000  0.0033  0.0000  0.0000  0.0000
 0.0942  0.0000  0.0056  0.0018  0.0043  0.0066  0.0014  0.0009  1.0000  0.0047  0.1236  0.0089  0.0024  0.0054  0.0030  0.0029  0.0046  0.1099  0.8352  0.0009  0.0000  0.0027  0.0000  0.0000  0.0000
 0.5730  0.0000  0.1411  0.2310  0.4947  0.0444  0.1490  0.0639  0.0817  0.4393  0.2145  0.0462  0.1880  1.0000  0.3716  0.2018  0.6001  0.2201  0.1211  0.0549  0.0000  0.0515  0.0000  0.0000  0.0000
 0.5648  0.0000  0.0960  0.0090  0.0243  0.0163  0.0110  0.0061  0.1526  0.0245  0.1049  0.0324  0.0128  0.0369  0.0183  0.0140  0.0372  0.4109  1.0000  0.0030  0.0000  0.0054  0.0000  0.0000  0.0000
 0.0000  0.0000  0.0000  0.0000  0.0000  0.0000  0.0000  0.0000  0.0000  0.0000  0.0000  0.0000  0.0000  1.0000  0.0000  0.0000  0.0000  0.0000  0.0000  0.0000  0.0000  0.0000  0.0000  0.0000  0.0000
 1.0000  0.0000  0.1283  0.1948  0.2517  0.2237  0.5900  0.1588  0.4798  0.2650  0.4088  0.1241  0.2223  0.2711  0.1987  0.2056  0.7645  0.6204  0.7874  0.0610  0.0000  0.2746  0.0000  0.0000  0.0000
 0.0054  0.0000  0.0015  0.0008  0.0013  0.0068  0.0015  0.0003  0.1460  0.0018  0.5092  0.0074  0.0011  0.0013  0.0011  0.0014  0.0017  0.0050  1.0000  0.0008  0.0000  0.0022  0.0000  0.0000  0.0000
 0.0054  0.0000  0.0027  0.0009  0.0014  0.3482  0.0009  0.0002  0.0124  0.0002  0.3304  0.0063  0.0001  0.0021  0.0002  0.0002  0.0037  0.0034  0.0110  0.0249  0.0000  1.0000  0.0000  0.0000  0.0000
 1.0000  0.0000  0.1532  0.1938  0.2063  0.3572  0.5449  0.2381  0.3070  0.2288  0.6089  0.1838  0.2467  0.2836  0.1954  0.2149  0.6412  0.4574  0.4322  0.0890  0.0000  0.4185  0.0000  0.0000  0.0000
 0.1046  0.0000  0.0063  0.0017  0.0050  0.0108  0.0009  0.0017  0.0440  0.0053  0.2818  0.0544  0.0027  0.0071  0.0737  0.0034  0.0051  0.0212  1.0000  0.0014  0.0000  0.0021  0.0000  0.0000  0.0000
 0.0030  0.0000  0.0007  1.0000  0.0050  0.0006  0.0100  0.0030  0.0003  0.0041  0.0007  0.0002  0.0701  0.0024  0.0028  0.0021  0.0076  0.0031  0.0005  0.0003  0.0000  0.0015  0.0000  0.0000  0.0000
 0.5102  0.0000  0.1747  0.2045  0.2774  0.6889  0.3245  0.5313  0.3977  0.2975  0.6420  0.2179  0.3035  0.2174  0.2921  0.3466  0.3967  0.3907  0.5154  0.1866  0.0000  1.0000  0.0000  0.0000  0.0000
 1.0000  0.0000  0.0474  0.6058  0.9278  0.0452  0.4851  0.1081  0.1658  0.8696  0.3684  0.0938  0.4987  0.2425  0.5206  0.4637  0.6904  0.5707  0.4371  0.0155  0.0000  0.0352  0.0000  0.0000  0.0000
 0.9167  0.0000  0.1166  0.6389  1.0000  0.2396  0.4606  0.2611  0.2854  0.9387  0.5212  0.1608  0.6155  0.3223  0.6259  0.5969  0.9520  0.7874  0.4398  0.0677  0.0000  0.3102  0.0000  0.0000  0.0000
 0.1224  0.0000  0.0692  0.5599  0.1629  0.0244  0.6854  0.2956  0.0123  0.1589  0.0270  0.0097  1.0000  0.0920  0.1062  0.0817  0.3068  0.1200  0.0212  0.0122  0.0000  0.0626  0.0000  0.0000  0.0000
 0.8084  0.0000  0.3636  0.3818  0.5534  0.7086  0.4526  0.5707  0.4643  0.5626  0.7750  0.2566  0.4849  0.3177  0.4593  0.5511  0.9160  1.0000  0.6229  0.3976  0.0000  0.9989  0.0000  0.0000  0.0000
 0.0066  0.0000  0.0017  0.0008  0.0017  0.0175  0.0013  0.0013  0.6242  0.0023  1.0000  0.0665  0.0016  0.0027  0.0033  0.0022  0.0019  0.0039  0.0211  0.0020  0.0000  0.0023  0.0000  0.0000  0.0000
 0.3064  0.0000  0.0781  0.0871  0.1172  0.5711  0.1397  0.2275  0.2351  0.1253  0.7968  0.2539  0.1308  0.0915  0.1287  0.1488  0.1721  0.4280  0.2534  0.0896  0.0000  1.0000  0.0000  0.0000  0.0000
 0.0093  0.0000  0.0024  0.0011  0.0024  0.3084  0.0018  0.0018  0.0469  0.0031  0.4839  1.0000  0.0023  0.0039  0.0048  0.0031  0.0026  0.0054  0.1137  0.0030  0.0000  0.0038  0.0000  0.0000  0.0000
 0.0000  0.0000  0.0000  0.0000  1.0000  0.0000  0.0000  0.0000  0.0000  0.0000  0.0000  0.0000  0.0000  0.0000  0.0000  0.0000  0.0000  0.0000  0.0000  0.0000  0.0000  0.0000  0.0000  0.0000  0.0000
 0.4843  0.0000  0.1653  0.2719  0.3827  0.6797  0.3195  0.5213  0.3675  0.2846  0.6069  0.2063  0.3052  0.1982  0.2892  0.3281  0.3847  0.3709  0.4696  0.3012  0.0000  1.0000  0.0000  0.0000  0.0000
 0.0026  0.0000  0.0008  0.0005  0.0007  0.0030  0.0010  0.0000  1.0000  0.0010  0.0158  0.0029  0.0006  0.0005  0.0003  0.0008  0.0010  0.0028  0.4222  0.0004  0.0000  0.0014  0.0000  0.0000  0.0000
 0.0394  0.0000  0.0006  0.3279  1.0000  0.0035  0.0146  0.0094  0.0049  0.1265  0.0089  0.0036  0.0164  0.0236  0.0516  0.0111  0.0200  0.0174  0.1316  0.0017  0.0000  0.0047  0.0000  0.0000  0.0000
 0.0162  0.0000  0.0021  0.2929  0.1166  0.0021  1.0000  0.0093  0.0016  0.0168  0.0033  0.0013  0.0449  0.0103  0.0153  0.0071  0.0239  0.0108  0.0031  0.0011  0.0000  0.0047  0.0000  0.0000  0.0000
 0.5214  0.0000  0.0305  0.4293  0.7513  0.0289  0.2145  0.0692  0.1044  0.5171  0.1681  0.0592  0.2785  0.3319  0.3319  0.4317  1.0000  0.3686  0.1598  0.0101  0.0000  0.0229  0.0000  0.0000  0.0000
 0.0628  0.0000  0.3144  0.0043  0.0104  0.0170  0.0036  0.0022  0.5874  0.0115  0.2881  0.0225  0.0060  0.0131  0.0072  0.0072  0.0113  0.1642  1.0000  0.0023  0.0000  0.0069  0.0000  0.0000  0.0000
 0.1787  0.0000  0.0133  0.0270  0.0267  0.0068  0.1059  0.0073  0.0155  0.1415  0.0190  0.0092  0.0377  0.0345  0.0224  0.0202  0.8325  1.0000  0.2744  0.0035  0.0000  0.0071  0.0000  0.0000  0.0000
 0.0028  0.0000  0.0007  0.0004  0.0006  0.0021  0.0006  0.0001  0.1725  0.0008  0.0111  0.0021  0.0005  0.0006  0.0003  0.0006  0.0008  0.0026  1.0000  0.0003  0.0000  0.0010  0.0000  0.0000  0.0000
 0.0135  0.0000  0.0013  0.0029  0.0189  0.0028  0.0098  0.0120  0.0057  0.6332  0.0136  0.0045  0.2462  0.0106  0.1430  1.0000  0.0112  0.0145  0.0076  0.0021  0.0000  0.0061  0.0000  0.0000  0.0000
 0.0378  0.0000  0.0006  1.0000  0.6211  0.0035  0.0160  0.1391  0.0045  0.0386  0.0084  0.0035  0.0193  0.0230  0.4310  0.0105  0.0204  0.0169  0.0087  0.0016  0.0000  0.0049  0.0000  0.0000  0.0000
 0.2408  0.0000  0.0647  0.0745  0.0992  0.2556  0.1195  0.4155  0.3372  0.1057  0.2388  0.0809  0.1115  0.0746  0.1067  0.1263  0.1456  0.1437  0.5972  0.2908  0.0000  1.0000  0.0000  0.0000  0.0000
 0.0103  0.0000  0.0034  0.0023  0.0030  0.3275  0.0045  0.0007  1.0000  0.0045  0.7621  0.0217  0.0030  0.0026  0.0026  0.0039  0.0043  0.0108  0.6422  0.0025  0.0000  0.0068  0.0000  0.0000  0.0000
 0.7773  0.0000  0.0672  0.6265  1.0000  0.1100  0.3981  0.1652  0.2160  0.9275  0.3507  0.1219  0.5069  0.2838  0.5978  0.5400  0.7464  0.5900  0.3204  0.0328  0.0000  0.1255  0.0000  0.0000  0.0000
 0.5079  0.0000  0.0800  0.4582  0.7702  0.0349  0.3243  0.1289  0.1262  0.7844  0.2037  0.0714  0.3352  0.1848  0.4972  0.5137  1.0000  0.3855  0.1922  0.0119  0.0000  0.0277  0.0000  0.0000  0.0000
 0.5089  0.0000  0.1769  0.2065  0.2746  0.8231  0.3296  0.5408  0.4189  0.2925  0.6500  0.2502  0.3461  0.2049  0.2944  0.4169  0.4262  0.4838  0.5370  0.2961  0.0000  1.0000  0.0000  0.0000  0.0000
 0.7085  0.0000  0.0548  0.5826  1.0000  0.0706  0.3890  0.1346  0.1850  0.8972  0.3159  0.1369  0.4635  0.2774  0.5976  0.5283  0.6817  0.5477  0.2784  0.0230  0.0000  0.0718  0.0000  0.0000  0.0000
 0.2205  0.0000  0.0165  0.1611  0.9567  0.0207  0.1191  0.0661  0.0617  1.0000  0.1976  0.0388  0.1567  0.0983  0.4897  0.6107  0.5863  0.1795  0.0907  0.0107  0.0000  0.0281  0.0000  0.0000  0.0000
 0.6566  0.0000  0.1874  0.3335  0.4749  0.7063  0.4037  0.5635  0.4294  0.4760  0.7085  0.2400  0.4111  0.2588  0.4100  0.4502  0.5637  0.5236  0.5554  0.1938  0.0000  1.0000  0.0000  0.0000  0.0000
 0.7096  0.0000  0.0505  0.5679  1.0000  0.0542  0.4657  0.1173  0.1741  0.8732  0.2981  0.1182  0.4510  0.2508  0.5373  0.4954  0.6677  0.5475  0.2707  0.0180  0.0000  0.0475  0.0000  0.0000  0.0000
 0.6360  0.0000  0.0781  0.4988  0.9126  0.0490  0.3054  0.1037  0.2061  1.0000  0.2522  0.0881  0.5110  0.2217  0.6260  0.4251  0.5869  0.4641  0.3409  0.0161  0.0000  0.0429  0.0000  0.0000  0.0000
 0.7772  0.0000  0.0715  0.7170  1.0000  0.1552  0.3586  0.2586  0.2116  0.7786  0.3435  0.1194  0.5807  0.2509  0.5125  0.4689  0.8999  0.5620  0.3460  0.0441  0.0000  0.2415  0.0000  0.0000  0.0000
 0.3238  0.0000  0.0198  0.3789  1.0000  0.0193  0.1437  0.0471  0.0700  0.4494  0.1133  0.0399  0.1863  0.3300  0.3287  0.1957  0.3843  0.3422  0.1073  0.0068  0.0000  0.0152  0.0000  0.0000  0.0000
 0.2622  0.0000  0.0185  0.2841  1.0000  0.0173  0.1319  0.0421  0.0649  0.4365  0.1047  0.0367  0.3027  0.0952  0.5735  0.2304  0.4701  0.3624  0.1820  0.0060  0.0000  0.0131  0.0000  0.0000  0.0000
 0.7309  0.0000  0.0729  0.6464  1.0000  0.0487  0.3753  0.1171  0.1800  0.9018  0.3016  0.1018  0.4816  0.2838  0.6046  0.5319  0.7211  0.5507  0.2743  0.0214  0.0000  0.0375  0.0000  0.0000  0.0000
 0.0109  0.0000  0.0028  0.0013  0.0028  0.0278  0.0021  0.0792  0.4287  0.0038  1.0000  0.0346  0.0026  0.0045  0.0055  0.0037  0.0030  0.0064  0.0297  0.0033  0.0000  0.0036  0.0000  0.0000  0.0000
 0.9310  0.0000  0.1550  0.6439  1.0000  0.4659  0.5134  0.4290  0.3952  0.9442  0.6444  0.2207  0.5964  0.3501  0.6643  0.6454  0.8496  0.7103  0.5415  0.1258  0.0000  0.6367  0.0000  0.0000  0.0000
 0.7842  0.0000  0.0392  1.0000  0.9607  0.0366  0.2794  0.0891  0.1374  0.8682  0.2216  0.0777  0.4306  0.2015  0.4987  0.4616  0.7233  0.4824  0.2706  0.0126  0.0000  0.0277  0.0000  0.0000  0.0000
 0.0047  0.0000  0.0012  0.0006  0.0012  0.0122  0.0010  0.0009  0.4231  0.0016  1.0000  0.0149  0.0011  0.0019  0.0023  0.0016  0.0013  0.0029  0.0163  0.0014  0.0000  0.0017  0.0000  0.0000  0.0000
 0.2826  0.0000  0.0379  0.0131  0.0322  0.1665  0.0197  0.0160  0.4047  0.0372  1.0000  0.2644  0.0225  0.0506  0.0428  0.0297  0.0392  0.1128  0.4149  0.0203  0.0000  0.0239  0.0000  0.0000  0.0000
 0.2110  0.0000  0.0160  0.2309  0.5714  0.0637  0.1068  0.1714  0.0543  0.6900  0.0878  0.1180  0.2396  0.0768  0.1640  1.0000  0.2471  0.3637  0.0821  0.0062  0.0000  0.0183  0.0000  0.0000  0.0000
 0.1073  0.0000  0.0078  0.0848  0.3380  0.0081  0.0556  0.0226  0.0278  0.8712  0.0472  0.0164  0.1960  0.0421  0.5541  1.0000  0.2658  0.2895  0.0418  0.0034  0.0000  0.0083  0.0000  0.0000  0.0000
 0.0069  0.0000  0.0018  0.0009  0.0018  0.0175  0.0015  0.0013  1.0000  0.0024  0.2014  0.3924  0.0017  0.0028  0.0033  0.0023  0.0020  0.0043  0.0270  0.0021  0.0000  0.0025  0.0000  0.0000  0.0000
 0.0000  0.0000  0.0000  0.0000  0.0000  0.0000  1.0000  0.0000  0.0000  0.0000  0.0000  0.0000  0.0000  0.0000  0.0000  0.0000  0.0000  0.0000  0.0000  0.0000  0.0000  0.0000  0.0000  0.0000  0.0000
 0.8135  0.0000  0.0505  0.6524  1.0000  0.0472  0.3599  0.1149  0.1770  0.9894  0.3620  0.1001  0.5914  0.2596  0.7229  0.5374  0.7367  0.5425  0.2699  0.0162  0.0000  0.0358  0.0000  0.0000  0.0000
 0.6362  0.0000  0.0486  0.0723  0.1843  0.0392  0.0428  0.0296  0.2757  0.1226  0.2536  0.0564  0.0665  0.0722  0.1691  0.0726  0.1544  0.2296  1.0000  0.0087  0.0000  0.0296  0.0000  0.0000  0.0000
 0.0075  0.0000  0.0025  0.0017  0.0021  0.0118  0.0033  0.0002  1.0000  0.0032  0.8126  0.0119  0.0021  0.0016  0.0013  0.0026  0.0031  0.0084  0.8924  0.0014  0.0000  0.0048  0.0000  0.0000  0.0000
 0.9978  0.0000  0.0059  0.0050  0.0054  0.0023  1.0000  0.0011  0.0026  0.0059  0.0057  0.0026  0.0043  0.0148  0.0040  0.0043  0.0301  0.0102  0.0096  0.0009  0.0000  0.0018  0.0000  0.0000  0.0000
 0.8098  0.0000  0.0604  0.6210  1.0000  0.0809  0.4091  0.1466  0.2159  0.9928  0.3350  0.1184  0.5095  0.2803  0.5985  0.5991  0.7375  0.5935  0.3031  0.0257  0.0000  0.0836  0.0000  0.0000  0.0000
 0.0085  0.0000  0.0022  0.0010  0.0022  0.0228  0.0017  0.0017  0.4113  0.0029  1.0000  0.8479  0.0021  0.0036  0.0044  0.0029  0.0024  0.0050  0.0252  0.0027  0.0000  0.0029  0.0000  0.0000  0.0000
 0.0000  0.0000  0.0000  0.0000  0.0000  0.0000  0.0000  1.0000  0.0000  0.0000  0.0000  0.0000  0.0000  0.0000  0.0000  0.0000  0.0000  0.0000  0.0000  0.0000  0.0000  0.0000  0.0000  0.0000  0.0000
 0.1276  0.0000  0.0047  1.0000  0.6458  0.0133  0.0609  0.0419  0.0234  0.6586  0.0462  0.0170  0.0764  0.0756  0.2037  0.3693  0.0831  0.0748  0.0384  0.0071  0.0000  0.0205  0.0000  0.0000  0.0000
 0.7475  0.0000  0.0520  0.6056  1.0000  0.0501  0.3863  0.1187  0.1815  0.9001  0.2929  0.1105  0.4896  0.2653  0.5750  0.5073  0.7091  0.5693  0.2818  0.0171  0.0000  0.0394  0.0000  0.0000  0.0000
 0.0310  0.0000  0.0074  0.7932  0.0469  0.0063  1.0000  0.0332  0.0031  0.1484  0.0069  0.0025  0.3068  0.0249  0.0296  0.0223  0.0837  0.0325  0.0052  0.0032  0.0000  0.0168  0.0000  0.0000  0.0000
 0.0137  0.0000  0.0044  0.0029  0.0038  0.0216  0.0057  0.0005  0.8817  0.0057  1.0000  0.0220  0.0037  0.0030  0.0026  0.0047  0.0056  0.0149  0.9910  0.0026  0.0000  0.0084  0.0000  0.0000  0.0000
 0.0036  0.0000  0.0011  0.0007  0.0009  0.0042  0.0014  0.0001  1.0000  0.0013  0.0222  0.0040  0.0009  0.0007  0.0005  0.0011  0.0014  0.0039  0.7535  0.0005  0.0000  0.0020  0.0000  0.0000  0.0000
 0.0000  0.0000  0.0000  0.0000  0.0000  0.0000  0.0000  1.0000  0.0000  0.0000  0.0000  0.0000  0.0000  0.0000  0.0000  0.0000  0.0000  0.0000  0.0000  0.0000  0.0000  0.0000  0.0000  0.0000  0.0000
 0.0000  0.0000  0.0000  0.0000  0.0000  0.0000  1.0000  0.0000  0.0000  0.0000  0.0000  0.0000  0.0000  0.0000  0.0000  0.0000  0.0000  0.0000  0.0000  0.0000  0.0000  0.0000  0.0000  0.0000  0.0000
 0.0000  0.0000  0.0000  1.0000  0.0000  0.0000  0.0000  0.0000  0.0000  0.0000  0.0000  0.0000  0.0000  0.0000  0.0000  0.0000  0.0000  0.0000  0.0000  0.0000  0.0000  0.0000  0.0000  0.0000  0.0000
 0.0000  0.0000  0.0000  0.0000  0.0000  0.0000  0.0000  0.0000  0.0000  0.0000  1.0000  0.0000  0.0000  0.0000  0.0000  0.0000  0.0000  0.0000  0.0000  0.0000  0.0000  0.0000  0.0000  0.0000  0.0000
 0.0000  0.0000  0.0000  0.0000  0.0000  0.0000  0.0000  0.0000  0.0000  0.0000  0.0000  0.0000  0.0000  0.0000  0.0000  0.0000  0.0000  1.0000  0.0000  0.0000  0.0000  0.0000  0.0000  0.0000  0.0000
 0.0000  0.0000  0.0000  0.0000  0.0000  0.0000  0.0000  0.0000  0.0000  0.0000  0.0000  0.0000  0.0000  0.0000  0.0000  0.0000  0.0000  1.0000  0.0000  0.0000  0.0000  0.0000  0.0000  0.0000  0.0000
 0.0865  0.0000  0.0021  0.0020  0.0021  0.0008  0.0115  0.0005  0.0011  0.0023  0.0021  0.0010  0.0020  0.0053  0.0016  0.0016  1.0000  0.0062  0.0036  0.0003  0.0000  0.0007  0.0000  0.0000  0.0000
 0.0000  0.0000  0.0000  0.0000  0.0000  0.0000  0.0000  0.0000  0.0000  0.0000  0.0000  0.0000  1.0000  0.0000  0.0000  0.0000  0.0000  0.0000  0.0000  0.0000  0.0000  0.0000  0.0000  0.0000  0.0000
 0.0041  0.0000  0.0010  0.0005  0.0010  0.0110  0.0009  0.0008  0.0202  0.0014  0.5490  1.0000  0.0010  0.0017  0.0021  0.0014  0.0012  0.0024  0.0112  0.0013  0.0000  0.0015  0.0000  0.0000  0.0000
 0.0076  0.0000  0.0020  0.0009  0.0020  0.0205  0.0015  0.0015  0.4080  0.0026  1.0000  0.6679  0.0019  0.0032  0.0039  0.0026  0.0021  0.0045  0.0226  0.0024  0.0000  0.0026  0.0000  0.0000  0.0000
 0.0027  0.0000  0.0007  0.0003  0.0007  0.0070  0.0005  0.0005  0.1329  0.0009  1.0000  0.0086  0.0006  0.0011  0.0013  0.0009  0.0008  0.0016  0.0080  0.0008  0.0000  0.0010  0.0000  0.0000  0.0000
 0.0052  0.0000  0.0005  0.0010  0.0072  0.0011  0.0037  0.0046  0.0022  0.2970  0.0052  0.0017  0.0050  0.0041  0.0121  1.0000  0.0044  0.0503  0.0029  0.0008  0.0000  0.0023  0.0000  0.0000  0.0000
 0.3178  0.0000  0.0248  0.2735  0.5321  0.0271  0.2352  0.0593  0.0798  0.3950  0.1293  0.0768  0.5504  1.0000  0.2470  0.3714  0.3851  0.2870  0.1213  0.0093  0.0000  0.0267  0.0000  0.0000  0.0000
 0.0718  0.0000  0.0160  0.3964  0.1056  0.0140  0.5134  0.1149  0.0085  0.1766  0.0177  0.0063  0.4450  1.0000  0.0672  0.0518  0.3925  0.0743  0.0139  0.0070  0.0000  0.0358  0.0000  0.0000  0.0000
 0.3434  0.0000  0.0847  0.1772  0.2156  0.0506  0.1223  0.0591  0.0949  0.2260  0.2243  0.0496  0.2748  0.1327  0.2133  0.1387  0.7680  1.0000  0.1465  0.0203  0.0000  0.0619  0.0000  0.0000  0.0000
 0.7319  0.0000  0.0513  0.6097  1.0000  0.0487  0.3706  0.1170  0.1795  0.8999  0.3153  0.1016  0.5192  0.2631  0.5646  0.5025  0.7084  0.5493  0.2780  0.0167  0.0000  0.0377  0.0000  0.0000  0.0000
 0.1156  0.0000  0.0014  0.6218  0.8263  0.0070  0.0299  0.0187  0.0103  0.3517  0.0188  0.0076  0.0340  0.0470  1.0000  0.0245  0.0424  0.0365  0.0192  0.0033  0.0000  0.0093  0.0000  0.0000  0.0000
 0.4073  0.0000  0.1206  0.8543  0.3793  0.3681  0.7218  0.4192  0.2079  0.3608  0.3841  0.1208  1.0000  0.2214  0.2897  0.2808  0.5935  0.3466  0.2700  0.1042  0.0000  0.5605  0.0000  0.0000  0.0000
 0.1063  0.0000  0.0055  0.7438  1.0000  0.0100  0.0734  0.2118  0.0170  0.2456  0.0299  0.0113  0.3774  0.0582  0.2405  0.0490  0.0896  0.0631  0.0290  0.0045  0.0000  0.0147  0.0000  0.0000  0.0000
 0.0092  0.0000  0.0029  0.0019  0.0025  0.0155  0.0035  0.0005  0.9880  0.0037  1.0000  0.0165  0.0024  0.0022  0.0021  0.0031  0.0035  0.0094  0.4005  0.0019  0.0000  0.0052  0.0000  0.0000  0.0000
 0.0050  0.0000  0.0013  0.0006  0.0009  0.0520  0.0010  0.0003  0.0149  0.0009  0.0137  0.0030  0.0006  0.0014  0.0007  0.0007  0.0014  0.0034  1.0000  0.0025  0.0000  0.0093  0.0000  0.0000  0.0000
 0.0066  0.0000  0.0018  0.0009  0.0017  0.1705  0.0016  0.0011  0.1186  0.0023  1.0000  0.0191  0.0016  0.0025  0.0029  0.0022  0.0020  0.0045  0.2316  0.0019  0.0000  0.0028  0.0000  0.0000  0.0000
 0.0000  0.0000  0.0000  0.0000  0.0000  0.0000  0.0000  0.0000  1.0000  0.0000  0.0000  0.0000  0.0000  0.0000  0.0000  0.0000  0.0000  0.0000  0.0000  0.0000  0.0000  0.0000  0.0000  0.0000  0.0000
 0.0000  0.0000  0.0000  1.0000  0.0000  0.0000  0.0000  0.0000  0.0000  0.0000  0.0000  0.0000  0.0000  0.0000  0.0000  0.0000  0.0000  0.0000  0.0000  0.0000  0.0000  0.0000  0.0000  0.0000  0.0000
 0.0000  0.0000  0.0000  0.0000  0.0000  1.0000  0.0000  0.0000  0.0000  0.0000  0.0000  0.0000  0.0000  0.0000  0.0000  0.0000  0.0000  0.0000  0.0000  0.0000  0.0000  0.0000  0.0000  0.0000  0.0000
 0.0000  0.0000  0.0000  0.0000  0.0000  0.0000  1.0000  0.0000  0.0000  0.0000  0.0000  0.0000  0.0000  0.0000  0.0000  0.0000  0.0000  0.0000  0.0000  0.0000  0.0000  0.0000  0.0000  0.0000  0.0000
 0.0000  0.0000  0.0000  0.0000  0.0000  0.0000  0.0000  0.0000  0.0000  0.0000  1.0000  0.0000  0.0000  0.0000  0.0000  0.0000  0.0000  0.0000  0.0000  0.0000  0.0000  0.0000  0.0000  0.0000  0.0000
 0.6128  0.0000  0.0083  0.0068  0.0075  0.0031  0.1166  0.0015  0.0036  0.0082  0.0079  0.0037  0.0061  0.0207  0.0056  0.0058  1.0000  0.0152  0.0136  0.0011  0.0000  0.0024  0.0000  0.0000  0.0000
 0.3589  0.0000  0.1155  0.2647  0.2050  1.0000  0.3762  0.3445  0.2389  0.2187  0.3894  0.1342  0.4162  0.1567  0.2046  0.2283  0.6294  0.4798  0.3096  0.1115  0.0000  0.7235  0.0000  0.0000  0.0000
 0.3197  0.0000  0.0589  0.0992  0.1165  0.1366  0.1574  0.0636  1.0000  0.1740  0.4750  0.1082  0.1382  0.1131  0.1062  0.1360  0.4433  0.5388  0.9869  0.0310  0.0000  0.1200  0.0000  0.0000  0.0000
 0.0124  0.0000  0.0024  0.0048  0.0031  0.0013  0.0039  0.0014  0.0524  0.0046  0.0036  0.0018  0.0086  0.0059  0.0036  0.0029  1.0000  0.1138  0.0064  0.0008  0.0000  0.0014  0.0000  0.0000  0.0000
 0.8648  0.0000  0.0611  0.6050  1.0000  0.0889  0.4833  0.1469  0.2736  0.8967  0.3240  0.1338  0.5364  0.2719  0.6112  0.5169  0.7195  0.7277  0.4075  0.0272  0.0000  0.0953  0.0000  0.0000  0.0000
 0.0955  0.0000  0.0213  0.0144  0.0265  0.1631  0.0229  0.0176  0.3373  0.0410  1.0000  0.2011  0.0248  0.0362  0.0805  0.0363  0.0934  0.0770  0.2097  0.0203  0.0000  0.0269  0.0000  0.0000  0.0000
 0.1997  0.0000  0.0059  0.8388  1.0000  0.0175  0.0858  0.0454  0.0261  0.1819  0.0442  0.0179  0.0924  0.5379  0.2325  0.0512  0.1077  0.0878  0.1148  0.0080  0.0000  0.0236  0.0000  0.0000  0.0000
 0.0000  0.0000  0.0000  0.0000  1.0000  0.0000  0.0000  0.0000  0.0000  0.0000  0.0000  0.0000  0.0000  0.0000  0.0000  0.0000  0.0000  0.0000  0.0000  0.0000  0.0000  0.0000  0.0000  0.0000  0.0000
 0.0000  0.0000  0.0000  1.0000  0.0000  0.0000  0.0000  0.0000  0.0000  0.0000  0.0000  0.0000  0.0000  0.0000  0.0000  0.0000  0.0000  0.0000  0.0000  0.0000  0.0000  0.0000  0.0000  0.0000  0.0000
 0.0053  0.0000  0.0005  0.0010  0.0073  0.0011  0.0039  0.0047  0.0022  1.0000  0.0053  0.0017  0.0051  0.0042  0.0124  0.5241  0.0044  0.0056  0.0030  0.0008  0.0000  0.0024  0.0000  0.0000  0.0000
 1.0000  0.0000  0.0050  0.0041  0.0046  0.0019  0.4691  0.0010  0.0022  0.0049  0.0048  0.0022  0.0036  0.0125  0.0034  0.0036  0.0253  0.0086  0.0081  0.0007  0.0000  0.0015  0.0000  0.0000  0.0000
 0.0112  0.0000  0.0022  0.0008  0.0017  0.0014  0.0009  0.0005  0.0125  0.0018  0.0082  0.0024  0.0011  0.0025  0.0013  0.0011  0.0030  0.0619  1.0000  0.0003  0.0000  0.0006  0.0000  0.0000  0.0000
 0.0000  0.0000  0.0000  1.0000  0.0000  0.0000  0.0000  0.0000  0.0000  0.0000  0.0000  0.0000  0.0000  0.0000  0.0000  0.0000  0.0000  0.0000  0.0000  0.0000  0.0000  0.0000  0.0000  0.0000  0.0000
 0.0000  0.0000  0.0000  0.0000  0.0000  0.0000  0.0000  0.0000  0.0000  0.0000  1.0000  0.0000  0.0000  0.0000  0.0000  0.0000  0.0000  0.0000  0.0000  0.0000  0.0000  0.0000  0.0000  0.0000  0.0000
 0.0000  0.0000  0.0000  0.0000  0.0000  0.0000  0.0000  0.0000  0.0000  0.0000  0.0000  0.0000  0.0000  0.0000  0.0000  0.0000  0.0000  0.0000  0.0000  0.0000  0.0000  1.0000  0.0000  0.0000  0.0000
 0.0000  0.0000  0.0000  0.0000  0.0000  0.0000  0.0000  0.0000  0.0000  0.0000  0.0000  0.0000  0.0000  0.0000  0.0000  0.0000  0.0000  0.0000  1.0000  0.0000  0.0000  0.0000  0.0000  0.0000  0.0000
 0.0000  0.0000  0.0000  0.0000  0.0000  0.0000  0.0000  0.0000  0.0000  0.0000  1.0000  0.0000  0.0000  0.0000  0.0000  0.0000  0.0000  0.0000  0.0000  0.0000  0.0000  0.0000  0.0000  0.0000  0.0000
 0.0000  0.0000  0.0000  0.0000  1.0000  0.0000  0.0000  0.0000  0.0000  0.0000  0.0000  0.0000  0.0000  0.0000  0.0000  0.0000  0.0000  0.0000  0.0000  0.0000  0.0000  0.0000  0.0000  0.0000  0.0000
 0.0051  0.0000  0.0005  0.0010  0.0070  0.0011  0.0037  0.0045  0.0021  0.4865  0.0051  0.0017  0.0049  0.0040  0.0118  1.0000  0.0042  0.0054  0.0029  0.0008  0.0000  0.0023  0.0000  0.0000  0.0000
 1.0000  0.0000  0.0000  0.0000  0.0000  0.0000  0.0000  0.0000  0.0000  0.0000  0.0000  0.0000  0.0000  0.0000  0.0000  0.0000  0.0000  0.0000  0.0000  0.0000  0.0000  0.0000  0.0000  0.0000  0.0000
 0.0050  0.0000  0.0016  0.0007  0.0013  1.0000  0.0011  0.0008  0.0212  0.0013  0.4237  0.0136  0.0009  0.0021  0.0019  0.0013  0.0019  0.0029  0.0127  0.0071  0.0000  0.0255  0.0000  0.0000  0.0000
 0.3773  0.0000  0.0444  0.0301  0.0427  0.1757  0.1984  0.0192  0.4780  0.0520  1.0000  0.2110  0.0351  0.0938  0.0506  0.0440  0.1604  0.0895  0.3366  0.0237  0.0000  0.0373  0.0000  0.0000  0.0000
 0.0000  0.0000  0.0000  0.0000  0.0000  0.0000  0.0000  0.0000  0.0000  0.0000  0.0000  0.0000  0.0000  0.0000  0.0000  0.0000  1.0000  0.0000  0.0000  0.0000  0.0000  0.0000  0.0000  0.0000  0.0000
 0.0212  0.0000  0.0043  0.0086  0.0055  0.0022  0.0065  0.0025  0.0063  0.0083  0.0059  0.2488  0.0155  0.0104  0.0064  0.0052  0.3735  1.0000  0.0101  0.0014  0.0000  0.0024  0.0000  0.0000  0.0000
 0.0000  0.0000  0.0000  0.0000  0.0000  0.0000  0.0000  1.0000  0.0000  0.0000  0.0000  0.0000  0.0000  0.0000  0.0000  0.0000  0.0000  0.0000  0.0000  0.0000  0.0000  0.0000  0.0000  0.0000  0.0000
 0.0220  0.0000  0.0023  0.0036  0.0029  0.0011  0.0131  0.0009  0.0014  0.0032  0.0026  0.0011  0.0036  1.0000  0.0022  0.0023  0.2148  0.0080  0.0039  0.0005  0.0000  0.0010  0.0000  0.0000  0.0000
 0.1093  0.0000  0.0259  0.6048  0.1615  0.0227  0.3803  0.2087  0.0122  0.1602  0.0262  0.0094  1.0000  0.0872  0.1052  0.4484  0.4748  0.1196  0.0199  0.0116  0.0000  0.0592  0.0000  0.0000  0.0000
 0.2861  0.0000  0.2621  0.0235  0.0167  0.0067  0.0394  0.0066  0.0172  0.0236  0.0182  0.0094  0.0397  0.0355  0.0181  0.0153  0.4410  1.0000  0.0323  0.0038  0.0000  0.0070  0.0000  0.0000  0.0000
 0.0621  0.0000  0.0060  0.0876  1.0000  0.0059  0.2262  0.0122  0.0062  0.0363  0.0127  0.0044  0.0371  0.0318  0.0378  0.0163  0.0405  0.0220  0.0130  0.0036  0.0000  0.0077  0.0000  0.0000  0.0000
 0.7464  0.0000  0.0521  0.6286  1.0000  0.0486  0.3816  0.1184  0.1896  0.9184  0.2943  0.1032  0.5073  0.2897  0.5969  0.5173  0.7159  0.6017  0.2782  0.0167  0.0000  0.0369  0.0000  0.0000  0.0000
 0.1312  0.0000  0.0149  0.0052  0.0125  0.2713  0.0050  0.0062  0.2308  0.0140  1.0000  0.1768  0.0084  0.0173  0.0137  0.0107  0.0133  0.1045  0.8644  0.0061  0.0000  0.0111  0.0000  0.0000  0.0000
 0.0034  0.0000  0.0013  0.0006  0.0009  1.0000  0.0009  0.0003  0.0105  0.0006  0.0295  0.1999  0.0004  0.0014  0.0008  0.0006  0.0018  0.0020  0.0073  0.0087  0.0000  0.0338  0.0000  0.0000  0.0000
 0.2118  0.0000  0.0531  0.5217  1.0000  0.0098  0.0729  0.2470  0.0359  0.3118  0.0579  0.0203  0.0948  0.0526  0.5007  0.2276  0.2438  0.1097  0.0547  0.0033  0.0000  0.0076  0.0000  0.0000  0.0000
 0.7705  0.0000  0.0514  0.5830  1.0000  0.0527  0.3616  0.1386  0.1802  0.9794  0.3122  0.1031  0.4703  0.2645  0.6099  0.5706  0.6892  0.5678  0.2731  0.0189  0.0000  0.0465  0.0000  0.0000  0.0000
 0.0297  0.0000  0.0089  0.0055  0.0077  0.4032  0.0102  0.0015  0.9783  0.0109  0.8877  0.0426  0.0071  0.0067  0.0056  0.0089  0.0107  0.1312  1.0000  0.0050  0.0000  0.0153  0.0000  0.0000  0.0000
 0.0023  0.0000  0.0006  0.0003  0.0006  0.0061  0.0005  0.0004  0.0727  0.0008  1.0000  0.0074  0.0006  0.0010  0.0012  0.0008  0.0006  0.0014  0.0067  0.0007  0.0000  0.0008  0.0000  0.0000  0.0000
 0.4779  0.0000  0.0157  0.2183  0.6810  0.0148  0.1120  0.0359  0.0550  1.0000  0.0888  0.0607  0.1456  0.0813  0.2685  0.1543  0.3367  0.2310  0.0839  0.0051  0.0000  0.0113  0.0000  0.0000  0.0000
 0.6305  0.0000  0.0468  0.1414  0.0753  0.0221  0.7223  0.0332  0.0392  0.0878  0.0532  0.0261  0.2929  0.1205  0.0629  0.0544  1.0000  0.6110  0.0860  0.0111  0.0000  0.0269  0.0000  0.0000  0.0000
 0.0000  0.0000  0.0000  0.0000  0.0000  0.0000  0.0000  0.0000  0.0000  0.0000  0.0000  0.0000  0.0000  0.0000  0.0000  0.0000  0.0000  0.0000  0.0000  0.0000  0.0000  1.0000  0.0000  0.0000  0.0000
 0.8647  0.0000  0.0473  0.5464  0.9534  0.0454  0.4677  0.1138  0.1657  1.0000  0.2706  0.0947  0.4378  0.2455  0.5766  0.6990  0.8048  0.5059  0.2522  0.0164  0.0000  0.0375  0.0000  0.0000  0.0000
 0.7658  0.0000  0.0498  0.5949  1.0000  0.0467  0.3547  0.1133  0.1908  0.9254  0.3010  0.0987  0.4614  0.2559  0.5638  0.4891  0.7075  0.5456  0.2661  0.0160  0.0000  0.0356  0.0000  0.0000  0.0000
 0.2810  0.0000  0.0078  0.1241  0.0124  0.0037  0.1169  0.0048  0.0072  0.0144  0.0092  0.0046  0.0265  0.0200  0.0105  0.0090  1.0000  0.5132  0.0151  0.0019  0.0000  0.0042  0.0000  0.0000  0.0000
 0.4386  0.0000  0.1459  0.1674  0.2180  0.8176  0.2681  0.4201  0.3309  0.2313  0.5608  0.1838  0.2491  0.1718  0.2317  0.2728  0.4507  0.3746  0.4170  0.2014  0.0000  1.0000  0.0000  0.0000  0.0000
 0.0101  0.0000  0.0010  0.0048  0.0131  0.0016  0.0068  0.0064  0.0036  1.0000  0.0078  0.0026  0.0574  0.0065  0.0393  0.0833  0.0980  0.0853  0.0050  0.0011  0.0000  0.0032  0.0000  0.0000  0.0000
 0.4302  0.0000  0.0183  0.1962  0.3313  0.0198  0.2822  0.0554  0.0650  1.0000  0.1113  0.0386  0.2878  0.0989  0.6689  0.3389  0.2398  0.2738  0.0974  0.0085  0.0000  0.0215  0.0000  0.0000  0.0000
 1.0000  0.0000  0.0774  0.0665  0.0714  0.0299  0.4648  0.0153  0.0345  0.0779  0.0748  0.0351  0.0610  0.1934  0.0537  0.0555  0.6712  0.1504  0.1272  0.1089  0.0000  0.0240  0.0000  0.0000  0.0000
 0.7479  0.0000  0.0844  0.6178  0.9812  0.0511  0.4132  0.1203  0.1837  1.0000  0.2963  0.1039  0.5248  0.2683  0.5750  0.5261  0.8071  0.5797  0.2888  0.0174  0.0000  0.0406  0.0000  0.0000  0.0000
 0.5595  0.0000  0.1030  0.1015  0.1786  0.0787  0.0645  0.0523  0.4737  0.1762  0.3538  0.1116  0.1134  0.1775  0.1271  0.1072  0.2962  0.5202  1.0000  0.0183  0.0000  0.0595  0.0000  0.0000  0.0000
 0.0199  0.0000  0.0039  0.0015  0.0031  0.0024  0.0015  0.0008  0.0211  0.0033  0.0140  0.0041  0.0021  0.0046  0.0024  0.0020  0.0066  0.2106  1.0000  0.0005  0.0000  0.0010  0.0000  0.0000  0.0000
 0.0117  0.0000  0.0028  0.0012  0.0027  0.0206  0.0017  0.0018  0.3376  0.0037  1.0000  0.0258  0.0023  0.0041  0.0742  0.0033  0.0032  0.0552  0.0316  0.0025  0.0000  0.0028  0.0000  0.0000  0.0000
 0.0339  0.0000  0.0030  0.0145  0.1042  0.0055  0.0214  0.1002  0.0569  1.0000  0.0266  0.0089  0.2850  0.0212  0.1684  0.2757  0.0296  0.0323  0.0169  0.0037  0.0000  0.0106  0.0000  0.0000  0.0000
 0.0041  0.0000  0.0004  0.0008  0.0056  0.0008  0.0029  0.0036  0.0017  1.0000  0.0041  0.0013  0.0040  0.0032  0.0095  0.1373  0.0034  0.0471  0.0023  0.0006  0.0000  0.0018  0.0000  0.0000  0.0000
 0.0023  0.0000  0.0006  0.0003  0.0006  0.0544  0.0005  0.0004  0.0111  0.0007  1.0000  0.0073  0.0005  0.0010  0.0011  0.0007  0.0007  0.0013  0.0062  0.0013  0.0000  0.0034  0.0000  0.0000  0.0000
 0.3667  0.0000  0.0030  0.8561  1.0000  0.0084  0.0508  0.0249  0.0122  0.1582  0.0222  0.0088  0.1842  0.0529  0.1114  0.0317  0.0619  0.0464  0.0223  0.0039  0.0000  0.0122  0.0000  0.0000  0.0000
 0.0466  0.0000  0.0006  0.4742  1.0000  0.0042  0.0173  0.0112  0.0056  0.1227  0.0104  0.0043  0.0195  0.0281  0.8875  0.0129  0.0235  0.0204  0.0108  0.0020  0.0000  0.0057  0.0000  0.0000  0.0000
 0.0000  0.0000  0.0000  0.0000  0.0000  0.0000  0.0000  0.0000  0.0000  0.0000  0.0000  0.0000  0.0000  0.0000  0.0000  0.0000  0.0000  0.0000  1.0000  0.0000  0.0000  0.0000  0.0000  0.0000  0.0000
 0.0000  0.0000  0.0000  0.0000  0.0000  0.0000  0.0000  0.0000  0.0000  0.0000  0.0000  0.0000  0.0000  0.0000  0.0000  1.0000  0.0000  0.0000  0.0000  0.0000  0.0000  0.0000  0.0000  0.0000  0.0000
 0.0288  0.0000  0.0073  0.0036  0.0077  0.0756  0.0059  0.0058  0.1418  0.0109  1.0000  0.3996  0.0071  0.0121  0.2724  0.0107  0.0082  0.0167  0.0783  0.0089  0.0000  0.0095  0.0000  0.0000  0.0000
 0.0000  0.0000  0.0000  0.0000  0.0000  0.0000  0.0000  0.0000  0.0000  0.0000  0.0000  0.0000  0.0000  0.0000  0.0000  1.0000  0.0000  0.0000  0.0000  0.0000  0.0000  0.0000  0.0000  0.0000  0.0000
 0.0000  0.0000  0.0000  0.0000  0.0000  0.0000  1.0000  0.0000  0.0000  0.0000  0.0000  0.0000  0.0000  0.0000  0.0000  0.0000  0.0000  0.0000  0.0000  0.0000  0.0000  0.0000  0.0000  0.0000  0.0000
 0.0000  0.0000  0.0000  0.0000  0.0000  0.0000  0.0000  0.0000  0.0000  0.0000  0.0000  0.0000  0.0000  0.0000  0.0000  1.0000  0.0000  0.0000  0.0000  0.0000  0.0000  0.0000  0.0000  0.0000  0.0000
 0.0000  0.0000  0.0000  0.0000  0.0000  0.0000  0.0000  0.0000  0.0000  1.0000  0.0000  0.0000  0.0000  0.0000  0.0000  0.0000  0.0000  0.0000  0.0000  0.0000  0.0000  0.0000  0.0000  0.0000  0.0000
 0.0047  0.0000  0.0005  0.0008  0.0065  0.0010  0.0033  0.0042  0.0020  0.1859  0.0048  0.0472  0.0045  0.0037  0.0111  1.0000  0.0039  0.0050  0.0027  0.0007  0.0000  0.0021  0.0000  0.0000  0.0000
 0.0087  0.0000  0.0017  0.0035  0.0022  0.0008  0.0030  0.0010  0.0023  0.0032  0.0022  0.0012  0.0062  0.0041  0.0025  0.0021  1.0000  0.3410  0.0038  0.0005  0.0000  0.0010  0.0000  0.0000  0.0000
 0.0190  0.0000  0.0812  0.0037  0.0032  0.0095  0.0129  0.0019  0.0123  0.0027  0.0295  1.0000  0.0030  0.0060  0.0030  0.0034  0.0087  0.0070  0.0132  0.0025  0.0000  0.0054  0.0000  0.0000  0.0000
 0.0050  0.0000  0.0018  0.0013  0.0015  0.1371  0.0026  0.0001  0.8512  0.0024  0.0984  0.0082  0.0016  0.0010  0.0008  0.0020  0.0024  0.0061  1.0000  0.0010  0.0000  0.0038  0.0000  0.0000  0.0000
 0.0000  0.0000  0.0000  0.0000  0.0000  0.0000  1.0000  0.0000  0.0000  0.0000  0.0000  0.0000  0.0000  0.0000  0.0000  0.0000  0.0000  0.0000  0.0000  0.0000  0.0000  0.0000  0.0000  0.0000  0.0000
//
