WARNING! H7 not allowed! score: 0.05 median: 2.89 # of sequence: 327
WARNING! A38 not allowed! score: 0.04 median: 2.76 # of sequence: 356
WARNING! H80 not allowed! score: 0.05 median: 2.76 # of sequence: 355
WARNING! G118 not allowed! score: 0.05 median: 2.76 # of sequence: 356
ID   UNK_ID; MATRIX
AC   UNK_AC
DE   UNK_DE
MA   UNK_BL
  A   B   C   D   E   F   G   H   I   K   L   M   N   P   Q   R   S   T   V   W   X   Y   Z   *   -
 0.0062  0.0000  0.0016  0.0008  0.0016  0.0166  0.0012  0.0012  0.1610  0.0021  1.0000  0.6130  0.0015  0.0026  0.0032  0.0021  0.0017  0.0036  0.0178  0.0019  0.0000  0.0021  0.0000  0.0000  0.0000
 0.2528  0.0000  0.0648  0.0239  0.0443  0.0527  0.0143  0.0193  0.4620  0.0484  0.5065  0.0717  0.0387  0.0618  0.0375  0.0314  0.1894  1.0000  0.7330  0.0264  0.0000  0.0288  0.0000  0.0000  0.0000
 0.0004  0.0000  0.0001  0.0001  0.0001  0.0006  0.0002  0.0000  0.3146  0.0002  0.0896  0.0005  0.0001  0.0001  0.0001  0.0001  0.0002  0.0004  1.0000  0.0001  0.0000  0.0003  0.0000  0.0000  0.0000
 0.0004  0.0000  0.0001  0.0000  0.0001  0.0192  0.0001  0.0001  0.0018  0.0001  1.0000  0.0081  0.0001  0.0002  0.0002  0.0001  0.0001  0.0002  0.0126  0.0001  0.0000  0.0001  0.0000  0.0000  0.0000
 0.0934  0.0000  0.0058  0.0911  0.1391  0.0055  1.0000  0.0138  0.0201  0.7458  0.0325  0.0114  0.1100  0.2050  0.2724  0.1813  0.0884  0.0664  0.0306  0.0019  0.0000  0.0045  0.0000  0.0000  0.0000
 0.0118  0.0000  0.0012  0.1148  0.0963  0.0023  0.0105  0.2749  0.0043  1.0000  0.0098  0.0033  0.1262  0.0085  0.0497  0.7405  0.0115  0.0760  0.0059  0.0016  0.0000  0.1154  0.0000  0.0000  0.0000
 0.1107  0.0000  0.0035  0.0720  0.1001  0.0033  0.0395  0.0454  0.0208  0.6656  0.0295  0.0138  0.0574  1.0000  0.6591  0.1221  0.0993  0.0423  0.0270  0.0011  0.0000  0.0025  0.0000  0.0000  0.0000
 0.2350  0.0000  0.0343  0.0435  0.0528  0.2818  0.0638  0.1049  0.0935  0.0562  0.2354  0.3183  0.0741  0.0857  0.0568  0.0759  0.1093  1.0000  0.1552  0.0358  0.0000  0.2870  0.0000  0.0000  0.0000
 0.2541  0.0000  0.0236  0.2322  1.0000  0.0103  0.2571  0.0252  0.0537  0.2630  0.0675  0.0219  0.1277  0.2245  0.1616  0.1152  0.2435  0.1891  0.1249  0.0036  0.0000  0.0078  0.0000  0.0000  0.0000
 0.0293  0.0000  0.0007  1.0000  0.1114  0.0006  0.0062  0.0311  0.0018  0.0248  0.0029  0.0010  0.5233  0.0114  0.0064  0.1269  0.1140  0.0213  0.0027  0.0002  0.0000  0.0008  0.0000  0.0000  0.0000
 0.0065  0.0000  0.0002  0.0001  0.0002  0.0470  0.0003  0.0000  1.0000  0.0003  0.4121  0.0011  0.0002  0.0001  0.0001  0.0002  0.0003  0.0007  0.5170  0.0001  0.0000  0.0004  0.0000  0.0000  0.0000
 0.0472  0.0000  0.0007  0.0268  0.2300  0.0007  0.0051  0.0152  0.0025  0.5816  0.0661  0.0014  0.0251  0.0037  0.0144  1.0000  0.1471  0.0541  0.0038  0.0002  0.0000  0.0005  0.0000  0.0000  0.0000
 0.3701  0.0000  0.0051  1.0000  0.6799  0.0048  0.0627  0.0116  0.0180  0.4062  0.1020  0.0373  0.0814  0.0263  0.2738  0.0855  0.5777  0.0986  0.0405  0.0016  0.0000  0.0036  0.0000  0.0000  0.0000
 0.5007  0.0000  0.1704  0.1985  0.2703  0.7545  0.3177  0.6628  0.5757  0.4709  0.8355  0.2355  0.3131  0.1969  0.2935  0.4723  0.4053  0.5267  0.6198  0.1780  0.0000  1.0000  0.0000  0.0000  0.0000
 0.0004  0.0000  0.0005  0.0006  0.0003  0.1358  0.0012  0.0081  0.0004  0.0002  0.0008  0.0002  0.0004  0.0005  0.0003  0.0004  0.0003  0.0004  0.0004  0.0004  0.0000  1.0000  0.0000  0.0000  0.0000
 0.5008  0.0000  0.0261  0.6765  0.9028  0.0484  0.1837  0.0811  0.3413  0.7084  0.2025  0.0514  0.4734  0.1398  0.3366  0.3340  0.9036  1.0000  0.2733  0.0087  0.0000  0.0299  0.0000  0.0000  0.0000
 0.0019  0.0000  0.0005  0.0003  0.0005  0.3863  0.0004  0.0003  0.2609  0.0007  1.0000  0.0428  0.0005  0.0007  0.0009  0.0006  0.0006  0.0951  0.1150  0.0005  0.0000  0.0007  0.0000  0.0000  0.0000
 0.0149  0.0000  0.0009  0.0286  0.0298  0.0013  1.0000  0.0867  0.0021  0.1520  0.0046  0.0525  0.0141  0.0051  0.0116  0.1693  0.0322  0.0070  0.0031  0.0008  0.0000  0.0026  0.0000  0.0000  0.0000
 0.0316  0.0000  0.0010  0.1503  0.4821  0.0011  0.1803  0.0180  0.0035  1.0000  0.0060  0.0021  0.0182  0.0058  0.0508  0.9272  0.0137  0.0223  0.0054  0.0005  0.0000  0.0012  0.0000  0.0000  0.0000
 0.2838  0.0000  0.0517  0.0210  0.9553  0.0301  0.0157  0.0257  0.3139  1.0000  0.3342  0.0591  0.0380  0.0681  0.0733  0.1684  0.0565  0.4303  0.8599  0.0072  0.0000  0.0161  0.0000  0.0000  0.0000
 0.0002  0.0000  0.0001  0.0000  0.0001  0.0006  0.0001  0.0001  0.0012  0.0001  1.0000  0.0008  0.0001  0.0001  0.0001  0.0001  0.0001  0.0001  0.0132  0.0001  0.0000  0.0001  0.0000  0.0000  0.0000
 0.0000  0.0000  0.0000  0.0000  0.0000  0.0000  1.0000  0.0000  0.0000  0.0000  0.0000  0.0000  0.0000  0.0000  0.0000  0.0000  0.0000  0.0000  0.0000  0.0000  0.0000  0.0000  0.0000  0.0000  0.0000
 0.2548  0.0000  0.0033  0.0141  0.0937  0.0036  0.0133  0.0398  0.0082  0.0820  0.0146  0.0055  0.0211  0.0155  0.7179  1.0000  0.3132  0.4787  0.0120  0.0025  0.0000  0.0063  0.0000  0.0000  0.0000
 0.0000  0.0000  0.0000  0.0000  0.0000  0.0000  1.0000  0.0000  0.0000  0.0000  0.0000  0.0000  0.0000  0.0000  0.0000  0.0000  0.0000  0.0000  0.0000  0.0000  0.0000  0.0000  0.0000  0.0000  0.0000
 0.4756  0.0000  0.0039  0.0332  0.2058  0.0024  0.0253  0.0034  0.0030  0.0151  0.0061  0.0027  0.0076  0.0161  1.0000  0.0059  0.1960  0.0123  0.0088  0.0010  0.0000  0.0025  0.0000  0.0000  0.0000
 0.0001  0.0000  0.0001  0.0000  0.0000  1.0000  0.0000  0.0000  0.0003  0.0000  0.0007  0.0001  0.0000  0.0001  0.0000  0.0000  0.0001  0.0001  0.0003  0.0007  0.0000  0.0861  0.0000  0.0000  0.0000
 0.0060  0.0000  0.0006  0.0011  0.0007  0.0003  1.0000  0.0003  0.0003  0.0008  0.0006  0.0003  0.0011  0.0016  0.0005  0.0048  0.5332  0.0012  0.0010  0.0001  0.0000  0.0002  0.0000  0.0000  0.0000
 0.1976  0.0000  0.0439  0.0095  0.4482  0.0213  0.0007  0.0074  0.4071  0.0634  0.1407  0.0423  0.0142  0.0418  0.0221  0.0167  0.0308  0.6252  1.0000  0.0036  0.0000  0.0067  0.0000  0.0000  0.0000
 0.0065  0.0000  0.0013  0.0004  0.0010  0.0007  0.0001  0.0003  0.0134  0.0010  0.0047  0.0014  0.0005  0.0014  0.0007  0.0006  0.0014  1.0000  0.5508  0.0001  0.0000  0.0002  0.0000  0.0000  0.0000
 0.0226  0.0000  0.0126  0.0091  0.0122  0.3245  0.0147  0.1138  0.0670  0.1576  0.0290  0.0471  0.0137  0.0091  0.0131  0.1646  0.0647  0.0174  0.1948  0.0082  0.0000  1.0000  0.0000  0.0000  0.0000
 0.0099  0.0000  0.0012  0.0014  0.0961  0.0113  0.0023  0.0069  0.0127  0.0236  1.0000  0.0180  0.0021  0.0014  0.0226  0.0024  0.0028  0.0099  0.0217  0.0013  0.0000  0.0125  0.0000  0.0000  0.0000
 0.3344  0.0000  1.0000  0.0003  0.0004  0.0002  0.0024  0.0001  0.0005  0.0005  0.0006  0.0003  0.0003  0.0011  0.0003  0.0003  0.0086  0.0010  0.1399  0.0001  0.0000  0.0001  0.0000  0.0000  0.0000
 0.0472  0.0000  0.0037  0.0261  0.3388  0.0032  0.0167  0.0069  0.0487  0.1434  0.0324  0.0063  0.0224  0.0141  0.1709  0.0625  0.0420  1.0000  0.4049  0.0012  0.0000  0.0028  0.0000  0.0000  0.0000
 0.0285  0.0000  0.0084  0.3720  1.0000  0.0012  0.0308  0.4952  0.0038  0.0192  0.0062  0.0148  0.0414  0.0060  0.1347  0.0294  0.1737  0.0119  0.0058  0.0004  0.0000  0.0012  0.0000  0.0000  0.0000
 0.0311  0.0000  0.0037  0.0049  0.0368  0.0094  0.0188  0.0234  0.3155  1.0000  0.1101  0.0206  0.1197  0.0216  0.0622  0.4496  0.0257  0.0317  0.0712  0.0046  0.0000  0.0127  0.0000  0.0000  0.0000
 1.0000  0.0000  0.0195  0.5109  0.6455  0.0182  0.2542  0.0443  0.0683  0.4405  0.1648  0.0524  0.2226  0.1241  0.2476  0.2987  0.6847  0.2693  0.1827  0.0063  0.0000  0.0138  0.0000  0.0000  0.0000
 0.0015  0.0000  0.0003  0.0386  0.0004  0.0002  0.0004  0.0002  0.0049  0.0006  0.0004  0.0002  0.0267  0.0249  0.0005  0.0004  0.2247  1.0000  0.0007  0.0001  0.0000  0.0002  0.0000  0.0000  0.0000
 0.0374  0.0000  0.0027  0.0209  0.0211  0.0002  1.0000  0.0049  0.0008  0.0383  0.0171  0.0004  0.0264  0.0011  0.0740  0.0153  0.0428  0.0024  0.0012  0.0001  0.0000  0.0002  0.0000  0.0000  0.0000
 0.2607  0.0000  0.0354  0.2961  0.6439  0.0312  0.1759  0.2335  0.0986  1.0000  0.1949  0.0271  0.2843  0.0562  0.4721  0.5458  0.1578  0.1231  0.1476  0.0037  0.0000  0.0089  0.0000  0.0000  0.0000
 0.8852  0.0000  0.1356  0.6275  1.0000  0.4103  0.4816  0.3961  0.3602  0.9290  0.6305  0.2080  0.5706  0.3315  0.6558  0.6196  0.8088  0.6777  0.5007  0.1102  0.0000  0.5695  0.0000  0.0000  0.0000
 0.0021  0.0000  0.0006  0.0003  0.0006  0.6432  0.0005  0.0006  0.0096  0.0008  0.1751  0.0060  0.0006  0.0009  0.0011  0.0170  0.0007  0.0013  0.2359  0.0007  0.0000  1.0000  0.0000  0.0000  0.0000
 1.0000  0.0000  0.0000  0.0000  0.0000  0.0000  0.0000  0.0000  0.0000  0.0000  0.0000  0.0000  0.0000  0.0000  0.0000  0.0000  0.0000  0.0000  0.0000  0.0000  0.0000  0.0000  0.0000  0.0000  0.0000
 0.1180  0.0000  1.0000  0.0002  0.0007  0.0007  0.0000  0.0002  0.0889  0.0007  0.1420  0.0012  0.0003  0.0010  0.0005  0.0004  0.0007  0.0032  0.2060  0.0001  0.0000  0.0002  0.0000  0.0000  0.0000
 0.0004  0.0000  0.0001  0.0003  0.0004  0.0001  0.0009  0.0002  0.0002  1.0000  0.0004  0.0001  0.0003  0.0006  0.0005  0.0010  0.0004  0.0044  0.0002  0.0001  0.0000  0.0001  0.0000  0.0000  0.0000
 0.1160  0.0000  0.3701  0.0221  0.0223  0.0122  0.0139  0.0080  0.1801  0.0284  0.0624  0.0218  0.0392  0.0376  0.0218  0.0172  1.0000  0.3841  0.2948  0.0043  0.0000  0.0076  0.0000  0.0000  0.0000
 0.0002  0.0000  0.0001  0.0000  0.0001  0.0002  0.0001  0.0000  1.0000  0.0001  0.0011  0.0002  0.0000  0.0000  0.0000  0.0001  0.0001  0.0002  0.0329  0.0000  0.0000  0.0001  0.0000  0.0000  0.0000
 1.0000  0.0000  0.0351  0.5059  0.5028  0.0278  0.2038  0.0649  0.0982  0.5748  0.3048  0.0554  0.4376  0.6116  0.2982  0.2942  0.9729  0.3802  0.1507  0.0102  0.0000  0.0232  0.0000  0.0000  0.0000
 0.0032  0.0000  0.0001  0.0001  0.0005  0.0001  0.0004  0.0003  0.0002  1.0000  0.0004  0.0001  0.0004  0.0004  0.0009  0.0125  0.0049  0.0458  0.0003  0.0001  0.0000  0.0002  0.0000  0.0000  0.0000
 0.0008  0.0000  0.0001  0.0001  0.0148  0.0002  0.0006  0.0007  0.0003  0.4951  0.0008  0.0003  0.0008  0.0006  0.0063  1.0000  0.0541  0.0008  0.0004  0.0001  0.0000  0.0004  0.0000  0.0000  0.0000
 0.3331  0.0000  0.0014  0.0026  0.0200  0.0030  0.0103  0.0128  0.0061  1.0000  0.1196  0.0048  0.0283  0.0598  0.0515  0.0961  0.0118  0.0154  0.0081  0.0022  0.0000  0.0064  0.0000  0.0000  0.0000
 0.0003  0.0000  0.0001  0.0000  0.0001  0.0007  0.0001  0.0001  0.0014  0.0001  1.0000  0.0842  0.0001  0.0001  0.0001  0.0001  0.0001  0.0002  0.0097  0.0001  0.0000  0.0001  0.0000  0.0000  0.0000
 0.8733  0.0000  0.1142  0.5603  0.9111  0.3345  0.4270  0.3277  0.4278  1.0000  0.5773  0.1767  0.5031  0.2932  0.5694  0.6646  0.7484  0.6303  0.4931  0.0901  0.0000  0.4471  0.0000  0.0000  0.0000
 0.3058  0.0000  0.2160  0.0974  0.1040  0.1304  1.0000  0.1288  0.0358  0.1124  0.0582  0.0202  0.3173  0.0372  0.0885  0.1049  0.5171  0.8818  0.0499  0.0110  0.0000  0.0542  0.0000  0.0000  0.0000
 0.1868  0.0000  0.0018  0.4292  0.0797  0.0017  0.0268  0.0078  0.0107  1.0000  0.0253  0.0036  0.0169  0.0580  0.1016  0.4425  0.0496  0.0196  0.0098  0.0006  0.0000  0.0013  0.0000  0.0000  0.0000
 0.0147  0.0000  0.0002  0.2180  1.0000  0.0007  0.0031  0.0212  0.0206  0.1248  0.0023  0.0009  0.0037  0.0043  0.0203  0.0744  0.0047  0.0041  0.1434  0.0003  0.0000  0.0009  0.0000  0.0000  0.0000
 0.0964  0.0000  0.0008  1.0000  0.3152  0.0007  0.0787  0.1358  0.0004  0.0050  0.0008  0.0003  0.0330  0.0029  0.0037  0.0024  0.1667  0.0292  0.0007  0.0004  0.0000  0.0017  0.0000  0.0000  0.0000
 0.2150  0.0000  0.0752  0.3253  0.1139  0.3020  0.1546  0.2181  0.7611  0.1298  0.4364  0.2658  0.1511  0.0843  0.1199  0.1446  0.5277  0.1729  1.0000  0.0767  0.0000  0.5315  0.0000  0.0000  0.0000
 0.0035  0.0000  0.0002  0.0001  0.0001  0.0007  0.0001  0.0000  0.1916  0.0002  0.2099  0.0929  0.0001  0.0001  0.0001  0.0001  0.0002  0.0005  1.0000  0.0001  0.0000  0.0002  0.0000  0.0000  0.0000
 0.0041  0.0000  0.0004  0.0008  0.4879  0.0009  0.0230  0.0037  0.0018  0.1919  0.0210  0.0014  0.0040  0.0033  0.0222  1.0000  0.0034  0.0044  0.0023  0.0884  0.0000  0.0170  0.0000  0.0000  0.0000
 0.0025  0.0000  0.0003  0.0021  0.0035  0.0005  0.0028  0.0023  0.0010  0.0239  0.0023  0.0007  0.5313  0.0020  0.0054  1.0000  0.0027  0.0027  0.0013  0.0004  0.0000  0.0011  0.0000  0.0000  0.0000
 0.0000  0.0000  0.0000  0.0000  1.0000  0.0000  0.0000  0.0000  0.0000  0.0000  0.0000  0.0000  0.0000  0.0000  0.0000  0.0000  0.0000  0.0000  0.0000  0.0000  0.0000  0.0000  0.0000  0.0000  0.0000
 0.0002  0.0000  0.0001  0.0001  0.0001  0.0055  0.0001  0.0000  1.0000  0.0001  0.0229  0.0003  0.0001  0.0000  0.0000  0.0001  0.0001  0.0003  0.3559  0.0000  0.0000  0.0002  0.0000  0.0000  0.0000
 0.5633  0.0000  0.0033  0.0464  0.1869  0.0031  0.0234  0.0366  0.0180  0.1167  0.0356  0.0140  0.0376  0.0169  1.0000  0.1332  0.0486  0.0672  0.0176  0.0011  0.0000  0.0024  0.0000  0.0000  0.0000
 0.0003  0.0000  0.0001  0.0001  0.0001  0.0004  0.0001  0.0000  1.0000  0.0001  0.0022  0.0004  0.0001  0.0001  0.0000  0.0001  0.0001  0.0003  0.5592  0.0001  0.0000  0.0002  0.0000  0.0000  0.0000
 0.0005  0.0000  0.0001  0.0001  0.0001  0.0014  0.0001  0.0001  0.0027  0.0002  0.6397  1.0000  0.0001  0.0002  0.0003  0.0002  0.0002  0.0003  0.0015  0.0002  0.0000  0.0002  0.0000  0.0000  0.0000
 0.0093  0.0000  0.0009  0.0016  0.0275  0.0019  0.0066  1.0000  0.0040  0.5221  0.0095  0.0031  0.0091  0.0074  0.3204  0.5247  0.0076  0.0100  0.0053  0.0015  0.0000  0.1026  0.0000  0.0000  0.0000
 0.0032  0.0000  0.0003  0.0043  0.0045  0.0007  0.0027  1.0000  0.0013  0.2793  0.0031  0.0010  0.0079  0.0025  0.0149  0.3131  0.0029  0.0034  0.0018  0.0005  0.0000  0.0252  0.0000  0.0000  0.0000
 0.0005  0.0000  0.0001  0.0001  0.0001  0.0099  0.0001  0.0001  0.2472  0.0002  1.0000  0.0419  0.0001  0.0002  0.0003  0.0002  0.0002  0.0004  0.1275  0.0002  0.0000  0.0002  0.0000  0.0000  0.0000
 0.4165  0.0000  0.0010  0.0122  0.0992  0.0010  0.0220  0.0232  0.0037  0.4218  0.0059  0.0021  0.0389  0.0127  0.0272  0.0733  1.0000  0.3467  0.0056  0.0003  0.0000  0.0008  0.0000  0.0000  0.0000
 0.0010  0.0000  0.0002  0.0041  0.0014  0.0002  0.0030  1.0000  0.0002  0.0021  0.0003  0.0001  0.0164  0.0008  0.2880  0.0014  0.0026  0.0347  0.0003  0.0001  0.0000  0.0169  0.0000  0.0000  0.0000
 0.0497  0.0000  0.0007  0.0080  0.1610  0.0007  0.0213  0.0017  0.0024  0.1120  0.0040  0.0014  0.0288  1.0000  0.1598  0.1164  0.0375  0.0372  0.0037  0.0002  0.0000  0.0006  0.0000  0.0000  0.0000
 0.0004  0.0000  0.0001  0.0049  0.0006  0.0001  0.0144  0.0340  0.0000  0.0005  0.0001  0.0000  1.0000  0.0003  0.0004  0.0003  0.0218  0.0004  0.0001  0.0000  0.0000  0.0002  0.0000  0.0000  0.0000
 0.0003  0.0000  0.0001  0.0001  0.0001  0.0004  0.0001  0.0000  1.0000  0.0001  0.0113  0.0003  0.0001  0.0001  0.0000  0.0001  0.0001  0.0057  0.4077  0.0000  0.0000  0.0002  0.0000  0.0000  0.0000
 0.0211  0.0000  0.0001  0.0001  0.0001  0.0003  0.0001  0.0000  0.0977  0.0001  0.0911  0.0004  0.0001  0.0001  0.0001  0.0001  0.0001  0.0005  1.0000  0.0000  0.0000  0.0001  0.0000  0.0000  0.0000
 0.6892  0.0000  0.0182  0.2653  1.0000  0.0170  0.1755  0.0415  0.0639  0.3321  0.1031  0.0593  0.1691  0.0938  0.4665  0.3211  0.6102  0.7935  0.1091  0.0059  0.0000  0.0129  0.0000  0.0000  0.0000
 0.0011  0.0000  0.0003  0.0001  0.0003  0.2112  0.0002  0.0002  0.5108  0.0004  1.0000  0.0037  0.0003  0.0005  0.0006  0.0004  0.0003  0.0006  0.0031  0.0004  0.0000  0.0006  0.0000  0.0000  0.0000
 0.0625  0.0000  0.0568  0.0959  0.4447  0.1093  0.0390  0.0631  0.0469  1.0000  0.1900  0.0239  0.0541  0.0247  0.0632  0.3633  0.0573  0.0481  0.2851  0.0190  0.0000  0.1249  0.0000  0.0000  0.0000
 0.0264  0.0000  0.0012  0.6285  0.2022  0.0010  1.0000  0.0030  0.0009  0.0070  0.0019  0.0008  0.0132  0.0054  0.0071  0.0028  0.0227  0.0048  0.0023  0.0004  0.0000  0.0017  0.0000  0.0000  0.0000
 1.0000  0.0000  0.0153  0.0058  0.0125  0.0359  0.0044  0.0054  0.3281  0.0131  0.0576  0.0169  0.0089  0.0174  0.0100  0.0083  0.0497  0.3942  0.3233  0.0027  0.0000  0.1450  0.0000  0.0000  0.0000
 0.0006  0.0000  0.0006  0.0008  0.0004  0.2175  0.0015  0.0451  0.0005  0.0003  0.0010  0.0003  0.0006  0.0006  0.0003  0.0005  0.0004  0.0005  0.0006  0.0005  0.0000  1.0000  0.0000  0.0000  0.0000
 0.0005  0.0000  0.0000  0.0251  1.0000  0.0001  0.0003  0.0001  0.0001  0.0005  0.0001  0.0001  0.0002  0.0004  0.0007  0.0002  0.0003  0.0002  0.0001  0.0000  0.0000  0.0001  0.0000  0.0000  0.0000
 0.0019  0.0000  0.0003  1.0000  0.0318  0.0002  0.0016  0.0006  0.0004  0.0014  0.0005  0.0002  0.0027  0.0011  0.0013  0.0006  0.2523  0.1265  0.0007  0.0001  0.0000  0.0003  0.0000  0.0000  0.0000
 0.6429  0.0000  0.0237  0.4638  0.4892  0.0221  0.2520  0.0538  0.0895  1.0000  0.1338  0.2337  0.2523  0.4458  0.3571  0.5943  0.4862  0.3575  0.1546  0.0076  0.0000  0.0167  0.0000  0.0000  0.0000
 0.8000  0.0000  0.1590  0.5507  0.6926  0.5673  0.5631  0.7619  0.3963  0.6787  0.8693  0.2530  0.8300  0.2850  0.7373  0.5174  1.0000  0.7667  0.7900  0.1478  0.0000  0.7806  0.0000  0.0000  0.0000
 0.7980  0.0000  0.1600  0.1858  0.2267  0.6907  0.2756  0.8015  0.3254  0.3730  0.5369  0.1905  0.4923  0.1695  0.2434  0.2878  0.7485  0.3245  0.4150  0.1529  0.0000  1.0000  0.0000  0.0000  0.0000
 0.0005  0.0000  0.0002  0.0001  0.0001  0.0088  0.0002  0.0000  0.0234  0.0002  0.3473  0.0012  0.0001  0.0002  0.0002  0.0002  0.0002  0.0005  1.0000  0.0003  0.0000  0.0601  0.0000  0.0000  0.0000
 0.0009  0.0000  0.0097  0.0043  0.0013  0.0002  0.0030  1.0000  0.0001  0.0013  0.0002  0.0001  0.0957  0.0007  0.0126  0.0007  0.0023  0.0009  0.0002  0.0001  0.0000  0.6424  0.0000  0.0000  0.0000
 0.0004  0.0000  0.0001  0.0001  0.0001  0.0009  0.0001  0.0000  0.1945  0.0002  1.0000  0.0010  0.0001  0.0001  0.0001  0.0001  0.0001  0.0004  0.1524  0.0001  0.0000  0.0002  0.0000  0.0000  0.0000
 0.0546  0.0000  0.0002  0.0001  0.0002  0.0002  0.0001  0.0000  0.1274  0.0002  0.0014  0.0003  0.0001  0.0002  0.0001  0.0001  0.0002  0.0009  1.0000  0.0000  0.0000  0.0001  0.0000  0.0000  0.0000
 0.0015  0.0000  0.0003  0.0001  0.0002  0.0004  0.0003  0.0001  0.0014  0.0003  0.0018  1.0000  0.0002  0.0004  0.0002  0.0002  0.0007  0.0654  0.0189  0.0001  0.0000  0.0001  0.0000  0.0000  0.0000
 0.0008  0.0000  0.0000  0.0562  1.0000  0.0001  0.0003  0.0002  0.0001  0.0008  0.0002  0.0001  0.0003  0.0005  0.1488  0.0002  0.0004  0.0155  0.0002  0.0000  0.0000  0.0001  0.0000  0.0000  0.0000
 0.0003  0.0000  0.0045  0.0000  0.0001  0.0274  0.0001  0.0001  0.0101  0.0001  1.0000  0.0009  0.0001  0.0001  0.0001  0.0001  0.0001  0.0002  0.0142  0.0001  0.0000  0.0054  0.0000  0.0000  0.0000
 0.1170  0.0000  1.0000  0.0002  0.0005  0.0003  0.0003  0.0001  0.0029  0.0005  0.0182  0.0006  0.0002  0.0007  0.0004  0.0003  0.0007  0.0021  0.4022  0.0001  0.0000  0.0001  0.0000  0.0000  0.0000
 1.0000  0.0000  0.0067  0.0325  0.5248  0.0042  0.0761  0.0069  0.0122  0.0501  0.2066  0.0070  0.0374  0.0223  0.0289  0.0254  0.6052  0.4086  0.0514  0.0019  0.0000  0.0039  0.0000  0.0000  0.0000
 0.0126  0.0000  0.0002  0.0002  0.0002  0.0001  1.0000  0.0001  0.0001  0.0002  0.0002  0.0001  0.0002  0.0006  0.0002  0.0002  0.0010  0.0004  0.0003  0.0001  0.0000  0.0001  0.0000  0.0000  0.0000
 0.0008  0.0000  0.0001  0.0012  0.0004  0.0001  1.0000  0.0003  0.0000  0.0004  0.0001  0.0000  0.0120  0.0003  0.0002  0.0002  0.0069  0.0003  0.0001  0.0000  0.0000  0.0001  0.0000  0.0000  0.0000
 0.0007  0.0000  0.0001  0.0011  1.0000  0.0001  0.0007  0.0002  0.0001  0.0005  0.0002  0.0001  0.0003  0.0005  0.0005  0.0002  0.0110  0.0003  0.0002  0.0001  0.0000  0.0001  0.0000  0.0000  0.0000
 0.0000  0.0000  0.0000  0.0000  0.0000  0.0000  0.0000  0.0000  0.0000  0.0000  1.0000  0.0000  0.0000  0.0000  0.0000  0.0000  0.0000  0.0000  0.0000  0.0000  0.0000  0.0000  0.0000  0.0000  0.0000
 0.0002  0.0000  0.0001  0.0000  0.0001  1.0000  0.0000  0.0000  0.0117  0.0000  0.0152  0.0005  0.0000  0.0001  0.0001  0.0000  0.0055  0.0001  0.0005  0.0004  0.0000  0.0014  0.0000  0.0000  0.0000
 0.0000  0.0000  0.0000  1.0000  0.0000  0.0000  0.0000  0.0000  0.0000  0.0000  0.0000  0.0000  0.0000  0.0000  0.0000  0.0000  0.0000  0.0000  0.0000  0.0000  0.0000  0.0000  0.0000  0.0000  0.0000
 0.0112  0.0000  0.0000  0.0001  0.0004  0.0001  0.0003  0.0003  0.0001  0.0104  0.0003  0.0001  0.0003  0.0003  0.0007  1.0000  0.0003  0.0004  0.0002  0.0001  0.0000  0.0001  0.0000  0.0000  0.0000
 0.0002  0.0000  0.0001  0.0001  0.0001  0.0006  0.0002  0.0001  1.0000  0.0001  0.0135  0.0006  0.0001  0.0001  0.0001  0.0001  0.0001  0.0002  0.0009  0.0001  0.0000  0.0001  0.0000  0.0000  0.0000
 0.0187  0.0000  0.1624  0.0004  0.0013  0.0010  0.0000  0.0003  1.0000  0.0013  0.1343  0.0784  0.0006  0.0018  0.0177  0.0007  0.0240  0.0739  0.7092  0.0002  0.0000  0.0003  0.0000  0.0000  0.0000
 1.0000  0.0000  0.0199  0.2763  0.9051  0.0191  0.1437  0.0579  0.0701  0.4504  0.1135  0.0399  0.1922  0.1054  0.5576  0.3703  0.3171  0.2204  0.1071  0.0067  0.0000  0.0151  0.0000  0.0000  0.0000
 0.0009  0.0000  0.0001  0.0002  0.0012  0.0002  0.0006  0.0053  0.0004  1.0000  0.0009  0.0003  0.0009  0.0007  0.0439  0.8221  0.0007  0.0010  0.0005  0.0001  0.0000  0.0004  0.0000  0.0000  0.0000
 0.0000  0.0000  0.0000  0.0000  0.0000  0.0000  1.0000  0.0000  0.0000  0.0000  0.0000  0.0000  0.0000  0.0000  0.0000  0.0000  0.0000  0.0000  0.0000  0.0000  0.0000  0.0000  0.0000  0.0000  0.0000
 0.0360  0.0000  0.0164  0.0146  0.0194  0.2072  0.0234  1.0000  0.0280  0.0331  0.0598  0.0157  0.0277  0.0145  0.0692  0.0247  0.4296  0.0527  0.1175  0.0131  0.0000  0.1115  0.0000  0.0000  0.0000
 0.0001  0.0000  0.0001  0.0000  0.0000  0.0339  0.0000  0.0000  0.0003  0.0000  0.0007  0.0001  0.0000  0.0001  0.0000  0.0000  0.0001  0.0001  0.0003  0.0006  0.0000  1.0000  0.0000  0.0000  0.0000
 0.0040  0.0000  0.0009  0.0017  0.0011  0.0209  0.0012  0.0005  0.0016  0.0015  0.0022  0.0008  0.0030  0.0020  0.0012  0.0010  0.6954  1.0000  0.0022  0.0013  0.0000  0.1230  0.0000  0.0000  0.0000
 0.0000  0.0000  0.0000  0.0000  1.0000  0.0000  0.0000  0.0000  0.0000  0.0000  0.0000  0.0000  0.0000  0.0000  0.0000  0.0000  0.0000  0.0000  0.0000  0.0000  0.0000  0.0000  0.0000  0.0000  0.0000
 0.0736  0.0000  0.0076  0.0003  0.0024  0.0004  0.0012  0.0183  0.0007  0.4815  0.0017  0.0054  0.0017  0.0014  0.0547  1.0000  0.0969  0.0168  0.0010  0.0003  0.0000  0.0008  0.0000  0.0000  0.0000
 0.8253  0.0000  0.0099  1.0000  0.5556  0.0127  0.1595  0.0345  0.0353  0.5654  0.0587  0.0212  0.1245  0.0737  0.2465  0.1050  0.1482  0.1231  0.0560  0.0051  0.0000  0.0137  0.0000  0.0000  0.0000
 1.0000  0.0000  0.0000  0.0000  0.0000  0.0000  0.0000  0.0000  0.0000  0.0000  0.0000  0.0000  0.0000  0.0000  0.0000  0.0000  0.0000  0.0000  0.0000  0.0000  0.0000  0.0000  0.0000  0.0000  0.0000
 1.0000  0.0000  0.0004  0.0003  0.0004  0.0002  0.0071  0.0001  0.0002  0.0004  0.0004  0.0002  0.0003  0.0011  0.0003  0.0003  0.3939  0.0056  0.0250  0.0001  0.0000  0.0001  0.0000  0.0000  0.0000
 0.7036  0.0000  0.0259  0.7062  1.0000  0.0243  0.2672  0.2937  0.0974  0.6228  0.3000  0.0514  0.3508  0.1333  0.5552  0.4657  0.5982  0.5615  0.2033  0.0083  0.0000  0.0275  0.0000  0.0000  0.0000
 0.0006  0.0000  0.0002  0.0001  0.0002  0.0048  0.0001  0.0001  0.1628  0.0002  1.0000  0.0355  0.0001  0.0002  0.0003  0.0002  0.0002  0.0004  0.2323  0.0002  0.0000  0.0002  0.0000  0.0000  0.0000
 0.1873  0.0000  0.4759  0.0019  0.0057  0.0339  0.0006  0.0015  1.0000  0.0058  0.2016  0.0744  0.0028  0.0079  0.0044  0.0034  0.0056  0.5012  0.2312  0.0010  0.0000  0.0020  0.0000  0.0000  0.0000
 0.0097  0.0000  0.0001  0.0003  0.0020  0.0350  0.0462  0.0081  0.0006  0.2015  0.0014  0.0005  0.0183  0.0011  0.0713  1.0000  0.0012  0.0015  0.0008  0.0002  0.0000  0.0006  0.0000  0.0000  0.0000
 0.8351  0.0000  0.0525  0.6291  1.0000  0.0502  0.3843  0.1187  0.2601  0.8972  0.3014  0.1029  0.4850  0.2664  0.8979  0.5066  0.7410  0.8455  0.3503  0.0172  0.0000  0.0395  0.0000  0.0000  0.0000
 0.0006  0.0000  0.0002  0.0001  0.0001  0.0004  0.0001  0.0000  1.0000  0.0002  0.0024  0.0374  0.0001  0.0001  0.0001  0.0001  0.0002  0.0365  0.4487  0.0001  0.0000  0.0002  0.0000  0.0000  0.0000
 0.0057  0.0000  0.0003  0.0001  0.0003  0.0016  0.0002  0.0001  0.0557  0.0003  0.6662  0.0286  0.0002  0.0003  0.0003  0.0003  0.0003  0.0009  1.0000  0.0002  0.0000  0.0003  0.0000  0.0000  0.0000
 0.1951  0.0000  0.0082  0.4213  0.8783  0.0077  1.0000  0.0187  0.0289  0.1706  0.0616  0.0423  0.4992  0.0424  0.1942  0.1107  0.5690  0.2625  0.0440  0.0026  0.0000  0.0058  0.0000  0.0000  0.0000
 0.5934  0.0000  0.0017  0.0004  0.0013  0.0014  0.0002  0.0003  0.1238  0.0013  0.0162  0.0022  0.0006  0.0017  0.0009  0.0008  0.0013  0.0059  1.0000  0.0002  0.0000  0.0005  0.0000  0.0000  0.0000
 0.0071  0.0000  0.0001  0.0000  0.0000  0.0003  0.0031  0.0000  0.0588  0.0001  0.0241  0.0002  0.0000  0.0000  0.0000  0.0001  0.0001  0.0002  1.0000  0.0000  0.0000  0.0001  0.0000  0.0000  0.0000
 0.3993  0.0000  0.0065  0.2746  1.0000  0.0064  0.0688  0.7087  0.0223  0.3770  0.0361  0.0126  0.3029  0.0330  0.5257  0.0622  0.2966  0.0681  0.0501  0.0022  0.0000  0.0733  0.0000  0.0000  0.0000
 0.5968  0.0000  0.1076  0.1272  0.1659  0.4512  0.2209  0.3298  0.3335  0.1766  0.3950  0.1830  0.2059  0.1242  0.1785  0.2398  0.2906  0.3371  0.4013  0.1125  0.0000  1.0000  0.0000  0.0000  0.0000
 0.0030  0.0000  1.0000  0.0004  0.0008  0.0079  0.0007  0.0006  0.0146  0.0010  0.4520  0.1315  0.0007  0.0013  0.0015  0.0010  0.0009  0.0017  0.0080  0.0009  0.0000  0.0011  0.0000  0.0000  0.0000
 0.0003  0.0000  0.0003  0.0008  0.0004  0.0002  0.0013  1.0000  0.0002  0.0003  0.0003  0.0001  0.0043  0.0006  0.0003  0.0004  0.0004  0.0003  0.0002  0.0002  0.0000  0.0003  0.0000  0.0000  0.0000
 0.2161  0.0000  0.0191  0.4105  0.4538  0.2780  0.0987  0.0316  0.0574  0.3512  0.0828  0.0275  0.1572  0.0712  0.1991  0.2266  1.0000  0.1839  0.0741  0.0045  0.0000  0.0101  0.0000  0.0000  0.0000
 0.0494  0.0000  0.0092  0.0868  0.0796  0.0345  0.0662  0.3103  0.0507  0.1340  1.0000  0.6852  0.2513  0.0319  0.2379  0.1052  0.0883  0.0493  0.0394  0.0085  0.0000  0.0288  0.0000  0.0000  0.0000
 0.0009  0.0000  0.0001  0.0011  0.0004  0.0001  1.0000  0.0002  0.0001  0.0004  0.0001  0.0000  0.0066  0.0003  0.0002  0.0002  0.0135  0.0003  0.0001  0.0000  0.0000  0.0001  0.0000  0.0000  0.0000
 0.0003  0.0000  0.0001  0.0001  0.0001  0.0003  0.0001  0.0000  0.3676  0.0001  0.0018  0.0003  0.0001  0.0001  0.0000  0.0001  0.0001  0.0003  1.0000  0.0000  0.0000  0.0002  0.0000  0.0000  0.0000
 0.0015  0.0000  0.0005  0.0003  0.0004  0.0957  0.0006  0.0002  0.2357  0.0006  0.0519  1.0000  0.0004  0.0004  0.0005  0.0005  0.0006  0.0014  0.8268  0.0004  0.0000  0.0008  0.0000  0.0000  0.0000
 0.0000  0.0000  0.0000  0.0000  0.0000  0.0000  0.0000  1.0000  0.0000  0.0000  0.0000  0.0000  0.0000  0.0000  0.0000  0.0000  0.0000  0.0000  0.0000  0.0000  0.0000  0.0000  0.0000  0.0000  0.0000
 0.0000  0.0000  0.0000  0.0000  0.0000  0.0000  0.0000  0.0000  0.0000  0.0000  0.0000  0.0000  0.0000  0.0000  0.0000  1.0000  0.0000  0.0000  0.0000  0.0000  0.0000  0.0000  0.0000  0.0000  0.0000
 0.0000  0.0000  0.0000  1.0000  0.0000  0.0000  0.0000  0.0000  0.0000  0.0000  0.0000  0.0000  0.0000  0.0000  0.0000  0.0000  0.0000  0.0000  0.0000  0.0000  0.0000  0.0000  0.0000  0.0000  0.0000
 0.0002  0.0000  0.0001  0.0000  0.0001  0.0006  0.0001  0.0000  0.0102  0.0001  1.0000  0.0007  0.0001  0.0001  0.0001  0.0001  0.0001  0.0001  0.0006  0.0001  0.0000  0.0001  0.0000  0.0000  0.0000
 0.0004  0.0000  0.0000  0.0004  0.0036  0.0001  0.0009  0.0002  0.0002  1.0000  0.0004  0.0001  0.0003  0.0007  0.0005  0.0010  0.0003  0.0003  0.0002  0.0001  0.0000  0.0001  0.0000  0.0000  0.0000
 0.0070  0.0000  0.0002  0.0003  0.0003  0.0001  0.0013  0.0001  0.0001  0.0003  0.0003  0.0001  0.0002  1.0000  0.0002  0.0003  0.0008  0.0003  0.0003  0.0001  0.0000  0.0001  0.0000  0.0000  0.0000
 0.0005  0.0000  0.0000  0.0012  1.0000  0.0001  0.0005  0.0001  0.0001  0.0060  0.0002  0.0000  0.0002  0.0005  0.0006  0.0002  0.0003  0.0002  0.0001  0.0001  0.0000  0.0001  0.0000  0.0000  0.0000
 0.0000  0.0000  0.0000  0.0000  0.0000  0.0000  0.0000  0.0000  0.0000  0.0000  0.0000  0.0000  1.0000  0.0000  0.0000  0.0000  0.0000  0.0000  0.0000  0.0000  0.0000  0.0000  0.0000  0.0000  0.0000
 0.0010  0.0000  0.0003  0.0001  0.0002  1.0000  0.0002  0.0002  0.0043  0.0003  0.5323  0.0028  0.0002  0.0083  0.0004  0.0003  0.0003  0.0006  0.0025  0.0008  0.0000  0.0026  0.0000  0.0000  0.0000
 0.0000  0.0000  0.0000  0.0000  0.0000  0.0000  0.0000  0.0000  0.0000  0.0000  1.0000  0.0000  0.0000  0.0000  0.0000  0.0000  0.0000  0.0000  0.0000  0.0000  0.0000  0.0000  0.0000  0.0000  0.0000
 0.0012  0.0000  0.0005  0.0002  0.0003  1.0000  0.0002  0.0000  0.0032  0.0001  0.8019  0.0169  0.0001  0.0005  0.0001  0.0001  0.0007  0.0007  0.0025  0.0047  0.0000  0.6739  0.0000  0.0000  0.0000
 0.5872  0.0000  0.1644  0.2077  0.2587  0.6661  0.3148  0.5047  0.3688  0.2794  0.6708  0.2051  0.2867  0.1904  0.2839  0.3577  0.4127  0.3681  0.5319  0.1737  0.0000  1.0000  0.0000  0.0000  0.0000
 0.0033  0.0000  0.0008  0.1456  0.0171  0.0007  0.0314  0.0115  0.0004  0.0181  0.0008  0.0003  0.6881  0.0027  0.0031  0.0024  1.0000  0.5511  0.0006  0.0004  0.0000  0.0018  0.0000  0.0000  0.0000
 0.2462  0.0000  0.0197  0.1514  0.2837  0.0123  0.1004  0.0498  0.0612  1.0000  0.1250  0.0583  0.1821  0.6307  0.3417  0.1632  0.2221  0.2421  0.0841  0.0042  0.0000  0.0095  0.0000  0.0000  0.0000
 0.2028  0.0000  0.0031  1.0000  0.5766  0.1119  0.0631  0.0959  0.0109  0.3577  0.0176  0.0062  0.0853  0.0202  0.0897  0.0474  0.1912  0.0635  0.0359  0.0010  0.0000  0.0022  0.0000  0.0000  0.0000
 0.0013  0.0000  0.0000  0.3422  1.0000  0.0001  0.0006  0.0041  0.0001  0.0090  0.0003  0.0001  0.0038  0.0096  0.0057  0.0004  0.0077  0.0006  0.0003  0.0001  0.0000  0.0002  0.0000  0.0000  0.0000
 0.0020  0.0000  0.0005  1.0000  0.1489  0.0004  0.0659  0.0208  0.0002  0.0073  0.0004  0.0002  0.5571  0.0016  0.0019  0.0014  0.0580  0.0908  0.0003  0.0002  0.0000  0.0011  0.0000  0.0000  0.0000
 0.9048  0.0000  0.0024  0.0016  0.0021  0.0883  0.0103  0.0007  0.0110  0.0024  0.0908  0.0235  0.0017  0.0053  0.0022  0.0019  1.0000  0.0048  0.0090  0.0011  0.0000  0.0022  0.0000  0.0000  0.0000
 0.6683  0.0000  0.0449  0.5388  0.7367  0.0418  0.2840  0.0922  0.1549  1.0000  0.2994  0.1378  0.3669  0.5098  0.4445  0.3876  0.6740  0.4722  0.2861  0.0142  0.0000  0.0335  0.0000  0.0000  0.0000
 0.0006  0.0000  0.0001  0.0001  0.0001  0.0015  0.0001  0.0001  0.4079  0.0002  1.0000  0.0164  0.0001  0.0002  0.0003  0.0002  0.0002  0.0003  0.0016  0.0002  0.0000  0.0002  0.0000  0.0000  0.0000
 0.0245  0.0000  0.0028  0.0040  0.0304  0.0115  0.0156  0.0196  0.0229  1.0000  0.1612  0.3612  0.0213  0.0180  0.0695  0.1313  0.0182  0.0247  0.0371  0.0042  0.0000  0.0105  0.0000  0.0000  0.0000
 1.0000  0.0000  0.0184  0.0061  0.0142  0.0095  0.0063  0.0037  0.6309  0.0147  0.0603  0.0186  0.0092  0.0217  0.0110  0.0084  0.0440  0.2690  0.2519  0.0018  0.0000  0.0034  0.0000  0.0000  0.0000
 0.2221  0.0000  0.0041  0.0075  0.0050  0.0020  0.0072  0.0022  0.6662  0.0074  0.0056  0.0029  0.0135  0.0098  0.0057  0.0047  0.6149  1.0000  0.0102  0.0012  0.0000  0.0022  0.0000  0.0000  0.0000
 0.0005  0.0000  0.0004  1.0000  0.0004  0.0003  0.0014  0.0003  0.0002  0.0003  0.0004  0.0001  0.0004  0.0007  0.0003  0.0004  0.0003  0.0003  0.0056  0.0002  0.0000  0.0003  0.0000  0.0000  0.0000
 0.0000  0.0000  0.0000  0.0000  0.0000  1.0000  0.0000  0.0000  0.0000  0.0000  0.0000  0.0000  0.0000  0.0000  0.0000  0.0000  0.0000  0.0000  0.0000  0.0000  0.0000  0.0000  0.0000  0.0000  0.0000
 0.0000  0.0000  0.0000  0.0000  0.0000  0.0000  1.0000  0.0000  0.0000  0.0000  0.0000  0.0000  0.0000  0.0000  0.0000  0.0000  0.0000  0.0000  0.0000  0.0000  0.0000  0.0000  0.0000  0.0000  0.0000
 0.0004  0.0000  0.0001  0.0000  0.0001  0.0007  0.0001  0.0001  0.0013  0.0001  1.0000  0.0008  0.0001  0.0001  0.0001  0.0001  0.0117  0.0002  0.0090  0.0001  0.0000  0.0001  0.0000  0.0000  0.0000
 0.0117  0.0000  0.0002  0.0002  0.0002  0.0001  0.0012  0.0000  0.0001  0.0002  0.0002  0.0001  0.0002  0.0006  0.0002  0.0002  1.0000  0.0005  0.0004  0.0000  0.0000  0.0001  0.0000  0.0000  0.0000
 0.1174  0.0000  0.0225  0.0057  0.0204  0.0128  0.0023  0.0066  0.1906  0.4124  0.0835  0.0775  0.0104  0.0255  0.0188  0.1441  0.0184  0.1044  1.0000  0.0024  0.0000  0.0051  0.0000  0.0000  0.0000
 0.0045  0.0000  0.0012  0.0005  0.0012  1.0000  0.0009  0.0009  0.5832  0.0015  0.0782  0.3698  0.0011  0.0019  0.0023  0.0015  0.0013  0.0448  0.0132  0.0015  0.0000  0.0022  0.0000  0.0000  0.0000
 0.0090  0.0000  0.0010  0.0024  0.8574  0.0556  0.0062  0.0075  0.0039  1.0000  0.0158  0.1348  0.0083  0.0065  0.1148  0.1089  0.0346  0.0167  0.0052  0.0014  0.0000  0.0106  0.0000  0.0000  0.0000
 0.1325  0.0000  0.0006  0.4042  0.4800  0.0018  0.0254  0.0378  0.0030  0.0946  0.0054  0.0021  0.0109  1.0000  0.1804  0.0075  0.0557  0.0107  0.0055  0.0008  0.0000  0.0024  0.0000  0.0000  0.0000
 0.0059  0.0000  0.0003  0.0259  0.0839  0.0191  1.0000  0.0181  0.0002  0.0022  0.0004  0.0001  0.0661  0.0089  0.0182  0.0011  0.1228  0.0015  0.0003  0.0002  0.0000  0.0008  0.0000  0.0000  0.0000
 0.0564  0.0000  0.0040  0.3881  1.0000  0.0038  0.4129  0.0456  0.0138  0.3972  0.0224  0.0079  0.1439  0.0208  0.3460  0.0610  0.1712  0.0427  0.0337  0.0013  0.0000  0.0031  0.0000  0.0000  0.0000
 0.0455  0.0000  0.0070  0.0085  0.0243  0.0399  0.0228  0.0323  0.3261  0.1239  0.0306  0.1762  0.0220  0.0082  0.0441  0.1501  0.0353  0.1272  1.0000  0.0073  0.0000  0.0726  0.0000  0.0000  0.0000
 0.0012  0.0000  0.0006  0.0002  0.0003  1.0000  0.0002  0.0001  0.0036  0.0001  0.3749  0.4128  0.0001  0.0005  0.0002  0.0001  0.0007  0.0008  0.0027  0.0047  0.0000  0.3280  0.0000  0.0000  0.0000
 0.5044  0.0000  0.0359  0.1900  0.3328  0.0161  0.2197  0.1002  0.0550  0.6731  0.0984  0.0311  0.2988  0.0797  0.1846  0.5930  0.8653  1.0000  0.0836  0.0054  0.0000  0.0581  0.0000  0.0000  0.0000
 0.0064  0.0000  0.0009  1.0000  0.2167  0.0009  0.0097  0.0033  0.0010  0.0067  0.0015  0.0006  0.0237  0.0043  0.0064  0.0028  0.0182  0.6405  0.0017  0.0005  0.0000  0.0018  0.0000  0.0000  0.0000
 0.8685  0.0000  0.0083  0.0021  0.0062  0.0060  0.0006  0.0015  1.0000  0.0146  0.2660  0.0263  0.0031  0.0086  0.0046  0.0037  0.0062  0.2557  0.9163  0.0009  0.0000  0.0021  0.0000  0.0000  0.0000
 0.0095  0.0000  0.5281  0.0038  0.0027  0.0033  0.0093  0.0021  0.0070  0.0012  0.0064  0.0020  0.0025  0.0039  0.0020  0.0029  0.0029  0.0059  1.0000  0.0020  0.0000  0.0033  0.0000  0.0000  0.0000
 0.0000  0.0000  0.0000  0.0000  0.0000  0.0000  1.0000  0.0000  0.0000  0.0000  0.0000  0.0000  0.0000  0.0000  0.0000  0.0000  0.0000  0.0000  0.0000  0.0000  0.0000  0.0000  0.0000  0.0000  0.0000
 0.0012  0.0000  0.0003  0.0005  0.0003  0.0001  0.0004  0.0001  0.0004  0.0005  0.0003  0.0002  0.0009  0.0006  0.0004  0.0046  1.0000  0.5353  0.0006  0.0001  0.0000  0.0001  0.0000  0.0000  0.0000
 0.4106  0.0000  0.0006  0.0004  0.0005  0.0002  0.0150  0.0001  0.0003  0.0006  0.0006  0.0003  0.0004  1.0000  0.0004  0.0004  0.0030  0.0010  0.0010  0.0001  0.0000  0.0002  0.0000  0.0000  0.0000
 0.1736  0.0000  0.0286  0.0155  0.0199  0.7045  0.2860  0.0038  0.0768  0.0137  0.1932  0.0414  0.0101  0.0441  0.0099  0.0103  0.0871  0.0421  0.0848  0.1492  0.0000  1.0000  0.0000  0.0000  0.0000
 0.0001  0.0000  0.0001  0.0001  0.0001  0.0028  0.0001  0.0000  0.0003  0.0000  0.0090  0.0001  0.0000  0.0001  0.0000  0.0000  0.0001  0.0001  0.0003  0.0006  0.0000  1.0000  0.0000  0.0000  0.0000
 0.0011  0.0000  0.0109  0.0001  0.0002  0.0004  0.0001  0.0000  0.0818  0.0002  0.0022  0.2016  0.0001  0.0002  0.0001  0.0001  0.0002  0.0008  1.0000  0.0001  0.0000  0.0002  0.0000  0.0000  0.0000
 1.0000  0.0000  0.0086  0.0002  0.0002  0.0001  0.0013  0.0001  0.0001  0.0002  0.0002  0.0001  0.0002  0.0005  0.0002  0.0002  0.0010  0.0004  0.0004  0.0001  0.0000  0.0001  0.0000  0.0000  0.0000
 0.0012  0.0000  0.0001  0.0004  0.0003  0.0001  0.0013  0.0001  0.0001  0.0004  0.0003  0.0001  0.0002  1.0000  0.0002  0.0003  0.0090  0.0003  0.0003  0.0001  0.0000  0.0001  0.0000  0.0000  0.0000
 0.0005  0.0000  0.0000  0.0045  1.0000  0.0001  0.0003  0.0001  0.0001  0.0005  0.0002  0.0000  0.0002  0.0004  0.0006  0.0002  0.0003  0.0002  0.0001  0.0000  0.0000  0.0001  0.0000  0.0000  0.0000
 0.0002  0.0000  0.0001  0.0000  0.0001  0.0003  0.0001  0.0000  0.0922  0.0001  0.0656  0.0003  0.0001  0.0000  0.0000  0.0001  0.0001  0.0002  1.0000  0.0000  0.0000  0.0001  0.0000  0.0000  0.0000
 0.0003  0.0000  0.0001  0.0000  0.0001  0.0819  0.0001  0.0001  0.0014  0.0001  1.0000  0.0009  0.0001  0.0001  0.0001  0.0001  0.0001  0.0002  0.0008  0.0003  0.0000  0.0008  0.0000  0.0000  0.0000
 0.8392  0.0000  0.0496  0.3323  0.5942  0.0243  0.1852  0.0591  0.0911  1.0000  0.2969  0.0789  0.2477  0.1463  0.3648  0.3148  0.3638  0.2791  0.1389  0.0084  0.0000  0.0185  0.0000  0.0000  0.0000
 0.0026  0.0000  0.0400  0.0004  0.0036  0.0005  0.0018  0.0667  0.0011  0.4352  0.0026  0.0009  0.0025  0.0075  0.7270  1.0000  0.0021  0.0027  0.0015  0.0004  0.0000  0.0012  0.0000  0.0000  0.0000
 0.0017  0.0000  0.0002  0.0084  0.0065  0.0003  0.0013  0.0417  0.0007  1.0000  0.0017  0.0005  0.0018  0.0013  0.0296  0.4187  0.1370  0.0724  0.0009  0.0003  0.0000  0.0007  0.0000  0.0000  0.0000
 0.5026  0.0000  0.2779  0.2047  0.2707  0.7008  0.4822  0.7419  0.3964  0.2889  0.6670  0.2186  0.7518  0.7426  0.2912  0.5122  0.5453  0.3880  0.4974  0.1833  0.0000  1.0000  0.0000  0.0000  0.0000
 0.0005  0.0000  0.0007  0.0008  0.0004  0.0004  0.0018  0.0814  0.0004  0.0003  0.0006  0.0002  0.0005  0.0008  0.0003  0.0006  0.0003  0.0004  0.0005  0.0004  0.0000  1.0000  0.0000  0.0000  0.0000
 0.0027  0.0000  0.0003  0.0005  0.0004  0.0002  1.0000  0.0001  0.0002  0.0004  0.0004  0.0001  0.0004  0.0009  0.0003  0.0003  0.1648  0.0005  0.0005  0.0001  0.0000  0.0001  0.0000  0.0000  0.0000
 0.0948  0.0000  0.0122  0.0088  0.0692  0.0103  0.0359  0.0537  0.0213  1.0000  0.0504  0.0167  0.0483  0.6273  0.1460  0.3237  0.0413  0.0534  0.0283  0.0078  0.0000  0.0224  0.0000  0.0000  0.0000
 0.4193  0.0000  0.0004  0.0511  1.0000  0.0017  0.0076  0.0045  0.0023  0.0292  0.0044  0.0018  0.0075  0.1171  0.0329  0.0056  0.0101  0.0084  0.0046  0.0008  0.0000  0.0023  0.0000  0.0000  0.0000
 0.7256  0.0000  0.0467  0.0009  0.0028  0.0020  0.0004  0.0007  0.2996  0.0028  0.0133  0.0100  0.0013  0.0039  0.0020  0.0015  0.0419  0.0130  1.0000  0.0003  0.0000  0.0006  0.0000  0.0000  0.0000
 0.0052  0.0000  0.0002  1.0000  0.0005  0.0002  0.0012  0.0002  0.0002  0.0004  0.0003  0.0001  0.0006  0.0006  0.0003  0.0003  0.0006  0.0003  0.0002  0.0001  0.0000  0.0002  0.0000  0.0000  0.0000
 0.0009  0.0000  0.2347  0.0002  0.0002  0.0010  0.0003  0.0000  0.4901  0.0003  0.0266  0.0010  0.0002  0.0002  0.0001  0.0003  0.0003  0.0010  1.0000  0.0001  0.0000  0.0005  0.0000  0.0000  0.0000
 0.0000  0.0000  0.0000  0.0000  0.0000  0.0000  0.0000  0.0000  0.0000  0.0000  0.0000  0.0000  0.0000  0.0000  0.0000  0.0000  0.0000  0.0000  0.0000  1.0000  0.0000  0.0000  0.0000  0.0000  0.0000
 0.1656  0.0000  0.0003  0.0004  0.0003  0.0001  0.0009  0.0001  0.0002  0.0004  0.0003  0.0002  0.0006  0.0006  0.0003  0.0003  1.0000  0.0999  0.0005  0.0001  0.0000  0.0001  0.0000  0.0000  0.0000
 1.0000  0.0000  0.0150  0.0047  0.0116  0.0258  0.0040  0.0031  0.6612  0.0128  0.2678  0.0345  0.0068  0.0155  0.0095  0.0084  0.0125  0.0515  0.3303  0.0034  0.0000  0.0073  0.0000  0.0000  0.0000
 0.0000  0.0000  0.0000  0.0000  0.0000  0.0000  1.0000  0.0000  0.0000  0.0000  0.0000  0.0000  0.0000  0.0000  0.0000  0.0000  0.0000  0.0000  0.0000  0.0000  0.0000  0.0000  0.0000  0.0000  0.0000
 0.0004  0.0000  0.0001  0.0000  0.0001  0.0002  0.0001  0.0000  0.0300  0.0001  0.0010  0.0002  0.0001  0.0001  0.0000  0.0001  0.0001  0.0003  1.0000  0.0000  0.0000  0.0001  0.0000  0.0000  0.0000
 0.0004  0.0000  0.0002  0.0001  0.0001  0.0008  0.0003  0.0001  1.0000  0.0001  0.0037  0.0877  0.0001  0.0002  0.0002  0.0002  0.0001  0.0002  0.0011  0.0001  0.0000  0.0002  0.0000  0.0000  0.0000
 0.2390  0.0000  0.0096  0.0025  0.0072  0.0058  0.0006  0.0019  0.1554  0.0073  1.0000  0.0109  0.0039  0.0103  0.0055  0.0041  0.2002  0.2954  0.2533  0.0010  0.0000  0.0017  0.0000  0.0000  0.0000
 0.0001  0.0000  0.0001  0.0000  0.0000  0.0083  0.0000  0.0000  0.0003  0.0000  0.0006  0.0001  0.0000  0.0001  0.0000  0.0000  0.0001  0.0001  0.0002  0.0006  0.0000  1.0000  0.0000  0.0000  0.0000
 0.0002  0.0000  0.0001  0.0000  0.0001  0.0818  0.0001  0.0000  1.0000  0.0001  0.0018  0.0004  0.0001  0.0001  0.0000  0.0001  0.0001  0.0002  0.0145  0.0002  0.0000  0.0006  0.0000  0.0000  0.0000
 0.0002  0.0000  0.0001  0.0000  0.0001  0.0100  0.0001  0.0000  0.0010  0.0001  1.0000  0.0007  0.0001  0.0001  0.0001  0.0001  0.0001  0.0001  0.0006  0.0001  0.0000  0.0004  0.0000  0.0000  0.0000
 0.0002  0.0000  0.0001  0.0000  0.0001  0.0006  0.0001  0.0000  0.0011  0.0001  1.0000  0.0007  0.0001  0.0001  0.0001  0.0001  0.0001  0.0001  0.0060  0.0001  0.0000  0.0001  0.0000  0.0000  0.0000
 0.0372  0.0000  1.0000  0.0015  0.0018  0.0008  0.0113  0.0004  0.0009  0.0020  0.0020  0.0009  0.0014  0.0051  0.0014  0.0014  0.7507  0.0040  0.0034  0.0003  0.0000  0.0006  0.0000  0.0000  0.0000
 0.0000  0.0000  0.0000  0.0000  0.0000  0.0000  1.0000  0.0000  0.0000  0.0000  0.0000  0.0000  0.0000  0.0000  0.0000  0.0000  0.0000  0.0000  0.0000  0.0000  0.0000  0.0000  0.0000  0.0000  0.0000
 0.0390  0.0000  0.0054  0.0061  0.0062  0.0181  0.0091  0.0056  0.0149  0.0074  0.0141  0.0051  0.0167  0.0091  0.0062  0.0059  0.0478  0.0634  1.0000  0.0022  0.0000  0.5589  0.0000  0.0000  0.0000
 0.0011  0.0000  0.0002  0.0006  0.0005  0.0003  0.0018  0.0003  0.0003  0.0006  0.0005  0.0001  0.0004  1.0000  0.0003  0.0006  0.0009  0.0813  0.0004  0.0002  0.0000  0.0002  0.0000  0.0000  0.0000
 0.0000  0.0000  0.0000  0.0000  0.0000  0.0000  0.0000  0.0000  0.0000  0.0000  0.0000  0.0000  0.0000  1.0000  0.0000  0.0000  0.0000  0.0000  0.0000  0.0000  0.0000  0.0000  0.0000  0.0000  0.0000
 0.0001  0.0000  0.0001  0.0000  0.0000  1.0000  0.0001  0.0000  0.0003  0.0000  0.0064  0.0002  0.0000  0.0001  0.0000  0.0000  0.0001  0.0001  0.0003  0.0006  0.0000  0.0023  0.0000  0.0000  0.0000
 0.0012  0.0000  0.0008  0.1149  0.0005  0.0214  0.0012  0.0002  0.0021  0.0002  0.0051  0.0010  0.0006  0.0008  0.0002  0.0003  0.0010  0.0008  0.0020  1.0000  0.0000  0.4395  0.0000  0.0000  0.0000
 1.0000  0.0000  0.0288  0.6008  0.4290  0.0183  0.2881  0.0434  0.0188  0.1135  0.0392  0.0171  0.1802  0.1092  0.1126  0.1381  0.2116  0.0884  0.0535  0.0080  0.0000  0.0264  0.0000  0.0000  0.0000
 0.0007  0.0000  0.0000  0.0952  1.0000  0.0001  0.0050  0.0002  0.0001  0.0007  0.0002  0.0001  0.0004  0.0004  0.0009  0.0002  0.0004  0.0003  0.0002  0.0000  0.0000  0.0001  0.0000  0.0000  0.0000
 0.0034  0.0000  0.0007  0.0018  0.0010  0.0004  0.0054  0.0005  0.0056  0.0237  0.0010  0.0005  0.5595  0.0018  0.0012  0.0009  0.5201  1.0000  0.0017  0.0002  0.0000  0.0004  0.0000  0.0000  0.0000
 0.0028  0.0000  0.0000  0.4318  1.0000  0.0003  0.0065  0.0007  0.0003  0.0028  0.0077  0.0003  0.0859  0.0017  0.1508  0.0008  0.0015  0.0012  0.0196  0.0001  0.0000  0.0004  0.0000  0.0000  0.0000
 0.6043  0.0000  0.0182  0.2648  0.3456  0.0499  0.1279  0.1585  0.0924  0.6359  0.2475  0.0424  0.2112  0.1859  1.0000  0.2112  0.5303  0.2510  0.0964  0.0061  0.0000  0.0145  0.0000  0.0000  0.0000
 0.0217  0.0000  0.0010  0.0226  0.2315  0.0009  1.0000  0.0228  0.0034  0.2190  0.0055  0.0019  0.1411  0.0051  0.0108  0.0381  0.0367  0.0227  0.0118  0.0003  0.0000  0.0008  0.0000  0.0000  0.0000
 0.0017  0.0000  0.0005  0.0003  0.1290  0.0032  0.0006  0.0001  1.0000  0.0007  0.4807  0.0251  0.0005  0.0005  0.0005  0.0006  0.0006  0.0016  0.1657  0.0004  0.0000  0.0009  0.0000  0.0000  0.0000
 0.0987  0.0000  0.0002  0.0001  0.0001  1.0000  0.0001  0.0000  0.0009  0.0000  0.0022  0.0890  0.0000  0.0002  0.0000  0.0000  0.0003  0.0003  0.0008  0.0020  0.0000  0.0231  0.0000  0.0000  0.0000
 0.3119  0.0000  0.0029  0.9751  1.0000  0.0029  0.0214  0.0070  0.0103  0.0702  0.0166  0.0058  0.2686  0.0159  0.5800  0.2716  0.2022  0.0623  0.0157  0.0010  0.0000  0.0023  0.0000  0.0000  0.0000
 1.0000  0.0000  0.0020  0.0655  0.2615  0.0039  0.0178  0.0212  0.0072  0.2101  0.0140  0.0052  0.0213  0.0215  0.8031  0.0484  0.0948  0.0549  0.0117  0.0022  0.0000  0.0062  0.0000  0.0000  0.0000
 0.0003  0.0000  0.0001  0.0001  0.0001  0.0004  0.0001  0.0000  1.0000  0.0001  0.0019  0.0003  0.0001  0.0000  0.0000  0.0001  0.0001  0.0003  0.4233  0.0000  0.0000  0.0002  0.0000  0.0000  0.0000
 0.0005  0.0000  0.0001  0.0001  0.0001  0.0014  0.0001  0.0001  0.1304  0.0415  1.0000  0.0452  0.0001  0.0002  0.0003  0.0002  0.0001  0.0003  0.0015  0.0002  0.0000  0.0002  0.0000  0.0000  0.0000
 0.1201  0.0000  0.0010  0.0081  0.1962  0.0014  0.0070  0.2006  0.0037  1.0000  0.0341  0.0024  0.0495  0.0060  0.2529  0.6782  0.0214  0.0106  0.0692  0.0008  0.0000  0.0021  0.0000  0.0000  0.0000
 0.3501  0.0000  0.0044  0.0124  0.0188  0.0002  1.0000  0.0005  0.0001  0.0009  0.0003  0.0001  0.0148  0.0009  0.0006  0.0005  0.1102  0.0009  0.0004  0.0001  0.0000  0.0003  0.0000  0.0000  0.0000
 0.1590  0.0000  0.0162  0.7000  1.0000  0.0700  0.0799  0.4608  0.0855  0.3479  0.0852  0.0261  0.1057  0.0502  0.2725  0.1396  0.2395  0.1347  0.3132  0.0112  0.0000  0.2309  0.0000  0.0000  0.0000
 0.0112  0.0000  0.0034  0.0020  0.0031  0.1972  0.0036  0.0014  1.0000  0.0042  0.8349  0.0288  0.0029  0.0343  0.0040  0.0039  0.0042  0.0093  0.2844  0.0054  0.0000  0.7889  0.0000  0.0000  0.0000
 0.0205  0.0000  0.0001  1.0000  0.4109  0.0001  0.0013  0.0005  0.0002  0.0013  0.0003  0.0001  0.0159  0.0008  0.0015  0.0005  0.1025  0.0117  0.0003  0.0001  0.0000  0.0003  0.0000  0.0000  0.0000
 0.0002  0.0000  0.0001  0.0000  0.0001  1.0000  0.0001  0.0000  0.0005  0.0000  0.0487  0.0003  0.0000  0.0001  0.0000  0.0000  0.0001  0.0001  0.0004  0.0006  0.0000  0.0023  0.0000  0.0000  0.0000
 0.1017  0.0000  0.0033  1.0000  0.7689  0.0031  0.0234  0.0578  0.0397  0.3444  0.0185  0.0065  0.0304  0.1620  0.1030  0.0584  0.4974  0.2510  0.1120  0.0011  0.0000  0.0023  0.0000  0.0000  0.0000
 0.0641  0.0000  0.0046  0.0021  0.0014  0.0006  0.0017  0.0006  0.0332  0.0021  0.0320  0.0008  0.0095  0.0376  0.0016  0.1069  1.0000  0.0487  0.0030  0.0003  0.0000  0.0006  0.0000  0.0000  0.0000
 0.0460  0.0000  0.0016  1.0000  0.6653  0.0029  0.0354  0.0203  0.0047  0.0594  0.0084  0.0032  0.0540  0.6878  0.1792  0.0134  0.0973  0.0182  0.0082  0.0013  0.0000  0.0044  0.0000  0.0000  0.0000
 0.2911  0.0000  0.0688  0.2790  0.1455  0.2559  0.3750  0.1292  0.1034  0.1920  0.2401  0.0629  0.2993  1.0000  0.1177  0.1603  0.2513  0.1429  0.1220  0.0530  0.0000  0.4840  0.0000  0.0000  0.0000
 0.0000  0.0000  0.0000  0.0000  0.0000  0.0000  0.0000  0.0000  0.0000  0.0000  0.0000  0.0000  0.0000  0.0000  0.0000  0.0000  0.0000  0.0000  0.0000  1.0000  0.0000  0.0000  0.0000  0.0000  0.0000
 0.0141  0.0000  0.0019  0.4441  0.0099  0.0013  0.0200  0.0048  0.0010  0.0080  0.0021  0.0008  0.0251  1.0000  0.0055  0.1195  0.0318  0.0073  0.0024  0.0006  0.0000  0.0026  0.0000  0.0000  0.0000
 0.3148  0.0000  0.0290  0.6644  0.5350  0.0175  0.2905  0.0805  0.0657  0.5817  0.1718  0.0372  0.2765  0.0964  0.2444  0.3278  1.0000  0.2743  0.2222  0.0060  0.0000  0.0133  0.0000  0.0000  0.0000
 0.0002  0.0000  0.0001  0.0000  0.0001  0.0003  0.0001  0.0000  1.0000  0.0001  0.0129  0.0003  0.0001  0.0000  0.0000  0.0001  0.0001  0.0002  0.2130  0.0000  0.0000  0.0001  0.0000  0.0000  0.0000
 0.0009  0.0000  0.0001  0.0003  0.0002  0.0001  0.0004  0.0001  0.0002  0.0002  0.0002  0.0001  0.0004  0.0004  0.0002  0.0002  1.0000  0.0112  0.0003  0.0000  0.0000  0.0001  0.0000  0.0000  0.0000
 0.0620  0.0000  0.0003  0.8062  1.0000  0.0009  0.0047  0.0369  0.0012  0.0150  0.0022  0.0009  0.1288  0.0660  0.1640  0.0030  0.1779  0.0046  0.0023  0.0004  0.0000  0.0012  0.0000  0.0000  0.0000
 0.0171  0.0000  0.0004  0.0413  0.0199  0.0003  0.1678  0.0011  0.0009  0.0091  0.0015  0.0005  0.1026  0.0018  0.0231  0.0027  1.0000  0.0229  0.0109  0.0001  0.0000  0.0005  0.0000  0.0000  0.0000
 1.0000  0.0000  0.0002  0.0002  0.0002  0.0001  0.0052  0.0001  0.0001  0.0002  0.0002  0.0001  0.0001  0.0006  0.0002  0.0002  0.0010  0.0004  0.0004  0.0000  0.0000  0.0001  0.0000  0.0000  0.0000
 0.0004  0.0000  0.0000  0.0001  0.0005  0.0001  0.0003  0.0003  0.0002  1.0000  0.0004  0.0001  0.0003  0.0003  0.0008  0.0556  0.0003  0.0004  0.0077  0.0001  0.0000  0.0002  0.0000  0.0000  0.0000
 0.0005  0.0000  0.0001  1.0000  0.0118  0.0001  0.0046  0.0330  0.0000  0.0006  0.0001  0.0000  0.0264  0.0004  0.0121  0.0003  0.0247  0.0005  0.0001  0.0000  0.0000  0.0002  0.0000  0.0000  0.0000
 0.0013  0.0000  0.0003  0.0002  0.0003  0.5296  0.0003  0.0003  0.0145  0.0005  1.0000  0.0045  0.0003  0.0006  0.0007  0.0005  0.0004  0.0008  0.0095  0.0005  0.0000  0.0007  0.0000  0.0000  0.0000
 0.0003  0.0000  0.0001  0.0001  0.0001  0.0006  0.0002  0.0000  1.0000  0.0002  0.0337  0.0067  0.0001  0.0001  0.0000  0.0001  0.0002  0.0004  0.7851  0.0001  0.0000  0.0003  0.0000  0.0000  0.0000
 0.0129  0.0000  0.0485  0.0027  0.0046  0.0028  0.0027  0.0057  0.0022  0.2833  0.0038  0.0055  0.0390  0.0212  0.0554  1.0000  0.0605  0.0288  0.0156  0.0008  0.0000  0.0178  0.0000  0.0000  0.0000
 0.0099  0.0000  0.0115  0.0073  0.0139  0.0021  0.0795  0.4181  0.0039  1.0000  0.0091  0.0030  0.2665  0.0078  0.0819  0.4609  0.0296  0.0234  0.0052  0.0015  0.0000  0.0045  0.0000  0.0000  0.0000
 0.0011  0.0000  0.1138  0.0001  0.0003  0.0027  0.0002  0.0002  0.0166  0.0004  0.4086  1.0000  0.0003  0.0004  0.0005  0.0003  0.0003  0.0006  0.0156  0.0003  0.0000  0.0003  0.0000  0.0000  0.0000
 0.0003  0.0000  0.0001  0.0000  0.0001  0.0009  0.0001  0.0001  0.0016  0.0001  1.0000  0.2051  0.0001  0.0001  0.0002  0.0001  0.0001  0.0002  0.0057  0.0001  0.0000  0.0001  0.0000  0.0000  0.0000
 0.6783  0.0000  0.1165  0.5846  1.0000  0.0445  0.3356  0.1208  0.1839  0.8348  0.2677  0.0966  0.5077  0.2421  0.5302  0.4858  0.6499  0.5940  0.2881  0.0153  0.0000  0.0341  0.0000  0.0000  0.0000
 0.5692  0.0000  0.2208  0.2411  0.3379  0.6760  0.3490  0.5362  0.4852  0.8012  0.6456  0.2504  0.3324  0.6141  0.5939  0.9544  0.6707  0.4186  0.7605  0.1784  0.0000  1.0000  0.0000  0.0000  0.0000
 0.0211  0.0000  0.0113  1.0000  0.0674  0.0003  0.0023  0.0007  0.0124  0.0125  0.0018  0.0006  0.1645  0.0129  0.0246  0.0602  0.0236  0.0462  0.0106  0.0001  0.0000  0.0002  0.0000  0.0000  0.0000
 0.0475  0.0000  0.0008  0.0005  0.0007  0.0003  0.0040  0.0001  0.0005  0.0007  0.0008  0.0004  0.0005  1.0000  0.0102  0.0005  0.0088  0.0014  0.0973  0.0001  0.0000  0.0002  0.0000  0.0000  0.0000
 0.0654  0.0000  0.0007  0.0443  0.2889  0.0007  0.0097  0.0016  0.0025  1.0000  0.0041  0.0014  0.1505  0.0037  0.1027  0.1760  0.1877  0.0935  0.0039  0.0002  0.0000  0.0005  0.0000  0.0000  0.0000
 0.1310  0.0000  0.0086  0.0472  0.3413  0.0007  0.0099  0.0063  0.0218  1.0000  0.0189  0.0145  0.0157  0.0039  0.1211  0.2203  0.0318  0.0306  0.0041  0.0002  0.0000  0.0005  0.0000  0.0000  0.0000
 0.0000  0.0000  0.0000  0.0000  0.0000  0.0000  0.0000  0.0000  0.0000  0.0000  0.0000  0.0000  0.0000  0.0000  0.0000  1.0000  0.0000  0.0000  0.0000  0.0000  0.0000  0.0000  0.0000  0.0000  0.0000
 0.0048  0.0000  0.0013  0.0007  0.0013  0.3064  0.0011  0.0013  0.4861  0.0017  1.0000  0.1612  0.0312  0.0322  0.0025  0.0018  0.0015  0.0029  0.0229  0.0015  0.0000  0.3582  0.0000  0.0000  0.0000
 0.0046  0.0000  0.0002  0.0005  0.0003  0.0001  0.0003  0.0001  0.0037  0.0527  0.0003  0.0002  0.0425  0.0006  0.0004  0.0003  0.1651  1.0000  0.0005  0.0001  0.0000  0.0001  0.0000  0.0000  0.0000
 1.0000  0.0000  0.3882  0.0011  0.0012  0.0005  0.0069  0.0003  0.0007  0.0014  0.0047  0.0006  0.0011  0.0102  0.0010  0.0010  0.1298  0.0266  0.0024  0.0002  0.0000  0.0004  0.0000  0.0000  0.0000
 0.5621  0.0000  0.0316  0.1327  0.4342  0.1522  0.0712  1.0000  0.1224  0.2246  0.1321  0.0411  0.0725  0.0458  0.4169  0.0875  0.1429  0.1163  0.1205  0.0313  0.0000  0.2710  0.0000  0.0000  0.0000
 0.0021  0.0000  0.0000  0.0792  0.8021  0.0002  0.0008  0.0046  0.0003  0.0592  0.0005  0.0002  0.0009  0.0013  1.0000  0.0063  0.0143  0.0009  0.0005  0.0001  0.0000  0.0003  0.0000  0.0000  0.0000
 0.7259  0.0000  0.0028  0.0007  0.0021  0.0016  0.0005  0.0005  0.0555  0.0021  0.0104  0.0030  0.0010  0.0030  0.0016  0.0012  0.0023  0.0098  1.0000  0.0003  0.0000  0.0005  0.0000  0.0000  0.0000
 0.0165  0.0000  0.0001  0.0000  0.0001  0.0007  0.0001  0.0001  0.0013  0.0001  1.0000  0.0047  0.0001  0.0001  0.0001  0.0001  0.0001  0.0002  0.0007  0.0001  0.0000  0.0001  0.0000  0.0000  0.0000
 0.7497  0.0000  0.0582  0.6237  1.0000  0.0493  0.3781  0.1204  0.1851  0.9214  0.2987  0.1047  0.4950  0.2718  0.5882  0.5224  0.7288  0.5680  0.2823  0.0170  0.0000  0.0375  0.0000  0.0000  0.0000
 0.0003  0.0000  0.0003  0.0009  0.0004  0.0002  0.0013  1.0000  0.0002  0.0004  0.0003  0.0001  0.0123  0.0006  0.0003  0.0004  0.0004  0.0003  0.0002  0.0002  0.0000  0.0003  0.0000  0.0000  0.0000
 0.0435  0.0000  0.0006  0.0005  0.0007  0.0003  0.0020  0.0002  0.0014  0.0012  0.0557  0.0005  0.0006  1.0000  0.0063  0.0154  0.0104  0.0117  0.0129  0.0001  0.0000  0.0002  0.0000  0.0000  0.0000
 0.0001  0.0000  0.0001  0.0001  0.0001  0.0272  0.0001  0.0000  0.0003  0.0000  0.0007  0.0001  0.0000  0.0001  0.0000  0.0000  0.0001  0.0001  0.0003  1.0000  0.0000  0.0025  0.0000  0.0000  0.0000
 0.0142  0.0000  0.0002  0.0001  0.0001  0.0009  0.0002  0.0000  1.0000  0.0002  0.2572  0.1054  0.0001  0.0001  0.0001  0.0002  0.0002  0.0006  0.2227  0.0001  0.0000  0.0003  0.0000  0.0000  0.0000
 0.8111  0.0000  0.2304  0.5418  0.8095  0.0393  0.2991  0.1068  0.1755  1.0000  0.2373  0.0924  0.4846  0.2157  0.7565  0.7307  0.8551  0.4650  0.3433  0.0135  0.0000  0.0299  0.0000  0.0000  0.0000
 0.1670  0.0000  0.0103  0.4830  0.7800  0.0098  1.0000  0.0235  0.0360  0.1784  0.0686  0.0264  0.2918  0.1040  0.1132  0.1080  0.1761  0.1179  0.1786  0.0033  0.0000  0.0076  0.0000  0.0000  0.0000
 0.0980  0.0000  0.0029  1.0000  0.0624  0.0028  0.4988  0.0087  0.0145  0.1666  0.0121  0.0042  0.3691  0.0589  0.0255  0.0220  0.0653  0.0337  0.0113  0.0011  0.0000  0.0254  0.0000  0.0000  0.0000
 0.7265  0.0000  0.0507  0.5803  1.0000  0.0531  0.4267  0.1167  0.1782  0.8815  0.2938  0.1006  0.4603  0.2529  0.5417  0.4842  0.6825  0.5965  0.3016  0.0177  0.0000  0.0532  0.0000  0.0000  0.0000
 1.0000  0.0000  0.0005  0.0248  0.0004  0.0002  0.0176  0.0001  0.0084  0.0290  0.0004  0.0002  0.0003  0.0012  0.0003  0.0003  0.0173  0.0008  0.0101  0.0001  0.0000  0.0001  0.0000  0.0000  0.0000
 0.1160  0.0000  0.0404  0.0498  0.0629  0.2413  0.1269  0.1500  0.0894  0.0670  0.5239  0.0501  0.1281  1.0000  0.0856  0.0795  0.5783  0.1076  0.1141  0.0420  0.0000  0.2567  0.0000  0.0000  0.0000
 0.0027  0.0000  0.0451  1.0000  0.0399  0.0005  0.0507  0.0559  0.0003  0.0145  0.0006  0.0002  0.1712  0.0418  0.0025  0.0019  0.1394  0.0339  0.0005  0.0003  0.0000  0.0014  0.0000  0.0000  0.0000
 0.0619  0.0000  0.0010  0.0352  0.0940  0.0010  0.0070  0.0287  0.0035  1.0000  0.0057  0.0020  0.0842  0.0052  0.0262  0.4220  0.0132  0.1153  0.1518  0.0004  0.0000  0.0008  0.0000  0.0000  0.0000
 0.1137  0.0000  0.0032  0.2989  0.0251  0.0022  0.0182  0.0057  0.0055  0.0607  0.0075  0.0031  0.3829  1.0000  0.0293  0.0120  0.1201  0.0550  0.0573  0.0011  0.0000  0.0030  0.0000  0.0000  0.0000
 0.0040  0.0000  0.0009  0.0006  0.0017  0.0074  0.0011  0.0012  0.9570  0.0271  1.0000  0.0272  0.0293  0.0462  0.0344  0.0047  0.0387  0.0032  0.0088  0.0010  0.0000  0.0013  0.0000  0.0000  0.0000
 0.0980  0.0000  0.0220  1.0000  0.0710  0.0861  0.2166  0.4037  0.0702  0.0393  0.2114  0.0271  0.0564  0.0270  0.0389  0.0441  0.0548  0.0655  0.0617  0.0227  0.0000  0.1838  0.0000  0.0000  0.0000
 0.2970  0.0000  0.0502  0.2695  0.6773  0.0176  0.4617  0.0722  0.1705  0.3237  0.1052  0.0369  0.4601  0.4679  0.2661  0.1990  1.0000  0.2093  0.0994  0.0060  0.0000  0.0135  0.0000  0.0000  0.0000
 1.0000  0.0000  0.0015  0.0559  0.0020  0.0007  0.0121  0.0008  0.0019  0.0028  0.0349  0.0010  0.0626  0.0038  0.0021  0.0018  0.4004  0.3465  0.0201  0.0004  0.0000  0.0008  0.0000  0.0000  0.0000
 0.0042  0.0000  0.0002  0.0001  0.0002  0.0003  0.0001  0.0000  0.0014  0.0002  0.0665  0.0004  0.0001  0.0002  0.0001  0.0001  0.0002  0.0007  1.0000  0.0000  0.0000  0.0001  0.0000  0.0000  0.0000
 0.1205  0.0000  0.0463  0.0318  0.0448  0.1044  0.0466  0.0735  0.1139  0.1116  1.0000  0.0667  0.0451  0.0368  0.0885  0.1245  0.4460  0.0636  0.1046  0.0252  0.0000  0.1339  0.0000  0.0000  0.0000
 0.2291  0.0000  0.0030  0.0498  0.3765  0.0260  0.0641  0.0069  0.0176  0.0779  0.0807  0.0060  0.0611  0.1397  0.0333  0.0784  1.0000  0.1508  0.0646  0.0010  0.0000  0.0022  0.0000  0.0000  0.0000
 0.0013  0.0000  0.0001  0.0002  0.0018  0.0003  0.0009  0.0319  0.0005  0.0153  0.0013  0.0004  0.0013  0.0010  0.3904  1.0000  0.0074  0.0950  0.0007  0.0002  0.0000  0.0006  0.0000  0.0000  0.0000
 0.0011  0.0000  0.0003  0.0001  0.0003  0.0120  0.0002  0.0002  0.4448  0.0004  1.0000  0.5811  0.0003  0.0004  0.0005  0.0004  0.0003  0.0007  0.1434  0.0003  0.0000  0.0004  0.0000  0.0000  0.0000
 0.0005  0.0000  0.0000  0.0001  0.0046  0.0001  0.0004  0.0004  0.0002  1.0000  0.0005  0.0046  0.0005  0.0004  0.1425  0.0844  0.0004  0.0005  0.0003  0.0001  0.0000  0.0002  0.0000  0.0000  0.0000
 0.0015  0.0000  0.0002  0.0005  0.0022  0.0003  0.0012  0.0736  0.0118  0.6238  0.0015  0.0005  0.0511  0.0012  1.0000  0.0089  0.0013  0.0017  0.0009  0.0002  0.0000  0.0007  0.0000  0.0000  0.0000
 0.0801  0.0000  0.0123  0.0947  0.0338  1.0000  0.0916  0.0222  0.0488  0.0362  0.1535  0.0329  0.6044  0.0326  0.0265  0.0218  0.1268  0.0592  0.0376  0.0057  0.0000  0.0147  0.0000  0.0000  0.0000
 0.2924  0.0000  0.0385  0.0660  0.2179  0.1134  0.1578  0.1359  0.0925  1.0000  0.1817  0.0639  0.2028  0.1663  0.3532  0.8729  0.5080  0.5482  0.1362  0.0293  0.0000  0.0807  0.0000  0.0000  0.0000
 1.0000  0.0000  0.0003  0.0001  0.0003  0.0002  0.0001  0.0001  0.0062  0.0003  0.0011  0.0051  0.0001  0.0004  0.0099  0.0001  0.0061  0.0113  0.0633  0.0000  0.0000  0.0001  0.0000  0.0000  0.0000
 0.0573  0.0000  0.0018  0.0026  0.0191  0.0031  0.0113  0.0121  0.0070  0.4582  0.0149  1.0000  0.0132  0.0116  0.0322  0.2686  0.0128  0.0156  0.0230  0.0022  0.0000  0.0062  0.0000  0.0000  0.0000
 0.0152  0.0000  0.0006  0.0037  0.0015  0.0004  0.0027  0.0041  0.0008  0.0022  0.0009  0.0004  1.0000  0.0017  0.0014  0.1429  0.3132  0.0537  0.0013  0.0002  0.0000  0.0006  0.0000  0.0000  0.0000
 0.0012  0.0000  0.0001  0.0002  0.0016  0.0002  0.0008  0.0503  0.0005  1.0000  0.0012  0.0004  0.0560  0.0009  0.0772  0.1220  0.0010  0.1047  0.0007  0.0002  0.0000  0.0005  0.0000  0.0000  0.0000
 0.0057  0.0000  0.0015  0.0007  0.0015  0.1477  0.0011  0.0012  0.0669  0.0020  1.0000  0.0572  0.0014  0.0024  0.0030  0.0020  0.0016  0.0033  0.0160  0.4164  0.0000  0.0029  0.0000  0.0000  0.0000
 0.0007  0.0000  0.0001  0.0001  0.0009  0.0001  0.0005  0.0887  0.0003  1.0000  0.0007  0.0002  0.0007  0.0005  0.0016  0.1043  0.0006  0.0007  0.0004  0.0001  0.0000  0.0003  0.0000  0.0000  0.0000
 0.0359  0.0000  0.0001  0.0002  0.0013  0.0002  0.0006  0.0008  0.0004  1.0000  0.0065  0.0003  0.0009  0.0007  0.3047  0.1291  0.0007  0.0010  0.0005  0.0001  0.0000  0.0004  0.0000  0.0000  0.0000
 1.0000  0.0000  0.0002  0.0002  0.0002  0.0001  0.0012  0.0000  0.0003  0.0002  0.0004  0.0084  0.0001  0.0005  0.0002  0.0002  0.0011  0.0005  0.0044  0.0000  0.0000  0.0001  0.0000  0.0000  0.0000
 0.0014  0.0000  0.0004  0.0002  0.0004  0.3303  0.0003  0.0003  0.2250  0.0005  1.0000  0.0249  0.0003  0.0006  0.0007  0.0005  0.0004  0.0008  0.0039  0.0009  0.0000  0.1142  0.0000  0.0000  0.0000
 0.0541  0.0000  0.0021  0.1957  0.0205  0.0056  0.0119  0.0433  0.0260  0.6847  0.0149  0.0050  0.5425  0.0107  0.0629  1.0000  0.0143  0.0231  0.0094  0.0026  0.0000  0.1213  0.0000  0.0000  0.0000
 0.4559  0.0000  0.0005  0.0004  0.0004  0.0230  0.0055  0.0000  0.0978  0.0006  0.0373  0.0021  0.0004  0.0003  0.0002  0.0005  0.0007  0.1280  1.0000  0.0003  0.0000  0.0010  0.0000  0.0000  0.0000
 0.1863  0.0000  0.0024  0.0006  0.0018  0.0080  0.0001  0.0005  1.0000  0.0135  0.0083  0.0069  0.0009  0.0026  0.0146  0.0010  0.0228  0.2585  0.1919  0.0002  0.0000  0.0004  0.0000  0.0000  0.0000
 1.0000  0.0000  0.0008  0.0010  0.0009  0.0004  0.0021  0.0003  0.0017  0.0015  0.0015  0.0170  0.0016  0.0018  0.0063  0.0993  0.0683  0.0964  0.0398  0.0002  0.0000  0.0003  0.0000  0.0000  0.0000
 0.4517  0.0000  0.0263  0.2756  1.0000  0.0875  0.2338  0.0630  0.1049  0.4027  0.1459  0.0493  0.2146  0.1199  0.2671  0.2341  0.3555  0.2494  0.3633  0.0113  0.0000  0.0382  0.0000  0.0000  0.0000
 0.5129  0.0000  0.1946  0.2078  0.2757  0.7031  0.3312  0.5636  0.4473  0.2930  0.6638  0.2203  0.3811  0.2045  0.2947  0.3621  0.4580  0.3963  0.5433  0.1844  0.0000  1.0000  0.0000  0.0000  0.0000
 0.2748  0.0000  0.0530  0.3058  0.5392  0.1777  0.2061  0.2393  0.1308  0.4459  1.0000  0.0843  0.3811  0.1340  0.2637  0.6703  0.2754  0.2213  0.1797  0.0518  0.0000  0.2565  0.0000  0.0000  0.0000
 0.0283  0.0000  0.0044  0.1083  0.1903  0.0041  0.0858  0.3650  0.0043  0.1898  0.0080  0.0029  0.1101  0.0182  0.1742  0.0191  1.0000  0.0333  0.0069  0.0020  0.0000  0.0094  0.0000  0.0000  0.0000
 0.3746  0.0000  0.0364  0.4680  1.0000  0.1111  0.1806  0.1083  0.2058  0.3413  0.2971  0.1382  0.1821  0.1577  0.3065  0.1790  0.2720  0.2201  0.2156  0.0296  0.0000  0.1272  0.0000  0.0000  0.0000
 0.0119  0.0000  0.0004  0.0739  1.0000  0.0005  0.0035  0.0014  0.0016  0.1285  0.0027  0.0192  0.0044  0.0030  0.1681  0.5088  0.0605  0.0208  0.0025  0.0002  0.0000  0.0005  0.0000  0.0000  0.0000
 0.0208  0.0000  0.0006  0.0019  1.0000  0.0012  0.1465  0.0051  0.0025  0.2856  0.0179  0.0254  0.0056  0.0047  0.0137  0.2271  0.0050  0.0062  0.0033  0.0009  0.0000  0.0026  0.0000  0.0000  0.0000
 0.0581  0.0000  0.0006  0.0002  0.0005  0.0028  0.0003  0.0002  1.0000  0.0277  0.6688  0.1434  0.0004  0.0007  0.0006  0.0005  0.0006  0.0018  0.0907  0.0003  0.0000  0.0006  0.0000  0.0000  0.0000
 1.0000  0.0000  0.0117  0.1735  0.2194  0.0113  0.4777  0.1384  0.0846  0.5784  0.0661  0.1264  0.1426  0.0599  0.2606  0.2595  0.1837  0.1968  0.1213  0.0039  0.0000  0.0089  0.0000  0.0000  0.0000
 0.0776  0.0000  0.0124  0.0627  0.0912  0.0404  1.0000  0.0453  0.0309  0.0664  0.1991  0.0812  0.0585  0.0268  0.3865  0.0468  0.0621  0.0895  0.0570  0.0109  0.0000  0.0560  0.0000  0.0000  0.0000
 0.0082  0.0000  0.0021  0.0017  0.0022  0.0153  0.0228  0.0015  0.1720  0.0030  1.0000  0.1536  0.0687  0.0032  0.0033  0.0027  0.2132  0.0183  0.0609  0.0019  0.0000  0.0032  0.0000  0.0000  0.0000
 0.1562  0.0000  0.0095  0.1032  0.1807  0.1740  0.1569  0.0458  0.0322  1.0000  0.1093  0.0182  0.1076  0.1119  0.1409  0.2432  0.1902  0.1210  0.0724  0.0036  0.0000  0.0105  0.0000  0.0000  0.0000
 0.0605  0.0000  0.0011  0.0513  1.0000  0.0010  0.0128  0.0547  0.0146  0.0568  0.0287  0.0318  0.0886  0.0054  0.0291  0.0103  0.1222  0.1091  0.0056  0.0003  0.0000  0.0008  0.0000  0.0000  0.0000
 0.7516  0.0000  0.0536  0.6261  1.0000  0.0509  0.3880  0.1220  0.1866  0.9219  0.3002  0.1171  0.4994  0.2731  0.5854  0.5206  0.7401  0.5748  0.2838  0.0175  0.0000  0.0398  0.0000  0.0000  0.0000
 0.7514  0.0000  0.0560  0.6182  1.0000  0.0922  0.3886  0.1327  0.1917  0.9179  0.3136  0.1253  0.4895  0.2793  0.5900  0.5227  0.7289  0.5700  0.2894  0.0209  0.0000  0.0593  0.0000  0.0000  0.0000
 0.4482  0.0000  0.0056  0.7556  0.3343  0.0053  1.0000  0.0128  0.0197  0.5378  0.0318  0.0229  0.2019  0.0290  0.2907  0.0553  0.3287  0.0829  0.0301  0.0018  0.0000  0.0040  0.0000  0.0000  0.0000
 0.9605  0.0000  0.1382  0.1794  0.2382  0.5646  0.4225  0.4108  0.5349  0.2517  0.9435  0.2582  0.3534  0.3193  0.2425  0.2798  0.8877  1.0000  0.5285  0.1401  0.0000  0.7530  0.0000  0.0000  0.0000
 0.7518  0.0000  0.0530  0.6316  1.0000  0.0499  0.3786  0.1206  0.1857  0.9234  0.2997  0.1174  0.4919  0.2731  0.5851  0.5224  0.7353  0.5695  0.2832  0.0171  0.0000  0.0379  0.0000  0.0000  0.0000
 0.3713  0.0000  0.0212  1.0000  0.5407  0.0198  0.2593  0.1357  0.0743  0.4074  0.1199  0.3357  0.6235  0.2083  0.3646  0.3962  0.3748  0.5774  0.1133  0.0068  0.0000  0.0150  0.0000  0.0000  0.0000
 0.6767  0.0000  0.0445  0.8891  0.9309  0.0753  0.3872  0.1519  0.1782  0.8126  0.2512  0.1252  0.4454  0.2646  0.6262  0.4706  1.0000  0.9106  0.2517  0.0143  0.0000  0.0319  0.0000  0.0000  0.0000
 0.3087  0.0000  0.0848  0.8797  0.5376  0.0713  1.0000  0.0472  0.1043  0.3967  0.1171  0.0411  0.5251  0.1286  0.2638  0.2932  0.3870  0.3441  0.2518  0.0067  0.0000  0.0150  0.0000  0.0000  0.0000
 0.7615  0.0000  0.0517  0.6151  1.0000  0.0483  0.3799  0.1175  0.1925  0.9047  0.3190  0.1583  0.5845  0.3009  0.5804  0.5202  0.7866  0.5968  0.3136  0.0166  0.0000  0.0366  0.0000  0.0000  0.0000
 0.8092  0.0000  0.1647  0.4450  0.6383  0.5156  0.4844  0.4324  0.4544  0.6322  0.6740  0.2603  0.5226  0.3073  0.4802  0.4896  1.0000  0.9593  0.5577  0.1403  0.0000  0.7124  0.0000  0.0000  0.0000
 0.1671  0.0000  0.0277  0.2216  0.2360  0.0111  0.1067  0.0269  0.1116  0.2401  0.0667  0.0234  0.1573  0.0836  0.2100  0.4188  0.4816  1.0000  0.0812  0.0038  0.0000  0.0084  0.0000  0.0000  0.0000
 0.5215  0.0000  0.1759  0.2191  0.2992  0.7053  0.3417  0.5468  0.4240  0.3152  0.6511  0.2204  0.3236  0.2203  0.3088  0.3567  0.4177  0.4068  0.5027  0.1829  0.0000  1.0000  0.0000  0.0000  0.0000
 0.4322  0.0000  0.0229  0.4866  0.8128  0.0215  0.1626  0.0520  0.1076  0.3974  0.1496  0.0758  0.2424  0.2374  0.3401  0.2243  0.7099  1.0000  0.2596  0.0074  0.0000  0.0164  0.0000  0.0000  0.0000
 0.5305  0.0000  0.1746  0.2195  0.3230  0.6972  0.3356  0.5450  0.3906  0.3129  0.6583  0.2189  0.3237  0.2079  0.3062  0.3598  0.4151  0.4013  0.5033  0.1814  0.0000  1.0000  0.0000  0.0000  0.0000
 0.5811  0.0000  0.0358  0.6186  1.0000  0.0334  0.3339  0.0820  0.1228  0.6112  0.2118  0.0696  0.3683  0.3543  0.3898  0.3438  0.7085  0.4531  0.1877  0.0117  0.0000  0.0264  0.0000  0.0000  0.0000
 0.4872  0.0000  0.0322  0.4021  1.0000  0.0304  0.5124  0.0740  0.1129  0.5787  0.1824  0.0640  0.2992  0.1831  0.5015  0.3522  0.4560  0.3465  0.2121  0.0105  0.0000  0.0233  0.0000  0.0000  0.0000
 0.3288  0.0000  0.0227  0.1526  0.2444  0.0319  0.0977  0.0432  0.1014  0.2756  1.0000  0.0360  0.1462  0.1816  0.3064  0.1357  0.2776  0.1982  0.1837  0.0093  0.0000  0.0348  0.0000  0.0000  0.0000
 0.4529  0.0000  0.0161  0.2813  0.3368  0.0150  0.2615  0.0365  0.1284  1.0000  0.1207  0.0319  0.1490  0.1514  0.3820  0.5280  0.3066  0.1726  0.0859  0.0052  0.0000  0.0114  0.0000  0.0000  0.0000
 1.0000  0.0000  0.0147  0.2090  0.3796  0.0137  0.2056  0.0333  0.0514  0.3293  0.0829  0.0291  0.3464  0.2717  0.2057  0.1860  0.7490  0.4737  0.0784  0.0047  0.0000  0.0104  0.0000  0.0000  0.0000
 0.0853  0.0000  0.0013  0.0399  0.0482  0.0168  1.0000  0.0037  0.0028  0.0145  0.0045  0.0016  0.0814  0.0052  0.0094  0.0581  0.1922  0.0760  0.0043  0.0005  0.0000  0.0019  0.0000  0.0000  0.0000
 0.7499  0.0000  0.0532  0.6240  1.0000  0.0503  0.3799  0.1214  0.1858  0.9223  0.3038  0.1051  0.4942  0.2742  0.5874  0.5209  0.7300  0.5695  0.2832  0.0173  0.0000  0.0390  0.0000  0.0000  0.0000
 0.3230  0.0000  0.0067  0.0097  0.0429  0.0034  0.0371  0.0036  0.0050  0.0231  0.0564  0.0041  0.0087  1.0000  0.0118  0.1314  0.2391  0.0190  0.0137  0.0014  0.0000  0.0034  0.0000  0.0000  0.0000
 0.1028  0.0000  0.0114  0.1131  0.1213  0.0118  0.2216  0.0409  0.0269  1.0000  0.0485  0.0173  0.2700  0.8895  0.1051  0.2323  0.2144  0.3024  0.0402  0.0065  0.0000  0.0200  0.0000  0.0000  0.0000
 0.0070  0.0000  0.0006  0.0019  0.1069  0.0014  0.0049  0.0060  0.0029  1.0000  0.0068  0.0023  0.0067  0.0054  0.0161  0.2519  0.0057  0.0073  0.0038  0.0011  0.0000  0.0030  0.0000  0.0000  0.0000
 0.0000  0.0000  0.0000  0.0000  0.0000  0.0000  0.0000  0.0000  0.0000  0.0000  0.0000  0.0000  0.0000  0.0000  0.0000  0.0000  0.0000  0.0000  0.0000  1.0000  0.0000  0.0000  0.0000  0.0000  0.0000
//
