ID   UNK_ID; MATRIX
AC   UNK_AC
DE   UNK_DE
MA   UNK_BL
  A   B   C   D   E   F   G   H   I   K   L   M   N   P   Q   R   S   T   V   W   X   Y   Z   *   -
 0.0000  0.0000  0.0000  0.0000  0.0000  0.0000  0.0000  0.0000  0.0000  0.0000  0.0000  1.0000  0.0000  0.0000  0.0000  0.0000  0.0000  0.0000  0.0000  0.0000  0.0000  0.0000  0.0000  0.0000  0.0000
 0.0000  0.0000  0.0000  0.0000  0.0000  0.0000  1.0000  0.0000  0.0000  0.0000  0.0000  0.0000  0.0000  0.0000  0.0000  0.0000  0.0000  0.0000  0.0000  0.0000  0.0000  0.0000  0.0000  0.0000  0.0000
 0.0000  0.0000  1.0000  0.0000  0.0000  0.0000  0.0000  0.0000  0.0000  0.0000  0.0000  0.0000  0.0000  0.0000  0.0000  0.0000  0.0000  0.0000  0.0000  0.0000  0.0000  0.0000  0.0000  0.0000  0.0000
 0.1249  0.0000  0.0325  0.0275  0.0488  0.2265  0.0574  0.0638  0.3439  0.0902  1.0000  0.2269  0.0483  0.0514  0.0721  0.0900  0.0638  0.0774  0.2166  0.0359  0.0000  0.1084  0.0000  0.0000  0.0000
 0.1656  0.0000  0.0084  0.0175  0.0112  0.0043  0.0127  0.0050  0.0123  0.0167  0.1404  0.0061  0.1535  0.0206  0.0129  0.0105  0.6111  1.0000  0.0197  0.0027  0.0000  0.0049  0.0000  0.0000  0.0000
 0.0125  0.0000  0.0015  0.0053  0.0037  0.0008  0.0085  0.0013  0.0012  0.0040  0.0020  0.0009  0.0059  0.0043  0.0818  0.0028  1.0000  0.0111  0.0028  0.0004  0.0000  0.0010  0.0000  0.0000  0.0000
 0.0025  0.0000  0.0002  0.0005  0.0035  0.0005  0.0019  0.0022  0.0011  1.0000  0.0025  0.0008  0.0024  0.0020  0.0058  0.0906  0.0021  0.0027  0.0014  0.0004  0.0000  0.0011  0.0000  0.0000  0.0000
 0.0469  0.0000  0.0097  0.0034  0.0096  0.0217  0.0042  0.0037  0.1158  0.2066  0.3566  0.0289  0.0059  0.0118  0.0103  0.0135  0.0099  0.0334  1.0000  0.0029  0.0000  0.0053  0.0000  0.0000  0.0000
 0.1174  0.0000  0.0098  0.0030  0.0079  0.0287  0.0031  0.0033  0.0836  0.0087  1.0000  0.1290  0.0049  0.1021  0.0089  0.0063  0.0089  0.0311  0.3020  0.0036  0.0000  0.0044  0.0000  0.0000  0.0000
 0.0000  0.0000  0.0000  0.0000  0.0000  0.0000  0.0000  0.0000  0.0000  0.0000  0.0000  0.0000  0.0000  1.0000  0.0000  0.0000  0.0000  0.0000  0.0000  0.0000  0.0000  0.0000  0.0000  0.0000  0.0000
 0.0065  0.0000  0.0004  0.0078  1.0000  0.0010  0.0040  0.0039  0.0019  0.1554  0.0043  0.0015  0.0052  0.0044  0.0118  0.0840  0.0534  0.0053  0.0027  0.0007  0.0000  0.0020  0.0000  0.0000  0.0000
 0.1069  0.0000  0.0088  0.1295  0.2428  0.0076  0.2820  0.0195  0.0094  0.0720  0.0187  0.0077  0.0638  1.0000  0.2800  0.0375  0.0758  0.0876  0.0215  0.0036  0.0000  0.0113  0.0000  0.0000  0.0000
 0.3091  0.0000  0.0223  0.2619  0.2014  0.0218  0.2305  0.0316  0.0891  0.2268  0.0726  0.1903  0.1056  1.0000  0.1190  0.1072  0.2962  0.1367  0.0749  0.0070  0.0000  0.0229  0.0000  0.0000  0.0000
 0.1253  0.0000  0.0167  0.0861  0.0828  0.0127  0.2612  0.0365  0.0261  1.0000  0.0433  0.0171  0.1171  0.0581  0.1281  0.1521  0.5396  0.3052  0.0428  0.0076  0.0000  0.0209  0.0000  0.0000  0.0000
 0.0525  0.0000  0.0108  1.0000  0.0820  0.0096  0.3736  0.0470  0.0731  0.1152  0.0131  0.0047  0.4543  0.0846  0.0482  0.0365  0.1226  0.0514  0.0106  0.0048  0.0000  0.0239  0.0000  0.0000  0.0000
 0.2331  0.0000  0.0393  0.0192  0.0416  0.0382  0.0136  0.0168  0.3952  0.0723  0.2389  0.0486  0.1591  0.0436  0.0310  0.0286  0.0797  0.1429  1.0000  0.0073  0.0000  0.0262  0.0000  0.0000  0.0000
 0.0533  0.0000  0.0032  0.0752  0.3331  0.0082  0.0285  0.0891  0.0150  0.3475  0.0323  0.0111  0.0366  0.0355  1.0000  0.1535  0.0361  0.0401  0.2148  0.0051  0.0000  0.0150  0.0000  0.0000  0.0000
 0.5891  0.0000  0.0721  0.4243  0.7850  0.1846  0.3182  0.2742  0.2586  1.0000  0.9613  0.1228  0.3910  0.2760  0.6452  0.6409  0.5407  0.5012  0.3013  0.0555  0.0000  0.2501  0.0000  0.0000  0.0000
 0.0232  0.0000  0.0004  1.0000  0.4895  0.0021  0.0088  0.0056  0.0028  0.1404  0.0052  0.0021  0.0100  0.0139  0.0303  0.0066  0.0119  0.0102  0.0749  0.0010  0.0000  0.0028  0.0000  0.0000  0.0000
 0.2772  0.0000  0.0345  0.0755  0.2878  0.0920  0.0384  0.0306  0.3045  0.1658  1.0000  0.1175  0.0456  0.0640  0.0880  0.0940  0.0687  0.1321  0.3454  0.0147  0.0000  0.0307  0.0000  0.0000  0.0000
 0.2027  0.0000  0.0388  0.1712  0.0717  0.0265  0.0371  0.0205  0.2255  0.1237  0.1163  0.0393  0.0838  0.0694  0.0559  0.0473  0.3677  0.5185  1.0000  0.0088  0.0000  0.0209  0.0000  0.0000  0.0000
 0.2817  0.0000  0.0052  0.0958  0.1561  0.0049  0.0369  0.0652  0.0181  1.0000  0.0292  0.0102  0.1116  0.0266  0.1144  0.1624  0.1689  0.0554  0.0276  0.0017  0.0000  0.0038  0.0000  0.0000  0.0000
 0.1762  0.0000  0.0120  0.2256  0.4413  0.0121  0.0895  0.0301  0.0422  1.0000  0.0685  0.0242  0.1741  0.0671  0.4812  0.1195  0.2668  0.1308  0.2899  0.0043  0.0000  0.0102  0.0000  0.0000  0.0000
 0.0485  0.0000  0.0096  0.0045  0.1081  0.0060  0.0013  0.0022  0.1532  0.0086  0.0376  0.0108  0.0401  0.0417  0.0065  0.0049  0.0084  0.0346  1.0000  0.0010  0.0000  0.0022  0.0000  0.0000  0.0000
 0.2197  0.0000  0.0123  0.2194  1.0000  0.0115  0.1300  0.0280  0.0431  0.2608  0.0696  0.0244  0.2262  0.1490  0.1678  0.1210  0.2173  0.2083  0.1345  0.0040  0.0000  0.0087  0.0000  0.0000  0.0000
 0.5487  0.0000  0.0932  0.4005  0.5660  0.2855  0.4191  0.3002  0.2343  0.5361  0.5044  0.1318  0.3568  1.0000  0.5443  0.3712  0.5831  0.5441  0.5047  0.0775  0.0000  0.3921  0.0000  0.0000  0.0000
 0.5072  0.0000  0.1788  0.2052  0.2762  0.7090  0.3295  0.5432  0.3918  0.2901  0.6465  0.2196  0.3071  0.2088  0.2927  0.3463  0.4001  0.3904  0.4997  0.1840  0.0000  1.0000  0.0000  0.0000  0.0000
 0.7511  0.0000  0.0513  0.6015  1.0000  0.0480  0.3651  0.1166  0.1934  0.9042  0.3154  0.1016  0.5913  0.3111  0.6309  0.5528  0.7992  0.5899  0.2993  0.0165  0.0000  0.0366  0.0000  0.0000  0.0000
 0.6837  0.0000  0.0449  0.6811  0.9105  0.0455  0.9497  0.1031  0.1559  1.0000  0.3080  0.0882  0.6087  0.3170  0.5237  0.4323  0.7568  0.4726  0.2923  0.0153  0.0000  0.1610  0.0000  0.0000  0.0000
 0.7334  0.0000  0.0515  0.6072  1.0000  0.0481  0.3730  0.1171  0.1805  0.9049  0.2951  0.1021  0.4796  0.2923  0.5685  0.5217  0.7230  0.5839  0.2778  0.0165  0.0000  0.0365  0.0000  0.0000  0.0000
 0.2296  0.0000  0.0167  0.2208  0.4603  0.0174  0.1158  0.1153  0.1173  1.0000  0.0932  0.0327  0.1503  0.2559  0.4348  0.4077  0.3797  0.3423  0.0877  0.0058  0.0000  0.0629  0.0000  0.0000  0.0000
 0.6368  0.0000  0.0243  0.3744  0.7122  0.0231  0.2162  0.0553  0.0849  0.5871  0.1370  0.0901  0.8401  0.1243  0.2668  0.4184  1.0000  0.6638  0.2107  0.0079  0.0000  0.0774  0.0000  0.0000  0.0000
 0.2197  0.0000  0.0119  1.0000  0.3847  0.0114  0.1721  0.1125  0.0416  0.4336  0.1078  0.0235  0.1974  0.1143  0.1778  0.1161  0.2378  0.2563  0.0633  0.0039  0.0000  0.0513  0.0000  0.0000  0.0000
 0.7457  0.0000  0.0535  0.6144  1.0000  0.0547  0.3870  0.1228  0.1888  0.9099  0.2993  0.1049  0.4841  0.2687  0.5803  0.5184  0.7197  0.5662  0.3167  0.0183  0.0000  0.0482  0.0000  0.0000  0.0000
 0.4940  0.0000  0.1587  0.2112  0.2894  0.6317  0.3220  0.4975  0.3550  0.2918  0.5896  0.2051  0.3039  0.1928  0.2776  0.3237  0.3823  0.3638  0.4652  0.1647  0.0000  1.0000  0.0000  0.0000  0.0000
 0.2071  0.0000  0.0153  0.1927  0.5010  0.0169  0.1611  0.1210  0.0908  1.0000  0.0849  0.0297  0.2556  0.0753  0.1875  0.1743  0.3771  0.2017  0.1179  0.0055  0.0000  0.0793  0.0000  0.0000  0.0000
 0.5231  0.0000  0.0281  0.4501  0.8702  0.0262  0.2001  0.7780  0.0984  0.6196  0.1587  0.0556  1.0000  0.2773  0.4332  0.3350  0.4895  0.4181  0.1500  0.0090  0.0000  0.0199  0.0000  0.0000  0.0000
 0.6211  0.0000  0.1889  0.3008  0.4303  0.7401  0.3856  0.5616  0.4227  0.4343  0.6930  0.2351  0.3854  0.2598  0.3824  0.4322  0.5187  0.4840  0.5486  0.1859  0.0000  1.0000  0.0000  0.0000  0.0000
 0.7252  0.0000  0.0498  0.5931  1.0000  0.0466  0.3548  0.1133  0.3762  0.8743  0.2911  0.0987  0.4717  0.2624  0.5785  0.5110  0.7118  0.5531  0.2734  0.0160  0.0000  0.0355  0.0000  0.0000  0.0000
 0.6911  0.0000  0.0496  0.5715  0.9182  0.0491  0.3689  0.1137  0.2342  1.0000  0.3085  0.1385  0.5610  0.4144  0.5870  0.5615  0.8737  0.8544  0.2625  0.0167  0.0000  0.0399  0.0000  0.0000  0.0000
 0.3536  0.0000  0.0169  0.3957  1.0000  0.0158  0.1203  0.0384  0.0947  0.5786  0.0954  0.0335  0.2689  0.1118  0.2489  0.1659  0.2656  0.1814  0.2331  0.0054  0.0000  0.0120  0.0000  0.0000  0.0000
 0.8292  0.0000  0.0898  0.6301  1.0000  0.2070  0.4291  0.2492  0.2630  0.9390  0.4298  0.1655  0.5317  0.3315  0.6183  0.5646  0.7734  0.6229  0.4302  0.0582  0.0000  0.2781  0.0000  0.0000  0.0000
 0.1714  0.0000  0.0121  1.0000  0.7536  0.0113  0.1265  0.0275  0.0424  0.4267  0.0684  0.0240  0.7958  0.2360  0.2770  0.1934  0.3807  0.1722  0.1500  0.0039  0.0000  0.0609  0.0000  0.0000  0.0000
 0.5960  0.0000  0.0400  0.4510  0.7849  0.0427  0.5757  0.0926  0.1380  0.6960  0.2229  0.0781  0.3578  0.2184  0.5948  0.4982  1.0000  0.4874  0.3110  0.0142  0.0000  0.0792  0.0000  0.0000  0.0000
 0.7697  0.0000  0.0624  0.6238  1.0000  0.0896  0.3966  0.1518  0.2090  0.9313  0.3324  0.1161  0.5017  0.2887  0.5983  0.5335  0.7435  0.5856  0.3201  0.0275  0.0000  0.0975  0.0000  0.0000  0.0000
 0.8020  0.0000  0.0480  0.6146  1.0000  0.0450  0.8395  0.1092  0.2112  0.8359  0.3781  0.1176  0.8148  0.3324  0.6483  0.5443  0.7534  0.6294  0.2565  0.0155  0.0000  0.0343  0.0000  0.0000  0.0000
 0.1561  0.0000  0.0207  0.0450  0.3026  0.0760  0.1345  0.0911  0.0786  0.0654  0.0797  0.0272  0.0508  1.0000  0.0529  0.0966  0.1733  0.1536  0.1144  0.0201  0.0000  0.1697  0.0000  0.0000  0.0000
 0.7513  0.0000  0.0537  0.6193  1.0000  0.0533  0.3828  0.1300  0.1889  0.9212  0.3102  0.1057  0.4924  0.2718  0.5850  0.5223  0.7354  0.5717  0.2969  0.0180  0.0000  0.0432  0.0000  0.0000  0.0000
 0.1199  0.0000  0.0085  0.1334  0.1918  0.0080  0.1388  0.1487  0.0297  1.0000  0.0772  0.0168  0.1171  0.0986  0.9867  0.2022  0.3072  0.1221  0.0863  0.0027  0.0000  0.0061  0.0000  0.0000  0.0000
 1.0000  0.0000  0.0479  0.5868  0.9016  0.0450  0.4320  0.1201  0.1915  0.8710  0.2706  0.0949  0.6897  0.3213  0.5742  0.4999  0.8274  0.7171  0.3166  0.0155  0.0000  0.0344  0.0000  0.0000  0.0000
 0.8635  0.0000  0.1273  0.4020  0.6956  0.0385  0.9985  0.1238  0.1232  1.0000  0.1988  0.0696  0.3649  0.2331  0.5416  0.5409  0.5834  0.5493  0.2181  0.0127  0.0000  0.0683  0.0000  0.0000  0.0000
 0.8045  0.0000  0.0825  0.6302  1.0000  0.1865  0.4260  0.2132  0.2532  0.9302  0.4054  0.1412  0.5210  0.3102  0.6126  0.5573  0.7815  0.6140  0.3649  0.0499  0.0000  0.2199  0.0000  0.0000  0.0000
 0.1379  0.0000  0.0042  0.0459  0.1467  0.0046  0.0537  0.0096  0.0438  0.0943  0.0920  0.0080  0.0627  1.0000  0.0433  0.0387  0.0901  0.1156  0.1251  0.0015  0.0000  0.0042  0.0000  0.0000  0.0000
 1.0000  0.0000  0.0295  0.3719  0.7368  0.0276  0.2764  0.1234  0.1470  0.7020  0.1669  0.0585  0.3324  0.2818  0.3459  0.4386  0.9135  0.3472  0.2274  0.0095  0.0000  0.0209  0.0000  0.0000  0.0000
 0.5741  0.0000  0.0181  0.3313  0.4970  0.0169  0.2337  0.1132  0.0839  0.4261  0.1021  0.0358  0.1674  0.2758  0.5429  0.1775  1.0000  0.4099  0.1521  0.0058  0.0000  0.0128  0.0000  0.0000  0.0000
 0.7430  0.0000  0.0931  0.6642  0.9510  0.0512  0.3148  0.1355  0.2100  0.7704  0.2556  0.0895  0.5219  0.2982  0.6108  0.4898  1.0000  0.5887  0.3004  0.0168  0.0000  0.1377  0.0000  0.0000  0.0000
 0.3262  0.0000  0.0117  0.2628  0.3834  0.0110  0.0828  0.0496  0.0408  0.5345  0.0987  0.0231  0.2362  0.0597  1.0000  0.2121  0.4337  0.2115  0.0622  0.0038  0.0000  0.0796  0.0000  0.0000  0.0000
 0.7459  0.0000  0.1910  0.3978  0.5944  0.6986  0.4478  0.5688  0.4410  0.5851  0.7325  0.2539  0.4637  0.2968  0.4716  0.5019  0.6240  0.5796  0.5799  0.1844  0.0000  1.0000  0.0000  0.0000  0.0000
 0.9645  0.0000  0.0449  0.5462  1.0000  0.0419  0.3490  0.1272  0.1881  0.8131  0.2666  0.0889  0.5304  0.3115  0.7099  0.4408  0.7731  0.5659  0.3943  0.0144  0.0000  0.0319  0.0000  0.0000  0.0000
 0.7670  0.0000  0.0533  0.6299  1.0000  0.0553  0.3793  0.1634  0.2060  0.9492  0.3005  0.1048  0.5106  0.2835  0.6032  0.5187  0.7411  0.5892  0.2818  0.0179  0.0000  0.0451  0.0000  0.0000  0.0000
 0.0862  0.0000  0.0033  0.0630  0.2324  0.0031  0.0548  0.0322  0.0116  0.3138  0.0908  0.0065  0.0668  1.0000  0.0486  0.0476  0.1609  0.1372  0.0177  0.0011  0.0000  0.0023  0.0000  0.0000  0.0000
 0.7684  0.0000  0.1014  0.6989  1.0000  0.0895  0.3717  0.1315  0.1851  0.9358  0.3209  0.1157  0.5224  0.4136  0.6000  0.5269  0.7718  0.6143  0.3329  0.0185  0.0000  0.0467  0.0000  0.0000  0.0000
 0.3240  0.0000  0.0017  0.0196  0.1267  0.0016  0.0664  0.0154  0.0349  0.0630  0.0095  0.0201  0.0155  1.0000  0.0309  0.0689  0.1395  0.1035  0.0090  0.0006  0.0000  0.0013  0.0000  0.0000  0.0000
 0.7433  0.0000  0.0511  0.6050  1.0000  0.0476  0.4450  0.1161  0.1790  0.9564  0.2961  0.1060  0.4913  0.3134  0.6265  0.5163  0.7736  0.6389  0.2970  0.0164  0.0000  0.0361  0.0000  0.0000  0.0000
 0.3943  0.0000  0.0078  0.0915  0.2412  0.0073  0.2887  0.0177  0.0613  0.6864  0.0568  0.0154  0.1287  1.0000  0.1988  0.0766  0.4829  0.3209  0.1167  0.0025  0.0000  0.0055  0.0000  0.0000  0.0000
 0.2425  0.0000  0.0130  0.4075  0.5455  0.0121  0.2119  0.0390  0.0937  0.2903  0.0733  0.0502  0.1654  1.0000  0.1863  0.1275  0.2824  0.2993  0.1842  0.0042  0.0000  0.0092  0.0000  0.0000  0.0000
 0.7562  0.0000  0.0515  0.6053  1.0000  0.0539  0.3914  0.1198  0.1945  0.9026  0.3118  0.1096  0.4966  0.3250  0.5855  0.5192  0.7360  0.6198  0.2747  0.0167  0.0000  0.0376  0.0000  0.0000  0.0000
 0.7894  0.0000  0.0506  0.5937  0.9995  0.0472  0.4321  0.1330  0.1772  1.0000  0.3029  0.1002  0.5085  0.3616  0.5823  0.5208  0.8049  0.6422  0.2956  0.0163  0.0000  0.0358  0.0000  0.0000  0.0000
 1.0000  0.0000  0.0976  0.5467  0.8951  0.0420  0.7632  0.1022  0.2263  0.9169  0.3013  0.1362  0.6698  0.4499  0.5933  0.4745  0.8329  0.5375  0.3118  0.0145  0.0000  0.0319  0.0000  0.0000  0.0000
 0.7773  0.0000  0.0500  0.5939  1.0000  0.0466  0.3775  0.1665  0.1798  0.9262  0.2825  0.0991  0.4902  0.2884  0.5835  0.5082  0.7447  0.5433  0.2689  0.0160  0.0000  0.0353  0.0000  0.0000  0.0000
 0.7921  0.0000  0.0607  0.6327  1.0000  0.0868  0.4209  0.1497  0.2102  0.9203  0.3329  0.1210  0.5001  0.3234  0.5894  0.5311  0.7505  0.6260  0.3308  0.0262  0.0000  0.0969  0.0000  0.0000  0.0000
 0.6800  0.0000  0.0442  0.5368  1.0000  0.0412  0.3306  0.1090  0.1625  0.9150  0.3075  0.0875  0.4378  0.3844  0.5888  0.5125  0.6709  0.5644  0.2637  0.0142  0.0000  0.0312  0.0000  0.0000  0.0000
 0.0916  0.0000  0.0019  0.0398  0.0568  0.0018  0.0135  0.0177  0.0067  0.1798  0.0560  0.0135  0.0351  1.0000  0.0310  0.0444  0.0699  0.1126  0.0851  0.0006  0.0000  0.0014  0.0000  0.0000  0.0000
 0.1487  0.0000  0.0028  0.0558  0.2070  0.0026  0.0382  0.0238  0.0282  0.1395  0.0158  0.0147  0.0626  1.0000  0.0835  0.0668  0.3990  0.1173  0.0880  0.0126  0.0000  0.0020  0.0000  0.0000  0.0000
 0.7207  0.0000  0.0392  0.5131  0.8419  0.0365  0.2791  0.0890  0.1373  0.8619  0.2318  0.1372  0.4145  0.4435  0.5028  0.5410  1.0000  0.5111  0.3168  0.0126  0.0000  0.0277  0.0000  0.0000  0.0000
 0.7017  0.0000  0.0401  0.4798  0.8754  0.0374  0.3533  0.1007  0.1497  1.0000  0.2363  0.0794  0.4342  0.3877  0.5095  0.4982  0.6475  0.5242  0.3064  0.0129  0.0000  0.0283  0.0000  0.0000  0.0000
 0.3162  0.0000  0.0059  0.1393  0.1791  0.0056  0.0629  0.0580  0.0208  0.2275  0.0568  0.0117  0.1359  1.0000  0.1746  0.1448  0.0815  0.0933  0.1524  0.0019  0.0000  0.0042  0.0000  0.0000  0.0000
 0.2006  0.0000  0.0107  0.1182  0.1595  0.0173  0.1090  0.0403  0.0343  0.3158  0.1887  0.0194  0.0901  1.0000  0.1200  0.2343  0.3270  0.1600  0.1684  0.0052  0.0000  0.0398  0.0000  0.0000  0.0000
 0.7595  0.0000  0.0519  0.5604  0.9078  0.0757  0.3895  0.2702  0.2402  1.0000  0.3382  0.0995  0.4535  0.3459  0.6785  0.6923  0.8479  0.5660  0.2953  0.0200  0.0000  0.0599  0.0000  0.0000  0.0000
 0.7661  0.0000  0.0525  0.6149  1.0000  0.0495  0.4092  0.1477  0.1915  0.9758  0.3007  0.1509  0.5503  0.3387  0.6079  0.6138  0.7981  0.5890  0.3446  0.0170  0.0000  0.0380  0.0000  0.0000  0.0000
 0.8556  0.0000  0.0735  0.5845  0.9465  0.1567  0.4871  0.2094  0.2239  1.0000  0.3916  0.1445  0.5092  0.3066  0.5817  0.5873  0.7629  0.5838  0.3556  0.0427  0.0000  0.1891  0.0000  0.0000  0.0000
 0.6667  0.0000  0.0304  0.4628  0.6565  0.0380  0.2609  0.0797  0.1470  0.9575  0.2554  0.0995  0.3106  0.3188  0.4784  1.0000  0.5759  0.4137  0.1619  0.0705  0.0000  0.0224  0.0000  0.0000  0.0000
 0.1216  0.0000  0.0076  0.0518  0.0640  0.0153  0.0277  0.0163  0.2598  0.0600  0.1441  0.0444  0.0619  0.2203  0.0758  0.0516  0.1731  0.2317  1.0000  0.0042  0.0000  0.0190  0.0000  0.0000  0.0000
 0.9374  0.0000  0.0147  0.6034  0.6183  0.0141  1.0000  0.1390  0.0515  0.3943  0.2629  0.0583  0.4232  0.1222  0.2119  0.1439  0.6486  0.1953  0.0984  0.0048  0.0000  0.0297  0.0000  0.0000  0.0000
 0.2127  0.0000  0.0132  0.1558  0.2188  0.0173  0.2661  0.0544  0.0439  0.6030  0.0709  0.0433  0.2096  0.3418  0.1296  0.2535  1.0000  0.4546  0.0660  0.0055  0.0000  0.0460  0.0000  0.0000  0.0000
 0.1781  0.0000  0.0154  0.0111  0.0180  0.0333  0.0187  0.0243  0.3192  0.0208  0.0533  0.0173  0.0164  0.0922  0.0307  0.0342  0.1608  0.0458  1.0000  0.0085  0.0000  0.3967  0.0000  0.0000  0.0000
 0.0842  0.0000  0.0077  0.0152  0.1148  0.0172  0.1424  0.0657  0.0321  0.5435  1.0000  0.0248  0.0715  0.0578  0.1829  0.7345  0.0698  0.0790  0.0428  0.1096  0.0000  0.0354  0.0000  0.0000  0.0000
 0.4520  0.0000  0.0109  0.2065  0.2457  0.0103  1.0000  0.0249  0.0381  0.4610  0.1951  0.0216  0.1006  0.1305  0.3150  0.1661  0.1491  0.1997  0.0581  0.0914  0.0000  0.0080  0.0000  0.0000  0.0000
 0.0063  0.0000  0.0006  0.0013  0.0332  0.0014  0.0044  0.1794  0.0027  1.0000  0.0445  0.0021  0.0187  0.0047  0.0705  0.7138  0.0208  0.0732  0.0036  0.0010  0.0000  0.0242  0.0000  0.0000  0.0000
 0.6686  0.0000  0.0537  0.5394  0.8188  0.2954  0.3516  0.1311  0.1803  1.0000  0.2886  0.0979  0.4298  0.6134  0.6366  0.5058  0.6198  0.5134  0.2794  0.0256  0.0000  0.1085  0.0000  0.0000  0.0000
 0.6380  0.0000  0.1771  0.4031  0.4072  0.7368  0.3700  0.5372  0.4029  0.4036  0.7205  0.3019  0.3646  0.2320  0.3589  0.4061  0.4977  0.6378  0.5298  0.1801  0.0000  1.0000  0.0000  0.0000  0.0000
 0.3606  0.0000  0.0359  0.2663  1.0000  0.0179  0.2214  0.0372  0.0561  0.2709  0.1089  0.0331  0.1451  0.4691  0.1824  0.1523  0.3606  0.1739  0.1182  0.0062  0.0000  0.0148  0.0000  0.0000  0.0000
 0.0676  0.0000  0.0346  1.0000  0.1261  0.0063  0.0540  0.0946  0.0134  0.0835  0.0223  0.0078  0.7066  0.0246  0.0463  0.4884  0.1225  0.0460  0.0451  0.0024  0.0000  0.0090  0.0000  0.0000  0.0000
 0.0202  0.0000  0.0006  0.0004  0.0005  0.1398  0.0007  0.0001  0.6742  0.0007  0.5717  0.0030  0.0005  0.0004  0.0004  0.0006  0.0007  0.0019  1.0000  0.0003  0.0000  0.0011  0.0000  0.0000  0.0000
 0.0049  0.0000  0.0004  0.0183  0.0514  0.0010  0.0034  0.0125  0.0020  0.7652  0.0046  0.0015  0.0047  0.0038  0.0190  1.0000  0.0040  0.3337  0.0026  0.0007  0.0000  0.0021  0.0000  0.0000  0.0000
 0.6903  0.0000  0.0106  1.0000  0.6069  0.0099  0.0867  0.0240  0.0370  0.3730  0.1042  0.0209  0.1234  0.0543  0.3192  0.1256  0.4406  0.1445  0.0565  0.0034  0.0000  0.0075  0.0000  0.0000  0.0000
 0.5047  0.0000  0.1762  0.2042  0.2714  0.7033  0.3280  0.5416  0.3950  0.2928  0.6498  0.2200  0.3058  0.2032  0.2922  0.3459  0.3992  0.3907  0.5007  0.1842  0.0000  1.0000  0.0000  0.0000  0.0000
 0.0007  0.0000  0.0007  0.0010  0.0005  0.1017  0.0017  0.0097  0.0006  0.0004  0.0013  0.0003  0.0008  0.0007  0.0004  0.0006  0.0005  0.0005  0.0007  0.0005  0.0000  1.0000  0.0000  0.0000  0.0000
 0.4429  0.0000  0.0269  0.8699  0.6653  0.0274  0.1874  0.0617  0.1989  0.4560  0.2083  0.0527  0.3665  0.1446  0.3118  0.3693  0.9897  1.0000  0.2677  0.0092  0.0000  0.0434  0.0000  0.0000  0.0000
 0.0023  0.0000  0.0006  0.0003  0.0006  0.3258  0.0005  0.0005  0.5540  0.0008  1.0000  0.0497  0.0006  0.0010  0.0012  0.0008  0.0007  0.0014  0.0342  0.0007  0.0000  0.0008  0.0000  0.0000  0.0000
 0.0058  0.0000  0.0006  0.0029  0.0101  0.0009  1.0000  0.0038  0.0017  0.3679  0.0041  0.0014  0.0062  0.0037  0.0095  0.1088  0.0425  0.0048  0.0025  0.0007  0.0000  0.0020  0.0000  0.0000  0.0000
 0.4086  0.0000  0.0009  0.1505  0.3420  0.0023  0.0433  0.0072  0.0043  1.0000  0.0085  0.0031  0.0130  0.0126  0.0599  0.8965  0.0148  0.0135  0.0069  0.0012  0.0000  0.0035  0.0000  0.0000  0.0000
 0.1990  0.0000  0.0334  0.0226  0.5845  0.0325  0.0446  0.0586  0.2234  1.0000  0.4434  0.0552  0.0694  0.0769  0.1588  0.3820  0.0726  0.1953  0.4526  0.0124  0.0000  0.0326  0.0000  0.0000  0.0000
 0.0005  0.0000  0.0001  0.0001  0.0001  0.0014  0.0001  0.0001  0.1740  0.0002  1.0000  0.0018  0.0001  0.0002  0.0003  0.0002  0.0002  0.0003  0.0068  0.0002  0.0000  0.0002  0.0000  0.0000  0.0000
 0.0000  0.0000  0.0000  0.0000  0.0000  0.0000  1.0000  0.0000  0.0000  0.0000  0.0000  0.0000  0.0000  0.0000  0.0000  0.0000  0.0000  0.0000  0.0000  0.0000  0.0000  0.0000  0.0000  0.0000  0.0000
 0.0062  0.0000  0.0007  0.0019  0.0076  0.0012  0.0043  0.0761  0.0025  0.0368  0.0055  0.0019  0.0063  0.0046  0.7264  1.0000  0.0150  0.2917  0.0034  0.0009  0.0000  0.0025  0.0000  0.0000  0.0000
 0.0000  0.0000  0.0000  0.0000  0.0000  0.0000  1.0000  0.0000  0.0000  0.0000  0.0000  0.0000  0.0000  0.0000  0.0000  0.0000  0.0000  0.0000  0.0000  0.0000  0.0000  0.0000  0.0000  0.0000  0.0000
 0.2463  0.0000  0.0036  0.0123  0.0063  0.0016  0.0229  0.0027  0.0019  0.0065  0.0036  0.0017  0.0594  0.0094  1.0000  0.0041  0.1829  0.0135  0.0057  0.0007  0.0000  0.0020  0.0000  0.0000  0.0000
 0.0002  0.0000  0.0001  0.0000  0.0001  1.0000  0.0000  0.0000  0.0004  0.0000  0.0010  0.0002  0.0000  0.0001  0.0000  0.0000  0.0001  0.0001  0.0004  0.0009  0.0000  0.0088  0.0000  0.0000  0.0000
 0.0074  0.0000  0.0008  0.0013  0.0009  0.0004  1.0000  0.0003  0.0004  0.0010  0.0009  0.0003  0.0012  0.0022  0.0007  0.0008  0.4207  0.0015  0.0012  0.0002  0.0000  0.0003  0.0000  0.0000  0.0000
 0.2388  0.0000  0.0544  0.0136  0.3005  0.0259  0.0071  0.0163  0.3359  0.1501  0.1677  0.0513  0.0259  0.0558  0.0459  0.2667  0.0479  0.8537  1.0000  0.0055  0.0000  0.0115  0.0000  0.0000  0.0000
 0.0081  0.0000  0.0016  0.0004  0.0012  0.0010  0.0001  0.0003  0.0315  0.0013  0.0063  0.0018  0.0007  0.0018  0.0009  0.0007  0.0017  1.0000  0.4533  0.0002  0.0000  0.0003  0.0000  0.0000  0.0000
 0.0236  0.0000  0.0140  0.0095  0.0127  0.4624  0.0153  0.2145  0.1126  0.0135  0.0302  0.0103  0.0143  0.0095  0.0136  0.0803  0.0556  0.0182  0.5474  0.0086  0.0000  1.0000  0.0000  0.0000  0.0000
 0.0205  0.0000  0.0032  0.0038  0.0142  0.0191  0.0064  0.0149  0.0074  0.0311  1.0000  0.0280  0.0062  0.0043  0.0423  0.1982  0.0078  0.0078  0.0144  0.0034  0.0000  0.0273  0.0000  0.0000  0.0000
 0.2089  0.0000  1.0000  0.0004  0.0007  0.0004  0.0021  0.0001  0.0025  0.0007  0.0019  0.0006  0.0004  0.0014  0.0005  0.0004  0.0022  0.0023  0.2910  0.0001  0.0000  0.0002  0.0000  0.0000  0.0000
 0.2182  0.0000  0.0373  0.0117  0.5991  0.0194  0.0013  0.0076  0.2433  0.0585  0.1645  0.0393  0.0144  0.0403  0.0648  0.0179  0.0294  1.0000  0.8487  0.0033  0.0000  0.0062  0.0000  0.0000  0.0000
 0.0344  0.0000  0.0012  0.2003  1.0000  0.0015  0.0424  0.5648  0.0035  0.0205  0.0059  0.0161  0.0532  0.0080  0.0487  0.0219  0.0489  0.0120  0.0056  0.0006  0.0000  0.0020  0.0000  0.0000  0.0000
 0.0077  0.0000  0.0008  0.0013  0.0101  0.0019  0.0051  0.0065  0.1275  1.0000  0.0513  0.0126  0.1394  0.0058  0.0171  0.3271  0.0102  0.0081  0.0160  0.0012  0.0000  0.0034  0.0000  0.0000  0.0000
 1.0000  0.0000  0.0024  0.0276  0.2161  0.0022  0.1061  0.0053  0.0082  0.1254  0.0325  0.0311  0.0218  0.0425  0.0476  0.1382  0.4554  0.0988  0.1315  0.0008  0.0000  0.0017  0.0000  0.0000  0.0000
 0.0016  0.0000  0.0004  0.0307  0.0005  0.0002  0.0005  0.0002  0.0064  0.0007  0.0005  0.0003  0.0078  0.0096  0.0005  0.0004  0.1459  1.0000  0.0008  0.0001  0.0000  0.0002  0.0000  0.0000  0.0000
 0.0180  0.0000  0.0007  0.0062  0.0149  0.0012  1.0000  0.0125  0.0024  0.1654  0.0054  0.0018  0.0505  0.0048  0.1014  0.1785  0.0527  0.0068  0.0033  0.0008  0.0000  0.0026  0.0000  0.0000  0.0000
 0.1602  0.0000  0.0063  0.1090  0.3520  0.0059  0.1208  0.1175  0.0972  1.0000  0.1311  0.0191  0.2036  0.0326  0.6318  0.1905  0.0958  0.0745  0.0855  0.0020  0.0000  0.0045  0.0000  0.0000  0.0000
 0.5311  0.0000  0.0357  0.4705  1.0000  0.0372  0.2534  0.1153  0.1380  0.6896  0.3709  0.1060  0.3534  0.3688  0.5313  0.3964  0.5026  0.4198  0.2084  0.0116  0.0000  0.0260  0.0000  0.0000  0.0000
 0.0008  0.0000  0.0004  0.0001  0.0002  0.4296  0.0001  0.0000  0.0019  0.0000  0.1123  0.0010  0.0000  0.0003  0.0000  0.0000  0.0006  0.0005  0.1065  0.0039  0.0000  1.0000  0.0000  0.0000  0.0000
 1.0000  0.0000  0.0000  0.0000  0.0000  0.0000  0.0000  0.0000  0.0000  0.0000  0.0000  0.0000  0.0000  0.0000  0.0000  0.0000  0.0000  0.0000  0.0000  0.0000  0.0000  0.0000  0.0000  0.0000  0.0000
 0.0043  0.0000  1.0000  0.0003  0.0007  0.0012  0.0003  0.0002  0.3115  0.0008  0.0068  0.0015  0.0004  0.0009  0.0005  0.0005  0.0008  0.0033  0.1398  0.0002  0.0000  0.0005  0.0000  0.0000  0.0000
 0.0007  0.0000  0.0001  0.0004  0.0006  0.0002  0.0011  0.0004  0.0002  1.0000  0.0005  0.0001  0.0005  0.0008  0.0008  0.0018  0.0006  0.0044  0.0003  0.0002  0.0000  0.0002  0.0000  0.0000  0.0000
 0.0527  0.0000  0.1793  0.0206  0.0134  0.0056  0.0147  0.0060  0.0563  0.0200  0.0169  0.2060  0.0376  0.0255  0.0157  0.0126  1.0000  0.3507  0.0309  0.0034  0.0000  0.0059  0.0000  0.0000  0.0000
 0.0000  0.0000  0.0000  0.0000  0.0000  0.0000  0.0000  0.0000  1.0000  0.0000  0.0000  0.0000  0.0000  0.0000  0.0000  0.0000  0.0000  0.0000  0.0000  0.0000  0.0000  0.0000  0.0000  0.0000  0.0000
 1.0000  0.0000  0.0451  0.1624  0.2785  0.0171  0.2343  0.0121  0.0220  0.0603  0.1558  0.0205  0.0422  0.3759  0.0492  0.0361  0.4968  0.0943  0.0737  0.0064  0.0000  0.0143  0.0000  0.0000  0.0000
 0.0061  0.0000  0.0002  0.0004  0.0020  0.0003  0.0012  0.0012  0.0007  1.0000  0.0015  0.0005  0.0016  0.0013  0.0033  0.0624  0.0090  0.1934  0.0010  0.0002  0.0000  0.0006  0.0000  0.0000  0.0000
 0.0008  0.0000  0.0001  0.0002  0.0214  0.0002  0.0006  0.0008  0.0004  0.3483  0.0009  0.0003  0.0008  0.0007  0.0020  1.0000  0.0007  0.0009  0.0005  0.0001  0.0000  0.0004  0.0000  0.0000  0.0000
 0.2576  0.0000  0.0257  0.0192  0.0139  0.0032  0.0358  0.0078  0.0042  1.0000  0.0090  0.0035  0.0384  0.0156  0.0155  0.0298  0.0326  0.0158  0.0099  0.0016  0.0000  0.1398  0.0000  0.0000  0.0000
 0.0017  0.0000  0.0004  0.0002  0.0004  0.0038  0.0004  0.0003  0.0073  0.0007  1.0000  0.0048  0.0004  0.0007  0.0008  0.1289  0.0005  0.0010  0.0412  0.0005  0.0000  0.0005  0.0000  0.0000  0.0000
 0.1108  0.0000  0.0021  0.2765  1.0000  0.0020  0.0150  0.0048  0.0223  0.1879  0.0119  0.0042  0.0644  0.0109  0.1078  0.0467  0.1245  0.0565  0.1306  0.0007  0.0000  0.0015  0.0000  0.0000  0.0000
 0.0094  0.0000  0.0023  1.0000  0.0136  0.0019  0.4943  0.0100  0.0009  0.0131  0.0021  0.0007  0.1616  0.0075  0.0088  0.0067  0.0417  0.0352  0.0016  0.0010  0.0000  0.0051  0.0000  0.0000  0.0000
 0.1236  0.0000  0.0238  0.0221  0.1044  0.0767  0.0656  0.0601  0.9319  0.5802  0.3979  0.0825  0.0757  0.0623  0.1609  0.4447  0.0739  0.1306  1.0000  0.0181  0.0000  0.0856  0.0000  0.0000  0.0000
 0.0117  0.0000  0.0000  0.1321  1.0000  0.0001  0.0005  0.0004  0.0002  0.0053  0.0003  0.0001  0.0006  0.0009  0.0020  0.0004  0.0007  0.0006  0.0174  0.0001  0.0000  0.0002  0.0000  0.0000  0.0000
 0.0102  0.0000  0.0020  1.0000  0.0105  0.0015  0.0235  0.0068  0.0012  0.0095  0.0020  0.0008  0.0483  0.0063  0.0066  0.0049  0.1736  0.0129  0.1930  0.0008  0.0000  0.0035  0.0000  0.0000  0.0000
 0.0081  0.0000  0.2072  0.0004  0.0006  0.0620  0.0006  0.0001  0.4085  0.0009  0.0661  0.1621  0.0005  0.0007  0.0005  0.0007  0.0008  0.0027  1.0000  0.0003  0.0000  0.0010  0.0000  0.0000  0.0000
 0.0133  0.0000  0.0012  0.0030  0.8574  0.0027  0.0093  0.0117  0.0056  0.3424  0.0133  0.0044  0.0128  0.0104  0.0459  1.0000  0.0108  0.0141  0.0075  0.1702  0.0000  0.0284  0.0000  0.0000  0.0000
 0.0035  0.0000  0.0005  0.0064  0.0044  0.0007  0.0057  0.0030  0.0010  0.0201  0.0022  0.0008  0.2214  0.0026  0.0056  1.0000  0.2089  0.0040  0.0014  0.0004  0.0000  0.0015  0.0000  0.0000  0.0000
 0.0000  0.0000  0.0000  0.0000  1.0000  0.0000  0.0000  0.0000  0.0000  0.0000  0.0000  0.0000  0.0000  0.0000  0.0000  0.0000  0.0000  0.0000  0.0000  0.0000  0.0000  0.0000  0.0000  0.0000  0.0000
 0.0005  0.0000  0.0002  0.0001  0.0001  0.0008  0.0003  0.0000  1.0000  0.0002  0.2196  0.0008  0.0001  0.0001  0.0001  0.0002  0.0002  0.0006  0.3740  0.0001  0.0000  0.0004  0.0000  0.0000  0.0000
 0.2450  0.0000  0.0578  0.0053  0.0186  0.0041  0.0102  0.0452  0.0060  0.0884  0.0272  0.0044  0.0527  0.0098  1.0000  0.1661  0.0376  0.0145  0.0081  0.0022  0.0000  0.0073  0.0000  0.0000  0.0000
 0.0004  0.0000  0.0001  0.0001  0.0001  0.0006  0.0002  0.0000  1.0000  0.0002  0.0029  0.0005  0.0001  0.0001  0.0001  0.0001  0.0002  0.0005  0.4233  0.0001  0.0000  0.0003  0.0000  0.0000  0.0000
 0.0007  0.0000  0.0002  0.0001  0.0002  0.0019  0.0002  0.0001  0.0034  0.0002  0.4665  1.0000  0.0002  0.0003  0.0004  0.0002  0.0002  0.0004  0.0019  0.0002  0.0000  0.0003  0.0000  0.0000  0.0000
 0.0043  0.0000  0.0004  0.0008  0.0223  0.0009  0.0031  1.0000  0.0018  0.0653  0.0044  0.0014  0.0042  0.0034  0.2359  0.4174  0.0035  0.0046  0.0024  0.0007  0.0000  0.0495  0.0000  0.0000  0.0000
 0.0032  0.0000  0.0004  0.0075  0.0045  0.0007  0.0042  1.0000  0.0012  0.1754  0.0027  0.0009  0.0116  0.0025  0.0067  0.2810  0.0039  0.0034  0.0016  0.0005  0.0000  0.0205  0.0000  0.0000  0.0000
 0.0008  0.0000  0.0002  0.0001  0.0002  0.0298  0.0002  0.0001  0.1607  0.0003  1.0000  0.0022  0.0002  0.0003  0.0003  0.0003  0.0003  0.0006  0.2051  0.0002  0.0000  0.0004  0.0000  0.0000  0.0000
 0.6076  0.0000  0.0029  0.0088  0.0780  0.0036  0.0137  0.0124  0.0081  0.4913  0.0159  0.0057  0.0197  0.0148  0.0344  0.3900  1.0000  0.3363  0.0117  0.0025  0.0000  0.0146  0.0000  0.0000  0.0000
 0.0021  0.0000  0.0005  0.0078  0.0028  0.0004  0.0056  1.0000  0.0004  0.0039  0.0007  0.0003  0.0367  0.0016  0.3200  0.0025  0.0055  0.0535  0.0006  0.0002  0.0000  0.0010  0.0000  0.0000  0.0000
 0.1317  0.0000  0.0006  0.0056  0.1134  0.0007  0.0039  0.0022  0.0020  0.1242  0.0037  0.0013  0.0052  1.0000  0.0422  0.1032  0.0791  0.1422  0.0030  0.0004  0.0000  0.0010  0.0000  0.0000  0.0000
 0.0008  0.0000  0.0002  0.0071  0.0011  0.0002  0.0072  0.0190  0.0001  0.0011  0.0002  0.0001  1.0000  0.0006  0.0007  0.0006  0.0253  0.0008  0.0001  0.0001  0.0000  0.0353  0.0000  0.0000  0.0000
 0.0009  0.0000  0.0002  0.0001  0.0002  0.0006  0.0002  0.0000  1.0000  0.0002  0.0035  0.0007  0.0001  0.0002  0.0001  0.0002  0.0002  0.0187  0.5481  0.0001  0.0000  0.0003  0.0000  0.0000  0.0000
 0.0005  0.0000  0.0001  0.0001  0.0001  0.0006  0.0002  0.0000  0.4334  0.0002  0.0029  0.0005  0.0001  0.0001  0.0001  0.0001  0.0002  0.0005  1.0000  0.0001  0.0000  0.0003  0.0000  0.0000  0.0000
 0.5194  0.0000  0.0102  0.1699  1.0000  0.0095  0.0983  0.0232  0.0357  0.2004  0.0576  0.0639  0.0945  0.0524  0.6883  0.3176  0.7400  0.2560  0.0843  0.0033  0.0000  0.0072  0.0000  0.0000  0.0000
 0.0026  0.0000  0.0007  0.0003  0.0007  0.2729  0.0005  0.0005  0.8511  0.0009  1.0000  0.0087  0.0006  0.0011  0.0013  0.0009  0.0007  0.0015  0.0076  0.0010  0.0000  0.0014  0.0000  0.0000  0.0000
 0.1212  0.0000  0.0384  0.1659  0.3084  0.0595  0.0641  0.0458  0.1540  1.0000  0.0947  0.0924  0.0962  0.0448  0.1052  0.3350  0.1203  0.0922  0.2219  0.0101  0.0000  0.0473  0.0000  0.0000  0.0000
 0.0090  0.0000  0.0007  0.2419  0.2952  0.0010  1.0000  0.0039  0.0010  0.0092  0.0019  0.0008  0.0158  0.0057  0.0099  0.0033  0.0095  0.0051  0.0019  0.0005  0.0000  0.0020  0.0000  0.0000  0.0000
 1.0000  0.0000  0.0059  0.0016  0.0044  0.0030  0.0010  0.0011  0.2292  0.0045  0.0199  0.0061  0.0024  0.0065  0.0034  0.0025  0.0250  0.1640  0.3987  0.0005  0.0000  0.0010  0.0000  0.0000  0.0000
 0.0003  0.0000  0.0002  0.0000  0.0001  0.2559  0.0001  0.0000  0.0006  0.0000  0.0015  0.0003  0.0000  0.0001  0.0000  0.0000  0.0002  0.0002  0.0006  0.0014  0.0000  1.0000  0.0000  0.0000  0.0000
 0.0008  0.0000  0.0000  0.0068  1.0000  0.0001  0.0004  0.0002  0.0001  0.0008  0.0002  0.0001  0.0004  0.0005  0.0010  0.0002  0.0004  0.0004  0.0002  0.0001  0.0000  0.0001  0.0000  0.0000  0.0000
 0.0036  0.0000  0.0007  1.0000  0.0014  0.0004  0.0022  0.0007  0.0010  0.0017  0.0009  0.0005  0.0043  0.0019  0.0013  0.0010  0.1941  0.1906  0.0015  0.0002  0.0000  0.0006  0.0000  0.0000  0.0000
 0.9119  0.0000  0.0315  0.3672  0.6462  0.0296  0.3050  0.0729  0.1174  1.0000  0.1787  0.0626  0.2916  0.3791  0.5816  0.5982  0.5575  0.3378  0.2361  0.0104  0.0000  0.0231  0.0000  0.0000  0.0000
 0.7600  0.0000  0.0598  0.6235  1.0000  0.0800  0.3894  0.1525  0.2002  0.9194  0.3303  0.1145  0.4995  0.2762  0.5932  0.5263  0.7407  0.5760  0.3157  0.0249  0.0000  0.0811  0.0000  0.0000  0.0000
 0.7868  0.0000  0.1724  0.1843  0.2450  0.7245  0.2947  0.6826  0.3488  0.3627  0.5762  0.1957  0.3314  0.1827  0.2652  0.4879  0.7618  0.3490  0.4449  0.1638  0.0000  1.0000  0.0000  0.0000  0.0000
 0.0007  0.0000  0.0002  0.0001  0.0001  0.0008  0.0001  0.0001  0.0121  0.0002  0.1533  0.0009  0.0001  0.0002  0.0002  0.0001  0.0002  0.0005  1.0000  0.0001  0.0000  0.0002  0.0000  0.0000  0.0000
 0.0013  0.0000  0.0146  0.0060  0.0018  0.0004  0.0043  1.0000  0.0002  0.0020  0.0004  0.0002  0.1009  0.0010  0.0222  0.0011  0.0033  0.0014  0.0003  0.0002  0.0000  0.4776  0.0000  0.0000  0.0000
 0.0012  0.0000  0.0003  0.0002  0.0003  0.0028  0.0003  0.0002  0.2186  0.0004  1.0000  0.2526  0.0003  0.0004  0.0005  0.0004  0.0004  0.0009  0.2878  0.0003  0.0000  0.0005  0.0000  0.0000  0.0000
 0.0004  0.0000  0.0001  0.0001  0.0001  0.0004  0.0001  0.0000  0.1642  0.0001  0.0020  0.0004  0.0001  0.0001  0.0001  0.0001  0.0001  0.0004  1.0000  0.0000  0.0000  0.0002  0.0000  0.0000  0.0000
 0.0000  0.0000  0.0000  0.0000  0.0000  0.0000  0.0000  0.0000  0.0000  0.0000  0.0000  1.0000  0.0000  0.0000  0.0000  0.0000  0.0000  0.0000  0.0000  0.0000  0.0000  0.0000  0.0000  0.0000  0.0000
 0.0010  0.0000  0.0000  0.0107  1.0000  0.0001  0.0004  0.0002  0.0001  0.0010  0.0002  0.0001  0.0004  0.0006  0.1379  0.0003  0.0005  0.0004  0.0002  0.0000  0.0000  0.0001  0.0000  0.0000  0.0000
 0.0005  0.0000  0.0183  0.0001  0.0001  0.0071  0.0001  0.0001  0.0149  0.0002  1.0000  0.0015  0.0001  0.0002  0.0002  0.0002  0.0001  0.0003  0.0228  0.0002  0.0000  0.0080  0.0000  0.0000  0.0000
 0.2104  0.0000  1.0000  0.0004  0.0006  0.0003  0.0020  0.0001  0.0021  0.0006  0.0016  0.0006  0.0004  0.0013  0.0004  0.0004  0.0021  0.0019  0.2186  0.0001  0.0000  0.0002  0.0000  0.0000  0.0000
 1.0000  0.0000  0.0017  0.0040  0.1526  0.0008  0.0350  0.0010  0.0020  0.0132  0.0025  0.0012  0.0099  0.0046  0.0031  0.0026  0.3657  0.3673  0.0141  0.0005  0.0000  0.0009  0.0000  0.0000  0.0000
 0.0000  0.0000  0.0000  0.0000  0.0000  0.0000  1.0000  0.0000  0.0000  0.0000  0.0000  0.0000  0.0000  0.0000  0.0000  0.0000  0.0000  0.0000  0.0000  0.0000  0.0000  0.0000  0.0000  0.0000  0.0000
 0.0000  0.0000  0.0000  0.0000  0.0000  0.0000  1.0000  0.0000  0.0000  0.0000  0.0000  0.0000  0.0000  0.0000  0.0000  0.0000  0.0000  0.0000  0.0000  0.0000  0.0000  0.0000  0.0000  0.0000  0.0000
 0.0000  0.0000  0.0000  0.0000  1.0000  0.0000  0.0000  0.0000  0.0000  0.0000  0.0000  0.0000  0.0000  0.0000  0.0000  0.0000  0.0000  0.0000  0.0000  0.0000  0.0000  0.0000  0.0000  0.0000  0.0000
 0.0000  0.0000  0.0000  0.0000  0.0000  0.0000  0.0000  0.0000  0.0000  0.0000  1.0000  0.0000  0.0000  0.0000  0.0000  0.0000  0.0000  0.0000  0.0000  0.0000  0.0000  0.0000  0.0000  0.0000  0.0000
 0.0000  0.0000  0.0000  0.0000  0.0000  1.0000  0.0000  0.0000  0.0000  0.0000  0.0000  0.0000  0.0000  0.0000  0.0000  0.0000  0.0000  0.0000  0.0000  0.0000  0.0000  0.0000  0.0000  0.0000  0.0000
 0.0000  0.0000  0.0000  1.0000  0.0000  0.0000  0.0000  0.0000  0.0000  0.0000  0.0000  0.0000  0.0000  0.0000  0.0000  0.0000  0.0000  0.0000  0.0000  0.0000  0.0000  0.0000  0.0000  0.0000  0.0000
 0.0000  0.0000  0.0000  0.0000  0.0000  0.0000  0.0000  0.0000  0.0000  0.0000  0.0000  0.0000  0.0000  0.0000  0.0000  1.0000  0.0000  0.0000  0.0000  0.0000  0.0000  0.0000  0.0000  0.0000  0.0000
 0.0000  0.0000  0.0000  0.0000  0.0000  0.0000  0.0000  0.0000  1.0000  0.0000  0.0000  0.0000  0.0000  0.0000  0.0000  0.0000  0.0000  0.0000  0.0000  0.0000  0.0000  0.0000  0.0000  0.0000  0.0000
 0.0168  0.0000  0.0004  0.0001  0.0003  0.0005  0.0001  0.0001  1.0000  0.0003  0.0126  0.0006  0.0002  0.0003  0.0002  0.0002  0.0003  0.0146  0.3869  0.0001  0.0000  0.0002  0.0000  0.0000  0.0000
 1.0000  0.0000  0.0087  0.1000  0.4895  0.0088  0.0626  0.0306  0.0310  0.2886  0.0517  0.0181  0.0894  0.0468  0.6437  0.1432  0.1714  0.1808  0.0469  0.0035  0.0000  0.0083  0.0000  0.0000  0.0000
 0.0013  0.0000  0.0001  0.0002  0.0018  0.0003  0.0009  0.0094  0.0005  1.0000  0.0013  0.0004  0.0012  0.0010  0.0465  0.6977  0.0010  0.0014  0.0007  0.0002  0.0000  0.0006  0.0000  0.0000  0.0000
 0.0000  0.0000  0.0000  0.0000  0.0000  0.0000  1.0000  0.0000  0.0000  0.0000  0.0000  0.0000  0.0000  0.0000  0.0000  0.0000  0.0000  0.0000  0.0000  0.0000  0.0000  0.0000  0.0000  0.0000  0.0000
 0.0144  0.0000  0.0101  0.0080  0.0083  0.2048  0.0107  1.0000  0.0104  0.0156  0.0173  0.0059  0.0113  0.0061  0.0512  0.0114  0.2877  0.0118  0.0134  0.0049  0.0000  0.0421  0.0000  0.0000  0.0000
 0.0003  0.0000  0.0001  0.0000  0.0001  0.1971  0.0000  0.0000  0.0006  0.0000  0.0014  0.0003  0.0000  0.0001  0.0000  0.0000  0.0002  0.0002  0.0005  0.0013  0.0000  1.0000  0.0000  0.0000  0.0000
 0.0022  0.0000  0.0004  0.0009  0.0006  0.0002  0.0007  0.0003  0.0006  0.0009  0.0006  0.0003  0.0017  0.0011  0.0007  0.0006  0.6940  1.0000  0.0010  0.0001  0.0000  0.0003  0.0000  0.0000  0.0000
 0.0000  0.0000  0.0000  0.0000  1.0000  0.0000  0.0000  0.0000  0.0000  0.0000  0.0000  0.0000  0.0000  0.0000  0.0000  0.0000  0.0000  0.0000  0.0000  0.0000  0.0000  0.0000  0.0000  0.0000  0.0000
 0.0333  0.0000  0.0061  0.0002  0.0014  0.0002  0.0008  0.0009  0.0004  0.2258  0.0010  0.0003  0.0010  0.0008  0.0201  1.0000  0.0098  0.0011  0.0006  0.0002  0.0000  0.0004  0.0000  0.0000  0.0000
 0.9724  0.0000  0.0232  1.0000  0.7131  0.0241  0.2199  0.0618  0.0814  0.9437  0.1329  0.0470  0.2434  0.1349  0.3490  0.2467  0.3267  0.2634  0.1256  0.0089  0.0000  0.0215  0.0000  0.0000  0.0000
 1.0000  0.0000  0.0000  0.0000  0.0000  0.0000  0.0000  0.0000  0.0000  0.0000  0.0000  0.0000  0.0000  0.0000  0.0000  0.0000  0.0000  0.0000  0.0000  0.0000  0.0000  0.0000  0.0000  0.0000  0.0000
 1.0000  0.0000  0.0006  0.0008  0.0007  0.0003  0.0024  0.0002  0.0007  0.0009  0.0008  0.0004  0.0012  0.0016  0.0006  0.0006  0.2092  0.2109  0.0154  0.0001  0.0000  0.0003  0.0000  0.0000  0.0000
 0.4775  0.0000  0.0180  0.3844  1.0000  0.0169  0.1943  0.0884  0.0807  0.5420  0.1374  0.0357  0.2439  0.0925  0.5573  0.7539  0.6385  0.4641  0.1267  0.0058  0.0000  0.0534  0.0000  0.0000  0.0000
 0.0009  0.0000  0.0002  0.0001  0.0002  0.0067  0.0002  0.0001  0.1634  0.0003  1.0000  0.0294  0.0002  0.0003  0.0004  0.0003  0.0003  0.0006  0.2239  0.0003  0.0000  0.0004  0.0000  0.0000  0.0000
 0.3500  0.0000  0.6724  0.0047  0.0121  0.0979  0.0046  0.0061  0.9588  0.0139  1.0000  0.0929  0.0084  0.0184  0.0161  0.0111  0.0126  0.6051  0.1593  0.0077  0.0000  0.0090  0.0000  0.0000  0.0000
 0.0022  0.0000  0.0002  0.0004  0.0031  0.0598  0.0016  0.0020  0.0009  0.2021  0.0022  0.0007  0.0491  0.0017  0.1809  1.0000  0.0018  0.0024  0.0013  0.0003  0.0000  0.0010  0.0000  0.0000  0.0000
 0.2688  0.0000  0.0148  0.1711  0.3606  0.0173  0.1333  0.0344  0.2368  0.2389  0.1135  0.4064  0.1387  0.0714  0.7808  0.1360  0.2476  1.0000  0.3332  0.0056  0.0000  0.0161  0.0000  0.0000  0.0000
 0.0004  0.0000  0.0001  0.0001  0.0001  0.0006  0.0002  0.0000  1.0000  0.0002  0.0033  0.0213  0.0001  0.0001  0.0001  0.0002  0.0002  0.0005  0.4673  0.0001  0.0000  0.0003  0.0000  0.0000  0.0000
 0.0070  0.0000  0.0004  0.0002  0.0003  0.0011  0.0002  0.0001  0.0534  0.0004  0.4704  0.0014  0.0002  0.0004  0.0003  0.0003  0.0004  0.0014  1.0000  0.0001  0.0000  0.0003  0.0000  0.0000  0.0000
 0.0986  0.0000  0.0040  0.7170  0.2447  0.0037  1.0000  0.0118  0.0104  0.0567  0.0171  0.0060  0.4691  0.0190  0.1787  0.0638  0.1146  0.1342  0.0160  0.0015  0.0000  0.0048  0.0000  0.0000  0.0000
 0.2960  0.0000  0.0083  0.0061  0.0073  0.0098  0.2462  0.0011  0.2214  0.0086  0.0449  0.0098  0.0056  0.0177  0.0050  0.0064  0.0369  0.0169  1.0000  0.0018  0.0000  0.0054  0.0000  0.0000  0.0000
 0.0002  0.0000  0.0001  0.0001  0.0001  0.0004  0.0040  0.0000  0.0682  0.0001  0.0559  0.0004  0.0001  0.0000  0.0000  0.0001  0.0001  0.0003  1.0000  0.0001  0.0000  0.0002  0.0000  0.0000  0.0000
 0.0505  0.0000  0.0040  0.1165  1.0000  0.0060  0.0276  0.5602  0.0134  0.4630  0.0225  0.0079  0.2464  0.0203  0.1337  0.1949  0.0683  0.0384  0.0374  0.0021  0.0000  0.0879  0.0000  0.0000  0.0000
 0.6146  0.0000  0.1648  0.2099  0.2687  0.6285  0.3240  0.4873  0.3904  0.2874  0.5903  0.2023  0.3151  0.2031  0.2809  0.3382  0.4814  0.5319  0.4828  0.1665  0.0000  1.0000  0.0000  0.0000  0.0000
 0.0031  0.0000  1.0000  0.0004  0.0008  0.0080  0.0007  0.0006  0.0147  0.0010  0.4238  0.0491  0.0007  0.0013  0.0015  0.0010  0.0009  0.0017  0.0081  0.0010  0.0000  0.0011  0.0000  0.0000  0.0000
 0.0000  0.0000  0.0000  0.0000  0.0000  0.0000  0.0000  1.0000  0.0000  0.0000  0.0000  0.0000  0.0000  0.0000  0.0000  0.0000  0.0000  0.0000  0.0000  0.0000  0.0000  0.0000  0.0000  0.0000  0.0000
 0.2233  0.0000  0.0091  0.1737  0.1430  0.2418  0.1019  0.0170  0.0218  0.0861  0.0398  0.0125  0.0551  0.0331  0.0568  0.1162  1.0000  0.2091  0.0341  0.0038  0.0000  0.0136  0.0000  0.0000  0.0000
 0.0010  0.0000  0.0002  0.0001  0.0002  0.0026  0.0002  0.0002  0.0049  0.0003  1.0000  0.5106  0.0002  0.0004  0.0431  0.0003  0.0003  0.0006  0.0027  0.0003  0.0000  0.0003  0.0000  0.0000  0.0000
 0.0009  0.0000  0.0003  0.0014  0.0006  0.0002  1.0000  0.0004  0.0002  0.0006  0.0004  0.0001  0.0096  0.0008  0.0004  0.0005  0.0010  0.0005  0.0003  0.0002  0.0000  0.0003  0.0000  0.0000  0.0000
 0.0004  0.0000  0.0001  0.0001  0.0001  0.0005  0.0002  0.0000  0.3699  0.0002  0.0027  0.0005  0.0001  0.0001  0.0001  0.0001  0.0002  0.0005  1.0000  0.0001  0.0000  0.0002  0.0000  0.0000  0.0000
 0.0046  0.0000  0.0011  0.0005  0.0010  0.1030  0.0007  0.0003  0.1376  0.0012  0.0472  1.0000  0.0008  0.0012  0.0010  0.0010  0.0011  0.2614  0.3399  0.0006  0.0000  0.0012  0.0000  0.0000  0.0000
 0.0000  0.0000  0.0000  0.0000  0.0000  0.0000  0.0000  1.0000  0.0000  0.0000  0.0000  0.0000  0.0000  0.0000  0.0000  0.0000  0.0000  0.0000  0.0000  0.0000  0.0000  0.0000  0.0000  0.0000  0.0000
 0.0000  0.0000  0.0000  0.0000  0.0000  0.0000  0.0000  0.0000  0.0000  0.0000  0.0000  0.0000  0.0000  0.0000  0.0000  1.0000  0.0000  0.0000  0.0000  0.0000  0.0000  0.0000  0.0000  0.0000  0.0000
 0.0000  0.0000  0.0000  1.0000  0.0000  0.0000  0.0000  0.0000  0.0000  0.0000  0.0000  0.0000  0.0000  0.0000  0.0000  0.0000  0.0000  0.0000  0.0000  0.0000  0.0000  0.0000  0.0000  0.0000  0.0000
 0.0004  0.0000  0.0001  0.0000  0.0001  0.0010  0.0001  0.0001  0.0126  0.0001  1.0000  0.0012  0.0001  0.0002  0.0002  0.0001  0.0001  0.0002  0.0010  0.0001  0.0000  0.0001  0.0000  0.0000  0.0000
 0.0006  0.0000  0.0001  0.0005  0.0050  0.0002  0.0011  0.0004  0.0002  1.0000  0.0005  0.0001  0.0005  0.0008  0.0008  0.0018  0.0005  0.0005  0.0003  0.0002  0.0000  0.0002  0.0000  0.0000  0.0000
 0.0091  0.0000  0.0003  0.0004  0.0004  0.0002  0.0020  0.0001  0.0002  0.0005  0.0004  0.0001  0.0003  1.0000  0.0003  0.0004  0.0014  0.0005  0.0005  0.0001  0.0000  0.0002  0.0000  0.0000  0.0000
 0.0008  0.0000  0.0000  0.0019  1.0000  0.0001  0.0006  0.0002  0.0001  0.0072  0.0003  0.0001  0.0004  0.0006  0.0009  0.0003  0.0004  0.0004  0.0002  0.0001  0.0000  0.0001  0.0000  0.0000  0.0000
 0.0000  0.0000  0.0000  0.0000  0.0000  0.0000  0.0000  0.0000  0.0000  0.0000  0.0000  0.0000  1.0000  0.0000  0.0000  0.0000  0.0000  0.0000  0.0000  0.0000  0.0000  0.0000  0.0000  0.0000  0.0000
 0.0009  0.0000  0.0003  0.0002  0.0003  1.0000  0.0003  0.0001  0.0038  0.0002  0.4264  0.0024  0.0002  0.0004  0.0003  0.0002  0.0004  0.0006  0.0023  0.0017  0.0000  0.0062  0.0000  0.0000  0.0000
 0.0000  0.0000  0.0000  0.0000  0.0000  0.0000  0.0000  0.0000  0.0000  0.0000  1.0000  0.0000  0.0000  0.0000  0.0000  0.0000  0.0000  0.0000  0.0000  0.0000  0.0000  0.0000  0.0000  0.0000  0.0000
 0.0022  0.0000  0.0010  0.0003  0.0006  1.0000  0.0004  0.0001  0.0065  0.0002  0.9430  0.0292  0.0001  0.0009  0.0003  0.0002  0.0013  0.0014  0.0049  0.0085  0.0000  0.8343  0.0000  0.0000  0.0000
 0.5422  0.0000  0.1313  0.1967  0.2022  0.5539  0.2443  0.4056  0.3066  0.2152  0.6043  0.1637  0.2277  0.1514  0.2230  0.2576  0.4019  0.3002  0.5880  0.1372  0.0000  1.0000  0.0000  0.0000  0.0000
 0.0229  0.0000  0.0054  0.2269  0.0288  0.0043  0.0684  0.3324  0.0032  0.0367  0.0054  0.0022  0.7026  0.0174  0.0192  0.0146  1.0000  0.1571  0.0052  0.0023  0.0000  0.0108  0.0000  0.0000  0.0000
 0.3058  0.0000  0.0173  0.2031  0.4279  0.0163  0.1313  0.0833  0.0838  1.0000  0.1788  0.0661  0.2016  0.5086  0.4320  0.2238  0.2727  0.3108  0.1133  0.0056  0.0000  0.0124  0.0000  0.0000  0.0000
 0.3898  0.0000  0.0109  1.0000  0.4345  0.0102  0.4760  0.1598  0.0382  0.4170  0.0616  0.0216  0.1168  0.0623  0.2203  0.1461  0.3239  0.1521  0.0783  0.0035  0.0000  0.0077  0.0000  0.0000  0.0000
 0.0536  0.0000  0.0001  0.1329  1.0000  0.0004  0.0017  0.0429  0.0199  0.0101  0.0010  0.0004  0.0049  0.0026  0.0109  0.0013  0.0024  0.0794  0.0011  0.0002  0.0000  0.0005  0.0000  0.0000  0.0000
 0.0015  0.0000  0.0003  1.0000  0.1676  0.0003  0.0603  0.0015  0.0002  0.0208  0.0003  0.0001  0.2527  0.0012  0.0015  0.0010  0.0200  0.0015  0.0003  0.0002  0.0000  0.0008  0.0000  0.0000  0.0000
 0.6712  0.0000  0.0035  0.0026  0.0031  0.0814  0.0189  0.0006  0.0032  0.0034  0.0469  0.0025  0.0023  0.0086  0.0024  0.0025  1.0000  0.0070  0.0068  0.0010  0.0000  0.0029  0.0000  0.0000  0.0000
 0.9337  0.0000  0.1250  0.2696  0.4732  0.0976  0.2648  0.1091  0.4854  0.8609  0.5521  0.1787  0.2770  0.4499  0.3616  0.4383  0.6283  0.7339  1.0000  0.0287  0.0000  0.0803  0.0000  0.0000  0.0000
 0.0009  0.0000  0.0002  0.0001  0.0002  0.0025  0.0002  0.0002  0.4522  0.0003  1.0000  0.0242  0.0002  0.0004  0.0005  0.0003  0.0003  0.0005  0.0026  0.0003  0.0000  0.0003  0.0000  0.0000  0.0000
 0.0206  0.0000  0.0020  0.0035  0.0285  0.0045  0.0145  0.0183  0.0878  1.0000  0.0223  0.2986  0.0198  0.0161  0.0714  0.1265  0.0167  0.0220  0.0120  0.0032  0.0000  0.0092  0.0000  0.0000  0.0000
 1.0000  0.0000  0.0233  0.0122  0.0193  0.0119  0.0398  0.0050  0.5709  0.0211  0.0636  0.0206  0.0163  0.0367  0.0155  0.0131  0.0748  0.4239  0.1797  0.0029  0.0000  0.0056  0.0000  0.0000  0.0000
 0.0133  0.0000  0.0028  0.0057  0.0036  0.0014  0.0038  0.0016  0.4348  0.0054  0.0039  0.0021  0.0104  0.0068  0.0042  0.0034  0.2882  1.0000  0.0068  0.0009  0.0000  0.0016  0.0000  0.0000  0.0000
 0.0000  0.0000  0.0000  1.0000  0.0000  0.0000  0.0000  0.0000  0.0000  0.0000  0.0000  0.0000  0.0000  0.0000  0.0000  0.0000  0.0000  0.0000  0.0000  0.0000  0.0000  0.0000  0.0000  0.0000  0.0000
 0.0000  0.0000  0.0000  0.0000  0.0000  1.0000  0.0000  0.0000  0.0000  0.0000  0.0000  0.0000  0.0000  0.0000  0.0000  0.0000  0.0000  0.0000  0.0000  0.0000  0.0000  0.0000  0.0000  0.0000  0.0000
 0.0000  0.0000  0.0000  0.0000  0.0000  0.0000  1.0000  0.0000  0.0000  0.0000  0.0000  0.0000  0.0000  0.0000  0.0000  0.0000  0.0000  0.0000  0.0000  0.0000  0.0000  0.0000  0.0000  0.0000  0.0000
 0.0000  0.0000  0.0000  0.0000  0.0000  0.0000  0.0000  0.0000  0.0000  0.0000  1.0000  0.0000  0.0000  0.0000  0.0000  0.0000  0.0000  0.0000  0.0000  0.0000  0.0000  0.0000  0.0000  0.0000  0.0000
 0.1400  0.0000  0.0005  0.0004  0.0004  0.0002  0.0026  0.0001  0.0002  0.0005  0.0005  0.0002  0.0003  0.0012  0.0003  0.0003  1.0000  0.0009  0.0008  0.0001  0.0000  0.0001  0.0000  0.0000  0.0000
 0.0817  0.0000  0.0152  0.0043  0.0115  0.0083  0.0010  0.0030  0.2141  0.2548  0.0539  0.1323  0.0066  0.0165  0.0088  0.0067  0.2497  0.1051  1.0000  0.0015  0.0000  0.0028  0.0000  0.0000  0.0000
 0.1206  0.0000  0.0023  0.0019  0.0022  1.0000  0.0036  0.0008  0.0510  0.0027  0.0128  0.1850  0.0031  0.0040  0.0021  0.0017  0.0340  0.0980  0.0160  0.0006  0.0000  0.0014  0.0000  0.0000  0.0000
 0.2148  0.0000  0.0705  0.0842  0.3767  1.0000  0.1369  0.2204  0.4210  0.2110  0.3789  0.1109  0.1323  0.0920  0.1735  0.4282  0.1662  0.1682  0.2191  0.0747  0.0000  0.5749  0.0000  0.0000  0.0000
 0.0057  0.0000  0.0002  0.1180  0.2419  0.0006  0.0911  0.0021  0.0010  1.0000  0.0020  0.0007  0.0039  0.0037  0.0262  0.0689  0.0036  0.0032  0.0016  0.0004  0.0000  0.0011  0.0000  0.0000  0.0000
 0.0510  0.0000  0.0008  0.0127  0.3037  0.0010  0.0062  0.0391  0.0030  0.2981  0.0244  0.0018  0.0079  1.0000  0.0548  0.0127  0.0780  0.0176  0.0046  0.0005  0.0000  0.0012  0.0000  0.0000  0.0000
 0.0229  0.0000  0.0003  0.0192  0.0005  0.0001  1.0000  0.0002  0.0001  0.0005  0.0003  0.0001  0.0008  0.0009  0.0003  0.0003  0.0019  0.0006  0.0005  0.0001  0.0000  0.0002  0.0000  0.0000  0.0000
 0.0442  0.0000  0.0020  0.9695  1.0000  0.0019  0.0284  0.0046  0.0070  0.4153  0.0112  0.0039  0.0873  0.1196  0.4108  0.0966  0.1209  0.0214  0.0106  0.0007  0.0000  0.0015  0.0000  0.0000  0.0000
 0.1780  0.0000  0.0126  1.0000  0.8618  0.0118  0.2872  0.0885  0.0440  0.6564  0.0710  0.0249  0.2560  0.0647  0.2386  0.1612  0.2629  0.6156  0.0671  0.0041  0.0000  0.0090  0.0000  0.0000  0.0000
 0.6272  0.0000  0.4868  0.7440  0.6281  0.0804  0.6268  0.1785  0.1086  0.4950  0.1796  0.0675  0.9081  0.2513  0.3442  0.2861  1.0000  0.5289  0.2014  0.0302  0.0000  0.1228  0.0000  0.0000  0.0000
 0.0213  0.0000  0.0012  0.0011  0.0014  0.1183  0.0019  0.0016  0.3396  0.0118  0.2696  0.0854  0.0015  0.0011  0.0013  0.0600  0.0020  0.0036  1.0000  0.0010  0.0000  0.0490  0.0000  0.0000  0.0000
 0.0016  0.0000  0.0008  0.0002  0.0004  1.0000  0.0003  0.0001  0.0045  0.0001  0.1696  0.4891  0.0001  0.0006  0.0002  0.0001  0.0010  0.0010  0.0035  0.0067  0.0000  0.3180  0.0000  0.0000  0.0000
 0.2158  0.0000  0.0533  0.0689  0.1160  0.0613  0.0637  0.1599  0.0505  1.0000  0.0981  0.0293  0.2297  0.0464  0.1289  0.8080  0.7492  0.8510  0.0684  0.0175  0.0000  0.1452  0.0000  0.0000  0.0000
 0.0046  0.0000  0.0008  1.0000  0.0323  0.0007  0.0103  0.0033  0.0006  0.0055  0.0011  0.0004  0.0283  0.0033  0.0047  0.0024  0.0095  0.4299  0.0010  0.0004  0.0000  0.0017  0.0000  0.0000  0.0000
 0.3772  0.0000  0.0033  0.0009  0.0025  0.0029  0.0004  0.0006  0.6048  0.0026  0.1733  0.0160  0.0013  0.0033  0.0018  0.0015  0.0025  0.3576  1.0000  0.0004  0.0000  0.0010  0.0000  0.0000  0.0000
 0.0115  0.0000  0.4164  0.0031  0.0026  0.0030  0.0076  0.0017  0.0089  0.0015  0.0074  0.0023  0.0021  0.0039  0.0020  0.0025  0.0033  0.0069  1.0000  0.0016  0.0000  0.0027  0.0000  0.0000  0.0000
 0.0000  0.0000  0.0000  0.0000  0.0000  0.0000  1.0000  0.0000  0.0000  0.0000  0.0000  0.0000  0.0000  0.0000  0.0000  0.0000  0.0000  0.0000  0.0000  0.0000  0.0000  0.0000  0.0000  0.0000  0.0000
 0.0017  0.0000  0.0003  0.0007  0.0004  0.0002  0.0005  0.0002  0.0005  0.0007  0.0005  0.0003  0.0013  0.0009  0.0005  0.0054  1.0000  0.4261  0.0008  0.0001  0.0000  0.0002  0.0000  0.0000  0.0000
 0.4641  0.0000  0.0009  0.0008  0.0009  0.0004  0.0051  0.0002  0.0004  0.0010  0.0010  0.0004  0.0006  1.0000  0.0006  0.0007  0.0044  0.0015  0.0015  0.0002  0.0000  0.0003  0.0000  0.0000  0.0000
 0.1805  0.0000  0.0296  0.2263  0.3801  0.0431  0.4183  0.0458  0.0205  0.0882  0.0422  0.0135  0.1887  0.0896  0.0728  0.0526  0.1523  0.0693  0.0400  0.0183  0.0000  1.0000  0.0000  0.0000  0.0000
 0.0000  0.0000  0.0000  0.0000  0.0000  0.0000  0.0000  0.0000  0.0000  0.0000  0.0000  0.0000  0.0000  0.0000  0.0000  0.0000  0.0000  0.0000  0.0000  0.0000  0.0000  1.0000  0.0000  0.0000  0.0000
 0.0004  0.0000  0.0001  0.0001  0.0001  0.0004  0.0002  0.0000  0.2744  0.0001  0.0024  0.0004  0.0001  0.0001  0.0001  0.0001  0.0001  0.0004  1.0000  0.0001  0.0000  0.0002  0.0000  0.0000  0.0000
 1.0000  0.0000  0.0000  0.0000  0.0000  0.0000  0.0000  0.0000  0.0000  0.0000  0.0000  0.0000  0.0000  0.0000  0.0000  0.0000  0.0000  0.0000  0.0000  0.0000  0.0000  0.0000  0.0000  0.0000  0.0000
 0.0000  0.0000  0.0000  0.0000  0.0000  0.0000  0.0000  0.0000  0.0000  0.0000  0.0000  0.0000  0.0000  1.0000  0.0000  0.0000  0.0000  0.0000  0.0000  0.0000  0.0000  0.0000  0.0000  0.0000  0.0000
 0.0008  0.0000  0.0000  0.0066  1.0000  0.0001  0.0005  0.0002  0.0001  0.0008  0.0002  0.0001  0.0004  0.0005  0.0010  0.0002  0.0004  0.0003  0.0002  0.0001  0.0000  0.0001  0.0000  0.0000  0.0000
 0.0004  0.0000  0.0001  0.0001  0.0001  0.0003  0.0001  0.0000  0.0929  0.0001  0.0018  0.0003  0.0001  0.0001  0.0001  0.0001  0.0001  0.0004  1.0000  0.0000  0.0000  0.0002  0.0000  0.0000  0.0000
 0.0004  0.0000  0.0001  0.0000  0.0001  0.0010  0.0001  0.0001  0.0350  0.0001  1.0000  0.0012  0.0001  0.0002  0.0002  0.0001  0.0001  0.0002  0.0010  0.0001  0.0000  0.0001  0.0000  0.0000  0.0000
 0.9234  0.0000  0.1314  0.0866  0.2049  0.1432  0.2951  0.1542  0.1386  1.0000  0.4490  0.1196  0.1528  0.1751  0.2610  0.6395  0.3009  0.2111  0.4528  0.0445  0.0000  0.1895  0.0000  0.0000  0.0000
 0.0013  0.0000  0.0001  0.0002  0.0019  0.0003  0.0009  0.0072  0.0006  0.1522  0.0014  0.0004  0.0013  0.0142  0.2958  1.0000  0.0011  0.0014  0.0008  0.0002  0.0000  0.0006  0.0000  0.0000  0.0000
 0.0011  0.0000  0.0001  0.0002  0.0068  0.0002  0.0008  0.0144  0.0005  1.0000  0.0011  0.0004  0.0319  0.0008  0.0230  0.3932  0.0009  0.0011  0.0006  0.0002  0.0000  0.0005  0.0000  0.0000  0.0000
 0.5018  0.0000  0.3567  0.2034  0.2715  0.7017  0.3262  0.8366  0.4003  0.3096  0.6806  0.2181  0.5346  0.9263  0.3095  0.5519  0.6551  0.3875  0.4961  0.1826  0.0000  1.0000  0.0000  0.0000  0.0000
 0.0000  0.0000  0.0000  0.0000  0.0000  0.0000  0.0000  0.0000  0.0000  0.0000  0.0000  0.0000  0.0000  0.0000  0.0000  0.0000  0.0000  0.0000  0.0000  0.0000  0.0000  1.0000  0.0000  0.0000  0.0000
 0.0118  0.0000  0.0014  0.0018  0.0014  0.0006  1.0000  0.0005  0.0011  0.0018  0.0015  0.0447  0.0025  0.0034  0.0013  0.0012  0.1856  0.1648  0.0025  0.0003  0.0000  0.0005  0.0000  0.0000  0.0000
 0.0914  0.0000  0.0813  0.0042  0.0194  0.0029  0.0109  0.0281  0.0058  0.6903  0.0138  0.0046  0.2435  1.0000  0.0520  0.1119  0.0121  0.0149  0.0078  0.0022  0.0000  0.0063  0.0000  0.0000  0.0000
 0.3060  0.0000  0.0004  0.0307  1.0000  0.0011  0.0053  0.0028  0.0015  0.0249  0.0028  0.0011  0.0048  0.0073  0.0656  0.0037  0.1107  0.0054  0.0030  0.0005  0.0000  0.0015  0.0000  0.0000  0.0000
 1.0000  0.0000  0.0611  0.0037  0.0113  0.0082  0.0017  0.0028  0.3624  0.0112  0.0537  0.0245  0.0053  0.0162  0.0083  0.0063  0.0910  0.0530  0.9370  0.0014  0.0000  0.0026  0.0000  0.0000  0.0000
 0.0060  0.0000  0.0003  1.0000  0.0009  0.0002  0.0018  0.0003  0.0002  0.0006  0.0004  0.0001  0.0010  0.0008  0.0004  0.0004  0.0010  0.0005  0.0004  0.0002  0.0000  0.0003  0.0000  0.0000  0.0000
 0.0037  0.0000  0.2227  0.0004  0.0007  0.0019  0.0005  0.0001  0.3748  0.0009  0.0106  0.2623  0.0005  0.0007  0.0004  0.0006  0.0009  0.0031  1.0000  0.0002  0.0000  0.0008  0.0000  0.0000  0.0000
 0.0000  0.0000  0.0000  0.0000  0.0000  0.0000  0.0000  0.0000  0.0000  0.0000  0.0000  0.0000  0.0000  0.0000  0.0000  0.0000  0.0000  0.0000  0.0000  1.0000  0.0000  0.0000  0.0000  0.0000  0.0000
 0.1856  0.0000  0.0004  0.0006  0.0005  0.0002  0.0015  0.0002  0.0004  0.0006  0.0005  0.0002  0.0009  0.0010  0.0005  0.0004  1.0000  0.0897  0.0008  0.0001  0.0000  0.0002  0.0000  0.0000  0.0000
 1.0000  0.0000  0.0122  0.0037  0.0094  0.0187  0.0028  0.0025  0.4053  0.0102  0.2785  0.0256  0.0053  0.0126  0.0076  0.0065  0.0100  0.0421  0.3482  0.0025  0.0000  0.0054  0.0000  0.0000  0.0000
 0.0000  0.0000  0.0000  0.0000  0.0000  0.0000  1.0000  0.0000  0.0000  0.0000  0.0000  0.0000  0.0000  0.0000  0.0000  0.0000  0.0000  0.0000  0.0000  0.0000  0.0000  0.0000  0.0000  0.0000  0.0000
 0.0006  0.0000  0.0002  0.0001  0.0001  0.0003  0.0001  0.0000  0.0318  0.0001  0.0016  0.0003  0.0001  0.0001  0.0001  0.0001  0.0001  0.0005  1.0000  0.0000  0.0000  0.0001  0.0000  0.0000  0.0000
 0.0006  0.0000  0.0002  0.0001  0.0002  0.0012  0.0003  0.0001  1.0000  0.0002  0.0060  0.0977  0.0001  0.0003  0.0002  0.0002  0.0002  0.0004  0.0020  0.0002  0.0000  0.0003  0.0000  0.0000  0.0000
 0.4072  0.0000  0.0151  0.0038  0.0113  0.0095  0.0008  0.0029  0.2586  0.0114  1.0000  0.0175  0.0056  0.0160  0.0085  0.0065  0.1904  0.1172  0.4411  0.0015  0.0000  0.0029  0.0000  0.0000  0.0000
 0.0002  0.0000  0.0001  0.0000  0.0001  0.0122  0.0000  0.0000  0.0004  0.0000  0.0010  0.0002  0.0000  0.0001  0.0000  0.0000  0.0001  0.0001  0.0004  0.0009  0.0000  1.0000  0.0000  0.0000  0.0000
 0.0000  0.0000  0.0000  0.0000  0.0000  0.0000  0.0000  0.0000  1.0000  0.0000  0.0000  0.0000  0.0000  0.0000  0.0000  0.0000  0.0000  0.0000  0.0000  0.0000  0.0000  0.0000  0.0000  0.0000  0.0000
 0.0003  0.0000  0.0001  0.0001  0.0001  0.0122  0.0001  0.0001  0.0017  0.0001  1.0000  0.0011  0.0001  0.0002  0.0002  0.0001  0.0001  0.0002  0.0009  0.0002  0.0000  0.0005  0.0000  0.0000  0.0000
 0.0000  0.0000  0.0000  0.0000  0.0000  0.0000  0.0000  0.0000  0.0000  0.0000  1.0000  0.0000  0.0000  0.0000  0.0000  0.0000  0.0000  0.0000  0.0000  0.0000  0.0000  0.0000  0.0000  0.0000  0.0000
 0.1676  0.0000  0.4452  0.0113  0.0131  0.0056  0.0810  0.0026  0.0067  0.0144  0.0142  0.0067  0.0103  0.0365  0.0100  0.0103  1.0000  0.0310  0.0243  0.0021  0.0000  0.0043  0.0000  0.0000  0.0000
 0.0000  0.0000  0.0000  0.0000  0.0000  0.0000  1.0000  0.0000  0.0000  0.0000  0.0000  0.0000  0.0000  0.0000  0.0000  0.0000  0.0000  0.0000  0.0000  0.0000  0.0000  0.0000  0.0000  0.0000  0.0000
 0.0092  0.0000  0.0020  0.0009  0.0015  0.0126  0.0011  0.0004  0.0099  0.0015  0.0085  0.0023  0.0012  0.0024  0.0011  0.0010  0.0043  0.2115  1.0000  0.0027  0.0000  0.2222  0.0000  0.0000  0.0000
 0.0104  0.0000  0.0027  0.0047  0.0035  0.0030  0.0144  0.0020  0.0030  0.0039  0.0068  0.1700  0.0026  1.0000  0.0026  0.0042  0.0058  0.0037  0.0039  0.0020  0.0000  0.0025  0.0000  0.0000  0.0000
 0.0000  0.0000  0.0000  0.0000  0.0000  0.0000  0.0000  0.0000  0.0000  0.0000  0.0000  0.0000  0.0000  1.0000  0.0000  0.0000  0.0000  0.0000  0.0000  0.0000  0.0000  0.0000  0.0000  0.0000  0.0000
 0.0002  0.0000  0.0001  0.0001  0.0001  1.0000  0.0001  0.0000  0.0005  0.0000  0.0086  0.0003  0.0000  0.0001  0.0000  0.0000  0.0001  0.0001  0.0004  0.0009  0.0000  0.0036  0.0000  0.0000  0.0000
 0.0116  0.0000  0.0007  0.1002  0.1956  0.0111  0.0085  0.0037  0.0023  0.0116  0.0048  0.0015  0.0116  0.0072  0.0140  0.0036  0.0087  0.0059  0.0034  1.0000  0.0000  0.2319  0.0000  0.0000  0.0000
 1.0000  0.0000  0.0545  0.3496  0.0724  0.0222  0.3613  0.0223  0.0238  0.0685  0.0527  0.0242  0.1048  0.1400  0.0479  0.0453  0.2955  0.1014  0.0866  0.0087  0.0000  0.0219  0.0000  0.0000  0.0000
 0.0011  0.0000  0.0000  0.1437  1.0000  0.0001  0.0005  0.0003  0.0001  0.0011  0.0003  0.0001  0.0005  0.0007  0.0015  0.0003  0.0006  0.0005  0.0003  0.0001  0.0000  0.0001  0.0000  0.0000  0.0000
 0.0180  0.0000  0.0038  0.0242  0.0091  0.0022  0.0276  0.0056  0.0047  0.0662  0.0048  0.0025  1.0000  0.0102  0.0080  0.0064  0.3944  0.9382  0.0074  0.0014  0.0000  0.0037  0.0000  0.0000  0.0000
 0.0032  0.0000  0.0001  0.2564  1.0000  0.0003  0.0092  0.0008  0.0004  0.0543  0.0008  0.0003  0.0015  0.0020  0.1099  0.1774  0.0017  0.0015  0.0008  0.0001  0.0000  0.0004  0.0000  0.0000  0.0000
 0.5254  0.0000  0.0141  0.2284  0.2888  0.0132  0.1006  0.2173  0.0680  0.5539  0.0798  0.1322  0.1898  0.0885  1.0000  0.2106  0.4035  0.4355  0.0754  0.0045  0.0000  0.0100  0.0000  0.0000  0.0000
 0.0364  0.0000  0.0021  0.0675  0.0744  0.0019  1.0000  0.0059  0.0058  0.2206  0.0096  0.0034  0.0695  0.0100  0.0201  0.2525  0.0594  0.0192  0.0172  0.0008  0.0000  0.0023  0.0000  0.0000  0.0000
 0.0009  0.0000  0.0002  0.0001  0.0002  0.0023  0.0002  0.0002  1.0000  0.0003  0.4298  0.0028  0.0002  0.0004  0.0004  0.0003  0.0002  0.0005  0.0028  0.0003  0.0000  0.0003  0.0000  0.0000  0.0000
 0.0003  0.0000  0.0001  0.0000  0.0001  1.0000  0.0000  0.0000  0.0006  0.0000  0.0013  0.0003  0.0000  0.0001  0.0000  0.0000  0.0002  0.0002  0.0005  0.0013  0.0000  0.1729  0.0000  0.0000  0.0000
 0.0945  0.0000  0.0009  0.7936  1.0000  0.0019  0.0106  0.0052  0.0040  0.0456  0.0069  0.0026  0.2113  0.0118  0.0911  0.5495  0.0164  0.0411  0.0067  0.0008  0.0000  0.0023  0.0000  0.0000  0.0000
 0.7169  0.0000  0.0066  0.1460  0.4696  0.0104  0.0514  0.0413  0.0241  0.1895  0.1014  0.0153  0.0638  0.0517  1.0000  0.1081  0.1304  0.1063  0.0380  0.0048  0.0000  0.0135  0.0000  0.0000  0.0000
 0.0006  0.0000  0.0002  0.0001  0.0002  0.0008  0.0003  0.0000  1.0000  0.0002  0.0040  0.0007  0.0002  0.0001  0.0001  0.0002  0.0002  0.0006  0.7242  0.0001  0.0000  0.0004  0.0000  0.0000  0.0000
 0.0004  0.0000  0.0001  0.0000  0.0001  0.0010  0.0001  0.0001  0.0152  0.0001  1.0000  0.0137  0.0001  0.0002  0.0002  0.0001  0.0001  0.0002  0.0010  0.0001  0.0000  0.0001  0.0000  0.0000  0.0000
 0.0153  0.0000  0.0008  0.0021  0.1204  0.0017  0.0060  0.3521  0.0036  1.0000  0.0363  0.0028  0.0260  0.0065  0.2430  0.5311  0.0232  0.0091  0.0048  0.0013  0.0000  0.0036  0.0000  0.0000  0.0000
 0.1951  0.0000  0.0043  0.0004  0.0113  0.0002  1.0000  0.0001  0.0002  0.0005  0.0005  0.0002  0.0004  0.0014  0.0004  0.0004  0.0212  0.0009  0.0009  0.0001  0.0000  0.0002  0.0000  0.0000  0.0000
 0.0786  0.0000  0.0126  0.8181  1.0000  0.0954  0.0342  0.7086  0.0310  0.8879  0.0521  0.0179  0.0362  0.0270  0.2363  0.1584  0.0475  0.0437  0.1070  0.0129  0.0000  0.1730  0.0000  0.0000  0.0000
 0.0056  0.0000  0.0019  0.0012  0.0017  0.0978  0.0023  0.0005  1.0000  0.0023  0.9867  0.0131  0.0016  0.0016  0.0016  0.0021  0.0024  0.0055  0.2327  0.0031  0.0000  0.7613  0.0000  0.0000  0.0000
 0.0014  0.0000  0.0002  1.0000  0.2209  0.0002  0.0030  0.0010  0.0002  0.0017  0.0003  0.0001  0.0203  0.0010  0.0016  0.0007  0.2093  0.0011  0.0003  0.0001  0.0000  0.0005  0.0000  0.0000  0.0000
 0.0003  0.0000  0.0001  0.0000  0.0001  1.0000  0.0000  0.0000  0.0006  0.0000  0.0339  0.0003  0.0000  0.0001  0.0000  0.0000  0.0002  0.0002  0.0005  0.0013  0.0000  0.1277  0.0000  0.0000  0.0000
 0.3921  0.0000  0.0169  0.8018  0.9987  0.0158  0.1201  0.0562  0.0795  0.3614  0.1498  0.0334  0.1562  0.0867  0.2654  0.1656  1.0000  0.4188  0.2157  0.0054  0.0000  0.0121  0.0000  0.0000  0.0000
 0.0229  0.0000  0.0053  0.0018  0.0013  0.0005  0.1810  0.0004  0.0008  0.0015  0.0012  0.0006  0.0149  0.0028  0.0011  0.0010  1.0000  0.0279  0.0020  0.0002  0.0000  0.0005  0.0000  0.0000  0.0000
 0.0408  0.0000  0.0003  1.0000  0.9447  0.0016  0.0075  0.0198  0.0022  0.0290  0.0040  0.0016  0.0331  0.3897  0.2083  0.0051  0.0190  0.0080  0.0041  0.0008  0.0000  0.0022  0.0000  0.0000  0.0000
 0.0186  0.0000  0.0063  0.0251  0.0130  0.0054  0.0393  0.0468  0.0051  0.0164  0.0104  0.0024  0.0229  1.0000  0.0096  0.0146  0.0175  0.0109  0.0072  0.0046  0.0000  0.1876  0.0000  0.0000  0.0000
 0.0000  0.0000  0.0000  0.0000  0.0000  0.0000  0.0000  0.0000  0.0000  0.0000  0.0000  0.0000  0.0000  0.0000  0.0000  0.0000  0.0000  0.0000  0.0000  1.0000  0.0000  0.0000  0.0000  0.0000  0.0000
 0.0031  0.0000  0.0003  0.1909  0.0059  0.0004  0.0051  0.0013  0.0004  0.0421  0.0009  0.0002  0.0055  1.0000  0.0022  0.0015  0.0035  0.0017  0.0007  0.0003  0.0000  0.0007  0.0000  0.0000  0.0000
 0.1296  0.0000  0.0192  0.3694  0.1887  0.0069  0.0658  0.0727  0.0257  0.2671  0.1063  0.0145  0.1716  0.0376  0.0899  0.1195  1.0000  0.1159  0.1217  0.0024  0.0000  0.0052  0.0000  0.0000  0.0000
 0.0003  0.0000  0.0001  0.0001  0.0001  0.0004  0.0001  0.0000  1.0000  0.0001  0.0075  0.0004  0.0001  0.0001  0.0000  0.0001  0.0001  0.0003  0.2168  0.0001  0.0000  0.0002  0.0000  0.0000  0.0000
 0.0012  0.0000  0.0002  0.0004  0.0003  0.0001  0.0005  0.0001  0.0002  0.0004  0.0003  0.0001  0.0006  0.0005  0.0003  0.0002  1.0000  0.0242  0.0004  0.0001  0.0000  0.0001  0.0000  0.0000  0.0000
 0.2351  0.0000  0.0010  1.0000  0.7995  0.0018  0.0129  0.0243  0.0036  0.0334  0.0063  0.0024  0.5652  0.1086  0.0912  0.0099  0.2839  0.0128  0.0061  0.0008  0.0000  0.0025  0.0000  0.0000  0.0000
 0.0754  0.0000  0.0046  0.0730  0.0676  0.0045  0.2084  0.0096  0.0201  0.0745  0.1842  0.0077  0.0509  0.0204  0.1231  0.0359  1.0000  0.0631  0.0208  0.0016  0.0000  0.0043  0.0000  0.0000  0.0000
 1.0000  0.0000  0.0003  0.0003  0.0003  0.0001  0.0115  0.0001  0.0002  0.0003  0.0003  0.0002  0.0002  0.0009  0.0002  0.0003  0.0017  0.0006  0.0006  0.0001  0.0000  0.0001  0.0000  0.0000  0.0000
 0.0010  0.0000  0.0001  0.0005  0.0007  0.0002  0.0014  0.0004  0.0003  1.0000  0.0007  0.0002  0.0005  0.0010  0.0008  0.0018  0.0007  0.0006  0.0106  0.0002  0.0000  0.0002  0.0000  0.0000  0.0000
 0.0007  0.0000  0.0001  1.0000  0.0179  0.0001  0.0009  0.0003  0.0001  0.0007  0.0003  0.0001  0.0008  0.0006  0.0008  0.0003  0.0006  0.0004  0.0002  0.0001  0.0000  0.0002  0.0000  0.0000  0.0000
 0.0015  0.0000  0.0004  0.0002  0.0004  0.4178  0.0003  0.0003  0.0169  0.0005  1.0000  0.0051  0.0004  0.0007  0.0008  0.0005  0.0004  0.0009  0.0042  0.0007  0.0000  0.0013  0.0000  0.0000  0.0000
 0.0006  0.0000  0.0002  0.0001  0.0002  0.0009  0.0003  0.0000  0.8936  0.0003  0.0173  0.0109  0.0002  0.0001  0.0001  0.0002  0.0003  0.0007  1.0000  0.0001  0.0000  0.0004  0.0000  0.0000  0.0000
 0.0241  0.0000  0.0060  0.2108  0.0413  0.0012  0.0073  0.0064  0.0037  0.1750  0.0059  0.0021  0.0307  0.0052  0.0664  1.0000  0.0332  0.0272  0.0186  0.0004  0.0000  0.0215  0.0000  0.0000  0.0000
 0.0038  0.0000  0.0089  0.0018  0.0053  0.0008  0.0120  0.1302  0.0015  1.0000  0.0036  0.0012  0.2040  0.0030  0.0429  0.5881  0.0106  0.0221  0.0021  0.0006  0.0000  0.0017  0.0000  0.0000  0.0000
 0.0007  0.0000  0.0002  0.0001  0.0002  0.0019  0.0001  0.0001  0.0461  0.0003  0.3925  1.0000  0.0002  0.0003  0.0004  0.0002  0.0002  0.0004  0.0361  0.0002  0.0000  0.0002  0.0000  0.0000  0.0000
 0.0005  0.0000  0.0001  0.0001  0.0001  0.0013  0.0001  0.0001  0.0024  0.0002  1.0000  0.1790  0.0001  0.0002  0.0002  0.0002  0.0001  0.0003  0.0075  0.0002  0.0000  0.0002  0.0000  0.0000  0.0000
 0.5855  0.0000  0.2543  0.5480  1.0000  0.0404  0.2718  0.1130  0.2677  0.6968  0.2274  0.1312  0.6281  0.1958  0.4508  0.4765  0.5227  0.9180  0.6334  0.0135  0.0000  0.0341  0.0000  0.0000  0.0000
 0.4008  0.0000  0.0302  0.2661  0.4696  0.0476  0.1958  0.1081  0.1362  0.9550  0.1797  0.0930  0.2467  0.3099  0.6192  1.0000  0.5149  0.2851  0.4788  0.0182  0.0000  0.0604  0.0000  0.0000  0.0000
 0.0027  0.0000  0.0002  1.0000  0.0754  0.0003  0.0036  0.0013  0.0003  0.0032  0.0007  0.0003  0.1711  0.0018  0.0301  0.0684  0.0705  0.0018  0.0136  0.0002  0.0000  0.0007  0.0000  0.0000  0.0000
 0.0424  0.0000  0.0008  0.0006  0.0007  0.0003  0.0045  0.0001  0.0005  0.0008  0.0009  0.0004  0.0005  1.0000  0.0006  0.0006  0.0123  0.0016  0.0710  0.0001  0.0000  0.0002  0.0000  0.0000  0.0000
 0.0965  0.0000  0.0025  0.0287  0.2121  0.0025  0.2177  0.0066  0.0085  1.0000  0.0142  0.0050  0.1944  0.0130  0.0283  0.2653  0.2162  0.0834  0.0129  0.0010  0.0000  0.0024  0.0000  0.0000  0.0000
 0.1211  0.0000  0.0014  0.1597  0.3975  0.0013  0.0099  0.0118  0.0445  1.0000  0.0079  0.0028  0.0261  0.0072  0.1684  0.2972  0.0190  0.0363  0.0074  0.0005  0.0000  0.0010  0.0000  0.0000  0.0000
 0.0000  0.0000  0.0000  0.0000  0.0000  0.0000  0.0000  0.0000  0.0000  0.0000  0.0000  0.0000  0.0000  0.0000  0.0000  1.0000  0.0000  0.0000  0.0000  0.0000  0.0000  0.0000  0.0000  0.0000  0.0000
 0.0026  0.0000  0.0007  0.0003  0.0007  0.1887  0.0006  0.0005  0.4106  0.0009  1.0000  0.1831  0.0293  0.0011  0.0013  0.0009  0.0008  0.0016  0.0224  0.0008  0.0000  0.0917  0.0000  0.0000  0.0000
 0.0072  0.0000  0.0003  0.0007  0.0004  0.0002  0.0006  0.0002  0.0005  0.0537  0.0005  0.0003  0.0013  0.0009  0.0005  0.0004  0.2228  1.0000  0.0008  0.0001  0.0000  0.0002  0.0000  0.0000  0.0000
 1.0000  0.0000  0.1973  0.0008  0.0009  0.0004  0.0055  0.0002  0.0006  0.0010  0.0055  0.0005  0.0008  0.0025  0.0007  0.0007  0.1116  0.0079  0.0019  0.0001  0.0000  0.0003  0.0000  0.0000  0.0000
 0.7627  0.0000  0.1353  0.2687  0.4250  0.5541  0.3361  1.0000  0.3486  0.3327  0.5973  0.1724  0.2728  0.1762  0.3105  0.3167  0.3787  0.3807  0.4109  0.1378  0.0000  0.8006  0.0000  0.0000  0.0000
 0.0039  0.0000  0.0001  0.1348  0.8603  0.0004  0.0015  0.0416  0.0005  0.0040  0.0009  0.0004  0.0017  0.0024  1.0000  0.0011  0.0020  0.0017  0.0009  0.0002  0.0000  0.0005  0.0000  0.0000  0.0000
 0.5445  0.0000  0.0028  0.0007  0.0021  0.0016  0.0004  0.0005  0.0546  0.0021  0.0103  0.0030  0.0010  0.0030  0.0015  0.0012  0.0023  0.0096  1.0000  0.0003  0.0000  0.0005  0.0000  0.0000  0.0000
 0.0263  0.0000  0.0001  0.0001  0.0001  0.0012  0.0001  0.0001  0.0022  0.0002  1.0000  0.0084  0.0001  0.0002  0.0002  0.0001  0.0001  0.0003  0.0012  0.0001  0.0000  0.0001  0.0000  0.0000  0.0000
 0.7489  0.0000  0.0711  0.6210  1.0000  0.0492  0.3773  0.1202  0.1848  0.9256  0.2982  0.1046  0.4987  0.2713  0.5883  0.5269  0.7281  0.5673  0.2819  0.0170  0.0000  0.0375  0.0000  0.0000  0.0000
 0.0005  0.0000  0.0004  0.0015  0.0006  0.0003  0.0019  1.0000  0.0002  0.0006  0.0004  0.0001  0.0138  0.0008  0.0004  0.0005  0.0008  0.0005  0.0003  0.0002  0.0000  0.0004  0.0000  0.0000  0.0000
 0.0063  0.0000  0.0003  0.0004  0.0008  0.0002  0.0017  0.0003  0.0002  0.0019  0.0005  0.0002  0.0005  1.0000  0.0344  0.0090  0.0016  0.0007  0.0006  0.0001  0.0000  0.0002  0.0000  0.0000  0.0000
 0.0000  0.0000  0.0000  0.0000  0.0000  0.0000  0.0000  0.0000  0.0000  0.0000  0.0000  0.0000  0.0000  0.0000  0.0000  0.0000  0.0000  0.0000  0.0000  1.0000  0.0000  0.0000  0.0000  0.0000  0.0000
 0.0196  0.0000  0.0003  0.0002  0.0003  0.0014  0.0003  0.0000  1.0000  0.0004  0.1953  0.1459  0.0002  0.0002  0.0002  0.0003  0.0004  0.0011  0.4753  0.0002  0.0000  0.0005  0.0000  0.0000  0.0000
 0.8154  0.0000  0.1014  0.6124  0.9858  0.0779  0.3845  0.1512  0.2238  1.0000  0.3188  0.1152  0.4914  0.2734  0.6557  0.6210  0.7432  0.5695  0.3920  0.0245  0.0000  0.0792  0.0000  0.0000  0.0000
 0.5398  0.0000  0.0436  0.5932  1.0000  0.0586  0.4221  0.0877  0.1729  0.5002  0.2060  0.0804  0.2687  0.1901  0.3501  0.2776  0.5714  0.3302  0.3298  0.0182  0.0000  0.0618  0.0000  0.0000  0.0000
 0.0253  0.0000  0.0033  1.0000  0.1127  0.0034  0.3435  0.0480  0.0022  0.0261  0.0045  0.1896  0.2675  0.0150  0.0279  0.0116  0.0402  0.0172  0.0038  0.0017  0.0000  0.0082  0.0000  0.0000  0.0000
 0.3815  0.0000  0.0011  0.0117  0.1099  0.0011  1.0000  0.0088  0.0184  0.0171  0.0056  0.0020  0.0603  0.0051  0.0286  0.0353  0.0258  0.2479  0.0053  0.0004  0.0000  0.0011  0.0000  0.0000  0.0000
 0.5485  0.0000  0.0205  0.7075  1.0000  0.0232  0.1454  0.0459  0.0478  0.1934  0.0663  0.0265  0.0877  0.1452  0.2429  0.0585  0.1641  0.1159  0.1633  0.0097  0.0000  0.0263  0.0000  0.0000  0.0000
 0.3147  0.0000  0.0067  0.0113  0.0078  0.0031  0.0237  0.0030  0.0068  0.0104  0.2049  0.0041  0.2211  0.0166  0.0077  0.0068  1.0000  0.0875  0.0138  0.0016  0.0000  0.0031  0.0000  0.0000  0.0000
 1.0000  0.0000  0.0051  0.2411  0.0072  0.0025  0.0125  0.0032  0.0066  0.0098  0.0066  0.0035  0.0442  0.0128  0.0075  0.0061  0.4041  0.1363  0.0293  0.0015  0.0000  0.0030  0.0000  0.0000  0.0000
 0.0684  0.0000  0.0068  0.0290  0.0113  0.0029  0.0319  0.0025  0.0081  0.1240  0.0094  0.0039  0.0108  0.0162  0.0069  0.0064  0.2688  0.0282  1.0000  0.0011  0.0000  0.0025  0.0000  0.0000  0.0000
 0.0027  0.0000  0.0528  0.0003  0.0007  0.0226  0.0005  0.0006  0.0703  0.0009  1.0000  0.2267  0.0520  0.0126  0.0415  0.0009  0.0008  0.0016  0.0073  0.0008  0.0000  0.0010  0.0000  0.0000  0.0000
 0.0121  0.0000  0.0021  0.0379  0.0286  0.0014  0.0389  0.0044  0.0028  0.5195  0.0037  0.0016  0.0539  0.0065  0.0077  0.0063  1.0000  0.1682  0.0207  0.0008  0.0000  0.0024  0.0000  0.0000  0.0000
 0.0040  0.0000  0.0007  0.0113  0.0042  0.0006  0.0089  0.0029  0.0006  0.0076  0.0013  0.0004  0.4391  0.0026  0.0036  1.0000  0.0288  0.0039  0.0010  0.0004  0.0000  0.0015  0.0000  0.0000  0.0000
 0.0013  0.0000  0.0003  0.0002  0.0003  0.0217  0.0003  0.0003  0.3331  0.0004  1.0000  0.5556  0.0003  0.0005  0.0007  0.0004  0.0004  0.0007  0.0104  0.0004  0.0000  0.0004  0.0000  0.0000  0.0000
 0.0067  0.0000  0.0006  0.0021  0.0207  0.0013  0.0047  0.3947  0.0027  1.0000  0.0065  0.0085  0.0064  0.0052  0.0413  0.0378  0.0054  0.0070  0.0037  0.0010  0.0000  0.0029  0.0000  0.0000  0.0000
 0.0027  0.0000  0.0003  0.0018  0.1332  0.0006  0.0460  0.1002  0.0011  0.0303  0.0025  0.0008  0.0679  0.0021  1.0000  0.2409  0.0026  0.0029  0.0014  0.0004  0.0000  0.0012  0.0000  0.0000  0.0000
 0.0274  0.0000  0.0252  0.0083  0.0056  1.0000  0.0104  0.0023  0.0061  0.0080  0.0067  0.0033  0.0144  0.0113  0.0062  0.0051  0.3751  0.1663  0.0104  0.0020  0.0000  0.0053  0.0000  0.0000  0.0000
 0.4807  0.0000  0.0901  0.0935  0.1825  0.0645  0.1036  0.0943  0.5291  0.6376  0.3244  0.1063  0.2139  0.1913  0.2527  0.6514  0.9155  1.0000  0.8555  0.0276  0.0000  0.0637  0.0000  0.0000  0.0000
 1.0000  0.0000  0.0006  0.0006  0.0006  0.0003  0.0031  0.0002  0.0004  0.0007  0.0006  0.0003  0.0008  0.0016  0.0199  0.0005  0.4349  0.0138  0.0011  0.0001  0.0000  0.0002  0.0000  0.0000  0.0000
 0.1347  0.0000  0.0011  0.0257  0.1825  0.0020  0.0095  0.0065  0.0036  0.0436  0.0077  1.0000  0.0086  0.0105  0.2388  0.0682  0.0110  0.0101  0.0060  0.0012  0.0000  0.0034  0.0000  0.0000  0.0000
 0.0009  0.0000  0.0002  0.0046  0.0014  0.0002  0.0033  0.0053  0.0001  0.0015  0.0002  0.0001  1.0000  0.0008  0.1783  0.0008  0.0025  0.0010  0.0002  0.0001  0.0000  0.0005  0.0000  0.0000  0.0000
 0.0484  0.0000  0.0051  0.0082  0.0639  0.0175  0.0326  0.0411  0.1453  1.0000  0.2738  0.0445  0.0778  0.0369  0.1377  0.2758  0.0379  0.0504  0.0343  0.0081  0.0000  0.0215  0.0000  0.0000  0.0000
 0.0058  0.0000  0.0015  0.0007  0.0015  0.1705  0.0012  0.0012  0.1510  0.1226  1.0000  0.0715  0.0014  0.0025  0.0031  0.1020  0.0016  0.0034  0.0160  0.0018  0.0000  0.0020  0.0000  0.0000  0.0000
 0.0007  0.0000  0.0001  0.0002  0.0010  0.0002  0.0006  0.0341  0.0003  1.0000  0.0007  0.0122  0.0007  0.0006  0.0016  0.0039  0.0006  0.0007  0.0004  0.0001  0.0000  0.0003  0.0000  0.0000  0.0000
 0.0014  0.0000  0.0001  0.0003  0.0020  0.0003  0.0010  0.0013  0.0006  1.0000  0.0014  0.0005  0.2195  0.0011  0.0095  0.2398  0.0012  0.0015  0.0008  0.0002  0.0000  0.0006  0.0000  0.0000  0.0000
 0.3897  0.0000  0.0029  0.0012  0.0027  0.4460  0.0018  0.0019  0.2123  0.0035  0.5629  1.0000  0.0024  0.0044  0.0925  0.0033  0.0029  0.0074  0.3063  0.0028  0.0000  0.0031  0.0000  0.0000  0.0000
 1.0000  0.0000  0.0006  0.0004  0.0005  0.0002  0.0028  0.0001  0.0068  0.0006  0.0008  0.0003  0.0004  0.0014  0.0004  0.0004  0.2045  0.0013  0.0081  0.0001  0.0000  0.0002  0.0000  0.0000  0.0000
 0.6135  0.0000  0.0230  0.0178  0.0211  0.0277  0.0373  0.0073  0.1863  0.0256  1.0000  0.0393  0.0283  0.0399  0.0209  0.0168  0.3318  0.2225  0.1605  0.0054  0.0000  0.0084  0.0000  0.0000  0.0000
 0.0015  0.0000  0.0001  0.0004  0.2329  0.0003  0.0010  0.0013  0.0006  0.4353  0.0015  0.0005  0.0014  0.0012  0.0172  1.0000  0.0012  0.0016  0.0008  0.0002  0.0000  0.0007  0.0000  0.0000  0.0000
 0.3918  0.0000  0.2137  0.0239  0.0513  0.0359  0.0365  0.0150  0.3320  0.0535  0.2101  0.0652  0.1768  0.0804  0.0401  0.0317  0.2287  0.2729  1.0000  0.0178  0.0000  0.0159  0.0000  0.0000  0.0000
 0.0988  0.0000  0.0102  0.0175  0.1342  0.0264  0.0690  0.1762  1.0000  0.9472  0.7629  0.0875  0.1692  0.0764  0.4021  0.6416  0.0800  0.1047  0.0599  0.0162  0.0000  0.0479  0.0000  0.0000  0.0000
 1.0000  0.0000  0.0195  0.0167  0.0185  0.0075  0.1072  0.0039  0.0093  0.0205  0.0191  0.0090  0.0158  0.0489  0.0389  0.0146  0.9732  0.0479  0.0326  0.2669  0.0000  0.0060  0.0000  0.0000  0.0000
 0.0674  0.0000  0.0009  0.0419  1.0000  0.0010  0.0071  0.0027  0.0030  0.1329  0.0050  0.0018  0.0249  0.0058  0.0122  0.1109  0.0191  0.2513  0.0047  0.0004  0.0000  0.0010  0.0000  0.0000  0.0000
 0.0777  0.0000  0.0055  0.2685  1.0000  0.0052  0.0613  0.0128  0.0192  0.5665  0.0310  0.0109  0.2363  0.0284  0.5002  0.2438  0.8396  0.0996  0.0293  0.0018  0.0000  0.0455  0.0000  0.0000  0.0000
 0.5403  0.0000  0.0397  0.4901  1.0000  0.0319  0.2358  0.0477  0.0663  0.2088  0.1295  0.0379  0.0961  0.1874  0.2495  0.0721  0.2785  0.1718  0.1564  0.0124  0.0000  0.0313  0.0000  0.0000  0.0000
 0.1958  0.0000  0.0377  0.0199  0.0263  1.0000  0.0793  0.0077  0.1563  0.0179  0.2737  0.0599  0.0150  0.0523  0.0137  0.0139  0.1508  0.0771  0.1361  0.2109  0.0000  0.8552  0.0000  0.0000  0.0000
 0.2894  0.0000  0.0073  0.0850  1.0000  0.0070  0.0518  0.0983  0.0521  0.4299  0.0414  0.1748  0.3539  0.0375  0.3898  0.1384  0.0997  0.1676  0.0529  0.0024  0.0000  0.0055  0.0000  0.0000  0.0000
 1.0000  0.0000  0.0902  0.0766  0.2149  0.0342  0.6186  0.0159  0.0393  0.0904  0.0869  0.0408  0.0590  0.2273  0.0644  0.0634  0.5105  0.1575  0.1527  0.0124  0.0000  0.0263  0.0000  0.0000  0.0000
 0.7242  0.0000  0.0809  0.2987  0.8550  0.1648  0.3671  0.1650  0.3031  1.0000  0.9618  0.1911  0.2649  0.2914  0.4589  0.8191  0.6340  0.8280  0.2989  0.0485  0.0000  0.1284  0.0000  0.0000  0.0000
 0.1499  0.0000  0.0135  0.0287  0.2047  0.0288  0.0983  0.1242  0.0924  1.0000  0.1403  0.0464  0.1346  0.1091  0.3280  0.8338  0.1154  0.1515  0.0803  0.0216  0.0000  0.0619  0.0000  0.0000  0.0000
 1.0000  0.0000  0.0518  0.0755  0.5451  0.0321  0.0467  0.0229  0.2394  0.1205  0.4258  0.1216  0.0680  0.0798  0.2426  0.0687  0.5146  0.3060  0.7463  0.0071  0.0000  0.0164  0.0000  0.0000  0.0000
 0.0960  0.0000  0.0201  0.0077  0.0161  1.0000  0.0049  0.0051  0.2831  0.0177  0.1621  0.9985  0.0123  0.0229  0.0140  0.0113  0.3355  0.1770  0.4336  0.0045  0.0000  0.0095  0.0000  0.0000  0.0000
 0.0942  0.0000  0.0008  0.0081  0.0350  0.0248  0.0057  0.0027  0.0029  1.0000  0.0051  0.0328  0.0599  0.0045  0.1040  0.4804  0.0246  0.1397  0.0043  0.0004  0.0000  0.0011  0.0000  0.0000  0.0000
 0.8041  0.0000  0.1465  0.5152  0.7363  0.4185  0.4430  0.3974  0.3484  0.7781  0.5505  0.2413  0.5665  0.3200  0.5378  0.5629  1.0000  0.9817  0.4768  0.1174  0.0000  0.5786  0.0000  0.0000  0.0000
 0.0074  0.0000  0.0018  0.0009  0.0018  0.0160  0.0013  0.0012  0.8880  0.0023  0.2335  1.0000  0.0798  0.0028  0.0032  0.0022  0.0024  0.2773  0.0217  0.0019  0.0000  0.0021  0.0000  0.0000  0.0000
 0.0238  0.0000  0.0005  1.0000  0.0148  0.0010  0.0046  0.0040  0.0018  0.1636  0.0042  0.0014  0.0064  0.0042  0.0324  0.2061  0.0049  0.0051  0.0025  0.0007  0.0000  0.0020  0.0000  0.0000  0.0000
 0.1668  0.0000  0.0008  0.0014  0.0010  0.0004  0.0013  0.0004  0.0013  0.0665  0.0230  0.0006  0.0025  0.0019  0.0011  0.0009  0.2962  1.0000  0.0118  0.0002  0.0000  0.0004  0.0000  0.0000  0.0000
 0.0009  0.0000  0.0002  1.0000  0.0014  0.0002  0.0033  0.0010  0.0001  0.0013  0.0002  0.0001  0.1555  0.0008  0.0009  0.0007  0.0743  0.0010  0.0002  0.0001  0.0000  0.0005  0.0000  0.0000  0.0000
 0.0052  0.0000  0.0013  0.0527  0.0077  0.0011  0.0526  0.0231  0.0005  0.3018  0.0012  0.0004  1.0000  0.0042  0.0051  0.0759  0.0861  0.0055  0.0009  0.0006  0.0000  0.0029  0.0000  0.0000  0.0000
 0.0511  0.0000  0.0004  0.0009  0.0005  0.0002  0.0058  0.0002  0.0002  0.0005  0.0004  0.0002  0.0209  0.0011  0.0004  0.0004  1.0000  0.0010  0.0007  0.0001  0.0000  0.0002  0.0000  0.0000  0.0000
 0.0094  0.0000  0.0025  0.0066  0.0045  0.0024  1.0000  0.0027  0.0024  0.0063  0.0050  0.0010  0.0043  0.0102  0.0036  0.2039  0.0061  0.0041  0.0034  0.0023  0.0000  0.0025  0.0000  0.0000  0.0000
 0.3003  0.0000  0.0210  0.1007  0.1415  0.0263  0.1014  0.0884  0.0470  0.2248  0.0708  0.0585  0.1304  0.0702  0.4174  0.4228  0.3220  1.0000  0.0699  0.0110  0.0000  0.0355  0.0000  0.0000  0.0000
 0.0745  0.0000  0.0003  0.0001  0.0002  0.0008  0.0002  0.0000  1.0000  0.0003  0.0382  0.0008  0.0002  0.0002  0.0001  0.0002  0.0003  0.0010  0.2280  0.0001  0.0000  0.0003  0.0000  0.0000  0.0000
 0.0108  0.0000  0.0022  0.0044  0.0031  0.0013  0.0031  0.0015  0.0038  0.0056  0.0036  0.0467  0.0081  0.0054  0.0038  0.1605  0.0654  1.0000  0.0586  0.0008  0.0000  0.0192  0.0000  0.0000  0.0000
 0.0951  0.0000  0.0330  0.0379  0.3126  1.0000  0.0906  0.0998  0.0816  0.0539  0.4327  0.0534  0.0568  0.1135  0.0548  0.0644  0.0741  0.0728  0.2223  0.0348  0.0000  0.6376  0.0000  0.0000  0.0000
 0.0048  0.0000  0.0001  0.4598  1.0000  0.0004  0.0019  0.0012  0.0006  0.0784  0.0011  0.0005  0.0022  0.0029  0.0065  0.2419  0.0025  0.0022  0.0011  0.0002  0.0000  0.0006  0.0000  0.0000  0.0000
 0.0012  0.0000  0.0001  0.0032  1.0000  0.0001  0.0008  0.0443  0.0001  0.0012  0.0003  0.0001  0.0010  0.0007  0.0014  0.0004  0.0157  0.0006  0.0003  0.0001  0.0000  0.0002  0.0000  0.0000  0.0000
 0.0006  0.0000  0.0001  0.0001  0.0001  0.0015  0.0001  0.0001  0.0419  0.0002  1.0000  0.0474  0.0001  0.0002  0.0003  0.0002  0.0156  0.0003  0.0015  0.0002  0.0000  0.0002  0.0000  0.0000  0.0000
 0.0014  0.0000  0.0001  0.0531  0.0117  0.0003  0.0014  0.0011  0.0005  1.0000  0.0011  0.0004  0.0020  0.0010  0.0028  0.3309  0.0217  0.0013  0.0006  0.0002  0.0000  0.0006  0.0000  0.0000  0.0000
 0.2823  0.0000  0.0029  0.2617  1.0000  0.0030  0.0217  0.0075  0.0104  0.3685  0.0170  0.0060  0.0938  0.0170  0.2764  0.0583  0.0410  0.0323  0.0519  0.0011  0.0000  0.0025  0.0000  0.0000  0.0000
 0.2215  0.0000  0.0318  0.0214  0.0309  0.1722  0.1307  0.0156  0.3583  0.0389  1.0000  0.2100  0.0268  0.0655  0.0427  0.0344  0.0964  0.0643  0.2437  0.0223  0.0000  0.0285  0.0000  0.0000  0.0000
 0.1981  0.0000  0.0453  0.8243  0.2744  0.0561  0.6036  0.2086  0.0387  0.3585  0.1120  0.0279  1.0000  0.1503  0.2110  0.2276  0.4644  0.2006  0.0527  0.0244  0.0000  0.1193  0.0000  0.0000  0.0000
 0.1675  0.0000  0.0209  0.0270  0.1966  0.1028  0.1018  0.1270  0.2136  1.0000  0.7176  0.1383  0.1385  0.1192  0.3374  0.9611  0.1196  0.1644  0.1639  0.0301  0.0000  0.0707  0.0000  0.0000  0.0000
 0.0388  0.0000  0.0061  0.2237  0.0543  0.0070  0.2568  0.0326  0.0084  0.2408  0.0196  0.0067  0.1195  0.0279  0.0539  1.0000  0.0632  0.0359  0.0124  0.0043  0.0000  0.0165  0.0000  0.0000  0.0000
 0.0449  0.0000  0.0172  0.0138  0.0189  0.5121  0.0210  0.0293  0.0586  0.0170  0.1595  0.0310  0.0176  0.1446  0.0169  0.0198  0.0348  0.1827  0.0603  0.0779  0.0000  1.0000  0.0000  0.0000  0.0000
 0.1160  0.0000  0.0203  0.6163  0.1523  0.0161  0.3813  0.0757  0.0100  0.1100  0.0212  0.0081  0.4059  0.0696  1.0000  0.0548  0.4999  0.0896  0.0202  0.0081  0.0000  0.0391  0.0000  0.0000  0.0000
 0.3379  0.0000  0.0333  0.0436  0.1129  0.0221  0.0835  0.0338  0.1188  0.2826  0.1125  0.0367  0.0479  0.0752  1.0000  0.1872  0.1009  0.1284  0.4480  0.0083  0.0000  0.0211  0.0000  0.0000  0.0000
 0.0094  0.0000  0.0007  0.0292  0.2918  0.0012  0.0107  0.1039  0.0013  0.0140  0.0026  0.0010  0.1175  0.0062  1.0000  0.0069  0.0098  0.0059  0.0023  0.0006  0.0000  0.0023  0.0000  0.0000  0.0000
 1.0000  0.0000  0.1290  0.1164  0.1426  0.2177  0.5517  0.1508  0.1395  0.1546  0.2579  0.0955  0.1340  0.2575  0.1296  0.1460  0.5240  0.2415  0.2640  0.0596  0.0000  0.2902  0.0000  0.0000  0.0000
 0.0170  0.0000  0.0038  0.3191  0.0208  0.0029  0.0423  0.0130  0.0028  0.0191  0.0042  0.0018  1.0000  0.0121  0.3138  0.0099  0.1119  0.2082  0.0046  0.0016  0.0000  0.0069  0.0000  0.0000  0.0000
 0.0000  0.0000  0.0000  0.0000  0.0000  0.0000  1.0000  0.0000  0.0000  0.0000  0.0000  0.0000  0.0000  0.0000  0.0000  0.0000  0.0000  0.0000  0.0000  0.0000  0.0000  0.0000  0.0000  0.0000  0.0000
//
