ID   UNK_ID; MATRIX
AC   UNK_AC
DE   UNK_DE
MA   UNK_BL
  A   B   C   D   E   F   G   H   I   K   L   M   N   P   Q   R   S   T   V   W   X   Y   Z   *   -
 0.0000  0.0000  0.0000  0.0000  0.0000  0.0000  0.0000  0.0000  0.0000  0.0000  0.0000  1.0000  0.0000  0.0000  0.0000  0.0000  0.0000  0.0000  0.0000  0.0000  0.0000  0.0000  0.0000  0.0000  0.0000
 0.1474  0.0000  0.0059  0.5806  1.0000  0.0142  0.0955  0.0441  0.0203  0.4314  0.0370  0.0145  0.5870  0.0866  0.2702  0.0576  0.1104  0.0789  0.0365  0.0066  0.0000  0.0216  0.0000  0.0000  0.0000
 0.0133  0.0000  0.0024  0.0823  0.0204  0.0027  0.0319  0.0130  0.0030  0.1354  0.0069  0.0023  0.3415  0.0105  0.0198  1.0000  0.0259  0.0141  0.0043  0.0016  0.0000  0.0066  0.0000  0.0000  0.0000
 0.0083  0.0000  0.0031  0.0265  0.0090  0.0024  0.0228  0.0065  0.0019  0.0093  0.0035  0.0011  0.1002  0.0066  0.0062  0.0063  0.0154  0.0077  0.0027  0.0015  0.0000  1.0000  0.0000  0.0000  0.0000
 0.0541  0.0000  0.0088  0.0113  0.0241  0.0063  0.0177  0.0122  0.0290  1.0000  0.0299  0.0104  0.0244  0.0223  0.0326  0.0679  0.0656  0.4604  0.0980  0.0032  0.0000  0.0075  0.0000  0.0000  0.0000
 0.4741  0.0000  0.0875  0.0204  0.0652  0.0470  0.0012  0.0166  0.4629  0.0647  0.3331  0.0937  0.0304  0.1298  0.0486  0.0361  0.0643  0.3516  1.0000  0.0078  0.0000  0.0143  0.0000  0.0000  0.0000
 0.0064  0.0000  0.0017  0.0008  0.0014  0.0072  0.0014  0.0004  1.0000  0.0019  0.1698  0.3101  0.0012  0.0016  0.0013  0.0015  0.0018  0.0592  0.1162  0.0009  0.0000  0.0021  0.0000  0.0000  0.0000
 0.1119  0.0000  0.0178  0.3773  0.1412  0.0180  0.5065  0.0830  0.0211  0.8587  0.0467  0.0161  0.3405  0.0733  0.1279  1.0000  0.2471  0.0991  0.0324  0.0104  0.0000  0.0420  0.0000  0.0000  0.0000
 0.1172  0.0000  0.0036  0.2607  1.0000  0.0119  0.0508  0.0362  0.0195  0.6547  0.0387  0.0145  0.0600  0.4030  0.5549  0.1153  0.0940  0.0638  0.0331  0.0063  0.0000  0.0180  0.0000  0.0000  0.0000
 0.0040  0.0000  0.0014  0.0010  0.0012  0.0066  0.0019  0.0001  1.0000  0.0018  0.5933  0.0065  0.0012  0.0008  0.0007  0.0015  0.0018  0.0047  0.6974  0.0008  0.0000  0.0028  0.0000  0.0000  0.0000
 0.0112  0.0000  0.0016  0.0061  0.0034  0.0011  1.0000  0.0016  0.0010  0.0037  0.0023  0.0007  0.0058  0.0051  0.0582  0.0029  0.0075  0.0032  0.0023  0.0008  0.0000  0.0013  0.0000  0.0000  0.0000
 0.0535  0.0000  0.0013  1.0000  0.6735  0.0051  0.0270  0.0148  0.0064  0.0568  0.0121  0.0049  0.0341  0.0328  0.0699  0.3551  0.0318  0.0248  0.0123  0.0025  0.0000  0.0075  0.0000  0.0000  0.0000
 0.0000  0.0000  0.0000  0.0000  0.0000  0.0000  1.0000  0.0000  0.0000  0.0000  0.0000  0.0000  0.0000  0.0000  0.0000  0.0000  0.0000  0.0000  0.0000  0.0000  0.0000  0.0000  0.0000  0.0000  0.0000
 0.2857  0.0000  0.0021  0.0025  0.0022  0.0010  0.0083  0.0007  0.0023  0.0027  0.0027  0.0012  0.0033  0.0050  0.0020  0.0019  0.0167  1.0000  0.0054  0.0004  0.0000  0.0008  0.0000  0.0000  0.0000
 0.0669  0.0000  0.2145  0.0413  0.0365  0.8942  0.0528  0.0647  0.0474  0.0390  0.0811  0.0268  0.1025  0.0275  0.0371  0.0427  0.0586  0.0509  0.0598  0.0216  0.0000  1.0000  0.0000  0.0000  0.0000
 0.0255  0.0000  0.0026  0.0053  0.0032  0.0011  1.0000  0.0012  0.0012  0.0035  0.0026  0.0011  0.0055  0.0068  0.0023  0.0024  0.3363  0.0054  0.0041  0.0005  0.0000  0.0011  0.0000  0.0000  0.0000
 0.4112  0.0000  0.0600  0.7046  0.7989  0.0476  0.3982  0.1308  0.2164  0.3182  0.1102  0.0469  0.6700  0.2158  0.2636  0.1627  1.0000  0.8011  0.1497  0.0243  0.0000  0.0781  0.0000  0.0000  0.0000
 0.0000  0.0000  0.0000  0.0000  0.0000  0.0000  0.0000  0.0000  0.0000  0.0000  0.0000  0.0000  0.0000  0.0000  0.0000  0.0000  0.0000  0.0000  1.0000  0.0000  0.0000  0.0000  0.0000  0.0000  0.0000
 0.0705  0.0000  0.1384  0.0125  0.0219  0.2246  0.0201  0.0265  0.2954  0.0269  1.0000  0.2484  0.0221  0.0290  0.0365  0.0284  0.0270  0.0874  0.1692  0.1362  0.0000  0.0508  0.0000  0.0000  0.0000
 0.2466  0.0000  0.0136  0.0236  0.1691  0.0311  0.0897  0.1068  0.0644  1.0000  0.1784  0.1379  0.1170  0.0971  0.2837  0.8337  0.1042  0.1335  0.0822  0.0195  0.0000  0.0554  0.0000  0.0000  0.0000
 1.0000  0.0000  0.0216  0.0173  0.0225  0.0447  0.3900  0.0120  0.1092  0.0260  0.2306  0.2853  0.0188  0.0488  0.0217  0.0213  0.0985  0.0996  0.0682  0.0081  0.0000  0.0210  0.0000  0.0000  0.0000
 0.5140  0.0000  0.1766  0.2120  0.2848  0.7001  0.3327  0.5408  0.4006  0.3090  0.6505  0.2220  0.3120  0.2069  0.3077  0.3587  0.4087  0.3983  0.5077  0.1848  0.0000  1.0000  0.0000  0.0000  0.0000
 0.0092  0.0000  0.0017  0.0239  0.0075  0.0012  0.0186  0.0052  0.0011  0.0075  0.0018  0.0008  1.0000  0.0053  0.0051  0.0041  0.5842  0.0126  0.0020  0.0007  0.0000  0.0028  0.0000  0.0000  0.0000
 0.7686  0.0000  0.0593  0.6233  1.0000  0.0713  0.3853  0.1373  0.2029  0.9394  0.3300  0.1123  0.5046  0.2790  0.5920  0.5371  0.7499  0.5960  0.3070  0.0229  0.0000  0.0686  0.0000  0.0000  0.0000
 0.0186  0.0000  0.0004  0.0691  1.0000  0.0017  0.0080  0.0048  0.0024  0.0210  0.0046  0.0018  0.0096  0.0111  0.3542  0.3592  0.0613  0.0089  0.0045  0.0008  0.0000  0.0024  0.0000  0.0000  0.0000
 0.1500  0.0000  0.0221  0.3903  0.0333  0.0111  0.0435  0.0143  0.0303  0.0443  0.0290  0.0156  0.0884  0.0552  0.0345  0.0275  0.7890  1.0000  0.0495  0.0071  0.0000  0.0131  0.0000  0.0000  0.0000
 0.0166  0.0000  0.0034  0.0653  0.0240  0.0035  1.0000  0.0528  0.0029  0.0443  0.0067  0.0023  0.2514  0.0132  0.0365  0.1804  0.0378  0.0175  0.0043  0.0020  0.0000  0.0088  0.0000  0.0000  0.0000
 0.0175  0.0000  0.0023  0.0598  1.0000  0.0024  0.0321  0.0104  0.0019  0.0193  0.0037  0.0015  0.3298  0.0114  0.0173  0.0084  0.0585  0.0140  0.0035  0.0012  0.0000  0.0053  0.0000  0.0000  0.0000
 0.5074  0.0000  0.1769  0.2045  0.2722  0.7032  0.3283  0.5404  0.3977  0.2896  0.6587  0.2224  0.3061  0.2040  0.2928  0.3464  0.3994  0.3913  0.5066  0.1845  0.0000  1.0000  0.0000  0.0000  0.0000
 0.0712  0.0000  0.0174  0.0112  0.0194  0.0392  0.0147  0.0909  0.1364  0.0219  0.0895  0.0256  0.0170  0.0197  0.0192  0.0207  0.0248  0.0517  1.0000  0.0091  0.0000  0.2819  0.0000  0.0000  0.0000
 1.0000  0.0000  0.0000  0.0000  0.0000  0.0000  0.0000  0.0000  0.0000  0.0000  0.0000  0.0000  0.0000  0.0000  0.0000  0.0000  0.0000  0.0000  0.0000  0.0000  0.0000  0.0000  0.0000  0.0000  0.0000
 0.0176  0.0000  0.3599  0.0017  0.0032  0.0081  0.0023  0.0006  1.0000  0.0039  0.0445  0.0091  0.0022  0.0036  0.0021  0.0027  0.0039  0.0145  0.3167  0.0010  0.0000  0.0036  0.0000  0.0000  0.0000
 0.0000  0.0000  0.0000  0.0000  0.0000  0.0000  0.0000  0.0000  0.0000  1.0000  0.0000  0.0000  0.0000  0.0000  0.0000  0.0000  0.0000  0.0000  0.0000  0.0000  0.0000  0.0000  0.0000  0.0000  0.0000
 0.0055  0.0000  0.0005  0.0010  0.0077  0.0011  0.0039  0.0049  0.0023  1.0000  0.0056  0.0018  0.0053  0.0043  0.3523  0.3295  0.0045  0.0059  0.0031  0.0009  0.0000  0.0025  0.0000  0.0000  0.0000
 0.0048  0.0000  0.0012  0.0005  0.0010  0.0046  0.0008  0.0003  0.3091  0.0012  0.0258  1.0000  0.0008  0.0012  0.0009  0.0010  0.0012  0.0038  0.1208  0.0006  0.0000  0.0013  0.0000  0.0000  0.0000
 0.0795  0.0000  0.0084  0.0453  0.0359  0.0086  0.3325  0.0196  0.0106  1.0000  0.0250  0.0072  0.0504  0.0461  0.0373  0.0735  0.0571  0.0310  0.0191  0.0067  0.0000  0.0118  0.0000  0.0000  0.0000
 0.0257  0.0000  0.0025  0.0057  0.0359  0.0053  0.0188  0.0229  0.0109  0.6194  0.0258  0.0085  0.5382  0.0202  0.6500  1.0000  0.0215  0.0275  0.0144  0.0040  0.0000  0.0115  0.0000  0.0000  0.0000
 0.3080  0.0000  0.0050  0.0105  0.0727  0.0107  0.0365  0.1642  0.0219  1.0000  0.0516  0.0171  0.0498  0.0694  0.1615  0.4048  0.0427  0.0551  0.0291  0.0080  0.0000  0.0228  0.0000  0.0000  0.0000
 0.0012  0.0000  0.0006  0.0002  0.0003  1.0000  0.0002  0.0000  0.0026  0.0000  0.0062  0.0012  0.0000  0.0005  0.0000  0.0000  0.0008  0.0007  0.0024  0.0058  0.0000  0.2721  0.0000  0.0000  0.0000
 0.5735  0.0000  0.1770  0.5175  0.6463  0.6814  0.4391  0.5585  0.3833  0.3882  0.6358  0.2170  0.4866  0.2542  0.3873  0.3734  0.4916  0.4303  0.4951  0.1804  0.0000  1.0000  0.0000  0.0000  0.0000
 0.0125  0.0000  0.0028  0.0294  0.0101  0.0019  0.0206  0.0411  0.0028  0.0117  0.0034  0.0016  0.3463  0.0080  0.1174  0.0067  1.0000  0.0703  0.0045  0.0011  0.0000  0.0039  0.0000  0.0000  0.0000
 0.4825  0.0000  0.0785  0.0428  0.0698  0.5985  0.1530  0.0238  0.9058  0.0777  1.0000  0.2280  0.0465  0.1222  0.0640  0.0600  0.1807  0.2097  0.6754  0.5326  0.0000  0.4134  0.0000  0.0000  0.0000
 0.0109  0.0000  0.0002  0.6345  1.0000  0.0010  0.0048  0.0028  0.0013  0.0111  0.0025  0.0010  0.0055  0.0067  0.0143  0.0030  0.0059  0.0049  0.0025  0.0005  0.0000  0.0014  0.0000  0.0000  0.0000
 0.3554  0.0000  0.0011  0.1102  1.0000  0.0039  0.0180  0.0098  0.0053  0.0425  0.0098  0.0040  0.0169  0.0258  0.3812  0.0124  0.0232  0.0188  0.0106  0.0018  0.0000  0.0051  0.0000  0.0000  0.0000
 0.4724  0.0000  0.7207  0.0312  0.0739  0.0434  0.0912  0.0235  0.3423  0.3818  0.2566  0.0788  0.0450  0.1102  0.0674  0.0914  0.1354  0.2652  1.0000  0.0095  0.0000  0.0198  0.0000  0.0000  0.0000
 0.1452  0.0000  0.0366  0.0191  0.0367  0.1842  0.0301  0.0210  0.9846  0.0579  1.0000  0.2456  0.0591  0.0421  0.0440  0.0764  0.0427  0.1137  0.9086  0.0237  0.0000  0.0528  0.0000  0.0000  0.0000
 0.0252  0.0000  0.0054  0.0208  0.0096  0.0029  0.0141  0.0052  0.0074  0.0130  0.0071  0.0038  1.0000  0.0137  0.0705  0.0079  0.3438  0.4719  0.0116  0.0018  0.0000  0.0040  0.0000  0.0000  0.0000
 0.0000  0.0000  0.0000  0.0000  0.0000  0.0000  0.0000  0.0000  0.0000  0.0000  1.0000  0.0000  0.0000  0.0000  0.0000  0.0000  0.0000  0.0000  0.0000  0.0000  0.0000  0.0000  0.0000  0.0000  0.0000
 0.0000  0.0000  0.0000  0.0000  0.0000  0.0000  0.0000  0.0000  0.0000  0.0000  0.0000  0.0000  0.0000  0.0000  0.0000  1.0000  0.0000  0.0000  0.0000  0.0000  0.0000  0.0000  0.0000  0.0000  0.0000
 0.0041  0.0000  0.0003  0.0086  1.0000  0.0005  0.0028  0.0014  0.0007  0.0069  0.0015  0.0005  0.0023  0.0029  0.0052  0.0610  0.0024  0.0021  0.0012  0.0004  0.0000  0.0008  0.0000  0.0000  0.0000
 0.0029  0.0000  0.0009  0.0006  0.0008  0.0035  0.0011  0.0001  0.6363  0.0011  0.0187  0.0923  0.0007  0.0006  0.0004  0.0009  0.0011  0.0032  1.0000  0.0004  0.0000  0.0016  0.0000  0.0000  0.0000
 0.0048  0.0000  0.0005  0.0012  0.0067  0.0010  0.0036  0.0043  0.0020  1.0000  0.0048  0.0016  0.0546  0.0038  0.3230  0.0458  0.0040  0.0051  0.0027  0.0007  0.0000  0.0022  0.0000  0.0000  0.0000
 1.0000  0.0000  0.0787  0.0613  0.0720  0.0403  0.4182  0.0151  0.0624  0.0800  0.2632  0.0484  0.0576  0.1933  0.0561  0.0574  0.6823  0.1857  0.1569  0.0124  0.0000  0.0252  0.0000  0.0000  0.0000
 0.0055  0.0000  0.0011  0.0013  0.0016  0.0086  0.0035  0.0010  0.0154  0.0021  1.0000  0.0100  0.0013  0.0582  0.0021  0.0020  0.0022  0.0026  0.0092  0.0013  0.0000  0.0016  0.0000  0.0000  0.0000
 0.0069  0.0000  0.0260  0.0012  0.0095  0.0014  0.0049  0.0061  0.0029  0.5222  0.0069  0.0023  0.0067  0.0054  0.1812  1.0000  0.0056  0.0073  0.0039  0.0011  0.0000  0.0031  0.0000  0.0000  0.0000
 0.0292  0.0000  0.0028  0.0054  0.0407  0.0061  0.0209  0.4345  0.0125  1.0000  0.0295  0.0098  0.0287  0.0230  0.0693  0.8398  0.0240  0.0313  0.0165  0.0046  0.0000  0.0131  0.0000  0.0000  0.0000
 0.0037  0.0000  0.0009  0.0005  0.0009  0.0099  0.0008  0.0007  0.0184  0.0013  1.0000  0.7128  0.0009  0.0016  0.0019  0.0013  0.0010  0.0021  0.0101  0.0012  0.0000  0.0013  0.0000  0.0000  0.0000
 0.0033  0.0000  0.0008  0.2738  0.0048  0.0007  0.0115  0.0034  0.0003  0.0045  0.0007  0.0003  1.0000  0.0026  0.0031  0.0023  0.0555  0.0036  0.0006  0.0003  0.0000  0.0017  0.0000  0.0000  0.0000
 0.1439  0.0000  0.0158  0.1205  0.2538  0.1412  0.0829  0.0284  0.0368  0.0830  0.0716  0.0214  0.0565  1.0000  0.0689  0.0501  0.0881  0.0607  0.0575  0.0113  0.0000  0.0430  0.0000  0.0000  0.0000
 0.0000  0.0000  0.0000  0.0000  0.0000  0.0000  0.0000  1.0000  0.0000  0.0000  0.0000  0.0000  0.0000  0.0000  0.0000  0.0000  0.0000  0.0000  0.0000  0.0000  0.0000  0.0000  0.0000  0.0000  0.0000
 0.4002  0.0000  0.0010  0.1099  0.4373  0.0024  0.0129  0.0059  0.0031  0.0246  0.0059  0.0025  0.0111  1.0000  0.0317  0.0069  0.0156  0.0117  0.0066  0.0011  0.0000  0.0031  0.0000  0.0000  0.0000
 0.0000  0.0000  0.0000  0.0000  0.0000  0.0000  0.0000  0.0000  0.0000  0.0000  0.0000  0.0000  1.0000  0.0000  0.0000  0.0000  0.0000  0.0000  0.0000  0.0000  0.0000  0.0000  0.0000  0.0000  0.0000
 0.0023  0.0000  0.0007  0.0005  0.0006  0.0027  0.0009  0.0000  1.0000  0.0009  0.0146  0.0026  0.0006  0.0004  0.0003  0.0007  0.0009  0.0025  0.6103  0.0003  0.0000  0.0013  0.0000  0.0000  0.0000
 0.0048  0.0000  0.0016  0.0011  0.0014  0.0085  0.0021  0.0002  0.8263  0.0021  0.5622  0.0716  0.0014  0.0011  0.0010  0.0017  0.0020  0.0053  1.0000  0.0010  0.0000  0.0031  0.0000  0.0000  0.0000
 0.6212  0.0000  0.0448  0.0767  0.0875  0.0244  0.1074  0.0258  0.0974  1.0000  0.0915  0.0712  0.1112  0.1030  0.0776  0.0849  0.4778  0.8393  0.2134  0.0110  0.0000  0.0226  0.0000  0.0000  0.0000
 0.0039  0.0000  0.0010  0.0004  0.0009  0.0060  0.0006  0.0005  0.1436  0.0011  1.0000  0.0261  0.0007  0.0012  0.0012  0.0009  0.0010  0.0348  0.0792  0.0007  0.0000  0.0010  0.0000  0.0000  0.0000
 0.0230  0.0000  0.0449  0.0049  0.0317  0.0048  0.0168  0.2606  0.0097  1.0000  0.0230  0.0076  0.0230  0.0179  0.0538  0.2324  0.0191  0.0245  0.0129  0.0036  0.0000  0.0104  0.0000  0.0000  0.0000
 0.0083  0.0000  0.0001  0.3202  1.0000  0.0007  0.0031  0.0020  0.0010  0.0827  0.0019  0.0008  0.0034  0.0050  0.0461  0.0023  0.0042  0.0036  0.0019  0.0004  0.0000  0.0010  0.0000  0.0000  0.0000
 0.0076  0.0000  0.0018  0.0008  0.0724  0.0037  0.0011  0.0002  0.3352  0.0018  0.0204  0.0041  0.0010  0.0016  0.0009  0.0012  0.0018  0.0064  1.0000  0.0005  0.0000  0.0017  0.0000  0.0000  0.0000
 0.0043  0.0000  0.0012  0.0007  0.0010  0.0384  0.0011  0.0001  1.0000  0.0013  0.0195  0.0036  0.0008  0.0009  0.0005  0.0010  0.0013  0.1427  0.2933  0.0005  0.0000  0.0017  0.0000  0.0000  0.0000
 0.1700  0.0000  0.0220  0.0343  0.2066  0.1441  0.1140  0.1441  0.1104  1.0000  0.2726  0.1095  0.1483  0.1207  0.3437  0.8963  0.1332  0.1694  0.1198  0.0305  0.0000  0.0997  0.0000  0.0000  0.0000
 0.3378  0.0000  0.0424  1.0000  0.6343  0.0434  0.4685  0.1188  0.0411  0.2450  0.0843  0.0261  0.5004  0.5098  0.2162  0.1232  0.3516  0.1825  0.0764  0.0283  0.0000  0.0687  0.0000  0.0000  0.0000
 0.0785  0.0000  0.0103  0.0350  0.0532  0.0143  0.0976  0.0302  0.0199  0.1791  0.0459  0.0120  0.0404  0.3332  0.0669  1.0000  0.0542  0.0446  0.0289  0.0126  0.0000  0.0186  0.0000  0.0000  0.0000
 0.0326  0.0000  0.0014  0.0786  1.0000  0.0038  0.0206  0.0132  0.0057  0.5187  0.0118  0.0044  0.2877  0.0210  0.0674  0.0421  0.0230  0.0193  0.0094  0.0021  0.0000  0.0066  0.0000  0.0000  0.0000
 0.1554  0.0000  0.0286  0.3767  0.1186  0.2415  0.2934  0.0823  0.0203  0.1209  0.0348  0.0137  1.0000  0.0856  0.0816  0.0653  0.5680  0.2128  0.0361  0.0106  0.0000  0.0454  0.0000  0.0000  0.0000
 0.0613  0.0000  0.0149  1.0000  0.0915  0.0126  0.6069  0.2223  0.0061  0.0879  0.0136  0.0049  0.7022  0.0499  0.0590  0.0445  0.1689  0.0653  0.0101  0.0065  0.0000  0.0339  0.0000  0.0000  0.0000
 0.8489  0.0000  0.1388  0.6593  1.0000  0.4039  0.4693  0.4152  0.3690  0.8663  0.5676  0.2029  0.5502  0.3233  0.6183  0.5799  0.8156  0.6552  0.4806  0.1097  0.0000  0.5511  0.0000  0.0000  0.0000
 0.0044  0.0000  0.0011  0.0005  0.0010  0.0080  0.0008  0.0006  0.0181  0.0012  1.0000  0.0097  0.0008  0.0015  0.0016  0.0011  0.0011  0.0028  0.2741  0.0010  0.0000  0.0013  0.0000  0.0000  0.0000
 0.3146  0.0000  0.0151  0.0105  0.0131  0.5428  0.0319  0.0115  0.0415  0.0103  0.0940  0.0217  0.0101  0.0199  0.0088  0.0100  0.0803  0.0261  0.0463  0.0760  0.0000  1.0000  0.0000  0.0000  0.0000
 0.0145  0.0000  0.0038  0.0018  0.0037  1.0000  0.0029  0.0028  0.4321  0.0049  0.6782  0.0476  0.0035  0.0061  0.0073  0.0048  0.0043  0.0086  0.0438  0.0063  0.0000  0.0124  0.0000  0.0000  0.0000
 0.0071  0.0000  0.0017  0.0008  0.0014  0.0036  0.0011  0.0002  0.7820  0.0017  0.0201  0.0040  0.0010  0.0014  0.0008  0.0012  0.0017  0.1009  1.0000  0.0005  0.0000  0.0017  0.0000  0.0000  0.0000
 0.0282  0.0000  0.2582  0.0057  0.0078  1.0000  0.0085  0.0047  0.0463  0.0031  0.1096  0.0228  0.0036  0.0104  0.0029  0.0033  0.0592  0.0173  0.0445  0.0985  0.0000  0.5771  0.0000  0.0000  0.0000
 0.0000  0.0000  0.0000  0.0000  1.0000  0.0000  0.0000  0.0000  0.0000  0.0000  0.0000  0.0000  0.0000  0.0000  0.0000  0.0000  0.0000  0.0000  0.0000  0.0000  0.0000  0.0000  0.0000  0.0000  0.0000
 0.1662  0.0000  0.0527  0.1569  0.1102  0.2127  0.1617  0.1967  0.1648  0.1466  1.0000  0.0998  0.3098  0.0775  0.1127  0.1398  0.1651  0.1347  0.1663  0.0527  0.0000  0.8740  0.0000  0.0000  0.0000
 0.0000  0.0000  0.0000  0.0000  0.0000  0.0000  0.0000  0.0000  0.0000  0.0000  0.0000  1.0000  0.0000  0.0000  0.0000  0.0000  0.0000  0.0000  0.0000  0.0000  0.0000  0.0000  0.0000  0.0000  0.0000
 0.0230  0.0000  0.0004  1.0000  0.7431  0.0021  0.0095  0.0058  0.0027  0.4115  0.0051  0.0021  0.0112  0.0140  0.0303  0.0065  0.0122  0.0102  0.0053  0.0010  0.0000  0.0029  0.0000  0.0000  0.0000
 0.6221  0.0000  0.1734  0.1346  0.1992  0.0623  0.1835  0.0425  0.2962  0.1568  0.2719  0.1461  0.1787  0.1939  0.1153  0.1005  0.7101  1.0000  0.6036  0.0211  0.0000  0.0432  0.0000  0.0000  0.0000
 0.0028  0.0000  0.0007  0.2824  0.0043  0.0006  0.0100  0.0030  0.0003  0.0040  0.0007  0.0002  1.0000  0.0023  0.0027  0.0020  0.0075  0.0030  0.0005  0.0003  0.0000  0.0015  0.0000  0.0000  0.0000
 0.0030  0.0000  0.0008  0.0004  0.0008  0.0078  0.0006  0.0006  0.3288  0.0010  1.0000  0.0095  0.0007  0.0012  0.0015  0.0010  0.0008  0.0018  0.0095  0.0009  0.0000  0.0011  0.0000  0.0000  0.0000
 0.0059  0.0000  0.0048  0.0112  0.0056  0.0037  0.0162  0.2758  0.0031  0.0063  0.0054  0.0015  0.0105  0.0064  0.0044  0.0068  0.0063  0.0051  0.0041  0.0026  0.0000  1.0000  0.0000  0.0000  0.0000
 0.0178  0.0000  0.0003  0.2683  0.4954  0.0016  0.0072  0.0233  0.0021  0.0181  0.0039  0.0016  0.0085  0.0108  1.0000  0.0049  0.0094  0.0079  0.0041  0.0008  0.0000  0.0022  0.0000  0.0000  0.0000
 0.0078  0.0000  0.0020  0.0009  0.0016  0.0069  0.0014  0.0004  0.4097  0.0021  1.0000  0.0078  0.0013  0.0018  0.0013  0.0016  0.0020  0.0650  0.2255  0.0008  0.0000  0.0022  0.0000  0.0000  0.0000
 0.0159  0.0000  0.0042  0.0033  0.0039  0.0209  0.0852  0.0009  1.0000  0.0059  0.1115  0.5511  0.0041  0.0039  0.0029  0.0050  0.0091  0.0514  0.2289  0.0026  0.0000  0.0083  0.0000  0.0000  0.0000
 0.0131  0.0000  0.0236  0.1123  0.0169  0.0024  0.0136  0.0105  0.0045  0.9059  0.0104  0.0035  0.0194  0.0094  0.0249  1.0000  0.0135  0.0129  0.0062  0.0017  0.0000  0.0053  0.0000  0.0000  0.0000
 0.0765  0.0000  0.0081  1.0000  0.5692  0.0097  0.5184  0.0407  0.0092  0.1617  0.0177  0.0068  0.1873  0.0490  0.0823  0.0356  0.6371  0.0527  0.0166  0.0048  0.0000  0.0204  0.0000  0.0000  0.0000
 0.0133  0.0000  0.0019  0.0203  0.0388  0.0025  0.0184  0.0107  0.0041  0.0594  0.0090  0.0031  0.3404  0.0098  0.0222  1.0000  0.0207  0.0912  0.0058  0.0017  0.0000  0.0055  0.0000  0.0000  0.0000
 0.3244  0.0000  0.0266  0.4048  0.4778  0.0383  0.2578  0.1734  0.0868  0.3971  0.1913  0.0492  0.6211  0.1195  1.0000  0.6192  0.3143  0.2466  0.1731  0.0119  0.0000  0.0416  0.0000  0.0000  0.0000
 0.5622  0.0000  0.1514  0.1894  0.2837  0.5945  0.3010  0.6447  0.3437  0.9521  0.5902  0.1949  0.2910  0.1958  0.3157  0.4926  0.4206  0.3658  0.4706  0.1588  0.0000  1.0000  0.0000  0.0000  0.0000
 0.8421  0.0000  0.1168  0.2578  0.5142  0.2950  0.4190  0.2206  0.4431  0.8304  1.0000  0.2580  0.2496  0.3062  0.4098  0.6791  0.4602  0.3893  0.5446  0.0723  0.0000  0.2653  0.0000  0.0000  0.0000
 0.0190  0.0000  0.0049  0.0023  0.0050  0.9511  0.0039  0.0039  0.0952  0.0994  1.0000  0.0888  0.0047  0.0080  0.0100  0.0069  0.0054  0.0110  0.0523  0.0060  0.0000  0.0065  0.0000  0.0000  0.0000
 0.2772  0.0000  0.0380  0.1093  0.1517  0.0200  0.0824  0.0274  0.0553  0.0998  0.0565  0.0288  0.2192  0.4625  0.0747  0.0602  1.0000  0.9503  0.0898  0.0122  0.0000  0.0231  0.0000  0.0000  0.0000
 0.0075  0.0000  0.0001  0.3013  1.0000  0.0007  0.0029  0.0019  0.0009  0.0777  0.0017  0.0007  0.0034  0.0046  0.0099  0.0021  0.0039  0.0033  0.0017  0.0003  0.0000  0.0009  0.0000  0.0000  0.0000
 0.7220  0.0000  0.0314  0.8280  0.7542  0.0293  0.2237  0.0714  0.1096  1.0000  0.1769  0.0620  0.3647  0.1612  0.3458  0.3587  0.9455  0.4851  0.1672  0.0101  0.0000  0.0223  0.0000  0.0000  0.0000
 0.3889  0.0000  0.0226  0.5363  1.0000  0.0331  0.1782  0.1695  0.0846  0.5877  0.1383  0.0497  0.2250  0.1619  0.3485  0.2271  0.3202  0.2692  0.2011  0.0122  0.0000  0.0347  0.0000  0.0000  0.0000
 0.0110  0.0000  0.3420  0.0016  0.0024  0.0091  0.0027  0.0003  1.0000  0.0033  0.1036  0.0094  0.0020  0.0022  0.0014  0.0025  0.0032  0.0104  0.4393  0.0011  0.0000  0.0040  0.0000  0.0000  0.0000
 0.0117  0.0000  0.0011  0.0021  0.0163  0.0024  0.0083  0.0104  0.0050  0.1561  0.0118  0.1769  0.0113  0.0092  0.0758  1.0000  0.0097  0.0820  0.0067  0.0018  0.0000  0.0053  0.0000  0.0000  0.0000
 0.2310  0.0000  0.0801  0.1069  0.1272  0.3965  0.1585  0.5964  0.1811  0.1378  0.3417  0.1021  1.0000  0.0944  0.1356  0.1607  0.1879  0.1792  0.2278  0.0834  0.0000  0.7078  0.0000  0.0000  0.0000
 0.0115  0.0000  0.0057  0.0019  0.0030  1.0000  0.0021  0.0006  0.5033  0.0004  0.1484  0.0126  0.0004  0.0044  0.0005  0.0005  0.0080  0.0073  0.0231  0.5394  0.0000  0.8051  0.0000  0.0000  0.0000
 0.0339  0.0000  0.3277  0.0035  0.0077  0.0683  0.0054  0.0053  0.1351  0.0098  0.7031  1.0000  0.0067  0.0124  0.0139  0.0092  0.0085  0.0204  0.1117  0.0081  0.0000  0.0090  0.0000  0.0000  0.0000
 0.0024  0.0000  0.0012  0.0004  0.0006  0.3334  0.0004  0.0000  0.0053  0.0000  0.0128  0.0026  0.0000  0.0009  0.0000  0.0000  0.0017  0.0015  0.1410  0.0118  0.0000  1.0000  0.0000  0.0000  0.0000
 0.0000  0.0000  0.0000  0.0000  0.0000  0.0000  0.0000  0.0000  0.0000  0.0000  0.0000  0.0000  0.0000  0.0000  1.0000  0.0000  0.0000  0.0000  0.0000  0.0000  0.0000  0.0000  0.0000  0.0000  0.0000
 0.0069  0.0000  0.0021  0.0013  0.0019  0.0142  0.0024  0.0007  0.8421  0.0027  1.0000  0.0892  0.0018  0.0021  0.0022  0.0024  0.0025  0.0063  0.3680  0.0017  0.0000  0.0036  0.0000  0.0000  0.0000
 0.0223  0.0000  0.3178  0.0028  0.0056  0.3541  0.0047  0.0040  0.1012  0.0067  1.0000  0.0662  0.0048  0.0091  0.0101  0.0067  0.0072  0.0128  0.0580  0.0157  0.0000  0.0459  0.0000  0.0000  0.0000
 0.0105  0.0000  0.0010  0.0019  0.0147  0.0022  0.0075  0.0094  0.0045  0.5203  0.0106  0.0035  0.0102  0.0083  1.0000  0.4501  0.0086  0.0113  0.0060  0.0017  0.0000  0.0047  0.0000  0.0000  0.0000
 0.1446  0.0000  0.0035  0.0030  0.0032  0.0013  1.0000  0.0007  0.0015  0.0035  0.0033  0.0016  0.0027  0.0087  0.0024  0.0025  0.3743  0.0062  0.0057  0.0005  0.0000  0.0010  0.0000  0.0000  0.0000
 0.0000  0.0000  0.0000  0.0000  0.0000  0.0000  0.0000  0.0000  0.0000  0.0000  1.0000  0.0000  0.0000  0.0000  0.0000  0.0000  0.0000  0.0000  0.0000  0.0000  0.0000  0.0000  0.0000  0.0000  0.0000
 0.5001  0.0000  0.0155  0.6546  1.0000  0.0237  0.1667  0.0646  0.0423  0.3813  0.0744  0.0288  0.1935  0.1445  0.2827  0.1134  0.2651  0.1580  0.0764  0.0105  0.0000  0.0312  0.0000  0.0000  0.0000
 0.0188  0.0000  0.0066  0.0100  0.0107  0.5069  0.0142  0.6117  0.0151  0.0121  0.0270  0.0086  0.0138  0.0080  0.0112  0.0136  0.0155  0.0145  0.0183  0.0068  0.0000  1.0000  0.0000  0.0000  0.0000
 0.0091  0.0000  0.0025  0.0014  0.0021  0.0095  0.0025  0.0003  0.7642  0.0029  0.0515  1.0000  0.0018  0.0020  0.0014  0.0023  0.0029  0.0087  0.4924  0.0012  0.0000  0.0037  0.0000  0.0000  0.0000
 0.0075  0.0000  0.0019  0.0092  0.0059  0.0023  0.0170  1.0000  0.0024  0.0076  0.0051  0.0010  0.0072  0.0665  0.0042  0.0067  0.0066  0.0046  0.0031  0.0021  0.0000  0.0025  0.0000  0.0000  0.0000
 0.0419  0.0000  0.0041  0.0147  0.0581  0.0082  0.0318  0.0350  0.0169  1.0000  0.0394  0.0131  0.3141  0.0315  0.5748  0.8671  0.6169  0.0445  0.0226  0.0061  0.0000  0.0175  0.0000  0.0000  0.0000
 0.4599  0.0000  0.0352  0.4736  0.2638  0.0435  0.4024  0.4746  0.0518  0.7368  0.1168  0.0398  1.0000  0.1515  0.2947  0.7704  0.3417  0.2065  0.0763  0.0250  0.0000  0.0965  0.0000  0.0000  0.0000
 0.0049  0.0000  0.0011  0.0230  0.0067  0.0009  1.0000  0.0198  0.0005  0.0065  0.0010  0.0004  0.2514  0.0037  0.0043  0.0033  0.0585  0.0049  0.0008  0.0005  0.0000  0.0025  0.0000  0.0000  0.0000
 0.0380  0.0000  0.0158  0.0087  0.0113  0.8114  0.0151  0.0023  1.0000  0.0114  0.2739  0.0510  0.0079  0.0104  0.0044  0.0098  0.0219  0.0375  0.9130  0.0767  0.0000  0.8706  0.0000  0.0000  0.0000
 0.0028  0.0000  0.0009  0.0004  0.0007  1.0000  0.0006  0.0004  0.0113  0.0007  0.2995  0.0072  0.0005  0.0012  0.0010  0.0007  0.0011  0.0016  0.0069  0.0046  0.0000  0.0170  0.0000  0.0000  0.0000
 0.0000  0.0000  0.0000  0.0000  0.0000  0.0000  0.0000  1.0000  0.0000  0.0000  0.0000  0.0000  0.0000  0.0000  0.0000  0.0000  0.0000  0.0000  0.0000  0.0000  0.0000  0.0000  0.0000  0.0000  0.0000
 0.0000  0.0000  0.0000  0.0000  0.0000  0.0000  0.0000  0.0000  0.0000  0.0000  0.0000  0.0000  0.0000  0.0000  0.0000  1.0000  0.0000  0.0000  0.0000  0.0000  0.0000  0.0000  0.0000  0.0000  0.0000
 0.0000  0.0000  0.0000  1.0000  0.0000  0.0000  0.0000  0.0000  0.0000  0.0000  0.0000  0.0000  0.0000  0.0000  0.0000  0.0000  0.0000  0.0000  0.0000  0.0000  0.0000  0.0000  0.0000  0.0000  0.0000
 0.0062  0.0000  0.0016  0.0008  0.0015  0.0135  0.0014  0.0009  0.1275  0.0021  1.0000  0.2656  0.0014  0.0022  0.0025  0.0019  0.0018  0.0044  0.4461  0.0016  0.0000  0.0022  0.0000  0.0000  0.0000
 0.0000  0.0000  0.0000  0.0000  0.0000  0.0000  0.0000  0.0000  0.0000  1.0000  0.0000  0.0000  0.0000  0.0000  0.0000  0.0000  0.0000  0.0000  0.0000  0.0000  0.0000  0.0000  0.0000  0.0000  0.0000
 0.0000  0.0000  0.0000  0.0000  0.0000  0.0000  0.0000  0.0000  0.0000  0.0000  0.0000  0.0000  0.0000  1.0000  0.0000  0.0000  0.0000  0.0000  0.0000  0.0000  0.0000  0.0000  0.0000  0.0000  0.0000
 0.0209  0.0000  0.0015  0.0310  1.0000  0.0016  0.0126  0.0035  0.0020  0.0126  0.0038  0.0015  0.0099  0.0096  0.0143  0.0047  0.2720  0.0099  0.0044  0.0008  0.0000  0.0021  0.0000  0.0000  0.0000
 0.0000  0.0000  0.0000  0.0000  0.0000  0.0000  0.0000  0.0000  0.0000  0.0000  0.0000  0.0000  1.0000  0.0000  0.0000  0.0000  0.0000  0.0000  0.0000  0.0000  0.0000  0.0000  0.0000  0.0000  0.0000
 0.0029  0.0000  0.0008  0.0004  0.0008  0.0079  0.0006  0.0006  0.2723  0.0010  1.0000  0.0580  0.0007  0.0012  0.0015  0.0010  0.0008  0.0017  0.0086  0.0009  0.0000  0.0010  0.0000  0.0000  0.0000
 0.0020  0.0000  0.0005  0.0003  0.0005  0.0777  0.0004  0.0004  0.0094  0.0006  1.0000  0.0062  0.0004  0.0008  0.0009  0.0006  0.0006  0.0011  0.0053  0.0012  0.0000  0.0033  0.0000  0.0000  0.0000
 0.0083  0.0000  0.0025  0.0015  0.0022  0.0148  0.0027  0.0007  0.3777  0.0031  0.4949  0.5097  0.0021  0.0023  0.0023  0.0027  0.0029  0.0077  1.0000  0.0018  0.0000  0.0041  0.0000  0.0000  0.0000
 0.2919  0.0000  0.0592  0.6891  0.2425  0.0410  0.6515  0.1551  0.0564  0.4954  0.0752  0.0334  1.0000  0.1775  0.1814  0.1634  0.8458  0.8861  0.0920  0.0229  0.0000  0.0857  0.0000  0.0000  0.0000
 0.8329  0.0000  0.0501  0.6397  0.9401  0.0468  0.3827  0.1149  0.1743  1.0000  0.2814  0.0987  0.4847  0.3850  0.6782  0.5073  0.6968  0.5353  0.2658  0.0162  0.0000  0.0363  0.0000  0.0000  0.0000
 0.0233  0.0000  0.0051  1.0000  0.5899  0.0045  0.3484  0.0235  0.0024  0.0324  0.0052  0.0019  0.6071  0.0184  0.0231  0.0159  0.1157  0.0234  0.0040  0.0023  0.0000  0.0118  0.0000  0.0000  0.0000
 0.0955  0.0000  0.4784  0.0060  0.0154  0.0224  0.0039  0.0035  0.5297  0.0165  0.6541  0.0317  0.0084  0.0201  0.0111  0.0101  0.0162  0.3108  1.0000  0.0031  0.0000  0.0083  0.0000  0.0000  0.0000
 0.0075  0.0000  0.0024  0.0016  0.0021  0.0122  0.0031  0.0004  0.6295  0.0031  1.0000  0.0127  0.0020  0.0017  0.0015  0.0026  0.0030  0.0080  0.7203  0.0015  0.0000  0.0045  0.0000  0.0000  0.0000
 0.0000  0.0000  0.0000  0.0000  0.0000  0.0000  0.0000  0.0000  0.0000  1.0000  0.0000  0.0000  0.0000  0.0000  0.0000  0.0000  0.0000  0.0000  0.0000  0.0000  0.0000  0.0000  0.0000  0.0000  0.0000
 0.0028  0.0000  0.0009  0.0006  0.0008  0.0049  0.0011  0.0002  1.0000  0.0011  0.4682  0.0052  0.0007  0.0007  0.0007  0.0010  0.0011  0.0028  0.1339  0.0006  0.0000  0.0016  0.0000  0.0000  0.0000
 1.0000  0.0000  0.0053  0.0044  0.0049  0.0021  0.7288  0.0010  0.0023  0.0053  0.0052  0.0024  0.0038  0.0134  0.0036  0.0038  0.0270  0.0091  0.0087  0.0008  0.0000  0.0016  0.0000  0.0000  0.0000
 0.0000  0.0000  0.0000  1.0000  0.0000  0.0000  0.0000  0.0000  0.0000  0.0000  0.0000  0.0000  0.0000  0.0000  0.0000  0.0000  0.0000  0.0000  0.0000  0.0000  0.0000  0.0000  0.0000  0.0000  0.0000
 0.0013  0.0000  0.0005  0.0002  0.0003  1.0000  0.0003  0.0001  0.0041  0.0002  0.0673  0.0025  0.0002  0.0005  0.0003  0.0002  0.0006  0.0008  0.0028  0.0034  0.0000  0.0134  0.0000  0.0000  0.0000
 0.0126  0.0000  0.0020  0.0061  0.0038  0.0015  1.0000  0.0021  0.0016  0.0061  0.0034  0.0009  0.0055  0.0071  0.0032  0.0610  0.0080  0.0039  0.0030  0.0012  0.0000  0.0017  0.0000  0.0000  0.0000
 0.0847  0.0000  0.0121  0.0131  0.0139  0.0558  0.0442  0.0066  0.0917  0.0178  1.0000  0.0604  0.0152  0.0283  0.0163  0.0149  0.2897  0.0415  0.0630  0.0088  0.0000  0.0150  0.0000  0.0000  0.0000
 1.0000  0.0000  0.3305  0.0040  0.0060  0.0032  0.0258  0.0013  0.0154  0.0064  0.0137  0.0049  0.0038  0.0142  0.0045  0.0043  0.0255  0.0173  0.0857  0.0009  0.0000  0.0018  0.0000  0.0000  0.0000
 0.0000  0.0000  0.0000  0.0000  0.0000  0.0000  0.0000  0.0000  0.0000  0.0000  0.0000  0.0000  0.0000  0.0000  0.0000  1.0000  0.0000  0.0000  0.0000  0.0000  0.0000  0.0000  0.0000  0.0000  0.0000
 0.1970  0.0000  0.0273  0.1029  1.0000  0.0147  0.0702  0.0191  0.0366  0.0689  0.0389  0.0200  0.0971  0.0778  0.0621  0.0372  0.7823  0.8163  0.0642  0.0086  0.0000  0.0166  0.0000  0.0000  0.0000
 0.0317  0.0000  0.0074  0.0030  0.0059  0.0142  0.0037  0.0011  0.6606  0.1123  0.4653  0.0164  0.0039  0.0066  0.0038  0.0048  0.0069  0.3705  1.0000  0.0018  0.0000  0.0061  0.0000  0.0000  0.0000
 0.5029  0.0000  0.1778  0.2136  0.2674  0.6782  0.3311  0.5198  0.3763  0.2892  0.6207  0.2112  0.3451  0.2015  0.2859  0.4005  0.4888  0.3957  0.4815  0.1765  0.0000  1.0000  0.0000  0.0000  0.0000
 0.0224  0.0000  0.0022  0.0201  0.2965  0.0016  0.0152  0.0030  0.0020  0.0091  0.0036  0.0015  0.0108  0.0088  0.0089  0.0043  1.0000  0.0130  0.0046  0.0008  0.0000  0.0020  0.0000  0.0000  0.0000
 0.3109  0.0000  0.0228  0.2444  0.5023  0.0240  0.1618  0.0673  0.0811  1.0000  0.1381  0.0480  0.2596  0.1233  0.7732  0.5063  0.5636  0.6706  0.1218  0.0103  0.0000  0.0253  0.0000  0.0000  0.0000
 0.1103  0.0000  0.0074  0.6596  0.4255  0.0113  0.1033  0.0374  0.0121  0.1037  0.0235  0.0092  0.1359  1.0000  0.5420  0.0374  0.0963  0.0573  0.0238  0.0057  0.0000  0.0195  0.0000  0.0000  0.0000
 0.1798  0.0000  0.0434  0.0703  0.0569  0.7491  0.1992  0.0270  0.0949  0.0594  0.2310  0.0495  0.0420  1.0000  0.0385  0.0579  0.1050  0.0692  0.1018  0.1244  0.0000  0.4346  0.0000  0.0000  0.0000
 0.0030  0.0000  0.0015  0.0005  0.0008  0.2448  0.0005  0.0000  0.0067  0.0000  0.0163  0.3077  0.0000  0.0012  0.0000  0.0000  0.0021  0.0019  0.0061  0.0147  0.0000  1.0000  0.0000  0.0000  0.0000
 0.0061  0.0000  0.0012  0.0018  0.0014  0.0012  0.0024  0.0006  0.0027  0.0020  0.0041  0.0569  0.0030  0.0025  0.0015  0.0014  0.0123  1.0000  0.0041  0.0004  0.0000  0.0009  0.0000  0.0000  0.0000
 0.0089  0.0000  0.0002  0.5054  1.0000  0.0008  0.0039  0.0023  0.0011  0.0090  0.0020  0.0008  0.0045  0.0055  0.0117  0.0025  0.0048  0.0040  0.0021  0.0004  0.0000  0.0012  0.0000  0.0000  0.0000
 0.0000  0.0000  0.0000  0.0000  0.0000  0.0000  0.0000  0.0000  0.0000  0.0000  0.0000  0.0000  0.0000  0.0000  0.0000  0.0000  0.0000  0.0000  0.0000  0.0000  0.0000  1.0000  0.0000  0.0000  0.0000
 0.0207  0.0000  0.0012  0.0004  0.0009  0.0019  0.0005  0.0002  0.3480  0.0010  0.0105  0.0022  0.0006  0.0011  0.0006  0.0007  0.0011  0.0041  1.0000  0.0002  0.0000  0.0008  0.0000  0.0000  0.0000
 0.2199  0.0000  0.0258  0.0261  0.0258  0.0149  0.1078  0.0074  0.0379  0.0300  0.0422  0.0160  0.0306  0.0591  0.0212  0.0211  1.0000  0.1280  0.3141  0.0054  0.0000  0.0115  0.0000  0.0000  0.0000
 0.0000  0.0000  0.0000  0.0000  0.0000  0.0000  0.0000  0.0000  0.0000  0.0000  0.0000  0.0000  0.0000  0.0000  0.0000  0.0000  0.0000  1.0000  0.0000  0.0000  0.0000  0.0000  0.0000  0.0000  0.0000
 0.0000  0.0000  0.0000  0.0000  0.0000  0.0000  0.0000  0.0000  0.0000  0.0000  0.0000  0.0000  0.0000  0.0000  0.0000  1.0000  0.0000  0.0000  0.0000  0.0000  0.0000  0.0000  0.0000  0.0000  0.0000
 0.0000  0.0000  0.0000  0.0000  0.0000  0.0000  0.0000  0.0000  0.0000  0.0000  0.0000  0.0000  0.0000  0.0000  0.0000  0.0000  0.0000  0.0000  0.0000  1.0000  0.0000  0.0000  0.0000  0.0000  0.0000
 0.0000  0.0000  0.0000  0.0000  0.0000  0.0000  0.0000  0.0000  0.0000  0.0000  0.0000  0.0000  0.0000  0.0000  0.0000  0.0000  0.0000  0.0000  0.0000  0.0000  0.0000  1.0000  0.0000  0.0000  0.0000
 0.0024  0.0000  0.0003  0.0008  0.0031  0.0005  0.0021  0.0019  0.0010  0.0143  0.0022  0.0007  0.0022  0.0020  0.0608  1.0000  0.0019  0.0023  0.0013  0.0004  0.0000  0.0010  0.0000  0.0000  0.0000
 1.0000  0.0000  0.0000  0.0000  0.0000  0.0000  0.0000  0.0000  0.0000  0.0000  0.0000  0.0000  0.0000  0.0000  0.0000  0.0000  0.0000  0.0000  0.0000  0.0000  0.0000  0.0000  0.0000  0.0000  0.0000
 0.0000  0.0000  0.0000  0.0000  0.0000  0.0000  0.0000  0.0000  0.0000  0.0000  0.0000  0.0000  0.0000  1.0000  0.0000  0.0000  0.0000  0.0000  0.0000  0.0000  0.0000  0.0000  0.0000  0.0000  0.0000
 0.0000  0.0000  0.0000  0.0000  1.0000  0.0000  0.0000  0.0000  0.0000  0.0000  0.0000  0.0000  0.0000  0.0000  0.0000  0.0000  0.0000  0.0000  0.0000  0.0000  0.0000  0.0000  0.0000  0.0000  0.0000
 0.0502  0.0000  0.4075  0.0029  0.0080  0.0186  0.0024  0.0025  0.0906  0.0085  0.4515  0.0254  0.0045  0.0115  0.0073  0.0056  0.0088  0.0347  1.0000  0.0025  0.0000  0.0042  0.0000  0.0000  0.0000
 0.0000  0.0000  0.0000  0.0000  0.0000  0.0000  0.0000  0.0000  0.0000  0.0000  1.0000  0.0000  0.0000  0.0000  0.0000  0.0000  0.0000  0.0000  0.0000  0.0000  0.0000  0.0000  0.0000  0.0000  0.0000
 0.0000  0.0000  0.0000  0.0000  0.0000  0.0000  0.0000  0.0000  0.0000  0.0000  1.0000  0.0000  0.0000  0.0000  0.0000  0.0000  0.0000  0.0000  0.0000  0.0000  0.0000  0.0000  0.0000  0.0000  0.0000
 0.1657  0.0000  0.0225  0.1314  0.1949  0.0303  0.1532  0.1203  0.0596  0.7987  0.1241  0.0433  0.5504  0.1190  0.7228  1.0000  0.2637  0.6599  0.0830  0.0214  0.0000  0.0630  0.0000  0.0000  0.0000
 0.2952  0.0000  0.2991  0.6709  0.1413  0.0248  0.3681  0.0941  0.0239  0.1416  0.0395  0.0172  0.5803  0.1128  0.0968  0.0760  1.0000  0.2639  0.0500  0.0126  0.0000  0.0521  0.0000  0.0000  0.0000
 0.2504  0.0000  0.0348  0.1194  0.0566  0.0189  0.4339  0.0294  0.0320  0.0686  0.0407  0.0201  0.1576  0.0888  0.0495  0.0427  1.0000  0.4877  0.0647  0.0094  0.0000  0.1396  0.0000  0.0000  0.0000
 0.5682  0.0000  0.1796  0.2527  0.3622  0.7170  0.3558  0.5468  0.4048  0.3590  0.6705  0.2269  0.3442  0.2235  0.3361  0.3846  0.4613  0.4376  0.5351  0.1847  0.0000  1.0000  0.0000  0.0000  0.0000
 0.0000  0.0000  0.0000  0.0000  0.0000  0.0000  0.0000  0.0000  0.0000  0.0000  0.0000  0.0000  0.0000  0.0000  0.0000  0.0000  0.0000  0.0000  0.0000  0.0000  0.0000  1.0000  0.0000  0.0000  0.0000
 0.0340  0.0000  0.0068  0.0317  0.0132  0.0037  0.1610  0.0076  0.0086  0.0168  0.0086  0.0045  0.1806  0.0176  0.0125  0.0100  0.6537  1.0000  0.0139  0.0023  0.0000  0.0054  0.0000  0.0000  0.0000
 1.0000  0.0000  0.1072  0.1028  0.1173  0.2246  0.4828  0.0975  0.1052  0.1271  0.1936  0.0734  0.1157  0.2793  0.1016  0.1111  0.7246  0.2656  0.2161  0.0554  0.0000  0.3506  0.0000  0.0000  0.0000
 1.0000  0.0000  0.0547  0.0608  0.0917  0.0249  0.2768  0.0274  0.0493  0.5092  0.0780  0.0329  0.0703  0.4079  0.0838  0.1381  0.3283  0.2726  0.1288  0.0108  0.0000  0.0245  0.0000  0.0000  0.0000
 0.0047  0.0000  0.0014  0.0009  0.0012  0.0057  0.0017  0.0001  1.0000  0.0017  0.0305  0.4209  0.0011  0.0010  0.0007  0.0014  0.0017  0.0050  0.4146  0.0007  0.0000  0.0024  0.0000  0.0000  0.0000
 0.0000  0.0000  0.0000  1.0000  0.0000  0.0000  0.0000  0.0000  0.0000  0.0000  0.0000  0.0000  0.0000  0.0000  0.0000  0.0000  0.0000  0.0000  0.0000  0.0000  0.0000  0.0000  0.0000  0.0000  0.0000
 0.1283  0.0000  0.0060  0.0026  0.0051  0.0266  0.0038  0.0019  1.0000  0.0064  0.8112  0.9009  0.0040  0.0065  0.0056  0.0051  0.0059  0.0191  0.5420  0.0032  0.0000  0.0061  0.0000  0.0000  0.0000
 0.0000  0.0000  0.0000  0.0000  0.0000  0.0000  0.0000  0.0000  0.0000  0.0000  0.0000  0.0000  0.0000  0.0000  0.0000  0.0000  0.0000  0.0000  0.0000  1.0000  0.0000  0.0000  0.0000  0.0000  0.0000
 1.0000  0.0000  0.0038  0.0031  0.0035  0.0015  0.0212  0.0007  0.0018  0.0038  0.0037  0.0018  0.0029  0.0096  0.0027  0.0027  0.8414  0.0083  0.0064  0.0006  0.0000  0.0012  0.0000  0.0000  0.0000
 0.3625  0.0000  0.0110  0.0032  0.0084  0.0071  0.0064  0.0021  0.0553  0.0085  0.0435  0.3867  0.0042  0.0133  0.0064  0.0050  0.0129  0.0370  1.0000  0.0012  0.0000  0.0022  0.0000  0.0000  0.0000
 0.0129  0.0000  0.0164  0.0026  0.0018  0.0012  1.0000  0.0009  0.0011  0.0014  0.0019  0.0008  0.0022  0.0037  0.0013  0.0016  0.0066  0.0028  0.0027  0.0007  0.0000  0.0013  0.0000  0.0000  0.0000
 0.7235  0.0000  1.0000  0.0095  0.0104  0.0054  0.0620  0.0024  0.0057  0.0114  0.0115  0.0053  0.0090  0.0281  0.0080  0.0082  0.3604  0.0253  0.0194  0.0018  0.0000  0.1117  0.0000  0.0000  0.0000
 0.0039  0.0000  0.0011  0.0006  0.0009  0.0032  0.0010  0.0001  1.0000  0.0690  0.0175  0.0033  0.0007  0.0008  0.0005  0.0010  0.0012  0.0038  0.2914  0.0004  0.0000  0.0015  0.0000  0.0000  0.0000
 0.0097  0.0000  0.0025  0.0012  0.0025  0.3897  0.0019  0.0020  0.1447  0.0033  1.0000  0.8883  0.0024  0.0041  0.0051  0.0033  0.0027  0.0056  0.0270  0.0031  0.0000  0.0035  0.0000  0.0000  0.0000
 1.0000  0.0000  0.0742  0.0709  0.0746  0.2552  0.4969  0.0410  0.0640  0.0787  0.1346  0.0473  0.0706  0.1671  0.0585  0.0631  0.3434  0.1322  0.1412  0.0553  0.0000  0.3489  0.0000  0.0000  0.0000
 0.0000  0.0000  0.0000  0.0000  1.0000  0.0000  0.0000  0.0000  0.0000  0.0000  0.0000  0.0000  0.0000  0.0000  0.0000  0.0000  0.0000  0.0000  0.0000  0.0000  0.0000  0.0000  0.0000  0.0000  0.0000
 0.0112  0.0000  0.0029  0.0014  0.0025  0.0149  0.0022  0.0009  0.6848  0.0033  1.0000  0.1931  0.0021  0.0031  0.0028  0.0027  0.0030  0.1105  0.2100  0.0018  0.0000  0.0035  0.0000  0.0000  0.0000
 0.6471  0.0000  0.0484  0.0479  0.0677  1.0000  0.0766  0.1209  0.3537  0.0743  0.8648  0.6244  0.0737  0.0600  0.0812  0.0858  0.0959  0.1088  0.2754  0.0560  0.0000  0.7594  0.0000  0.0000  0.0000
 0.0075  0.0000  0.0015  0.0031  0.0019  0.0008  0.0024  0.0009  0.0021  0.0029  0.0020  0.0011  0.0056  0.0037  0.0023  0.0018  0.4602  1.0000  0.0034  0.0005  0.0000  0.0009  0.0000  0.0000  0.0000
 0.0345  0.0000  0.0073  0.0053  0.0122  0.1322  0.0252  0.0097  0.1117  0.0334  1.0000  0.0741  0.0110  0.0145  0.0210  0.2318  0.0145  0.0190  0.0644  0.0081  0.0000  0.0129  0.0000  0.0000  0.0000
 0.0204  0.0000  0.0019  0.0067  0.1872  0.0038  0.0139  0.0857  0.0081  0.2866  0.0186  0.0062  0.0189  0.0148  0.5947  1.0000  0.2201  0.0208  0.0109  0.0028  0.0000  0.0080  0.0000  0.0000  0.0000
 0.0000  0.0000  0.0000  0.0000  0.0000  0.0000  0.0000  0.0000  0.0000  0.0000  0.0000  0.0000  0.0000  1.0000  0.0000  0.0000  0.0000  0.0000  0.0000  0.0000  0.0000  0.0000  0.0000  0.0000  0.0000
 0.0017  0.0000  0.0004  0.0002  0.0004  0.0045  0.0003  0.0003  0.0673  0.0006  1.0000  0.0054  0.0004  0.0007  0.0009  0.0006  0.0005  0.0010  0.0048  0.0005  0.0000  0.0006  0.0000  0.0000  0.0000
 0.0000  0.0000  0.0000  0.0000  0.0000  1.0000  0.0000  0.0000  0.0000  0.0000  0.0000  0.0000  0.0000  0.0000  0.0000  0.0000  0.0000  0.0000  0.0000  0.0000  0.0000  0.0000  0.0000  0.0000  0.0000
 0.0000  0.0000  0.0000  0.0000  0.0000  0.0000  0.0000  0.0000  0.0000  0.0000  0.0000  0.0000  0.0000  1.0000  0.0000  0.0000  0.0000  0.0000  0.0000  0.0000  0.0000  0.0000  0.0000  0.0000  0.0000
 0.0126  0.0000  0.0020  0.0061  0.0038  0.0015  1.0000  0.0021  0.0016  0.0061  0.0034  0.0009  0.0055  0.0071  0.0032  0.0610  0.0080  0.0039  0.0030  0.0012  0.0000  0.0017  0.0000  0.0000  0.0000
 1.0000  0.0000  0.0232  0.2665  0.5046  0.0219  0.4067  0.0524  0.0801  0.9617  0.1294  0.0454  0.2113  0.1179  0.2517  0.3510  0.8618  0.8785  0.4724  0.0076  0.0000  0.0171  0.0000  0.0000  0.0000
 0.0365  0.0000  0.0086  0.5646  0.0517  0.0071  0.1234  0.0371  0.0039  0.0492  0.0081  0.0030  0.7328  0.0286  0.0332  0.0250  1.0000  0.0436  0.0065  0.0037  0.0000  0.0188  0.0000  0.0000  0.0000
 0.0397  0.0000  0.0057  0.0898  1.0000  0.0500  0.0300  0.0112  0.0105  0.0372  0.0220  0.0061  0.0238  0.0261  0.0422  0.0160  0.0244  0.0195  0.0146  0.0131  0.0000  0.2742  0.0000  0.0000  0.0000
 0.3862  0.0000  0.0078  0.0064  0.0077  0.0345  0.0804  0.0029  0.4755  0.0107  0.6019  0.0324  0.0078  0.0076  0.0054  0.0092  0.0177  0.1995  1.0000  0.0047  0.0000  0.0172  0.0000  0.0000  0.0000
 0.0340  0.0000  0.0054  1.0000  0.0783  0.0053  0.0598  0.2820  0.0063  0.0332  0.0102  0.0035  0.0888  0.0210  0.0285  0.0157  0.0491  0.0253  0.0774  0.0026  0.0000  0.0102  0.0000  0.0000  0.0000
 0.0108  0.0000  0.0003  0.0278  0.5466  0.0010  0.0043  0.0027  0.0014  0.0120  0.0026  0.0011  0.0049  0.0065  1.0000  0.0043  0.0062  0.0837  0.0027  0.0005  0.0000  0.0014  0.0000  0.0000  0.0000
 0.0042  0.0000  0.0011  0.0006  0.0011  0.0106  0.0009  0.0008  1.0000  0.0014  0.5842  0.0128  0.0010  0.0017  0.0020  0.0014  0.0012  0.0026  0.0174  0.0013  0.0000  0.0016  0.0000  0.0000  0.0000
 0.4114  0.0000  0.1133  0.1583  0.3090  0.6121  0.2827  0.4060  0.2705  0.9325  0.4785  0.1618  0.3031  0.2057  0.4201  1.0000  0.5746  0.3565  0.3487  0.1223  0.0000  0.9403  0.0000  0.0000  0.0000
 0.0479  0.0000  0.0047  0.0084  0.0656  0.0108  0.0337  0.0420  0.0222  1.0000  0.2564  0.0171  0.0457  0.0373  0.1118  0.3539  0.0388  0.0507  0.0280  0.0075  0.0000  0.0213  0.0000  0.0000  0.0000
 0.0048  0.0000  0.0010  0.0005  0.0008  0.0021  0.0012  0.0002  1.0000  0.0010  0.0111  0.0023  0.0007  0.0011  0.0006  0.0007  0.0581  0.0038  0.0413  0.0003  0.0000  0.0009  0.0000  0.0000  0.0000
 0.3348  0.0000  0.5715  0.1756  0.0934  0.0371  0.1898  0.2827  0.0974  0.1309  0.0996  0.0426  0.2464  0.1375  0.0904  0.0898  0.6510  1.0000  0.1819  0.0196  0.0000  0.0442  0.0000  0.0000  0.0000
 0.4027  0.0000  0.0140  0.7968  1.0000  0.0150  0.1094  0.0382  0.0487  0.2539  0.0791  0.0282  0.1976  0.0850  0.6826  0.1346  0.7489  0.2188  0.0756  0.0056  0.0000  0.0138  0.0000  0.0000  0.0000
 0.0025  0.0000  0.0008  0.0005  0.0007  0.0034  0.0009  0.0001  0.1549  0.0009  0.3129  0.0035  0.0006  0.0006  0.0005  0.0007  0.0009  0.0026  1.0000  0.0004  0.0000  0.0013  0.0000  0.0000  0.0000
 0.0088  0.0000  0.0023  0.0011  0.0022  0.0234  0.0018  0.0017  1.0000  0.0030  0.9627  0.2354  0.0022  0.0037  0.0045  0.0030  0.0025  0.0052  0.0277  0.0027  0.0000  0.0030  0.0000  0.0000  0.0000
 0.0000  0.0000  0.0000  0.0000  0.0000  0.0000  1.0000  0.0000  0.0000  0.0000  0.0000  0.0000  0.0000  0.0000  0.0000  0.0000  0.0000  0.0000  0.0000  0.0000  0.0000  0.0000  0.0000  0.0000  0.0000
 0.0077  0.0000  0.0016  0.0039  0.0022  0.0008  0.0025  0.0011  0.0024  0.0033  0.0022  0.0012  0.0606  0.0040  0.0026  0.0021  0.4984  1.0000  0.0037  0.0005  0.0000  0.0010  0.0000  0.0000  0.0000
 0.0000  0.0000  0.0000  0.0000  0.0000  0.0000  0.0000  0.0000  0.0000  0.0000  0.0000  0.0000  0.0000  1.0000  0.0000  0.0000  0.0000  0.0000  0.0000  0.0000  0.0000  0.0000  0.0000  0.0000  0.0000
 0.5954  0.0000  0.1064  1.0000  0.4384  0.0439  0.4514  0.1383  0.0914  0.6346  0.1336  0.0520  0.7995  0.1985  0.2771  0.2360  0.7476  0.8362  0.1463  0.0208  0.0000  0.0715  0.0000  0.0000  0.0000
 0.6503  0.0000  0.0889  0.7442  1.0000  0.1292  0.3372  0.3144  0.1950  0.9962  0.3529  0.1103  0.4232  0.2403  0.6588  0.4562  0.6180  0.5200  0.2849  0.0635  0.0000  0.1590  0.0000  0.0000  0.0000
 0.6939  0.0000  0.0260  0.4257  0.6371  0.0564  0.1853  0.0877  0.0911  1.0000  0.1470  0.0516  0.5002  0.1336  0.3658  0.3691  0.9638  0.5971  0.1390  0.0084  0.0000  0.0186  0.0000  0.0000  0.0000
 0.2003  0.0000  0.0416  0.2826  0.0498  0.0274  0.0353  0.0199  0.2412  0.0651  0.1526  0.0399  0.0987  0.0772  0.0498  0.0407  0.6957  1.0000  0.3720  0.0104  0.0000  0.0220  0.0000  0.0000  0.0000
 0.0152  0.0000  0.0051  0.0036  0.0047  0.0832  0.0075  0.0031  0.0615  0.0053  1.0000  0.0397  0.0038  0.0084  0.0067  0.0055  0.0059  0.0091  0.0363  0.9706  0.0000  0.0501  0.0000  0.0000  0.0000
 0.7837  0.0000  0.0583  0.4147  1.0000  0.0376  0.7640  0.0648  0.0711  0.4264  0.1282  0.0514  0.2057  0.8422  0.2756  0.2005  0.4599  0.6787  0.1534  0.0153  0.0000  0.0387  0.0000  0.0000  0.0000
 0.6521  0.0000  0.0693  0.2960  0.2065  0.2407  1.0000  0.1094  0.0608  0.7002  0.1427  0.0501  0.3562  0.2294  0.2066  0.3764  0.4392  0.2021  0.1309  0.0252  0.0000  0.0699  0.0000  0.0000  0.0000
 0.0154  0.0000  0.0056  0.0022  0.0040  0.5818  0.0030  0.0022  0.0592  0.0033  1.0000  0.2912  0.0024  0.0063  0.0049  0.0033  0.0071  0.0093  0.0376  0.0330  0.0000  0.4998  0.0000  0.0000  0.0000
 0.0238  0.0000  0.0023  0.0052  0.0332  0.0049  0.0174  0.0212  0.0101  1.0000  0.0239  0.0079  0.5747  0.0187  0.7167  0.8032  0.0198  0.0255  0.0134  0.0037  0.0000  0.0107  0.0000  0.0000  0.0000
 0.8051  0.0000  0.0924  0.1603  0.2082  0.1412  0.4158  0.0638  0.2605  0.3052  1.0000  0.1731  0.1780  0.2605  0.2976  0.2340  0.7369  0.5029  0.2888  0.0312  0.0000  0.0623  0.0000  0.0000  0.0000
 0.9527  0.0000  0.0399  1.0000  0.8154  0.0366  0.4334  0.1300  0.0511  0.3418  0.0896  0.0346  0.6448  0.3333  0.2857  0.1600  0.8931  0.2797  0.0929  0.0170  0.0000  0.0657  0.0000  0.0000  0.0000
 0.5060  0.0000  0.0510  0.1750  0.1064  0.0282  0.1654  0.0504  0.0667  0.1768  0.0752  0.0369  0.7764  0.1356  0.1069  0.8110  1.0000  0.9350  0.1123  0.0168  0.0000  0.0379  0.0000  0.0000  0.0000
 1.0000  0.0000  0.0073  0.1234  0.0191  0.0037  0.0224  0.0050  0.0090  0.0167  0.0099  0.0050  0.0281  0.0193  0.0816  0.0099  0.7611  0.2271  0.0160  0.0021  0.0000  0.0043  0.0000  0.0000  0.0000
 0.3885  0.0000  0.1045  0.0480  0.0822  0.1103  0.1256  0.0514  0.6112  0.1788  0.4785  1.0000  0.0808  0.1137  0.0960  0.5108  0.3824  0.3307  0.4632  0.0231  0.0000  0.0672  0.0000  0.0000  0.0000
 0.0752  0.0000  0.0132  0.1888  0.0931  0.0137  0.1500  0.0620  0.0173  0.2339  0.0367  0.0129  1.0000  0.0543  0.1521  0.6377  0.6513  0.1044  0.0255  0.0084  0.0000  0.0320  0.0000  0.0000  0.0000
 0.0019  0.0000  0.0010  0.0003  0.0005  1.0000  0.0003  0.0000  0.0042  0.0000  0.0102  0.0020  0.0000  0.0007  0.0000  0.0000  0.0013  0.0012  0.0039  0.0095  0.0000  0.7020  0.0000  0.0000  0.0000
 0.2294  0.0000  0.0221  0.5769  0.3684  0.0443  0.1349  0.0775  0.1148  0.4644  0.1211  0.0418  0.3227  0.0996  1.0000  0.6980  0.2174  0.1799  0.1003  0.0156  0.0000  0.1637  0.0000  0.0000  0.0000
 0.0025  0.0000  0.0011  0.0004  0.0006  1.0000  0.0004  0.0001  0.0074  0.0002  0.2991  0.0042  0.0002  0.0010  0.0004  0.0002  0.0014  0.0015  0.0055  0.0743  0.0000  0.0357  0.0000  0.0000  0.0000
 0.0251  0.0000  0.0058  0.0100  0.0080  0.1632  0.0286  0.0039  0.0116  0.0085  0.0280  0.0061  0.0060  1.0000  0.0055  0.0083  0.0146  0.0094  0.0128  0.0139  0.0000  0.0463  0.0000  0.0000  0.0000
 0.3751  0.0000  0.0550  0.1784  0.2234  0.3276  0.2133  0.0735  0.1902  0.3340  0.4228  0.1101  0.1936  0.1504  1.0000  0.2587  0.4008  0.4736  0.2290  0.0259  0.0000  0.0596  0.0000  0.0000  0.0000
 0.5051  0.0000  0.1767  0.2044  0.2717  0.7017  0.3283  0.5402  0.3929  0.2901  0.6484  0.2201  0.3060  0.2035  0.2925  0.3465  0.3993  0.3899  0.5006  0.1843  0.0000  1.0000  0.0000  0.0000  0.0000
 0.7674  0.0000  0.0693  0.4025  0.6693  0.0928  0.4472  0.1398  0.2784  1.0000  0.2746  0.0978  0.3556  0.5476  0.4528  0.5486  0.6244  0.4440  0.3592  0.0309  0.0000  0.1120  0.0000  0.0000  0.0000
 0.3186  0.0000  0.0287  0.2194  0.4341  0.0363  0.4838  0.1307  0.0804  1.0000  0.1660  0.0570  0.2690  0.4539  0.3723  0.8265  0.3686  0.2377  0.1208  0.0220  0.0000  0.0640  0.0000  0.0000  0.0000
 0.7335  0.0000  0.0603  0.5754  0.9352  0.0693  0.3676  0.1441  0.2166  1.0000  0.3154  0.1114  0.4941  0.2802  0.6048  0.6231  0.7953  0.6870  0.3077  0.0252  0.0000  0.0717  0.0000  0.0000  0.0000
 0.2173  0.0000  0.0324  0.3690  0.2720  0.0616  0.6460  0.3055  0.0871  0.3228  0.1088  0.0377  1.0000  0.1933  0.3270  0.1948  0.3884  0.1878  0.0913  0.0203  0.0000  0.0959  0.0000  0.0000  0.0000
 0.0085  0.0000  0.0022  0.0010  0.0022  0.3521  0.0017  0.0017  0.4618  0.0029  1.0000  0.0281  0.0021  0.0036  0.0043  0.0029  0.0024  0.0050  0.0257  0.0031  0.0000  0.0048  0.0000  0.0000  0.0000
 0.5516  0.0000  0.0663  0.2334  0.3181  0.0506  0.2288  0.0804  0.1152  0.5131  0.1594  0.0664  0.2829  0.2791  0.2542  0.3084  0.9331  1.0000  0.1886  0.0561  0.0000  0.0608  0.0000  0.0000  0.0000
 0.7969  0.0000  0.0536  0.5832  1.0000  0.0567  0.3572  0.1207  0.1839  0.8688  0.3975  0.1024  0.4641  0.2597  0.5669  0.5096  0.7224  0.6804  0.2935  0.0189  0.0000  0.0497  0.0000  0.0000  0.0000
 0.0423  0.0000  0.0051  0.0082  0.0439  0.0138  0.0604  0.0297  0.0222  0.2227  1.0000  0.0150  0.0316  0.0267  0.0717  0.3793  0.0326  0.0575  0.0820  0.0062  0.0000  0.0203  0.0000  0.0000  0.0000
 0.0228  0.0000  0.0061  0.0033  0.0054  0.4140  0.0055  0.0020  1.0000  0.0073  0.2440  0.1390  0.0047  0.0062  0.0058  0.0061  0.0068  0.3968  0.2842  0.0040  0.0000  0.0088  0.0000  0.0000  0.0000
 0.0945  0.0000  0.0040  0.0034  0.0039  0.0019  0.0147  0.0010  0.0069  0.0046  0.0228  0.0027  0.0041  1.0000  0.0032  0.0031  0.0226  0.2309  0.0159  0.0006  0.0000  0.0013  0.0000  0.0000  0.0000
 0.0049  0.0000  0.0012  0.0428  0.0072  0.0010  0.0174  0.0564  0.0005  0.0069  0.0011  0.0004  1.0000  0.0039  0.0046  0.0035  0.3872  0.0055  0.0008  0.0005  0.0000  0.0026  0.0000  0.0000  0.0000
 1.0000  0.0000  0.0796  0.0545  0.0828  0.1331  0.3183  0.0287  0.2836  0.1249  0.7949  0.2845  0.0597  0.1731  0.0803  0.0918  0.3276  0.1933  0.3486  0.0227  0.0000  0.0408  0.0000  0.0000  0.0000
 0.0050  0.0000  0.0009  0.0019  0.0012  0.0005  0.0019  0.0005  0.0012  0.0018  0.0012  0.0006  0.0033  0.0023  0.0014  0.0011  1.0000  0.1263  0.0021  0.0003  0.0000  0.0005  0.0000  0.0000  0.0000
 0.4891  0.0000  0.0243  0.1809  0.7657  0.0184  0.1480  0.0316  0.0397  0.1728  0.2378  0.0251  0.2088  1.0000  0.1266  0.0941  0.6341  0.1647  0.0751  0.0070  0.0000  0.0191  0.0000  0.0000  0.0000
 0.1084  0.0000  0.0044  0.6630  1.0000  0.0109  0.3308  0.0352  0.0130  0.1136  0.0245  0.0098  0.1096  0.0665  0.4380  0.0355  0.1351  0.0553  0.0246  0.0052  0.0000  0.0177  0.0000  0.0000  0.0000
 1.0000  0.0000  0.2437  0.0093  0.0109  0.0050  0.0675  0.0022  0.0059  0.0120  0.0122  0.0056  0.0084  0.0304  0.0083  0.0086  0.0947  0.0245  0.0210  0.0660  0.0000  0.0039  0.0000  0.0000  0.0000
 0.0470  0.0000  0.0021  0.0011  0.0018  0.0072  0.0017  0.0003  1.0000  0.0023  0.6762  0.0079  0.0014  0.0018  0.0013  0.0018  0.0023  0.0073  0.3970  0.0009  0.0000  0.0027  0.0000  0.0000  0.0000
 0.1103  0.0000  0.0202  1.0000  0.2848  0.0191  0.3012  0.0942  0.0123  0.1453  0.0253  0.0094  0.6818  0.0823  0.4226  0.0678  0.7614  0.1049  0.0211  0.0097  0.0000  0.0475  0.0000  0.0000  0.0000
 0.0000  0.0000  0.0000  0.0000  0.0000  0.0000  0.0000  0.0000  0.0000  0.0000  1.0000  0.0000  0.0000  0.0000  0.0000  0.0000  0.0000  0.0000  0.0000  0.0000  0.0000  0.0000  0.0000  0.0000  0.0000
 0.0064  0.0000  0.0017  0.0008  0.0016  0.0173  0.0013  0.0013  0.5789  0.0022  1.0000  0.5760  0.0016  0.0027  0.0033  0.0022  0.0018  0.0038  0.0191  0.0020  0.0000  0.0022  0.0000  0.0000  0.0000
 0.5017  0.0000  0.0826  0.3771  1.0000  0.0336  0.2309  0.3843  0.1148  0.6403  0.1859  0.0651  0.3000  0.1670  0.5034  0.4546  0.5076  0.5995  0.1744  0.0115  0.0000  0.0283  0.0000  0.0000  0.0000
 0.8444  0.0000  0.0433  0.6659  0.9729  0.0410  0.3094  0.0998  0.1519  1.0000  0.2454  0.0861  0.4022  0.2249  0.6015  0.5100  0.7167  0.4656  0.2318  0.0664  0.0000  0.0317  0.0000  0.0000  0.0000
 0.0083  0.0000  0.0019  0.0007  0.0017  0.0128  0.0010  0.0011  0.0278  0.0021  0.7275  1.0000  0.0014  0.0027  0.0028  0.0019  0.0019  0.0727  0.1181  0.0015  0.0000  0.0017  0.0000  0.0000  0.0000
 0.0553  0.0000  0.4218  0.0045  0.0109  0.0690  0.0054  0.0060  0.1671  0.0130  1.0000  0.1382  0.0082  0.0167  0.0159  0.0109  0.0116  0.0362  0.4352  0.0083  0.0000  0.0097  0.0000  0.0000  0.0000
 0.9819  0.0000  0.0478  0.5476  0.9250  0.0470  0.3330  0.1086  0.2529  0.8609  0.2674  0.0937  0.5800  0.2408  0.6304  0.4604  1.0000  0.5048  0.4506  0.0159  0.0000  0.0379  0.0000  0.0000  0.0000
 0.0033  0.0000  0.0017  0.0005  0.0008  0.5658  0.0005  0.0000  0.0071  0.0000  0.0172  0.0034  0.0000  0.0012  0.0000  0.0000  0.0023  0.0021  0.0066  1.0000  0.0000  0.5480  0.0000  0.0000  0.0000
 0.0033  0.0000  0.0002  1.0000  0.0726  0.0004  0.0024  0.0011  0.0004  0.0034  0.0008  0.0003  0.0031  0.0022  0.0042  0.0011  0.0024  0.0017  0.0008  0.0002  0.0000  0.0006  0.0000  0.0000  0.0000
 0.0000  0.0000  0.0000  0.0000  0.0000  0.0000  0.0000  0.0000  0.0000  0.0000  0.0000  0.0000  0.0000  1.0000  0.0000  0.0000  0.0000  0.0000  0.0000  0.0000  0.0000  0.0000  0.0000  0.0000  0.0000
 0.5514  0.0000  0.1552  0.8691  0.7317  0.0378  0.2930  0.0942  0.1363  1.0000  0.2198  0.0772  0.6008  0.2034  0.5009  0.5451  0.8101  0.5004  0.2078  0.0133  0.0000  0.0315  0.0000  0.0000  0.0000
 0.0519  0.0000  0.0039  0.0383  0.7612  0.0047  0.0280  0.0148  0.0144  1.0000  0.0260  0.0090  0.0798  0.0227  0.1559  0.9305  0.2086  0.1132  0.0212  0.0024  0.0000  0.0062  0.0000  0.0000  0.0000
 0.0000  0.0000  0.0000  0.0000  0.0000  0.0000  0.0000  0.0000  0.0000  0.0000  0.0000  0.0000  0.0000  0.0000  0.0000  1.0000  0.0000  0.0000  0.0000  0.0000  0.0000  0.0000  0.0000  0.0000  0.0000
 0.2707  0.0000  0.0590  0.0199  0.0477  0.1663  0.0208  0.0166  0.9168  0.0544  0.9590  0.2135  0.0306  0.1361  0.0478  0.0392  0.0526  0.1946  1.0000  0.0208  0.0000  0.0358  0.0000  0.0000  0.0000
 0.1443  0.0000  0.0015  0.0033  0.0020  0.0007  0.0024  0.0009  0.0021  0.0216  0.0020  0.0011  0.0488  0.0037  0.0023  0.0019  0.1132  1.0000  0.0034  0.0005  0.0000  0.0009  0.0000  0.0000  0.0000
 1.0000  0.0000  0.0051  0.0038  0.0045  0.0019  0.1016  0.0008  0.0022  0.0049  0.0049  0.0023  0.0032  0.0128  0.0034  0.0036  0.0755  0.0089  0.2996  0.0007  0.0000  0.0015  0.0000  0.0000  0.0000
 0.7586  0.0000  0.0541  0.6703  1.0000  0.0653  0.3701  0.2112  0.1832  0.8721  0.3060  0.1037  0.4667  0.2607  0.5556  0.4933  0.7957  0.5403  0.2944  0.0210  0.0000  0.0625  0.0000  0.0000  0.0000
 0.0105  0.0000  0.0002  0.0712  0.6690  0.0010  0.0230  0.0027  0.0012  0.0106  0.0023  0.0010  0.0056  0.0064  1.0000  0.0029  0.0058  0.0047  0.0024  0.0005  0.0000  0.0014  0.0000  0.0000  0.0000
 1.0000  0.0000  0.0040  0.0028  0.0035  0.0016  0.0196  0.0007  0.0039  0.0038  0.0050  0.0021  0.0025  0.0093  0.0026  0.0027  0.2108  0.0089  0.2215  0.0005  0.0000  0.0011  0.0000  0.0000  0.0000
 0.0000  0.0000  0.0000  0.0000  0.0000  0.0000  0.0000  0.0000  0.0000  0.0000  1.0000  0.0000  0.0000  0.0000  0.0000  0.0000  0.0000  0.0000  0.0000  0.0000  0.0000  0.0000  0.0000  0.0000  0.0000
 0.1222  0.0000  0.2311  0.0283  0.1575  0.0236  0.0868  0.0986  0.0480  0.9592  0.1123  0.0373  0.1149  0.0897  1.0000  0.7629  0.1693  0.1273  0.0649  0.0174  0.0000  0.0502  0.0000  0.0000  0.0000
 0.0029  0.0000  0.0024  0.0057  0.0028  0.0017  0.0082  1.0000  0.0015  0.0032  0.0026  0.0007  0.0053  0.0032  0.0022  0.0034  0.0031  0.0025  0.0019  0.0013  0.0000  0.0965  0.0000  0.0000  0.0000
 0.0129  0.0000  0.0013  0.0033  0.0030  0.0006  0.0078  0.0008  0.0008  0.0028  0.0015  0.0007  0.0032  1.0000  0.0188  0.0019  0.0466  0.0049  0.0023  0.0003  0.0000  0.0006  0.0000  0.0000  0.0000
 0.0022  0.0000  0.0011  0.0004  0.0006  0.5596  0.0004  0.0000  0.0046  0.0000  0.0112  0.0023  0.0001  0.0008  0.0000  0.0000  0.0384  0.0014  0.0043  0.0105  0.0000  1.0000  0.0000  0.0000  0.0000
 0.0034  0.0000  0.0009  0.0004  0.0009  1.0000  0.0007  0.0007  0.0166  0.0011  0.2853  0.0458  0.0008  0.0014  0.0017  0.0011  0.0010  0.0020  0.0092  0.0018  0.0000  0.0041  0.0000  0.0000  0.0000
 0.3433  0.0000  0.0117  0.0952  0.1151  0.0083  0.0623  0.0195  0.0185  0.0714  0.0249  0.0106  0.2368  0.0399  1.0000  0.0407  0.1972  0.2190  0.0307  0.0042  0.0000  0.0115  0.0000  0.0000  0.0000
 1.0000  0.0000  0.1288  0.4927  0.8198  0.1066  0.3355  0.1230  0.4804  0.6626  0.4591  0.1555  0.3942  0.3280  0.4500  0.3791  0.7853  0.8890  0.9756  0.0308  0.0000  0.0910  0.0000  0.0000  0.0000
 1.0000  0.0000  0.1191  0.1211  0.1547  0.1577  0.5432  0.1136  0.1162  0.1686  0.2186  0.0828  0.1293  0.2567  0.1307  0.1416  0.5421  0.2592  0.2383  0.0448  0.0000  0.2004  0.0000  0.0000  0.0000
 0.2978  0.0000  0.0596  0.1148  0.1949  0.5522  0.1740  0.8186  0.1446  0.5924  0.2606  0.0879  0.3965  0.1216  0.4695  1.0000  0.1975  0.1990  0.1866  0.0650  0.0000  0.3236  0.0000  0.0000  0.0000
 0.5267  0.0000  0.1775  0.2229  0.3001  0.7016  0.3385  0.5430  0.3971  0.3155  0.6547  0.2225  0.3194  0.2110  0.3086  0.3605  0.4193  0.4055  0.5079  0.1850  0.0000  1.0000  0.0000  0.0000  0.0000
 0.5479  0.0000  0.0410  0.0097  0.0306  0.0237  0.0008  0.0077  0.7978  0.0305  0.6934  0.0454  0.0143  0.1263  0.0227  0.0171  0.0298  0.2899  1.0000  0.0038  0.0000  0.0073  0.0000  0.0000  0.0000
 0.4394  0.0000  0.0522  1.0000  0.8814  0.0493  0.6361  0.1830  0.0443  0.3853  0.0934  0.0345  0.8811  0.2553  0.3137  0.1892  0.5282  0.2464  0.0885  0.0231  0.0000  0.0985  0.0000  0.0000  0.0000
 0.3336  0.0000  0.0310  0.2166  0.4157  0.0455  0.1773  0.1112  0.1353  1.0000  0.2358  0.0635  0.2388  0.4411  0.3557  0.7551  0.4091  0.4513  0.1542  0.0209  0.0000  0.0641  0.0000  0.0000  0.0000
 0.5015  0.0000  0.0405  0.3636  0.6480  0.0469  0.2621  0.1295  0.1383  1.0000  0.2397  0.0837  0.3489  0.3015  0.6206  0.7184  0.6493  0.4810  0.2297  0.0219  0.0000  0.0581  0.0000  0.0000  0.0000
 1.0000  0.0000  0.0870  0.4713  0.7801  0.0980  0.3080  0.1274  0.3182  0.6994  0.5452  0.1247  0.3935  0.2569  0.4915  0.4075  0.6925  0.7366  0.6233  0.0284  0.0000  0.0973  0.0000  0.0000  0.0000
 0.6206  0.0000  0.1876  0.2880  0.4215  0.7028  0.3877  0.5837  0.4215  0.5292  0.7236  0.2375  0.3882  0.2564  0.4134  0.5223  0.5283  0.5145  0.5455  0.1873  0.0000  1.0000  0.0000  0.0000  0.0000
 0.6208  0.0000  0.1778  0.2612  0.3404  0.6953  0.3706  0.5627  0.4004  0.3522  0.6726  0.2245  0.3376  0.2616  0.3308  0.3792  0.4539  0.4343  0.5232  0.1830  0.0000  1.0000  0.0000  0.0000  0.0000
 0.7667  0.0000  0.1248  0.4792  0.7665  0.3950  0.4111  0.3710  0.3228  1.0000  0.5947  0.1837  0.5086  0.2862  0.5554  0.6933  0.8863  0.5702  0.4565  0.1087  0.0000  0.5728  0.0000  0.0000  0.0000
 0.9481  0.0000  0.1547  0.6843  1.0000  0.4844  0.5385  0.5466  0.3994  0.9512  0.6708  0.2246  0.5931  0.3728  0.6611  0.6635  0.8448  0.7094  0.5590  0.1306  0.0000  0.6732  0.0000  0.0000  0.0000
 0.8248  0.0000  0.0536  0.6580  1.0000  0.0517  0.3786  0.1781  0.1869  0.9560  0.3390  0.1057  0.5405  0.4097  0.6301  0.9104  0.8058  0.6929  0.2847  0.0176  0.0000  0.0408  0.0000  0.0000  0.0000
 0.4582  0.0000  0.1205  0.2058  0.3567  0.4853  0.2842  0.3928  0.2878  1.0000  0.4874  0.1658  0.3013  0.2549  0.3803  0.7525  0.4313  0.4214  0.4909  0.1471  0.0000  0.6366  0.0000  0.0000  0.0000
 1.0000  0.0000  0.0338  0.3810  0.6151  0.0329  0.2346  0.0786  0.1846  0.7143  0.1890  0.0663  0.3061  0.2197  0.7079  0.4306  0.5719  0.6092  0.1779  0.0117  0.0000  0.0273  0.0000  0.0000  0.0000
 0.8501  0.0000  0.1062  0.6340  1.0000  0.2748  0.4526  0.2852  0.2967  0.9369  0.4842  0.1672  0.5475  0.3171  0.6297  0.5910  0.7965  0.6493  0.4222  0.0753  0.0000  0.3586  0.0000  0.0000  0.0000
 0.4901  0.0000  0.2021  0.2308  0.2643  0.9039  0.3185  0.5237  0.4775  0.2812  0.8651  0.2132  0.3291  0.1974  0.3327  0.3773  0.3875  0.5434  0.5188  0.1786  0.0000  1.0000  0.0000  0.0000  0.0000
 0.5670  0.0000  0.1786  0.2593  0.3737  0.6951  0.3665  0.5756  0.4288  0.3702  0.6650  0.2262  0.3789  0.3051  0.3420  0.3890  0.4808  0.4680  0.5370  0.1831  0.0000  1.0000  0.0000  0.0000  0.0000
 0.1863  0.0000  0.0131  0.1974  1.0000  0.0124  0.1594  0.0302  0.0854  0.4599  0.0742  0.0260  0.1217  0.2624  0.1818  0.2505  0.2006  0.1409  0.0701  0.0043  0.0000  0.0096  0.0000  0.0000  0.0000
 0.5937  0.0000  0.1151  0.4448  1.0000  0.2535  0.3048  0.3079  0.2130  0.7888  0.3475  0.1199  0.3634  0.2107  0.5420  0.5576  0.5552  0.6143  0.2980  0.0601  0.0000  0.3924  0.0000  0.0000  0.0000
 0.2699  0.0000  0.0070  0.0113  0.0292  0.0057  0.0398  0.0131  0.0099  0.1339  0.1066  0.0075  0.0196  1.0000  0.0365  0.1984  0.1714  0.0312  0.0192  0.0030  0.0000  0.0083  0.0000  0.0000  0.0000
 0.8121  0.0000  0.0522  0.6026  1.0000  0.0516  0.3860  0.1194  0.2200  0.9274  0.3073  0.1918  0.5072  0.3545  0.6159  0.5054  0.7316  0.5962  0.5680  0.0175  0.0000  0.0417  0.0000  0.0000  0.0000
 1.0000  0.0000  0.4257  0.4443  0.8011  0.0490  0.4167  0.0943  0.1419  0.6514  0.2271  0.0815  0.4951  0.3946  0.4159  0.3718  0.8149  0.6339  0.3037  0.0167  0.0000  0.0449  0.0000  0.0000  0.0000
 0.1620  0.0000  0.0051  0.0256  0.0394  0.0036  0.0674  0.0058  0.0090  0.1195  0.0146  0.0055  0.0219  1.0000  0.0545  0.0228  0.1403  0.1150  0.1114  0.0013  0.0000  0.0034  0.0000  0.0000  0.0000
 0.4023  0.0000  0.0575  0.3427  1.0000  0.0240  0.2712  0.0584  0.0899  0.5070  0.1450  0.0889  0.2377  0.2325  0.3552  0.6263  0.3697  0.2754  0.1370  0.0083  0.0000  0.0183  0.0000  0.0000  0.0000
 0.3000  0.0000  0.0431  0.1124  0.2328  0.0450  0.1470  0.1159  0.0981  0.8630  0.4833  0.0617  0.2267  1.0000  0.3097  0.7027  0.7805  0.8416  0.1468  0.0271  0.0000  0.0726  0.0000  0.0000  0.0000
 0.5028  0.0000  0.1739  0.2058  0.3451  0.8802  0.3257  0.5322  0.3883  0.3304  0.7815  0.2543  0.3046  0.2022  0.2921  0.3447  0.4607  0.4058  0.5265  0.1814  0.0000  1.0000  0.0000  0.0000  0.0000
 0.7175  0.0000  0.1583  0.3922  0.5849  0.5694  0.4490  0.4868  0.3773  0.6010  0.7338  0.2118  0.5627  0.3237  0.4473  0.4659  1.0000  0.5455  0.5382  0.1512  0.0000  0.8200  0.0000  0.0000  0.0000
 0.5137  0.0000  0.1755  0.2080  0.2778  0.7402  0.3291  0.5469  0.3910  0.3000  0.6451  0.2192  0.3571  0.2042  0.2951  0.3523  0.4274  0.4040  0.5026  0.1831  0.0000  1.0000  0.0000  0.0000  0.0000
 0.9364  0.0000  0.2058  0.6751  0.8197  0.7498  0.5445  0.6125  0.4899  0.7970  0.8512  0.2748  0.6426  0.3817  0.6129  0.6283  0.9489  0.8229  0.6519  0.1908  0.0000  1.0000  0.0000  0.0000  0.0000
 0.5620  0.0000  0.2615  0.2069  0.2753  0.9881  0.3299  0.5409  0.4235  0.3913  0.6985  0.2215  0.3086  0.2058  0.2949  0.3484  0.4797  0.4667  0.5104  0.5168  0.0000  1.0000  0.0000  0.0000  0.0000
 0.1902  0.0000  0.0135  0.4400  1.0000  0.0176  0.0944  0.0353  0.0468  0.2299  0.0762  0.0723  0.1210  0.2881  0.5772  0.2801  0.2931  0.1392  0.0715  0.0059  0.0000  0.0666  0.0000  0.0000  0.0000
 0.8537  0.0000  0.2070  0.4404  0.6735  0.7175  0.4707  0.5876  0.5302  0.7276  0.8072  0.2733  0.4997  0.3270  0.5470  0.6157  0.6880  0.6658  0.7509  0.1900  0.0000  1.0000  0.0000  0.0000  0.0000
 1.0000  0.0000  0.0678  0.4812  0.5286  0.0428  0.5313  0.0807  0.1072  0.4710  0.1764  0.0676  0.3511  0.5273  0.3908  0.2689  0.9847  0.4967  0.1980  0.0165  0.0000  0.0413  0.0000  0.0000  0.0000
 0.3562  0.0000  0.0297  0.2905  0.4459  0.0274  0.2624  0.0642  0.0909  1.0000  0.1434  0.0859  0.3095  0.1371  0.6174  0.2689  0.9140  0.7048  0.1384  0.0108  0.0000  0.0258  0.0000  0.0000  0.0000
 0.5527  0.0000  0.1808  0.2437  0.3562  0.7098  0.3561  0.5451  0.4030  0.3495  0.6677  0.2269  0.3361  0.2199  0.3312  0.3800  0.4482  0.4244  0.5158  0.1844  0.0000  1.0000  0.0000  0.0000  0.0000
 1.0000  0.0000  0.0804  0.1716  0.1087  0.0337  0.7792  0.0309  0.0497  0.1154  0.0857  0.0406  0.1526  0.4284  0.0814  0.0754  0.6063  0.7459  0.1409  0.0143  0.0000  0.0322  0.0000  0.0000  0.0000
 0.4040  0.0000  0.0288  0.3913  1.0000  0.0681  0.2582  0.0659  0.1006  0.5426  0.2006  0.0569  0.2644  0.1467  0.4251  0.6049  0.4571  0.3424  0.2198  0.0096  0.0000  0.0224  0.0000  0.0000  0.0000
 0.1491  0.0000  0.0103  0.5676  1.0000  0.0102  0.0747  0.0253  0.0365  0.8176  0.1009  0.0209  0.0969  0.0559  0.2011  0.4753  0.3103  0.1118  0.0557  0.0037  0.0000  0.0084  0.0000  0.0000  0.0000
 0.4943  0.0000  0.0762  0.4336  0.5957  0.0275  0.1966  0.0951  0.0956  0.4712  0.1543  0.0541  0.7880  0.1835  1.0000  0.3029  0.4136  0.2914  0.1455  0.0093  0.0000  0.0227  0.0000  0.0000  0.0000
 0.9422  0.0000  0.1545  0.6469  1.0000  0.4754  0.5192  0.4382  0.4209  0.9986  0.6538  0.2251  0.6040  0.3688  0.6767  0.6815  0.8808  0.7493  0.5521  0.1291  0.0000  0.6576  0.0000  0.0000  0.0000
 0.2416  0.0000  0.0180  0.2082  0.3634  0.0191  0.1755  0.0506  0.0615  1.0000  0.2997  0.0359  0.2642  0.0941  0.8013  0.2253  0.3941  0.1875  0.0928  0.0076  0.0000  0.0198  0.0000  0.0000  0.0000
 0.6279  0.0000  0.0385  0.5858  1.0000  0.0343  0.3166  0.0807  0.1042  0.5247  0.1705  0.0618  0.3142  0.3869  0.3655  0.2830  0.7184  0.3869  0.1696  0.0128  0.0000  0.0317  0.0000  0.0000  0.0000
 0.0291  0.0000  0.0041  0.0084  0.0587  0.0187  0.0173  0.0197  0.0310  0.1272  1.0000  0.0211  0.0209  0.0514  0.0468  0.2428  0.0203  0.0251  0.0260  0.0340  0.0000  0.0150  0.0000  0.0000  0.0000
 0.3946  0.0000  0.0366  0.2351  0.4684  0.0495  0.2178  0.1369  0.1201  1.0000  0.2125  0.0741  0.2811  0.1885  0.4317  0.7597  0.4204  0.4185  0.1687  0.0254  0.0000  0.0738  0.0000  0.0000  0.0000
 0.5136  0.0000  0.1764  0.2156  0.2848  0.6990  0.3333  0.5409  0.3932  0.3012  0.6536  0.2204  0.3183  0.2110  0.3031  0.3521  0.4127  0.3997  0.5020  0.1906  0.0000  1.0000  0.0000  0.0000  0.0000
 0.4449  0.0000  0.0418  0.3181  0.6334  0.0888  0.2438  0.1597  0.1573  1.0000  0.2535  0.0869  0.3134  0.1990  0.4767  0.7523  0.4394  0.3625  0.2015  0.0318  0.0000  0.1154  0.0000  0.0000  0.0000
 0.5760  0.0000  0.0400  0.4572  1.0000  0.0435  0.2941  0.0931  0.1359  0.6851  0.3059  0.0773  0.3733  0.2214  0.4246  0.3772  0.5230  0.4084  0.2294  0.0145  0.0000  0.0389  0.0000  0.0000  0.0000
 0.3253  0.0000  0.0231  1.0000  0.5256  0.0219  0.4072  0.2059  0.0806  0.4673  0.1301  0.0456  0.2825  0.1183  0.3509  0.2257  0.8383  0.3291  0.1805  0.0075  0.0000  0.0171  0.0000  0.0000  0.0000
 0.1678  0.0000  0.0245  0.0676  0.1991  0.0729  0.1083  0.3534  0.0769  1.0000  0.1531  0.0514  0.1366  0.2876  0.9758  0.7246  0.2425  0.1996  0.1027  0.0283  0.0000  0.2025  0.0000  0.0000  0.0000
 0.3905  0.0000  0.0715  0.0237  0.0261  0.0123  0.2032  0.0075  0.0129  0.0281  0.1080  0.0121  0.0477  1.0000  0.0196  0.0202  0.2357  0.0516  0.0422  0.0042  0.0000  0.0117  0.0000  0.0000  0.0000
 0.8142  0.0000  0.0587  0.6342  1.0000  0.0720  0.4133  0.1637  0.1969  0.9732  0.3189  0.1116  0.5019  0.2785  0.5926  0.6172  0.7991  0.5785  0.3333  0.0232  0.0000  0.0706  0.0000  0.0000  0.0000
 0.4273  0.0000  0.1195  0.1835  0.3331  0.5003  0.3381  0.4316  0.2863  0.9719  0.5053  0.1707  0.3741  0.2152  0.4540  1.0000  0.3551  0.3634  0.3681  0.1295  0.0000  0.7000  0.0000  0.0000  0.0000
 0.7473  0.0000  0.1595  0.4571  0.6917  0.5803  0.5132  0.5743  0.3878  0.6875  0.6376  0.2565  0.5195  0.5129  1.0000  0.7527  0.7005  0.6094  0.5170  0.1483  0.0000  0.7767  0.0000  0.0000  0.0000
 0.6432  0.0000  0.1729  0.2874  0.4050  0.6631  0.9403  0.5618  0.3947  0.4180  0.6935  0.2215  0.4396  0.4493  0.4249  0.4839  0.5205  0.4508  0.5103  0.1750  0.0000  1.0000  0.0000  0.0000  0.0000
 0.0605  0.0000  0.0089  0.0235  0.0284  0.0638  0.0279  0.0088  0.0175  0.0358  0.0246  0.0088  0.0278  1.0000  0.1493  0.0263  0.0873  0.2858  0.0304  0.0031  0.0000  0.0084  0.0000  0.0000  0.0000
 1.0000  0.0000  0.0370  0.6208  0.8206  0.0364  0.3056  0.0856  0.1267  0.6659  0.2050  0.0722  0.3371  0.1934  0.4100  0.3521  0.5011  0.5549  0.2880  0.0126  0.0000  0.0298  0.0000  0.0000  0.0000
 0.4503  0.0000  0.1768  0.1821  0.2420  0.7103  0.2924  0.4812  0.3500  0.2577  0.6121  0.1959  0.2725  0.1813  0.2604  0.3278  0.4469  0.3769  0.5329  0.1641  0.0000  1.0000  0.0000  0.0000  0.0000
 0.9516  0.0000  0.1668  0.8053  1.0000  0.5072  0.6446  0.4893  0.4045  0.9497  0.6776  0.2284  0.8096  0.3774  0.6759  0.6533  0.9410  0.7493  0.5573  0.1385  0.0000  0.7072  0.0000  0.0000  0.0000
 0.5722  0.0000  0.1736  0.2174  0.2940  0.7057  0.3313  0.5308  0.3882  0.3222  0.6403  0.3367  0.3528  0.2064  0.3024  0.3732  0.4241  0.4094  0.5145  0.1803  0.0000  1.0000  0.0000  0.0000  0.0000
 0.5622  0.0000  0.0413  0.4574  1.0000  0.0535  0.2721  0.1258  0.1334  0.6205  0.2153  0.0757  0.4981  0.2637  0.4047  0.3519  0.5959  0.4014  0.2290  0.0172  0.0000  0.0556  0.0000  0.0000  0.0000
 0.2177  0.0000  0.0289  0.0159  0.0292  0.0589  0.0204  0.0318  0.1532  0.0309  1.0000  0.0444  0.0239  0.0326  0.0276  0.0275  0.0396  0.2151  0.5206  0.0129  0.0000  0.3308  0.0000  0.0000  0.0000
 0.0148  0.0000  0.0014  0.0042  0.0198  0.0028  0.0104  0.0115  0.0057  0.2065  0.0132  0.0044  0.0138  1.0000  0.1075  0.1654  0.1822  0.0153  0.0077  0.0020  0.0000  0.0058  0.0000  0.0000  0.0000
 0.3053  0.0000  0.0177  0.2030  0.5043  0.0180  0.1241  0.0412  0.1204  1.0000  0.0998  0.0349  0.1612  0.2232  0.3460  0.4151  0.3233  0.2371  0.0937  0.0061  0.0000  0.0707  0.0000  0.0000  0.0000
 0.2585  0.0000  0.0901  0.1045  0.1395  0.4586  0.1681  0.4096  0.2666  0.1931  1.0000  0.1127  0.1808  0.1043  0.1506  0.2595  0.2043  0.1996  0.2559  0.0942  0.0000  0.5549  0.0000  0.0000  0.0000
 0.3534  0.0000  0.0196  0.2296  0.5035  0.0183  0.2120  0.0446  0.0686  1.0000  0.1107  0.0388  0.4599  0.1006  0.3304  0.4445  0.3881  0.5143  0.1046  0.0063  0.0000  0.0139  0.0000  0.0000  0.0000
 0.7236  0.0000  0.0571  0.6164  1.0000  0.0787  0.3677  0.1433  0.1903  0.9036  0.3850  0.1079  0.4875  0.2668  0.5775  0.5067  0.6942  0.5467  0.3058  0.0248  0.0000  0.0823  0.0000  0.0000  0.0000
 0.4509  0.0000  0.0259  0.5542  0.9160  0.0271  0.1947  0.0666  0.0927  0.4764  0.1507  0.0533  0.2508  0.3230  0.6139  0.3177  1.0000  0.2876  0.1432  0.0098  0.0000  0.0228  0.0000  0.0000  0.0000
 0.5647  0.0000  0.0355  0.3948  0.8723  0.0398  1.0000  0.2552  0.1216  0.6470  0.2477  0.0688  0.3130  0.1742  0.4619  0.3338  0.5198  0.4227  0.1842  0.0130  0.0000  0.0361  0.0000  0.0000  0.0000
 1.0000  0.0000  0.1721  0.6323  0.9740  0.5599  0.5498  0.5353  0.4919  0.9447  0.7274  0.2710  0.6070  0.3618  0.7109  0.6753  0.8808  0.7295  0.6789  0.1503  0.0000  0.7727  0.0000  0.0000  0.0000
 0.8743  0.0000  0.0896  0.5717  0.9166  0.1597  0.3813  0.1952  0.2962  0.8897  0.5530  0.1421  0.5160  0.3289  0.6686  0.5773  0.7391  1.0000  0.6532  0.0458  0.0000  0.1918  0.0000  0.0000  0.0000
 0.6765  0.0000  0.0478  0.5769  0.9409  0.0447  0.3552  0.1088  0.1674  1.0000  0.3511  0.0947  0.5243  0.3141  0.5449  0.5029  0.6863  0.5132  0.2553  0.0154  0.0000  0.0340  0.0000  0.0000  0.0000
 0.3985  0.0000  0.1148  0.2390  0.1846  0.4549  0.2147  0.3489  0.2629  0.1942  1.0000  0.2759  0.2010  0.1936  0.2348  0.2274  0.2634  0.2582  0.3780  0.1191  0.0000  0.8163  0.0000  0.0000  0.0000
 0.8484  0.0000  0.0538  0.6226  1.0000  0.0525  0.3789  0.1229  0.2060  0.9547  0.3580  0.1060  0.5347  0.3688  0.6671  0.5503  0.9171  0.5886  0.2853  0.0179  0.0000  0.0420  0.0000  0.0000  0.0000
 0.1762  0.0000  0.0081  0.0908  0.0342  0.0046  0.2420  0.0089  0.0093  0.0316  0.0135  0.0058  0.0448  0.0238  0.0957  0.0183  1.0000  0.1718  0.0179  0.0022  0.0000  0.0057  0.0000  0.0000  0.0000
 0.3984  0.0000  0.2211  0.1510  0.2007  0.6442  0.2426  0.4233  0.4029  0.2137  0.5161  0.1625  0.2261  0.1503  0.2160  0.2774  0.3257  0.2879  0.3697  0.1362  0.0000  1.0000  0.0000  0.0000  0.0000
 0.6273  0.0000  0.0416  0.4822  0.9972  0.0399  0.3594  0.0939  0.1426  0.7052  0.2303  0.0809  0.4162  0.3244  0.7311  0.3978  1.0000  0.4376  0.3210  0.0137  0.0000  0.0317  0.0000  0.0000  0.0000
 0.4322  0.0000  0.0262  0.3518  0.5054  0.0255  0.2400  0.0616  0.1548  0.4141  0.1350  0.0475  0.5112  0.3493  0.2645  0.2332  1.0000  0.2644  0.1279  0.0089  0.0000  0.0234  0.0000  0.0000  0.0000
 0.0080  0.0000  0.0008  0.0040  0.0106  0.0012  0.0052  0.0044  0.0024  0.1653  0.0051  0.0018  0.0063  1.0000  0.0495  0.0267  0.0079  0.0468  0.0036  0.0008  0.0000  0.0023  0.0000  0.0000  0.0000
 0.9367  0.0000  0.0483  0.5653  0.9697  0.0454  0.3427  0.1100  0.1687  1.0000  0.3067  0.0955  0.4458  0.4174  0.6861  0.4747  0.7339  0.6569  0.2573  0.0157  0.0000  0.0350  0.0000  0.0000  0.0000
 0.5746  0.0000  0.1802  0.2525  0.3490  0.7143  0.3660  0.5482  0.4075  0.3607  0.7172  0.2352  0.3681  0.2247  0.3441  0.3861  0.4665  0.4339  0.5402  0.1852  0.0000  1.0000  0.0000  0.0000  0.0000
 0.8166  0.0000  0.0559  0.5926  0.9649  0.0684  0.3732  0.2029  0.1910  1.0000  0.3127  0.1092  0.6424  0.3340  0.8796  0.7073  0.7070  0.6500  0.3402  0.0232  0.0000  0.0687  0.0000  0.0000  0.0000
 0.7122  0.0000  0.0729  0.2852  0.4408  0.1779  0.3325  0.2319  0.1616  0.4728  0.2674  0.1308  0.2606  0.2172  0.2923  0.2871  1.0000  0.3347  0.3976  0.0491  0.0000  0.2384  0.0000  0.0000  0.0000
 1.0000  0.0000  0.1124  0.2283  0.3164  0.1999  0.5403  0.1507  0.1573  0.3594  0.2596  0.0985  0.2360  0.2600  0.2300  0.2303  0.7474  0.5715  0.5669  0.0522  0.0000  0.2344  0.0000  0.0000  0.0000
 0.3697  0.0000  0.1270  0.1456  0.1958  0.9816  0.2882  0.4049  0.3473  0.2145  1.0000  0.2024  0.2188  0.1494  0.3590  0.2528  0.2847  0.2820  0.4733  0.1334  0.0000  0.7032  0.0000  0.0000  0.0000
 0.9035  0.0000  0.1005  0.6412  1.0000  0.2235  0.5857  0.2500  0.2728  0.9239  0.4563  0.1545  0.5932  0.4387  0.6139  0.5680  0.8592  0.7218  0.3964  0.1114  0.0000  0.2881  0.0000  0.0000  0.0000
 0.3833  0.0000  0.0522  0.1095  0.0983  0.0503  0.1362  0.0342  0.0708  0.1782  0.0792  0.0384  0.1668  0.3701  0.0900  0.0821  1.0000  0.9701  0.1234  0.0161  0.0000  0.0359  0.0000  0.0000  0.0000
 1.0000  0.0000  0.1132  0.0959  0.1218  0.1527  0.6393  0.0955  0.1294  0.1342  0.3092  0.0926  0.1021  0.2772  0.1063  0.1175  0.5018  0.2124  0.2452  0.0457  0.0000  0.1739  0.0000  0.0000  0.0000
 0.7726  0.0000  0.0539  0.6096  1.0000  0.0571  0.3727  0.1360  0.1862  0.9539  0.3181  0.1053  0.4998  0.2909  0.5751  0.5265  0.7160  0.6165  0.3223  0.0190  0.0000  0.0493  0.0000  0.0000  0.0000
 0.4023  0.0000  0.0434  0.2573  0.1713  0.0283  0.2002  0.0642  0.0614  0.1932  0.0729  0.0326  1.0000  0.1239  0.7939  0.1245  0.5688  0.9349  0.1060  0.0153  0.0000  0.0425  0.0000  0.0000  0.0000
 0.2773  0.0000  0.0221  0.1190  0.3206  0.0374  0.2512  0.1276  0.0817  1.0000  0.1706  0.0789  0.1926  0.1393  0.4060  0.8496  0.2175  0.2178  0.1155  0.0226  0.0000  0.0662  0.0000  0.0000  0.0000
 0.3305  0.0000  0.0253  0.2435  0.5327  0.0320  0.3578  0.0902  0.0916  1.0000  0.1902  0.0986  0.3471  0.1401  0.3324  0.7216  0.3135  0.2655  0.1352  0.0148  0.0000  0.0406  0.0000  0.0000  0.0000
 0.5602  0.0000  0.1349  0.2244  0.3416  0.4545  0.2673  0.4726  0.3581  0.3971  0.8485  0.1730  0.2784  0.2469  0.3865  0.4063  0.3801  0.5762  1.0000  0.1203  0.0000  0.6347  0.0000  0.0000  0.0000
 0.2239  0.0000  0.0064  0.1562  0.1108  0.0083  0.0581  0.1735  0.0085  0.0459  0.0149  0.0057  0.0751  1.0000  0.0945  0.0225  0.1292  0.0394  0.0152  0.0032  0.0000  0.0133  0.0000  0.0000  0.0000
 0.7510  0.0000  0.1866  0.3809  0.5668  0.6457  0.4153  0.5245  0.4705  0.6824  0.7629  0.2816  0.4442  0.2885  0.4883  0.5183  0.8251  0.6836  1.0000  0.2341  0.0000  0.9013  0.0000  0.0000  0.0000
 0.7419  0.0000  0.0532  0.6291  1.0000  0.0537  0.3737  0.1233  0.1853  0.9174  0.3263  0.1049  0.4852  0.2705  0.5867  0.5237  0.7231  0.5623  0.2847  0.0182  0.0000  0.0445  0.0000  0.0000  0.0000
 0.3389  0.0000  0.0436  0.3646  0.5379  0.1366  0.2751  0.1586  0.1072  0.6629  0.1918  0.0665  0.4159  0.3628  0.3335  1.0000  0.4340  0.3009  0.1536  0.0330  0.0000  0.1404  0.0000  0.0000  0.0000
 0.2847  0.0000  0.0151  0.0122  0.0143  0.0060  0.0811  0.0029  0.0084  0.0156  0.0159  0.1397  0.0114  1.0000  0.0108  0.0111  0.2666  0.0373  0.0275  0.0022  0.0000  0.0047  0.0000  0.0000  0.0000
 0.1757  0.0000  0.0553  0.1001  0.0811  0.3979  0.0886  0.1406  0.2821  0.0874  1.0000  0.3399  0.0858  0.1431  0.1196  0.0993  0.1119  0.1281  0.4706  0.0561  0.0000  0.2578  0.0000  0.0000  0.0000
 0.1654  0.0000  0.0163  0.0901  0.1789  0.0216  0.2397  0.0797  0.0418  1.0000  0.0922  0.0316  0.1382  0.2063  0.2462  0.4598  0.1411  0.1469  0.0627  0.0140  0.0000  0.0414  0.0000  0.0000  0.0000
 0.6085  0.0000  0.2058  0.2747  0.3452  0.6960  0.3820  0.5437  0.4032  0.3599  0.6641  0.2290  0.3552  0.2348  0.3354  0.3919  0.5134  0.4647  0.5229  0.1837  0.0000  1.0000  0.0000  0.0000  0.0000
 0.5515  0.0000  0.0688  0.0570  0.0882  0.2588  0.0807  0.1283  0.7153  0.0944  0.5705  0.2054  0.0838  0.0787  0.1689  0.2054  0.1158  0.1883  1.0000  0.0489  0.0000  0.2354  0.0000  0.0000  0.0000
 1.0000  0.0000  0.0901  0.0770  0.0978  0.0368  0.6069  0.0204  0.0426  0.1316  0.0925  0.0425  0.0665  0.4153  0.0722  0.0815  0.4663  0.1641  0.2102  0.0133  0.0000  0.0306  0.0000  0.0000  0.0000
 1.0000  0.0000  0.0166  0.0785  0.1209  0.0110  0.2655  0.0168  0.0270  0.2879  0.0449  0.0171  0.0653  0.1892  0.0734  0.0668  0.2781  0.2913  0.1966  0.0039  0.0000  0.0097  0.0000  0.0000  0.0000
 1.0000  0.0000  0.0608  0.6874  0.9700  0.0704  0.5088  0.1342  0.3180  0.9005  0.3119  0.1104  0.7339  0.2786  0.5752  0.5141  0.9877  0.9366  0.4319  0.0233  0.0000  0.0682  0.0000  0.0000  0.0000
 0.1366  0.0000  0.0127  0.0437  0.1866  0.0252  0.0896  0.0993  0.1585  1.0000  0.1200  0.0399  0.1218  0.0939  0.4712  0.7092  0.1169  0.1760  0.0736  0.0175  0.0000  0.0506  0.0000  0.0000  0.0000
 0.0664  0.0000  0.0050  0.0790  0.2356  0.0068  0.0406  0.0216  0.0133  1.0000  0.0263  0.0094  0.0462  0.1931  0.0713  0.0965  0.1209  0.0459  0.0215  0.0038  0.0000  0.0109  0.0000  0.0000  0.0000
 0.0470  0.0000  0.0095  0.0280  0.0191  0.0052  0.0185  0.0076  0.0142  0.0251  0.0140  0.0072  0.1081  0.0957  0.1045  0.0156  0.2086  1.0000  0.0222  0.0032  0.0000  0.0064  0.0000  0.0000  0.0000
 0.5925  0.0000  0.0486  1.0000  0.8411  0.1543  0.3681  0.1177  0.2025  0.7136  0.2571  0.0898  0.5428  0.2713  0.4575  0.4804  0.6332  0.4502  0.2377  0.0216  0.0000  0.0758  0.0000  0.0000  0.0000
 0.5505  0.0000  0.1809  0.2046  0.2747  0.7135  0.3262  0.5331  0.4232  0.2923  0.6697  0.2560  0.3055  0.3085  0.2932  0.3451  0.4061  0.4562  0.5811  0.1824  0.0000  1.0000  0.0000  0.0000  0.0000
 0.2183  0.0000  0.0157  0.0655  0.2083  0.0280  0.0965  0.0938  0.0624  0.7974  0.1233  0.0411  0.1254  0.0958  1.0000  0.6438  0.1325  0.1471  0.2477  0.0170  0.0000  0.0506  0.0000  0.0000  0.0000
 0.2934  0.0000  0.0259  0.0980  0.1335  0.0160  0.1046  0.0261  0.0428  1.0000  0.0597  0.0247  0.1066  0.1716  0.0944  0.1012  0.5046  0.4442  0.0745  0.0077  0.0000  0.0168  0.0000  0.0000  0.0000
 0.2588  0.0000  0.0235  1.0000  0.1755  0.0170  0.1295  0.0417  0.0427  0.1628  0.0581  0.0236  0.3242  0.1756  0.1093  0.0917  0.4105  0.5612  0.0670  0.0083  0.0000  0.0228  0.0000  0.0000  0.0000
 0.1130  0.0000  0.0296  0.0364  0.0486  0.1280  0.0837  0.0439  1.0000  0.0562  0.4961  0.0913  0.0449  0.0316  0.0389  0.0512  0.0722  0.1167  0.9467  0.0233  0.0000  0.1073  0.0000  0.0000  0.0000
 0.1671  0.0000  0.0103  0.0833  0.1345  0.0145  0.2287  0.0516  0.0312  1.0000  0.0638  0.0217  0.1642  0.0578  0.1411  0.3444  0.1055  0.0907  0.0452  0.0085  0.0000  0.0259  0.0000  0.0000  0.0000
 0.4343  0.0000  0.0215  0.1577  0.3473  0.0460  0.1349  0.3673  0.0703  0.9310  0.1412  0.0481  0.1675  1.0000  0.4411  0.5691  0.1827  0.1772  0.1008  0.0217  0.0000  0.0753  0.0000  0.0000  0.0000
 0.7689  0.0000  0.0451  0.5073  0.4844  0.0610  0.3585  0.3196  0.1000  0.7509  0.1667  0.0591  0.6973  0.1736  0.3158  0.3331  1.0000  0.3721  0.1506  0.0224  0.0000  0.0892  0.0000  0.0000  0.0000
 1.0000  0.0000  0.1358  0.1768  0.2450  0.2651  0.5656  0.2148  0.1968  0.4012  0.3830  0.1300  0.2193  0.2875  0.2384  0.3469  0.5754  0.3212  0.3175  0.0739  0.0000  0.3482  0.0000  0.0000  0.0000
 0.3775  0.0000  0.0130  0.1298  0.2253  0.0176  0.0991  0.0564  0.0432  1.0000  0.0816  0.0281  0.2202  0.0748  0.4330  0.2927  0.1491  0.1284  0.0638  0.0093  0.0000  0.0272  0.0000  0.0000  0.0000
 0.0406  0.0000  0.0040  0.0092  0.0571  0.0087  0.0288  0.2871  0.0172  0.3944  0.0402  0.0133  0.0394  0.0312  1.0000  0.5290  0.0336  0.0429  0.0228  0.0063  0.0000  0.0183  0.0000  0.0000  0.0000
 0.5840  0.0000  0.1954  0.4276  0.3735  0.6751  0.5054  0.5856  0.3919  0.5809  0.6582  0.2237  0.5917  0.2625  0.4018  0.5708  0.5557  0.4820  0.5060  0.1835  0.0000  1.0000  0.0000  0.0000  0.0000
 0.0122  0.0000  0.0015  0.0060  0.0163  0.0028  0.0113  0.1687  0.0050  0.0734  0.0115  0.0037  0.0141  0.0096  0.0254  1.0000  0.0110  0.0125  0.0066  0.0020  0.0000  0.0056  0.0000  0.0000  0.0000
 0.0249  0.0000  0.0064  0.0031  0.0063  0.0699  0.0051  0.0048  0.1159  0.0082  1.0000  0.0693  0.0057  0.0098  0.0113  0.0080  0.0075  0.0151  0.1345  0.1628  0.0000  0.0205  0.0000  0.0000  0.0000
 0.2633  0.0000  0.0271  0.0585  0.0423  0.0142  0.3848  0.0149  0.0151  0.0453  0.0337  0.0127  0.0542  1.0000  0.0289  0.0332  0.1443  0.0552  0.0446  0.0078  0.0000  0.0138  0.0000  0.0000  0.0000
 0.3102  0.0000  0.0632  0.0619  0.0970  0.1132  0.0486  0.0470  0.4580  0.1336  0.5193  0.3249  0.0910  0.0967  0.2851  0.0982  0.2582  1.0000  0.5413  0.0223  0.0000  0.0617  0.0000  0.0000  0.0000
 0.3173  0.0000  0.0608  0.0654  0.1066  0.0564  0.0600  0.0448  1.0000  0.3591  0.2757  0.0800  0.1116  0.1075  0.1136  0.1834  0.3330  0.9595  0.5985  0.0163  0.0000  0.0409  0.0000  0.0000  0.0000
 0.4364  0.0000  0.0481  0.6378  1.0000  0.0591  0.2444  0.1065  0.1954  0.3785  0.1943  0.0641  0.3249  0.1916  0.3258  0.1919  0.3160  0.3019  0.3629  0.0204  0.0000  0.0712  0.0000  0.0000  0.0000
 0.3707  0.0000  0.0841  0.1195  0.3078  0.3476  0.2205  0.3026  0.2742  0.9848  0.5139  0.1562  0.2444  0.1876  0.4628  1.0000  0.2753  0.3144  0.3759  0.0872  0.0000  0.4082  0.0000  0.0000  0.0000
 0.0167  0.0000  0.0015  0.0055  0.1709  0.0032  0.0115  0.0137  0.0067  1.0000  0.0156  0.0052  0.0157  0.0125  0.0370  0.4633  0.0137  0.0171  0.0090  0.0024  0.0000  0.0069  0.0000  0.0000  0.0000
 0.0623  0.0000  0.0064  0.0176  0.0094  0.0028  1.0000  0.0039  0.0030  0.0098  0.0064  0.0029  0.0191  0.0167  0.0066  0.0064  0.2531  0.0152  0.0100  0.0012  0.0000  0.0032  0.0000  0.0000  0.0000
 0.0000  0.0000  0.0000  0.0000  0.0000  0.0000  1.0000  0.0000  0.0000  0.0000  0.0000  0.0000  0.0000  0.0000  0.0000  0.0000  0.0000  0.0000  0.0000  0.0000  0.0000  0.0000  0.0000  0.0000  0.0000
 0.0000  0.0000  0.0000  0.0000  0.0000  0.0000  0.0000  0.0000  0.0000  0.0000  0.0000  0.0000  0.0000  0.0000  0.0000  1.0000  0.0000  0.0000  0.0000  0.0000  0.0000  0.0000  0.0000  0.0000  0.0000
//
