ID   UNK_ID; MATRIX
AC   UNK_AC
DE   UNK_DE
MA   UNK_BL
  A   B   C   D   E   F   G   H   I   K   L   M   N   P   Q   R   S   T   V   W   X   Y   Z   *   -
 0.0000  0.0000  0.0000  0.0000  0.0000  0.0000  0.0000  0.0000  0.0000  0.0000  0.0000  1.0000  0.0000  0.0000  0.0000  0.0000  0.0000  0.0000  0.0000  0.0000  0.0000  0.0000  0.0000  0.0000  0.0000
 1.0000  0.0000  0.0074  0.0057  0.0070  0.0031  0.0367  0.0015  0.0069  0.0076  0.0093  0.0039  0.0054  0.0176  0.0053  0.0053  0.2661  0.0193  0.0922  0.0011  0.0000  0.0023  0.0000  0.0000  0.0000
 0.1765  0.0000  0.0084  0.0152  0.0794  0.0127  0.0455  0.0459  0.0325  1.0000  0.0603  0.0200  0.0531  0.0462  0.1235  0.4053  0.0545  0.0665  0.1677  0.0084  0.0000  0.0240  0.0000  0.0000  0.0000
 0.6843  0.0000  0.1384  0.8631  0.5704  0.3691  0.7609  0.4364  0.2333  0.6659  0.4049  0.1406  1.0000  0.3030  0.4678  0.5226  0.7293  0.4751  0.3298  0.1095  0.0000  0.6296  0.0000  0.0000  0.0000
 0.5035  0.0000  0.1723  0.2184  0.2709  0.6883  0.3543  0.5216  0.4928  0.2960  0.7300  0.2323  0.3295  0.2031  0.2899  0.3450  0.4017  0.3880  0.5660  0.1786  0.0000  1.0000  0.0000  0.0000  0.0000
 0.0127  0.0000  0.0007  0.5404  1.0000  0.0014  0.0124  0.0051  0.0015  0.0138  0.0028  0.0011  0.1384  0.0082  0.0159  0.0045  0.0117  0.0070  0.0028  0.0007  0.0000  0.0026  0.0000  0.0000  0.0000
 1.0000  0.0000  0.0119  0.1849  0.2209  0.0117  0.1959  0.0272  0.0414  0.2041  0.0952  0.0513  0.2232  0.0604  0.2637  0.2289  0.8309  0.3013  0.0930  0.0040  0.0000  0.0093  0.0000  0.0000  0.0000
 0.5238  0.0000  0.1803  0.2071  0.2740  0.7074  0.3287  0.5371  0.5317  0.2922  0.7032  0.2300  0.3069  0.2234  0.2931  0.3471  0.4042  0.4100  0.6513  0.1843  0.0000  1.0000  0.0000  0.0000  0.0000
 0.4545  0.0000  0.0322  0.6524  1.0000  0.0301  0.2986  0.1091  0.1125  0.6659  0.2058  0.0636  0.3363  0.1651  0.3544  0.8029  0.7252  0.4151  0.1715  0.0104  0.0000  0.0230  0.0000  0.0000  0.0000
 0.5006  0.0000  0.2209  0.2131  0.2846  0.9242  0.4578  0.5356  0.3885  0.2871  0.6411  0.2178  0.3212  0.2018  0.2900  0.3432  0.4097  0.3864  0.5168  0.2872  0.0000  1.0000  0.0000  0.0000  0.0000
 0.2069  0.0000  0.0334  0.1005  0.2371  0.0966  0.1786  0.1866  0.0970  1.0000  0.2020  0.0677  0.2245  0.1506  0.3652  0.8493  0.1903  0.2072  0.1284  0.0553  0.0000  0.1607  0.0000  0.0000  0.0000
 0.5103  0.0000  0.1746  0.2035  0.2679  0.7189  0.3790  0.5278  0.3878  0.2863  0.6533  0.2172  0.3052  0.2048  0.2883  0.3403  0.4550  0.4495  0.4975  0.1814  0.0000  1.0000  0.0000  0.0000  0.0000
 0.9664  0.0000  1.0000  0.0669  0.0783  0.0333  0.4889  0.0152  0.0406  0.0859  0.0854  0.0401  0.0596  0.6478  0.0593  0.0616  0.5576  0.1743  0.1481  0.0122  0.0000  0.0256  0.0000  0.0000  0.0000
 0.0516  0.0000  0.0102  0.3403  0.0373  0.0085  0.0472  0.0519  0.0150  0.0688  0.0490  0.0086  0.0859  0.0302  0.0354  1.0000  0.2803  0.2708  0.0229  0.0046  0.0000  0.0142  0.0000  0.0000  0.0000
 0.1700  0.0000  0.1936  0.4662  0.5674  0.0220  0.3021  0.0953  0.0319  0.2630  0.0565  0.0201  0.5556  0.0962  0.1515  0.4844  1.0000  0.1626  0.0497  0.0105  0.0000  0.0459  0.0000  0.0000  0.0000
 0.4138  0.0000  0.0052  0.0016  0.0040  0.0625  0.0018  0.0009  0.3838  0.0043  0.0315  0.0076  0.0022  0.0054  0.0028  0.0026  0.0630  0.0183  1.0000  0.0008  0.0000  0.0022  0.0000  0.0000  0.0000
 0.0250  0.0000  0.0044  1.0000  0.1709  0.0038  0.0533  0.0168  0.0039  0.0301  0.0065  0.0026  0.1403  0.0168  0.0227  0.2903  0.3561  0.1017  0.0064  0.0020  0.0000  0.0086  0.0000  0.0000  0.0000
 0.5972  0.0000  0.1624  0.5110  0.7848  0.0462  0.2792  0.0948  0.1549  0.7770  0.2204  0.0845  0.4160  0.2398  0.4087  0.3503  0.9625  1.0000  0.2574  0.0203  0.0000  0.0429  0.0000  0.0000  0.0000
 0.0032  0.0000  0.0015  0.0029  0.0020  1.0000  0.0040  0.0427  0.0029  0.0023  0.0064  0.0017  0.0033  0.0018  0.0019  0.0025  0.0028  0.0024  0.0031  0.0015  0.0000  0.4002  0.0000  0.0000  0.0000
 0.0025  0.0000  0.0001  0.1528  1.0000  0.0002  0.0011  0.0006  0.0003  0.0025  0.0006  0.0002  0.0012  0.0015  0.0032  0.0007  0.0013  0.0011  0.0006  0.0001  0.0000  0.0003  0.0000  0.0000  0.0000
 0.0922  0.0000  0.0092  0.0158  0.1247  0.1269  0.0639  0.0801  0.1086  1.0000  0.1117  0.0346  0.0870  0.0711  0.2128  0.5992  0.0739  0.0973  0.0574  0.0145  0.0000  0.0410  0.0000  0.0000  0.0000
 0.0025  0.0000  0.0006  0.0003  0.0006  0.0060  0.0005  0.0004  0.3558  0.0008  1.0000  0.0206  0.0006  0.0010  0.0300  0.0008  0.0007  0.0015  0.0633  0.0007  0.0000  0.0008  0.0000  0.0000  0.0000
 0.3371  0.0000  0.0355  1.0000  0.8481  0.0367  0.6214  0.1652  0.0290  0.3000  0.0579  0.0220  0.8542  0.1725  0.2620  0.1303  0.4268  0.2033  0.0527  0.0183  0.0000  0.0834  0.0000  0.0000  0.0000
 0.0126  0.0000  0.0012  0.0026  0.0180  0.0026  0.0089  0.0217  0.1508  1.0000  0.0129  0.0042  0.0123  0.0099  0.3932  0.0738  0.0103  0.0135  0.0072  0.0020  0.0000  0.0056  0.0000  0.0000  0.0000
 0.0010  0.0000  0.0003  0.0002  0.0003  0.0021  0.0003  0.0001  1.0000  0.0004  0.2193  0.0024  0.0003  0.0003  0.0003  0.0003  0.0003  0.0009  0.0234  0.0003  0.0000  0.0005  0.0000  0.0000  0.0000
 0.0025  0.0000  0.0006  0.0632  0.0017  0.0005  1.0000  0.0011  0.0004  0.0017  0.0008  0.0002  0.0047  0.0020  0.0011  0.0012  0.0029  0.0014  0.0007  0.0004  0.0000  0.0007  0.0000  0.0000  0.0000
 0.0054  0.0000  0.0001  0.0138  1.0000  0.0005  0.0023  0.0013  0.0006  0.0053  0.0012  0.0005  0.0024  0.0031  0.6383  0.0016  0.0673  0.0024  0.0012  0.0002  0.0000  0.0007  0.0000  0.0000  0.0000
 0.0000  0.0000  0.0000  0.0000  0.0000  0.0000  1.0000  0.0000  0.0000  0.0000  0.0000  0.0000  0.0000  0.0000  0.0000  0.0000  0.0000  0.0000  0.0000  0.0000  0.0000  0.0000  0.0000  0.0000  0.0000
 0.0000  0.0000  0.0000  0.0000  0.0000  0.0000  0.0000  0.0000  0.0000  0.0000  0.0000  0.0000  0.0000  0.0000  0.0000  0.0000  0.0000  1.0000  0.0000  0.0000  0.0000  0.0000  0.0000  0.0000  0.0000
 0.0010  0.0000  0.0005  0.0002  0.0003  0.6774  0.0002  0.0000  0.0022  0.0000  0.0053  0.0011  0.0000  0.0004  0.0000  0.0000  0.0007  0.0006  0.0020  0.0050  0.0000  1.0000  0.0000  0.0000  0.0000
 0.0124  0.0000  0.0013  0.0023  0.0015  0.0006  1.0000  0.0005  0.0006  0.0016  0.0013  0.0006  0.0023  0.0034  0.0011  0.0012  0.2806  0.0025  0.0020  0.0003  0.0000  0.0005  0.0000  0.0000  0.0000
 0.0610  0.0000  0.0042  0.1110  1.0000  0.0063  0.0219  0.0137  0.0189  0.0658  0.0223  0.0264  0.4442  0.0310  0.8071  0.0309  0.0418  0.0851  0.1539  0.0027  0.0000  0.0076  0.0000  0.0000  0.0000
 0.0000  0.0000  0.0000  0.0000  0.0000  0.0000  0.0000  0.0000  0.0000  0.0000  0.0000  0.0000  0.0000  0.0000  0.0000  0.0000  0.0000  0.0000  1.0000  0.0000  0.0000  0.0000  0.0000  0.0000  0.0000
 0.0007  0.0000  0.0003  0.0001  0.0002  0.3010  0.0001  0.0000  0.0014  0.0000  0.0034  0.0007  0.0000  0.0003  0.0000  0.0000  0.0005  0.0004  0.0013  0.0032  0.0000  1.0000  0.0000  0.0000  0.0000
 0.0178  0.0000  0.0017  0.0031  0.0246  0.0037  0.0126  0.0157  0.0076  1.0000  0.0181  0.3103  0.0171  0.0139  0.0419  0.2824  0.0145  0.0189  0.0101  0.0028  0.0000  0.0079  0.0000  0.0000  0.0000
 1.0000  0.0000  0.0000  0.0000  0.0000  0.0000  0.0000  0.0000  0.0000  0.0000  0.0000  0.0000  0.0000  0.0000  0.0000  0.0000  0.0000  0.0000  0.0000  0.0000  0.0000  0.0000  0.0000  0.0000  0.0000
 0.0023  0.0000  0.0002  0.0005  0.0031  0.0005  0.0017  0.0020  0.0010  0.6107  0.0023  0.0007  0.0022  0.0018  0.0053  1.0000  0.0018  0.0024  0.0013  0.0004  0.0000  0.0010  0.0000  0.0000  0.0000
 0.0705  0.0000  0.0955  1.0000  0.4240  0.0050  0.0820  0.2929  0.0031  0.0363  0.0064  0.0023  0.2318  0.0201  0.0255  0.0181  0.3394  0.0274  0.0052  0.0025  0.0000  0.0127  0.0000  0.0000  0.0000
 0.0709  0.0000  0.0081  0.0155  0.0848  0.0141  0.0442  0.0529  0.1443  1.0000  0.1697  0.0221  0.0642  0.0510  0.1407  0.5300  0.1240  0.2917  0.0438  0.0099  0.0000  0.0277  0.0000  0.0000  0.0000
 0.4785  0.0000  0.0309  0.6298  0.7606  0.0288  0.2517  0.0702  0.1583  1.0000  0.2350  0.0612  0.2864  0.1588  0.5096  0.4846  0.5206  0.3318  0.3085  0.0099  0.0000  0.0219  0.0000  0.0000  0.0000
 0.0313  0.0000  0.0027  0.1413  0.0050  0.0014  0.0068  0.0025  0.0037  0.0063  0.0035  0.0019  0.1282  0.0068  0.0595  0.0038  0.2497  1.0000  0.0058  0.0009  0.0000  0.0020  0.0000  0.0000  0.0000
 0.0046  0.0000  0.0005  0.0024  0.0064  0.0009  1.0000  0.0041  0.0018  0.1782  0.0043  0.0271  0.0778  0.0036  0.0411  0.0370  0.0043  0.0049  0.0025  0.0007  0.0000  0.0021  0.0000  0.0000  0.0000
 0.1981  0.0000  0.0047  0.1972  1.0000  0.0044  0.0336  0.0109  0.0164  0.7970  0.0266  0.0093  0.0436  0.0246  0.1890  0.1380  0.2787  0.1131  0.0251  0.0015  0.0000  0.0034  0.0000  0.0000  0.0000
 0.0063  0.0000  0.0018  0.0011  0.0016  0.0977  0.0020  0.0005  1.0000  0.1792  0.2112  0.0530  0.0015  0.0016  0.0015  0.0019  0.0022  0.0230  0.1610  0.0012  0.0000  0.0030  0.0000  0.0000  0.0000
 0.0000  0.0000  0.0000  0.0000  0.0000  0.0000  0.0000  0.0000  0.0000  0.0000  0.0000  0.0000  0.0000  0.0000  0.0000  0.0000  0.0000  0.0000  1.0000  0.0000  0.0000  0.0000  0.0000  0.0000  0.0000
 1.0000  0.0000  0.0000  0.0000  0.0000  0.0000  0.0000  0.0000  0.0000  0.0000  0.0000  0.0000  0.0000  0.0000  0.0000  0.0000  0.0000  0.0000  0.0000  0.0000  0.0000  0.0000  0.0000  0.0000  0.0000
 0.0008  0.0000  0.0002  0.0001  0.0002  0.0022  0.0002  0.0002  0.0040  0.0003  1.0000  0.0514  0.0002  0.0003  0.0004  0.0003  0.0002  0.0005  0.0022  0.0003  0.0000  0.0003  0.0000  0.0000  0.0000
 0.0012  0.0000  0.0002  0.0015  0.0014  0.0003  0.0019  0.0009  0.0004  1.0000  0.0009  0.0003  0.0095  0.0012  0.0018  0.0041  0.0014  0.0011  0.0005  0.0002  0.0000  0.0005  0.0000  0.0000  0.0000
 0.0000  0.0000  0.0000  0.0000  0.0000  0.0000  0.0000  0.0000  0.0000  1.0000  0.0000  0.0000  0.0000  0.0000  0.0000  0.0000  0.0000  0.0000  0.0000  0.0000  0.0000  0.0000  0.0000  0.0000  0.0000
 0.0011  0.0000  0.0004  0.0002  0.0003  0.0013  0.0004  0.0000  0.5511  0.0004  0.0071  0.0013  0.0003  0.0002  0.0001  0.0003  0.0004  0.0013  1.0000  0.0002  0.0000  0.0006  0.0000  0.0000  0.0000
 0.1313  0.0000  0.0165  0.0211  0.1528  0.0843  0.0794  0.0988  0.1838  0.7892  0.7099  0.1131  0.1078  0.0932  0.2626  1.0000  0.0932  0.1282  0.1305  0.0239  0.0000  0.0553  0.0000  0.0000  0.0000
 0.0028  0.0000  0.0007  0.0003  0.0007  0.3234  0.0006  0.0005  0.0138  0.0009  0.2020  1.0000  0.0007  0.0012  0.0014  0.0009  0.0008  0.0016  0.0076  0.0012  0.0000  0.0025  0.0000  0.0000  0.0000
 0.0137  0.0000  0.0002  1.0000  0.3996  0.0013  0.0059  0.2732  0.0016  0.0140  0.0031  0.0013  0.0072  0.0084  0.0180  0.0038  0.0075  0.0062  0.0314  0.0006  0.0000  0.0018  0.0000  0.0000  0.0000
 0.0016  0.0000  0.0003  0.0057  0.0020  0.0003  0.0046  0.0014  0.0003  0.0610  0.0006  0.0002  1.0000  0.0015  0.0015  0.0020  0.0033  0.0015  0.0004  0.0002  0.0000  0.0007  0.0000  0.0000  0.0000
 0.0019  0.0000  0.0000  0.0239  1.0000  0.0002  0.0007  0.0005  0.0002  0.0019  0.0004  0.0002  0.0008  0.0011  0.0432  0.0005  0.0009  0.0008  0.0004  0.0001  0.0000  0.0002  0.0000  0.0000  0.0000
 0.0239  0.0000  0.0023  0.0041  0.0319  0.0048  0.0166  0.0204  0.0099  1.0000  0.0233  0.0077  0.0222  0.3461  0.0542  0.4551  0.0191  0.0247  0.0555  0.0036  0.0000  0.0103  0.0000  0.0000  0.0000
 0.0028  0.0000  0.0001  0.2097  1.0000  0.0003  0.0012  0.0007  0.0003  0.0028  0.0006  0.0003  0.0013  0.0017  0.0036  0.0008  0.0014  0.0012  0.0006  0.0001  0.0000  0.0004  0.0000  0.0000  0.0000
 0.0122  0.0000  0.0012  0.0023  0.0015  0.0006  1.0000  0.0005  0.0006  0.0016  0.0013  0.0006  0.0022  0.0034  0.0011  0.0012  0.2776  0.0025  0.0020  0.0003  0.0000  0.0005  0.0000  0.0000  0.0000
 0.0029  0.0000  0.0012  0.0006  0.0007  1.0000  0.0011  0.0002  0.0057  0.0003  0.0122  0.0026  0.0003  0.0011  0.0003  0.0004  0.0015  0.0018  0.2689  0.0078  0.0000  0.0311  0.0000  0.0000  0.0000
 0.0052  0.0000  0.0005  0.0011  0.0066  0.0010  0.0038  0.0042  0.0020  0.1553  0.0048  0.0016  0.0047  1.0000  0.0111  0.1771  0.0041  0.0051  0.0027  0.0008  0.0000  0.0021  0.0000  0.0000  0.0000
 0.0024  0.0000  0.0007  0.0003  0.0006  0.2983  0.0005  0.0004  1.0000  0.0008  0.1106  0.0078  0.0006  0.0010  0.0012  0.0008  0.0007  0.0015  0.0088  0.0013  0.0000  0.0030  0.0000  0.0000  0.0000
 0.0085  0.0000  0.0019  0.0027  0.0020  0.0020  0.0041  0.0010  0.0037  0.0026  0.0061  0.2692  0.0040  0.0037  0.0021  0.0020  0.0163  1.0000  0.0053  0.0008  0.0000  0.0015  0.0000  0.0000  0.0000
 1.0000  0.0000  0.0008  0.0006  0.0007  0.0003  0.0044  0.0001  0.0004  0.0008  0.0008  0.0004  0.0005  0.0020  0.0005  0.0006  0.0621  0.0015  0.0013  0.0001  0.0000  0.0002  0.0000  0.0000  0.0000
 0.0040  0.0000  0.0011  0.0005  0.0010  0.0107  0.0009  0.0008  0.8213  0.0014  1.0000  0.0130  0.0010  0.0017  0.0020  0.0014  0.0012  0.0024  0.0138  0.0013  0.0000  0.0015  0.0000  0.0000  0.0000
 0.0000  0.0000  0.0000  0.0000  0.0000  0.0000  0.0000  0.0000  0.0000  0.0000  0.0000  0.0000  0.0000  0.0000  0.0000  1.0000  0.0000  0.0000  0.0000  0.0000  0.0000  0.0000  0.0000  0.0000  0.0000
 0.0000  0.0000  0.0000  0.0000  1.0000  0.0000  0.0000  0.0000  0.0000  0.0000  0.0000  0.0000  0.0000  0.0000  0.0000  0.0000  0.0000  0.0000  0.0000  0.0000  0.0000  0.0000  0.0000  0.0000  0.0000
 0.0000  0.0000  0.0000  0.0000  0.0000  0.0000  0.0000  0.0000  1.0000  0.0000  0.0000  0.0000  0.0000  0.0000  0.0000  0.0000  0.0000  0.0000  0.0000  0.0000  0.0000  0.0000  0.0000  0.0000  0.0000
 0.0263  0.0000  0.0026  0.0047  0.0364  0.0057  0.0186  0.0759  0.0114  1.0000  0.2046  0.0089  0.0902  0.0206  0.0621  0.1941  0.0215  0.0281  0.0359  0.0042  0.0000  0.0121  0.0000  0.0000  0.0000
 0.0009  0.0000  0.0003  0.0002  0.0003  0.0017  0.0004  0.0001  1.0000  0.0004  0.2374  0.0018  0.0003  0.0002  0.0002  0.0003  0.0004  0.0009  0.0637  0.0002  0.0000  0.0005  0.0000  0.0000  0.0000
 0.0000  0.0000  0.0000  0.0000  0.0000  0.0000  0.0000  0.0000  0.0000  0.0000  1.0000  0.0000  0.0000  0.0000  0.0000  0.0000  0.0000  0.0000  0.0000  0.0000  0.0000  0.0000  0.0000  0.0000  0.0000
 0.0100  0.0000  0.0010  0.0017  0.0140  0.0021  0.0071  0.0090  0.0043  1.0000  0.1318  0.0034  0.0097  0.0079  0.4621  0.7722  0.0082  0.0108  0.0057  0.0016  0.0000  0.0045  0.0000  0.0000  0.0000
 0.1897  0.0000  0.0166  0.0853  0.2728  0.0306  0.1177  0.1117  0.0750  1.0000  0.2441  0.1376  0.1581  0.1150  0.3784  0.7999  0.1959  0.1781  0.0938  0.0196  0.0000  0.0563  0.0000  0.0000  0.0000
 0.0010  0.0000  0.0003  0.0001  0.0003  0.0614  0.0002  0.0002  0.0050  0.0003  1.0000  0.0033  0.0002  0.0004  0.0005  0.0003  0.0003  0.0006  0.0159  0.0004  0.0000  0.0007  0.0000  0.0000  0.0000
 0.5419  0.0000  0.0392  0.8188  0.7191  0.0398  0.2733  0.4610  0.2107  1.0000  0.2193  0.0769  0.4442  0.1971  0.5419  0.4360  0.8427  0.4652  0.2816  0.0134  0.0000  0.0332  0.0000  0.0000  0.0000
 0.0000  0.0000  0.0000  0.0000  0.0000  0.0000  0.0000  1.0000  0.0000  0.0000  0.0000  0.0000  0.0000  0.0000  0.0000  0.0000  0.0000  0.0000  0.0000  0.0000  0.0000  0.0000  0.0000  0.0000  0.0000
 0.3419  0.0000  0.0146  0.1716  1.0000  0.0144  0.1043  0.0366  0.0515  0.3042  0.1266  0.0296  0.1356  0.9185  0.4640  0.3797  0.2255  0.2077  0.0783  0.0054  0.0000  0.0125  0.0000  0.0000  0.0000
 0.0024  0.0000  0.0005  0.0067  0.0021  0.0003  0.0052  0.0015  0.0003  0.0021  0.0005  0.0002  1.0000  0.0015  0.0014  0.0011  0.1999  0.0027  0.0005  0.0002  0.0000  0.0008  0.0000  0.0000  0.0000
 0.0010  0.0000  0.0003  0.0002  0.0002  0.0009  0.0003  0.0000  0.2189  0.0003  0.0048  0.0009  0.0002  0.0002  0.0001  0.0002  0.0003  0.0010  1.0000  0.0001  0.0000  0.0004  0.0000  0.0000  0.0000
 0.0021  0.0000  0.0007  0.0005  0.0006  0.0038  0.0010  0.0001  0.6976  0.0009  0.4035  0.0882  0.0006  0.0005  0.0004  0.0008  0.0009  0.0023  1.0000  0.0004  0.0000  0.0014  0.0000  0.0000  0.0000
 0.0292  0.0000  0.0035  0.1984  0.0740  0.0049  0.0397  0.0819  0.0082  1.0000  0.0181  0.0061  0.8449  0.0203  0.5072  0.2047  0.0378  0.0276  0.0116  0.0031  0.0000  0.0107  0.0000  0.0000  0.0000
 0.0011  0.0000  0.0003  0.0001  0.0003  0.0029  0.0002  0.0002  0.0183  0.0004  1.0000  0.1336  0.0003  0.0005  0.0006  0.0004  0.0003  0.0007  0.0348  0.0003  0.0000  0.0004  0.0000  0.0000  0.0000
 0.3368  0.0000  0.0228  0.3758  0.7646  0.0259  0.1695  0.0701  0.2863  1.0000  0.1944  0.0496  0.2195  0.1839  0.3892  0.3760  0.3114  0.2528  0.1270  0.0108  0.0000  0.0267  0.0000  0.0000  0.0000
 0.0540  0.0000  0.0074  0.0657  1.0000  0.0071  0.3133  0.0113  0.0072  0.0300  0.0148  0.0042  0.0289  0.0344  0.0288  0.0171  0.0345  0.0195  0.0131  0.0054  0.0000  0.0082  0.0000  0.0000  0.0000
 0.0025  0.0000  0.0007  0.0005  0.0007  0.0052  0.0009  0.0003  1.0000  0.0010  0.3737  0.3044  0.0007  0.0007  0.0008  0.0009  0.0009  0.0023  0.1764  0.0006  0.0000  0.0013  0.0000  0.0000  0.0000
 0.3023  0.0000  0.3012  0.0029  0.0063  0.0040  0.0112  0.0015  0.0322  0.0064  0.0232  0.0074  0.0033  0.0114  0.0047  0.0039  0.0146  0.0252  1.0000  0.0008  0.0000  0.0016  0.0000  0.0000  0.0000
 0.0876  0.0000  0.0159  0.0805  0.0552  0.0103  0.0302  0.0182  0.0395  0.0969  0.0387  0.0155  0.0605  0.0415  0.0678  0.3106  0.1872  1.0000  0.3278  0.0057  0.0000  0.0127  0.0000  0.0000  0.0000
 0.0328  0.0000  0.0061  0.2407  0.3609  0.0035  0.0143  0.0059  0.0092  0.0187  0.0093  0.0048  0.0520  0.0176  0.0161  0.0100  1.0000  0.4946  0.0701  0.0022  0.0000  0.0045  0.0000  0.0000  0.0000
 0.0067  0.0000  0.0006  0.0012  0.0092  0.0014  0.0047  0.0059  0.0028  1.0000  0.0067  0.0022  0.0064  0.1578  0.0505  0.6811  0.0291  0.0071  0.0038  0.0010  0.0000  0.0030  0.0000  0.0000  0.0000
 1.0000  0.0000  0.0234  0.2412  0.4456  0.0262  0.3689  0.0516  0.1134  0.3793  0.1221  0.4809  0.1915  0.3331  0.2433  0.2039  0.5427  0.2243  0.1494  0.0085  0.0000  0.0244  0.0000  0.0000  0.0000
 0.7523  0.0000  0.0531  0.6130  0.9845  0.0523  0.3956  0.1214  0.2275  0.9864  0.3848  0.1045  0.4928  0.3029  0.5922  0.5900  1.0000  0.6096  0.3024  0.0177  0.0000  0.0421  0.0000  0.0000  0.0000
 0.9934  0.0000  0.1883  0.9125  1.0000  0.6588  0.7201  0.5747  0.4593  0.8075  0.7818  0.2587  0.5649  0.4943  0.6555  0.6114  0.7832  0.6820  0.6479  0.1759  0.0000  0.9387  0.0000  0.0000  0.0000
 0.8837  0.0000  0.1996  0.5236  0.7908  0.7175  0.5216  0.5899  0.4793  0.7612  0.7878  0.2691  0.5538  0.3398  0.5897  0.6101  0.7708  0.6763  0.6365  0.1887  0.0000  1.0000  0.0000  0.0000  0.0000
 0.0472  0.0000  0.0101  0.1970  0.0582  0.0083  0.5469  0.0424  0.0044  0.2547  0.0099  0.0036  1.0000  0.0336  0.0386  0.0317  0.1475  0.0439  0.0080  0.0043  0.0000  0.0216  0.0000  0.0000  0.0000
 0.0156  0.0000  0.0016  0.0062  0.0209  0.0031  0.0888  0.0130  0.0378  0.8183  0.0143  0.0048  0.0859  0.0116  0.0336  1.0000  0.1515  0.0164  0.0082  0.0022  0.0000  0.0066  0.0000  0.0000  0.0000
 0.5182  0.0000  0.1825  0.3404  0.3041  0.6902  0.4155  0.5578  0.3845  0.3290  0.6360  0.2161  0.4588  0.2196  0.3103  0.3568  0.4632  0.4082  0.4914  0.1822  0.0000  1.0000  0.0000  0.0000  0.0000
 0.0043  0.0000  0.0004  0.0008  0.0060  0.0009  0.0031  0.0038  0.0019  1.0000  0.0822  0.0014  0.0192  0.0034  0.0102  0.0698  0.0036  0.0046  0.0024  0.0007  0.0000  0.0019  0.0000  0.0000  0.0000
 0.8037  0.0000  0.2921  0.1507  0.0751  0.0289  1.0000  0.0197  0.0324  0.0804  0.0716  0.0335  0.0879  0.3766  0.0552  0.0557  0.4474  0.1360  0.1214  0.0107  0.0000  0.0249  0.0000  0.0000  0.0000
 0.1642  0.0000  0.0020  0.0030  0.0022  0.0009  0.1058  0.0008  0.0019  0.0030  0.0023  0.0012  0.0188  0.0051  0.0022  0.0020  1.0000  0.1236  0.0223  0.0005  0.0000  0.0009  0.0000  0.0000  0.0000
 0.0072  0.0000  0.0019  0.0010  0.0019  0.3612  0.0017  0.0013  1.0000  0.0026  0.5780  0.3968  0.0018  0.0029  0.0035  0.0025  0.0022  0.0047  0.0966  0.0022  0.0000  0.0028  0.0000  0.0000  0.0000
 0.0005  0.0000  0.0003  0.0001  0.0001  0.1002  0.0001  0.0000  0.0010  0.0000  0.0025  0.0005  0.0000  0.0002  0.0000  0.0000  0.0003  0.0003  0.0010  0.0024  0.0000  1.0000  0.0000  0.0000  0.0000
 0.0020  0.0000  0.0005  0.0003  0.0005  0.0055  0.0004  0.0004  0.0102  0.0007  1.0000  0.7886  0.0005  0.0009  0.0011  0.0007  0.0006  0.0012  0.0056  0.0007  0.0000  0.0007  0.0000  0.0000  0.0000
 0.0000  0.0000  0.0000  0.0000  0.0000  0.0000  0.0000  0.0000  0.0000  0.0000  0.0000  0.0000  0.0000  0.0000  0.0000  0.0000  0.0000  0.0000  1.0000  0.0000  0.0000  0.0000  0.0000  0.0000  0.0000
 0.0035  0.0000  0.0010  0.0005  0.0008  1.0000  0.0009  0.0003  0.0078  0.0007  0.0213  0.1196  0.0006  0.0013  0.0007  0.0006  0.0026  0.1375  0.0059  0.0055  0.0000  0.0213  0.0000  0.0000  0.0000
 0.0223  0.0000  0.0004  0.3195  1.0000  0.0381  0.0092  0.0056  0.0027  0.0225  0.0050  0.0020  0.0109  0.1934  0.0292  0.0061  0.0118  0.0099  0.0051  0.0010  0.0000  0.0202  0.0000  0.0000  0.0000
 0.0006  0.0000  0.0003  0.0001  0.0002  0.2598  0.0001  0.0000  0.0013  0.0000  0.0032  0.0007  0.0000  0.0002  0.0000  0.0000  0.0004  0.0004  0.0012  0.0030  0.0000  1.0000  0.0000  0.0000  0.0000
 0.0538  0.0000  0.2651  0.0068  0.0076  0.0134  0.0285  0.0032  0.0266  0.0108  0.0673  1.0000  0.0070  0.0147  0.0578  0.0093  0.0260  0.0166  0.0288  0.0028  0.0000  0.0042  0.0000  0.0000  0.0000
 0.0084  0.0000  0.0001  0.6750  1.0000  0.0008  0.0032  0.0020  0.0010  0.0084  0.0019  0.0008  0.0035  0.0051  0.0110  0.0022  0.0043  0.0037  0.0402  0.0004  0.0000  0.0010  0.0000  0.0000  0.0000
 0.0000  0.0000  0.0000  0.0000  0.0000  0.0000  0.0000  1.0000  0.0000  0.0000  0.0000  0.0000  0.0000  0.0000  0.0000  0.0000  0.0000  0.0000  0.0000  0.0000  0.0000  0.0000  0.0000  0.0000  0.0000
 0.0000  0.0000  0.0000  1.0000  0.0000  0.0000  0.0000  0.0000  0.0000  0.0000  0.0000  0.0000  0.0000  0.0000  0.0000  0.0000  0.0000  0.0000  0.0000  0.0000  0.0000  0.0000  0.0000  0.0000  0.0000
 0.0000  0.0000  0.0000  0.0000  0.0000  0.0000  0.0000  0.0000  0.0000  0.0000  1.0000  0.0000  0.0000  0.0000  0.0000  0.0000  0.0000  0.0000  0.0000  0.0000  0.0000  0.0000  0.0000  0.0000  0.0000
 1.0000  0.0000  0.0117  0.0246  0.0164  0.0059  0.0193  0.0071  0.0168  0.1464  0.0160  0.2487  0.1043  0.0291  0.0186  0.0159  0.5301  0.7418  0.0271  0.0038  0.0000  0.0068  0.0000  0.0000  0.0000
 0.0063  0.0000  0.0010  0.0012  0.0009  0.0006  1.0000  0.0004  0.0006  0.0009  0.0011  0.0004  0.0008  0.0022  0.0007  0.0009  0.0032  0.0014  0.0097  0.0004  0.0000  0.0006  0.0000  0.0000  0.0000
 0.0000  0.0000  0.0000  0.0000  0.0000  0.0000  0.0000  0.0000  0.0000  0.0000  1.0000  0.0000  0.0000  0.0000  0.0000  0.0000  0.0000  0.0000  0.0000  0.0000  0.0000  0.0000  0.0000  0.0000  0.0000
 0.6209  0.0000  0.0184  0.0085  0.0160  0.0694  0.0354  0.0070  0.1566  0.0185  1.0000  0.1939  0.0117  0.0309  0.0198  0.0148  0.0785  0.0487  0.1643  0.0088  0.0000  0.0108  0.0000  0.0000  0.0000
 0.3976  0.0000  0.0052  0.6012  1.0000  0.0089  0.0799  0.0312  0.0097  0.0859  0.0183  0.0074  0.1495  0.0515  0.0974  0.0287  0.4271  0.0482  0.0185  0.0043  0.0000  0.0159  0.0000  0.0000  0.0000
 0.0415  0.0000  0.0079  0.1364  0.0585  0.0084  0.1045  0.1208  0.0090  0.1356  0.0203  0.0069  1.0000  0.0328  0.0744  0.6301  0.7766  0.0489  0.0129  0.0051  0.0000  0.0208  0.0000  0.0000  0.0000
 0.2466  0.0000  0.0401  0.0685  0.1020  0.0859  0.2561  0.0714  0.0878  0.1001  0.0988  0.1218  0.0716  1.0000  0.1251  0.1088  0.1320  0.1082  0.2113  0.0230  0.0000  0.1193  0.0000  0.0000  0.0000
 0.8265  0.0000  0.0486  0.6969  1.0000  0.0464  0.7758  0.1862  0.1692  0.8784  0.5097  0.0957  0.6351  0.2483  0.5321  0.5161  0.7712  0.5179  0.2578  0.0159  0.0000  0.0365  0.0000  0.0000  0.0000
 0.0057  0.0000  0.0015  0.0008  0.0014  0.0614  0.0013  0.0009  0.2523  0.0020  0.2162  0.3180  0.0014  0.0020  0.0998  0.0018  0.0017  0.0041  1.0000  0.0015  0.0000  0.0022  0.0000  0.0000  0.0000
 0.0293  0.0000  0.0028  0.0067  0.0409  0.0061  0.0216  0.4388  0.0124  1.0000  0.0294  0.0097  0.0780  0.1195  0.0892  0.5201  0.0506  0.0314  0.0165  0.0046  0.0000  0.0132  0.0000  0.0000  0.0000
 0.0004  0.0000  0.0002  0.0001  0.0001  1.0000  0.0001  0.0000  0.0009  0.0000  0.0022  0.0004  0.0000  0.0002  0.0000  0.0000  0.0003  0.0003  0.0008  0.0021  0.0000  0.0264  0.0000  0.0000  0.0000
 0.0504  0.0000  0.0011  0.0023  0.0014  0.0005  0.0016  0.0006  0.0015  0.0021  0.0014  0.0008  0.0798  0.0026  0.0016  0.0013  0.5628  1.0000  0.0024  0.0003  0.0000  0.0006  0.0000  0.0000  0.0000
 0.4366  0.0000  0.0869  0.0563  0.1663  0.1216  0.0130  0.0251  0.5832  0.0870  0.7399  0.1811  0.0408  0.1068  0.0810  0.0511  0.0732  0.3032  1.0000  0.0170  0.0000  0.0267  0.0000  0.0000  0.0000
 0.2293  0.0000  0.0041  0.1855  0.0143  0.0025  0.1726  0.0092  0.0018  0.0138  0.0039  0.0016  0.0999  1.0000  0.0093  0.0074  0.2886  0.0134  0.0050  0.0012  0.0000  0.0051  0.0000  0.0000  0.0000
 0.0050  0.0000  0.0001  0.0135  0.4237  0.0005  0.0022  0.1716  0.0006  0.0060  0.0012  0.0005  0.0026  0.0031  1.0000  0.0023  0.0027  0.0023  0.0012  0.0002  0.0000  0.0007  0.0000  0.0000  0.0000
 0.0008  0.0000  0.0003  0.0002  0.0002  0.0011  0.0003  0.0000  1.0000  0.0003  0.0057  0.0268  0.0002  0.0002  0.0001  0.0003  0.0003  0.0009  0.2706  0.0001  0.0000  0.0005  0.0000  0.0000  0.0000
 0.0000  0.0000  0.0000  0.0000  0.0000  0.0000  0.0000  0.0000  0.0000  1.0000  0.0000  0.0000  0.0000  0.0000  0.0000  0.0000  0.0000  0.0000  0.0000  0.0000  0.0000  0.0000  0.0000  0.0000  0.0000
 0.1149  0.0000  1.0000  0.0256  0.0681  0.0120  0.0741  0.0412  0.0224  0.5037  0.0501  0.0177  0.0616  0.0526  0.1066  0.3395  0.2448  0.0807  0.0370  0.0080  0.0000  0.0223  0.0000  0.0000  0.0000
 0.0038  0.0000  0.0015  0.0007  0.0010  0.2087  0.0010  0.0004  0.0571  0.0008  0.1161  0.0067  0.0006  0.0013  0.0008  0.0008  0.0020  0.0028  0.2939  0.0088  0.0000  1.0000  0.0000  0.0000  0.0000
 0.0013  0.0000  0.0003  0.0001  0.0003  0.0026  0.0002  0.0002  0.0144  0.0004  0.0456  1.0000  0.0003  0.0005  0.0005  0.0004  0.0003  0.0008  0.0810  0.0003  0.0000  0.0004  0.0000  0.0000  0.0000
 0.1118  0.0000  0.0112  0.0218  0.1536  0.0254  0.0782  0.1731  0.0799  1.0000  0.2891  0.0371  0.1160  0.0857  0.5276  0.7471  0.0918  0.1282  0.0638  0.0176  0.0000  0.0525  0.0000  0.0000  0.0000
 0.0073  0.0000  0.0021  0.0034  0.0039  0.0036  0.0076  0.0017  0.0058  0.0057  0.0157  0.1656  0.0025  0.0044  1.0000  0.0052  0.0040  0.0034  0.0049  0.0013  0.0000  0.0017  0.0000  0.0000  0.0000
 0.0000  0.0000  0.0000  0.0000  0.0000  0.0000  0.0000  0.0000  0.0000  0.0000  1.0000  0.0000  0.0000  0.0000  0.0000  0.0000  0.0000  0.0000  0.0000  0.0000  0.0000  0.0000  0.0000  0.0000  0.0000
 0.0010  0.0000  0.0003  0.0001  0.0003  0.0204  0.0002  0.0002  0.0192  0.0003  1.0000  0.1278  0.0002  0.0004  0.0005  0.0003  0.0003  0.0006  0.0028  0.0003  0.0000  0.0004  0.0000  0.0000  0.0000
 0.3488  0.0000  0.0251  0.2869  1.0000  0.0238  0.1756  0.0582  0.1034  0.4630  0.1409  0.0920  0.5356  0.1282  0.2915  0.3242  0.5891  0.5605  0.1325  0.0085  0.0000  0.0193  0.0000  0.0000  0.0000
 0.0281  0.0000  0.0008  0.0007  0.0007  0.0003  1.0000  0.0002  0.0003  0.0008  0.0008  0.0003  0.0006  0.0019  0.0005  0.0006  0.0036  0.0013  0.0012  0.0001  0.0000  0.0003  0.0000  0.0000  0.0000
 0.0013  0.0000  0.0003  0.0001  0.0003  0.0027  0.0002  0.0002  0.0282  0.0004  1.0000  0.0033  0.0003  0.0005  0.0005  0.0004  0.0003  0.0008  0.1095  0.0003  0.0000  0.0004  0.0000  0.0000  0.0000
 0.2450  0.0000  0.0128  0.4841  1.0000  0.0405  0.1301  0.1165  0.0557  0.6486  0.1164  0.0415  0.1660  0.1575  0.3822  0.4508  0.1596  0.1567  0.0855  0.0206  0.0000  0.0725  0.0000  0.0000  0.0000
 0.0037  0.0000  0.0018  0.0037  0.0025  0.0498  0.0050  0.2870  0.0030  0.0029  0.0062  0.0017  0.0042  0.0022  0.0023  0.0031  0.0034  0.0029  0.0033  0.0015  0.0000  1.0000  0.0000  0.0000  0.0000
 0.0157  0.0000  1.0000  0.0017  0.0037  0.0343  0.0028  0.0026  0.4157  0.0047  0.5830  0.0420  0.0033  0.0059  0.0067  0.0045  0.0041  0.0095  0.0465  0.0041  0.0000  0.0050  0.0000  0.0000  0.0000
 0.0000  0.0000  0.0000  0.0000  0.0000  0.0000  0.0000  1.0000  0.0000  0.0000  0.0000  0.0000  0.0000  0.0000  0.0000  0.0000  0.0000  0.0000  0.0000  0.0000  0.0000  0.0000  0.0000  0.0000  0.0000
 0.7325  0.0000  0.0516  0.6434  1.0000  0.0482  0.3827  0.1173  0.2024  0.9356  0.2915  0.1022  0.5167  0.2651  0.5692  0.5537  0.7396  0.5539  0.3116  0.0166  0.0000  0.0366  0.0000  0.0000  0.0000
 0.0090  0.0000  0.0012  0.0127  0.0127  0.0019  0.0129  0.0864  0.0031  0.2044  0.0073  0.0024  1.0000  0.0071  0.0182  0.2018  0.0487  0.0097  0.0042  0.0013  0.0000  0.0043  0.0000  0.0000  0.0000
 0.1266  0.0000  0.0384  0.0760  0.1748  0.0271  0.2724  0.1125  0.0502  1.0000  0.1178  0.0390  0.3467  0.0976  0.4347  0.7370  0.1240  0.1337  0.0671  0.0640  0.0000  0.0584  0.0000  0.0000  0.0000
 0.0026  0.0000  0.0009  0.0007  0.0008  0.2174  0.0013  0.0000  0.8551  0.0012  0.0215  0.0038  0.0008  0.0005  0.0004  0.0010  0.0012  0.0032  1.0000  0.0006  0.0000  0.0022  0.0000  0.0000  0.0000
 0.0000  0.0000  0.0000  0.0000  0.0000  0.0000  0.0000  0.0000  0.0000  0.0000  1.0000  0.0000  0.0000  0.0000  0.0000  0.0000  0.0000  0.0000  0.0000  0.0000  0.0000  0.0000  0.0000  0.0000  0.0000
 0.0000  0.0000  0.0000  0.0000  0.0000  0.0000  0.0000  1.0000  0.0000  0.0000  0.0000  0.0000  0.0000  0.0000  0.0000  0.0000  0.0000  0.0000  0.0000  0.0000  0.0000  0.0000  0.0000  0.0000  0.0000
 0.0011  0.0000  0.0002  0.0005  0.0014  0.0003  0.0014  0.0009  0.0005  0.0060  0.0011  0.0003  0.0010  0.0011  0.0127  1.0000  0.0009  0.0011  0.0006  0.0002  0.0000  0.0005  0.0000  0.0000  0.0000
 0.0000  0.0000  0.0000  1.0000  0.0000  0.0000  0.0000  0.0000  0.0000  0.0000  0.0000  0.0000  0.0000  0.0000  0.0000  0.0000  0.0000  0.0000  0.0000  0.0000  0.0000  0.0000  0.0000  0.0000  0.0000
 0.0042  0.0000  0.0011  0.0005  0.0011  0.0111  0.0009  0.0008  1.0000  0.0014  0.1573  0.6410  0.0010  0.0017  0.0021  0.0014  0.0012  0.0025  0.0135  0.0013  0.0000  0.0015  0.0000  0.0000  0.0000
 0.0000  0.0000  0.0000  0.0000  0.0000  0.0000  0.0000  0.0000  0.0000  1.0000  0.0000  0.0000  0.0000  0.0000  0.0000  0.0000  0.0000  0.0000  0.0000  0.0000  0.0000  0.0000  0.0000  0.0000  0.0000
 0.8651  0.0000  0.2302  0.0090  0.0106  0.0045  1.0000  0.0020  0.0052  0.0116  0.0115  0.0054  0.0078  0.0299  0.0080  0.0083  0.0618  0.1320  0.0196  0.0016  0.0000  0.0035  0.0000  0.0000  0.0000
 0.6027  0.0000  0.0023  0.0018  0.0021  0.0009  0.0129  0.0004  0.0011  0.0023  0.0023  0.0011  0.0017  0.0058  0.0016  0.0017  1.0000  0.0048  0.0039  0.0003  0.0000  0.0007  0.0000  0.0000  0.0000
 0.0000  0.0000  0.0000  0.0000  0.0000  0.0000  0.0000  0.0000  0.0000  0.0000  0.0000  0.0000  1.0000  0.0000  0.0000  0.0000  0.0000  0.0000  0.0000  0.0000  0.0000  0.0000  0.0000  0.0000  0.0000
 0.0018  0.0000  0.0005  0.0003  0.0005  0.0033  0.0006  0.0002  0.2247  0.0007  1.0000  0.0037  0.0004  0.0005  0.0005  0.0006  0.0006  0.0016  0.2571  0.0004  0.0000  0.0009  0.0000  0.0000  0.0000
 0.0000  0.0000  0.0000  0.0000  0.0000  0.0000  0.0000  0.0000  0.0000  0.0000  1.0000  0.0000  0.0000  0.0000  0.0000  0.0000  0.0000  0.0000  0.0000  0.0000  0.0000  0.0000  0.0000  0.0000  0.0000
 0.0016  0.0000  0.0005  0.0003  0.0004  0.0036  0.0005  0.0002  1.0000  0.0006  0.4526  0.0042  0.0004  0.0005  0.0006  0.0005  0.0005  0.0013  0.0292  0.0004  0.0000  0.0007  0.0000  0.0000  0.0000
 0.0186  0.0000  0.0044  1.0000  0.0238  0.0035  0.0772  0.0173  0.0025  0.0234  0.0043  0.0017  0.8528  0.0142  0.0158  0.0120  0.2325  0.4610  0.0040  0.0019  0.0000  0.0089  0.0000  0.0000  0.0000
 0.0057  0.0000  0.0006  0.0045  0.0079  0.0012  0.0061  0.0052  0.0022  0.1343  0.0052  0.0017  1.0000  0.0045  0.0124  0.1776  0.0060  0.0061  0.0029  0.0009  0.0000  0.0026  0.0000  0.0000  0.0000
 0.2907  0.0000  0.0180  0.6458  0.7593  0.0168  0.1834  0.0968  0.0631  0.6421  0.1398  0.0357  1.0000  0.0926  0.2584  0.4409  0.4968  0.1935  0.0962  0.0058  0.0000  0.0128  0.0000  0.0000  0.0000
 0.0000  0.0000  0.0000  0.0000  0.0000  0.0000  1.0000  0.0000  0.0000  0.0000  0.0000  0.0000  0.0000  0.0000  0.0000  0.0000  0.0000  0.0000  0.0000  0.0000  0.0000  0.0000  0.0000  0.0000  0.0000
 0.2137  0.0000  0.0440  0.0214  0.1047  0.0456  0.0097  0.0111  0.7765  0.0466  0.2629  0.1037  0.1531  0.0473  0.1441  0.0294  0.0386  0.1574  1.0000  0.0070  0.0000  0.0187  0.0000  0.0000  0.0000
 0.0010  0.0000  0.0003  0.0001  0.0003  0.0027  0.0002  0.0002  0.1257  0.0003  1.0000  0.0034  0.0002  0.0004  0.0005  0.0003  0.0003  0.0006  0.0029  0.0003  0.0000  0.0004  0.0000  0.0000  0.0000
 0.0017  0.0000  0.0002  0.0003  0.0023  0.0003  0.0012  0.0015  0.0007  1.0000  0.0017  0.0006  0.0016  0.0013  0.2093  0.0226  0.0014  0.0018  0.0009  0.0003  0.0000  0.0007  0.0000  0.0000  0.0000
 0.0030  0.0000  0.0008  0.0004  0.0008  0.0080  0.0007  0.0006  0.7667  0.0010  1.0000  0.0098  0.0007  0.0013  0.0015  0.0010  0.0009  0.0018  0.0098  0.0009  0.0000  0.0011  0.0000  0.0000  0.0000
 1.0000  0.0000  0.0599  0.0008  0.0009  0.0004  0.0227  0.0002  0.0005  0.0010  0.0010  0.0005  0.0007  0.0026  0.0007  0.0007  0.0053  0.0018  0.0017  0.0001  0.0000  0.0003  0.0000  0.0000  0.0000
 0.0016  0.0000  0.0001  1.0000  0.0278  0.0002  0.0016  0.0006  0.0002  0.0016  0.0004  0.0001  0.0018  0.0011  0.0019  0.0006  0.0013  0.0008  0.0004  0.0001  0.0000  0.0003  0.0000  0.0000  0.0000
 0.0000  0.0000  0.0000  0.0000  0.0000  1.0000  0.0000  0.0000  0.0000  0.0000  0.0000  0.0000  0.0000  0.0000  0.0000  0.0000  0.0000  0.0000  0.0000  0.0000  0.0000  0.0000  0.0000  0.0000  0.0000
 0.0000  0.0000  0.0000  0.0000  0.0000  0.0000  1.0000  0.0000  0.0000  0.0000  0.0000  0.0000  0.0000  0.0000  0.0000  0.0000  0.0000  0.0000  0.0000  0.0000  0.0000  0.0000  0.0000  0.0000  0.0000
 0.0000  0.0000  0.0000  0.0000  0.0000  0.0000  0.0000  0.0000  0.0000  0.0000  1.0000  0.0000  0.0000  0.0000  0.0000  0.0000  0.0000  0.0000  0.0000  0.0000  0.0000  0.0000  0.0000  0.0000  0.0000
 1.0000  0.0000  0.0000  0.0000  0.0000  0.0000  0.0000  0.0000  0.0000  0.0000  0.0000  0.0000  0.0000  0.0000  0.0000  0.0000  0.0000  0.0000  0.0000  0.0000  0.0000  0.0000  0.0000  0.0000  0.0000
 0.0067  0.0000  0.0009  0.0020  0.0060  0.0011  0.0037  0.0037  0.0024  0.0670  0.0045  0.0016  0.0059  0.0044  0.0097  1.0000  0.1627  0.1432  0.0034  0.0008  0.0000  0.0020  0.0000  0.0000  0.0000
 1.0000  0.0000  0.1878  0.2182  0.2828  0.6926  0.4431  0.4036  0.4700  0.3102  0.9236  0.2613  0.3083  0.4392  0.3225  0.3149  0.8450  0.6966  0.6338  0.1457  0.0000  0.7297  0.0000  0.0000  0.0000
 0.0014  0.0000  0.0007  0.0002  0.0003  1.0000  0.0002  0.0000  0.0927  0.0000  0.0073  0.0015  0.0000  0.0005  0.0000  0.0000  0.0010  0.0009  0.0028  0.0068  0.0000  0.7274  0.0000  0.0000  0.0000
 0.0953  0.0000  0.0429  0.9775  0.1333  0.0190  0.6004  0.1362  0.0108  0.1297  0.0216  0.0080  0.5892  0.0753  0.0872  0.0660  1.0000  0.1808  0.0178  0.0099  0.0000  0.0499  0.0000  0.0000  0.0000
 0.7532  0.0000  0.0535  0.6209  1.0000  0.0521  0.3802  0.1253  0.1916  0.9562  0.3301  0.1056  0.5125  0.2998  0.5860  0.5237  0.7526  0.5726  0.2915  0.0177  0.0000  0.0415  0.0000  0.0000  0.0000
 0.8985  0.0000  0.0181  0.9458  0.4525  0.0168  1.0000  0.0429  0.0605  0.3040  0.0979  0.0343  0.7700  0.2372  0.1930  0.3657  0.4762  0.2522  0.0924  0.0059  0.0000  0.0142  0.0000  0.0000  0.0000
 0.4749  0.0000  0.0382  0.3977  0.6612  0.0554  0.3773  0.2839  0.1266  1.0000  0.2418  0.0764  0.4182  0.1934  0.4806  0.5669  0.4476  0.3632  0.1870  0.0221  0.0000  0.0719  0.0000  0.0000  0.0000
 0.0861  0.0000  0.0193  0.3927  0.1251  0.0171  0.5548  0.1223  0.0108  0.3835  0.0237  0.0084  1.0000  0.2298  0.1008  0.0865  0.4682  0.0908  0.0173  0.0090  0.0000  0.0444  0.0000  0.0000  0.0000
 0.4353  0.0000  0.0262  0.4993  1.0000  0.0260  0.4257  0.0787  0.0880  0.4861  0.1429  0.0504  0.2708  0.1426  0.3008  0.2478  0.5479  0.3279  0.1354  0.0094  0.0000  0.0235  0.0000  0.0000  0.0000
 0.8826  0.0000  0.0723  0.3408  0.8186  0.2151  0.2698  0.2529  0.1953  0.6539  0.4370  0.1124  0.7118  0.2556  1.0000  0.5939  0.4399  0.3752  0.2696  0.0610  0.0000  0.3213  0.0000  0.0000  0.0000
 0.7767  0.0000  0.0592  0.6241  1.0000  0.0748  0.3943  0.1392  0.2099  0.9703  0.3270  0.1145  0.5015  0.3138  0.5904  0.5289  0.7698  0.5883  0.3120  0.0237  0.0000  0.0739  0.0000  0.0000  0.0000
 0.1001  0.0000  0.0070  0.0351  0.0883  0.0154  0.0758  0.0681  0.0248  0.3188  0.0946  0.0168  0.4953  0.0374  0.5270  1.0000  0.0607  0.0609  0.1093  0.0073  0.0000  0.0251  0.0000  0.0000  0.0000
 0.1937  0.0000  0.0115  0.6081  0.6961  0.0201  0.1179  0.0656  0.0422  0.4532  0.1101  0.0285  0.1922  1.0000  0.2392  0.6564  0.1621  0.1339  0.0657  0.0105  0.0000  0.0310  0.0000  0.0000  0.0000
 0.0087  0.0000  0.0032  0.0012  0.0022  0.1274  0.0016  0.0010  0.0335  0.0017  0.6443  0.3050  0.0013  0.0036  0.0026  0.0017  0.0040  0.0053  0.0214  0.0199  0.0000  1.0000  0.0000  0.0000  0.0000
 0.0000  0.0000  0.0000  0.0000  0.0000  0.0000  0.0000  0.0000  0.0000  0.0000  0.0000  0.0000  0.0000  0.0000  0.0000  0.0000  0.0000  1.0000  0.0000  0.0000  0.0000  0.0000  0.0000  0.0000  0.0000
 0.0145  0.0000  0.0031  0.0168  0.0067  0.0018  0.0115  0.1004  0.0040  0.0084  0.0040  0.0021  1.0000  0.0760  0.0062  0.0049  0.4233  0.2901  0.0064  0.0011  0.0000  0.0027  0.0000  0.0000  0.0000
 0.0260  0.0000  0.0025  0.0045  0.0356  0.0059  0.0183  0.0228  0.0121  0.3192  0.3169  0.0093  0.0248  0.0203  0.0607  1.0000  0.0210  0.0275  0.0152  0.0041  0.0000  0.0116  0.0000  0.0000  0.0000
 0.0000  0.0000  0.0000  0.0000  0.0000  0.0000  0.0000  0.0000  0.0000  0.0000  0.0000  0.0000  0.0000  0.0000  0.0000  0.0000  0.0000  0.0000  1.0000  0.0000  0.0000  0.0000  0.0000  0.0000  0.0000
 0.0012  0.0000  0.0004  0.0002  0.0003  0.0014  0.0005  0.0000  0.5737  0.0004  0.0073  0.0013  0.0003  0.0002  0.0001  0.0004  0.0004  0.0013  1.0000  0.0002  0.0000  0.0007  0.0000  0.0000  0.0000
 0.0000  0.0000  0.0000  0.0000  0.0000  0.0000  0.0000  0.0000  0.0000  0.0000  0.0000  0.0000  0.0000  0.0000  0.0000  0.0000  0.0000  1.0000  0.0000  0.0000  0.0000  0.0000  0.0000  0.0000  0.0000
 0.0066  0.0000  0.0018  0.0022  0.0032  0.0121  0.0055  0.0021  0.0221  0.0077  1.0000  0.0145  0.0025  0.0050  0.0047  0.1985  0.0029  0.0042  0.0129  0.0021  0.0000  0.0024  0.0000  0.0000  0.0000
 0.0000  0.0000  0.0000  0.0000  0.0000  0.0000  0.0000  0.0000  0.0000  0.0000  0.0000  0.0000  0.0000  0.0000  0.0000  0.0000  0.0000  0.0000  0.0000  1.0000  0.0000  0.0000  0.0000  0.0000  0.0000
 0.0000  0.0000  0.0000  0.0000  0.0000  0.0000  0.0000  0.0000  0.0000  0.0000  0.0000  0.0000  0.0000  0.0000  0.0000  0.0000  0.0000  0.0000  0.0000  0.0000  0.0000  1.0000  0.0000  0.0000  0.0000
 0.0000  0.0000  0.0000  0.0000  0.0000  0.0000  0.0000  0.0000  0.0000  0.0000  0.0000  0.0000  0.0000  0.0000  0.0000  1.0000  0.0000  0.0000  0.0000  0.0000  0.0000  0.0000  0.0000  0.0000  0.0000
 0.1023  0.0000  0.0009  0.0008  0.0009  0.0004  0.0052  0.0002  0.0005  0.0010  0.0010  0.0004  0.0006  1.0000  0.0007  0.0008  0.0045  0.0016  0.0015  0.0002  0.0000  0.0003  0.0000  0.0000  0.0000
 0.0000  0.0000  0.0000  0.0000  0.0000  0.0000  0.0000  0.0000  0.0000  0.0000  0.0000  0.0000  0.0000  1.0000  0.0000  0.0000  0.0000  0.0000  0.0000  0.0000  0.0000  0.0000  0.0000  0.0000  0.0000
 0.0000  0.0000  0.0000  0.0000  1.0000  0.0000  0.0000  0.0000  0.0000  0.0000  0.0000  0.0000  0.0000  0.0000  0.0000  0.0000  0.0000  0.0000  0.0000  0.0000  0.0000  0.0000  0.0000  0.0000  0.0000
 0.0000  0.0000  0.0000  0.0000  0.0000  0.0000  0.0000  0.0000  0.0000  0.0000  1.0000  0.0000  0.0000  0.0000  0.0000  0.0000  0.0000  0.0000  0.0000  0.0000  0.0000  0.0000  0.0000  0.0000  0.0000
 0.0000  0.0000  0.0000  0.0000  0.0000  0.0000  0.0000  0.0000  0.0000  0.0000  1.0000  0.0000  0.0000  0.0000  0.0000  0.0000  0.0000  0.0000  0.0000  0.0000  0.0000  0.0000  0.0000  0.0000  0.0000
 0.0007  0.0000  0.0002  0.0001  0.0002  0.0020  0.0002  0.0002  0.0037  0.0003  1.0000  0.0120  0.0002  0.0003  0.0004  0.0003  0.0002  0.0004  0.0021  0.0002  0.0000  0.0003  0.0000  0.0000  0.0000
 0.0068  0.0000  0.0012  0.0153  0.0058  0.0009  1.0000  0.0461  0.0007  0.0070  0.0016  0.0005  0.0174  0.0040  0.1640  0.0045  0.0098  0.0041  0.0014  0.0005  0.0000  0.0019  0.0000  0.0000  0.0000
 1.0000  0.0000  0.0737  0.4503  0.8917  0.0475  0.4056  0.0867  0.1328  0.5970  0.3640  0.0797  0.3453  0.2409  0.3840  0.3415  0.7546  0.5455  0.2259  0.0169  0.0000  0.0418  0.0000  0.0000  0.0000
 0.1480  0.0000  0.0141  0.0401  0.2435  0.0354  0.1024  0.1261  0.0613  1.0000  0.1434  0.0476  0.1407  0.1141  0.3383  0.9038  0.1264  0.2515  0.0820  0.0223  0.0000  0.0639  0.0000  0.0000  0.0000
 0.3731  0.0000  0.0676  0.9200  0.5675  0.0528  0.2213  0.1595  0.1023  1.0000  0.1681  0.0586  0.4596  0.1430  0.5309  0.9277  0.4009  0.2879  0.1519  0.0168  0.0000  0.2041  0.0000  0.0000  0.0000
 0.0000  0.0000  0.0000  0.0000  0.0000  0.0000  0.0000  0.0000  0.0000  0.0000  0.0000  0.0000  0.0000  0.0000  0.0000  0.0000  0.0000  0.0000  0.0000  0.0000  0.0000  1.0000  0.0000  0.0000  0.0000
 0.0447  0.0000  0.0057  0.0169  0.0195  0.0026  1.0000  0.0039  0.0047  0.0102  0.0063  0.0031  0.0218  0.0146  0.0074  0.0063  0.1551  0.5405  0.0103  0.0013  0.0000  0.0032  0.0000  0.0000  0.0000
 0.1218  0.0000  0.0169  0.0103  0.0145  0.0085  0.0104  0.0044  0.0838  0.0166  0.0486  0.0160  0.0172  1.0000  0.0126  0.0099  0.1038  0.5114  0.3858  0.0023  0.0000  0.0041  0.0000  0.0000  0.0000
 1.0000  0.0000  0.0108  0.0092  0.0548  0.0041  0.2983  0.0020  0.0049  0.0110  0.0105  0.0049  0.0081  0.3455  0.0077  0.0078  0.1238  0.0682  0.0179  0.0015  0.0000  0.0032  0.0000  0.0000  0.0000
 0.0013  0.0000  0.0004  0.0003  0.0003  0.0016  0.0005  0.0000  1.0000  0.0005  0.0086  0.0015  0.0003  0.0002  0.0002  0.0004  0.0005  0.0014  0.7342  0.0002  0.0000  0.0008  0.0000  0.0000  0.0000
 0.0000  0.0000  0.0000  1.0000  0.0000  0.0000  0.0000  0.0000  0.0000  0.0000  0.0000  0.0000  0.0000  0.0000  0.0000  0.0000  0.0000  0.0000  0.0000  0.0000  0.0000  0.0000  0.0000  0.0000  0.0000
 0.0033  0.0000  0.0008  0.0004  0.0008  0.0083  0.0006  0.0006  0.0160  0.0011  0.8703  1.0000  0.0008  0.0013  0.0016  0.0011  0.0009  0.0020  0.2312  0.0010  0.0000  0.0011  0.0000  0.0000  0.0000
 0.0015  0.0000  0.0010  0.0020  0.0014  0.0009  0.0051  0.0009  0.0009  0.0018  0.0018  0.0003  0.0011  0.0030  0.0011  0.0144  0.0011  0.0012  0.0011  1.0000  0.0000  0.0010  0.0000  0.0000  0.0000
 0.1735  0.0000  0.0177  0.0316  0.0211  0.0079  0.6388  0.0075  0.0085  0.0228  0.0186  0.0079  0.0315  0.0477  0.0154  0.0162  1.0000  0.0362  0.0282  0.0038  0.0000  0.0076  0.0000  0.0000  0.0000
 1.0000  0.0000  0.2233  0.0174  0.0209  0.0103  0.1448  0.0044  0.0156  0.0230  0.1288  0.0117  0.0154  0.0584  0.0160  0.0167  0.1220  0.1135  0.7364  0.0035  0.0000  0.0079  0.0000  0.0000  0.0000
 0.0000  0.0000  0.0000  0.0000  0.0000  0.0000  1.0000  0.0000  0.0000  0.0000  0.0000  0.0000  0.0000  0.0000  0.0000  0.0000  0.0000  0.0000  0.0000  0.0000  0.0000  0.0000  0.0000  0.0000  0.0000
 0.0000  0.0000  1.0000  0.0000  0.0000  0.0000  0.0000  0.0000  0.0000  0.0000  0.0000  0.0000  0.0000  0.0000  0.0000  0.0000  0.0000  0.0000  0.0000  0.0000  0.0000  0.0000  0.0000  0.0000  0.0000
 0.0007  0.0000  0.0002  0.0002  0.0002  0.0009  0.0003  0.0000  1.0000  0.0003  0.0047  0.0009  0.0002  0.0001  0.0001  0.0002  0.0003  0.0008  0.2151  0.0001  0.0000  0.0004  0.0000  0.0000  0.0000
 0.0142  0.0000  0.0037  0.0017  0.0036  0.9962  0.0028  0.0028  0.0717  0.0048  1.0000  0.7281  0.0034  0.0060  0.0073  0.0048  0.0041  0.0082  0.0393  0.0057  0.0000  0.0099  0.0000  0.0000  0.0000
 1.0000  0.0000  0.0017  0.0014  0.0016  0.0007  0.3904  0.0003  0.0008  0.0017  0.0017  0.0008  0.0012  0.0043  0.0012  0.0012  0.0087  0.0029  0.0028  0.0003  0.0000  0.0005  0.0000  0.0000  0.0000
 0.0000  0.0000  0.0000  0.0000  1.0000  0.0000  0.0000  0.0000  0.0000  0.0000  0.0000  0.0000  0.0000  0.0000  0.0000  0.0000  0.0000  0.0000  0.0000  0.0000  0.0000  0.0000  0.0000  0.0000  0.0000
 0.0016  0.0000  0.0004  0.0002  0.0004  0.0043  0.0003  0.0003  0.0079  0.0005  1.0000  0.5284  0.0004  0.0007  0.0008  0.0005  0.0004  0.0009  0.0043  0.0005  0.0000  0.0006  0.0000  0.0000  0.0000
 0.0234  0.0000  0.0096  0.0035  0.0061  0.8872  0.0045  0.0026  0.1128  0.0034  1.0000  0.0442  0.0026  0.0093  0.0050  0.0035  0.0128  0.0144  0.0738  0.4333  0.0000  0.3515  0.0000  0.0000  0.0000
 0.6990  0.0000  0.1184  0.1575  0.2130  0.4833  0.2323  0.5868  0.2649  0.5876  0.4371  0.1489  0.4256  0.1475  0.2204  0.2977  0.4835  1.0000  0.3397  0.1220  0.0000  0.7717  0.0000  0.0000  0.0000
 0.1252  0.0000  0.0088  0.0145  0.0557  0.0095  1.0000  0.0336  0.0175  0.5718  0.0412  0.0143  0.0428  0.0417  0.0889  0.5628  0.0580  0.0480  0.0288  0.0064  0.0000  0.0180  0.0000  0.0000  0.0000
 0.0076  0.0000  0.0008  0.0030  0.0487  0.0013  0.0476  0.0056  0.0028  1.0000  0.0064  0.0021  0.0076  0.0053  0.0148  0.1679  0.2685  0.0379  0.0038  0.0010  0.0000  0.0028  0.0000  0.0000  0.0000
 0.0043  0.0000  0.0006  0.0014  0.0011  0.0005  0.0041  0.0005  0.0006  0.0013  0.0012  0.0003  0.0010  1.0000  0.0008  0.0011  0.0032  0.0308  0.0012  0.0004  0.0000  0.0005  0.0000  0.0000  0.0000
 0.0007  0.0000  0.0002  0.0001  0.0002  0.0014  0.0002  0.0001  1.0000  0.0003  0.0983  0.0015  0.0002  0.0002  0.0002  0.0002  0.0003  0.0007  0.0229  0.0002  0.0000  0.0004  0.0000  0.0000  0.0000
 0.0062  0.0000  0.0016  0.0008  0.0016  0.5638  0.0012  0.0012  0.0311  0.0021  0.9381  1.0000  0.0015  0.0026  0.0032  0.0021  0.0018  0.0036  0.0170  0.0024  0.0000  0.0038  0.0000  0.0000  0.0000
 0.5053  0.0000  0.0157  0.0498  0.0390  0.0077  0.0788  0.0119  0.0141  0.0395  0.0198  0.0092  0.1774  1.0000  0.7023  0.0262  0.1405  0.1948  0.0323  0.0037  0.0000  0.0093  0.0000  0.0000  0.0000
 0.1310  0.0000  0.0009  0.0008  0.0008  0.0004  1.0000  0.0002  0.0004  0.0009  0.0009  0.0004  0.0006  0.0023  0.0006  0.0007  0.0045  0.0015  0.0015  0.0001  0.0000  0.0003  0.0000  0.0000  0.0000
 0.1650  0.0000  0.0140  0.0660  0.1809  0.0221  0.0928  0.0865  0.0503  1.0000  0.1065  0.0362  0.5742  0.0897  0.2544  0.8976  0.3077  0.2111  0.0698  0.0153  0.0000  0.0430  0.0000  0.0000  0.0000
 0.0371  0.0000  0.0078  0.1349  0.0251  0.0049  0.0637  0.0143  0.0094  0.0276  0.1606  0.0050  0.3958  0.0218  0.0725  0.0155  0.4992  1.0000  0.0148  0.0029  0.0000  0.0087  0.0000  0.0000  0.0000
 0.0033  0.0000  0.0001  0.2178  1.0000  0.0003  0.0016  0.0009  0.0004  0.0034  0.0007  0.0003  0.0020  0.0020  0.0043  0.0009  0.0357  0.0015  0.0008  0.0001  0.0000  0.0004  0.0000  0.0000  0.0000
 0.2206  0.0000  0.0651  0.0590  0.0870  0.3086  0.0904  0.1441  0.4566  0.0949  1.0000  0.2234  0.1123  0.1848  0.3042  0.1048  0.1443  0.1608  0.6086  0.0590  0.0000  0.2641  0.0000  0.0000  0.0000
 0.2355  0.0000  0.0018  0.3286  1.0000  0.0059  0.0360  0.2622  0.0072  0.0631  0.0136  0.0055  0.3214  0.0374  0.1534  0.0184  0.0400  0.0292  0.0138  0.0028  0.0000  0.0091  0.0000  0.0000  0.0000
 0.0000  0.0000  0.0000  0.0000  0.0000  0.0000  0.0000  0.0000  0.0000  0.0000  0.0000  0.0000  0.0000  0.0000  1.0000  0.0000  0.0000  0.0000  0.0000  0.0000  0.0000  0.0000  0.0000  0.0000  0.0000
 0.1952  0.0000  0.0011  0.0005  0.0011  0.0493  0.0008  0.0008  0.0302  0.0015  1.0000  0.0744  0.0010  0.0018  0.0022  0.0014  0.0012  0.0262  0.0123  0.0013  0.0000  0.0014  0.0000  0.0000  0.0000
 0.7048  0.0000  0.0440  0.6866  1.0000  0.0432  0.3115  0.4920  0.1767  0.7514  0.2450  0.0861  0.5123  0.2260  0.6727  0.4222  0.6549  0.7081  0.2319  0.0149  0.0000  0.0354  0.0000  0.0000  0.0000
 0.0726  0.0000  0.0175  0.0090  0.0233  0.1712  0.0168  0.0169  0.3274  0.0752  1.0000  0.2136  0.0203  0.0316  0.0440  0.0487  0.0226  0.0445  0.1884  0.0207  0.0000  0.0234  0.0000  0.0000  0.0000
 0.0000  0.0000  0.0000  0.0000  0.0000  0.0000  0.0000  0.0000  1.0000  0.0000  0.0000  0.0000  0.0000  0.0000  0.0000  0.0000  0.0000  0.0000  0.0000  0.0000  0.0000  0.0000  0.0000  0.0000  0.0000
 0.0185  0.0000  0.0412  0.0031  0.0042  1.0000  0.0048  0.0006  0.0313  0.0008  0.0755  0.0153  0.0011  0.0066  0.0006  0.0007  0.3531  0.0111  0.0295  0.0700  0.0000  0.3433  0.0000  0.0000  0.0000
 0.1838  0.0000  0.0062  0.1239  0.8026  0.0058  0.0442  0.0916  0.0217  1.0000  0.0350  0.0123  0.3337  0.0320  0.8528  0.7267  0.3597  0.0664  0.0330  0.0020  0.0000  0.0045  0.0000  0.0000  0.0000
 0.0011  0.0000  0.0003  0.0001  0.0003  0.0175  0.0002  0.0002  0.1026  0.0004  1.0000  0.0035  0.0003  0.0004  0.0005  0.0004  0.0003  0.0007  0.0515  0.0003  0.0000  0.0004  0.0000  0.0000  0.0000
 0.0067  0.0000  1.0000  0.0004  0.0010  0.0024  0.0005  0.0003  0.0095  0.0011  0.0842  0.0032  0.0006  0.0016  0.0010  0.0007  0.0013  0.0044  0.2344  0.0003  0.0000  0.0006  0.0000  0.0000  0.0000
 0.0000  0.0000  0.0000  0.0000  0.0000  0.0000  1.0000  0.0000  0.0000  0.0000  0.0000  0.0000  0.0000  0.0000  0.0000  0.0000  0.0000  0.0000  0.0000  0.0000  0.0000  0.0000  0.0000  0.0000  0.0000
 0.0594  0.0000  0.0008  0.0015  0.0010  0.0004  0.0020  0.0004  0.0010  0.0015  0.0011  0.0006  0.0026  0.0021  0.0011  0.0009  1.0000  0.3843  0.0018  0.0002  0.0000  0.0004  0.0000  0.0000  0.0000
 0.0293  0.0000  0.0063  0.0041  0.0059  0.1016  0.0114  0.0028  0.2819  0.0065  0.1479  0.0325  0.0042  1.0000  0.0067  0.0057  0.0116  0.0143  0.0475  0.0153  0.0000  0.0521  0.0000  0.0000  0.0000
 0.0967  0.0000  0.1891  0.3518  0.0389  0.0114  0.0610  0.0221  0.0282  0.0510  0.0271  0.0144  0.2432  0.0536  0.0383  0.0303  0.5710  1.0000  0.0443  0.0072  0.0000  0.0163  0.0000  0.0000  0.0000
 0.1181  0.0000  0.0015  0.2146  1.0000  0.0061  0.0307  0.0170  0.0078  0.0660  0.0146  0.0060  0.0565  0.3549  0.0845  0.0184  0.0384  0.0410  0.0152  0.0029  0.0000  0.0087  0.0000  0.0000  0.0000
 0.3528  0.0000  0.0117  0.2177  1.0000  0.0347  0.0828  0.0268  0.0565  0.2120  0.0915  0.0231  0.1785  0.0597  0.1595  0.1141  0.2055  0.2791  0.1074  0.0039  0.0000  0.0090  0.0000  0.0000  0.0000
 0.1069  0.0000  0.0282  0.0159  0.0247  0.0767  0.0248  0.0101  0.9617  0.0313  0.3748  0.0731  0.0248  0.0230  0.0163  0.0247  0.0349  0.1003  1.0000  0.0109  0.0000  0.0469  0.0000  0.0000  0.0000
 0.0017  0.0000  0.0012  0.0010  0.0008  0.0119  0.0025  0.0005  0.0027  0.0005  0.0068  0.2061  0.0006  0.0013  0.0006  0.0008  0.0009  0.0011  0.0022  1.0000  0.0000  0.0100  0.0000  0.0000  0.0000
 0.0277  0.0000  0.0005  0.0008  0.0043  0.0007  0.0030  0.0026  0.0014  0.2275  0.0031  0.0011  0.0030  1.0000  0.0070  0.0655  0.0036  0.0270  0.0020  0.0005  0.0000  0.0014  0.0000  0.0000  0.0000
 0.0410  0.0000  0.0056  0.4203  0.1146  0.0050  1.0000  0.0216  0.0078  0.4873  0.0136  0.0048  0.2868  0.0222  0.0355  0.0911  0.0930  0.0547  0.0121  0.0023  0.0000  0.0101  0.0000  0.0000  0.0000
 0.1455  0.0000  0.0179  0.0065  0.0102  0.8398  0.0079  0.0040  0.0756  0.0025  0.1748  0.0358  0.0024  0.0141  0.0024  0.0028  0.0256  0.0241  1.0000  0.3999  0.0000  0.7121  0.0000  0.0000  0.0000
 0.1340  0.0000  0.0170  0.3586  0.2677  0.0123  0.0533  0.0216  0.1878  0.1396  0.0448  0.0683  0.0946  0.0620  0.0872  0.0619  1.0000  0.4474  0.0565  0.0063  0.0000  0.0131  0.0000  0.0000  0.0000
 0.0050  0.0000  0.0011  0.0615  0.0083  0.0010  0.0162  0.0050  0.0006  1.0000  0.0013  0.0005  0.1017  0.0040  0.0469  0.0044  0.2482  0.0056  0.0010  0.0005  0.0000  0.0025  0.0000  0.0000  0.0000
 0.0023  0.0000  0.0006  0.0003  0.0006  0.0303  0.0005  0.0005  0.0553  0.0008  1.0000  0.1272  0.0006  0.0010  0.0012  0.0008  0.0007  0.0128  0.0065  0.0009  0.0000  0.1591  0.0000  0.0000  0.0000
 0.0059  0.0000  0.0001  0.0311  0.2626  0.0005  0.0027  0.0015  0.0007  0.0057  0.0013  0.0005  0.0030  1.0000  0.0073  0.0016  0.0032  0.0026  0.0013  0.0003  0.0000  0.0007  0.0000  0.0000  0.0000
 0.5040  0.0000  0.1760  0.2053  0.2714  0.7003  0.3320  0.5417  0.3918  0.2890  0.6500  0.2196  0.3075  0.2031  0.2919  0.3456  0.3989  0.3890  0.4992  0.1863  0.0000  1.0000  0.0000  0.0000  0.0000
 0.1471  0.0000  0.0729  0.0237  0.0333  1.0000  0.0354  0.0465  0.1187  0.0253  0.2590  0.0598  0.0265  0.0329  0.0254  0.0300  0.0622  0.0590  0.1369  0.2112  0.0000  0.9210  0.0000  0.0000  0.0000
 0.1538  0.0000  0.0118  0.5491  0.6494  0.0110  0.1144  0.0845  0.0370  0.3319  0.0601  0.0211  1.0000  0.0588  0.3303  0.1062  0.2814  0.7780  0.0566  0.0040  0.0000  0.0107  0.0000  0.0000  0.0000
 0.7761  0.0000  0.0627  0.6247  1.0000  0.0908  0.4278  0.1590  0.2500  0.9954  0.3415  0.1199  0.5327  0.2837  0.6070  0.5335  0.7458  0.6123  0.3135  0.0278  0.0000  0.0970  0.0000  0.0000  0.0000
 0.0277  0.0000  0.0071  0.0033  0.0070  1.0000  0.0054  0.0354  0.2244  0.0093  0.7266  0.6084  0.0067  0.0115  0.0140  0.0092  0.0077  0.0162  0.5312  0.0084  0.0000  0.0093  0.0000  0.0000  0.0000
 0.0095  0.0000  0.0006  0.0405  0.2405  0.0008  0.0053  0.0026  0.0023  1.0000  0.0041  0.0015  0.0847  0.0044  0.0099  0.0474  0.0088  0.0353  0.0321  0.0004  0.0000  0.0011  0.0000  0.0000  0.0000
 0.4987  0.0000  0.1558  0.4071  0.3318  0.6609  0.3865  0.5070  0.3363  0.3361  0.8580  0.1888  0.5020  1.0000  0.3514  0.3357  0.6569  0.4892  0.4345  0.1538  0.0000  0.8251  0.0000  0.0000  0.0000
 0.7545  0.0000  0.0549  0.6206  1.0000  0.0737  0.3796  0.1272  0.1897  0.9422  0.3064  0.1073  0.4931  0.2910  0.6079  0.5281  0.7333  0.5736  0.2978  0.0193  0.0000  0.0501  0.0000  0.0000  0.0000
 0.2064  0.0000  0.0129  0.1470  0.2655  0.0132  0.4486  0.0307  0.0739  1.0000  0.0963  0.0657  0.1176  0.0656  0.5766  0.6041  0.2194  0.1362  0.1033  0.0046  0.0000  0.0113  0.0000  0.0000  0.0000
 0.4982  0.0000  0.1710  0.2062  0.2979  0.6880  0.4657  0.5749  0.3814  0.2923  0.6537  0.2138  0.3643  0.4507  0.3906  0.3416  0.4316  0.4135  0.4930  0.1782  0.0000  1.0000  0.0000  0.0000  0.0000
 0.2443  0.0000  0.0843  0.0979  0.1347  0.3477  0.1590  0.2840  0.1995  0.3383  0.4027  0.2598  0.1494  0.0999  0.4619  0.2167  0.1931  0.1897  0.2408  0.0884  0.0000  1.0000  0.0000  0.0000  0.0000
 0.0513  0.0000  0.0049  0.0099  0.0384  0.0149  0.0216  0.0571  0.0437  1.0000  0.0323  0.0108  0.0707  0.2114  0.1132  0.3944  0.0268  0.0432  0.0207  0.0061  0.0000  0.1111  0.0000  0.0000  0.0000
 0.0259  0.0000  0.0042  0.0608  0.0282  0.0042  0.2520  0.0194  0.0047  0.0803  0.0109  0.0038  0.1473  0.0334  0.0295  1.0000  0.0770  0.0224  0.0073  0.0025  0.0000  0.0099  0.0000  0.0000  0.0000
 0.1473  0.0000  0.1785  0.0569  0.1549  0.0259  0.0871  0.0856  0.0546  0.8723  0.1718  0.0377  0.2574  0.0952  0.2267  1.0000  0.2885  0.3570  0.0768  0.0171  0.0000  0.0479  0.0000  0.0000  0.0000
 0.0079  0.0000  0.0022  0.0012  0.0018  0.0075  0.0021  0.0003  0.4487  0.0025  1.0000  0.0078  0.0015  0.0017  0.0012  0.0019  0.0024  0.0473  0.9643  0.0009  0.0000  0.0031  0.0000  0.0000  0.0000
 0.4349  0.0000  0.0039  0.0089  0.0427  0.0063  0.0264  0.0250  0.0131  0.8225  0.0297  0.0100  0.0559  0.0251  0.0673  1.0000  0.1393  0.0366  0.0576  0.0045  0.0000  0.0128  0.0000  0.0000  0.0000
 0.0089  0.0000  0.0001  0.3999  1.0000  0.0008  0.0033  0.0021  0.0011  0.0964  0.0020  0.0008  0.0036  0.0054  0.0733  0.0024  0.0045  0.1108  0.0021  0.0004  0.0000  0.0011  0.0000  0.0000  0.0000
 0.6330  0.0000  0.1830  0.2978  0.4775  0.7340  0.3826  0.5526  0.4308  0.4590  0.6916  0.2341  0.3784  0.2438  0.3802  0.5243  0.5212  0.5672  0.6867  0.1847  0.0000  1.0000  0.0000  0.0000  0.0000
 0.0011  0.0000  0.0005  0.0002  0.0003  1.0000  0.0002  0.0000  0.0024  0.0000  0.2670  0.0012  0.0000  0.0004  0.0000  0.0000  0.0007  0.0007  0.0022  0.0050  0.0000  0.0934  0.0000  0.0000  0.0000
 0.0278  0.0000  0.0009  0.0057  0.0309  0.0014  0.0187  0.0054  0.0035  1.0000  0.0073  0.0024  0.0085  0.0940  0.0806  0.2534  0.1700  0.0095  0.0049  0.0009  0.0000  0.0026  0.0000  0.0000  0.0000
 0.8440  0.0000  0.0737  0.7383  1.0000  0.2220  0.3735  0.3414  0.2193  0.8081  0.3565  0.1391  0.4796  0.2846  0.5660  0.4932  0.6657  0.5332  0.3179  0.0460  0.0000  0.2040  0.0000  0.0000  0.0000
 0.0490  0.0000  0.0166  0.0182  0.0824  1.0000  0.0291  0.0472  0.2053  0.0262  0.1137  0.0260  0.0272  0.1349  0.0265  0.0309  0.0360  0.0374  0.1228  0.0193  0.0000  0.5317  0.0000  0.0000  0.0000
 0.4650  0.0000  0.0923  0.0380  0.0814  0.1748  0.0542  0.0434  0.5969  0.0905  0.8502  0.2135  0.0620  0.1804  0.0767  0.0659  0.1176  0.3114  1.0000  0.0259  0.0000  0.0644  0.0000  0.0000  0.0000
 0.6679  0.0000  0.0483  0.4897  0.7878  0.0798  0.3072  0.1174  0.2093  1.0000  0.3701  0.0911  0.3952  0.2685  0.8492  0.5240  0.7055  0.5223  0.2412  0.0210  0.0000  0.0700  0.0000  0.0000  0.0000
 0.0381  0.0000  0.0086  1.0000  0.0870  0.0072  0.4012  0.0371  0.0043  0.0514  0.0088  0.0032  0.2948  0.1721  0.0350  0.0260  0.5376  0.0878  0.0072  0.0037  0.0000  0.0188  0.0000  0.0000  0.0000
 0.3114  0.0000  0.0274  0.2752  0.2401  0.0744  0.1113  0.1207  0.0757  0.2898  0.1420  0.0732  0.1338  1.0000  0.1791  0.5344  0.2336  0.1582  0.1297  0.0400  0.0000  0.0991  0.0000  0.0000  0.0000
 0.5305  0.0000  0.1679  0.1892  0.2680  0.6433  0.3392  0.6118  0.3602  0.2678  0.6249  0.2325  0.2985  0.1924  0.2697  0.3189  0.4587  0.3589  0.4670  0.1691  0.0000  1.0000  0.0000  0.0000  0.0000
 1.0000  0.0000  0.0020  0.0015  0.0018  0.0008  0.1034  0.0003  0.0009  0.0020  0.0020  0.0499  0.0013  0.0051  0.0013  0.0014  0.0598  0.0035  0.0723  0.0003  0.0000  0.0006  0.0000  0.0000  0.0000
 0.0039  0.0000  0.0420  0.0005  0.0010  0.1267  0.0008  0.0008  0.2843  0.0445  1.0000  0.0127  0.0009  0.0016  0.0020  0.0013  0.0011  0.0023  0.0115  0.0012  0.0000  0.0013  0.0000  0.0000  0.0000
 0.0990  0.0000  0.0032  1.0000  0.2538  0.0032  0.0408  0.0078  0.0114  0.0573  0.0184  0.0065  0.0308  0.1739  0.0833  0.1025  0.3834  0.0683  0.0174  0.0011  0.0000  0.0025  0.0000  0.0000  0.0000
 0.0000  0.0000  0.0000  0.0000  0.0000  0.0000  0.0000  0.0000  0.0000  0.0000  1.0000  0.0000  0.0000  0.0000  0.0000  0.0000  0.0000  0.0000  0.0000  0.0000  0.0000  0.0000  0.0000  0.0000  0.0000
 0.0028  0.0000  0.0008  0.0004  0.0007  0.0548  0.0007  0.0005  0.4844  0.0010  1.0000  0.0711  0.0007  0.0010  0.0013  0.0010  0.0009  0.0020  0.1702  0.0008  0.0000  0.0012  0.0000  0.0000  0.0000
 0.0592  0.0000  0.0046  0.9790  1.0000  0.0044  0.1298  0.0201  0.0040  0.0368  0.0075  0.0028  0.2715  0.0198  0.0291  0.0173  0.2128  0.0763  0.0067  0.0022  0.0000  0.0100  0.0000  0.0000  0.0000
 0.0471  0.0000  0.0063  0.0158  0.3656  0.0178  0.0311  0.1827  0.0398  1.0000  0.0446  0.0149  0.0403  0.0306  0.0846  0.3406  0.0624  0.3605  0.0284  0.0079  0.0000  0.1128  0.0000  0.0000  0.0000
 0.0022  0.0000  0.0006  0.0003  0.0006  0.1327  0.0004  0.0004  0.0113  0.0008  1.0000  0.5283  0.0005  0.0009  0.0012  0.0008  0.0006  0.0013  0.0062  0.0008  0.0000  0.0011  0.0000  0.0000  0.0000
 0.0000  0.0000  0.0000  0.0000  0.0000  0.0000  0.0000  0.0000  0.0000  0.0000  1.0000  0.0000  0.0000  0.0000  0.0000  0.0000  0.0000  0.0000  0.0000  0.0000  0.0000  0.0000  0.0000  0.0000  0.0000
 0.6146  0.0000  0.0886  0.0641  0.0996  0.0142  0.0406  0.0182  0.0719  0.5291  0.0496  0.0661  0.0863  0.0362  0.0619  0.0912  0.3457  1.0000  0.5532  0.0044  0.0000  0.0148  0.0000  0.0000  0.0000
 0.0019  0.0000  0.0005  0.0003  0.0005  0.0050  0.0005  0.0003  0.2488  0.0007  1.0000  0.0794  0.0005  0.0008  0.0009  0.0007  0.0006  0.0013  0.0362  0.0006  0.0000  0.0772  0.0000  0.0000  0.0000
 0.0012  0.0000  0.0002  1.0000  0.0222  0.0002  0.0027  0.0009  0.0001  0.0015  0.0003  0.0001  0.0148  0.0009  0.0014  0.0006  0.0022  0.0010  0.0002  0.0001  0.0000  0.0004  0.0000  0.0000  0.0000
 0.0424  0.0000  0.0149  0.0452  0.0319  0.0363  0.1203  0.0192  0.0197  0.0402  0.0433  0.0074  0.0231  1.0000  0.0234  0.0407  0.0310  0.0264  0.0234  0.2108  0.0000  0.0329  0.0000  0.0000  0.0000
 1.0000  0.0000  0.0267  0.4175  0.5989  0.0249  0.2254  0.0606  0.0934  0.5432  0.1829  0.0529  0.2472  0.1371  0.3254  0.5578  0.7559  0.3230  0.1578  0.0086  0.0000  0.0189  0.0000  0.0000  0.0000
 0.0335  0.0000  0.0005  0.4058  0.3421  0.0031  0.0130  0.0730  0.0041  1.0000  0.0078  0.0032  0.0150  0.0637  0.6299  0.0113  0.0174  0.0150  0.0079  0.0015  0.0000  0.0042  0.0000  0.0000  0.0000
 0.0000  0.0000  0.0000  0.0000  0.0000  0.0000  0.0000  0.0000  0.0000  0.0000  0.0000  0.0000  0.0000  0.0000  0.0000  1.0000  0.0000  0.0000  0.0000  0.0000  0.0000  0.0000  0.0000  0.0000  0.0000
 0.0732  0.0000  0.1819  0.0184  0.0252  0.0539  0.1150  0.0380  1.0000  0.0472  0.2069  0.0214  0.0252  0.0181  0.1084  0.0295  0.0379  0.0792  0.1766  0.0135  0.0000  0.0709  0.0000  0.0000  0.0000
 0.0755  0.0000  0.0735  0.3405  0.0222  0.0083  0.0239  0.0105  0.0431  0.0330  0.0218  0.0119  0.2662  0.0532  0.0257  0.0206  0.5584  1.0000  0.0372  0.0054  0.0000  0.0098  0.0000  0.0000  0.0000
 1.0000  0.0000  0.0010  0.0007  0.0009  0.0004  0.0054  0.0002  0.0004  0.0009  0.0009  0.0004  0.0006  0.0024  0.0006  0.0007  0.1737  0.0018  0.0016  0.0001  0.0000  0.0003  0.0000  0.0000  0.0000
 0.6964  0.0000  0.0475  0.6827  1.0000  0.0444  0.3387  0.1081  0.2475  0.9527  0.2687  0.0942  0.4482  0.2444  0.5332  0.4671  0.6806  0.6118  0.2782  0.0153  0.0000  0.0337  0.0000  0.0000  0.0000
 0.2301  0.0000  0.0016  1.0000  0.2270  0.0033  0.0167  0.0084  0.0053  0.0352  0.0089  0.0037  0.0208  0.0206  0.2532  0.0117  0.3531  0.0877  0.0097  0.0015  0.0000  0.0043  0.0000  0.0000  0.0000
 1.0000  0.0000  0.0010  0.0008  0.0009  0.0004  0.0049  0.0002  0.0007  0.0010  0.0011  0.0005  0.0008  0.0023  0.0007  0.0007  0.0051  0.0896  0.0019  0.0002  0.0000  0.0003  0.0000  0.0000  0.0000
 0.0008  0.0000  0.0002  0.0001  0.0002  0.0023  0.0002  0.0002  0.0510  0.0003  1.0000  0.0028  0.0002  0.0004  0.0004  0.0003  0.0002  0.0005  0.0024  0.0003  0.0000  0.0003  0.0000  0.0000  0.0000
 0.1191  0.0000  0.0092  0.8231  0.2436  0.0120  0.0748  0.0638  0.0320  0.7213  0.0595  0.0816  1.0000  0.0565  0.7275  0.4770  0.1147  0.0959  0.0474  0.0063  0.0000  0.0177  0.0000  0.0000  0.0000
 1.0000  0.0000  0.1210  0.3746  0.1536  0.0412  0.6039  0.7159  0.0393  0.1580  0.0813  0.0365  0.4386  0.2172  0.1077  0.0949  0.9609  0.2373  0.1231  0.0170  0.0000  0.0588  0.0000  0.0000  0.0000
 0.0277  0.0000  0.0004  0.9784  1.0000  0.0025  0.0101  0.0066  0.0033  0.0279  0.0061  0.0025  0.0113  0.3878  0.0967  0.0074  0.0138  0.0120  0.0064  0.0012  0.0000  0.0033  0.0000  0.0000  0.0000
 0.0013  0.0000  0.0007  0.0002  0.0003  1.0000  0.0002  0.0000  0.0029  0.0000  0.0071  0.0014  0.0000  0.0005  0.0000  0.0000  0.0009  0.0008  0.0027  0.1663  0.0000  0.7567  0.0000  0.0000  0.0000
 0.0009  0.0000  0.0003  0.0001  0.0002  1.0000  0.0002  0.0001  0.0031  0.0002  0.1301  0.0019  0.0001  0.0004  0.0002  0.0002  0.0004  0.0005  0.0020  0.0020  0.0000  0.0078  0.0000  0.0000  0.0000
 0.3217  0.0000  0.0505  0.1060  0.1990  0.0471  0.1341  0.1139  0.1077  0.7915  0.1596  0.0637  0.2433  0.1751  0.2939  0.6757  0.7371  1.0000  0.1564  0.1945  0.0000  0.0754  0.0000  0.0000  0.0000
 0.0247  0.0000  0.0049  0.0957  0.1907  0.0026  0.0077  0.0034  0.0402  0.0126  0.0075  0.0039  0.0759  0.0127  0.0096  0.0076  0.6075  1.0000  0.0668  0.0016  0.0000  0.0030  0.0000  0.0000  0.0000
 0.1351  0.0000  0.0020  0.9098  1.0000  0.0122  0.0510  0.0484  0.0165  0.2977  0.0306  0.0125  0.0581  0.2961  0.1781  0.0391  0.0691  0.0598  0.1945  0.0058  0.0000  0.0166  0.0000  0.0000  0.0000
 0.0123  0.0000  0.0011  0.0078  0.0651  0.0010  0.0066  0.0010  0.0016  0.0047  0.0034  0.0724  0.0022  1.0000  0.0043  0.0024  0.0063  0.0034  0.0031  0.0004  0.0000  0.0008  0.0000  0.0000  0.0000
 0.1996  0.0000  0.0176  0.0203  0.0271  0.3385  0.0327  0.0907  0.0648  0.0756  1.0000  0.5233  0.0305  0.0574  0.0292  0.0345  0.0397  0.0389  0.0751  0.0184  0.0000  0.3490  0.0000  0.0000  0.0000
 0.2218  0.0000  0.0013  0.0010  0.0011  0.0005  0.0070  0.0002  0.0006  0.0012  0.0012  0.0006  0.0008  1.0000  0.0008  0.0009  0.0272  0.0023  0.0021  0.0002  0.0000  0.0004  0.0000  0.0000  0.0000
 0.6095  0.0000  1.0000  0.0256  0.0263  0.0116  0.0988  0.0073  0.0385  0.1891  0.0392  0.0164  0.0345  0.1989  0.0230  0.0213  0.5748  0.2208  0.1775  0.0046  0.0000  0.0091  0.0000  0.0000  0.0000
 0.0273  0.0000  0.0008  1.0000  0.2343  0.0008  0.0060  0.0196  0.0026  0.0570  0.0043  0.0015  0.0743  0.0043  0.0554  0.0545  0.0950  0.0083  0.0041  0.0003  0.0000  0.0007  0.0000  0.0000  0.0000
 0.0679  0.0000  0.0170  0.0079  0.0174  0.1697  0.0130  0.0132  0.3231  0.0273  1.0000  0.2158  0.0161  0.0687  0.0342  0.0243  0.0188  0.0399  0.1839  0.0199  0.0000  0.0214  0.0000  0.0000  0.0000
 0.5445  0.0000  0.0373  0.4760  0.7444  0.0348  0.3052  0.0949  0.1306  1.0000  0.2107  0.0739  0.3459  0.5351  0.4281  0.3804  0.9221  0.4269  0.1991  0.0120  0.0000  0.0265  0.0000  0.0000  0.0000
 0.1505  0.0000  0.0106  0.2734  0.2842  0.0667  0.1780  0.0242  0.0373  0.3386  0.0601  0.0211  0.2143  0.1108  0.1942  0.1447  1.0000  0.2406  0.0944  0.0034  0.0000  0.0076  0.0000  0.0000  0.0000
 0.0061  0.0000  0.0016  0.0007  0.0016  0.3029  0.0012  0.0012  0.0303  0.0021  1.0000  0.3845  0.0015  0.0524  0.0031  0.0021  0.0017  0.0393  0.0168  0.0019  0.0000  0.0022  0.0000  0.0000  0.0000
 0.1612  0.0000  0.0033  0.4564  1.0000  0.0152  0.0650  0.0378  0.0208  0.1552  0.2937  0.0156  0.0704  0.8328  0.2009  0.0426  0.0835  0.0693  0.0381  0.0068  0.0000  0.0194  0.0000  0.0000  0.0000
 0.5713  0.0000  0.0504  0.5917  0.5256  0.0264  0.1989  0.0638  0.0980  1.0000  0.2130  0.0555  0.2590  0.1437  0.4064  0.3797  0.7112  0.5217  0.1495  0.0091  0.0000  0.0203  0.0000  0.0000  0.0000
 0.1419  0.0000  0.0466  0.0578  0.0712  0.2868  0.0855  0.1331  0.1008  0.0788  0.1624  0.1094  0.0891  0.1052  0.1710  0.0895  0.3684  0.4001  0.1304  0.0459  0.0000  1.0000  0.0000  0.0000  0.0000
 0.1621  0.0000  0.0062  0.2772  1.0000  0.0140  0.0595  0.7873  0.0209  0.1283  0.0873  0.0140  0.0509  0.2558  0.1421  0.0503  0.0723  0.0573  0.0399  0.0059  0.0000  0.0176  0.0000  0.0000  0.0000
 0.7444  0.0000  0.0559  0.6254  1.0000  0.0602  0.3743  0.1273  0.1867  0.8934  0.3010  0.1056  0.4933  0.2765  0.5734  0.5050  0.7444  0.6044  0.2839  0.0237  0.0000  0.0545  0.0000  0.0000  0.0000
 0.2527  0.0000  0.0483  0.0976  0.0675  0.0255  0.0834  0.0291  0.0712  0.1039  0.0904  0.0363  0.1726  0.1430  0.1140  0.0681  0.7681  1.0000  0.1155  0.0155  0.0000  0.0281  0.0000  0.0000  0.0000
 0.2059  0.0000  0.0414  1.0000  0.3810  0.0365  0.5861  0.2549  0.0231  0.3123  0.0474  0.0177  0.9550  0.2171  0.1945  0.1418  0.6157  0.2205  0.0398  0.0189  0.0000  0.0920  0.0000  0.0000  0.0000
 1.0000  0.0000  0.1423  0.4452  0.7282  0.0664  0.5311  0.0939  0.1252  0.5023  0.2092  0.1540  0.3308  0.3025  0.3423  0.3495  0.8544  0.5323  0.2490  0.0242  0.0000  0.0692  0.0000  0.0000  0.0000
 0.2595  0.0000  0.0592  0.0762  0.2455  0.3225  0.1758  0.3472  0.1586  1.0000  0.3101  0.1007  0.2023  0.1521  0.3830  0.8829  0.2085  0.2376  0.2048  0.0690  0.0000  0.3314  0.0000  0.0000  0.0000
 0.0078  0.0000  0.0001  0.2089  1.0000  0.0007  0.0030  0.0020  0.0011  0.1158  0.0436  0.0008  0.0034  0.0047  0.2058  0.0377  0.0042  0.0037  0.0020  0.0004  0.0000  0.0010  0.0000  0.0000  0.0000
 0.1438  0.0000  0.0502  0.0581  0.1036  0.7636  0.0934  0.1537  0.1740  0.1127  0.5034  0.2581  0.0870  0.0579  0.0832  0.3128  0.1135  0.2739  0.2176  0.0524  0.0000  1.0000  0.0000  0.0000  0.0000
 0.2166  0.0000  0.0212  0.1365  0.3472  0.0495  0.1347  0.1400  0.0818  1.0000  0.2025  0.0611  0.1777  0.1361  0.3943  0.8391  0.1820  0.1996  0.1117  0.0424  0.0000  0.0868  0.0000  0.0000  0.0000
 1.0000  0.0000  0.0136  0.2131  0.2551  0.0129  0.3272  0.0309  0.0475  0.3292  0.2284  0.0269  0.1255  0.0696  0.2500  0.2758  0.4688  0.6215  0.1188  0.0044  0.0000  0.0099  0.0000  0.0000  0.0000
 0.1731  0.0000  0.0130  0.0187  0.0922  0.0153  0.0834  0.0552  0.0291  1.0000  0.0679  0.0234  0.0655  0.4736  0.1482  0.4640  0.1221  0.0813  0.0463  0.0105  0.0000  0.0293  0.0000  0.0000  0.0000
 0.0640  0.0000  0.0061  0.0716  0.0909  0.0132  0.0446  0.0540  0.0268  1.0000  0.0923  0.1337  0.0601  0.7963  0.1442  0.5905  0.0520  0.0662  0.0356  0.0096  0.0000  0.0275  0.0000  0.0000  0.0000
 0.3016  0.0000  0.0043  0.0978  0.1352  0.0043  0.0302  0.0106  0.0679  0.4294  0.0406  0.0086  0.0393  0.0222  0.1090  1.0000  0.0574  0.0455  0.0398  0.0016  0.0000  0.0037  0.0000  0.0000  0.0000
 0.1373  0.0000  0.0063  0.4490  0.5955  0.0156  0.0954  0.0530  0.0268  0.3540  0.0546  0.0198  0.1050  0.3904  0.2313  1.0000  0.0978  0.0859  0.0429  0.0088  0.0000  0.0262  0.0000  0.0000  0.0000
 0.9054  0.0000  0.0401  0.5400  0.9571  0.0375  0.3320  0.0914  0.1406  1.0000  0.2869  0.0796  0.3721  0.4237  0.8255  0.8230  0.5517  0.4585  0.2145  0.0129  0.0000  0.0285  0.0000  0.0000  0.0000
 0.4736  0.0000  0.0293  0.4339  1.0000  0.0295  0.7835  0.0738  0.1032  0.5768  0.1679  0.0592  0.2839  0.1642  0.6790  0.4327  0.4561  0.3190  0.1586  0.0107  0.0000  0.0249  0.0000  0.0000  0.0000
 0.8114  0.0000  0.0482  0.5799  1.0000  0.0450  0.5308  0.1373  0.1690  0.8703  0.2727  0.1198  0.4472  0.2890  0.6847  0.6393  0.7178  0.5344  0.2578  0.0155  0.0000  0.0342  0.0000  0.0000  0.0000
 0.2821  0.0000  0.0128  0.1890  0.3283  0.0121  0.1316  0.3242  0.0448  0.3439  0.0724  0.0254  0.1189  0.1413  1.0000  0.7825  0.6233  0.1373  0.0683  0.0042  0.0000  0.0094  0.0000  0.0000  0.0000
 0.5110  0.0000  0.1760  0.2066  0.2779  0.6990  0.3300  0.5480  0.4119  0.3099  0.6542  0.2442  0.3137  0.2054  0.3307  0.4005  0.4024  0.3929  0.5345  0.1839  0.0000  1.0000  0.0000  0.0000  0.0000
 0.7676  0.0000  0.0507  0.6041  1.0000  0.0481  0.4816  0.1273  0.1774  0.8796  0.3057  0.1003  0.4900  0.3115  0.5944  0.6068  0.6944  0.5808  0.2703  0.0165  0.0000  0.0372  0.0000  0.0000  0.0000
 0.6281  0.0000  0.0275  0.3962  0.9954  0.0262  0.2464  0.1762  0.0961  0.6070  0.2166  0.4683  0.2534  0.1773  1.0000  0.4883  0.3757  0.2937  0.1464  0.0090  0.0000  0.0204  0.0000  0.0000  0.0000
 0.7942  0.0000  0.0444  0.5387  1.0000  0.0415  0.4415  0.2123  0.1748  0.8143  0.2511  0.0881  0.4240  0.3503  0.8154  0.4811  0.6410  0.4771  0.2374  0.0143  0.0000  0.0316  0.0000  0.0000  0.0000
 0.8030  0.0000  0.0147  0.2063  0.5272  0.0137  0.2579  0.0334  0.0515  0.2966  0.1674  0.1186  0.1363  1.0000  0.3147  0.2127  0.4154  0.1904  0.0786  0.0047  0.0000  0.0104  0.0000  0.0000  0.0000
 0.8507  0.0000  0.0514  0.6041  1.0000  0.0494  0.4063  0.1246  0.1793  0.8871  0.3151  0.1014  0.5423  0.3292  0.5893  0.5128  0.7006  0.5897  0.2886  0.0168  0.0000  0.0388  0.0000  0.0000  0.0000
 0.6746  0.0000  0.0481  0.5582  0.8970  0.0467  0.6160  0.1101  0.1842  1.0000  0.2710  0.1115  0.7251  0.3501  0.6431  0.5064  0.8527  0.5416  0.2834  0.0159  0.0000  0.0370  0.0000  0.0000  0.0000
 0.4534  0.0000  0.0237  0.3711  0.8028  0.0221  0.4097  0.1611  0.0829  1.0000  0.1337  0.1120  0.2986  0.1216  0.8541  0.7608  0.3757  0.3481  0.1264  0.0076  0.0000  0.0167  0.0000  0.0000  0.0000
 0.7979  0.0000  0.0568  0.6238  1.0000  0.0654  0.4208  0.1364  0.1938  0.9454  0.3134  0.1097  0.5147  0.2863  0.6231  0.5367  0.7529  0.5857  0.2932  0.0600  0.0000  0.0608  0.0000  0.0000  0.0000
 0.3313  0.0000  0.0164  0.2397  0.3592  0.0154  0.1170  0.1510  0.0575  0.4507  0.0928  0.0325  0.2322  0.0844  0.3044  1.0000  0.7897  0.4425  0.0877  0.0053  0.0000  0.0117  0.0000  0.0000  0.0000
 0.7567  0.0000  0.0533  0.6225  1.0000  0.0505  0.4449  0.1214  0.1863  0.9547  0.3293  0.1054  0.5727  0.2949  0.6191  0.5774  0.7779  0.6083  0.2961  0.0173  0.0000  0.0391  0.0000  0.0000  0.0000
 0.3761  0.0000  0.0196  0.3805  0.3678  0.0183  0.4419  0.0446  0.0683  0.6367  0.1497  0.0387  0.2892  1.0000  0.3331  0.1917  0.3472  0.2439  0.1042  0.0063  0.0000  0.0141  0.0000  0.0000  0.0000
 0.9109  0.0000  0.0434  0.5417  1.0000  0.0405  0.3719  0.1424  0.1716  0.7981  0.2452  0.0860  0.4021  0.3661  0.5115  0.4972  0.8449  0.5127  0.2318  0.0139  0.0000  0.0308  0.0000  0.0000  0.0000
 0.8005  0.0000  0.0569  0.6301  1.0000  0.0671  0.4563  0.1543  0.2228  0.9371  0.3174  0.1250  0.4930  0.2883  0.5852  0.5232  0.7466  0.6967  0.3017  0.0216  0.0000  0.0631  0.0000  0.0000  0.0000
 0.3131  0.0000  0.0158  0.1849  0.3593  0.0148  0.1122  0.0359  0.0864  0.4125  0.2023  0.0313  0.2532  0.1031  0.5066  0.1813  0.6796  1.0000  0.2201  0.0051  0.0000  0.0114  0.0000  0.0000  0.0000
 0.2087  0.0000  0.0116  0.1907  0.2142  0.0114  0.0821  0.0575  0.0403  0.4351  0.0655  0.0739  0.4774  0.0592  0.4400  1.0000  0.6433  0.1227  0.0612  0.0040  0.0000  0.0096  0.0000  0.0000  0.0000
 0.8043  0.0000  0.0553  0.6622  1.0000  0.0553  0.4760  0.1500  0.1884  0.9243  0.3038  0.1066  0.5070  0.2900  0.8105  0.5618  0.8175  0.7096  0.2869  0.0188  0.0000  0.0468  0.0000  0.0000  0.0000
 0.8229  0.0000  0.0662  0.6375  1.0000  0.0653  0.4693  0.1349  0.2030  0.9436  0.3196  0.1195  0.5363  0.3039  0.6014  0.5720  0.9112  0.8506  0.3105  0.0232  0.0000  0.0596  0.0000  0.0000  0.0000
 0.6797  0.0000  0.0427  0.5163  1.0000  0.0436  0.3193  0.0984  0.1476  0.7233  0.2382  0.0835  0.3876  0.2152  0.5717  0.4382  0.7540  0.6460  0.2246  0.0147  0.0000  0.0875  0.0000  0.0000  0.0000
 0.6505  0.0000  0.1852  0.3281  0.4666  0.7090  0.4003  0.5595  0.4253  0.4683  0.7008  0.2386  0.3998  0.2552  0.4063  0.4488  0.5398  0.4989  0.5515  0.1860  0.0000  1.0000  0.0000  0.0000  0.0000
 0.1019  0.0000  0.0062  1.0000  0.9174  0.0080  0.0904  0.0721  0.0212  0.1196  0.0352  0.0127  0.0760  0.3278  0.3684  0.0588  0.2456  0.1596  0.0338  0.0032  0.0000  0.0088  0.0000  0.0000  0.0000
 0.0202  0.0000  0.0019  0.0038  0.0281  0.0042  0.0144  0.0422  0.0086  0.2563  0.0203  0.0067  0.0198  0.2241  0.0478  1.0000  0.0166  0.0216  0.0114  0.0032  0.0000  0.0091  0.0000  0.0000  0.0000
 0.0303  0.0000  0.0061  0.0016  0.0046  0.0045  0.0009  0.0011  0.0731  0.0047  0.0276  0.0075  0.0023  0.1136  0.0034  0.0027  0.0050  0.0213  1.0000  0.0007  0.0000  0.0015  0.0000  0.0000  0.0000
 0.0024  0.0000  0.0012  0.0004  0.0006  1.0000  0.0004  0.0000  0.0051  0.0000  0.0124  0.0025  0.0000  0.0009  0.0000  0.0000  0.0017  0.0015  0.0047  0.0115  0.0000  0.1389  0.0000  0.0000  0.0000
//
