WARNING! G126 not allowed! score: 0.01 median: 2.89 # of sequence: 399
WARNING! R129 not allowed! score: 0.05 median: 2.89 # of sequence: 399
WARNING! R142 not allowed! score: 0.01 median: 2.88 # of sequence: 398
WARNING! A146 not allowed! score: 0.02 median: 2.88 # of sequence: 398
WARNING! V323 not allowed! score: 0.02 median: 2.89 # of sequence: 398
ID   UNK_ID; MATRIX
AC   UNK_AC
DE   UNK_DE
MA   UNK_BL
  A   B   C   D   E   F   G   H   I   K   L   M   N   P   Q   R   S   T   V   W   X   Y   Z   *   -
 0.0000  0.0000  0.0000  0.0000  0.0000  0.0000  0.0000  0.0000  0.0000  0.0000  0.0000  1.0000  0.0000  0.0000  0.0000  0.0000  0.0000  0.0000  0.0000  0.0000  0.0000  0.0000  0.0000  0.0000  0.0000
 1.0000  0.0000  0.0639  0.1113  0.0680  0.0259  0.3693  0.0170  0.0384  0.0771  0.0662  0.0318  0.0811  0.1602  0.0548  0.0527  0.9568  0.3472  0.3767  0.0108  0.0000  0.0225  0.0000  0.0000  0.0000
 0.2573  0.0000  0.0127  1.0000  0.5482  0.0123  0.3741  0.0321  0.0395  0.2920  0.0639  0.0228  0.1299  0.0682  0.1385  0.1098  0.4773  0.5597  0.0616  0.0047  0.0000  0.0119  0.0000  0.0000  0.0000
 0.0106  0.0000  0.0020  0.0056  0.0052  0.0012  0.0042  0.0022  0.0033  0.0543  0.0468  0.0018  0.0399  1.0000  0.0388  0.0079  0.1900  0.1526  0.0051  0.0008  0.0000  0.0016  0.0000  0.0000  0.0000
 0.1553  0.0000  0.0016  0.0097  0.0440  0.0012  0.0067  0.0022  0.0035  0.0627  0.0049  0.0451  0.0504  1.0000  0.0085  0.0080  0.0474  0.1198  0.0056  0.0005  0.0000  0.0012  0.0000  0.0000  0.0000
 0.0661  0.0000  0.0048  0.0546  0.1461  0.0050  0.0868  0.0111  0.0166  0.1077  0.0652  0.0755  0.2521  1.0000  0.1065  0.0462  0.0841  0.1029  0.0353  0.0017  0.0000  0.0043  0.0000  0.0000  0.0000
 0.2982  0.0000  0.0101  0.0426  0.0568  0.0113  0.2306  0.0136  0.0896  0.0573  0.0735  0.0111  0.1809  0.1014  0.0388  0.0743  0.4076  1.0000  0.0924  0.0043  0.0000  0.0137  0.0000  0.0000  0.0000
 0.0980  0.0000  0.0092  0.0596  0.0811  0.0248  0.0678  1.0000  0.0254  0.4098  0.0416  0.1160  0.1538  0.0500  0.0825  0.6006  0.1443  0.0996  0.0357  0.0068  0.0000  0.0901  0.0000  0.0000  0.0000
 0.5254  0.0000  0.0062  0.0984  0.3254  0.0058  1.0000  0.0236  0.0219  0.3005  0.0353  0.0124  0.0669  0.4793  0.1179  0.1261  0.1864  0.1113  0.0474  0.0020  0.0000  0.0044  0.0000  0.0000  0.0000
 0.0048  0.0000  0.0007  0.0824  0.2379  0.0008  1.0000  0.0125  0.0005  0.0754  0.0011  0.0004  0.0348  0.0035  0.0171  0.0027  0.0088  0.0791  0.0009  0.0004  0.0000  0.0018  0.0000  0.0000  0.0000
 0.0295  0.0000  0.0084  0.0102  0.0274  1.0000  0.0196  0.0377  0.0203  0.2960  0.0629  0.0121  0.0205  0.0147  0.0302  0.2575  0.0323  0.0444  0.0261  0.0092  0.0000  0.2490  0.0000  0.0000  0.0000
 0.0373  0.0000  0.0080  0.0088  0.0120  0.0302  0.0140  0.3063  0.3395  0.0127  0.0677  0.0099  0.0404  0.0092  0.0281  0.0150  0.0174  0.0595  0.3834  0.0079  0.0000  1.0000  0.0000  0.0000  0.0000
 0.0832  0.0000  0.0378  0.0181  0.0248  0.0559  0.0273  0.0849  0.0318  0.5901  0.0974  0.0401  0.0414  0.0171  0.8745  1.0000  0.1518  0.0972  0.1883  0.0147  0.0000  0.3695  0.0000  0.0000  0.0000
 0.2105  0.0000  0.0461  0.0249  0.0331  0.1567  0.0400  0.0728  0.0903  0.0436  0.2409  0.0477  0.0373  0.0248  0.3562  0.0422  0.0582  0.1746  0.2191  0.0351  0.0000  1.0000  0.0000  0.0000  0.0000
 0.1288  0.0000  0.0074  0.5491  1.0000  0.0426  0.0529  0.0169  0.0260  0.1394  0.0653  0.0822  0.9725  0.0381  0.5218  0.0895  0.4137  0.1789  0.1128  0.0024  0.0000  0.0054  0.0000  0.0000  0.0000
 0.0054  0.0000  0.0003  0.0002  0.0003  0.0014  0.0003  0.0000  1.0000  0.0004  0.5180  0.1925  0.0002  0.0002  0.0002  0.0003  0.0113  0.0011  0.6217  0.0002  0.0000  0.0005  0.0000  0.0000  0.0000
 0.2636  0.0000  0.1379  0.0941  0.1251  1.0000  0.1573  0.2489  0.1807  0.1332  0.3573  0.1013  0.7461  0.0937  0.1346  0.2544  0.1838  0.2332  0.2502  0.3030  0.0000  0.6978  0.0000  0.0000  0.0000
 0.0150  0.0000  0.0015  0.0041  0.0325  0.0031  1.0000  0.0134  0.0063  0.6842  0.0150  0.0049  0.0392  0.0118  0.1840  0.3140  0.0128  0.0320  0.0084  0.0023  0.0000  0.0068  0.0000  0.0000  0.0000
 0.0034  0.0000  0.0007  0.0014  0.0009  0.0004  0.0009  0.0004  0.0361  0.0014  0.0149  0.0006  0.5106  0.0068  0.0108  0.0009  0.1406  1.0000  0.0408  0.0002  0.0000  0.0004  0.0000  0.0000  0.0000
 0.3798  0.0000  0.0609  0.1582  0.4061  0.2111  0.1121  0.1248  0.4197  0.2672  1.0000  0.0696  0.1650  0.0819  0.1868  0.1904  0.2812  0.4748  0.7719  0.0335  0.0000  0.1782  0.0000  0.0000  0.0000
 0.0003  0.0000  0.0002  0.0001  0.0001  1.0000  0.0001  0.0000  0.0007  0.0000  0.0062  0.0004  0.0000  0.0001  0.0000  0.0000  0.0002  0.0002  0.0051  0.5015  0.0000  0.0244  0.0000  0.0000  0.0000
 0.0046  0.0000  0.0001  0.0026  1.0000  0.0001  0.0004  0.0003  0.0132  0.0178  0.0005  0.0002  0.0518  0.0007  0.0185  0.0007  0.0007  0.0123  0.0182  0.0001  0.0000  0.0002  0.0000  0.0000  0.0000
 0.0192  0.0000  0.0225  0.0001  0.0002  0.0061  0.0001  0.0000  0.6668  0.0003  0.0880  0.0006  0.0001  0.0003  0.0002  0.0002  0.0003  0.0075  1.0000  0.0001  0.0000  0.0002  0.0000  0.0000  0.0000
 0.0425  0.0000  0.0036  0.4075  0.0383  0.0040  0.0872  0.0071  0.0092  0.0627  0.0312  0.0052  0.0257  1.0000  0.0375  0.0905  0.5340  0.9882  0.0139  0.0015  0.0000  0.0211  0.0000  0.0000  0.0000
 0.7725  0.0000  0.0079  0.2633  0.9104  0.0074  0.0563  0.0424  0.1106  0.3437  0.0447  0.0262  0.4968  0.0406  0.2772  0.4086  1.0000  0.7517  0.1495  0.0025  0.0000  0.0056  0.0000  0.0000  0.0000
 0.0061  0.0000  0.0186  0.0019  0.0056  0.0054  0.0041  0.0494  0.0655  1.0000  0.0071  0.0117  0.0213  0.0035  0.1142  0.7748  0.0049  0.1511  0.0536  0.0017  0.0000  0.0313  0.0000  0.0000  0.0000
 0.0001  0.0000  0.0001  0.0000  0.0000  0.0027  0.0001  0.0000  0.0003  0.0000  0.0214  0.0001  0.0000  0.0001  0.0000  0.0000  0.0001  0.0001  0.0003  0.0006  0.0000  1.0000  0.0000  0.0000  0.0000
 0.7643  0.0000  0.0520  0.6216  1.0000  0.0485  0.3705  0.1182  0.1972  0.9847  0.3114  0.1031  0.4907  0.3112  0.8416  0.5869  0.7732  0.6458  0.5144  0.0167  0.0000  0.0368  0.0000  0.0000  0.0000
 0.1580  0.0000  0.0087  0.5618  0.2062  0.0315  0.1097  0.0197  0.1452  0.1639  0.0489  0.0694  0.3115  1.0000  0.1133  0.1132  0.1947  0.1048  0.0956  0.0028  0.0000  0.0064  0.0000  0.0000  0.0000
 0.0022  0.0000  0.0005  0.0002  0.0005  0.0048  0.0004  0.0004  0.7123  0.0007  1.0000  0.0129  0.0005  0.0501  0.0663  0.0006  0.0006  0.0013  0.0751  0.0006  0.0000  0.0006  0.0000  0.0000  0.0000
 0.3137  0.0000  0.0188  0.4274  0.3945  0.0175  0.1338  0.1070  0.1152  0.9672  0.2298  0.4753  0.4366  0.0965  1.0000  0.8166  0.6844  0.5388  0.1228  0.0060  0.0000  0.0133  0.0000  0.0000  0.0000
 0.0408  0.0000  0.0133  0.0004  0.0010  0.0008  0.0011  0.0417  0.0051  0.0010  0.0250  0.0106  0.0006  1.0000  0.0101  0.0007  0.0081  0.0038  0.0749  0.0002  0.0000  0.0006  0.0000  0.0000  0.0000
 0.0004  0.0000  0.0001  0.0001  0.0001  0.0005  0.0002  0.0000  0.8889  0.0002  0.0026  0.0005  0.0001  0.0001  0.0000  0.0001  0.0002  0.0004  1.0000  0.0001  0.0000  0.0002  0.0000  0.0000  0.0000
 0.0000  0.0000  0.0000  0.0000  0.0000  0.0000  1.0000  0.0000  0.0000  0.0000  0.0000  0.0000  0.0000  0.0000  0.0000  0.0000  0.0000  0.0000  0.0000  0.0000  0.0000  0.0000  0.0000  0.0000  0.0000
 0.1029  0.0000  0.0225  0.0693  0.2592  0.0064  0.0426  0.0438  0.0648  0.4545  0.0345  0.4365  0.0553  0.0308  0.1759  1.0000  0.7628  0.2041  0.0526  0.0022  0.0000  0.0055  0.0000  0.0000  0.0000
 0.0000  0.0000  0.0000  0.0000  0.0000  0.0000  1.0000  0.0000  0.0000  0.0000  0.0000  0.0000  0.0000  0.0000  0.0000  0.0000  0.0000  0.0000  0.0000  0.0000  0.0000  0.0000  0.0000  0.0000  0.0000
 1.0000  0.0000  0.0000  0.0000  0.0000  0.0000  0.0000  0.0000  0.0000  0.0000  0.0000  0.0000  0.0000  0.0000  0.0000  0.0000  0.0000  0.0000  0.0000  0.0000  0.0000  0.0000  0.0000  0.0000  0.0000
 0.0012  0.0000  0.0192  0.0006  0.0005  0.1863  0.0008  0.0007  0.0042  0.0005  0.0011  0.0004  0.0060  0.0004  0.0005  0.0005  0.0083  0.0010  0.0008  0.0003  0.0000  1.0000  0.0000  0.0000  0.0000
 0.0004  0.0000  0.0002  0.0045  0.0003  0.0002  1.0000  0.0002  0.0002  0.0003  0.0003  0.0001  0.0004  0.0007  0.0002  0.0004  0.0004  0.0003  0.0002  0.0002  0.0000  0.0002  0.0000  0.0000  0.0000
 0.1517  0.0000  0.0149  0.0040  0.0114  0.0305  0.0015  0.0035  1.0000  0.0118  0.4232  0.0386  0.0060  0.0159  0.3205  0.0072  0.2717  0.1427  0.4046  0.0024  0.0000  0.0047  0.0000  0.0000  0.0000
 0.0004  0.0000  0.0001  0.0001  0.0001  0.0002  0.0001  0.0000  0.0148  0.0001  0.0008  0.0002  0.0001  0.0001  0.0001  0.0001  0.0001  0.0003  1.0000  0.0000  0.0000  0.0001  0.0000  0.0000  0.0000
 0.0013  0.0000  1.0000  0.0001  0.0002  0.0002  0.0001  0.0001  0.0126  0.0002  0.0012  0.0025  0.0001  0.0003  0.0002  0.0034  0.0181  0.0009  0.0225  0.0067  0.0000  0.0001  0.0000  0.0000  0.0000
 0.2086  0.0000  0.0416  0.0005  0.0007  0.0003  0.0129  0.0001  0.0003  0.0747  0.0007  0.0003  0.0005  0.0068  0.0005  0.0005  1.0000  0.0013  0.0012  0.0001  0.0000  0.0002  0.0000  0.0000  0.0000
 1.0000  0.0000  0.0005  0.0004  0.0004  0.0002  0.0068  0.0001  0.0100  0.0005  0.0154  0.0002  0.0003  0.0011  0.0003  0.0003  0.1424  0.0083  0.0953  0.0001  0.0000  0.0001  0.0000  0.0000  0.0000
 0.1738  0.0000  0.0607  0.0943  0.1987  0.4439  0.1130  0.2088  0.6532  0.5165  0.8124  0.2673  0.1303  0.0700  0.1006  0.3543  0.1374  0.4220  1.0000  0.0850  0.0000  0.5299  0.0000  0.0000  0.0000
 0.0071  0.0000  0.0419  1.0000  0.0249  0.0014  0.0201  0.1188  0.0356  0.0084  0.0022  0.0008  0.9862  0.0049  0.0058  0.0042  0.0156  0.0071  0.1046  0.0006  0.0000  0.0032  0.0000  0.0000  0.0000
 0.4033  0.0000  0.0167  0.1116  0.1855  0.0857  0.1208  0.0233  0.0791  0.5479  0.1171  0.0195  0.1847  0.0492  0.5031  0.5916  1.0000  0.8302  0.1250  0.0036  0.0000  0.0100  0.0000  0.0000  0.0000
 0.2274  0.0000  0.0143  0.2279  1.0000  0.0134  0.2170  0.0325  0.0500  0.3978  0.3657  0.0283  0.1434  0.1747  0.2433  0.4068  0.2091  0.1531  0.0944  0.0046  0.0000  0.0255  0.0000  0.0000  0.0000
 0.0425  0.0000  0.0065  0.0013  0.0016  0.0037  0.0019  0.0220  0.0022  0.0017  0.0830  0.0012  0.0187  0.0063  0.0107  0.0084  0.1751  1.0000  0.0064  0.0010  0.0000  0.0188  0.0000  0.0000  0.0000
 0.0827  0.0000  0.0029  0.0721  0.0636  0.0031  1.0000  0.0709  0.0242  0.1569  0.0161  0.0056  0.9073  0.0144  0.0785  0.2898  0.1810  0.0633  0.0151  0.0010  0.0000  0.0286  0.0000  0.0000  0.0000
 0.0913  0.0000  0.0029  0.0531  1.0000  0.0094  0.0333  0.0284  0.0498  0.0620  0.0840  0.0925  0.0535  0.0246  0.4159  0.0760  0.0853  0.1764  0.0771  0.0009  0.0000  0.0021  0.0000  0.0000  0.0000
 0.0974  0.0000  0.0027  0.0528  0.4073  0.0025  0.0399  0.1014  0.0093  1.0000  0.0654  0.1464  0.1732  0.1066  0.1190  0.2210  0.1096  0.0444  0.0142  0.0009  0.0000  0.0068  0.0000  0.0000  0.0000
 0.0001  0.0000  0.0000  0.0000  0.0000  0.0002  0.0038  0.0000  0.0401  0.0001  0.0011  0.0061  0.0000  0.0000  0.0000  0.0000  0.0001  0.0001  1.0000  0.0000  0.0000  0.0001  0.0000  0.0000  0.0000
 1.0000  0.0000  0.0002  0.0002  0.0002  0.0001  0.0011  0.0001  0.0001  0.0002  0.0002  0.0001  0.0001  0.0041  0.0001  0.0002  0.0009  0.0003  0.0003  0.0000  0.0000  0.0001  0.0000  0.0000  0.0000
 0.0003  0.0000  0.0001  0.0001  0.0001  0.0003  0.0001  0.0000  1.0000  0.0001  0.0235  0.0167  0.0001  0.0000  0.0000  0.0001  0.0077  0.0032  0.2807  0.0000  0.0000  0.0001  0.0000  0.0000  0.0000
 0.0000  0.0000  0.0000  0.0000  0.0000  0.0000  0.0000  0.0000  0.0000  1.0000  0.0000  0.0000  0.0000  0.0000  0.0000  0.0000  0.0000  0.0000  0.0000  0.0000  0.0000  0.0000  0.0000  0.0000  0.0000
 0.0000  0.0000  0.0000  0.0000  0.0000  0.0000  0.0000  0.0000  0.0000  1.0000  0.0000  0.0000  0.0000  0.0000  0.0000  0.0000  0.0000  0.0000  0.0000  0.0000  0.0000  0.0000  0.0000  0.0000  0.0000
 0.0006  0.0000  0.0002  0.0001  0.0002  0.0298  0.0001  0.0001  1.0000  0.0002  0.5186  0.0061  0.0001  0.0002  0.0003  0.0002  0.0002  0.0004  0.0274  0.0002  0.0000  0.0002  0.0000  0.0000  0.0000
 1.0000  0.0000  0.0426  0.0283  0.0376  0.0965  0.4978  0.1712  0.0696  0.0400  0.0891  0.4575  0.1636  0.0281  0.0684  0.0478  0.6252  0.1987  0.0887  0.0254  0.0000  0.2467  0.0000  0.0000  0.0000
 0.0383  0.0000  0.0080  0.1657  0.0561  0.0079  0.1138  0.0400  0.0066  0.4133  0.0152  0.0052  1.0000  0.0308  0.0486  0.7486  0.0986  0.0411  0.0098  0.0045  0.0000  0.0202  0.0000  0.0000  0.0000
 0.7672  0.0000  0.0014  0.0006  0.0011  0.0006  0.0025  0.0003  0.0104  0.0011  0.0036  0.0012  0.0007  1.0000  0.0008  0.0007  0.0092  0.0155  0.0872  0.0001  0.0000  0.0003  0.0000  0.0000  0.0000
 0.0001  0.0000  0.0001  0.0000  0.0000  1.0000  0.0001  0.0000  0.0003  0.0000  0.0080  0.0001  0.0000  0.0001  0.0000  0.0000  0.0001  0.0001  0.0002  0.0005  0.0000  0.0021  0.0000  0.0000  0.0000
 0.0373  0.0000  0.0009  1.0000  0.3117  0.0010  0.0548  0.0144  0.0008  0.0086  0.0016  0.0006  0.0470  0.0049  0.8624  0.0036  0.3713  0.0053  0.0014  0.0005  0.0000  0.0024  0.0000  0.0000  0.0000
 0.0055  0.0000  0.0012  0.0296  0.0024  0.0007  0.0040  0.0957  0.0063  0.0031  0.0015  0.0008  1.0000  0.0031  0.0023  0.0192  0.6776  0.4453  0.0025  0.0004  0.0000  0.0010  0.0000  0.0000  0.0000
 0.8885  0.0000  0.0803  0.5893  1.0000  0.1833  0.3932  0.2581  0.3086  0.9239  0.4457  0.1364  0.5039  0.3721  0.5852  0.6760  0.7814  0.5978  0.3730  0.0505  0.0000  0.2555  0.0000  0.0000  0.0000
 0.0014  0.0000  0.0004  0.0002  0.0003  0.0013  0.0004  0.0000  1.0000  0.0238  0.0932  0.3329  0.0003  0.0003  0.0002  0.0003  0.0004  0.1116  0.8033  0.0002  0.0000  0.0006  0.0000  0.0000  0.0000
 0.0778  0.0000  0.0196  0.2634  0.0463  0.2255  0.0582  0.1315  0.3081  0.0408  1.0000  0.2048  0.0815  0.0393  0.0464  0.0317  0.0503  0.0494  0.1712  0.0213  0.0000  0.0283  0.0000  0.0000  0.0000
 1.0000  0.0000  0.0579  0.0002  0.0003  0.0001  0.0149  0.0001  0.0001  0.0003  0.0003  0.0001  0.0002  0.0008  0.0002  0.0002  0.0637  0.0121  0.0005  0.0000  0.0000  0.0001  0.0000  0.0000  0.0000
 0.0022  0.0000  0.0002  0.0004  0.0030  0.0005  0.0016  0.0019  0.0010  1.0000  0.1546  0.0008  0.0021  0.0017  0.0051  0.1038  0.0018  0.0023  0.0013  0.0003  0.0000  0.0010  0.0000  0.0000  0.0000
 0.0000  0.0000  0.0000  0.0000  0.0000  0.0000  0.0000  0.0000  0.0000  0.0000  0.0000  0.0000  0.0000  0.0000  0.0000  1.0000  0.0000  0.0000  0.0000  0.0000  0.0000  0.0000  0.0000  0.0000  0.0000
 0.0902  0.0000  0.0002  0.0003  0.0002  0.0001  0.0004  0.0001  0.0120  0.0003  0.0002  0.0001  0.0005  0.0004  0.0002  0.0002  0.0079  1.0000  0.0004  0.0000  0.0000  0.0001  0.0000  0.0000  0.0000
 0.0043  0.0000  0.0011  0.0006  0.0011  0.0426  0.0009  0.0149  0.0217  0.0015  1.0000  0.0144  0.0011  0.0019  0.0023  0.0015  0.0013  0.0025  0.0119  0.0014  0.0000  0.8483  0.0000  0.0000  0.0000
 0.0000  0.0000  0.0000  0.0000  0.0000  0.0000  0.0000  0.0000  0.0000  0.0000  0.0000  0.0000  0.0000  0.0000  0.0000  1.0000  0.0000  0.0000  0.0000  0.0000  0.0000  0.0000  0.0000  0.0000  0.0000
 0.0000  0.0000  0.0000  0.0000  1.0000  0.0000  0.0000  0.0000  0.0000  0.0000  0.0000  0.0000  0.0000  0.0000  0.0000  0.0000  0.0000  0.0000  0.0000  0.0000  0.0000  0.0000  0.0000  0.0000  0.0000
 0.0008  0.0000  0.0002  0.0001  0.0002  0.0095  0.0002  0.0002  0.6949  0.0003  1.0000  0.0652  0.0002  0.0003  0.0004  0.0003  0.0002  0.0005  0.0022  0.0003  0.0000  0.0003  0.0000  0.0000  0.0000
 0.0012  0.0000  0.0077  0.0002  0.0108  0.0002  0.0008  0.0162  0.0005  1.0000  0.0489  0.0168  0.0011  0.0009  0.0027  0.4129  0.0009  0.0106  0.0007  0.0002  0.0000  0.0005  0.0000  0.0000  0.0000
 0.0002  0.0000  0.0001  0.0000  0.0001  0.0008  0.0000  0.0000  0.0011  0.0001  1.0000  0.0475  0.0001  0.0001  0.0001  0.0001  0.0001  0.0001  0.0006  0.0001  0.0000  0.0164  0.0000  0.0000  0.0000
 0.0002  0.0000  0.0001  0.0000  0.0001  0.0032  0.0000  0.0000  0.0010  0.0001  1.0000  0.0066  0.0001  0.0001  0.0001  0.0001  0.0001  0.0001  0.0080  0.0001  0.0000  0.0001  0.0000  0.0000  0.0000
 0.0019  0.0000  0.0694  0.0003  0.0027  0.0004  0.0014  0.0017  0.0008  1.0000  0.0020  0.0249  0.0019  0.0015  0.0403  0.9725  0.0267  0.0021  0.0011  0.0003  0.0000  0.0009  0.0000  0.0000  0.0000
 0.0008  0.0000  0.0115  0.0003  0.0004  0.0199  0.0005  1.0000  0.0006  0.0005  0.0067  0.0003  0.0005  0.0003  0.0072  0.0080  0.0089  0.0006  0.0008  0.0003  0.0000  0.0230  0.0000  0.0000  0.0000
 0.0007  0.0000  0.0002  0.0001  0.0002  0.1215  0.0001  0.0001  0.0408  0.0002  0.7348  1.0000  0.0002  0.0003  0.0004  0.0003  0.0002  0.0004  0.0091  0.0002  0.0000  0.0002  0.0000  0.0000  0.0000
 0.1070  0.0000  0.0205  1.0000  0.2009  0.0260  0.0535  0.0772  0.0244  0.4961  0.0456  0.0138  0.3218  0.0340  0.2355  0.6249  0.1552  0.0773  0.0368  0.0030  0.0000  0.0243  0.0000  0.0000  0.0000
 0.0004  0.0000  0.0000  0.0011  0.0198  0.0001  0.0005  1.0000  0.0001  0.0007  0.0002  0.0001  0.0005  0.0004  0.0125  0.0004  0.0004  0.0003  0.0001  0.0000  0.0000  0.0001  0.0000  0.0000  0.0000
 0.0029  0.0000  0.0000  0.0716  1.0000  0.0001  0.0002  0.0001  0.0001  0.0006  0.0001  0.0001  0.0002  0.0048  0.0008  0.0002  0.0003  0.0003  0.0001  0.0000  0.0000  0.0001  0.0000  0.0000  0.0000
 0.0003  0.0000  0.0001  0.0010  0.0004  0.0001  0.0011  0.0003  0.0001  0.0004  0.0002  0.0000  1.0000  0.0004  0.0119  0.0003  0.0005  0.0003  0.0001  0.0001  0.0000  0.0002  0.0000  0.0000  0.0000
 0.0003  0.0000  0.0001  0.0001  0.0001  0.0005  0.0002  0.0000  0.5980  0.0001  0.1023  0.0004  0.0001  0.0001  0.0000  0.0001  0.0001  0.0003  1.0000  0.0001  0.0000  0.0002  0.0000  0.0000  0.0000
 0.0003  0.0000  0.0001  0.0000  0.0001  0.0003  0.0001  0.0000  1.0000  0.0001  0.0070  0.0063  0.0001  0.0041  0.0000  0.0001  0.0001  0.0002  0.1302  0.0000  0.0000  0.0001  0.0000  0.0000  0.0000
 0.7553  0.0000  0.1375  0.0842  0.0544  0.0012  1.0000  0.0029  0.0045  0.1081  0.0264  0.0025  0.0343  0.0065  0.0569  0.0347  0.5316  0.1161  0.0281  0.0004  0.0000  0.0009  0.0000  0.0000  0.0000
 0.0008  0.0000  0.0002  0.0001  0.0002  0.0012  0.0002  0.0001  0.5531  0.0002  1.0000  0.0231  0.0002  0.0002  0.0002  0.0002  0.0054  0.0079  0.0407  0.0001  0.0000  0.0003  0.0000  0.0000  0.0000
 0.6174  0.0000  0.0444  0.5221  0.8264  0.0442  0.3118  0.1050  0.1633  1.0000  0.5608  0.1051  0.4056  0.2265  0.5057  0.5898  0.6788  0.4836  0.2525  0.0155  0.0000  0.0371  0.0000  0.0000  0.0000
 0.0003  0.0000  0.0001  1.0000  0.0004  0.0001  0.0010  0.0003  0.0001  0.0004  0.0001  0.0000  0.0165  0.0003  0.0002  0.0002  0.0006  0.0003  0.0001  0.0001  0.0000  0.0002  0.0000  0.0000  0.0000
 0.0074  0.0000  0.0652  0.0002  0.0004  0.0005  0.0001  0.0001  1.0000  0.0004  0.0399  0.0008  0.0002  0.0005  0.0003  0.0003  0.0004  0.0251  0.8930  0.0001  0.0000  0.0002  0.0000  0.0000  0.0000
 0.0074  0.0000  0.0022  0.0016  0.0024  1.0000  0.0026  0.0027  0.6735  0.0030  0.1158  0.2293  0.0024  0.0025  0.0604  0.0030  0.0108  0.0128  0.1529  0.0019  0.0000  0.0189  0.0000  0.0000  0.0000
 0.7791  0.0000  0.1843  0.4645  0.7058  0.6123  0.4545  0.6196  0.4304  0.8748  0.6886  0.3542  0.4935  0.4020  0.5330  0.8298  0.7543  1.0000  0.5557  0.1639  0.0000  0.8654  0.0000  0.0000  0.0000
 0.0080  0.0000  0.0002  0.0002  0.0002  0.0001  0.0012  0.0001  0.0002  0.0003  0.0043  0.0001  0.0003  1.0000  0.0002  0.0080  0.0188  0.0095  0.0004  0.0000  0.0000  0.0001  0.0000  0.0000  0.0000
 0.7810  0.0000  0.0232  0.2934  0.1825  0.0080  0.1948  0.1024  0.1498  0.1611  0.0474  0.0292  0.1992  1.0000  0.1069  0.0950  0.2111  0.2427  0.1910  0.0027  0.0000  0.0062  0.0000  0.0000  0.0000
 0.3398  0.0000  0.0190  0.2597  0.5274  0.0655  0.1836  0.3174  0.1135  0.5258  0.1474  0.0603  0.1949  1.0000  0.8226  0.3273  0.5078  0.5266  0.1609  0.0062  0.0000  0.0141  0.0000  0.0000  0.0000
 0.4656  0.0000  0.0801  0.4338  0.5918  0.0308  0.2513  0.0725  0.1603  0.6670  0.3248  0.0626  0.3811  0.1970  0.3467  0.8082  1.0000  0.6141  0.2032  0.0105  0.0000  0.0244  0.0000  0.0000  0.0000
 0.2269  0.0000  0.0833  0.0757  0.1006  0.3798  0.1395  0.2158  0.5452  0.1676  1.0000  0.1118  0.1303  0.1306  0.1083  0.7297  0.1479  0.1594  0.2322  0.0683  0.0000  0.4565  0.0000  0.0000  0.0000
 0.0657  0.0000  0.0024  0.3711  1.0000  0.0022  0.0276  0.0330  0.0082  0.0601  0.0298  0.0047  0.0944  0.0121  0.0866  0.2615  0.6941  0.0879  0.0126  0.0008  0.0000  0.0017  0.0000  0.0000  0.0000
 0.7741  0.0000  0.0298  0.7222  1.0000  0.0278  0.2942  0.0906  0.1269  0.5906  0.1735  0.0590  0.8868  0.6476  0.5365  0.3144  0.7104  0.3883  0.1798  0.0096  0.0000  0.0210  0.0000  0.0000  0.0000
 0.0003  0.0000  0.0001  0.0000  0.0001  1.0000  0.0000  0.0000  0.0158  0.0000  0.1834  0.0005  0.0000  0.0001  0.0000  0.0000  0.0001  0.0002  0.0006  0.0009  0.0000  0.0088  0.0000  0.0000  0.0000
 0.0436  0.0000  0.0031  0.1121  0.5269  0.0030  0.0219  0.0596  0.0108  0.3171  0.0175  0.0246  1.0000  0.0158  0.3102  0.0634  0.2272  0.1558  0.0324  0.0010  0.0000  0.0266  0.0000  0.0000  0.0000
 0.0007  0.0000  0.0000  1.0000  0.1103  0.0001  0.0005  0.0110  0.0001  0.0008  0.0002  0.0001  0.0048  0.0005  0.0733  0.0002  0.0005  0.0004  0.0002  0.0000  0.0000  0.0001  0.0000  0.0000  0.0000
 0.0003  0.0000  0.0001  0.0001  0.0001  0.1047  0.0002  0.0000  0.1923  0.0001  0.0462  0.0111  0.0001  0.0001  0.0001  0.0001  0.0001  0.0004  1.0000  0.0001  0.0000  0.0002  0.0000  0.0000  0.0000
 0.0003  0.0000  0.0005  0.0005  0.0003  0.0003  0.0012  0.0062  0.0002  0.0002  0.0004  0.0001  0.0003  0.0005  0.0002  0.0004  0.0002  0.0003  0.0003  0.0002  0.0000  1.0000  0.0000  0.0000  0.0000
 0.0017  0.0000  0.0005  0.0002  0.0005  0.3628  0.0004  0.0003  0.7661  0.0006  1.0000  0.1166  0.0004  0.0007  0.0008  0.0006  0.0059  0.0011  0.0586  0.0005  0.0000  0.0007  0.0000  0.0000  0.0000
 0.1633  0.0000  0.0002  0.0002  0.0002  0.0053  0.0151  0.0000  0.0860  0.0003  0.0028  0.0146  0.0002  0.0003  0.0001  0.0002  0.0097  0.0064  1.0000  0.0001  0.0000  0.0003  0.0000  0.0000  0.0000
 0.1706  0.0000  0.0375  0.0711  0.0510  0.0532  0.0555  0.0436  0.0616  0.0719  0.0704  0.1036  0.1349  0.0812  0.0973  0.0533  0.5505  1.0000  0.0912  0.0185  0.0000  0.3036  0.0000  0.0000  0.0000
 0.0064  0.0000  0.0007  0.0639  1.0000  0.0009  0.0129  0.2490  0.0008  0.0075  0.0015  0.0283  0.0372  0.1759  0.0074  0.0029  0.0157  0.0462  0.0014  0.0004  0.0000  0.0019  0.0000  0.0000  0.0000
 0.0002  0.0000  0.0001  0.0000  0.0001  0.0887  0.0000  0.0000  0.0006  0.0000  1.0000  0.0003  0.0000  0.0001  0.0000  0.0000  0.0068  0.0001  0.0004  0.0008  0.0000  0.0100  0.0000  0.0000  0.0000
 0.0003  0.0000  0.0001  0.0000  0.0001  0.0009  0.0001  0.0001  0.0016  0.0001  0.1221  1.0000  0.0001  0.0001  0.0531  0.0001  0.0001  0.0002  0.0009  0.0001  0.0000  0.0001  0.0000  0.0000  0.0000
 0.0235  0.0000  0.0011  1.0000  0.2264  0.0025  0.7603  0.0084  0.0027  0.0251  0.0052  0.0021  0.0276  0.0149  0.0936  0.0194  0.0190  0.0122  0.0052  0.0012  0.0000  0.0042  0.0000  0.0000  0.0000
 0.3276  0.0000  0.0003  0.0004  0.0003  0.0001  0.0010  0.0001  0.0003  0.0004  0.0003  0.0002  0.0007  0.0007  0.0003  0.0003  0.0371  1.0000  0.0006  0.0001  0.0000  0.0001  0.0000  0.0000  0.0000
 0.0000  0.0000  0.0000  1.0000  0.0000  0.0000  0.0000  0.0000  0.0000  0.0000  0.0000  0.0000  0.0000  0.0000  0.0000  0.0000  0.0000  0.0000  0.0000  0.0000  0.0000  0.0000  0.0000  0.0000  0.0000
 0.0002  0.0000  0.0001  0.0000  0.0001  0.0006  0.0000  0.0000  0.0011  0.0001  1.0000  0.0453  0.0001  0.0032  0.0001  0.0001  0.0001  0.0001  0.0006  0.0001  0.0000  0.0001  0.0000  0.0000  0.0000
 0.0017  0.0000  0.0160  0.0084  0.0024  0.0003  0.0651  1.0000  0.0002  0.0023  0.0004  0.0001  0.4126  0.0013  0.0751  0.0012  0.0332  0.0017  0.0003  0.0002  0.0000  0.0143  0.0000  0.0000  0.0000
 0.0070  0.0000  0.0008  0.0040  0.0098  0.0015  0.0236  0.1447  0.0028  0.2646  0.0067  0.0022  0.5511  0.0055  1.0000  0.5675  0.0418  0.0364  0.0038  0.0011  0.0000  0.0032  0.0000  0.0000  0.0000
 0.0002  0.0000  0.0001  0.0001  0.0001  0.0004  0.0001  0.0000  1.0000  0.0001  0.2413  0.0004  0.0001  0.0001  0.0000  0.0001  0.0001  0.0003  0.0972  0.0001  0.0000  0.0002  0.0000  0.0000  0.0000
 0.0005  0.0000  0.0001  0.0001  0.0001  0.0077  0.0002  0.0000  1.0000  0.0002  0.3471  0.1317  0.0001  0.0001  0.0001  0.0002  0.0002  0.0111  0.2048  0.0001  0.0000  0.0003  0.0000  0.0000  0.0000
 0.0039  0.0000  0.0004  0.0008  0.0054  0.0008  0.0827  0.0327  0.0016  0.6516  0.0039  0.0053  0.0166  0.0030  0.0765  1.0000  0.0374  0.2613  0.0022  0.0006  0.0000  0.0017  0.0000  0.0000  0.0000
 0.0189  0.0000  0.1738  0.0080  0.0078  0.0331  0.0088  0.0714  0.0408  0.0099  0.0151  0.1197  0.0163  0.0088  0.0344  0.0273  1.0000  0.3349  0.0142  0.0042  0.0000  0.0202  0.0000  0.0000  0.0000
 0.0007  0.0000  0.0000  0.0008  0.0913  0.0001  0.0005  0.0004  0.0002  0.0030  0.0005  0.0002  0.0039  0.0005  1.0000  0.1882  0.0005  0.0005  0.0003  0.0001  0.0000  0.0002  0.0000  0.0000  0.0000
 0.4425  0.0000  0.0062  0.1726  0.2617  0.0058  0.3314  0.0612  0.0357  0.5900  0.0353  0.0124  0.1175  1.0000  0.1493  0.2897  0.2036  0.2515  0.0901  0.0020  0.0000  0.0044  0.0000  0.0000  0.0000
 0.0002  0.0000  0.0001  0.0000  0.0001  0.0430  0.0000  0.0000  0.0012  0.0001  1.0000  0.0041  0.0001  0.0001  0.0001  0.0001  0.0001  0.0001  0.0007  0.0001  0.0000  0.0001  0.0000  0.0000  0.0000
 0.0031  0.0000  0.0007  0.0019  0.2729  0.0003  0.0143  0.0005  0.0123  0.0015  0.0009  0.0005  0.0705  0.0017  0.0011  0.0087  1.0000  0.5222  0.0015  0.0002  0.0000  0.0004  0.0000  0.0000  0.0000
 0.0032  0.0000  0.0002  1.0000  0.4605  0.0003  0.0027  0.0050  0.0004  0.2758  0.0008  0.0003  0.1879  0.0134  0.0037  0.0013  0.0138  0.0090  0.0199  0.0002  0.0000  0.0006  0.0000  0.0000  0.0000
 0.0017  0.0000  0.0000  1.0000  0.4434  0.0002  0.0006  0.0004  0.0002  0.0017  0.0004  0.0002  0.0007  0.0010  0.2456  0.0005  0.0009  0.0007  0.0004  0.0001  0.0000  0.0002  0.0000  0.0000  0.0000
 0.0019  0.0000  0.0002  0.0004  0.0027  0.1887  0.0014  1.0000  0.0008  0.0764  0.0020  0.0007  0.0019  0.0015  0.0118  0.0496  0.0016  0.0021  0.0011  0.0003  0.0000  0.0009  0.0000  0.0000  0.0000
 0.0509  0.0000  1.0000  0.0006  0.0018  0.0148  0.0001  0.0004  0.4743  0.0018  0.0150  0.0027  0.0008  0.0025  0.0013  0.0010  0.0572  0.0239  0.6899  0.0002  0.0000  0.0005  0.0000  0.0000  0.0000
 0.0003  0.0000  0.0000  0.0001  0.0005  0.0001  0.0002  0.0003  0.0001  0.0203  0.0003  0.0001  0.0003  0.0003  1.0000  0.0511  0.0003  0.0003  0.0002  0.0001  0.0000  0.0001  0.0000  0.0000  0.0000
 0.0002  0.0000  0.0001  0.0000  0.0001  0.4604  0.0000  0.0000  0.0005  0.0000  0.0011  0.0002  0.0000  0.0001  0.0000  0.0000  0.0002  0.0001  0.0004  0.0011  0.0000  1.0000  0.0000  0.0000  0.0000
 0.0007  0.0000  0.0002  0.0001  0.0002  1.0000  0.0002  0.0001  0.0027  0.0002  0.5396  0.0017  0.0001  0.0003  0.0002  0.0002  0.0003  0.0004  0.0017  0.0012  0.0000  0.0045  0.0000  0.0000  0.0000
 0.0030  0.0000  0.0007  0.0002  0.0006  0.0033  0.0002  0.0041  0.3353  0.0007  1.0000  0.0492  0.0004  0.0009  0.0008  0.0005  0.0006  0.0384  0.5873  0.0004  0.0000  0.0004  0.0000  0.0000  0.0000
 0.0001  0.0000  0.0001  0.0000  0.0000  0.0820  0.0000  0.0000  0.0003  0.0000  0.0007  0.0001  0.0000  0.0000  0.0000  0.0000  0.0001  0.0001  0.0003  0.0006  0.0000  1.0000  0.0000  0.0000  0.0000
 0.0000  0.0000  0.0000  0.0000  0.0000  0.0000  0.0000  0.0000  0.0000  0.0000  0.0000  0.0000  0.0000  0.0000  1.0000  0.0000  0.0000  0.0000  0.0000  0.0000  0.0000  0.0000  0.0000  0.0000  0.0000
 0.0011  0.0000  0.0003  0.0002  0.0003  0.0019  0.0003  0.0001  1.0000  0.0004  0.6185  0.1552  0.0003  0.0003  0.0003  0.0003  0.0004  0.1121  0.0775  0.0002  0.0000  0.0005  0.0000  0.0000  0.0000
 0.0002  0.0000  0.0001  0.0000  0.0001  0.0006  0.0000  0.0000  0.0011  0.0001  1.0000  0.0375  0.0001  0.0001  0.0001  0.0001  0.0001  0.0001  0.0006  0.0001  0.0000  0.0001  0.0000  0.0000  0.0000
 0.0003  0.0000  0.0000  0.0001  0.0004  0.0001  0.0003  0.0003  0.0001  0.0684  0.0003  0.0001  0.0003  0.0003  0.0007  1.0000  0.0002  0.0003  0.0002  0.0001  0.0000  0.0001  0.0000  0.0000  0.0000
 0.0724  0.0000  0.0002  0.0002  0.0002  0.0001  1.0000  0.0001  0.0001  0.0002  0.0002  0.0001  0.0002  0.0006  0.0002  0.0002  0.0011  0.0004  0.0004  0.0000  0.0000  0.0001  0.0000  0.0000  0.0000
 0.0002  0.0000  0.0001  0.0000  0.0001  0.0006  0.0000  0.0000  0.0129  0.0001  1.0000  0.0106  0.0001  0.0001  0.0001  0.0001  0.0001  0.0001  0.0006  0.0001  0.0000  0.0001  0.0000  0.0000  0.0000
 0.0003  0.0000  0.0000  0.0001  0.0035  0.0001  0.0002  0.0002  0.0001  1.0000  0.0003  0.0001  0.0003  0.0002  0.0006  0.0135  0.0002  0.0003  0.0002  0.0000  0.0000  0.0001  0.0000  0.0000  0.0000
 0.0573  0.0000  0.0003  0.0006  0.0004  0.0136  0.0017  0.0112  0.0004  0.0005  0.0008  0.0003  0.0007  0.0007  0.0004  0.0004  0.0015  0.0006  0.0006  0.0001  0.0000  1.0000  0.0000  0.0000  0.0000
 0.0004  0.0000  0.0001  0.0001  0.0001  0.0180  0.0002  0.0000  1.0000  0.0002  0.1972  0.0359  0.0001  0.0001  0.0001  0.0001  0.0002  0.0004  0.5310  0.0001  0.0000  0.0003  0.0000  0.0000  0.0000
 0.0000  0.0000  0.0000  0.0000  0.0000  0.0000  0.0000  1.0000  0.0000  0.0000  0.0000  0.0000  0.0000  0.0000  0.0000  0.0000  0.0000  0.0000  0.0000  0.0000  0.0000  0.0000  0.0000  0.0000  0.0000
 0.0236  0.0000  0.0002  0.0002  0.0002  0.0001  0.0007  0.0001  0.0001  0.0002  0.0002  0.0001  0.0003  0.0004  0.0002  0.0001  1.0000  0.0147  0.0003  0.0000  0.0000  0.0001  0.0000  0.0000  0.0000
 1.0000  0.0000  0.0120  0.0001  0.0002  0.0001  0.0011  0.0000  0.0002  0.0002  0.0003  0.0001  0.0001  0.0005  0.0001  0.0001  0.0010  0.0004  0.0070  0.0000  0.0000  0.0001  0.0000  0.0000  0.0000
 0.0479  0.0000  0.0009  0.1834  0.0521  0.0008  1.0000  0.0264  0.0007  0.0329  0.0013  0.0005  0.9288  0.0035  0.0167  0.0296  0.0107  0.0080  0.0011  0.0004  0.0000  0.0020  0.0000  0.0000  0.0000
 0.0002  0.0000  0.0001  0.0001  0.0001  0.0004  0.0001  0.0000  0.5665  0.0001  0.0211  0.0004  0.0001  0.0000  0.0000  0.0001  0.0001  0.0003  1.0000  0.0000  0.0000  0.0002  0.0000  0.0000  0.0000
 0.0009  0.0000  0.0003  0.0002  0.0003  0.0018  0.0005  0.0000  0.9907  0.0004  1.0000  0.0018  0.0003  0.0002  0.0002  0.0004  0.0004  0.0011  0.3742  0.0002  0.0000  0.0007  0.0000  0.0000  0.0000
 0.0000  0.0000  0.0000  0.0000  0.0000  0.0000  0.0000  1.0000  0.0000  0.0000  0.0000  0.0000  0.0000  0.0000  0.0000  0.0000  0.0000  0.0000  0.0000  0.0000  0.0000  0.0000  0.0000  0.0000  0.0000
 0.0003  0.0000  0.0002  0.0004  0.0003  0.0002  0.0010  0.0062  0.0002  0.0007  0.0004  0.0001  0.0003  0.0006  0.0003  1.0000  0.0002  0.0003  0.0002  0.0002  0.0000  0.0002  0.0000  0.0000  0.0000
 0.0000  0.0000  0.0000  1.0000  0.0000  0.0000  0.0000  0.0000  0.0000  0.0000  0.0000  0.0000  0.0000  0.0000  0.0000  0.0000  0.0000  0.0000  0.0000  0.0000  0.0000  0.0000  0.0000  0.0000  0.0000
 0.0002  0.0000  0.0001  0.0000  0.0001  0.0005  0.0001  0.0000  0.0036  0.0001  1.0000  0.0007  0.0001  0.0001  0.0001  0.0001  0.0001  0.0001  0.0005  0.0001  0.0000  0.0001  0.0000  0.0000  0.0000
 0.0003  0.0000  0.0000  0.0001  0.0004  0.0001  0.0003  0.0002  0.0001  1.0000  0.0003  0.0001  0.0003  0.0003  0.0006  0.0202  0.0002  0.0003  0.0002  0.0001  0.0000  0.0001  0.0000  0.0000  0.0000
 0.0000  0.0000  0.0000  0.0000  0.0000  0.0000  0.0000  0.0000  0.0000  0.0000  0.0000  0.0000  0.0000  1.0000  0.0000  0.0000  0.0000  0.0000  0.0000  0.0000  0.0000  0.0000  0.0000  0.0000  0.0000
 0.0081  0.0000  0.0120  0.0010  0.0008  0.0003  0.1970  0.0002  0.0004  0.0010  0.0008  0.0004  0.0011  0.0021  0.0007  0.0033  1.0000  0.0083  0.0014  0.0001  0.0000  0.0003  0.0000  0.0000  0.0000
 0.0004  0.0000  0.0001  0.0011  0.0003  0.0001  0.0010  0.0002  0.0001  0.0003  0.0001  0.0000  1.0000  0.0003  0.0002  0.0002  0.0033  0.0003  0.0001  0.0001  0.0000  0.0001  0.0000  0.0000  0.0000
 0.0005  0.0000  0.0001  0.0001  0.0001  0.0011  0.0001  0.0001  0.4918  0.0002  1.0000  0.0013  0.0001  0.0002  0.0002  0.0002  0.0002  0.0004  0.0508  0.0001  0.0000  0.0002  0.0000  0.0000  0.0000
 0.5240  0.0000  0.0016  0.0007  0.0015  0.0887  0.0014  0.0011  0.0279  0.0020  1.0000  0.0182  0.0014  0.0026  0.0029  0.0019  0.0019  0.0037  0.0264  0.0020  0.0000  0.0029  0.0000  0.0000  0.0000
 0.0007  0.0000  0.0002  0.0001  0.0002  0.0014  0.0003  0.0001  0.3282  0.0003  0.8487  0.0147  0.0002  0.0002  0.0002  0.0003  0.0003  0.0007  1.0000  0.0002  0.0000  0.0004  0.0000  0.0000  0.0000
 0.0003  0.0000  0.0001  0.0013  0.0004  0.0001  0.0009  0.0003  0.0000  0.0036  0.0001  0.0000  1.0000  0.0002  0.0002  0.0002  0.0129  0.0003  0.0001  0.0000  0.0000  0.0001  0.0000  0.0000  0.0000
 0.9854  0.0000  0.0179  0.0669  1.0000  0.0084  0.1160  0.0081  0.0102  0.0369  0.0212  0.0097  0.0227  0.0555  0.0508  0.0179  0.1697  0.0580  0.0334  0.0033  0.0000  0.0077  0.0000  0.0000  0.0000
 0.0007  0.0000  0.0073  0.5881  0.0011  0.0001  0.0026  0.0008  0.0001  0.0318  0.0002  0.0001  1.0000  0.0006  0.0007  0.0005  0.0453  0.0008  0.0001  0.0001  0.0000  0.0004  0.0000  0.0000  0.0000
 0.0004  0.0000  1.0000  0.0005  0.0003  0.0003  0.0012  0.0003  0.0003  0.0001  0.0004  0.0001  0.0060  0.0004  0.0002  0.0003  0.0002  0.0003  0.0004  0.0003  0.0000  0.0004  0.0000  0.0000  0.0000
 0.0012  0.0000  0.0000  1.0000  0.5399  0.0001  0.0004  0.0003  0.0001  0.0012  0.0160  0.0001  0.0005  0.0007  0.0113  0.0003  0.0006  0.0005  0.0003  0.0001  0.0000  0.0001  0.0000  0.0000  0.0000
 0.0000  0.0000  0.0000  0.0000  0.0000  0.0000  0.0000  0.0000  0.0000  0.0000  1.0000  0.0000  0.0000  0.0000  0.0000  0.0000  0.0000  0.0000  0.0000  0.0000  0.0000  0.0000  0.0000  0.0000  0.0000
 0.0003  0.0000  0.0000  0.0001  0.0004  0.0001  0.0003  0.0003  0.0001  1.0000  0.0003  0.0001  0.0003  0.0003  0.0007  0.1249  0.0003  0.0003  0.0002  0.0001  0.0000  0.0001  0.0000  0.0000  0.0000
 0.0001  0.0000  0.0000  0.0000  0.0000  0.0002  0.0001  0.0000  1.0000  0.0001  0.0095  0.0002  0.0000  0.0000  0.0000  0.0000  0.0001  0.0002  0.0599  0.0000  0.0000  0.0001  0.0000  0.0000  0.0000
 0.1378  0.0000  1.0000  0.0059  0.0183  0.0054  0.1999  0.0015  0.0305  0.0079  0.6677  0.0065  0.0052  0.0198  0.0057  0.0058  0.0405  0.0266  0.0153  0.0014  0.0000  0.0026  0.0000  0.0000  0.0000
 0.0003  0.0000  0.0001  1.0000  0.0004  0.0001  0.0096  0.0003  0.0001  0.0004  0.0001  0.0000  0.0014  0.0003  0.0003  0.0002  0.0007  0.0003  0.0001  0.0001  0.0000  0.0034  0.0000  0.0000  0.0000
 0.0001  0.0000  0.0001  0.0000  0.0000  1.0000  0.0001  0.0000  0.0003  0.0000  0.0110  0.0002  0.0000  0.0001  0.0000  0.0000  0.0001  0.0001  0.0003  0.0005  0.0000  0.0020  0.0000  0.0000  0.0000
 0.0004  0.0000  0.0003  0.0005  0.0003  0.0002  1.0000  0.0002  0.0002  0.0003  0.0004  0.0001  0.0003  0.0007  0.0002  0.0004  0.0003  0.0003  0.0003  0.0038  0.0000  0.0003  0.0000  0.0000  0.0000
 0.0000  0.0000  0.0000  0.0000  0.0000  0.0000  0.0000  0.0000  0.0000  0.0000  1.0000  0.0000  0.0000  0.0000  0.0000  0.0000  0.0000  0.0000  0.0000  0.0000  0.0000  0.0000  0.0000  0.0000  0.0000
 1.0000  0.0000  0.0002  0.0001  0.0002  0.0001  0.0011  0.0000  0.0001  0.0002  0.0002  0.0001  0.0001  0.0005  0.0001  0.0001  0.0118  0.0003  0.0003  0.0000  0.0000  0.0001  0.0000  0.0000  0.0000
 0.0003  0.0000  0.0000  0.0001  0.0004  0.0001  0.0004  0.0002  0.0001  0.0016  0.0003  0.0001  0.0003  0.0032  0.0033  1.0000  0.0003  0.0003  0.0002  0.0001  0.0000  0.0001  0.0000  0.0000  0.0000
 0.5978  0.0000  0.1355  0.3237  0.4790  0.4848  0.3526  0.5905  0.5506  0.4927  0.5715  0.1914  0.3565  0.4972  0.5323  0.3903  0.6209  1.0000  0.5375  0.1290  0.0000  0.6811  0.0000  0.0000  0.0000
 0.4015  0.0000  0.0089  0.0285  0.0563  0.0010  0.0352  0.0026  0.0039  0.0503  0.0155  0.0022  0.1833  0.0058  0.3429  0.0171  0.1723  1.0000  0.0685  0.0004  0.0000  0.0008  0.0000  0.0000  0.0000
 0.1163  0.0000  0.0283  1.0000  0.2445  0.0010  0.0268  0.0038  0.0019  0.0528  0.0031  0.0011  0.2064  0.0046  0.0073  0.0061  0.7359  0.0899  0.0029  0.0004  0.0000  0.0018  0.0000  0.0000  0.0000
 0.2259  0.0000  0.0084  0.4001  1.0000  0.0410  0.0835  0.0195  0.0287  0.1388  0.0464  0.0163  0.1419  0.3915  0.1351  0.0786  0.4422  0.2018  0.0687  0.0030  0.0000  0.0197  0.0000  0.0000  0.0000
 0.1846  0.0000  0.0082  0.1016  1.0000  0.1749  0.0563  0.0307  0.0273  0.3244  0.0439  0.0156  0.1824  0.0427  0.5158  0.0797  0.2365  0.6967  0.0417  0.0032  0.0000  0.0079  0.0000  0.0000  0.0000
 0.0002  0.0000  0.0001  0.0000  0.0001  0.0006  0.0000  0.0000  0.0011  0.0001  0.0300  1.0000  0.0001  0.0001  0.0001  0.0001  0.0001  0.0001  0.0081  0.0001  0.0000  0.0001  0.0000  0.0000  0.0000
 0.0006  0.0000  0.0002  0.0003  0.0002  0.0002  0.0006  0.0001  0.0002  0.0002  0.0003  0.0131  0.0003  0.0004  0.0002  0.0002  0.0011  1.0000  0.0003  0.0001  0.0000  0.0002  0.0000  0.0000  0.0000
 0.3060  0.0000  0.0198  0.3519  1.0000  0.0178  0.4703  0.0350  0.0219  0.1413  0.0436  0.0188  0.0804  0.1173  0.1723  0.0474  0.1572  0.0845  0.0561  0.0078  0.0000  0.0212  0.0000  0.0000  0.0000
 0.0000  0.0000  0.0000  0.0000  0.0000  0.0000  0.0000  0.0000  0.0000  0.0000  0.0000  0.0000  0.0000  0.0000  0.0000  0.0000  0.0000  0.0000  0.0000  0.0000  0.0000  1.0000  0.0000  0.0000  0.0000
 0.0043  0.0000  0.0002  0.0001  0.0002  0.0001  0.0005  0.0001  0.0006  0.0002  0.0005  0.0002  0.0001  0.0003  0.0001  0.0001  0.0004  0.0005  1.0000  0.0001  0.0000  0.0001  0.0000  0.0000  0.0000
 0.6669  0.0000  0.0067  0.0043  0.0058  0.0067  0.0302  0.0011  0.0093  0.0062  0.0100  0.0039  0.0039  0.0149  0.0043  0.0043  0.2984  0.0146  1.0000  0.0009  0.0000  0.0019  0.0000  0.0000  0.0000
 0.0000  0.0000  0.0000  0.0000  0.0000  0.0000  0.0000  0.0000  0.0000  0.0000  0.0000  0.0000  0.0000  0.0000  0.0000  0.0000  0.0000  1.0000  0.0000  0.0000  0.0000  0.0000  0.0000  0.0000  0.0000
 0.0000  0.0000  0.0000  0.0000  0.0000  0.0000  0.0000  0.0000  0.0000  0.0000  0.0000  0.0000  0.0000  0.0000  0.0000  1.0000  0.0000  0.0000  0.0000  0.0000  0.0000  0.0000  0.0000  0.0000  0.0000
 0.0002  0.0000  0.0001  0.0001  0.0001  0.0034  0.0001  0.0000  0.0003  0.0000  0.0008  0.0002  0.0000  0.0001  0.0000  0.0000  0.0001  0.0001  0.0003  1.0000  0.0000  0.1943  0.0000  0.0000  0.0000
 0.0003  0.0000  0.0005  0.0005  0.0003  0.0003  0.0012  0.0077  0.0002  0.0002  0.0004  0.0001  0.0003  0.0005  0.0002  0.0004  0.0002  0.0003  0.0003  0.0158  0.0000  1.0000  0.0000  0.0000  0.0000
 0.0000  0.0000  0.0000  0.0000  0.0000  0.0000  0.0000  0.0000  0.0000  0.0000  0.0000  0.0000  0.0000  0.0000  0.0000  1.0000  0.0000  0.0000  0.0000  0.0000  0.0000  0.0000  0.0000  0.0000  0.0000
 1.0000  0.0000  0.0002  0.0002  0.0002  0.0001  0.0032  0.0000  0.0001  0.0002  0.0002  0.0001  0.0001  0.0157  0.0001  0.0002  0.0011  0.0004  0.0004  0.0000  0.0000  0.0001  0.0000  0.0000  0.0000
 0.0000  0.0000  0.0000  0.0000  0.0000  0.0000  0.0000  0.0000  0.0000  0.0000  0.0000  0.0000  0.0000  1.0000  0.0000  0.0000  0.0000  0.0000  0.0000  0.0000  0.0000  0.0000  0.0000  0.0000  0.0000
 0.0005  0.0000  0.0000  0.0012  1.0000  0.0000  0.0038  0.0001  0.0001  0.0005  0.0001  0.0000  0.0002  0.0003  0.0044  0.0001  0.0003  0.0002  0.0001  0.0000  0.0000  0.0001  0.0000  0.0000  0.0000
 0.0010  0.0000  0.0003  0.0002  0.0002  0.0016  0.0003  0.0001  1.0000  0.0003  0.9328  0.0019  0.0002  0.0046  0.0003  0.0003  0.0003  0.0009  0.1999  0.0002  0.0000  0.0004  0.0000  0.0000  0.0000
 0.0008  0.0000  0.0002  0.0001  0.0002  0.0022  0.0002  0.0002  0.1989  0.0003  0.9677  1.0000  0.0002  0.0003  0.0004  0.0003  0.0002  0.0005  0.0125  0.0003  0.0000  0.0003  0.0000  0.0000  0.0000
 0.0000  0.0000  0.0000  0.0000  0.0000  0.0000  0.0000  0.0000  0.0000  0.0000  1.0000  0.0000  0.0000  0.0000  0.0000  0.0000  0.0000  0.0000  0.0000  0.0000  0.0000  0.0000  0.0000  0.0000  0.0000
 0.0072  0.0000  0.1211  0.0038  0.0021  0.0008  0.0025  0.0010  0.0022  0.0031  0.0020  0.0011  1.0000  0.0038  0.0024  0.0019  0.2206  0.3524  0.0034  0.0005  0.0000  0.0009  0.0000  0.0000  0.0000
 0.0211  0.0000  0.5360  0.0028  0.0037  0.3421  0.0075  0.0003  0.0237  0.0012  0.0572  0.0118  0.0012  0.0067  0.0009  0.0009  0.3376  0.0102  0.0232  1.0000  0.0000  0.2128  0.0000  0.0000  0.0000
 0.7380  0.0000  0.0516  0.6660  1.0000  0.0483  0.3674  0.1180  0.1803  0.9346  0.2910  0.3354  0.4856  0.2662  0.6736  0.5154  0.9111  0.5803  0.2751  0.0168  0.0000  0.0371  0.0000  0.0000  0.0000
 0.0768  0.0000  0.0048  0.5019  0.8361  0.0049  0.0597  1.0000  0.0153  0.5785  0.0252  0.0089  0.2720  0.0256  0.1618  0.1118  0.0645  0.0669  0.0234  0.0019  0.0000  0.0146  0.0000  0.0000  0.0000
 0.0000  0.0000  0.0000  0.0000  0.0000  0.0000  0.0000  0.0000  0.0000  0.0000  0.0000  0.0000  0.0000  0.0000  0.0000  0.0000  0.0000  0.0000  0.0000  0.0000  0.0000  1.0000  0.0000  0.0000  0.0000
 0.0263  0.0000  0.0063  0.4261  0.0347  0.0051  0.2785  0.0253  0.0034  0.0340  0.0061  0.0024  0.6341  0.0203  0.0432  0.0174  0.1686  1.0000  0.0055  0.0027  0.0000  0.0130  0.0000  0.0000  0.0000
 1.0000  0.0000  0.0498  0.5895  0.9361  0.0464  0.3698  0.1128  0.1738  0.9566  0.2802  0.1381  0.4719  0.2552  0.8648  0.4868  0.7563  0.6658  0.4173  0.0160  0.0000  0.0354  0.0000  0.0000  0.0000
 1.0000  0.0000  0.0017  0.0103  0.2867  0.0011  0.0047  0.0016  0.0025  0.0427  0.0029  0.0014  0.0067  0.0058  0.0181  0.0035  0.2136  0.7385  0.0044  0.0006  0.0000  0.0013  0.0000  0.0000  0.0000
 0.0056  0.0000  0.0002  0.0001  0.0002  0.0005  0.0002  0.0000  1.0000  0.0002  0.0027  0.0005  0.0001  0.0002  0.0001  0.0002  0.0002  0.0007  0.9504  0.0001  0.0000  0.0002  0.0000  0.0000  0.0000
 0.0000  0.0000  0.0000  1.0000  0.0000  0.0000  0.0000  0.0000  0.0000  0.0000  0.0000  0.0000  0.0000  0.0000  0.0000  0.0000  0.0000  0.0000  0.0000  0.0000  0.0000  0.0000  0.0000  0.0000  0.0000
 0.0003  0.0000  0.0001  0.0001  0.0001  0.0005  0.0002  0.0000  1.0000  0.0001  0.0446  0.0842  0.0001  0.0001  0.0000  0.0001  0.0001  0.0004  0.6105  0.0001  0.0000  0.0002  0.0000  0.0000  0.0000
 0.0000  0.0000  0.0000  0.0000  0.0000  0.0000  0.0000  0.0000  0.0000  0.0000  0.0000  0.0000  0.0000  0.0000  0.0000  0.0000  0.0000  0.0000  0.0000  1.0000  0.0000  0.0000  0.0000  0.0000  0.0000
 0.0008  0.0000  0.0002  0.0003  0.0002  0.0043  0.0009  0.0001  0.0002  0.0002  0.0004  0.0001  0.0002  0.0005  0.0002  0.0002  1.0000  0.0004  0.0003  0.0002  0.0000  0.0007  0.0000  0.0000  0.0000
 0.1332  0.0000  0.0004  0.0001  0.0003  0.0002  0.0000  0.0001  0.0188  0.0003  0.0015  0.0005  0.0001  0.0005  0.0002  0.0002  0.0003  0.0320  1.0000  0.0000  0.0000  0.0001  0.0000  0.0000  0.0000
 0.0072  0.0000  0.0032  0.0002  0.0002  0.0001  1.0000  0.0000  0.0001  0.0002  0.0002  0.0001  0.0001  0.0005  0.0001  0.0001  0.0010  0.0003  0.0003  0.0000  0.0000  0.0001  0.0000  0.0000  0.0000
 0.0000  0.0000  1.0000  0.0000  0.0000  0.0000  0.0000  0.0000  0.0000  0.0000  0.0000  0.0000  0.0000  0.0000  0.0000  0.0000  0.0000  0.0000  0.0000  0.0000  0.0000  0.0000  0.0000  0.0000  0.0000
 0.0002  0.0000  0.0001  0.0001  0.0001  0.0002  0.0002  0.0000  1.0000  0.0001  0.0010  0.0002  0.0001  0.0001  0.0001  0.0001  0.0001  0.0002  0.0070  0.0001  0.0000  0.0001  0.0000  0.0000  0.0000
 0.0028  0.0000  0.0008  0.0004  0.0007  1.0000  0.0005  0.0005  0.0128  0.0008  0.4561  0.7423  0.0006  0.0012  0.0012  0.0008  0.0045  0.0016  0.0206  0.0029  0.0000  0.0261  0.0000  0.0000  0.0000
 1.0000  0.0000  0.0026  0.0018  0.0022  0.0010  0.1595  0.0004  0.0100  0.0024  0.0060  0.2760  0.0016  0.0064  0.0017  0.0018  0.0386  0.0044  0.0043  0.0004  0.0000  0.0007  0.0000  0.0000  0.0000
 0.0004  0.0000  0.0000  0.0053  1.0000  0.0001  0.0003  0.0001  0.0001  0.0004  0.0001  0.0000  0.0002  0.0003  0.0005  0.0002  0.0002  0.0002  0.0001  0.0000  0.0000  0.0001  0.0000  0.0000  0.0000
 0.0009  0.0000  0.0002  0.0001  0.0002  0.0019  0.0001  0.0002  0.2712  0.0003  1.0000  0.6242  0.0002  0.0055  0.0004  0.0003  0.0002  0.0156  0.0136  0.0002  0.0000  0.0002  0.0000  0.0000  0.0000
 0.0005  0.0000  0.0001  0.0001  0.0001  0.0012  0.0001  0.0001  0.2727  0.0002  1.0000  0.3139  0.0001  0.0002  0.0002  0.0002  0.0002  0.0036  0.0657  0.0001  0.0000  0.0128  0.0000  0.0000  0.0000
 0.3284  0.0000  0.0430  0.4005  0.6592  0.0203  0.4650  0.0496  0.0826  0.4447  0.1233  0.0511  0.3806  0.1121  0.2952  0.2551  0.3824  1.0000  0.1166  0.0070  0.0000  0.0154  0.0000  0.0000  0.0000
 0.1854  0.0000  0.0189  0.0618  0.0897  0.0163  0.8881  0.0538  0.0265  0.3762  0.0618  0.0220  0.1054  0.0754  0.1289  1.0000  0.1579  0.0820  0.0484  0.0101  0.0000  0.0296  0.0000  0.0000  0.0000
 0.0106  0.0000  0.0001  0.0003  0.1717  0.0002  0.0007  0.0008  0.0004  1.0000  0.0009  0.0003  0.0009  0.0007  0.1252  0.2953  0.0074  0.0274  0.0005  0.0001  0.0000  0.0004  0.0000  0.0000  0.0000
 0.0644  0.0000  0.0011  0.0003  0.0009  0.0006  0.0004  0.0002  0.0154  0.0009  0.0037  0.0011  0.0005  1.0000  0.0007  0.0005  0.0014  0.3726  0.0405  0.0001  0.0000  0.0002  0.0000  0.0000  0.0000
 0.0003  0.0000  0.0001  0.0000  0.0001  0.0007  0.0001  0.0000  0.0818  0.0001  1.0000  0.0008  0.0001  0.0001  0.0001  0.0001  0.0001  0.0002  0.0142  0.0001  0.0000  0.0001  0.0000  0.0000  0.0000
 0.0001  0.0000  0.0001  0.0000  0.0000  1.0000  0.0000  0.0000  0.0004  0.0000  0.0052  0.0002  0.0000  0.0001  0.0000  0.0000  0.0001  0.0001  0.0047  0.0005  0.0000  0.0019  0.0000  0.0000  0.0000
 0.0266  0.0000  0.0002  0.0002  0.0005  0.0001  0.0033  0.0003  0.0002  0.0857  0.0004  0.0001  0.0004  1.0000  0.0154  0.0062  0.0058  0.0005  0.0004  0.0001  0.0000  0.0002  0.0000  0.0000  0.0000
 0.0005  0.0000  0.0002  0.0005  0.0003  0.0002  1.0000  0.0002  0.0002  0.0004  0.0004  0.0001  0.0003  0.0008  0.0002  0.0048  0.0003  0.0003  0.0002  0.0002  0.0000  0.0002  0.0000  0.0000  0.0000
 0.0309  0.0000  0.0023  0.0379  0.0069  0.0014  0.0051  0.0025  0.0270  1.0000  0.0045  0.0021  0.2044  0.0066  0.0069  0.4521  0.2027  0.5570  0.0060  0.0009  0.0000  0.0018  0.0000  0.0000  0.0000
 0.0004  0.0000  0.0000  1.0000  0.0817  0.0001  0.0006  0.0002  0.0000  0.0005  0.0001  0.0000  0.0116  0.0003  0.0005  0.0002  0.0005  0.0003  0.0001  0.0000  0.0000  0.0001  0.0000  0.0000  0.0000
 0.0026  0.0000  0.1316  0.0105  0.0032  0.0006  0.0080  1.0000  0.0004  0.0031  0.0007  0.0003  0.0179  0.0019  0.0021  0.0018  0.0058  0.0025  0.0006  0.0004  0.0000  0.6478  0.0000  0.0000  0.0000
 0.0246  0.0000  0.0012  0.0003  0.0009  0.0039  0.0003  0.1127  0.7394  0.0011  0.3451  0.0592  0.0006  0.0014  0.0011  0.0008  0.0010  0.0037  1.0000  0.0005  0.0000  0.0006  0.0000  0.0000  0.0000
 0.0078  0.0000  0.0017  0.5608  0.0359  0.0015  0.0257  1.0000  0.0008  0.0109  0.0017  0.0006  0.4661  0.0062  0.1446  0.0053  0.0363  0.0078  0.0014  0.0008  0.0000  0.0040  0.0000  0.0000  0.0000
 0.0003  0.0000  0.0000  0.0002  0.0004  0.0001  0.0004  0.0034  0.0001  0.0073  0.0003  0.0001  0.0004  0.0003  1.0000  0.0013  0.0003  0.0003  0.0001  0.0001  0.0000  0.0001  0.0000  0.0000  0.0000
 0.0005  0.0000  0.0001  0.0001  0.0001  0.1933  0.0001  0.0001  0.0356  0.0002  1.0000  0.1042  0.0001  0.0002  0.0003  0.0002  0.0001  0.0003  0.0014  0.0002  0.0000  0.0002  0.0000  0.0000  0.0000
 0.0991  0.0000  0.0057  0.0633  0.1041  0.0058  0.0799  0.0307  0.0199  0.9711  0.0441  0.0299  0.4518  0.0294  0.1907  1.0000  0.7450  0.7848  0.0390  0.0022  0.0000  0.0053  0.0000  0.0000  0.0000
 0.0107  0.0000  0.0011  0.0020  0.0772  0.0034  0.0073  0.0091  0.2700  0.0829  1.0000  0.0182  0.0099  0.0082  0.1303  0.2972  0.0179  0.0112  0.0072  0.0017  0.0000  0.0047  0.0000  0.0000  0.0000
 0.0003  0.0000  0.0001  0.0000  0.0001  0.0004  0.0001  0.0000  1.0000  0.0001  0.1305  0.0004  0.0001  0.0001  0.0001  0.0001  0.0001  0.0063  0.0145  0.0000  0.0000  0.0001  0.0000  0.0000  0.0000
 0.2152  0.0000  0.0646  0.0098  0.0310  0.0282  0.0009  0.0081  0.3953  0.0310  0.5315  0.6833  0.0279  0.0439  0.0237  0.0177  0.0304  1.0000  0.5969  0.0044  0.0000  0.0076  0.0000  0.0000  0.0000
 0.0286  0.0000  0.0006  0.1679  1.0000  0.0061  0.0039  0.0013  0.0019  0.1938  0.0031  0.0154  0.1807  0.0028  0.0522  0.1032  0.0690  0.0148  0.0030  0.0002  0.0000  0.0004  0.0000  0.0000  0.0000
 0.0013  0.0000  0.0004  0.0002  0.0003  0.0287  0.0004  0.0001  0.2003  0.0200  1.0000  0.0496  0.0003  0.0004  0.0004  0.0004  0.0004  0.0411  0.5419  0.0003  0.0000  0.0006  0.0000  0.0000  0.0000
 0.0244  0.0000  0.0374  0.0005  0.0016  0.0016  0.0001  0.0004  0.5660  0.0016  1.0000  0.0027  0.0008  0.0022  0.0012  0.0009  0.0016  0.2723  0.3208  0.0002  0.0000  0.0005  0.0000  0.0000  0.0000
 0.0074  0.0000  0.0002  0.0002  0.0002  0.0001  1.0000  0.0001  0.0001  0.0002  0.0002  0.0001  0.0002  0.0005  0.0001  0.0002  0.0008  0.0003  0.0003  0.0001  0.0000  0.0001  0.0000  0.0000  0.0000
 0.0132  0.0000  0.0190  0.0008  0.0005  0.0002  0.0005  0.0103  0.0112  0.0225  0.0006  0.0003  0.0046  0.0105  0.0006  0.0005  0.4872  1.0000  0.0565  0.0001  0.0000  0.0002  0.0000  0.0000  0.0000
 0.0028  0.0000  0.0003  0.0006  0.0006  0.0003  0.0021  0.0002  0.0005  0.0008  0.0011  0.0414  0.0004  1.0000  0.0462  0.0007  0.0015  0.0007  0.0007  0.0002  0.0000  0.0002  0.0000  0.0000  0.0000
 0.2845  0.0000  0.0578  1.0000  0.3742  0.0208  0.3372  0.0266  0.0409  0.2599  0.0844  0.0231  0.3786  0.9986  0.1289  0.2398  0.9603  0.7553  0.0624  0.0038  0.0000  0.0083  0.0000  0.0000  0.0000
 0.2564  0.0000  0.0027  1.0000  0.9992  0.0025  0.0363  0.0061  0.0094  0.1136  0.0772  0.0869  0.0484  0.1704  0.1086  0.0379  0.0822  0.0616  0.0332  0.0009  0.0000  0.0019  0.0000  0.0000  0.0000
 0.4583  0.0000  0.0042  0.7593  1.0000  0.0116  0.0530  0.0326  0.0143  0.0822  0.0230  0.0081  0.0420  0.0357  0.0437  0.0630  0.5259  0.0983  0.0216  0.0015  0.0000  0.0240  0.0000  0.0000  0.0000
 0.3961  0.0000  0.0866  0.0812  0.0992  0.1826  0.0374  0.0576  0.6344  0.0827  0.6590  0.1638  0.0551  0.0962  0.0723  0.0635  0.1100  0.2873  1.0000  0.0276  0.0000  0.0988  0.0000  0.0000  0.0000
 0.0008  0.0000  0.0002  0.0001  0.0002  0.0506  0.0002  0.0001  0.4051  0.0003  1.0000  0.1858  0.0002  0.0003  0.0003  0.0003  0.0003  0.0006  0.1562  0.0002  0.0000  0.0509  0.0000  0.0000  0.0000
 0.5254  0.0000  0.0568  0.5323  1.0000  0.0251  0.9383  0.1389  0.0897  0.6375  0.1511  0.0895  0.4067  0.1307  0.7147  0.3301  0.5238  0.2915  0.1578  0.0085  0.0000  0.1758  0.0000  0.0000  0.0000
 0.3896  0.0000  0.0351  0.2574  0.4773  0.4565  0.2221  0.1212  0.1126  1.0000  0.2101  0.0689  0.2700  0.1593  0.3659  0.5943  0.3694  0.4484  0.1632  0.0241  0.0000  0.0863  0.0000  0.0000  0.0000
 0.0005  0.0000  0.0002  0.0001  0.0001  0.0081  0.0002  0.0000  1.0000  0.0002  0.5047  0.0386  0.0001  0.0001  0.0002  0.0002  0.0002  0.0241  0.1225  0.0001  0.0000  0.0003  0.0000  0.0000  0.0000
 0.7871  0.0000  0.2632  0.7552  0.9504  0.0458  0.3700  0.1364  0.1836  1.0000  0.2975  0.0974  0.5247  0.2977  0.6918  0.9395  0.9900  0.6554  0.2842  0.0158  0.0000  0.0348  0.0000  0.0000  0.0000
 0.0013  0.0000  0.0003  0.0606  0.0011  0.0002  0.0024  0.0007  0.0003  0.0011  0.0003  0.0001  0.3334  0.0008  0.0008  0.0006  1.0000  0.0282  0.0004  0.0001  0.0000  0.0004  0.0000  0.0000  0.0000
 0.0558  0.0000  0.0009  0.4053  1.0000  0.0008  0.0098  0.0530  0.0030  0.1031  0.0088  0.0067  0.0603  0.1497  0.0711  0.1081  0.0118  0.0273  0.0160  0.0003  0.0000  0.0006  0.0000  0.0000  0.0000
 0.1811  0.0000  0.0024  0.3580  0.2614  0.0023  0.0174  0.0992  0.0085  0.3799  0.0137  0.0048  1.0000  0.0125  0.0529  0.1818  0.2918  0.0655  0.0130  0.0008  0.0000  0.0017  0.0000  0.0000  0.0000
 1.0000  0.0000  0.0003  0.0003  0.0003  0.0001  0.0014  0.0001  0.0002  0.0004  0.0003  0.0002  0.0004  0.0008  0.0003  0.0003  0.0400  0.1894  0.0006  0.0001  0.0000  0.0001  0.0000  0.0000  0.0000
 0.0041  0.0000  0.0097  0.0007  0.0056  0.0009  0.0029  0.0036  0.0018  0.3650  0.2286  0.0014  0.0039  0.0032  0.0165  1.0000  0.0033  0.0043  0.0132  0.0006  0.0000  0.0018  0.0000  0.0000  0.0000
 0.0488  0.0000  0.0014  0.0683  0.0896  0.0013  0.0097  0.0214  0.0048  0.3516  0.0328  0.0120  0.4284  0.0070  0.0747  1.0000  0.2027  0.1313  0.0073  0.0004  0.0000  0.0010  0.0000  0.0000  0.0000
 0.0002  0.0000  0.0001  0.0000  0.0000  0.2781  0.0000  0.0000  0.0004  0.0000  0.0009  0.0002  0.0000  0.0001  0.0000  0.0000  0.0001  0.0001  0.0003  0.0009  0.0000  1.0000  0.0000  0.0000  0.0000
 0.0003  0.0000  0.0001  0.0001  0.0001  0.0110  0.0002  0.0000  1.0000  0.0001  0.0268  0.1213  0.0001  0.0001  0.0001  0.0001  0.0001  0.0004  0.4770  0.0001  0.0000  0.0002  0.0000  0.0000  0.0000
 0.0660  0.0000  0.0006  0.0141  0.0968  0.0005  0.0040  0.0013  0.0020  0.7189  0.0425  0.0216  0.0458  0.0029  0.4565  1.0000  0.0410  0.0736  0.0030  0.0002  0.0000  0.0004  0.0000  0.0000  0.0000
 0.0597  0.0000  0.0009  0.0140  0.0212  0.0007  0.0827  0.0638  0.0007  0.0046  0.0010  0.0004  0.0849  0.0029  0.4621  0.0024  1.0000  0.0494  0.0011  0.0004  0.0000  0.0016  0.0000  0.0000  0.0000
 0.0003  0.0000  0.0001  0.0000  0.0001  0.0053  0.0001  0.0001  0.0073  0.0001  1.0000  0.0580  0.0001  0.0001  0.0186  0.0001  0.0001  0.0002  0.0008  0.0001  0.0000  0.0001  0.0000  0.0000  0.0000
 0.0199  0.0000  0.0046  0.0055  0.0003  0.0001  0.0123  0.0001  0.0001  0.0003  0.0003  0.0001  0.0003  1.0000  0.0166  0.0002  0.0057  0.0110  0.0005  0.0000  0.0000  0.0001  0.0000  0.0000  0.0000
 0.4619  0.0000  0.1559  0.2037  0.3017  0.7052  0.2835  0.5997  0.3504  0.6463  0.6125  0.2078  0.3205  0.3079  0.7199  0.4271  0.3748  0.3450  0.5387  0.1521  0.0000  1.0000  0.0000  0.0000  0.0000
 0.4158  0.0000  0.1390  0.1611  0.2141  0.6594  0.2588  0.4943  0.3271  0.2733  0.5522  0.4145  0.2430  0.1603  0.2619  0.5133  0.4187  0.4306  0.4583  0.1515  0.0000  1.0000  0.0000  0.0000  0.0000
 0.0706  0.0000  0.0010  0.0960  0.3250  0.0009  0.0180  0.0022  0.0034  0.2159  0.0116  0.0019  0.0090  1.0000  0.0675  0.1143  0.0409  0.0329  0.0155  0.0003  0.0000  0.0007  0.0000  0.0000  0.0000
 0.0205  0.0000  0.0006  0.0012  0.0094  0.0014  0.1911  0.0518  0.0029  0.7352  0.0068  0.0023  0.0066  0.1345  0.0765  1.0000  0.0055  0.0072  0.0038  0.0011  0.0000  0.0030  0.0000  0.0000  0.0000
 0.2669  0.0000  0.0453  0.1595  0.2531  0.0784  0.1231  0.0857  0.2582  0.7340  0.1640  0.0941  0.1414  0.0822  1.0000  0.5452  0.2348  0.2551  0.3892  0.0217  0.0000  0.1047  0.0000  0.0000  0.0000
 0.0756  0.0000  0.0049  0.7715  0.1087  0.0046  0.0353  0.0264  0.0243  0.1388  0.0278  0.0098  0.4237  1.0000  0.2064  0.0673  0.4404  0.0760  0.0263  0.0016  0.0000  0.0036  0.0000  0.0000  0.0000
 0.0004  0.0000  0.0002  0.0001  0.0001  1.0000  0.0001  0.0000  0.0094  0.0000  0.3793  0.0008  0.0000  0.0002  0.0001  0.0000  0.0002  0.0003  0.0009  0.0014  0.0000  0.0130  0.0000  0.0000  0.0000
 0.9433  0.0000  0.0059  0.1246  0.1462  0.0055  0.1066  0.0248  0.0208  0.4521  0.0384  0.0306  0.0916  0.1058  0.1698  0.4921  1.0000  0.3092  0.1320  0.0019  0.0000  0.0042  0.0000  0.0000  0.0000
 0.5535  0.0000  0.0197  0.5009  1.0000  0.0184  0.2139  0.0718  0.0692  0.5491  0.2191  0.0589  0.5304  0.1015  0.6599  0.5272  0.7214  0.4166  0.2288  0.0063  0.0000  0.0140  0.0000  0.0000  0.0000
 0.3505  0.0000  0.1223  0.1418  0.1887  0.5164  0.2503  0.3815  0.3926  0.7178  1.0000  0.3535  0.2190  0.1412  0.2181  0.6215  0.2770  0.2848  0.8791  0.1279  0.0000  0.7997  0.0000  0.0000  0.0000
 0.0002  0.0000  0.0001  0.0000  0.0000  1.0000  0.0000  0.0000  0.0004  0.0000  0.0529  0.0002  0.0000  0.0001  0.0000  0.0000  0.0001  0.0001  0.0004  0.0158  0.0000  0.1541  0.0000  0.0000  0.0000
 0.0741  0.0000  0.0123  0.0263  0.0620  0.0033  0.0163  0.0482  0.0757  0.2628  0.0705  0.0048  0.0210  1.0000  0.0480  0.1909  0.1008  0.1127  0.0779  0.0010  0.0000  0.0033  0.0000  0.0000  0.0000
 0.1269  0.0000  0.0211  0.2538  0.1700  0.0110  0.7771  0.4733  0.0307  0.3092  0.0649  0.0174  1.0000  0.0433  0.2667  0.2967  0.1967  0.2732  0.0463  0.0035  0.0000  0.0344  0.0000  0.0000  0.0000
 1.0000  0.0000  0.0043  0.0128  0.0064  0.0294  0.0074  0.0123  0.0480  0.0122  0.0250  0.2044  0.0152  0.0049  0.0068  0.0079  0.0208  0.0563  0.3552  0.0042  0.0000  0.0310  0.0000  0.0000  0.0000
 0.0157  0.0000  0.0008  0.3077  0.1699  0.0008  0.0137  0.3605  0.0028  0.0204  0.0280  0.0016  1.0000  0.0237  0.0992  0.0078  0.6189  0.0553  0.0042  0.0003  0.0000  0.0007  0.0000  0.0000  0.0000
 0.0463  0.0000  0.0001  0.0265  0.0226  0.0001  0.0064  0.0002  0.0029  0.0094  0.0006  0.0002  0.0009  1.0000  0.0052  0.0098  0.0386  0.0029  0.0097  0.0000  0.0000  0.0001  0.0000  0.0000  0.0000
 0.7519  0.0000  0.0498  0.6631  1.0000  0.0541  0.4146  0.1137  0.1855  0.8784  0.6350  0.1226  0.4673  0.2542  0.6377  0.4859  0.7189  0.5462  0.2855  0.0164  0.0000  0.0377  0.0000  0.0000  0.0000
 1.0000  0.0000  0.0002  0.0002  0.0002  0.0001  0.0012  0.0000  0.0001  0.0002  0.0002  0.0001  0.0001  0.0066  0.0001  0.0001  0.0135  0.0004  0.0104  0.0000  0.0000  0.0001  0.0000  0.0000  0.0000
 0.0494  0.0000  0.0004  0.0001  0.0003  0.0007  0.0002  0.0001  1.0000  0.0003  0.2204  0.0512  0.0002  0.0003  0.0002  0.0002  0.0003  0.0171  0.6384  0.0001  0.0000  0.0003  0.0000  0.0000  0.0000
 0.0004  0.0000  0.0001  1.0000  0.0135  0.0001  0.0036  0.0093  0.0000  0.0005  0.0001  0.0000  0.0634  0.0003  0.0075  0.0003  0.0199  0.0004  0.0001  0.0000  0.0000  0.0002  0.0000  0.0000  0.0000
 0.0003  0.0000  0.0001  0.0000  0.0001  0.0189  0.0001  0.0064  0.0093  0.0001  1.0000  0.0040  0.0001  0.0001  0.0001  0.0001  0.0001  0.0001  0.0173  0.0001  0.0000  0.0001  0.0000  0.0000  0.0000
 0.0394  0.0000  0.0044  0.0001  0.0002  0.0044  0.0001  0.0001  0.1004  0.0002  1.0000  0.0518  0.0001  0.0003  0.0003  0.0002  0.0002  0.0005  0.1736  0.0002  0.0000  0.0002  0.0000  0.0000  0.0000
 0.0368  0.0000  0.0002  0.1867  1.0000  0.0002  0.0446  0.0005  0.0007  0.0182  0.0055  0.0004  0.0020  0.0012  0.1187  0.0058  0.0217  0.0150  0.0011  0.0001  0.0000  0.0101  0.0000  0.0000  0.0000
 0.0006  0.0000  0.0001  0.0001  0.0038  0.0001  0.0004  0.0068  0.0003  1.0000  0.0116  0.0002  0.0137  0.0005  0.0369  0.3701  0.0032  0.0046  0.0004  0.0001  0.0000  0.0003  0.0000  0.0000  0.0000
 0.0008  0.0000  0.0059  0.0001  0.0001  0.0005  0.0003  0.0001  0.0009  0.0002  0.0508  1.0000  0.0002  0.0003  0.0002  0.0001  0.0059  0.0230  0.0008  0.0001  0.0000  0.0001  0.0000  0.0000  0.0000
 0.0000  0.0000  0.0000  0.0000  0.0000  0.0000  0.0000  0.0000  0.0000  0.0000  1.0000  0.0000  0.0000  0.0000  0.0000  0.0000  0.0000  0.0000  0.0000  0.0000  0.0000  0.0000  0.0000  0.0000  0.0000
 0.1006  0.0000  0.0115  0.0798  0.3028  0.0405  0.0308  0.0549  0.1631  0.0468  0.0744  0.0272  0.0626  0.0204  0.0735  0.0424  0.0769  0.4267  1.0000  0.0108  0.0000  0.0770  0.0000  0.0000  0.0000
 0.0010  0.0000  0.0003  0.0001  0.0003  1.0000  0.0002  0.0002  0.0189  0.0003  0.5773  0.0190  0.0002  0.0004  0.0005  0.0003  0.0003  0.0006  0.0078  0.0003  0.0000  0.0004  0.0000  0.0000  0.0000
 0.0004  0.0000  0.0001  1.0000  0.0005  0.0001  0.0046  0.0004  0.0000  0.0005  0.0001  0.0000  0.0904  0.0003  0.0003  0.0002  0.0068  0.0004  0.0029  0.0000  0.0000  0.0002  0.0000  0.0000  0.0000
 0.1676  0.0000  0.0071  0.0102  0.0008  0.0004  0.0011  0.0003  0.0091  0.0010  0.0017  0.0006  0.0013  1.0000  0.0007  0.0006  0.0971  0.1007  0.0773  0.0001  0.0000  0.0003  0.0000  0.0000  0.0000
 0.3927  0.0000  0.0225  1.0000  0.5985  0.0150  0.1150  0.0367  0.0565  0.7805  0.1760  0.0377  0.3671  0.0829  0.1848  0.5925  0.8013  0.4516  0.1965  0.0052  0.0000  0.0114  0.0000  0.0000  0.0000
 0.0106  0.0000  0.0091  0.0022  0.0139  0.0005  0.0112  0.0114  0.0008  1.0000  0.0038  0.0005  0.0173  0.0011  0.1707  0.2621  0.0217  0.0497  0.0034  0.0001  0.0000  0.0126  0.0000  0.0000  0.0000
 0.0000  0.0000  0.0000  0.0000  0.0000  0.0000  0.0000  0.0000  0.0000  0.0000  0.0000  0.0000  0.0000  0.0000  0.0000  1.0000  0.0000  0.0000  0.0000  0.0000  0.0000  0.0000  0.0000  0.0000  0.0000
 0.0119  0.0000  0.0004  0.0001  0.0003  0.0003  0.0000  0.0001  1.0000  0.0003  0.1311  0.0005  0.0002  0.0396  0.0002  0.0002  0.0003  0.0049  0.0978  0.0000  0.0000  0.0001  0.0000  0.0000  0.0000
 0.0097  0.0000  0.0003  0.0306  0.0007  0.0002  0.0050  0.0004  0.0004  0.0188  0.0004  0.0002  0.0321  0.0008  0.0006  0.0351  0.2266  1.0000  0.0006  0.0001  0.0000  0.0003  0.0000  0.0000  0.0000
 0.9825  0.0000  0.0046  0.0110  0.0041  0.0020  0.0178  0.0008  0.0085  0.0041  0.0079  0.0029  0.0026  0.0094  0.0029  0.0028  0.0171  0.0104  1.0000  0.0006  0.0000  0.0012  0.0000  0.0000  0.0000
 0.4391  0.0000  0.0081  0.3100  1.0000  0.0076  0.1326  0.0435  0.0623  0.1640  0.0665  0.0295  0.0744  0.0413  0.0921  0.0789  0.2303  0.3893  0.0639  0.0026  0.0000  0.0058  0.0000  0.0000  0.0000
 0.0114  0.0000  0.0001  0.1850  1.0000  0.0002  0.0466  0.0006  0.0002  0.0017  0.0004  0.0001  0.0109  0.0010  0.2931  0.0067  0.0081  0.0008  0.0004  0.0001  0.0000  0.0003  0.0000  0.0000  0.0000
 1.0000  0.0000  0.0002  0.0002  0.0002  0.0001  0.0143  0.0000  0.0001  0.0002  0.0002  0.0001  0.0001  0.0005  0.0001  0.0001  0.0237  0.0004  0.0030  0.0000  0.0000  0.0001  0.0000  0.0000  0.0000
 0.0002  0.0000  0.0001  0.0000  0.0001  0.0006  0.0000  0.0000  0.0010  0.0001  1.0000  0.0190  0.0001  0.0001  0.0001  0.0001  0.0001  0.0001  0.0006  0.0001  0.0000  0.0001  0.0000  0.0000  0.0000
 1.0000  0.0000  0.1508  0.0533  0.2913  0.0022  0.0339  0.0385  0.0081  0.1109  0.0131  0.0046  0.0832  0.0119  0.1070  0.0227  0.1801  0.0930  0.0437  0.0007  0.0000  0.0016  0.0000  0.0000  0.0000
 0.0004  0.0000  0.0001  0.0061  0.0007  0.0001  0.0009  1.0000  0.0001  0.0006  0.0082  0.0001  0.0014  0.0003  0.0070  0.0003  0.0007  0.0003  0.0001  0.0000  0.0000  0.0037  0.0000  0.0000  0.0000
 0.0681  0.0000  0.0001  0.0171  0.1186  0.0001  0.0007  0.0003  0.0003  0.0018  0.0063  0.0002  0.0034  1.0000  0.0130  0.0156  0.0096  0.0009  0.0067  0.0001  0.0000  0.0002  0.0000  0.0000  0.0000
 0.0001  0.0000  0.0001  0.0000  0.0000  0.0643  0.0000  0.0000  0.0003  0.0000  0.0043  0.0001  0.0000  0.0000  0.0000  0.0000  0.0001  0.0001  0.0003  0.0070  0.0000  1.0000  0.0000  0.0000  0.0000
 0.0009  0.0000  0.0002  0.0001  0.0002  0.3015  0.0002  0.0002  0.0047  0.0003  1.0000  0.2373  0.0002  0.0004  0.0005  0.0003  0.0146  0.0005  0.0519  0.0003  0.0000  0.0003  0.0000  0.0000  0.0000
 1.0000  0.0000  0.0032  0.0518  0.6333  0.0030  0.0226  0.0072  0.0313  0.1259  0.0234  0.0063  0.0545  0.0163  0.0958  0.0434  0.5104  0.1268  0.0605  0.0010  0.0000  0.0022  0.0000  0.0000  0.0000
 0.1647  0.0000  0.0021  0.0246  0.1083  0.0020  0.0150  0.0049  0.0074  0.3765  0.0342  0.0421  0.1038  1.0000  0.5021  0.1903  0.7805  0.0538  0.0112  0.0007  0.0000  0.0015  0.0000  0.0000  0.0000
 0.0053  0.0000  0.0014  0.0008  0.0015  0.1398  0.0014  0.0123  0.0238  0.0019  1.0000  0.0158  0.0015  0.0022  0.0028  0.0020  0.0019  0.0032  0.0134  0.0161  0.0000  0.8464  0.0000  0.0000  0.0000
 0.1328  0.0000  0.0008  0.0011  0.0018  0.0100  0.0019  1.0000  0.0017  0.0046  0.0030  0.0010  0.0019  0.0013  0.0078  0.0821  0.0253  0.0022  0.0023  0.0008  0.0000  0.1034  0.0000  0.0000  0.0000
 0.0034  0.0000  0.0001  1.0000  0.1039  0.0001  0.0183  0.0003  0.0000  0.0006  0.0001  0.0000  0.0225  0.0003  0.0005  0.0002  0.0008  0.0004  0.0001  0.0000  0.0000  0.0002  0.0000  0.0000  0.0000
 0.2304  0.0000  0.0351  0.0102  0.0797  0.0235  0.0034  0.0111  0.5736  0.0334  0.1536  0.0374  0.0197  1.0000  0.0218  0.0178  0.0294  0.1722  0.4702  0.0045  0.0000  0.0187  0.0000  0.0000  0.0000
 0.3658  0.0000  0.0038  0.6080  0.6515  0.0036  0.0705  0.0093  0.0110  0.0541  0.0174  0.0062  0.8901  0.0182  0.0525  0.0300  1.0000  0.8383  0.0451  0.0014  0.0000  0.0455  0.0000  0.0000  0.0000
 0.0677  0.0000  0.0159  1.0000  0.2007  0.0003  0.0043  0.0006  0.0009  0.0157  0.0164  0.0005  0.0024  0.0014  0.0078  0.0025  0.0152  0.0152  0.0237  0.0001  0.0000  0.0002  0.0000  0.0000  0.0000
 0.0006  0.0000  0.0000  0.0297  1.0000  0.0001  0.0006  0.0002  0.0001  0.0007  0.0001  0.0001  0.0568  0.0004  0.0008  0.0002  0.0006  0.0003  0.0001  0.0000  0.0000  0.0001  0.0000  0.0000  0.0000
 0.0094  0.0000  0.0002  0.0003  0.0005  0.0001  0.0006  0.0043  0.0003  0.0018  0.0069  0.0002  0.0007  1.0000  0.0444  0.0047  0.0055  0.0661  0.0005  0.0001  0.0000  0.0002  0.0000  0.0000  0.0000
 0.3770  0.0000  0.0586  0.3053  0.8997  0.0234  0.2184  0.0567  0.4229  0.4629  0.1409  0.0494  0.2684  0.3142  0.3040  0.2449  0.5393  0.6946  1.0000  0.0080  0.0000  0.0178  0.0000  0.0000  0.0000
 1.0000  0.0000  0.6510  0.0018  0.0022  0.0010  0.0511  0.0004  0.0011  0.0024  0.0024  0.0011  0.0016  0.0173  0.0017  0.0018  0.1800  0.0044  0.0248  0.0003  0.0000  0.0007  0.0000  0.0000  0.0000
 0.2835  0.0000  0.0108  0.3190  1.0000  0.0101  0.0770  0.0569  0.0458  0.2308  0.0848  0.0214  0.1002  0.7080  0.5271  0.1395  0.3472  0.2830  0.0662  0.0035  0.0000  0.0077  0.0000  0.0000  0.0000
 0.0383  0.0000  0.0015  0.0164  0.0665  0.0066  0.0101  0.0036  0.0152  0.3037  0.1186  0.0029  0.0188  1.0000  0.0517  0.0256  0.0371  0.0336  0.1220  0.0006  0.0000  0.0017  0.0000  0.0000  0.0000
 0.0039  0.0000  0.0062  0.0012  0.0017  1.0000  0.0019  0.0030  0.0551  0.0019  0.0936  0.0225  0.0019  0.1202  0.0021  0.0022  0.0053  0.0028  0.0120  0.0016  0.0000  0.4468  0.0000  0.0000  0.0000
 0.0245  0.0000  0.0018  1.0000  0.0992  0.0092  0.0090  0.0217  0.1466  0.0201  0.0130  0.0030  0.1402  0.0601  0.0131  0.0178  0.4611  0.0391  0.0397  0.0010  0.0000  0.0045  0.0000  0.0000  0.0000
 0.5289  0.0000  0.1772  0.3288  0.3713  0.8781  0.3393  0.5544  0.4004  0.3217  0.6743  0.2225  0.3259  0.2255  0.3864  0.3605  0.4184  0.4064  0.5074  0.2559  0.0000  1.0000  0.0000  0.0000  0.0000
 0.0857  0.0000  0.0105  0.9366  0.2561  0.0092  0.1689  0.0813  0.0096  0.0773  0.1582  0.0063  0.2880  0.0391  0.0543  0.0395  1.0000  0.1193  0.0154  0.0045  0.0000  0.0211  0.0000  0.0000  0.0000
 0.0039  0.0000  0.0013  0.0978  0.0019  1.0000  0.0022  0.0036  0.0205  0.0020  0.0868  0.0089  0.0021  0.0070  0.0021  0.0024  0.0124  0.0112  0.0301  0.0013  0.0000  0.0138  0.0000  0.0000  0.0000
 0.0166  0.0000  0.0003  0.1697  1.0000  0.0729  0.0068  0.0042  0.0962  0.0168  0.0037  0.0015  0.2085  0.0176  0.0270  0.0045  0.0088  0.0073  0.0038  0.0007  0.0000  0.0021  0.0000  0.0000  0.0000
 0.1094  0.0000  0.0018  1.0000  0.2548  0.0017  0.0546  0.0878  0.0063  0.1161  0.0102  0.0036  0.1100  0.0093  0.6556  0.0943  0.1651  0.0385  0.0355  0.0006  0.0000  0.0013  0.0000  0.0000  0.0000
 0.9412  0.0000  0.1355  0.6039  1.0000  0.4361  0.4763  0.4124  0.3548  0.9054  0.5986  0.2250  0.5601  0.3737  0.6489  0.6181  0.7924  0.6612  0.5001  0.1158  0.0000  0.5649  0.0000  0.0000  0.0000
 0.2888  0.0000  0.0021  1.0000  0.4257  0.0019  0.0658  0.0509  0.0128  0.1206  0.0117  0.0118  0.1635  0.0574  0.0545  0.0272  0.3509  0.0728  0.0215  0.0007  0.0000  0.0233  0.0000  0.0000  0.0000
 0.0034  0.0000  0.0357  0.0157  0.0018  0.1030  0.0022  0.0091  0.1005  0.0019  1.0000  0.0154  0.0056  0.0014  0.0155  0.0781  0.0113  0.0026  0.0033  0.0012  0.0000  0.0181  0.0000  0.0000  0.0000
 0.5258  0.0000  0.0357  0.5498  0.7070  0.0335  0.4310  0.1134  0.1302  0.6430  0.2303  0.0707  0.3816  0.5915  0.3937  0.3691  0.7825  1.0000  0.2013  0.0115  0.0000  0.0256  0.0000  0.0000  0.0000
 0.6738  0.0000  0.0477  0.5572  1.0000  0.0455  0.3398  0.1087  0.2030  0.8372  0.2869  0.0955  0.4393  0.2471  0.5275  0.4703  0.6541  0.5091  0.3379  0.0156  0.0000  0.0355  0.0000  0.0000  0.0000
 0.0392  0.0000  0.0003  0.7348  1.0000  0.0004  0.0027  0.0067  0.0012  0.0067  0.0304  0.0007  0.0168  0.0193  0.0415  0.0034  0.0722  0.0170  0.0088  0.0002  0.0000  0.0004  0.0000  0.0000  0.0000
 0.1666  0.0000  0.0086  0.3117  0.9648  0.0080  0.1360  0.2393  0.0301  0.4342  0.0857  0.2099  0.2738  0.0441  1.0000  0.1455  0.1470  0.6713  0.0912  0.0028  0.0000  0.0061  0.0000  0.0000  0.0000
 0.0246  0.0000  0.0066  0.0034  0.0065  0.0632  0.0060  0.0043  0.7630  0.0088  0.5528  0.2813  0.0062  0.0096  0.0116  0.0085  0.0075  0.0164  0.1933  1.0000  0.0000  0.0098  0.0000  0.0000  0.0000
 0.0004  0.0000  0.0000  0.0001  0.0006  0.0001  0.0004  0.0004  0.0002  1.0000  0.0004  0.0001  0.0004  0.0004  0.0009  0.2776  0.0003  0.0004  0.0002  0.0001  0.0000  0.0002  0.0000  0.0000  0.0000
 0.0762  0.0000  0.0035  0.2088  1.0000  0.0033  0.0428  0.0080  0.1370  0.1614  0.0272  0.0156  0.0327  0.0181  0.1976  0.1734  0.0944  0.0530  0.1902  0.0011  0.0000  0.0055  0.0000  0.0000  0.0000
 0.0051  0.0000  0.0018  0.0020  0.0028  0.0070  0.0033  0.0925  0.0758  0.0476  1.0000  0.6107  0.0031  0.0090  0.0131  0.0372  0.0088  0.0123  0.0606  0.0018  0.0000  0.0291  0.0000  0.0000  0.0000
 0.0146  0.0000  0.0007  0.0003  0.0005  0.0129  0.0004  0.0001  1.0000  0.0006  0.0580  0.4510  0.0004  0.0006  0.0004  0.0005  0.0006  0.2394  0.3832  0.0002  0.0000  0.0006  0.0000  0.0000  0.0000
 0.0017  0.0000  0.0006  0.0007  0.0009  0.1717  0.0011  0.0389  0.0108  0.0010  0.0398  0.0060  0.0010  0.0007  0.0010  0.0098  0.0013  0.0013  0.0019  0.4454  0.0000  1.0000  0.0000  0.0000  0.0000
 0.1261  0.0000  0.0067  0.4402  0.7160  0.0063  0.0479  0.0636  0.0236  0.9733  0.0697  0.0397  0.5015  0.0346  0.7857  1.0000  0.8995  0.2267  0.0359  0.0022  0.0000  0.0048  0.0000  0.0000  0.0000
 0.0072  0.0000  0.0000  0.0146  1.0000  0.0001  0.0002  0.0001  0.0001  0.0006  0.0068  0.0001  0.0002  0.0004  0.0130  0.0002  0.0003  0.0003  0.0052  0.0000  0.0000  0.0001  0.0000  0.0000  0.0000
 0.3696  0.0000  0.0027  0.0021  0.0024  0.0109  0.0533  0.0002  1.0000  0.0035  0.1041  0.2708  0.0025  0.0023  0.0012  0.0029  0.3204  0.0464  0.5899  0.0014  0.0000  0.0052  0.0000  0.0000  0.0000
 0.0404  0.0000  0.0290  0.0061  0.0392  0.0100  0.0214  0.0280  0.1766  0.0166  1.0000  0.1244  0.0068  0.0043  0.0592  0.0216  0.0454  0.1293  0.2746  0.0026  0.0000  0.0141  0.0000  0.0000  0.0000
 0.8340  0.0000  0.0790  0.6652  1.0000  0.1586  0.4081  0.2184  0.2371  0.9340  0.3871  0.1348  0.5469  0.2891  0.5995  0.5609  0.7936  0.5999  0.3474  0.0452  0.0000  0.1982  0.0000  0.0000  0.0000
 0.0003  0.0000  0.0001  0.0000  0.0001  1.0000  0.0000  0.0000  0.0168  0.0000  0.1061  0.0184  0.0000  0.0001  0.0000  0.0000  0.0002  0.0002  0.0006  0.0131  0.0000  0.2769  0.0000  0.0000  0.0000
 0.0953  0.0000  0.0051  0.0876  0.1964  0.0056  0.0359  0.9522  0.0176  0.6743  0.0287  0.0100  1.0000  0.0258  0.1981  0.1116  0.2122  0.0529  0.1702  0.0019  0.0000  0.0117  0.0000  0.0000  0.0000
 0.0084  0.0000  0.0062  0.0095  0.0148  0.0002  0.0019  0.0006  0.0005  0.0187  0.0009  0.0003  0.0836  1.0000  0.0425  0.0136  0.0065  0.0081  0.0008  0.0001  0.0000  0.0003  0.0000  0.0000  0.0000
 0.4754  0.0000  0.0323  0.5400  1.0000  0.0303  0.2424  0.0843  0.2273  0.5737  0.1953  0.0700  0.3166  0.3936  0.3700  0.3173  0.4609  0.3850  0.2350  0.0104  0.0000  0.0232  0.0000  0.0000  0.0000
 1.0000  0.0000  0.1209  0.6879  0.9338  0.3513  0.4527  0.3730  0.3320  0.8694  0.5280  0.1820  0.5444  0.4946  0.6585  0.6192  0.7746  0.6382  0.5185  0.0955  0.0000  0.6329  0.0000  0.0000  0.0000
 1.0000  0.0000  0.0221  0.2062  0.3475  0.0978  0.1592  0.0539  0.0708  0.3061  0.1147  0.0987  0.2303  0.0937  0.8032  0.3317  0.5208  0.2452  0.1468  0.0107  0.0000  0.0400  0.0000  0.0000  0.0000
 0.5537  0.0000  0.1780  0.2495  0.3143  0.7377  0.3466  0.5457  0.4037  0.3508  0.6762  0.2406  0.3381  0.2145  0.3193  0.3676  0.4368  0.4239  0.5296  0.1844  0.0000  1.0000  0.0000  0.0000  0.0000
 1.0000  0.0000  0.0153  0.3775  0.1863  0.0123  0.6594  0.0301  0.0354  0.1714  0.0572  0.0447  0.1782  0.1702  0.1836  0.0968  0.2510  0.1695  0.0574  0.0047  0.0000  0.0130  0.0000  0.0000  0.0000
 0.7835  0.0000  0.0451  0.5606  1.0000  0.0422  0.3406  0.1258  0.2068  0.8497  0.2552  0.0895  0.4405  0.2320  0.6551  0.4437  0.7560  0.5062  0.2751  0.0145  0.0000  0.0320  0.0000  0.0000  0.0000
 0.6808  0.0000  0.0481  0.6108  1.0000  0.0450  0.3550  0.1094  0.2113  0.9026  0.4295  0.1052  0.5856  0.2471  0.5692  0.7732  0.7304  0.5349  0.2677  0.0155  0.0000  0.0343  0.0000  0.0000  0.0000
 0.6103  0.0000  0.1779  0.2450  0.3558  0.6965  0.3937  0.5422  0.4075  0.3502  0.8554  0.2578  0.3363  0.2343  0.3295  0.4978  0.4448  0.4508  0.6125  0.1833  0.0000  1.0000  0.0000  0.0000  0.0000
 0.8352  0.0000  0.0515  0.5521  0.9289  0.0789  0.4225  0.1208  0.2168  0.8187  0.2811  0.0984  0.4744  0.5089  0.6007  0.4670  1.0000  0.5841  0.2924  0.0201  0.0000  0.0608  0.0000  0.0000  0.0000
 0.6656  0.0000  0.0278  0.3268  0.6295  0.0260  0.2445  0.0633  0.0974  1.0000  0.1572  0.0551  0.3143  0.2514  0.6818  0.2735  0.4647  0.3770  0.1486  0.0089  0.0000  0.0198  0.0000  0.0000  0.0000
 0.4838  0.0000  0.0294  0.4300  1.0000  0.0277  0.2365  0.0675  0.1030  0.5130  0.1662  0.0583  0.3058  0.3201  0.4530  0.2885  0.5051  0.3159  0.2193  0.0096  0.0000  0.0214  0.0000  0.0000  0.0000
 0.8223  0.0000  0.0498  0.5746  1.0000  0.0492  0.4095  0.1138  0.1732  0.8522  0.3201  0.0980  0.5239  0.2848  0.7712  0.4818  0.6980  0.8671  0.4478  0.0166  0.0000  0.0397  0.0000  0.0000  0.0000
 1.0000  0.0000  0.1572  0.0353  0.0431  0.0178  0.2337  0.0091  0.0301  0.0475  0.0493  0.0216  0.0313  0.7678  0.1658  0.0341  0.2194  0.0869  0.0932  0.0062  0.0000  0.0140  0.0000  0.0000  0.0000
 0.0081  0.0000  0.0020  0.0009  0.0020  0.0183  0.0014  0.0014  0.0386  0.0025  1.0000  0.1088  0.0018  0.0031  0.0036  0.0024  0.0021  0.0050  0.1715  0.0022  0.0000  0.0025  0.0000  0.0000  0.0000
//
