WARNING! C43 not allowed! score: 0.02 median: 3.23 # of sequence: 33
ID   UNK_ID; MATRIX
AC   UNK_AC
DE   UNK_DE
MA   UNK_BL
  A   B   C   D   E   F   G   H   I   K   L   M   N   P   Q   R   S   T   V   W   X   Y   Z   *   -
 0.0000  0.0000  0.0000  0.0000  0.0000  0.0000  0.0000  0.0000  0.0000  0.0000  0.0000  1.0000  0.0000  0.0000  0.0000  0.0000  0.0000  0.0000  0.0000  0.0000  0.0000  0.0000  0.0000  0.0000  0.0000
 0.0811  0.0000  0.0110  0.1035  0.1113  0.0196  0.1073  0.3813  0.0288  0.4302  0.0660  0.0220  0.2257  0.2129  0.1553  1.0000  0.1009  0.0860  0.0391  0.0119  0.0000  0.0410  0.0000  0.0000  0.0000
 0.0075  0.0000  0.0016  0.0109  0.0097  0.0047  0.0095  1.0000  0.0035  0.0201  0.0066  0.0022  0.0134  0.0046  0.1031  0.0165  0.0089  0.0067  0.0045  0.0016  0.0000  0.0744  0.0000  0.0000  0.0000
 0.5151  0.0000  0.2761  0.0315  0.0342  0.0145  0.2009  0.0074  0.0197  0.0382  0.0375  0.0175  0.0311  0.0928  0.0266  0.0271  1.0000  0.1020  0.0658  0.0055  0.0000  0.0116  0.0000  0.0000  0.0000
 0.0063  0.0000  0.0006  0.0019  0.0087  0.0013  0.0049  0.0056  0.0026  1.0000  0.0062  0.0020  0.0698  0.0049  0.0145  0.1879  0.0054  0.0067  0.0035  0.0010  0.0000  0.0028  0.0000  0.0000  0.0000
 0.0049  0.0000  0.0005  0.0015  0.0066  0.0010  0.0039  0.0039  0.0020  0.0301  0.0046  0.0015  0.0047  0.0038  0.0806  1.0000  0.0040  0.0049  0.0026  0.0007  0.0000  0.0020  0.0000  0.0000  0.0000
 0.2922  0.0000  0.0665  0.1127  0.0910  0.1078  0.1073  0.0897  0.1281  0.1217  0.1448  0.0602  0.1950  0.1329  0.1019  0.0964  0.7450  1.0000  0.1870  0.0363  0.0000  0.1701  0.0000  0.0000  0.0000
 0.1801  0.0000  0.0283  0.0470  0.2147  0.0883  0.1278  0.2309  0.0916  1.0000  0.1928  0.0642  0.1638  0.1523  0.3482  0.9609  0.1481  0.1799  0.1198  0.0371  0.0000  0.2355  0.0000  0.0000  0.0000
 0.4271  0.0000  0.8700  0.0836  0.0619  0.0223  0.2397  0.0249  0.0349  0.0978  0.0566  0.0257  0.1051  0.1198  0.0568  0.1623  1.0000  0.2708  0.0889  0.0098  0.0000  0.0239  0.0000  0.0000  0.0000
 0.0291  0.0000  0.0030  0.0051  0.0041  0.0014  0.0172  0.0012  0.0018  0.0044  0.0035  0.0015  0.0052  1.0000  0.0030  0.0031  0.1665  0.0111  0.0053  0.0007  0.0000  0.0013  0.0000  0.0000  0.0000
 0.0484  0.0000  0.0025  1.0000  0.9701  0.0051  0.2925  0.0175  0.0055  0.0501  0.0105  0.0042  0.0609  0.0300  0.0585  0.0161  0.0411  0.0253  0.0105  0.0025  0.0000  0.0089  0.0000  0.0000  0.0000
 0.2647  0.0000  0.0232  0.2476  0.5816  0.0494  0.1713  0.1488  0.0765  1.0000  0.1687  0.0574  0.1994  0.1774  0.4122  0.8084  0.1958  0.2020  0.1114  0.0614  0.0000  0.0890  0.0000  0.0000  0.0000
 0.2375  0.0000  0.0094  1.0000  0.4843  0.0128  0.1343  0.0301  0.0179  0.1143  0.1159  0.0129  0.0895  0.0681  0.1202  0.0445  0.1017  0.0649  0.0349  0.0053  0.0000  0.0173  0.0000  0.0000  0.0000
 0.1683  0.0000  0.0080  0.6542  1.0000  0.0168  0.1239  0.0534  0.0205  0.1702  0.0378  0.0153  0.1720  0.1008  0.1993  0.0549  0.4471  0.0965  0.0387  0.0080  0.0000  0.0272  0.0000  0.0000  0.0000
 0.0145  0.0000  0.0013  0.0043  0.1851  0.0029  0.0102  0.0124  0.0060  0.6043  0.0140  0.0046  0.0139  0.0112  0.0333  1.0000  0.0118  0.0151  0.0080  0.0022  0.0000  0.0062  0.0000  0.0000  0.0000
 0.5882  0.0000  0.0712  0.9110  1.0000  0.2699  0.4316  0.2700  0.1912  0.6639  0.3130  0.1086  0.4946  0.2306  0.4511  0.4876  0.6931  0.4500  0.2739  0.0482  0.0000  0.2261  0.0000  0.0000  0.0000
 0.2268  0.0000  0.0324  0.0848  0.0554  0.0975  0.1408  0.0258  0.0407  0.0688  0.0697  0.0241  0.1053  0.0813  0.0455  0.0486  1.0000  0.2823  0.0686  0.1290  0.0000  0.0906  0.0000  0.0000  0.0000
 0.0038  0.0000  0.0020  0.0008  0.0011  0.0832  0.0010  0.0002  0.0079  0.0002  0.0192  0.0039  0.0002  0.0016  0.0001  0.0002  0.0027  0.0025  0.0074  1.0000  0.0000  0.4054  0.0000  0.0000  0.0000
 0.3736  0.0000  0.0550  1.0000  0.6836  0.1233  0.5381  0.2321  0.1058  0.4146  0.1800  0.0632  0.6296  0.1860  0.3881  0.2383  0.4548  0.2843  0.2221  0.0386  0.0000  0.1883  0.0000  0.0000  0.0000
 0.5437  0.0000  0.1777  0.3405  0.4218  0.6838  0.3842  0.5567  0.3888  0.3493  0.6427  0.2187  0.3984  0.2270  0.3443  0.3686  0.4553  0.4177  0.4993  0.1809  0.0000  1.0000  0.0000  0.0000  0.0000
 0.4804  0.0000  0.0460  0.5550  0.7953  0.0562  0.4520  0.1851  0.0870  1.0000  0.1851  0.0654  0.4808  0.2409  0.4694  0.7825  0.4135  0.2852  0.1433  0.0312  0.0000  0.1010  0.0000  0.0000  0.0000
 0.3914  0.0000  0.0619  0.2089  0.4000  0.1579  0.2284  0.2161  0.1623  1.0000  0.2870  0.1001  0.3002  0.2265  0.4224  0.7815  0.4885  0.5284  0.2236  0.0548  0.0000  0.2526  0.0000  0.0000  0.0000
 0.1584  0.0000  0.0552  0.0641  0.0855  0.4498  0.1030  0.3079  0.1229  0.0933  0.2030  0.0689  0.0962  0.0640  0.0924  0.3775  0.1252  0.1223  0.1567  0.6262  0.0000  1.0000  0.0000  0.0000  0.0000
 0.2933  0.0000  0.0251  0.1768  0.4105  0.0421  0.1721  0.1335  0.0943  1.0000  0.1950  0.0638  0.2266  0.1550  0.4042  0.7914  0.2777  0.2597  0.1339  0.0236  0.0000  0.0697  0.0000  0.0000  0.0000
 0.2322  0.0000  0.0247  0.1361  0.1814  0.0269  0.3757  0.0960  0.0476  0.7797  0.1048  0.0365  0.2082  0.1126  0.2305  0.6894  1.0000  0.1605  0.0760  0.0167  0.0000  0.0511  0.0000  0.0000  0.0000
 0.4391  0.0000  0.1508  0.8725  0.3406  0.2320  0.6780  0.3166  0.1467  0.3633  0.2403  0.0864  1.0000  0.2277  0.2576  0.2382  0.9803  0.5420  0.2079  0.0713  0.0000  0.4501  0.0000  0.0000  0.0000
 0.0918  0.0000  0.0195  0.0653  0.0926  0.0624  0.0853  0.8582  0.0483  0.3311  0.0930  0.0313  0.1129  0.0561  0.1302  1.0000  0.1454  0.0879  0.0632  0.0212  0.0000  0.1850  0.0000  0.0000  0.0000
 0.1865  0.0000  0.0227  0.2874  0.2801  0.0375  0.2043  0.1222  0.0569  1.0000  0.1189  0.0405  0.3030  0.1172  0.2726  0.5551  0.2426  0.1869  0.0805  0.1262  0.0000  0.0711  0.0000  0.0000  0.0000
 0.0075  0.0000  0.0007  0.0017  0.0099  0.0015  0.0054  0.0063  0.0030  0.3079  0.0071  0.0024  0.0072  0.0057  0.0166  1.0000  0.0482  0.0078  0.0040  0.0011  0.0000  0.0032  0.0000  0.0000  0.0000
 0.0087  0.0000  0.0008  0.0016  0.0122  0.0018  0.0062  0.0534  0.0037  0.4196  0.0088  0.0029  0.0085  0.0068  0.1325  1.0000  0.0071  0.0093  0.0049  0.0014  0.0000  0.0039  0.0000  0.0000  0.0000
 0.0306  0.0000  0.0034  0.0084  0.0367  0.0055  0.0199  0.0221  0.0118  1.0000  0.0259  0.0088  0.0284  0.0216  0.0589  0.8979  0.1845  0.2538  0.0162  0.0041  0.0000  0.0114  0.0000  0.0000  0.0000
 0.4465  0.0000  0.0299  0.0305  0.0418  0.0132  0.1659  0.0131  0.0179  0.0829  0.0369  0.0162  0.0344  0.1777  0.0397  1.0000  0.2866  0.0817  0.0544  0.0055  0.0000  0.0129  0.0000  0.0000  0.0000
 0.0299  0.0000  0.0054  0.0143  0.0147  0.0035  0.0127  0.0068  0.0088  0.0372  0.0108  0.0049  0.0247  0.0156  0.2275  0.1196  1.0000  0.2081  0.0138  0.0022  0.0000  0.0048  0.0000  0.0000  0.0000
 0.0891  0.0000  0.0268  0.1305  0.0744  0.0898  0.1173  1.0000  0.0523  0.1777  0.0892  0.0304  0.4923  0.0465  0.1817  0.0937  0.5710  0.0788  0.0678  0.0253  0.0000  0.7369  0.0000  0.0000  0.0000
 0.1594  0.0000  0.0044  0.0193  0.0103  0.0024  0.0256  0.0050  0.0037  0.0152  0.0058  0.0026  0.1040  0.0120  0.0087  0.0906  1.0000  0.0358  0.0080  0.0012  0.0000  0.0035  0.0000  0.0000  0.0000
 0.0343  0.0000  0.0077  0.2060  0.0456  0.0063  0.1021  0.0310  0.0044  0.0449  0.0082  0.0031  0.2504  0.0254  0.0297  0.2421  1.0000  0.0483  0.0073  0.0033  0.0000  0.0159  0.0000  0.0000  0.0000
 0.9471  0.0000  0.0490  0.4420  1.0000  0.0673  0.3568  0.1802  0.1466  0.6428  0.2365  0.0835  0.3560  0.2071  0.4144  0.3711  0.6775  0.5656  0.2993  0.0209  0.0000  0.0728  0.0000  0.0000  0.0000
 0.0823  0.0000  0.0074  0.0655  0.3582  0.0151  0.0564  0.4289  0.0280  0.3654  0.0605  0.0204  0.0772  0.0528  0.8142  1.0000  0.3102  0.0751  0.0390  0.0091  0.0000  0.0281  0.0000  0.0000  0.0000
 0.0198  0.0000  0.0007  0.0839  1.0000  0.0019  0.0116  0.1304  0.0026  0.1622  0.0048  0.0019  0.0155  0.0118  0.0249  0.0074  0.0593  0.0102  0.0048  0.0009  0.0000  0.0029  0.0000  0.0000  0.0000
 0.6878  0.0000  0.0522  0.6680  0.9847  0.0554  0.6305  0.1264  0.1720  0.8445  0.2783  0.0975  1.0000  0.2549  0.6933  0.6475  0.7679  0.6716  0.2612  0.0187  0.0000  0.0878  0.0000  0.0000  0.0000
 0.0769  0.0000  0.0040  0.3497  0.5087  0.0080  0.0385  0.0261  0.0176  1.0000  0.0341  0.0121  0.0493  0.0421  0.2509  0.9649  0.0581  0.0528  0.0271  0.0044  0.0000  0.0123  0.0000  0.0000  0.0000
 0.4768  0.0000  0.1643  0.1941  0.2635  0.6682  0.3241  0.5826  0.3669  0.3479  0.6071  0.2062  0.2926  0.2175  0.2868  0.4589  0.4026  0.3696  0.4681  0.1719  0.0000  1.0000  0.0000  0.0000  0.0000
 0.1758  0.0000  0.0228  0.0415  0.2094  0.0570  0.1241  0.1472  0.0763  1.0000  0.1686  0.0561  0.1571  0.1228  0.3456  0.8456  0.1426  0.1717  0.1022  0.0294  0.0000  0.1027  0.0000  0.0000  0.0000
 0.2455  0.0000  0.0088  0.1568  0.1303  0.0091  0.0647  0.0270  0.0249  1.0000  0.0444  0.0156  0.0806  0.0437  0.0923  0.7213  0.4388  0.0826  0.0384  0.0044  0.0000  0.0121  0.0000  0.0000  0.0000
 0.1396  0.0000  0.0140  0.0281  0.1909  0.0314  0.0997  0.1233  0.0595  1.0000  0.1397  0.0462  0.1353  0.1618  0.3219  0.9388  0.1147  0.1474  0.0791  0.0221  0.0000  0.1420  0.0000  0.0000  0.0000
 0.7528  0.0000  0.0650  0.8664  1.0000  0.0717  0.5947  0.2692  0.1853  0.9313  0.3022  0.1060  0.9307  0.2964  0.6522  0.7055  0.8759  0.7129  0.2811  0.0253  0.0000  0.0847  0.0000  0.0000  0.0000
 0.2940  0.0000  0.0031  0.2912  1.0000  0.0124  0.0491  0.9258  0.0161  0.1352  0.0301  0.0119  0.0562  0.0683  0.2694  0.0530  0.0637  0.0542  0.0294  0.0056  0.0000  0.0176  0.0000  0.0000  0.0000
 0.7100  0.0000  0.0497  0.3448  0.5585  0.1061  0.2456  0.2884  0.1449  0.5855  0.2381  0.0828  0.2985  0.7566  0.6189  0.5472  1.0000  0.3608  0.2780  0.0313  0.0000  0.1359  0.0000  0.0000  0.0000
 0.3982  0.0000  0.1257  0.1531  0.2136  0.5454  0.2285  0.3520  0.4563  0.2303  1.0000  0.2691  0.2192  0.1598  0.2253  0.2523  0.2969  0.3058  0.4601  0.1285  0.0000  0.6429  0.0000  0.0000  0.0000
 0.5488  0.0000  0.0436  0.5027  0.6948  0.0401  0.3269  0.0910  0.1680  1.0000  0.2146  0.0767  0.3732  0.3267  0.4108  0.3663  0.6916  0.5827  0.2082  0.0146  0.0000  0.0348  0.0000  0.0000  0.0000
 0.8209  0.0000  0.0722  0.6291  1.0000  0.1376  0.3926  0.2042  0.2233  0.8930  0.3621  0.1955  0.4950  0.2790  0.5944  0.6305  0.8730  0.7308  0.3276  0.0399  0.0000  0.1827  0.0000  0.0000  0.0000
 0.5019  0.0000  0.1968  0.2055  0.2728  0.6876  0.3563  0.5441  0.3918  0.2913  0.6366  0.2164  0.3054  0.2024  0.2911  0.3784  0.4763  0.4233  0.4929  0.1808  0.0000  1.0000  0.0000  0.0000  0.0000
 0.0271  0.0000  0.0037  1.0000  0.2915  0.0430  0.0410  0.0134  0.0050  0.0313  0.0082  0.0031  0.1839  0.0157  0.0240  0.0156  0.2840  0.1230  0.0081  0.0017  0.0000  0.0070  0.0000  0.0000  0.0000
 1.0000  0.0000  0.1344  0.1255  0.1052  0.0403  0.6170  0.0311  0.0462  0.1253  0.0979  0.0453  0.1290  0.2677  0.0812  0.1257  0.6472  0.2177  0.1608  0.0152  0.0000  0.0370  0.0000  0.0000  0.0000
 0.2166  0.0000  0.0738  0.0905  0.2229  0.2918  0.1420  1.0000  0.1650  0.1535  0.2735  0.0929  0.1352  0.0891  0.1336  0.2555  0.4863  0.1694  0.3649  0.0772  0.0000  0.9010  0.0000  0.0000  0.0000
 0.0384  0.0000  0.0069  0.0229  0.0442  0.0198  0.0351  0.2214  0.0189  0.1806  0.0390  0.0129  0.0459  0.0262  0.0662  0.3942  0.0360  0.0374  0.0247  0.0080  0.0000  1.0000  0.0000  0.0000  0.0000
 0.7648  0.0000  0.0602  0.6115  1.0000  0.0730  0.3785  0.1361  0.2041  0.9110  0.3687  0.1114  0.5010  0.2750  0.5772  0.5203  0.7402  0.5790  0.3330  0.0233  0.0000  0.0713  0.0000  0.0000  0.0000
 0.1009  0.0000  0.0048  0.3891  1.0000  0.0876  0.0464  0.2775  0.0187  0.1188  0.0337  0.0127  0.0557  0.0576  0.2329  0.3528  0.0624  0.0528  0.0308  0.0066  0.0000  0.0251  0.0000  0.0000  0.0000
 0.3527  0.0000  0.0187  0.5221  0.0325  0.0092  0.0544  0.0122  0.0224  0.0369  0.0237  0.0124  0.0715  0.0475  0.0284  0.0227  1.0000  0.4637  0.0398  0.0054  0.0000  0.0108  0.0000  0.0000  0.0000
 0.0192  0.0000  0.0027  0.0793  0.0264  0.0064  0.0200  0.1383  0.0081  0.1979  0.0179  0.0060  0.0292  0.0142  0.0380  1.0000  0.0200  0.0197  0.0107  0.0033  0.0000  0.1101  0.0000  0.0000  0.0000
 0.1519  0.0000  0.0923  0.0528  0.0435  0.0323  0.0409  0.0270  0.1140  0.0616  0.1694  0.0306  0.0921  0.0660  0.0471  0.0835  1.0000  0.6115  0.1339  0.0121  0.0000  0.0364  0.0000  0.0000  0.0000
 0.4362  0.0000  0.1505  0.1752  0.2332  0.5949  0.2788  0.4564  0.6469  0.2508  0.6994  0.2272  0.2622  0.3029  0.2505  0.3204  0.3763  0.5204  0.4391  0.1560  0.0000  1.0000  0.0000  0.0000  0.0000
 0.4110  0.0000  0.1544  0.5741  0.4811  0.2833  0.3107  0.2964  0.1994  0.3835  0.3281  0.1125  1.0000  0.1682  0.2856  0.4032  0.7367  0.4714  0.2674  0.0769  0.0000  0.6407  0.0000  0.0000  0.0000
 0.0809  0.0000  0.0050  0.3383  1.0000  0.0061  0.0439  0.0163  0.0173  0.0950  0.0284  0.0103  0.1778  0.1267  0.8226  0.0476  0.1551  0.1654  0.0273  0.0024  0.0000  0.0065  0.0000  0.0000  0.0000
 0.0099  0.0000  0.0009  0.0018  0.0138  0.0020  0.0070  0.0450  0.0042  0.3318  0.0100  0.0033  0.0096  0.0078  0.1982  1.0000  0.0081  0.1244  0.0056  0.0015  0.0000  0.0044  0.0000  0.0000  0.0000
 0.7620  0.0000  0.0550  0.6770  1.0000  0.0498  0.4142  0.1217  0.1663  0.8365  0.2713  0.0962  0.4976  0.2849  0.5447  0.4955  0.7139  0.5224  0.2610  0.0178  0.0000  0.0436  0.0000  0.0000  0.0000
 0.3109  0.0000  0.1034  0.1214  0.1623  0.4106  0.2422  0.4969  0.2302  0.1774  0.4094  0.1291  0.1812  0.1383  0.2018  0.2705  0.3714  0.2302  0.2937  0.1080  0.0000  1.0000  0.0000  0.0000  0.0000
 0.5029  0.0000  0.1748  0.2053  0.2734  0.6955  0.3270  0.5478  0.3894  0.3095  0.6441  0.2294  0.3057  0.2036  0.2985  0.3682  0.3977  0.3888  0.4967  0.1828  0.0000  1.0000  0.0000  0.0000  0.0000
 0.1089  0.0000  0.0019  1.0000  0.3331  0.0497  0.0209  0.0090  0.0057  0.0370  0.0100  0.0038  0.0257  0.0190  0.0382  0.0745  0.2208  0.0206  0.0100  0.0015  0.0000  0.0049  0.0000  0.0000  0.0000
 0.0035  0.0000  0.0003  0.0008  0.0048  0.0007  0.0026  0.0547  0.0015  0.1216  0.0035  0.0011  0.0035  0.0027  0.0081  1.0000  0.0411  0.0037  0.0019  0.0005  0.0000  0.0016  0.0000  0.0000  0.0000
 0.0290  0.0000  0.0029  0.0058  0.0090  0.0019  0.0179  0.0046  0.0031  0.0308  0.0067  0.0025  0.0091  0.1142  0.0117  1.0000  0.0622  0.0128  0.0066  0.0011  0.0000  0.0028  0.0000  0.0000  0.0000
 1.0000  0.0000  0.1646  0.5940  0.3866  0.3534  0.7895  0.3433  0.2199  0.3576  0.3781  0.1371  0.6596  0.3535  0.2812  0.2875  0.7537  0.4194  0.3577  0.1003  0.0000  0.5666  0.0000  0.0000  0.0000
 0.5220  0.0000  0.1792  0.2191  0.2944  0.7019  0.3376  0.5427  0.3983  0.3112  0.6537  0.2221  0.3171  0.2096  0.3057  0.3631  0.4172  0.4028  0.5087  0.1848  0.0000  1.0000  0.0000  0.0000  0.0000
 0.1351  0.0000  0.0109  1.0000  0.4392  0.0117  0.2548  0.0381  0.0291  0.6421  0.0492  0.0175  0.1596  0.0610  0.1216  0.2409  0.2192  0.1009  0.0454  0.0050  0.0000  0.0162  0.0000  0.0000  0.0000
 0.6171  0.0000  0.0397  0.4201  1.0000  0.0428  0.3152  0.1872  0.1256  0.6223  0.2035  0.0719  0.3415  0.1883  0.3886  0.6520  0.7560  0.5287  0.1921  0.0149  0.0000  0.0416  0.0000  0.0000  0.0000
 0.5030  0.0000  0.1453  0.1680  0.2332  0.5663  0.2858  0.4402  0.3257  0.2970  0.5681  0.1841  0.2558  0.2512  0.2574  0.3456  0.3429  0.3287  0.4157  0.1613  0.0000  1.0000  0.0000  0.0000  0.0000
 0.0104  0.0000  0.0012  0.0081  0.0145  0.0022  0.0631  0.0095  0.0040  0.1784  0.0095  0.0032  0.0891  0.0082  0.0227  1.0000  0.0110  0.0111  0.0054  0.0016  0.0000  0.0672  0.0000  0.0000  0.0000
 0.6693  0.0000  0.1873  0.3529  0.5444  0.7188  0.4200  0.5882  0.4305  0.5253  0.7866  0.2420  0.5795  0.2673  0.4297  0.4988  0.5868  0.5493  0.5593  0.1871  0.0000  1.0000  0.0000  0.0000  0.0000
 0.2808  0.0000  0.0128  1.0000  0.4791  0.0118  0.3913  0.0340  0.0373  0.1939  0.0607  0.0214  0.3658  0.1394  0.1253  0.1079  0.3758  0.1901  0.0573  0.0045  0.0000  0.0128  0.0000  0.0000  0.0000
 0.2072  0.0000  0.0541  0.0445  0.0592  0.2073  0.0716  0.1486  0.0855  0.0630  0.2381  0.0479  0.0667  0.0443  0.0637  0.2418  0.0870  0.1382  0.1090  0.4040  0.0000  1.0000  0.0000  0.0000  0.0000
 0.6929  0.0000  0.1637  0.7448  0.8180  0.0956  0.3143  0.1103  0.1599  0.7912  0.2583  0.1385  0.4535  0.2260  0.5431  0.4821  1.0000  0.5279  0.2416  0.0181  0.0000  0.0535  0.0000  0.0000  0.0000
 0.7730  0.0000  0.0679  0.6185  1.0000  0.1186  0.3984  0.1676  0.2245  0.9164  0.3502  0.1261  0.5022  0.3028  0.6056  0.5591  0.7443  0.5943  0.3272  0.0340  0.0000  0.1316  0.0000  0.0000  0.0000
 0.7534  0.0000  0.0542  0.6942  1.0000  0.0552  0.4304  0.1235  0.1860  0.9097  0.3251  0.1054  0.4859  0.3172  0.5782  0.5297  0.7582  0.5636  0.2933  0.0185  0.0000  0.0462  0.0000  0.0000  0.0000
 0.5056  0.0000  0.1808  0.2067  0.2745  0.7019  0.3265  0.5404  0.3895  0.2890  0.6436  0.2183  0.3045  0.2048  0.2936  0.3617  0.3975  0.3878  0.4985  0.1829  0.0000  1.0000  0.0000  0.0000  0.0000
 0.7478  0.0000  0.0601  0.6193  1.0000  0.0655  0.4070  0.1429  0.1910  0.9151  0.3143  0.1080  0.4873  0.2710  0.5884  0.5172  0.7214  0.5781  0.3045  0.0211  0.0000  0.0611  0.0000  0.0000  0.0000
 0.2865  0.0000  0.0132  0.3916  0.8288  0.0154  0.1036  0.2881  0.0471  0.3094  0.0769  0.0275  0.1342  1.0000  0.1814  0.1291  0.2714  0.2648  0.0736  0.0058  0.0000  0.0146  0.0000  0.0000  0.0000
 0.7605  0.0000  0.0532  0.6350  1.0000  0.0503  0.3948  0.1247  0.1862  0.9386  0.3004  0.1053  0.4918  0.2806  0.5889  0.5511  0.7365  0.5799  0.3017  0.0173  0.0000  0.0388  0.0000  0.0000  0.0000
 0.5626  0.0000  0.1775  0.2447  0.3478  0.6765  0.3484  0.5595  0.3908  0.3661  0.6443  0.2191  0.3320  0.2212  0.3267  0.3820  0.4399  0.4231  0.5159  0.1781  0.0000  1.0000  0.0000  0.0000  0.0000
 0.5057  0.0000  0.1679  0.1936  0.2605  0.6610  0.3115  0.5212  0.3707  0.2919  0.6221  0.2080  0.2911  0.2088  0.3055  0.3711  0.3788  0.3703  0.4729  0.1739  0.0000  1.0000  0.0000  0.0000  0.0000
 0.6120  0.0000  0.1663  0.9551  0.7779  0.6142  0.6368  0.9541  0.3667  0.4700  0.6574  0.2078  0.5677  0.2680  0.7037  0.4036  0.6101  0.4657  0.4788  0.1648  0.0000  1.0000  0.0000  0.0000  0.0000
 0.6070  0.0000  0.1819  0.2689  0.3716  0.6935  0.4017  0.5584  0.4074  0.3968  0.6698  0.2287  0.3620  0.3052  0.3540  0.5988  0.5976  0.5795  0.5553  0.1835  0.0000  1.0000  0.0000  0.0000  0.0000
 0.2037  0.0000  0.0144  1.0000  0.4407  0.0135  0.3677  0.0328  0.0503  0.2503  0.0812  0.0285  0.1334  0.1374  0.3469  0.1970  0.5221  0.2700  0.1135  0.0047  0.0000  0.0104  0.0000  0.0000  0.0000
 0.5066  0.0000  0.1743  0.2033  0.2755  0.6953  0.3251  0.5402  0.3985  0.2877  0.6463  0.2218  0.3032  0.2093  0.2955  0.3511  0.4057  0.3861  0.4987  0.1821  0.0000  1.0000  0.0000  0.0000  0.0000
 0.5229  0.0000  0.1821  0.2699  0.8773  0.7027  0.3902  0.5758  0.3628  0.5640  0.5979  0.2035  0.3237  0.2077  0.3196  0.6377  0.6050  0.4026  0.4676  0.1629  0.0000  1.0000  0.0000  0.0000  0.0000
 0.5084  0.0000  0.1881  0.2061  0.2751  0.6979  0.3310  0.5605  0.3881  0.3128  0.6403  0.2250  0.3052  0.2025  0.2964  0.3612  0.4573  0.3993  0.5013  0.1818  0.0000  1.0000  0.0000  0.0000  0.0000
 0.9305  0.0000  0.1608  0.4648  0.7098  0.5579  0.6356  0.6086  0.3923  0.7359  0.6458  0.2210  0.4823  0.2945  0.5554  0.7003  1.0000  0.6132  0.5573  0.1493  0.0000  0.7996  0.0000  0.0000  0.0000
 0.4324  0.0000  0.1509  0.1751  0.2328  0.6053  0.2811  0.5129  0.3358  0.2481  0.5879  0.1882  0.2887  0.2065  0.3160  0.3458  0.3529  0.3336  0.4465  0.1577  0.0000  1.0000  0.0000  0.0000  0.0000
 0.5166  0.0000  0.0373  0.5052  1.0000  0.0466  0.4472  0.1203  0.1284  0.6596  0.2105  0.0741  0.3433  0.1998  0.5270  0.5828  0.4871  0.4076  0.2086  0.0161  0.0000  0.0472  0.0000  0.0000  0.0000
 0.5412  0.0000  0.1772  0.2397  0.3272  0.6960  0.3457  0.5450  0.4040  0.3377  0.6595  0.2287  0.3370  0.2163  0.3236  0.3853  0.4432  0.4170  0.5204  0.1831  0.0000  1.0000  0.0000  0.0000  0.0000
 0.3627  0.0000  0.1254  0.2736  0.2043  0.6035  0.4620  1.0000  0.2755  0.2165  0.4551  0.1546  0.2633  0.1494  0.4851  0.2695  0.5843  0.2822  0.3517  0.1298  0.0000  0.7888  0.0000  0.0000  0.0000
 0.6191  0.0000  0.2722  0.2831  0.3902  0.7020  0.4194  0.5456  0.4075  0.4142  0.6713  0.2286  0.4521  0.2351  0.3602  0.5168  0.6105  0.4777  0.5257  0.1828  0.0000  1.0000  0.0000  0.0000  0.0000
 0.1611  0.0000  0.0124  0.1318  0.4330  0.0146  0.2316  0.0286  0.0767  0.1959  0.0848  0.0235  0.1451  0.0588  0.1246  0.2284  1.0000  0.1811  0.1063  0.0047  0.0000  0.0140  0.0000  0.0000  0.0000
 0.6340  0.0000  0.0396  0.5152  0.7759  0.0370  0.2823  0.1229  0.1388  1.0000  0.2239  0.0785  0.4934  0.2850  0.5799  0.5421  0.9623  0.5057  0.2791  0.0127  0.0000  0.0280  0.0000  0.0000  0.0000
 0.1616  0.0000  0.0084  0.2905  0.2677  0.0085  0.2175  0.0708  0.0185  0.1060  0.0310  0.0110  0.1264  0.0395  0.0726  0.1754  1.0000  0.0673  0.0290  0.0034  0.0000  0.0127  0.0000  0.0000  0.0000
 0.5099  0.0000  0.1730  0.2026  0.2699  0.7100  0.3231  0.5358  0.3913  0.2868  0.6354  0.2216  0.3145  0.2495  0.2967  0.3569  0.5425  0.3904  0.5297  0.1807  0.0000  1.0000  0.0000  0.0000  0.0000
 0.9565  0.0000  0.1634  0.6466  1.0000  0.5186  0.5354  0.4666  0.4188  0.9502  0.6876  0.2355  0.6090  0.3609  0.6761  0.6616  0.8667  0.7302  0.5741  0.1396  0.0000  0.7161  0.0000  0.0000  0.0000
 0.1023  0.0000  0.0173  0.2768  0.1232  0.0380  0.1520  0.2905  0.0333  0.2924  0.0564  0.0195  0.2707  0.0498  0.0836  1.0000  0.4183  0.1691  0.0469  0.0118  0.0000  0.1294  0.0000  0.0000  0.0000
 0.0770  0.0000  0.0056  0.1870  0.1015  0.0053  0.0386  0.0125  0.0831  0.1588  0.0308  0.0108  0.1751  0.0281  0.1012  0.1050  1.0000  0.1999  0.0669  0.0018  0.0000  0.0042  0.0000  0.0000  0.0000
 0.7943  0.0000  0.0825  0.6378  1.0000  0.1304  0.4600  0.1857  0.2260  0.9366  0.3663  0.1276  0.5118  0.2972  0.6141  0.6540  0.7912  0.6293  0.3478  0.0382  0.0000  0.1579  0.0000  0.0000  0.0000
 0.7520  0.0000  0.0406  0.6848  0.7251  0.0405  0.2817  0.0957  0.1383  1.0000  0.2520  0.0789  0.3597  0.2041  0.4368  0.8717  0.7777  0.4218  0.2367  0.0145  0.0000  0.0354  0.0000  0.0000  0.0000
 0.7665  0.0000  0.1861  0.3339  0.4794  0.7636  0.4803  0.6621  0.4282  0.4857  0.7355  0.2403  0.4194  0.2911  0.4332  0.5383  0.8839  0.5067  0.5558  0.1865  0.0000  1.0000  0.0000  0.0000  0.0000
 0.6750  0.0000  0.0432  0.2035  0.4042  0.0172  0.2380  0.0913  0.0612  0.4579  0.0988  0.0346  0.1610  0.2885  0.1916  0.2662  1.0000  0.3999  0.0932  0.0058  0.0000  0.0137  0.0000  0.0000  0.0000
 0.7759  0.0000  0.1918  0.4396  0.6452  0.7020  0.4729  0.5898  0.4533  0.6836  0.7479  0.2552  0.4891  0.3196  0.5248  0.5890  0.6643  0.5994  0.5990  0.1868  0.0000  1.0000  0.0000  0.0000  0.0000
 0.1344  0.0000  0.0102  0.1026  0.3014  0.0123  0.0711  0.1908  0.1151  1.0000  0.0633  0.0219  0.1568  0.0996  0.1274  0.3232  0.3853  0.1066  0.0540  0.0053  0.0000  0.0145  0.0000  0.0000  0.0000
 0.1679  0.0000  0.0158  0.2031  0.2229  0.0230  0.1222  0.1774  0.0476  0.9020  0.0860  0.0296  0.2723  0.0773  0.1741  1.0000  0.4730  0.1428  0.2591  0.0100  0.0000  0.0341  0.0000  0.0000  0.0000
 0.3695  0.0000  0.0236  0.4614  0.4348  0.0241  0.2101  0.2241  0.0821  1.0000  0.1329  0.0465  0.2146  0.1534  0.3111  0.5402  0.3173  0.2773  0.2327  0.0082  0.0000  0.0202  0.0000  0.0000  0.0000
 0.2074  0.0000  0.0621  0.1369  0.1411  0.2390  0.1296  0.5555  0.1416  0.2913  0.2712  0.3554  0.1539  0.1377  0.1290  1.0000  0.2958  0.1599  0.2065  0.0631  0.0000  0.3701  0.0000  0.0000  0.0000
 0.6444  0.0000  0.0459  0.5324  0.9232  0.0435  0.3883  0.1061  0.1603  0.9507  0.2592  0.1260  0.5289  0.2688  0.5064  0.9664  0.9493  1.0000  0.2441  0.0152  0.0000  0.0344  0.0000  0.0000  0.0000
 0.5928  0.0000  0.1791  0.3307  0.4462  0.6911  0.3708  0.6098  0.5058  0.4405  0.7138  0.2286  0.3641  0.3329  0.3638  0.9520  0.5012  0.4926  0.5259  0.2230  0.0000  1.0000  0.0000  0.0000  0.0000
 0.7449  0.0000  0.0634  0.6147  1.0000  0.0595  0.3487  0.4247  0.1763  0.8750  0.2847  0.0997  0.4643  0.2943  0.5614  0.5813  0.7798  0.6267  0.2668  0.0193  0.0000  0.1039  0.0000  0.0000  0.0000
 0.7625  0.0000  0.0662  0.6247  1.0000  0.0735  0.3858  0.1480  0.1978  0.9299  0.3196  0.1118  0.4978  0.2804  0.5947  0.5365  0.7390  0.5827  0.3018  0.0233  0.0000  0.0722  0.0000  0.0000  0.0000
 0.7068  0.0000  0.2012  0.2415  0.3381  0.6241  0.3271  0.5936  0.3647  0.3730  0.6011  0.2045  0.3188  0.2280  0.3393  0.4885  0.9677  0.4714  0.5414  0.1644  0.0000  1.0000  0.0000  0.0000  0.0000
 0.2876  0.0000  0.0237  0.1712  0.3244  0.0515  0.2306  0.0613  0.0697  0.2575  0.1132  0.1951  0.1444  0.0824  0.3044  0.2706  1.0000  0.4326  0.1010  0.0147  0.0000  0.1217  0.0000  0.0000  0.0000
 0.8540  0.0000  0.1033  0.5981  0.8648  0.2967  0.4067  0.4082  0.3224  0.9156  0.4759  0.1587  0.4862  0.2816  0.5535  0.5988  1.0000  0.6007  0.4070  0.0784  0.0000  0.3832  0.0000  0.0000  0.0000
 0.6413  0.0000  0.1846  0.3139  0.4564  0.7121  0.3934  0.5806  0.4328  0.4520  0.7223  0.2411  0.3914  0.2506  0.4298  0.4388  0.5507  0.4988  0.5476  0.1861  0.0000  1.0000  0.0000  0.0000  0.0000
 0.5073  0.0000  0.1780  0.2088  0.2726  0.7113  0.3262  0.5373  0.3888  0.2897  0.6442  0.2179  0.3076  0.2049  0.2958  0.3499  0.4303  0.3876  0.4959  0.1824  0.0000  1.0000  0.0000  0.0000  0.0000
 0.5506  0.0000  0.1790  0.2417  0.3332  0.7022  0.3510  0.5518  0.4027  0.3559  0.6658  0.2285  0.3369  0.2209  0.3297  0.3897  0.4492  0.4242  0.5207  0.1849  0.0000  1.0000  0.0000  0.0000  0.0000
 0.2169  0.0000  0.0188  0.1212  0.2909  0.0323  0.2584  0.1456  0.0717  1.0000  0.1725  0.0489  0.1718  0.1284  0.5161  0.6904  0.6175  0.1927  0.1010  0.0183  0.0000  0.0545  0.0000  0.0000  0.0000
 0.7306  0.0000  0.1485  0.3988  0.6010  0.5520  0.5603  0.4386  0.3923  1.0000  0.5882  0.2011  0.4198  0.2885  0.5969  0.5454  0.7705  0.5117  0.5093  0.1397  0.0000  0.7780  0.0000  0.0000  0.0000
 0.7245  0.0000  0.0748  0.3160  0.5296  0.0695  0.3090  0.1014  0.2222  0.7042  0.3343  0.0949  0.2822  0.3652  0.4509  0.4099  1.0000  0.4762  0.5298  0.0229  0.0000  0.0705  0.0000  0.0000  0.0000
 0.9290  0.0000  0.0545  0.6780  0.9621  0.0567  0.3839  0.5641  0.1825  0.8909  0.2942  0.1033  0.6539  0.3120  0.6789  0.6664  1.0000  0.6109  0.2773  0.0192  0.0000  0.0511  0.0000  0.0000  0.0000
 0.2499  0.0000  0.0075  0.0238  0.0882  0.0115  0.0508  0.0444  0.0245  0.3885  0.0548  0.0185  0.0573  0.1107  0.2738  1.0000  0.4062  0.0682  0.0352  0.0080  0.0000  0.0225  0.0000  0.0000  0.0000
 0.0550  0.0000  0.0079  0.1011  0.0776  0.0112  0.1717  0.2756  0.0170  1.0000  0.0395  0.0132  0.5506  0.0423  0.0995  0.7847  0.3064  0.0580  0.0234  0.0073  0.0000  0.0256  0.0000  0.0000  0.0000
 0.1574  0.0000  0.0154  0.0699  0.2070  0.0309  0.2553  0.1257  0.0582  1.0000  0.1583  0.0414  0.1355  0.0966  0.2658  0.7281  0.2378  0.2255  0.0800  0.0179  0.0000  0.0558  0.0000  0.0000  0.0000
 0.1673  0.0000  0.0150  0.1291  0.1374  0.0397  0.0733  0.0774  0.0429  0.3789  0.0780  0.0266  0.0952  0.0534  0.1758  1.0000  0.6338  0.0940  0.0592  0.0135  0.0000  0.1453  0.0000  0.0000  0.0000
 0.7477  0.0000  0.0246  0.2251  0.3370  0.0205  0.1745  0.0467  0.0693  0.4033  0.1078  0.0393  0.4955  0.5641  0.2044  0.2701  1.0000  0.5952  0.1074  0.0080  0.0000  0.0184  0.0000  0.0000  0.0000
 0.4788  0.0000  0.0357  0.3920  0.6418  0.0396  0.2574  0.1105  0.1261  1.0000  0.3041  0.0752  0.4151  0.3962  0.4642  0.8318  0.5035  0.3779  0.1886  0.0171  0.0000  0.0444  0.0000  0.0000  0.0000
 0.6492  0.0000  0.1565  0.6158  0.6208  0.3163  0.4809  0.3301  0.2638  0.6785  0.4213  0.1490  0.6686  0.2783  0.4489  0.4777  1.0000  0.8019  0.3760  0.1501  0.0000  0.4481  0.0000  0.0000  0.0000
 0.1741  0.0000  0.0248  0.0329  0.1329  0.0725  0.1703  0.0825  0.6586  0.5828  0.3173  0.0728  0.0971  0.0860  0.2403  0.6317  0.1178  0.1344  1.0000  0.0216  0.0000  0.0737  0.0000  0.0000  0.0000
 0.0393  0.0000  0.0017  0.2048  1.0000  0.0037  0.0445  0.0092  0.0073  0.1221  0.0127  0.0047  0.0229  0.0600  0.0905  0.0988  0.0288  0.0235  0.0120  0.0016  0.0000  0.1235  0.0000  0.0000  0.0000
 0.0032  0.0000  0.0006  1.0000  0.0053  0.0005  0.0081  0.0024  0.0004  0.0035  0.0007  0.0003  0.0420  0.0021  0.0026  0.0017  0.0065  0.0029  0.0265  0.0003  0.0000  0.0012  0.0000  0.0000  0.0000
 0.0000  0.0000  0.0000  1.0000  0.0000  0.0000  0.0000  0.0000  0.0000  0.0000  0.0000  0.0000  0.0000  0.0000  0.0000  0.0000  0.0000  0.0000  0.0000  0.0000  0.0000  0.0000  0.0000  0.0000  0.0000
 0.2633  0.0000  0.0040  0.3983  1.0000  0.0077  0.0413  0.0196  0.0178  0.6563  0.0296  0.0111  0.0496  0.0479  0.1035  0.0447  0.0690  0.0930  0.1027  0.0033  0.0000  0.0087  0.0000  0.0000  0.0000
 0.0095  0.0000  0.0001  0.5758  1.0000  0.0009  0.0035  0.0023  0.0011  0.0096  0.0021  0.0009  0.0040  0.0058  0.1480  0.0026  0.0048  0.0042  0.0022  0.0004  0.0000  0.0012  0.0000  0.0000  0.0000
 0.0000  0.0000  0.0000  0.0000  0.0000  0.0000  1.0000  0.0000  0.0000  0.0000  0.0000  0.0000  0.0000  0.0000  0.0000  0.0000  0.0000  0.0000  0.0000  0.0000  0.0000  0.0000  0.0000  0.0000  0.0000
 0.0074  0.0000  0.0013  0.0094  0.0039  0.0010  0.0105  1.0000  0.0010  0.0044  0.0019  0.0006  0.0103  0.0042  0.0027  0.0031  0.0991  0.0056  0.0018  0.0007  0.0000  0.0015  0.0000  0.0000  0.0000
 0.0168  0.0000  0.0049  0.0041  0.0063  0.0586  0.0066  0.0302  0.0551  0.0077  1.0000  0.0361  0.0067  0.0070  0.0092  0.0084  0.0083  0.0111  0.0340  0.0057  0.0000  0.5035  0.0000  0.0000  0.0000
 0.0019  0.0000  0.0006  0.0004  0.0005  0.0023  0.0007  0.0001  1.0000  0.0007  0.0126  0.1522  0.0004  0.0004  0.0003  0.0006  0.0007  0.0020  0.2025  0.0003  0.0000  0.0010  0.0000  0.0000  0.0000
 0.4646  0.0000  0.4821  0.1729  0.2325  0.7661  0.2799  0.4501  0.3811  0.2500  0.6245  0.2034  0.2586  0.1798  0.3168  0.2943  0.3435  0.3503  0.5745  0.1549  0.0000  1.0000  0.0000  0.0000  0.0000
 0.5076  0.0000  0.0479  0.3779  0.7548  0.0984  0.2527  0.2101  0.1634  1.0000  0.2757  0.0944  0.3205  0.2154  0.5294  0.7589  0.4215  0.3843  0.2812  0.0361  0.0000  0.1366  0.0000  0.0000  0.0000
 0.4812  0.0000  0.0986  0.0544  0.0939  0.0811  0.0334  0.0413  0.5150  0.1060  0.3784  0.1124  0.0852  0.1255  0.0792  0.0696  0.2648  0.5498  1.0000  0.0181  0.0000  0.0550  0.0000  0.0000  0.0000
 0.0083  0.0000  0.0019  0.1561  0.0121  0.0016  1.0000  0.1108  0.0008  0.0116  0.0019  0.0007  0.0456  0.0064  0.0077  0.0488  0.0212  0.0083  0.0014  0.0008  0.0000  0.0043  0.0000  0.0000  0.0000
 0.1402  0.0000  0.0003  1.0000  0.3192  0.0011  0.0054  0.0031  0.0015  0.0126  0.0028  0.0012  0.0059  0.0077  0.0163  0.0034  0.0068  0.0056  0.0029  0.0005  0.0000  0.0016  0.0000  0.0000  0.0000
 0.5392  0.0000  0.1785  0.2347  0.3202  0.7025  0.3455  0.5459  0.4009  0.3340  0.6605  0.2247  0.3298  0.2161  0.3199  0.3720  0.4320  0.4157  0.5154  0.1863  0.0000  1.0000  0.0000  0.0000  0.0000
 0.0017  0.0000  0.0004  0.0002  0.0004  0.0045  0.0003  0.0003  0.1302  0.0006  1.0000  0.0055  0.0004  0.0007  0.0009  0.0006  0.0005  0.0010  0.0049  0.0005  0.0000  0.0006  0.0000  0.0000  0.0000
 0.3339  0.0000  0.0423  0.1339  0.1975  0.0383  0.1237  0.1061  0.0848  0.4963  0.1235  0.0501  0.2161  0.1411  0.4541  0.5036  0.6892  1.0000  0.1276  0.0216  0.0000  0.0561  0.0000  0.0000  0.0000
 0.5956  0.0000  0.0677  0.3391  1.0000  0.2079  0.2123  0.2189  0.1451  0.2669  0.2353  0.0838  0.2209  0.2194  0.2421  0.1851  0.4916  0.3681  0.2043  0.0582  0.0000  0.3753  0.0000  0.0000  0.0000
 0.0036  0.0000  0.0011  0.0524  0.0045  0.0011  0.0087  0.0022  0.0011  0.0060  0.0023  0.0005  0.0066  0.0044  0.0031  1.0000  0.0043  0.0027  0.0015  0.0010  0.0000  0.0015  0.0000  0.0000  0.0000
 0.0000  0.0000  0.0000  0.0000  0.0000  0.0000  0.0000  0.0000  0.0000  0.0000  0.0000  0.0000  0.0000  0.0000  0.0000  0.0000  0.0000  0.0000  0.0000  0.0000  0.0000  1.0000  0.0000  0.0000  0.0000
 0.0063  0.0000  0.0004  0.0065  1.0000  0.0011  0.0037  0.0042  0.0020  0.3437  0.0047  0.0016  0.0049  0.0045  0.1505  0.0661  0.0045  0.0054  0.0029  0.0007  0.0000  0.0021  0.0000  0.0000  0.0000
 0.0013  0.0000  0.0004  0.0002  0.0003  0.0016  0.0004  0.0000  1.0000  0.0005  0.0085  0.0499  0.0003  0.0003  0.0002  0.0004  0.0005  0.0013  0.1113  0.0002  0.0000  0.0007  0.0000  0.0000  0.0000
 0.0780  0.0000  0.0270  0.0311  0.0414  0.1068  0.0498  0.2213  0.1750  0.0441  0.2781  0.0860  0.0844  0.0312  0.0720  0.0527  0.0608  0.1410  1.0000  0.0280  0.0000  0.2077  0.0000  0.0000  0.0000
 0.6385  0.0000  0.0419  0.7386  0.7365  0.0407  0.5144  0.1668  0.1364  0.9559  0.2212  0.0776  0.4222  0.2073  0.4350  0.4637  1.0000  0.4458  0.2079  0.0144  0.0000  0.0376  0.0000  0.0000  0.0000
 0.2792  0.0000  0.0252  0.1964  0.2302  0.0241  0.0948  0.0372  0.0826  0.5560  0.2510  0.0354  0.3122  0.0819  0.1417  0.1290  0.2607  1.0000  0.2784  0.0082  0.0000  0.0234  0.0000  0.0000  0.0000
 0.0026  0.0000  0.0007  0.0003  0.0007  0.0067  0.0005  0.0005  0.1968  0.0009  1.0000  0.1973  0.0006  0.0011  0.0013  0.0009  0.0007  0.0016  0.0402  0.0008  0.0000  0.0009  0.0000  0.0000  0.0000
 0.0000  0.0000  0.0000  0.0000  0.0000  0.0000  1.0000  0.0000  0.0000  0.0000  0.0000  0.0000  0.0000  0.0000  0.0000  0.0000  0.0000  0.0000  0.0000  0.0000  0.0000  0.0000  0.0000  0.0000  0.0000
 0.0053  0.0000  0.0001  0.0133  1.0000  0.0005  0.0021  0.0015  0.0008  0.1718  0.0015  0.0006  0.0024  0.0032  0.1247  0.0038  0.0028  0.0025  0.0013  0.0003  0.0000  0.0008  0.0000  0.0000  0.0000
 0.0000  0.0000  0.0000  0.0000  0.0000  0.0000  1.0000  0.0000  0.0000  0.0000  0.0000  0.0000  0.0000  0.0000  0.0000  0.0000  0.0000  0.0000  0.0000  0.0000  0.0000  0.0000  0.0000  0.0000  0.0000
 0.4387  0.0000  0.0021  0.0034  0.0025  0.0010  0.0062  0.0009  0.0024  0.0034  0.0026  0.0014  0.0057  0.0053  0.0026  0.0022  0.1507  1.0000  0.0045  0.0006  0.0000  0.0010  0.0000  0.0000  0.0000
 0.0020  0.0000  0.0005  0.0005  0.0004  1.0000  0.0012  0.0001  0.0016  0.0003  0.0038  0.0008  0.0003  0.0008  0.0002  0.0003  0.0107  0.0008  0.0016  0.0031  0.0000  0.0122  0.0000  0.0000  0.0000
 0.0111  0.0000  0.0196  0.0024  0.0016  0.0011  1.0000  0.0009  0.0010  0.0012  0.0018  0.0007  0.0019  0.0033  0.0012  0.0015  0.0056  0.0025  0.0024  0.0007  0.0000  0.0012  0.0000  0.0000  0.0000
 0.0069  0.0000  0.0007  0.0012  0.0096  0.0014  0.0049  0.0061  0.0029  1.0000  0.0070  0.0023  0.0067  0.0054  0.5809  0.4778  0.0056  0.0074  0.0039  0.0011  0.0000  0.0031  0.0000  0.0000  0.0000
 0.0000  0.0000  0.0000  0.0000  0.0000  0.0000  0.0000  0.0000  0.0000  0.0000  0.0000  0.0000  0.0000  0.0000  0.0000  0.0000  0.0000  0.0000  1.0000  0.0000  0.0000  0.0000  0.0000  0.0000  0.0000
 0.0040  0.0000  0.0010  0.0004  0.0009  0.0070  0.0006  0.0005  0.0182  0.0011  0.3587  0.0804  0.0008  0.0014  0.0014  0.0010  0.0010  0.0026  1.0000  0.0008  0.0000  0.0010  0.0000  0.0000  0.0000
 0.0074  0.0000  0.0002  0.0185  1.0000  0.0007  0.0029  0.0022  0.0011  0.1898  0.0021  0.0008  0.0034  0.0046  0.4296  0.0056  0.0039  0.0036  0.0019  0.0004  0.0000  0.0011  0.0000  0.0000  0.0000
 0.2372  0.0000  1.0000  0.0010  0.0016  0.0008  0.0067  0.0003  0.0040  0.0016  0.0036  0.0013  0.0010  0.0037  0.0012  0.0011  0.0066  0.0045  0.0504  0.0002  0.0000  0.0005  0.0000  0.0000  0.0000
 0.3716  0.0000  0.1296  0.1490  0.1980  0.5701  0.2399  0.3899  1.0000  0.2891  0.7571  0.1962  0.2227  0.1487  0.2129  0.3278  0.2908  0.2887  0.6893  0.4471  0.0000  0.9559  0.0000  0.0000  0.0000
 0.0000  0.0000  0.0000  1.0000  0.0000  0.0000  0.0000  0.0000  0.0000  0.0000  0.0000  0.0000  0.0000  0.0000  0.0000  0.0000  0.0000  0.0000  0.0000  0.0000  0.0000  0.0000  0.0000  0.0000  0.0000
 0.0333  0.0000  0.0046  0.0086  0.0405  0.0160  0.0234  1.0000  0.0233  0.1917  0.1376  0.0675  0.0747  0.0238  0.0671  0.5921  0.0270  0.0337  0.0244  0.0063  0.0000  0.0210  0.0000  0.0000  0.0000
 0.6609  0.0000  0.0306  0.4927  1.0000  0.0286  0.3039  0.0696  0.1073  0.9284  0.2218  0.0607  0.2838  0.1574  0.3380  0.7683  0.4890  0.3738  0.1635  0.0098  0.0000  0.0217  0.0000  0.0000  0.0000
 0.1993  0.0000  0.0086  0.0456  0.1140  0.0162  0.0838  0.0446  0.0303  0.3656  0.0611  0.2364  0.0682  0.0484  0.1485  1.0000  0.0804  0.1239  0.0872  0.0084  0.0000  0.0268  0.0000  0.0000  0.0000
 0.2112  0.0000  0.0241  0.5094  0.2843  0.0283  1.0000  0.2296  0.1108  0.6926  0.0850  0.0297  0.4782  0.0987  0.1801  0.2966  0.3206  0.1757  0.0751  0.0111  0.0000  0.0454  0.0000  0.0000  0.0000
 0.0771  0.0000  0.0113  0.1650  0.4343  0.0163  1.0000  0.0680  0.0220  0.5110  0.0499  0.0168  0.2753  0.0577  0.1282  0.2833  0.1161  0.0776  0.0307  0.0098  0.0000  0.0894  0.0000  0.0000  0.0000
 0.7674  0.0000  0.0603  0.6154  1.0000  0.0579  0.3761  0.1257  0.1921  0.9169  0.3151  0.1389  0.4878  0.2709  0.5944  0.5380  0.7532  0.5779  0.2908  0.0192  0.0000  0.0500  0.0000  0.0000  0.0000
 0.2105  0.0000  0.0669  0.0807  0.1350  0.3049  0.1380  1.0000  0.1551  0.2764  0.2644  0.2136  0.2632  0.0939  0.3821  0.9476  0.1673  0.1697  0.2674  0.0712  0.0000  0.3761  0.0000  0.0000  0.0000
 0.0084  0.0000  0.0560  0.0008  0.0013  0.0013  0.0019  0.0005  0.0080  0.0012  0.0057  0.0017  0.0008  0.0020  0.0010  0.0009  0.0020  0.0051  1.0000  0.0004  0.0000  0.0008  0.0000  0.0000  0.0000
 1.0000  0.0000  0.0000  0.0000  0.0000  0.0000  0.0000  0.0000  0.0000  0.0000  0.0000  0.0000  0.0000  0.0000  0.0000  0.0000  0.0000  0.0000  0.0000  0.0000  0.0000  0.0000  0.0000  0.0000  0.0000
 0.0070  0.0000  0.0022  0.0015  0.0019  0.0113  0.0028  0.0003  0.5341  0.0028  1.0000  0.0117  0.0019  0.0016  0.0014  0.0024  0.0028  0.0074  0.8325  0.0014  0.0000  0.0042  0.0000  0.0000  0.0000
 0.0000  0.0000  0.0000  0.0000  0.0000  0.0000  0.0000  0.0000  0.0000  1.0000  0.0000  0.0000  0.0000  0.0000  0.0000  0.0000  0.0000  0.0000  0.0000  0.0000  0.0000  0.0000  0.0000  0.0000  0.0000
 0.0015  0.0000  0.0005  0.0003  0.0004  0.0019  0.0005  0.0000  1.0000  0.0006  0.0103  0.1000  0.0004  0.0003  0.0002  0.0005  0.0006  0.0016  0.1453  0.0002  0.0000  0.0008  0.0000  0.0000  0.0000
 0.0025  0.0000  0.0008  0.0005  0.0007  0.0030  0.0010  0.0000  1.0000  0.0009  0.0157  0.0028  0.0006  0.0005  0.0003  0.0007  0.0010  0.0027  0.8914  0.0004  0.0000  0.0014  0.0000  0.0000  0.0000
 0.0050  0.0000  0.0005  0.0010  0.0069  0.0010  0.0037  0.0044  0.0021  1.0000  0.0051  0.0017  0.0049  0.0040  0.0118  0.9821  0.0041  0.0053  0.0028  0.0008  0.0000  0.0022  0.0000  0.0000  0.0000
 0.0121  0.0000  0.0023  0.0384  0.0114  0.0017  0.2029  0.0082  0.0010  0.0111  0.0021  0.0008  1.0000  0.0072  0.0074  0.0057  0.2602  0.0096  0.0020  0.0009  0.0000  0.0042  0.0000  0.0000  0.0000
 0.0204  0.0000  0.0043  0.0013  0.1105  0.0039  0.0007  0.0007  0.2722  0.0034  0.0235  0.0058  0.0017  0.0043  0.0023  0.0021  0.0034  0.0611  1.0000  0.0006  0.0000  0.0015  0.0000  0.0000  0.0000
 0.3112  0.0000  0.0199  0.5697  1.0000  0.0225  0.4060  0.0991  0.0719  0.7829  0.1187  0.0421  0.2046  0.2005  0.3370  0.2597  0.2842  0.2237  0.1114  0.0087  0.0000  0.0215  0.0000  0.0000  0.0000
 0.0035  0.0000  0.0003  0.0007  0.0048  0.0007  0.0026  0.0031  0.0015  1.0000  0.0035  0.0012  0.0034  0.0028  0.0082  0.5731  0.0029  0.0037  0.0020  0.0006  0.0000  0.0016  0.0000  0.0000  0.0000
 0.0008  0.0000  0.0004  0.0001  0.0002  0.1060  0.0001  0.0000  0.0017  0.0000  0.0041  0.0008  0.0000  0.0003  0.0000  0.0000  0.0005  0.0005  0.0016  0.0038  0.0000  1.0000  0.0000  0.0000  0.0000
 0.0322  0.0000  0.1572  0.0064  0.0445  0.0067  0.0233  0.1375  0.0137  0.4788  0.0323  0.0107  0.0319  0.0252  0.0758  1.0000  0.0266  0.0344  0.0181  0.0050  0.0000  0.0145  0.0000  0.0000  0.0000
 0.0053  0.0000  0.0001  0.1249  1.0000  0.0005  0.0023  0.0014  0.0006  0.0055  0.0012  0.0005  0.0027  0.0032  0.0069  0.0982  0.0029  0.0024  0.0012  0.0002  0.0000  0.0007  0.0000  0.0000  0.0000
 1.0000  0.0000  0.0021  0.0024  0.0031  0.0009  0.0116  0.0006  0.0012  0.0028  0.0024  0.0010  0.0018  0.0054  0.0893  0.0020  0.0104  0.0039  0.0038  0.0004  0.0000  0.0007  0.0000  0.0000  0.0000
 1.0000  0.0000  0.0014  0.0011  0.0013  0.0005  0.0077  0.0002  0.0006  0.0014  0.0013  0.0006  0.0010  0.0035  0.0009  0.0010  0.1090  0.0027  0.0023  0.0002  0.0000  0.0004  0.0000  0.0000  0.0000
 0.1582  0.0000  0.0041  0.0076  0.0580  0.0086  0.0297  0.0367  0.0177  0.3356  0.0419  0.3543  0.0399  0.0326  0.2510  1.0000  0.0343  0.0444  0.0237  0.0065  0.0000  0.0185  0.0000  0.0000  0.0000
 0.4139  0.0000  0.0789  0.0261  0.1132  0.0827  0.0202  0.0203  0.7187  0.0672  0.6863  0.1233  0.0353  0.0874  0.0518  0.0416  0.2147  0.2786  1.0000  0.0126  0.0000  0.0282  0.0000  0.0000  0.0000
 0.0000  0.0000  0.0000  0.0000  1.0000  0.0000  0.0000  0.0000  0.0000  0.0000  0.0000  0.0000  0.0000  0.0000  0.0000  0.0000  0.0000  0.0000  0.0000  0.0000  0.0000  0.0000  0.0000  0.0000  0.0000
 0.0012  0.0000  0.0004  0.0003  0.0003  0.0019  0.0005  0.0000  1.0000  0.0005  0.1215  0.0019  0.0003  0.0002  0.0002  0.0004  0.0005  0.0013  0.1235  0.0002  0.0000  0.0008  0.0000  0.0000  0.0000
 0.2317  0.0000  0.0138  0.5752  1.0000  0.0224  0.1561  0.0728  0.0453  0.4457  0.0827  0.0300  0.8105  0.1229  0.6614  0.5225  0.2034  0.1538  0.0726  0.0109  0.0000  0.0337  0.0000  0.0000  0.0000
 0.0435  0.0000  0.0013  0.0004  0.0010  0.0013  0.0002  0.0002  0.1096  0.0010  0.0079  0.0420  0.0005  0.0013  0.0007  0.0006  0.0010  0.0046  1.0000  0.0002  0.0000  0.0005  0.0000  0.0000  0.0000
 0.0000  0.0000  0.0000  0.0000  0.0000  0.0000  0.0000  0.0000  0.0000  0.0000  1.0000  0.0000  0.0000  0.0000  0.0000  0.0000  0.0000  0.0000  0.0000  0.0000  0.0000  0.0000  0.0000  0.0000  0.0000
 0.0094  0.0000  0.0003  0.0219  1.0000  0.0010  0.0043  0.0298  0.0016  0.1519  0.0031  0.0012  0.0053  0.0058  0.3769  0.0099  0.0842  0.0051  0.0026  0.0005  0.0000  0.0016  0.0000  0.0000  0.0000
 0.1086  0.0000  0.0105  0.0196  0.1508  0.0231  0.0765  0.3365  0.0465  1.0000  0.1600  0.0363  0.1048  0.0848  0.3623  0.6653  0.0891  0.1849  0.0617  0.0171  0.0000  0.0494  0.0000  0.0000  0.0000
 0.0036  0.0000  0.0009  0.0004  0.0009  0.0098  0.0007  0.0007  0.5270  0.0012  1.0000  0.0636  0.0009  0.0015  0.0019  0.0012  0.0010  0.0021  0.0109  0.0011  0.0000  0.0012  0.0000  0.0000  0.0000
 0.4350  0.0000  0.0336  0.3754  0.2351  0.0298  0.5293  0.1166  0.0435  0.6644  0.0904  0.0321  1.0000  0.1305  0.2123  0.4485  0.3425  0.1778  0.0736  0.0162  0.0000  0.0598  0.0000  0.0000  0.0000
 0.3481  0.0000  0.0231  0.2675  1.0000  0.0221  0.1646  0.0555  0.0813  0.8776  0.2124  0.0464  0.2143  0.1200  0.3207  0.4184  0.5719  0.4933  0.1236  0.0080  0.0000  0.0182  0.0000  0.0000  0.0000
 0.2635  0.0000  0.0727  0.1021  0.2039  0.2758  0.1716  0.4411  0.1754  1.0000  0.3521  0.1416  0.3063  0.1264  0.3654  0.5073  0.2133  0.4481  0.2260  0.0782  0.0000  0.4927  0.0000  0.0000  0.0000
 0.0000  0.0000  0.0000  1.0000  0.0000  0.0000  0.0000  0.0000  0.0000  0.0000  0.0000  0.0000  0.0000  0.0000  0.0000  0.0000  0.0000  0.0000  0.0000  0.0000  0.0000  0.0000  0.0000  0.0000  0.0000
 0.0524  0.0000  0.0707  0.0096  0.0682  0.0104  0.0356  0.0429  0.0219  1.0000  0.0498  0.0165  0.0472  0.9367  0.2499  0.3841  0.0417  0.0534  0.0832  0.0076  0.0000  0.0220  0.0000  0.0000  0.0000
 0.2352  0.0000  0.0221  1.0000  0.9825  0.0216  0.6290  0.4096  0.1245  0.3600  0.0881  0.0310  0.7552  0.1014  0.1924  0.1620  0.4817  0.1866  0.0817  0.0085  0.0000  0.0305  0.0000  0.0000  0.0000
 0.0783  0.0000  0.0622  0.2037  0.0618  0.0097  0.5048  0.0437  0.0061  0.0616  0.0129  0.0051  1.0000  0.0416  0.0409  0.0841  0.4302  0.0570  0.0134  0.0048  0.0000  0.0230  0.0000  0.0000  0.0000
 0.5221  0.0000  0.0401  0.4703  0.6763  0.0394  0.2607  0.0879  0.2031  1.0000  0.2108  0.0747  0.5111  0.1932  0.4028  0.4754  0.5672  0.8076  0.2774  0.0139  0.0000  0.0341  0.0000  0.0000  0.0000
 0.5073  0.0000  0.1764  0.2275  0.2773  0.7280  0.3436  0.5487  0.3908  0.2960  0.6457  0.2267  0.3661  0.2064  0.2956  0.3488  0.4166  0.3954  0.4982  0.1836  0.0000  1.0000  0.0000  0.0000  0.0000
 0.1632  0.0000  0.0279  0.0727  0.1833  0.0918  0.1513  0.1579  0.0970  0.7837  0.3985  0.0835  0.2215  0.1085  0.2854  1.0000  0.1433  0.1577  0.1137  0.0339  0.0000  0.1363  0.0000  0.0000  0.0000
 0.0081  0.0000  1.0000  0.0014  0.0013  0.0017  0.0043  0.0007  0.0044  0.0010  0.0042  0.0013  0.0010  0.0023  0.0010  0.0012  0.0029  0.0037  0.0980  0.0007  0.0000  0.0014  0.0000  0.0000  0.0000
 0.0012  0.0000  0.0004  0.0003  0.0004  0.0020  0.0202  0.0000  0.2408  0.0006  0.0105  0.0018  0.0004  0.0002  0.0002  0.0005  0.0006  0.0015  1.0000  0.0002  0.0000  0.0010  0.0000  0.0000  0.0000
 0.0316  0.0000  0.0030  0.0056  0.0441  0.0067  0.0224  0.2851  0.0136  0.2701  0.1991  0.0106  0.0307  0.0248  1.0000  0.2542  0.0259  0.0339  0.0180  0.0050  0.0000  0.0144  0.0000  0.0000  0.0000
 0.0028  0.0000  0.0007  0.0003  0.0007  0.0074  0.0006  0.0005  0.2835  0.0009  0.1992  1.0000  0.0007  0.0012  0.0014  0.0009  0.0008  0.0016  0.0082  0.0009  0.0000  0.0010  0.0000  0.0000  0.0000
 0.2862  0.0000  0.0964  0.1061  0.1459  0.5139  0.1714  0.2769  0.3811  0.1666  1.0000  0.2182  0.1620  0.1164  0.1662  0.3550  0.2526  0.2157  0.3459  0.1022  0.0000  0.5265  0.0000  0.0000  0.0000
 0.0094  0.0000  0.0008  1.0000  0.7196  0.0012  0.0134  0.0049  0.0011  0.0108  0.0021  0.0008  0.4509  0.0063  0.0113  0.0039  0.0116  0.0060  0.0020  0.0006  0.0000  0.0025  0.0000  0.0000  0.0000
 0.0328  0.0000  0.0671  0.0305  0.0125  0.0037  0.0259  0.0075  0.0077  0.0158  0.0086  0.0040  0.1401  0.0154  0.0112  0.0096  0.0790  0.1443  0.0133  1.0000  0.0000  0.0054  0.0000  0.0000  0.0000
 0.0008  0.0000  0.0004  0.0002  0.0002  1.0000  0.0002  0.0001  0.0023  0.0001  0.0244  0.0013  0.0001  0.0004  0.0001  0.0001  0.0005  0.0005  0.0018  0.0030  0.0000  0.0118  0.0000  0.0000  0.0000
 0.0060  0.0000  0.0007  1.0000  0.1809  0.0008  0.0106  0.0036  0.0007  0.0071  0.0014  0.0005  0.1351  0.0042  0.0069  0.0028  0.0092  0.1169  0.0013  0.0004  0.0000  0.0018  0.0000  0.0000  0.0000
 0.0176  0.0000  0.0063  0.0101  0.0102  0.6748  0.0141  0.6454  0.0143  0.0116  0.0262  0.0082  0.0136  0.0077  0.0105  0.0129  0.0147  0.0136  0.0171  0.0064  0.0000  1.0000  0.0000  0.0000  0.0000
 0.0233  0.0000  0.0053  0.0164  0.0294  0.0068  0.0340  1.0000  0.0101  0.1204  0.0228  0.0067  0.0267  0.0246  0.0429  0.8029  0.0208  0.0229  0.0132  0.0056  0.0000  0.0112  0.0000  0.0000  0.0000
 0.0095  0.0000  0.0017  0.0267  0.0080  0.0012  1.0000  0.0057  0.0007  0.0078  0.0016  0.0006  0.4127  0.0052  0.0052  0.0040  0.1381  0.0066  0.0016  0.0006  0.0000  0.0030  0.0000  0.0000  0.0000
 0.0000  0.0000  0.0000  0.0000  0.0000  0.0000  0.0000  1.0000  0.0000  0.0000  0.0000  0.0000  0.0000  0.0000  0.0000  0.0000  0.0000  0.0000  0.0000  0.0000  0.0000  0.0000  0.0000  0.0000  0.0000
 0.0051  0.0000  0.0015  0.0009  0.0013  0.0060  0.0017  0.0002  1.0000  0.0018  0.0322  0.5537  0.0011  0.0010  0.0008  0.0014  0.0018  0.0052  0.3684  0.0007  0.0000  0.0025  0.0000  0.0000  0.0000
 0.0000  0.0000  1.0000  0.0000  0.0000  0.0000  0.0000  0.0000  0.0000  0.0000  0.0000  0.0000  0.0000  0.0000  0.0000  0.0000  0.0000  0.0000  0.0000  0.0000  0.0000  0.0000  0.0000  0.0000  0.0000
 0.0017  0.0000  0.0004  0.0002  0.0004  0.0042  0.0004  0.0003  1.0000  0.0006  0.0426  0.0952  0.0004  0.0007  0.0008  0.0006  0.0005  0.0011  0.0076  0.0005  0.0000  0.0006  0.0000  0.0000  0.0000
 0.3358  0.0000  0.0255  0.0234  0.0242  0.0120  0.0524  0.0077  0.0675  0.0297  0.0534  0.0199  0.0367  0.0482  0.0223  0.0188  0.5018  0.3385  1.0000  0.0044  0.0000  0.0081  0.0000  0.0000  0.0000
 0.0027  0.0000  0.0007  0.0003  0.0007  1.0000  0.0005  0.0005  0.0126  0.0009  0.0753  0.0572  0.0006  0.0011  0.0013  0.0009  0.0009  0.0588  0.0073  0.0014  0.0000  0.0035  0.0000  0.0000  0.0000
 0.0035  0.0000  0.0001  0.1109  1.0000  0.0003  0.0015  0.0009  0.0004  0.0035  0.0008  0.0003  0.0017  0.0022  0.0046  0.0010  0.0019  0.0016  0.0008  0.0002  0.0000  0.0005  0.0000  0.0000  0.0000
 0.0113  0.0000  0.0028  0.0014  0.0033  0.0286  0.0025  0.0025  0.0537  0.1778  1.0000  0.1277  0.0030  0.0049  0.0065  0.0060  0.0034  0.0067  0.0298  0.0034  0.0000  0.0037  0.0000  0.0000  0.0000
 0.0013  0.0000  0.0005  0.0003  0.0004  0.0123  0.0005  0.0002  0.0049  0.0003  1.0000  0.0031  0.0003  0.0006  0.0005  0.0004  0.0006  0.0008  0.0031  0.0025  0.0000  0.0615  0.0000  0.0000  0.0000
 0.0769  0.0000  0.0016  0.0014  0.0015  0.0006  1.0000  0.0003  0.0007  0.0016  0.0016  0.0007  0.0013  0.0041  0.0011  0.0012  0.1024  0.0029  0.0027  0.0002  0.0000  0.0005  0.0000  0.0000  0.0000
 0.2378  0.0000  0.0289  0.0639  0.2441  0.0986  0.1383  0.1350  0.1792  1.0000  0.6689  0.1540  0.1601  0.2054  0.3846  0.7967  0.1967  0.2129  0.1700  0.0317  0.0000  0.0872  0.0000  0.0000  0.0000
 0.0056  0.0000  0.0010  0.0111  0.0036  0.0007  0.0091  0.0024  0.0007  0.0037  0.0011  0.0005  0.2136  0.0029  0.0025  0.0021  1.0000  0.0083  0.0013  0.0004  0.0000  0.0014  0.0000  0.0000  0.0000
 0.3698  0.0000  0.0755  0.0245  0.0599  0.1248  0.0153  0.0199  0.5400  0.0648  1.0000  0.1780  0.0395  0.0882  0.0562  0.0419  0.0970  0.8471  0.9699  0.0172  0.0000  0.0256  0.0000  0.0000  0.0000
 0.0018  0.0000  0.0009  0.0003  0.0005  0.8259  0.0003  0.0000  0.0040  0.0000  0.0096  0.0019  0.0000  0.0007  0.0000  0.0000  0.0013  0.0012  0.0037  0.0090  0.0000  1.0000  0.0000  0.0000  0.0000
 0.0040  0.0000  0.0001  1.0000  0.2624  0.0004  0.0020  0.0011  0.0005  0.0040  0.0009  0.0004  0.0024  0.0025  0.0051  0.0011  0.0023  0.0018  0.0009  0.0002  0.0000  0.0006  0.0000  0.0000  0.0000
 0.0010  0.0000  0.0005  0.0002  0.0003  1.0000  0.0002  0.0000  0.0023  0.0000  0.0964  0.0011  0.0000  0.0004  0.0000  0.0000  0.0007  0.0006  0.0020  0.0047  0.0000  0.0571  0.0000  0.0000  0.0000
 0.0045  0.0000  0.0012  0.0005  0.0012  0.0117  0.0009  0.0009  0.4961  0.0016  1.0000  0.0146  0.0011  0.0019  0.0423  0.0015  0.0013  0.0027  0.0130  0.0014  0.0000  0.0015  0.0000  0.0000  0.0000
 0.0026  0.0000  0.0003  0.0005  0.0036  0.0005  0.0020  0.0023  0.0011  1.0000  0.0026  0.0009  0.0025  0.0021  0.0061  0.3245  0.0022  0.0028  0.0015  0.0004  0.0000  0.0012  0.0000  0.0000  0.0000
 0.0228  0.0000  0.0005  0.2268  1.0000  0.0021  0.0108  0.0061  0.0028  0.5115  0.0051  0.0021  0.0135  0.0138  0.0296  0.0068  0.1712  0.0106  0.0053  0.0010  0.0000  0.0031  0.0000  0.0000  0.0000
 0.0000  0.0000  0.0000  0.0000  0.0000  0.0000  0.0000  0.0000  0.0000  0.0000  0.0000  0.0000  1.0000  0.0000  0.0000  0.0000  0.0000  0.0000  0.0000  0.0000  0.0000  0.0000  0.0000  0.0000  0.0000
 0.0244  0.0000  0.0054  0.1074  0.0333  0.0046  0.3004  0.0237  0.0028  0.1754  0.0061  0.0022  1.0000  0.0184  0.0955  0.0212  0.4355  0.0254  0.0046  0.0024  0.0000  0.0120  0.0000  0.0000  0.0000
 0.0074  0.0000  0.0027  0.0049  0.0044  1.0000  0.0066  0.0436  0.0064  0.0051  0.0126  0.0037  0.0063  0.0034  0.0045  0.0055  0.0063  0.0057  0.0072  0.0028  0.0000  0.7256  0.0000  0.0000  0.0000
 0.4858  0.0000  0.1848  0.1968  0.2920  0.6966  0.3145  0.5161  0.3771  0.2832  1.0000  0.2109  0.2938  0.1956  0.4637  0.5048  0.3834  0.4136  0.5269  0.1759  0.0000  0.9644  0.0000  0.0000  0.0000
 0.0674  0.0000  0.0042  0.0035  0.0038  0.0016  0.1327  0.0008  0.0018  0.0042  0.0041  0.0019  0.0031  1.0000  0.0029  0.0030  0.2272  0.0076  0.0069  0.0006  0.0000  0.0012  0.0000  0.0000  0.0000
 0.0014  0.0000  0.0007  0.0002  0.0003  1.0000  0.0002  0.0000  0.0030  0.0000  0.0072  0.0014  0.0000  0.0005  0.0000  0.0000  0.0010  0.0009  0.0028  0.0068  0.0000  0.5214  0.0000  0.0000  0.0000
 0.0191  0.0000  0.0021  0.0106  0.0243  0.0037  0.0164  0.0752  0.0068  0.1039  0.0155  0.0052  0.0225  1.0000  0.1173  0.2614  0.2210  0.0208  0.0093  0.0025  0.0000  0.0077  0.0000  0.0000  0.0000
 0.0155  0.0000  0.0044  0.0026  0.0040  0.0243  0.0047  0.0013  1.0000  0.0055  0.7540  0.1314  0.0835  0.0041  0.0039  0.0047  0.0986  0.0142  0.3177  0.0029  0.0000  0.0072  0.0000  0.0000  0.0000
 0.2233  0.0000  0.0155  1.0000  0.3951  0.0195  0.1443  0.2819  0.0395  0.2109  0.0654  0.0233  0.3452  0.3587  0.1525  0.1112  0.3510  0.1368  0.0879  0.0073  0.0000  0.0268  0.0000  0.0000  0.0000
 0.3167  0.0000  0.0389  0.8473  1.0000  0.1236  0.3880  0.3689  0.1685  0.4732  0.5933  0.1132  0.5817  0.1991  0.5059  0.2788  0.3514  0.2212  0.1532  0.0338  0.0000  0.1211  0.0000  0.0000  0.0000
 0.0021  0.0000  0.0007  0.0004  0.0006  0.0025  0.0008  0.0000  0.6812  0.0008  0.0131  0.0024  0.0005  0.0004  0.0003  0.0006  0.0008  0.0023  1.0000  0.0003  0.0000  0.0012  0.0000  0.0000  0.0000
 0.0023  0.0000  0.0002  0.0006  0.0033  0.0005  0.0017  0.0255  0.0010  0.0161  0.0023  0.0008  0.0024  0.0018  0.1097  1.0000  0.0020  0.0025  0.0013  0.0004  0.0000  0.0010  0.0000  0.0000  0.0000
 0.2567  0.0000  0.0194  0.1961  0.7684  0.0240  0.1368  0.7261  0.1393  1.0000  0.1230  0.0425  0.3321  0.1070  0.3597  0.3665  0.3316  0.2042  0.1037  0.0107  0.0000  0.0294  0.0000  0.0000  0.0000
 0.0054  0.0000  0.0014  0.0007  0.0014  0.2943  0.0011  0.0011  0.2574  0.0019  0.1838  1.0000  0.0013  0.0023  0.0028  0.0019  0.0015  0.0032  0.0155  0.0018  0.0000  0.0022  0.0000  0.0000  0.0000
 1.0000  0.0000  0.0022  0.0018  0.0020  0.0008  0.2675  0.0004  0.0010  0.0022  0.0021  0.0010  0.0015  0.0055  0.0015  0.0016  0.0111  0.0037  0.0036  0.0003  0.0000  0.0007  0.0000  0.0000  0.0000
 0.1636  0.0000  0.0570  0.0661  0.0883  0.4004  0.1064  0.2982  0.1270  0.1914  0.2551  0.0712  0.0992  0.0660  0.0954  0.3956  0.1609  0.1263  0.1619  0.1346  0.0000  1.0000  0.0000  0.0000  0.0000
 0.0112  0.0000  0.0013  0.0051  0.0041  0.0008  0.0085  0.0013  0.0010  0.0044  0.0020  0.0007  0.0051  0.0042  1.0000  0.0032  0.0981  0.0061  0.0023  0.0005  0.0000  0.0010  0.0000  0.0000  0.0000
 0.0040  0.0000  0.0012  0.0007  0.0011  0.0074  0.0014  0.0003  0.6746  0.0015  1.0000  0.0082  0.0010  0.0011  0.0011  0.0013  0.0014  0.0037  0.1841  0.0009  0.0000  0.0021  0.0000  0.0000  0.0000
 0.0326  0.0000  1.0000  0.0039  0.0082  0.2533  0.0063  0.0063  0.2176  0.0107  0.9685  0.1037  0.0077  0.0135  0.0161  0.0106  0.0092  0.0191  0.0910  0.0121  0.0000  0.0202  0.0000  0.0000  0.0000
 0.1036  0.0000  0.0128  0.0430  0.6513  0.0346  0.0659  0.2889  0.0438  0.8629  0.2202  0.0301  0.0851  0.0627  1.0000  0.4606  0.0888  0.3311  0.0590  0.0152  0.0000  0.1380  0.0000  0.0000  0.0000
 1.0000  0.0000  0.3957  0.0406  0.0473  0.0201  0.2936  0.0093  0.0248  0.0520  0.0517  0.0242  0.0366  0.1323  0.0360  0.0372  0.8038  0.1101  0.0896  0.0074  0.0000  0.0156  0.0000  0.0000  0.0000
 0.0022  0.0000  0.0007  0.0005  0.0006  0.0037  0.0009  0.0001  0.2961  0.0009  0.3221  0.0221  0.0006  0.0005  0.0005  0.0008  0.0009  0.0023  1.0000  0.0004  0.0000  0.0013  0.0000  0.0000  0.0000
 0.3656  0.0000  0.0499  0.8613  0.5225  0.0526  0.6232  0.2375  0.0715  0.8661  0.1482  0.0511  1.0000  0.2195  0.4025  0.6138  0.5574  0.3144  0.1074  0.0295  0.0000  0.1177  0.0000  0.0000  0.0000
 0.0954  0.0000  0.0014  0.0010  0.0011  1.0000  0.0044  0.0003  0.0032  0.0009  0.0078  0.0018  0.0007  0.0024  0.0007  0.0007  0.0042  0.0021  0.0038  0.0051  0.0000  0.0200  0.0000  0.0000  0.0000
 0.0018  0.0000  0.0005  0.0002  0.0005  0.0049  0.0004  0.0004  0.0091  0.0006  1.0000  0.2599  0.0004  0.0008  0.0009  0.0006  0.0005  0.0011  0.0050  0.0006  0.0000  0.0007  0.0000  0.0000  0.0000
 0.0000  0.0000  0.0000  0.0000  0.0000  0.0000  0.0000  1.0000  0.0000  0.0000  0.0000  0.0000  0.0000  0.0000  0.0000  0.0000  0.0000  0.0000  0.0000  0.0000  0.0000  0.0000  0.0000  0.0000  0.0000
 0.0326  0.0000  0.0010  1.0000  0.4385  0.0030  0.0164  0.1628  0.0045  0.2533  0.0081  0.0032  0.0211  0.0189  0.1286  0.0118  0.2390  0.0165  0.0081  0.0014  0.0000  0.0042  0.0000  0.0000  0.0000
 0.0653  0.0000  0.0162  0.0108  0.0174  0.1624  0.0161  0.0132  0.3050  0.0244  1.0000  0.2116  0.2089  0.0273  0.0331  0.0234  0.0213  0.0384  0.1698  0.0192  0.0000  0.0209  0.0000  0.0000  0.0000
 0.0127  0.0000  0.0012  0.0025  0.0178  0.0026  0.0092  0.1051  0.0054  1.0000  0.0129  0.0043  0.2137  0.0100  0.3763  0.6724  0.0105  0.0137  0.0072  0.0020  0.0000  0.0057  0.0000  0.0000  0.0000
 0.0018  0.0000  0.0005  0.0002  0.0005  0.0048  0.0004  0.0004  0.1037  0.0006  1.0000  0.0924  0.0004  0.0007  0.0009  0.0006  0.0005  0.0010  0.0050  0.0006  0.0000  0.0006  0.0000  0.0000  0.0000
 0.1035  0.0000  0.0224  0.0228  0.0220  0.0243  0.0254  0.0089  0.6049  0.0280  0.1018  0.0283  0.0352  0.0371  0.0213  0.0195  0.1344  1.0000  0.1760  0.0069  0.0000  0.0135  0.0000  0.0000  0.0000
 0.0000  0.0000  0.0000  0.0000  0.0000  0.0000  0.0000  1.0000  0.0000  0.0000  0.0000  0.0000  0.0000  0.0000  0.0000  0.0000  0.0000  0.0000  0.0000  0.0000  0.0000  0.0000  0.0000  0.0000  0.0000
 0.0106  0.0000  0.0898  0.0034  0.0023  0.0014  0.0058  0.0012  0.0029  0.0027  0.0030  0.0013  0.0048  0.0043  0.0023  0.0022  0.0189  1.0000  0.0052  0.0009  0.0000  0.0015  0.0000  0.0000  0.0000
 0.0000  0.0000  0.0000  1.0000  0.0000  0.0000  0.0000  0.0000  0.0000  0.0000  0.0000  0.0000  0.0000  0.0000  0.0000  0.0000  0.0000  0.0000  0.0000  0.0000  0.0000  0.0000  0.0000  0.0000  0.0000
 0.0000  0.0000  0.0000  0.0000  0.0000  0.0000  0.0000  0.0000  0.0000  0.0000  1.0000  0.0000  0.0000  0.0000  0.0000  0.0000  0.0000  0.0000  0.0000  0.0000  0.0000  0.0000  0.0000  0.0000  0.0000
 0.0000  0.0000  0.0000  0.0000  0.0000  0.0000  0.0000  0.0000  0.0000  1.0000  0.0000  0.0000  0.0000  0.0000  0.0000  0.0000  0.0000  0.0000  0.0000  0.0000  0.0000  0.0000  0.0000  0.0000  0.0000
 0.0000  0.0000  0.0000  0.0000  0.0000  0.0000  0.0000  0.0000  0.0000  0.0000  0.0000  0.0000  0.0000  1.0000  0.0000  0.0000  0.0000  0.0000  0.0000  0.0000  0.0000  0.0000  0.0000  0.0000  0.0000
 0.0000  0.0000  0.0000  0.0000  1.0000  0.0000  0.0000  0.0000  0.0000  0.0000  0.0000  0.0000  0.0000  0.0000  0.0000  0.0000  0.0000  0.0000  0.0000  0.0000  0.0000  0.0000  0.0000  0.0000  0.0000
 0.0000  0.0000  0.0000  0.0000  0.0000  0.0000  0.0000  0.0000  0.0000  0.0000  0.0000  0.0000  1.0000  0.0000  0.0000  0.0000  0.0000  0.0000  0.0000  0.0000  0.0000  0.0000  0.0000  0.0000  0.0000
 0.0000  0.0000  0.0000  0.0000  0.0000  0.0000  0.0000  0.0000  1.0000  0.0000  0.0000  0.0000  0.0000  0.0000  0.0000  0.0000  0.0000  0.0000  0.0000  0.0000  0.0000  0.0000  0.0000  0.0000  0.0000
 0.0000  0.0000  0.0000  0.0000  0.0000  0.0000  0.0000  0.0000  0.0000  0.0000  1.0000  0.0000  0.0000  0.0000  0.0000  0.0000  0.0000  0.0000  0.0000  0.0000  0.0000  0.0000  0.0000  0.0000  0.0000
 0.0037  0.0000  0.0012  0.0005  0.0010  1.0000  0.0008  0.0006  0.0158  0.0010  0.4921  0.0101  0.0007  0.0016  0.0014  0.0010  0.0014  0.0022  0.0094  0.0053  0.0000  0.0191  0.0000  0.0000  0.0000
 0.0571  0.0000  0.0015  0.0004  0.0012  0.0010  0.0002  0.0003  0.0285  0.0012  0.0063  0.0018  0.0006  0.0016  0.0009  0.0007  0.0012  0.0054  1.0000  0.0002  0.0000  0.0003  0.0000  0.0000  0.0000
 0.0501  0.0000  0.0057  0.4120  0.1659  0.0054  0.0684  0.1507  0.0098  0.3053  0.0168  0.0060  1.0000  0.0257  0.2700  0.0340  0.7231  0.0410  0.0153  0.0024  0.0000  0.0100  0.0000  0.0000  0.0000
 0.1352  0.0000  0.0056  0.0116  0.0072  0.0024  0.0305  0.0026  0.0034  0.0080  0.0058  0.0028  0.0829  0.1646  0.0056  0.0052  1.0000  0.0293  0.0096  0.0010  0.0000  0.0025  0.0000  0.0000  0.0000
 0.0074  0.0000  0.0006  1.0000  0.4527  0.0009  0.0091  0.0034  0.0009  0.0082  0.0016  0.0007  0.0993  0.0048  0.0089  0.0029  0.0083  0.0779  0.0016  0.0004  0.0000  0.0017  0.0000  0.0000  0.0000
 0.0009  0.0000  0.0005  0.0001  0.0002  0.1442  0.0002  0.0000  0.0020  0.0000  0.0047  0.0009  0.0000  0.0004  0.0000  0.0000  0.0006  0.0006  0.0018  0.0044  0.0000  1.0000  0.0000  0.0000  0.0000
 0.4674  0.0000  0.0620  0.4644  1.0000  0.0502  0.0918  0.0558  0.4342  0.2806  0.2545  0.0809  0.1343  0.1636  0.2547  0.1182  0.2380  0.6277  0.8459  0.0138  0.0000  0.0351  0.0000  0.0000  0.0000
 0.7801  0.0000  0.1889  0.3412  0.5191  0.6020  0.3642  0.4607  0.7017  0.5165  0.8376  0.2623  0.3890  0.2726  0.4119  0.4328  0.5443  0.5964  1.0000  0.1537  0.0000  0.7988  0.0000  0.0000  0.0000
 0.8925  0.0000  0.1119  0.6052  1.0000  0.1744  0.4049  0.2732  0.3207  0.9875  0.4897  0.1364  0.5298  0.2860  0.5875  0.5523  0.7562  0.8962  0.5041  0.0495  0.0000  0.2185  0.0000  0.0000  0.0000
 0.1075  0.0000  0.0264  0.0364  0.0366  0.2803  0.0606  0.0523  0.0571  0.0400  0.1036  0.0313  0.0505  0.2288  0.0356  0.0403  0.1330  0.1343  0.0732  0.0522  0.0000  1.0000  0.0000  0.0000  0.0000
 0.0040  0.0000  0.0008  0.2188  0.0572  0.0007  0.0122  0.0038  0.0004  0.0055  0.0009  0.0003  1.0000  0.0031  0.0042  0.0233  0.0094  0.0038  0.0007  0.0004  0.0000  0.0019  0.0000  0.0000  0.0000
 0.5350  0.0000  0.1772  0.2292  0.3157  0.6983  0.3418  0.5433  0.3972  0.3262  0.6584  0.2241  0.3261  0.2184  0.3149  0.3672  0.4293  0.4108  0.5102  0.1837  0.0000  1.0000  0.0000  0.0000  0.0000
 0.1137  0.0000  0.0048  0.0798  0.4511  0.0046  0.0342  0.1732  0.0168  1.0000  0.0271  0.0095  0.0444  0.0530  0.0534  0.1424  0.1176  0.0938  0.0256  0.0016  0.0000  0.0036  0.0000  0.0000  0.0000
 0.5189  0.0000  0.1770  0.2160  0.2909  0.7045  0.3415  0.5418  0.4147  0.3544  0.6526  0.2448  0.3152  0.2086  0.3041  0.3608  0.4208  0.4076  0.5123  0.1843  0.0000  1.0000  0.0000  0.0000  0.0000
 0.2012  0.0000  0.0112  0.0895  0.1370  0.0120  0.0576  0.0528  0.0522  1.0000  0.0483  0.0177  0.1353  0.1470  0.0870  0.0866  0.5149  0.1746  0.0476  0.0045  0.0000  0.0129  0.0000  0.0000  0.0000
 0.3364  0.0000  0.2705  0.1361  0.1808  0.4987  0.2162  0.3520  0.2571  0.2012  0.4229  0.1440  0.2049  0.1365  0.2286  1.0000  0.4124  0.3459  0.3455  0.1200  0.0000  0.6861  0.0000  0.0000  0.0000
 0.1631  0.0000  0.0512  1.0000  0.5192  0.3307  0.1254  0.3050  0.1119  0.1087  0.1855  0.0632  0.1387  0.0713  0.1073  0.1585  0.2863  0.1243  0.1441  0.0526  0.0000  0.4199  0.0000  0.0000  0.0000
 0.0156  0.0000  0.0013  0.0098  1.0000  0.0027  0.0098  0.0108  0.0055  0.4059  0.0125  0.0042  0.0130  0.0109  0.0308  0.2230  0.0324  0.0145  0.0614  0.0019  0.0000  0.0054  0.0000  0.0000  0.0000
 0.0036  0.0000  0.0004  0.0009  0.0050  0.0007  0.0027  0.0032  0.0015  0.4744  0.0036  0.0012  0.0443  0.0028  0.0085  1.0000  0.0031  0.0039  0.0020  0.0006  0.0000  0.0016  0.0000  0.0000  0.0000
 0.5153  0.0000  0.2846  0.2074  0.2713  0.6502  0.3146  0.5030  0.3864  0.2963  0.7728  0.2110  0.3106  0.2081  0.4204  0.3906  0.7894  0.9660  0.8195  0.1720  0.0000  1.0000  0.0000  0.0000  0.0000
 0.2735  0.0000  0.0576  0.0166  0.0462  0.1460  0.0108  0.0178  0.5218  0.0507  1.0000  0.1986  0.0274  0.1562  0.0841  0.0355  0.0466  0.1892  0.8235  0.0184  0.0000  0.0243  0.0000  0.0000  0.0000
 0.0817  0.0000  0.0108  0.0166  0.0942  0.0394  0.1194  0.0608  0.2422  1.0000  0.2581  0.0458  0.0667  0.0547  0.1539  0.3877  0.0620  0.0806  0.1970  0.0137  0.0000  0.0416  0.0000  0.0000  0.0000
 0.0127  0.0000  0.0030  0.2596  0.0183  0.0025  0.0439  0.0132  0.0013  0.0176  0.0028  0.0010  1.0000  0.0101  0.0118  0.1623  0.6242  0.0147  0.0022  0.0013  0.0000  0.0067  0.0000  0.0000  0.0000
 0.1016  0.0000  0.0195  0.0391  0.0249  0.0096  0.0338  0.0111  0.0269  0.0371  0.0256  0.0138  0.0698  0.3616  0.0288  0.0235  0.7466  1.0000  0.0440  0.0061  0.0000  0.0109  0.0000  0.0000  0.0000
 0.9284  0.0000  0.0573  1.0000  0.9128  0.0392  0.5774  0.1009  0.0423  0.2654  0.0857  0.0365  0.4275  0.2284  0.2575  0.1140  0.5503  0.2018  0.1111  0.0172  0.0000  0.0588  0.0000  0.0000  0.0000
 0.0014  0.0000  0.0004  0.0003  0.0004  0.0016  0.0005  0.0000  1.0000  0.0005  0.0086  0.0016  0.0003  0.0003  0.0002  0.0004  0.0005  0.0015  0.2974  0.0002  0.0000  0.0008  0.0000  0.0000  0.0000
 0.0043  0.0000  0.0004  0.0008  0.0059  0.0009  0.0032  0.0038  0.0018  1.0000  0.0043  0.0014  0.0042  0.0035  0.0101  0.7771  0.0035  0.0046  0.0024  0.0007  0.0000  0.0019  0.0000  0.0000  0.0000
 0.0018  0.0000  0.0005  0.0003  0.0004  0.0022  0.0006  0.0001  0.1204  0.0006  0.2062  0.0023  0.0004  0.0004  0.0003  0.0005  0.0006  0.0018  1.0000  0.0003  0.0000  0.0009  0.0000  0.0000  0.0000
 0.1728  0.0000  0.0018  0.0014  0.0016  0.0065  0.0447  0.0001  0.8855  0.0022  0.0339  0.0060  0.0015  0.0017  0.0008  0.0018  0.0041  0.0054  1.0000  0.0008  0.0000  0.0032  0.0000  0.0000  0.0000
 0.0000  0.0000  0.0000  1.0000  0.0000  0.0000  0.0000  0.0000  0.0000  0.0000  0.0000  0.0000  0.0000  0.0000  0.0000  0.0000  0.0000  0.0000  0.0000  0.0000  0.0000  0.0000  0.0000  0.0000  0.0000
 0.0000  0.0000  0.0000  0.0000  0.0000  1.0000  0.0000  0.0000  0.0000  0.0000  0.0000  0.0000  0.0000  0.0000  0.0000  0.0000  0.0000  0.0000  0.0000  0.0000  0.0000  0.0000  0.0000  0.0000  0.0000
 0.0000  0.0000  0.0000  0.0000  0.0000  0.0000  1.0000  0.0000  0.0000  0.0000  0.0000  0.0000  0.0000  0.0000  0.0000  0.0000  0.0000  0.0000  0.0000  0.0000  0.0000  0.0000  0.0000  0.0000  0.0000
 0.0039  0.0000  0.0006  0.0055  0.0019  0.0004  0.0050  0.0012  0.0005  0.0020  0.0007  0.0003  0.0418  0.0018  0.0014  0.0012  1.0000  0.0058  0.0010  0.0002  0.0000  0.0007  0.0000  0.0000  0.0000
 1.0000  0.0000  0.0023  0.0028  0.0024  0.0010  0.0089  0.0008  0.0019  0.0030  0.0025  0.0013  0.0042  0.0056  0.0023  0.0020  0.1317  0.2777  0.0044  0.0005  0.0000  0.0009  0.0000  0.0000  0.0000
 0.1014  0.0000  0.0972  0.0030  0.0028  0.0012  0.0102  0.0008  0.0037  0.0034  0.0039  0.0017  0.0043  0.0064  0.0025  0.0023  0.0218  1.0000  0.0084  0.0005  0.0000  0.0010  0.0000  0.0000  0.0000
 0.0021  0.0000  0.0011  0.0003  0.0005  1.0000  0.0004  0.0000  0.0045  0.0000  0.0109  0.0022  0.0000  0.0008  0.0000  0.0000  0.0015  0.0013  0.0042  0.0103  0.0000  0.9805  0.0000  0.0000  0.0000
 0.0097  0.0000  0.0009  1.0000  0.5584  0.0013  0.0782  0.0053  0.0011  0.0113  0.0022  0.0008  0.1989  0.0066  0.0893  0.0042  0.0127  0.0064  0.0020  0.0006  0.0000  0.0027  0.0000  0.0000  0.0000
 0.0843  0.0000  0.0481  0.9653  0.1242  0.0182  0.2977  1.0000  0.0093  0.1255  0.0205  0.0073  0.5120  0.0678  0.0818  0.2874  0.2271  0.0901  0.0152  0.0092  0.0000  0.0472  0.0000  0.0000  0.0000
 0.0071  0.0000  0.0002  0.0199  1.0000  0.0007  0.0038  0.0250  0.0009  0.0081  0.0017  0.0007  0.0510  0.0274  0.2979  0.0028  0.0044  0.0034  0.0016  0.0003  0.0000  0.0011  0.0000  0.0000  0.0000
 0.0302  0.0000  0.0055  0.4386  0.1069  0.0117  0.0576  1.0000  0.0076  0.0460  0.0142  0.0050  0.0904  0.0203  0.0330  0.1756  0.0479  0.0249  0.0110  0.0042  0.0000  0.3229  0.0000  0.0000  0.0000
 0.0243  0.0000  0.0037  0.0124  0.0209  0.0048  0.0134  1.0000  0.0141  0.0445  0.0210  0.0060  0.0138  0.0107  0.1548  0.0359  0.0145  0.0171  0.1253  0.0018  0.0000  0.0049  0.0000  0.0000  0.0000
 0.0279  0.0000  0.0060  0.0229  0.0107  0.0034  0.0155  0.0060  0.0084  0.0433  0.0081  0.0043  0.2265  0.0153  0.0110  0.0094  1.0000  0.4346  0.0131  0.0021  0.0000  0.1328  0.0000  0.0000  0.0000
 0.1649  0.0000  0.0215  0.0414  0.0270  0.0113  0.0435  0.0119  0.0285  0.0396  0.0281  0.0150  0.0726  0.0528  0.0306  0.0253  0.4369  1.0000  0.0480  0.0067  0.0000  0.2096  0.0000  0.0000  0.0000
 0.0039  0.0000  0.0014  0.0011  0.0013  0.0073  0.0022  0.0001  1.0000  0.0019  0.4668  0.0069  0.0013  0.0008  0.0007  0.0016  0.0019  0.0050  0.3629  0.0009  0.0000  0.1465  0.0000  0.0000  0.0000
 0.0018  0.0000  0.0005  0.0002  0.0004  0.0012  0.0004  0.0001  0.1037  0.0005  0.0063  0.0012  0.0003  0.0004  0.0002  0.0003  0.0005  0.0016  1.0000  0.0002  0.0000  0.0005  0.0000  0.0000  0.0000
 0.1631  0.0000  0.0023  0.0025  0.0026  0.0009  0.0123  0.0006  0.0012  0.0027  0.0023  0.0011  0.0025  0.0058  0.1026  0.0019  1.0000  0.0072  0.0039  0.0004  0.0000  0.0008  0.0000  0.0000  0.0000
 0.0037  0.0000  0.0007  0.0015  0.0010  0.0004  0.0012  0.0004  0.0010  0.0014  0.0010  0.0005  0.0027  0.0018  0.0011  0.0009  0.0995  1.0000  0.0017  0.0002  0.0000  0.0004  0.0000  0.0000  0.0000
 0.0000  0.0000  0.0000  0.0000  0.0000  0.0000  0.0000  0.0000  0.0000  0.0000  0.0000  0.0000  0.0000  0.0000  0.0000  1.0000  0.0000  0.0000  0.0000  0.0000  0.0000  0.0000  0.0000  0.0000  0.0000
 0.0049  0.0000  0.0041  0.0067  0.0039  0.0928  0.0132  1.0000  0.0041  0.0038  0.0093  0.0022  0.0050  0.0062  0.0030  0.0048  0.0037  0.0038  0.0042  0.0024  0.0000  0.0033  0.0000  0.0000  0.0000
 0.0000  0.0000  0.0000  0.0000  0.0000  0.0000  0.0000  0.0000  0.0000  0.0000  0.0000  0.0000  0.0000  0.0000  0.0000  0.0000  0.0000  0.0000  0.0000  0.0000  0.0000  1.0000  0.0000  0.0000  0.0000
 0.0000  0.0000  0.0000  0.0000  0.0000  0.0000  0.0000  0.0000  0.0000  0.0000  0.0000  0.0000  0.0000  0.0000  0.0000  1.0000  0.0000  0.0000  0.0000  0.0000  0.0000  0.0000  0.0000  0.0000  0.0000
 1.0000  0.0000  0.0032  0.0026  0.0030  0.0013  0.0178  0.0006  0.0016  0.0032  0.0033  0.0014  0.0021  0.1326  0.0022  0.0024  0.0159  0.0056  0.0055  0.0005  0.0000  0.0010  0.0000  0.0000  0.0000
 0.0000  0.0000  0.0000  0.0000  0.0000  0.0000  0.0000  0.0000  0.0000  0.0000  0.0000  0.0000  0.0000  1.0000  0.0000  0.0000  0.0000  0.0000  0.0000  0.0000  0.0000  0.0000  0.0000  0.0000  0.0000
 0.0000  0.0000  0.0000  0.0000  1.0000  0.0000  0.0000  0.0000  0.0000  0.0000  0.0000  0.0000  0.0000  0.0000  0.0000  0.0000  0.0000  0.0000  0.0000  0.0000  0.0000  0.0000  0.0000  0.0000  0.0000
 0.0017  0.0000  0.0004  0.0002  0.0004  0.0012  0.0004  0.0000  0.1179  0.0005  0.0064  0.0012  0.0003  0.0004  0.0002  0.0003  0.0005  0.0016  1.0000  0.0002  0.0000  0.0005  0.0000  0.0000  0.0000
 0.0013  0.0000  0.0003  0.0002  0.0003  0.0028  0.0004  0.0002  1.0000  0.0004  0.0386  0.0031  0.0003  0.0005  0.0005  0.0004  0.0004  0.0009  0.0077  0.0004  0.0000  0.0007  0.0000  0.0000  0.0000
 0.0000  0.0000  0.0000  0.0000  0.0000  0.0000  0.0000  0.0000  0.0000  0.0000  1.0000  0.0000  0.0000  0.0000  0.0000  0.0000  0.0000  0.0000  0.0000  0.0000  0.0000  0.0000  0.0000  0.0000  0.0000
 0.3393  0.0000  0.0349  0.9853  1.0000  0.0381  0.5671  0.1623  0.0308  0.3141  0.0621  0.0242  0.7775  0.1888  0.2963  0.1280  0.4178  0.1953  0.0592  0.0189  0.0000  0.0826  0.0000  0.0000  0.0000
 0.0928  0.0000  0.0010  0.0006  0.0010  0.0057  0.0026  0.0005  0.0104  0.0012  1.0000  0.0068  0.0008  0.0019  0.0014  0.0011  0.0025  0.0021  0.0069  0.0008  0.0000  0.0010  0.0000  0.0000  0.0000
 0.0143  0.0000  0.0024  0.0071  0.0046  0.0019  1.0000  0.0026  0.0020  0.0075  0.0042  0.0011  0.0062  0.0087  0.0039  0.0944  0.0091  0.0046  0.0035  0.0016  0.0000  0.0021  0.0000  0.0000  0.0000
 0.0008  0.0000  0.0005  0.0002  0.0002  0.0179  0.0003  0.0000  0.0017  0.0000  0.0041  0.0008  0.0001  0.0004  0.0000  0.0001  0.0006  0.0005  0.0016  1.0000  0.0000  0.1045  0.0000  0.0000  0.0000
 0.1297  0.0000  0.0022  0.0791  0.0101  0.0016  0.1370  0.0070  0.0010  0.0098  0.0021  0.0008  0.1326  0.0069  0.0066  0.0051  1.0000  0.0090  0.0022  0.0008  0.0000  0.0037  0.0000  0.0000  0.0000
 0.4139  0.0000  0.1429  0.1677  0.2265  0.6618  0.2684  0.4853  0.3358  0.2616  0.5824  0.2678  0.2522  0.1684  0.7801  0.3025  0.3258  0.3197  0.4144  0.1497  0.0000  1.0000  0.0000  0.0000  0.0000
 0.0479  0.0000  0.0012  0.0012  0.0013  0.0006  0.0072  0.0003  0.0007  0.0014  0.0014  0.0006  0.0009  1.0000  0.0010  0.0011  0.0062  0.0023  0.0022  0.0003  0.0000  0.0004  0.0000  0.0000  0.0000
 0.0067  0.0000  1.0000  0.0022  0.0017  0.0038  0.0058  0.0012  0.0948  0.0009  0.0087  0.0022  0.0015  0.0026  0.0013  0.0018  0.0026  0.0037  0.0084  0.0014  0.0000  0.0029  0.0000  0.0000  0.0000
 0.0000  0.0000  0.0000  1.0000  0.0000  0.0000  0.0000  0.0000  0.0000  0.0000  0.0000  0.0000  0.0000  0.0000  0.0000  0.0000  0.0000  0.0000  0.0000  0.0000  0.0000  0.0000  0.0000  0.0000  0.0000
 0.0022  0.0000  0.0007  0.0005  0.0006  0.0033  0.0009  0.0001  0.3166  0.0009  0.0842  0.1735  0.0006  0.0005  0.0004  0.0007  0.0009  0.0024  1.0000  0.0004  0.0000  0.0013  0.0000  0.0000  0.0000
 0.0000  0.0000  0.0000  0.0000  0.0000  0.0000  0.0000  0.0000  0.0000  0.0000  0.0000  0.0000  0.0000  0.0000  0.0000  0.0000  0.0000  0.0000  0.0000  1.0000  0.0000  0.0000  0.0000  0.0000  0.0000
 0.0000  0.0000  0.0000  0.0000  0.0000  0.0000  0.0000  0.0000  0.0000  0.0000  0.0000  0.0000  0.0000  0.0000  0.0000  0.0000  1.0000  0.0000  0.0000  0.0000  0.0000  0.0000  0.0000  0.0000  0.0000
 0.0017  0.0000  0.0006  0.0004  0.0005  0.0029  0.0009  0.0000  1.0000  0.0008  0.2350  0.0028  0.0005  0.0003  0.0003  0.0007  0.0008  0.0021  0.3805  0.0003  0.0000  0.0012  0.0000  0.0000  0.0000
 0.0000  0.0000  0.0000  0.0000  0.0000  0.0000  1.0000  0.0000  0.0000  0.0000  0.0000  0.0000  0.0000  0.0000  0.0000  0.0000  0.0000  0.0000  0.0000  0.0000  0.0000  0.0000  0.0000  0.0000  0.0000
 0.0158  0.0000  1.0000  0.0018  0.0015  0.0006  0.0203  0.0004  0.0007  0.0016  0.0015  0.0007  0.0018  0.0038  0.0011  0.0012  0.0459  0.0030  0.0025  0.0002  0.0000  0.0005  0.0000  0.0000  0.0000
 0.0000  0.0000  0.0000  0.0000  0.0000  0.0000  0.0000  0.0000  1.0000  0.0000  0.0000  0.0000  0.0000  0.0000  0.0000  0.0000  0.0000  0.0000  0.0000  0.0000  0.0000  0.0000  0.0000  0.0000  0.0000
 0.0020  0.0000  0.0005  0.0003  0.0005  0.0053  0.0004  0.0004  0.2149  0.0007  1.0000  0.0065  0.0005  0.0008  0.0010  0.0007  0.0006  0.0012  0.0061  0.0006  0.0000  0.0007  0.0000  0.0000  0.0000
 0.2194  0.0000  0.0308  0.0116  0.0243  0.3929  0.0136  0.0060  0.9500  0.0279  0.2837  0.0610  0.0267  0.0287  0.0168  0.0189  0.0285  0.1077  1.0000  0.0070  0.0000  0.0230  0.0000  0.0000  0.0000
 0.0000  0.0000  0.0000  0.0000  1.0000  0.0000  0.0000  0.0000  0.0000  0.0000  0.0000  0.0000  0.0000  0.0000  0.0000  0.0000  0.0000  0.0000  0.0000  0.0000  0.0000  0.0000  0.0000  0.0000  0.0000
 0.0058  0.0000  0.0029  0.0009  0.0015  0.2685  0.0010  0.0001  0.0136  0.0001  0.5243  0.0069  0.0001  0.0022  0.0002  0.0001  0.0039  0.0036  0.0119  0.0267  0.0000  1.0000  0.0000  0.0000  0.0000
 0.0265  0.0000  0.1841  0.0044  0.0070  0.6453  0.0049  0.0015  0.0583  0.0010  0.2112  0.0292  0.0010  0.0102  0.0012  0.0012  0.0182  0.0168  0.0526  0.1207  0.0000  1.0000  0.0000  0.0000  0.0000
 0.2864  0.0000  0.0573  0.0675  0.0655  0.0419  0.0516  0.0290  0.2033  0.1074  0.4942  0.0620  0.1221  0.1048  0.0715  0.1497  0.5733  1.0000  0.5142  0.0144  0.0000  0.0295  0.0000  0.0000  0.0000
 0.0000  0.0000  0.0000  0.0000  0.0000  0.0000  1.0000  0.0000  0.0000  0.0000  0.0000  0.0000  0.0000  0.0000  0.0000  0.0000  0.0000  0.0000  0.0000  0.0000  0.0000  0.0000  0.0000  0.0000  0.0000
 0.4873  0.0000  0.1693  0.2477  0.3657  0.9225  0.3228  0.5189  0.3930  0.2806  0.6455  0.2113  0.2959  0.1965  0.2832  0.3335  0.4023  0.3756  0.4808  0.1769  0.0000  1.0000  0.0000  0.0000  0.0000
 0.5331  0.0000  0.0075  0.0076  0.0075  0.0031  0.0334  0.0020  0.0066  0.0089  0.0087  0.0040  0.0095  0.1450  0.0064  0.0061  0.0535  1.0000  0.0168  0.0013  0.0000  0.0026  0.0000  0.0000  0.0000
 0.0043  0.0000  0.0010  0.0005  0.0010  0.0077  0.0007  0.0006  0.0176  0.0012  1.0000  0.0094  0.0008  0.0015  0.0016  0.0011  0.0011  0.0027  0.3242  0.0009  0.0000  0.0012  0.0000  0.0000  0.0000
 0.0012  0.0000  0.0005  0.0002  0.0003  1.0000  0.0003  0.0001  0.0043  0.0002  0.1005  0.0026  0.0002  0.0005  0.0003  0.0002  0.0006  0.0007  0.0029  0.0030  0.0000  0.0117  0.0000  0.0000  0.0000
 0.0425  0.0000  0.0056  0.0273  0.0310  0.0065  0.0526  0.0089  0.0077  0.0315  0.0171  0.0040  0.0165  0.2595  1.0000  0.0254  0.0274  0.0170  0.0123  0.0057  0.0000  0.0065  0.0000  0.0000  0.0000
 0.0245  0.0000  0.0036  0.0075  0.0046  0.0020  0.1054  0.0022  0.0026  0.0053  0.0043  0.0017  0.0081  0.0093  0.0037  0.0042  0.0229  1.0000  0.0056  0.0013  0.0000  0.0021  0.0000  0.0000  0.0000
 0.0036  0.0000  0.0007  0.0087  0.1009  0.0008  0.0055  1.0000  0.0008  0.0046  0.0016  0.0005  0.0046  0.0033  0.0038  0.0028  0.0032  0.0022  0.0012  0.0006  0.0000  0.0011  0.0000  0.0000  0.0000
 0.0050  0.0000  0.0001  1.0000  0.4365  0.0005  0.0024  0.0013  0.0006  0.0051  0.0011  0.0005  0.0028  0.0031  0.0065  0.0014  0.0028  0.0023  0.0012  0.0002  0.0000  0.0007  0.0000  0.0000  0.0000
 0.0088  0.0000  0.0018  0.0337  0.1365  0.0015  0.0235  0.0070  0.0010  0.0101  0.0019  0.0007  1.0000  0.0061  0.0071  0.0051  0.4417  0.0104  0.0017  0.0008  0.0000  0.0036  0.0000  0.0000  0.0000
 0.1335  0.0000  0.0128  0.0241  0.1784  0.0273  0.1275  0.1142  0.0557  1.0000  0.2546  0.0436  0.1255  0.1018  0.3034  0.9092  0.1077  0.1379  0.0737  0.0202  0.0000  0.0578  0.0000  0.0000  0.0000
 0.0036  0.0000  0.0000  0.0995  1.0000  0.0003  0.0013  0.0009  0.0004  0.0036  0.0008  0.0003  0.0015  0.0022  0.0277  0.0010  0.0018  0.0016  0.0008  0.0002  0.0000  0.0004  0.0000  0.0000  0.0000
 0.0029  0.0000  0.0009  0.0051  0.0041  0.0009  0.0063  1.0000  0.0010  0.0065  0.0022  0.0006  0.0049  0.0033  0.0923  0.0054  0.0032  0.0024  0.0014  0.0008  0.0000  0.0013  0.0000  0.0000  0.0000
 0.0000  0.0000  0.0000  0.0000  0.0000  0.0000  0.0000  0.0000  0.0000  0.0000  1.0000  0.0000  0.0000  0.0000  0.0000  0.0000  0.0000  0.0000  0.0000  0.0000  0.0000  0.0000  0.0000  0.0000  0.0000
 1.0000  0.0000  0.0021  0.0012  0.0017  0.0010  0.0071  0.0004  0.0045  0.0018  0.0041  0.0014  0.0011  0.0040  0.0013  0.0012  0.0070  0.0049  0.1371  0.0003  0.0000  0.0006  0.0000  0.0000  0.0000
 0.0206  0.0000  0.0941  0.0022  0.0026  0.0035  0.0081  0.0009  0.0094  0.0031  0.0148  1.0000  0.0029  0.0054  0.0024  0.0022  0.0128  0.0370  0.0161  0.0008  0.0000  0.0016  0.0000  0.0000  0.0000
 0.0000  0.0000  0.0000  0.0000  0.0000  0.0000  0.0000  0.0000  0.0000  0.0000  0.0000  1.0000  0.0000  0.0000  0.0000  0.0000  0.0000  0.0000  0.0000  0.0000  0.0000  0.0000  0.0000  0.0000  0.0000
 0.0136  0.0000  0.0015  0.0260  1.0000  0.0031  0.0083  0.0031  0.0899  0.0113  0.0090  0.0024  0.0050  0.0085  0.0131  0.0048  0.0067  0.0066  0.0074  0.0013  0.0000  0.0026  0.0000  0.0000  0.0000
 0.1341  0.0000  0.0007  0.0026  0.1230  0.0015  0.0052  0.0062  0.0030  0.2024  0.0070  0.0023  0.0069  0.0057  0.0167  1.0000  0.0060  0.0076  0.0040  0.0011  0.0000  0.0031  0.0000  0.0000  0.0000
 0.0018  0.0000  0.0006  0.0005  0.0006  0.0029  0.0009  0.0000  1.0000  0.0008  0.1506  0.0028  0.0005  0.0004  0.0003  0.0007  0.0008  0.0022  0.5898  0.0004  0.0000  0.0013  0.0000  0.0000  0.0000
 0.0035  0.0000  0.0549  0.0003  0.0007  0.0049  0.0005  0.0004  0.0106  0.0008  1.0000  0.0061  0.0005  0.0011  0.0011  0.0007  0.0008  0.0022  0.0549  0.0006  0.0000  0.0007  0.0000  0.0000  0.0000
 0.0040  0.0000  0.0008  0.0518  0.0027  0.0006  1.0000  0.0017  0.0005  0.0025  0.0011  0.0003  0.0076  0.0027  0.0017  0.0016  0.0048  0.0021  0.0009  0.0005  0.0000  0.0010  0.0000  0.0000  0.0000
 0.0174  0.0000  0.0017  0.0050  0.0156  0.0021  0.0108  0.0073  0.0040  0.1738  0.0090  0.1075  0.0096  1.0000  0.0609  0.0455  0.0297  0.0129  0.0064  0.0014  0.0000  0.0039  0.0000  0.0000  0.0000
 0.0159  0.0000  0.0043  0.0023  0.0039  0.1002  0.0039  0.0019  1.0000  0.0053  0.8722  0.0353  0.0036  0.1705  0.0054  0.0047  0.0048  0.0124  0.3420  0.0035  0.0000  0.0062  0.0000  0.0000  0.0000
 0.0126  0.0000  0.0015  0.1256  0.0069  0.0009  0.0128  0.0026  0.0009  0.0046  0.0017  0.0007  0.0133  1.0000  0.0034  0.0025  0.1117  0.0071  0.0023  0.0004  0.0000  0.0015  0.0000  0.0000  0.0000
 0.7470  0.0000  0.0648  0.5439  0.8721  0.1215  0.3560  0.1658  0.2017  0.9573  0.3824  0.1142  0.4499  0.3677  0.7578  0.5914  1.0000  0.6028  0.3357  0.0358  0.0000  0.1837  0.0000  0.0000  0.0000
 0.0464  0.0000  0.0044  0.1158  0.0724  0.0092  0.0347  1.0000  0.0180  0.4256  0.0413  0.0137  0.0485  0.0559  0.2204  0.6902  0.0407  0.0708  0.0243  0.0064  0.0000  0.0189  0.0000  0.0000  0.0000
 0.0020  0.0000  0.0005  0.0002  0.0005  0.0053  0.0004  0.0004  0.0733  0.0007  0.2306  1.0000  0.0005  0.0008  0.0010  0.0007  0.0005  0.0011  0.0055  0.0006  0.0000  0.0007  0.0000  0.0000  0.0000
 0.0702  0.0000  0.0019  0.0010  0.0016  0.0075  0.0016  0.0004  1.0000  0.0021  0.5918  0.0337  0.0013  0.0017  0.0013  0.0016  0.0020  0.0063  0.4439  0.0009  0.0000  0.0024  0.0000  0.0000  0.0000
 0.0684  0.0000  0.0084  0.2392  0.1256  0.0227  0.0443  0.2692  0.0289  0.8608  0.1304  0.0201  0.0574  0.0429  0.7726  1.0000  0.0579  0.0641  0.0389  0.0103  0.0000  0.1083  0.0000  0.0000  0.0000
 0.0930  0.0000  0.0009  0.0019  0.0125  0.0018  0.0065  0.0077  0.0038  1.0000  0.0089  0.0029  0.0086  0.0070  0.0923  0.4805  0.1438  0.0096  0.0051  0.0014  0.0000  0.0039  0.0000  0.0000  0.0000
 0.0948  0.0000  0.0044  0.0039  0.0041  0.0022  0.0028  0.0015  0.0365  0.0052  0.0116  0.0041  0.0069  0.0070  0.0040  0.0031  0.2888  1.0000  0.3473  0.0008  0.0000  0.0014  0.0000  0.0000  0.0000
 0.0365  0.0000  0.0039  0.3279  0.0578  0.0067  0.0378  0.0948  0.0126  0.3674  0.0287  0.0096  0.0563  0.0262  0.0972  1.0000  0.1168  0.0366  0.0173  0.0046  0.0000  0.0144  0.0000  0.0000  0.0000
 0.1130  0.0000  0.0007  0.0012  0.0086  0.0013  0.0048  0.0055  0.0026  1.0000  0.0063  0.0021  0.0060  0.0050  0.0145  0.5234  0.0054  0.0067  0.0036  0.0010  0.0000  0.0028  0.0000  0.0000  0.0000
 0.3784  0.0000  0.0127  0.0711  0.2567  0.0277  0.0878  0.4774  0.0506  0.6974  0.1115  0.0374  0.1175  0.0912  0.8174  1.0000  0.1146  0.2715  0.0694  0.0172  0.0000  0.0527  0.0000  0.0000  0.0000
 0.0027  0.0000  0.0003  0.0005  0.0038  0.0006  0.0019  0.0350  0.0012  1.0000  0.0028  0.0009  0.0027  0.0021  0.0065  0.1383  0.0022  0.0170  0.0015  0.0004  0.0000  0.0012  0.0000  0.0000  0.0000
 0.0072  0.0000  0.0033  0.0233  0.0079  0.0023  0.0210  0.0057  0.0018  0.0077  0.0033  0.0010  0.1148  0.0062  0.0054  0.0056  0.0132  0.0066  0.0026  0.0016  0.0000  1.0000  0.0000  0.0000  0.0000
 0.0050  0.0000  0.0019  0.0008  0.0012  1.0000  0.0016  0.0003  0.0105  0.0006  0.0214  0.0045  0.0004  0.0018  0.0006  0.0006  0.0024  0.0031  0.2673  0.0117  0.0000  0.0467  0.0000  0.0000  0.0000
 0.1601  0.0000  0.0234  0.0357  0.1957  0.0707  0.1117  0.3528  0.0796  1.0000  0.1707  0.0568  0.1442  0.1137  0.3232  0.9534  0.1302  0.1621  0.1712  0.0317  0.0000  0.4191  0.0000  0.0000  0.0000
 0.0406  0.0000  0.0041  0.0112  0.0561  0.0090  0.0306  0.6431  0.0172  0.5112  0.0886  0.0133  0.1970  0.0314  0.0932  1.0000  0.1972  0.0435  0.0228  0.0064  0.0000  0.0188  0.0000  0.0000  0.0000
 0.0279  0.0000  0.0067  0.3930  0.0409  0.0057  1.0000  0.0302  0.0028  0.0395  0.0062  0.0022  0.3194  0.0225  0.0265  0.0200  0.2829  0.0296  0.0046  0.0029  0.0000  0.1550  0.0000  0.0000  0.0000
 0.0151  0.0000  0.0015  0.0035  0.0206  0.0030  0.1442  0.0130  0.0062  0.3558  0.0147  0.0049  0.0151  0.0116  0.2307  1.0000  0.0552  0.0158  0.0083  0.0023  0.0000  0.0066  0.0000  0.0000  0.0000
 0.0179  0.0000  0.0035  0.0053  0.0044  0.0108  0.1011  0.0025  0.0179  0.0054  1.0000  0.0116  0.0040  0.0099  0.0043  0.0052  0.0090  0.0059  0.0124  0.0027  0.0000  0.0033  0.0000  0.0000  0.0000
 0.0408  0.0000  0.0093  1.0000  0.0201  0.0549  0.0124  0.0058  0.2098  0.0124  0.0970  0.0208  0.0124  0.0112  0.0095  0.0085  0.0174  0.0318  0.2994  0.0108  0.0000  0.1433  0.0000  0.0000  0.0000
 0.0037  0.0000  0.0019  0.0006  0.0009  0.1367  0.0006  0.0000  0.0080  0.0000  0.0194  0.0039  0.0000  0.0991  0.0000  0.0000  0.0026  0.0023  0.0074  1.0000  0.0000  0.1338  0.0000  0.0000  0.0000
 0.1115  0.0000  0.0143  1.0000  0.2059  0.0140  0.1783  0.0509  0.0125  0.1105  0.0266  0.0090  0.2310  0.4290  0.0816  0.1597  0.1399  0.0673  0.0235  0.0083  0.0000  0.0272  0.0000  0.0000  0.0000
 0.0612  0.0000  0.0003  0.2663  1.0000  0.0016  0.0072  0.0044  0.0021  0.0177  0.0039  0.0016  0.0083  0.0107  0.0231  0.0048  0.0093  0.0078  0.0041  0.0008  0.0000  0.1063  0.0000  0.0000  0.0000
 0.5621  0.0000  0.2706  0.4353  0.3824  0.5091  0.7365  0.8168  0.3090  0.4780  0.5629  0.1754  1.0000  0.2286  0.3356  0.3824  0.5518  0.6103  0.4060  0.1379  0.0000  0.7324  0.0000  0.0000  0.0000
 0.4268  0.0000  0.0032  0.0072  0.0045  0.0016  0.0053  0.0020  0.0046  0.0065  0.0043  0.0023  0.1126  0.0079  0.0907  0.0041  1.0000  0.5077  0.0073  0.0010  0.0000  0.0019  0.0000  0.0000  0.0000
 0.0487  0.0000  0.0034  0.0168  0.0232  0.0026  0.0108  0.0045  0.0322  0.1041  0.0098  0.0317  0.1448  0.0112  0.0163  0.0830  1.0000  0.3036  0.0113  0.0013  0.0000  0.0029  0.0000  0.0000  0.0000
 1.0000  0.0000  0.0146  0.2013  0.0185  0.0059  0.2136  0.0061  0.0064  0.0184  0.0140  0.0065  0.0297  0.0372  0.0128  0.0121  0.4460  0.0289  0.0232  0.0023  0.0000  0.0059  0.0000  0.0000  0.0000
 0.1323  0.0000  0.0135  0.0391  0.0222  0.0062  1.0000  0.0102  0.0068  0.0338  0.0149  0.0065  0.0443  0.0364  0.0183  0.2941  0.2016  0.0315  0.0217  0.0027  0.0000  0.0076  0.0000  0.0000  0.0000
 0.0078  0.0000  0.0003  0.0641  0.2665  0.0009  0.0042  0.0032  0.0015  0.0985  0.0032  0.0011  0.0054  0.0051  0.0121  1.0000  0.0050  0.0047  0.0024  0.0005  0.0000  0.0016  0.0000  0.0000  0.0000
 0.3408  0.0000  0.0437  0.2725  0.1798  0.0370  0.3187  0.1052  0.0498  0.5951  0.0974  0.0368  0.3534  0.1472  0.1911  0.3550  0.8250  0.3054  0.0907  0.0197  0.0000  1.0000  0.0000  0.0000  0.0000
 0.0082  0.0000  0.0029  0.0021  0.0026  0.0136  0.0043  0.0005  0.3741  0.0039  0.1182  0.0500  0.0026  0.0017  0.0014  0.1134  0.0039  0.0098  1.0000  0.0017  0.0000  0.1320  0.0000  0.0000  0.0000
 0.0376  0.0000  0.0037  0.0067  0.0469  0.0071  0.0256  0.0297  0.0148  0.7793  0.0343  0.0114  0.0331  0.0272  0.0792  1.0000  0.2622  0.0389  0.1834  0.0053  0.0000  0.0151  0.0000  0.0000  0.0000
 0.6972  0.0000  0.0299  0.4469  1.0000  0.0289  0.3357  0.0720  0.1037  0.8147  0.1683  0.0592  0.2851  0.1598  0.3415  0.5768  0.4356  0.3200  0.1590  0.0103  0.0000  0.0237  0.0000  0.0000  0.0000
 0.2275  0.0000  0.0224  0.0870  0.2716  0.0491  0.1346  0.1504  0.0838  1.0000  0.1731  0.0579  0.2380  0.1303  0.3595  0.8502  0.1852  0.2084  0.1441  0.0263  0.0000  0.0864  0.0000  0.0000  0.0000
 0.0262  0.0000  1.0000  0.0030  0.0062  0.0626  0.0056  0.0047  0.1164  0.0082  0.6609  0.3823  0.0058  0.0104  0.0121  0.0081  0.0076  0.0147  0.0670  0.0075  0.0000  0.0089  0.0000  0.0000  0.0000
 0.0037  0.0000  0.0004  0.0007  0.0051  0.0008  0.0026  0.0350  0.0016  1.0000  0.0037  0.0012  0.0036  0.0483  0.0087  0.1156  0.0030  0.0039  0.0021  0.0006  0.0000  0.0016  0.0000  0.0000  0.0000
 0.0611  0.0000  0.0059  0.0132  0.0823  0.0121  0.1766  0.0520  0.0248  0.5589  0.0587  0.0194  0.0588  1.0000  0.1825  0.6779  0.0499  0.0628  0.0332  0.0091  0.0000  0.0262  0.0000  0.0000  0.0000
 0.0072  0.0000  0.0015  0.0019  0.0021  0.0112  0.0051  0.0013  0.0198  0.0028  1.0000  0.0129  0.0017  0.0884  0.0028  0.0027  0.0030  0.0035  0.0119  0.0018  0.0000  0.0022  0.0000  0.0000  0.0000
 0.0685  0.0000  0.0066  0.0123  0.0952  0.0607  0.0483  0.0609  0.0294  1.0000  0.0695  0.0623  0.0661  0.3264  0.4332  0.6760  0.0560  0.0732  0.0389  0.0108  0.0000  0.0311  0.0000  0.0000  0.0000
 0.2108  0.0000  0.0146  0.2878  1.0000  0.0149  0.1129  0.0381  0.0502  0.2602  0.1385  0.0288  0.5122  0.0813  0.2699  0.4419  0.4031  0.1569  0.0772  0.0054  0.0000  0.0134  0.0000  0.0000  0.0000
 0.1478  0.0000  0.1105  0.0593  0.0789  0.5733  0.0951  0.1563  0.2286  0.0840  0.5182  0.0663  0.0888  0.0595  0.0849  0.1004  0.2665  0.2344  0.1492  0.0551  0.0000  1.0000  0.0000  0.0000  0.0000
 0.0374  0.0000  0.0083  0.0043  0.0127  0.0411  0.0074  0.0084  0.5187  0.0998  0.5698  1.0000  0.0096  0.0129  0.0941  0.2210  0.0115  0.0275  0.4332  0.0058  0.0000  0.0114  0.0000  0.0000  0.0000
 0.4427  0.0000  0.1165  0.1706  0.3776  0.3640  0.2003  0.3244  0.3332  0.2530  1.0000  0.5987  0.2168  0.3064  0.2156  0.2339  0.3947  0.5736  0.5928  0.0950  0.0000  0.4935  0.0000  0.0000  0.0000
 0.8801  0.0000  0.3399  0.2263  0.3182  0.6942  0.3847  0.5148  0.6178  0.3385  0.8777  0.3148  0.3270  0.2772  0.5604  0.3639  0.8369  0.6070  1.0000  0.2499  0.0000  0.9387  0.0000  0.0000  0.0000
 0.1549  0.0000  0.0062  0.6866  1.0000  0.0161  0.2090  0.4164  0.0182  0.1645  0.0345  0.0140  0.1657  0.0974  0.4359  0.0504  0.1187  0.0790  0.0346  0.0077  0.0000  0.0267  0.0000  0.0000  0.0000
 0.4225  0.0000  0.0243  1.0000  0.0668  0.0144  0.1223  0.0388  0.0284  0.0741  0.0303  0.0152  0.5730  0.0659  0.0537  0.0418  0.7015  0.6272  0.0458  0.0085  0.0000  0.0245  0.0000  0.0000  0.0000
 0.7283  0.0000  0.0490  0.5640  1.0000  0.0570  0.3303  0.2011  0.1673  0.8200  0.3237  0.0946  0.4270  0.2384  0.5094  0.4605  0.6318  0.5274  0.2744  0.0185  0.0000  0.0532  0.0000  0.0000  0.0000
 0.0924  0.0000  0.0031  0.5779  1.0000  0.1232  0.0554  0.0269  0.0108  0.0926  0.0202  0.0083  0.0730  0.0560  0.1152  0.0271  0.3150  0.0461  0.0208  0.0043  0.0000  0.0138  0.0000  0.0000  0.0000
 0.4278  0.0000  0.0223  0.5728  0.1722  0.0242  0.2891  1.0000  0.0149  0.1264  0.0291  0.0764  0.5354  0.0748  0.0911  0.0652  0.2309  0.1009  0.0253  0.0106  0.0000  0.0531  0.0000  0.0000  0.0000
 0.7490  0.0000  0.0595  0.6186  1.0000  0.0707  0.3935  0.1513  0.1938  0.9190  0.3134  0.1097  0.4908  0.2786  0.5845  0.5275  0.7241  0.5684  0.2998  0.0226  0.0000  0.0689  0.0000  0.0000  0.0000
 0.3795  0.0000  0.0580  0.5709  0.6029  0.0517  0.1923  0.0685  0.0980  0.5638  0.3517  0.0555  0.2485  0.1385  1.0000  0.3264  0.4093  0.2880  0.1479  0.0113  0.0000  0.0340  0.0000  0.0000  0.0000
 0.0033  0.0000  0.0009  0.0004  0.0008  0.2388  0.0007  0.0007  0.0596  0.0011  1.0000  0.0110  0.0008  0.0014  0.0017  0.0011  0.0009  0.0019  0.0092  0.0013  0.0000  0.0020  0.0000  0.0000  0.0000
 0.0087  0.0000  0.0023  0.0011  0.0022  1.0000  0.0018  0.0017  0.3707  0.0029  0.4063  0.0282  0.0021  0.0036  0.0043  0.0029  0.0026  0.0051  0.0261  0.0041  0.0000  0.0090  0.0000  0.0000  0.0000
 0.0041  0.0000  0.0010  1.0000  0.0061  0.0008  0.0146  0.0959  0.0004  0.0058  0.0009  0.0003  0.0948  0.0033  0.0039  0.0029  0.0723  0.0044  0.0007  0.0004  0.0000  0.0022  0.0000  0.0000  0.0000
 0.0019  0.0000  0.0005  0.0002  0.0005  0.0969  0.0004  0.0004  0.0098  0.0007  1.0000  0.0587  0.0005  0.0008  0.0010  0.0007  0.0005  0.0011  0.0053  0.0007  0.0000  0.0009  0.0000  0.0000  0.0000
 0.0064  0.0000  0.0019  0.0012  0.0018  0.0133  0.0022  0.0007  1.0000  0.0025  0.9597  0.2127  0.0017  0.0019  0.0021  0.0022  0.0023  0.0058  0.3685  0.0016  0.0000  0.0034  0.0000  0.0000  0.0000
 0.0798  0.0000  0.0059  0.0603  0.6746  0.0070  0.1379  0.0216  0.0217  0.4879  0.0389  0.0134  0.0562  0.0342  1.0000  0.8260  0.1533  0.1854  0.0322  0.0034  0.0000  0.0088  0.0000  0.0000  0.0000
 0.3344  0.0000  0.0249  0.2244  0.4002  0.0321  0.4021  0.1110  0.0866  1.0000  0.1653  0.0565  0.2771  0.1452  0.4256  0.8721  0.3656  0.2532  0.1262  0.0179  0.0000  0.0501  0.0000  0.0000  0.0000
 0.0078  0.0000  0.1366  0.0009  0.0020  0.0198  0.0015  0.0015  0.2098  0.0026  0.4725  1.0000  0.0018  0.0032  0.0039  0.0025  0.0021  0.0046  0.0222  0.0023  0.0000  0.0025  0.0000  0.0000  0.0000
 0.0018  0.0000  0.0005  0.0002  0.0005  0.1083  0.0004  0.0003  0.0085  0.0006  1.0000  0.0056  0.0004  0.0008  0.0008  0.0006  0.0006  0.0010  0.0048  0.0012  0.0000  0.0035  0.0000  0.0000  0.0000
 0.0998  0.0000  0.0067  0.0498  1.0000  0.0051  0.0594  0.0103  0.0073  0.0628  0.0155  0.0062  0.0177  0.0289  0.0389  0.3184  0.0441  0.0243  0.1416  0.0024  0.0000  0.0066  0.0000  0.0000  0.0000
 0.0051  0.0000  0.0018  0.0021  0.0028  0.2319  0.0034  0.0298  0.0041  0.0030  0.0071  0.0023  0.0032  0.0021  0.0030  0.0035  0.0041  0.0040  0.0051  0.1126  0.0000  1.0000  0.0000  0.0000  0.0000
 0.0057  0.0000  0.0001  1.0000  0.3246  0.0005  0.0029  0.0016  0.0007  0.0059  0.0013  0.0005  0.0036  0.0035  0.0075  0.0381  0.0034  0.0026  0.0013  0.0003  0.0000  0.0008  0.0000  0.0000  0.0000
 0.0000  0.0000  0.0000  0.0000  0.0000  0.0000  0.0000  0.0000  0.0000  0.0000  0.0000  0.0000  0.0000  1.0000  0.0000  0.0000  0.0000  0.0000  0.0000  0.0000  0.0000  0.0000  0.0000  0.0000  0.0000
 1.0000  0.0000  0.0038  0.0043  0.0044  0.0256  0.0129  0.0015  0.0062  0.0846  0.0062  0.0026  0.0061  0.0086  0.0040  0.0038  0.4566  0.0642  0.0476  0.0008  0.0000  0.0019  0.0000  0.0000  0.0000
 0.2052  0.0000  0.0145  0.2290  0.4412  0.0136  0.1033  0.0332  0.2422  1.0000  0.1273  0.0288  0.1887  0.0746  0.3708  0.2498  0.2521  0.1557  0.0775  0.0047  0.0000  0.0105  0.0000  0.0000  0.0000
 0.0000  0.0000  0.0000  0.0000  0.0000  0.0000  0.0000  0.0000  0.0000  0.0000  0.0000  0.0000  0.0000  0.0000  0.0000  1.0000  0.0000  0.0000  0.0000  0.0000  0.0000  0.0000  0.0000  0.0000  0.0000
 0.0066  0.0000  0.0017  0.0008  0.0017  0.0177  0.0014  0.0013  1.0000  0.0023  0.7295  0.2846  0.0016  0.0028  0.0034  0.0023  0.0019  0.0039  0.0208  0.0021  0.0000  0.0023  0.0000  0.0000  0.0000
 0.0050  0.0000  0.0010  0.0021  0.0014  0.0005  0.0016  0.0006  0.0014  0.0318  0.0013  0.0007  0.0038  0.0197  0.0016  0.0014  0.0647  1.0000  0.0023  0.0003  0.0000  0.0006  0.0000  0.0000  0.0000
 0.7151  0.0000  0.0410  0.0282  0.0384  0.0619  0.1860  0.0101  0.1226  0.0427  1.0000  0.0770  0.0267  0.1849  0.0340  0.0321  0.1746  0.0823  0.1475  0.0106  0.0000  0.0168  0.0000  0.0000  0.0000
 0.8377  0.0000  0.0489  0.6705  0.9577  0.0458  0.4377  0.1509  0.1713  1.0000  0.2851  0.0969  0.4531  0.2513  0.5729  0.5702  0.7341  0.5250  0.2612  0.0158  0.0000  0.0349  0.0000  0.0000  0.0000
 0.1144  0.0000  0.0002  0.1175  1.0000  0.0011  0.0354  0.0030  0.0015  0.0125  0.0028  0.0011  0.0054  0.0075  0.1673  0.0034  0.0064  0.0055  0.0029  0.0005  0.0000  0.0015  0.0000  0.0000  0.0000
 1.0000  0.0000  0.0000  0.0000  0.0000  0.0000  0.0000  0.0000  0.0000  0.0000  0.0000  0.0000  0.0000  0.0000  0.0000  0.0000  0.0000  0.0000  0.0000  0.0000  0.0000  0.0000  0.0000  0.0000  0.0000
 0.0012  0.0000  0.0003  0.0002  0.0003  0.0034  0.0003  0.0002  0.0062  0.0004  1.0000  0.0268  0.0003  0.0005  0.0006  0.0004  0.0004  0.0007  0.0034  0.0004  0.0000  0.0005  0.0000  0.0000  0.0000
 0.0298  0.0000  0.0028  0.0055  0.1053  0.0062  0.0210  0.1008  0.0127  0.7176  0.2282  0.0099  0.0288  0.0233  0.6949  1.0000  0.0244  0.0319  0.0169  0.0047  0.0000  0.0133  0.0000  0.0000  0.0000
 0.0000  0.0000  0.0000  0.0000  0.0000  0.0000  0.0000  1.0000  0.0000  0.0000  0.0000  0.0000  0.0000  0.0000  0.0000  0.0000  0.0000  0.0000  0.0000  0.0000  0.0000  0.0000  0.0000  0.0000  0.0000
 0.0115  0.0000  0.0012  0.0028  0.0026  0.0005  0.0069  0.0007  0.0007  0.0025  0.0014  0.0006  0.0027  1.0000  0.0311  0.0017  0.0503  0.0043  0.0020  0.0002  0.0000  0.0006  0.0000  0.0000  0.0000
 0.0011  0.0000  0.0006  0.0002  0.0003  1.0000  0.0003  0.0000  0.0025  0.0000  0.0060  0.0012  0.0000  0.0005  0.0000  0.0000  0.0008  0.0007  0.0023  0.2130  0.0000  0.0223  0.0000  0.0000  0.0000
 0.0012  0.0000  0.0005  0.0002  0.0003  1.0000  0.0003  0.0001  0.0043  0.0002  0.1005  0.0026  0.0002  0.0005  0.0003  0.0002  0.0006  0.0007  0.0029  0.0030  0.0000  0.0117  0.0000  0.0000  0.0000
 0.8131  0.0000  0.0504  0.7240  1.0000  0.0488  0.3577  0.1158  0.1754  0.9040  0.2831  0.0993  0.4741  0.2582  0.5784  0.4897  0.7238  0.6754  0.2674  0.0167  0.0000  0.0790  0.0000  0.0000  0.0000
 1.0000  0.0000  0.1467  0.1525  0.2163  0.3245  0.5562  0.2413  0.2373  0.3174  0.4571  0.1500  0.1956  0.2830  0.2165  0.2943  0.5616  0.3170  0.3549  0.0869  0.0000  0.4213  0.0000  0.0000  0.0000
 0.0032  0.0000  0.0008  0.0004  0.0008  0.0662  0.0006  0.0006  0.0160  0.0011  1.0000  0.0103  0.0008  0.0013  0.0016  0.0011  0.0009  0.0019  0.0548  0.0012  0.0000  0.0020  0.0000  0.0000  0.0000
 0.0506  0.0000  0.0041  0.0290  0.1024  0.0063  0.0298  0.0234  0.0162  1.0000  0.0329  0.0111  0.0715  0.1218  0.1439  0.4320  0.0461  0.2972  0.0230  0.0040  0.0000  0.0109  0.0000  0.0000  0.0000
 0.4873  0.0000  0.0348  0.3028  0.5303  0.0411  0.2547  0.1004  0.1106  1.0000  0.1929  0.0816  0.2763  0.3170  0.3778  0.5261  0.4021  0.3603  0.1679  0.0172  0.0000  0.0488  0.0000  0.0000  0.0000
 0.0226  0.0000  0.0007  0.0523  1.0000  0.0024  0.0107  0.0071  0.0036  0.3164  0.0072  0.0027  0.0122  0.0139  0.0308  0.0209  0.0131  0.0118  0.0062  0.0013  0.0000  0.0036  0.0000  0.0000  0.0000
//
