WARNING! G44 not allowed! score: 0.03 median: 3.00 # of sequence: 346
ID   UNK_ID; MATRIX
AC   UNK_AC
DE   UNK_DE
MA   UNK_BL
  A   B   C   D   E   F   G   H   I   K   L   M   N   P   Q   R   S   T   V   W   X   Y   Z   *   -
 0.0025  0.0000  0.0006  0.0003  0.0006  0.0063  0.0006  0.0005  0.0113  0.0008  0.0994  1.0000  0.0006  0.0010  0.0012  0.0008  0.0007  0.0014  0.0064  0.0008  0.0000  0.0011  0.0000  0.0000  0.0000
 0.9449  0.0000  0.0052  0.0043  0.0047  0.0020  0.0451  0.0010  0.0026  0.0053  0.0461  0.0024  0.0043  0.0131  0.0037  0.0038  1.0000  0.0527  0.0088  0.0008  0.0000  0.0016  0.0000  0.0000  0.0000
 0.0653  0.0000  0.0012  0.0619  0.0390  0.0011  0.0054  0.0019  0.0038  0.0277  0.0211  1.0000  0.0244  0.0046  0.0082  0.0071  0.0508  0.0760  0.1575  0.0004  0.0000  0.0010  0.0000  0.0000  0.0000
 0.0216  0.0000  0.0004  0.6639  1.0000  0.0008  0.0039  0.0019  0.0015  0.0097  0.0177  0.0010  0.0362  0.0165  0.1360  0.0038  0.2845  0.0954  0.0026  0.0003  0.0000  0.0009  0.0000  0.0000  0.0000
 0.5965  0.0000  0.1909  0.7883  0.7022  0.0236  0.1803  0.0680  0.0887  1.0000  0.1948  0.0728  0.9425  0.1301  0.9570  0.7903  0.6740  0.2719  0.1460  0.0081  0.0000  0.0179  0.0000  0.0000  0.0000
 0.0002  0.0000  0.0001  0.0000  0.0001  0.4876  0.0000  0.0000  0.0005  0.0000  0.0012  0.0002  0.0000  0.0001  0.0000  0.0000  0.0002  0.0001  0.0005  0.0011  0.0000  1.0000  0.0000  0.0000  0.0000
 0.0248  0.0000  0.0008  0.0276  1.0000  0.0008  0.0056  0.0881  0.0303  0.0904  0.0696  0.0072  0.0169  0.0040  0.6933  0.0077  0.0276  0.0930  0.0369  0.0003  0.0000  0.0006  0.0000  0.0000  0.0000
 0.0023  0.0000  0.0457  0.0005  0.0072  0.0005  0.0265  0.0020  0.0010  1.0000  0.0023  0.0008  0.0059  0.1062  0.1318  0.1904  0.0019  0.0024  0.0013  0.0004  0.0000  0.0010  0.0000  0.0000  0.0000
 0.0046  0.0000  0.0010  0.0003  0.0109  0.0026  0.0003  0.0003  0.4716  0.0009  1.0000  0.0384  0.0005  0.0011  0.0436  0.0006  0.0009  0.0301  0.5585  0.0003  0.0000  0.0006  0.0000  0.0000  0.0000
 0.1268  0.0000  0.0001  0.0127  1.0000  0.0002  0.0048  0.0006  0.0002  0.0019  0.0042  0.0002  0.0485  0.0012  0.0023  0.0006  0.0015  0.0009  0.0004  0.0001  0.0000  0.0003  0.0000  0.0000  0.0000
 0.0005  0.0000  0.0000  0.0001  0.1202  0.0001  0.0003  0.0004  0.0002  1.0000  0.0005  0.0002  0.0027  0.0004  0.0414  0.0128  0.0004  0.0037  0.0003  0.0001  0.0000  0.0002  0.0000  0.0000  0.0000
 0.0129  0.0000  0.0001  0.0001  0.0001  0.0004  0.0001  0.0000  1.0000  0.0001  0.1826  0.0004  0.0001  0.0001  0.0001  0.0001  0.0001  0.0004  0.2750  0.0001  0.0000  0.0002  0.0000  0.0000  0.0000
 0.0003  0.0000  0.0001  0.0259  0.0004  0.0001  1.0000  0.0003  0.0000  0.0004  0.0001  0.0000  0.0185  0.0003  0.0003  0.0002  0.0008  0.0003  0.0001  0.0000  0.0000  0.0002  0.0000  0.0000  0.0000
 0.0063  0.0000  0.0001  0.0029  1.0000  0.0001  0.0113  0.0003  0.0002  0.0011  0.0003  0.0001  0.0005  0.0009  0.0120  0.0004  0.0010  0.0006  0.0604  0.0001  0.0000  0.0002  0.0000  0.0000  0.0000
 0.0000  0.0000  0.0000  0.0000  0.0000  0.0000  1.0000  0.0000  0.0000  0.0000  0.0000  0.0000  0.0000  0.0000  0.0000  0.0000  0.0000  0.0000  0.0000  0.0000  0.0000  0.0000  0.0000  0.0000  0.0000
 0.1163  0.0000  0.0002  0.0002  0.0002  0.0001  0.0009  0.0001  0.0002  0.0003  0.0003  0.0030  0.0003  0.0005  0.0002  0.0002  0.0016  1.0000  0.0005  0.0000  0.0000  0.0001  0.0000  0.0000  0.0000
 0.0000  0.0000  0.0000  0.0000  0.0000  0.0000  0.0000  0.0000  0.0000  0.0000  0.0000  0.0000  0.0000  0.0000  0.0000  0.0000  0.0000  0.0000  0.0000  0.0000  0.0000  1.0000  0.0000  0.0000  0.0000
 0.0996  0.0000  0.0002  0.0002  0.0002  0.0001  1.0000  0.0001  0.0001  0.0002  0.0002  0.0001  0.0002  0.0006  0.0002  0.0002  0.0011  0.0004  0.0004  0.0000  0.0000  0.0001  0.0000  0.0000  0.0000
 0.0306  0.0000  0.0062  0.0015  0.0048  0.0037  0.0002  0.0013  0.0695  0.2936  0.0472  0.0070  0.0023  0.0066  0.0587  0.0034  0.0047  0.3117  1.0000  0.0006  0.0000  0.0012  0.0000  0.0000  0.0000
 0.0000  0.0000  0.0000  0.0000  0.0000  0.0000  0.0000  0.0000  0.0000  0.0000  0.0000  0.0000  0.0000  0.0000  0.0000  0.0000  0.0000  0.0000  1.0000  0.0000  0.0000  0.0000  0.0000  0.0000  0.0000
 0.0001  0.0000  0.0001  0.0000  0.0000  0.1600  0.0000  0.0000  0.0003  0.0000  0.0008  0.0002  0.0000  0.0001  0.0000  0.0000  0.0001  0.0001  0.0003  0.0007  0.0000  1.0000  0.0000  0.0000  0.0000
 0.0005  0.0000  0.0000  0.0001  0.0006  0.0001  0.0003  0.0004  0.0002  1.0000  0.0005  0.0385  0.0004  0.0004  0.0011  0.0958  0.0004  0.0005  0.0003  0.0001  0.0000  0.0002  0.0000  0.0000  0.0000
 1.0000  0.0000  0.0004  0.0003  0.0004  0.0002  0.2921  0.0001  0.0002  0.0004  0.0004  0.0002  0.0003  0.0010  0.0003  0.0003  0.0019  0.0007  0.0006  0.0001  0.0000  0.0001  0.0000  0.0000  0.0000
 0.0019  0.0000  0.0113  0.0003  0.0164  0.0004  0.0011  0.0014  0.0229  0.3646  0.0635  0.0054  0.0016  0.0013  0.0956  1.0000  0.0014  0.0066  0.0135  0.0003  0.0000  0.0008  0.0000  0.0000  0.0000
 0.0018  0.0000  0.0098  1.0000  0.2549  0.0004  0.0062  0.1441  0.0002  0.0025  0.0004  0.0001  0.5281  0.0014  0.0018  0.0013  0.0123  0.0019  0.0047  0.0002  0.0000  0.0009  0.0000  0.0000  0.0000
 0.1277  0.0000  0.0252  0.1086  0.1532  0.0131  0.0602  0.0231  0.1510  1.0000  0.3696  0.0394  0.1825  0.1922  0.0924  0.9312  0.1339  0.2922  0.0483  0.0042  0.0000  0.0138  0.0000  0.0000  0.0000
 0.8094  0.0000  0.0521  0.6097  1.0000  0.0519  0.3779  0.2191  0.1955  0.9842  0.3272  0.1026  0.5104  0.2637  0.6364  0.5340  0.7325  0.5837  0.3430  0.0175  0.0000  0.0567  0.0000  0.0000  0.0000
 0.0018  0.0000  0.0004  0.0371  0.0020  0.0003  0.0082  0.0134  0.0003  0.0020  0.0005  0.0002  0.1607  0.0677  0.0074  0.0010  0.1914  1.0000  0.0005  0.0002  0.0000  0.0007  0.0000  0.0000  0.0000
 0.0010  0.0000  0.0002  0.0357  0.0014  0.0002  1.0000  0.0273  0.0001  0.0014  0.0002  0.0001  0.3072  0.0008  0.0170  0.0007  0.0027  0.0055  0.0002  0.0065  0.0000  0.0005  0.0000  0.0000  0.0000
 0.0637  0.0000  0.0009  0.0506  1.0000  0.0009  0.0067  0.1546  0.0033  0.2304  0.0104  0.0160  0.0382  0.0049  0.4769  0.5463  0.0349  0.0389  0.0051  0.0003  0.0000  0.0007  0.0000  0.0000  0.0000
 0.0135  0.0000  0.0022  0.0063  0.0028  0.3050  0.0030  0.0047  1.0000  0.0031  0.3825  0.1208  0.0029  0.0204  0.0029  0.0033  0.0150  0.3268  0.3029  0.0017  0.0000  0.0195  0.0000  0.0000  0.0000
 0.0004  0.0000  0.0152  0.0001  0.0001  0.0318  0.0001  0.0000  0.1590  0.0001  0.0039  0.0003  0.0001  0.0001  0.0000  0.0001  0.0114  0.0004  1.0000  0.0000  0.0000  0.0001  0.0000  0.0000  0.0000
 1.0000  0.0000  0.0002  0.0002  0.0002  0.0001  0.0011  0.0000  0.0001  0.0002  0.0002  0.0001  0.0001  0.0005  0.0001  0.0002  0.0009  0.0034  0.0003  0.0000  0.0000  0.0001  0.0000  0.0000  0.0000
 0.0003  0.0000  0.0001  0.0000  0.0001  0.0007  0.0001  0.0001  0.0013  0.0001  1.0000  0.1368  0.0001  0.0001  0.0001  0.0001  0.0001  0.0001  0.0007  0.0001  0.0000  0.0001  0.0000  0.0000  0.0000
 0.0000  0.0000  0.0000  0.0000  0.0000  0.0000  0.0000  0.0000  0.0000  1.0000  0.0000  0.0000  0.0000  0.0000  0.0000  0.0000  0.0000  0.0000  0.0000  0.0000  0.0000  0.0000  0.0000  0.0000  0.0000
 0.0007  0.0000  0.0001  0.0002  0.1190  0.0001  0.0005  0.0006  0.0003  1.0000  0.0007  0.0002  0.0007  0.0005  0.0016  0.1402  0.0753  0.0049  0.0004  0.0001  0.0000  0.0003  0.0000  0.0000  0.0000
 0.0012  0.0000  0.0239  0.0001  0.0002  0.0086  0.0001  0.0000  1.0000  0.0003  0.0028  0.0006  0.0001  0.0002  0.0001  0.0002  0.0003  0.1680  0.2503  0.0001  0.0000  0.0002  0.0000  0.0000  0.0000
 0.0005  0.0000  0.0000  0.0002  0.0103  0.0001  0.0004  0.0816  0.0002  0.0513  0.0005  0.0002  0.0123  0.0004  0.0011  1.0000  0.0103  0.0005  0.0003  0.0001  0.0000  0.0002  0.0000  0.0000  0.0000
 0.0004  0.0000  0.0001  0.0000  0.0001  0.0010  0.0001  0.0001  0.0019  0.0001  1.0000  0.1100  0.0001  0.0002  0.0002  0.0001  0.0001  0.0002  0.1401  0.0001  0.0000  0.0001  0.0000  0.0000  0.0000
 0.0027  0.0000  0.0000  0.4011  1.0000  0.0002  0.0010  0.0652  0.0003  0.0028  0.0006  0.0003  0.0011  0.0998  0.0830  0.0007  0.0014  0.0012  0.0006  0.0001  0.0000  0.0003  0.0000  0.0000  0.0000
 0.5478  0.0000  0.0056  0.1810  0.3112  0.0052  0.0399  0.0859  0.0196  0.3011  0.0612  0.2712  0.4685  0.0498  0.5873  0.0551  1.0000  0.4211  0.0300  0.0018  0.0000  0.0040  0.0000  0.0000  0.0000
 0.0019  0.0000  0.0001  0.2414  1.0000  0.0002  0.0768  0.0007  0.0002  0.0019  0.0004  0.0002  0.0026  0.0011  0.0021  0.0006  0.0257  0.0010  0.0004  0.0001  0.0000  0.0004  0.0000  0.0000  0.0000
 0.0162  0.0000  0.0146  1.0000  0.5062  0.0008  0.1391  0.0024  0.0022  0.0273  0.0036  0.0013  0.0109  0.0043  0.0079  0.1672  0.0640  0.0735  0.0035  0.0003  0.0000  0.0010  0.0000  0.0000  0.0000
 0.0410  0.0000  0.0001  0.0090  1.0000  0.0001  0.0283  0.0003  0.0001  0.0010  0.0003  0.0001  0.0005  0.0007  0.0013  0.0003  0.0007  0.0005  0.0003  0.0000  0.0000  0.0001  0.0000  0.0000  0.0000
 0.0634  0.0000  0.0002  0.0002  0.0030  0.0001  1.0000  0.0000  0.0001  0.0002  0.0002  0.0001  0.0002  0.0006  0.0002  0.0002  0.0013  0.0004  0.0004  0.0000  0.0000  0.0001  0.0000  0.0000  0.0000
 0.1435  0.0000  0.0043  0.5486  0.9218  0.0135  1.0000  0.0384  0.0183  0.1472  0.0336  0.0666  0.0952  0.0841  0.3372  0.0461  0.0909  0.0691  0.0341  0.0063  0.0000  0.0195  0.0000  0.0000  0.0000
 0.1437  0.0000  0.0235  0.6734  1.0000  0.0237  0.6695  0.1143  0.0151  0.1834  0.0317  0.0119  0.6371  0.1060  0.1544  0.0811  0.2831  0.1213  0.0269  0.0121  0.0000  0.0577  0.0000  0.0000  0.0000
 0.0000  0.0000  0.0000  0.0000  0.0000  0.0000  1.0000  0.0000  0.0000  0.0000  0.0000  0.0000  0.0000  0.0000  0.0000  0.0000  0.0000  0.0000  0.0000  0.0000  0.0000  0.0000  0.0000  0.0000  0.0000
 0.0008  0.0000  0.0002  0.0002  0.0002  0.1211  0.0003  0.0000  0.2332  0.0003  0.1123  0.0605  0.0002  0.0002  0.0001  0.0003  0.0003  0.1463  1.0000  0.0001  0.0000  0.0004  0.0000  0.0000  0.0000
 0.0000  0.0000  0.0000  0.0000  0.0000  0.0000  0.0000  0.0000  0.0000  0.0000  0.0000  0.0000  0.0000  1.0000  0.0000  0.0000  0.0000  0.0000  0.0000  0.0000  0.0000  0.0000  0.0000  0.0000  0.0000
 0.0581  0.0000  0.0201  0.0033  0.0088  0.0067  0.0013  0.0023  0.1370  0.0090  0.1456  0.0128  0.0052  0.1390  0.0068  0.0051  1.0000  0.0508  0.1833  0.0012  0.0000  0.0021  0.0000  0.0000  0.0000
 0.0006  0.0000  0.0001  0.0003  0.0002  0.0001  0.0002  0.0001  0.0002  0.0003  0.0002  0.0001  0.0005  0.0003  0.0002  0.0002  0.1434  1.0000  0.0003  0.0000  0.0000  0.0001  0.0000  0.0000  0.0000
 1.0000  0.0000  0.0003  0.0004  0.0003  0.0001  0.0015  0.0001  0.0003  0.0004  0.0004  0.0002  0.0005  0.0008  0.0003  0.0003  0.0800  0.2216  0.0006  0.0001  0.0000  0.0001  0.0000  0.0000  0.0000
 0.0003  0.0000  0.0001  0.0001  0.0001  0.0006  0.0001  0.0000  1.0000  0.0001  0.2941  0.0088  0.0001  0.0001  0.0001  0.0001  0.0001  0.0003  0.1340  0.0001  0.0000  0.0002  0.0000  0.0000  0.0000
 0.0000  0.0000  0.0000  0.0000  0.0000  0.0000  0.0000  0.0000  0.0000  0.0000  0.0000  0.0000  0.0000  0.0000  0.0000  1.0000  0.0000  0.0000  0.0000  0.0000  0.0000  0.0000  0.0000  0.0000  0.0000
 0.0004  0.0000  0.0002  0.0007  1.0000  0.0002  0.0040  0.0002  0.0002  0.0004  0.0003  0.0001  0.0003  0.0007  0.0003  0.0004  0.0003  0.0003  0.0002  0.0002  0.0000  0.0002  0.0000  0.0000  0.0000
 0.0002  0.0000  0.0001  0.0000  0.0001  0.0002  0.0001  0.0000  1.0000  0.0001  0.0013  0.0002  0.0001  0.0000  0.0000  0.0001  0.0001  0.0002  0.2306  0.0000  0.0000  0.0001  0.0000  0.0000  0.0000
 0.1464  0.0000  0.0300  0.0007  0.0004  0.0002  0.0010  0.0002  0.0004  0.0437  0.0004  0.0002  0.0508  0.0008  0.0004  0.0004  1.0000  0.0116  0.0007  0.0001  0.0000  0.0002  0.0000  0.0000  0.0000
 0.0003  0.0000  0.0001  0.0000  0.0001  0.0114  0.0001  0.0001  0.1852  0.0001  1.0000  0.0011  0.0001  0.0001  0.0002  0.0001  0.0001  0.0002  0.0545  0.0001  0.0000  0.0001  0.0000  0.0000  0.0000
 0.0002  0.0000  0.0001  0.0000  0.0001  0.0006  0.0001  0.0000  0.0012  0.0001  1.0000  0.0979  0.0001  0.0001  0.0001  0.0001  0.0001  0.0001  0.0006  0.0001  0.0000  0.0001  0.0000  0.0000  0.0000
 0.0010  0.0000  0.0001  0.0002  0.0013  0.0002  0.0007  0.0009  0.0004  1.0000  0.0610  0.0003  0.0108  0.0008  0.1103  0.2257  0.0008  0.0010  0.0005  0.0002  0.0000  0.0004  0.0000  0.0000  0.0000
 0.0031  0.0000  0.0003  0.0008  1.0000  0.0006  0.0046  0.0466  0.0013  0.0697  0.0202  0.1629  0.0029  0.0024  0.0152  0.1104  0.0126  0.0032  0.0017  0.0005  0.0000  0.0013  0.0000  0.0000  0.0000
 0.0004  0.0000  0.0001  0.0000  0.0001  0.0010  0.0001  0.0001  0.0097  0.0001  1.0000  0.2736  0.0001  0.0002  0.0002  0.0001  0.0001  0.0002  0.0394  0.0001  0.0000  0.0001  0.0000  0.0000  0.0000
 0.0462  0.0000  0.0025  0.0136  0.4652  0.0047  0.0193  0.5032  0.0105  1.0000  0.0231  0.0077  0.4339  0.0189  0.7283  0.4225  0.6092  0.0278  0.0143  0.0033  0.0000  0.0093  0.0000  0.0000  0.0000
 1.0000  0.0000  0.0686  0.5973  0.9492  0.0424  0.3182  0.1996  0.1563  0.7750  0.2521  0.0884  0.4716  0.2291  0.7718  0.4628  0.8875  0.6831  0.2382  0.0146  0.0000  0.0329  0.0000  0.0000  0.0000
 0.5749  0.0000  0.0436  0.6904  1.0000  0.8262  0.3467  0.0810  0.0415  0.2405  0.0782  0.0337  0.2841  0.2043  0.2644  0.0914  0.7718  0.2204  0.1010  0.0159  0.0000  0.0513  0.0000  0.0000  0.0000
 0.5325  0.0000  0.0450  0.5839  1.0000  0.0758  0.2619  0.2548  0.2296  0.6259  0.3393  0.0980  0.4079  0.2065  0.4123  0.4853  0.5058  0.3881  0.2197  0.0225  0.0000  0.1107  0.0000  0.0000  0.0000
 0.0012  0.0000  0.0003  0.2059  0.0018  0.0002  0.0044  1.0000  0.0001  0.0017  0.0003  0.0001  0.0216  0.0010  0.0012  0.0009  0.0033  0.0013  0.0002  0.0001  0.0000  0.0686  0.0000  0.0000  0.0000
 0.0457  0.0000  0.0059  0.1484  0.3073  0.0011  0.0875  0.0026  0.0040  0.0761  0.0064  0.0022  0.0164  1.0000  0.0289  0.1104  0.0865  0.0122  0.0060  0.0004  0.0000  0.0008  0.0000  0.0000  0.0000
 0.0006  0.0000  0.0001  0.0026  0.0008  0.0089  0.0019  0.0519  0.0001  0.0008  0.0001  0.0001  1.0000  0.0005  0.0005  0.0004  0.0793  0.0033  0.0001  0.0001  0.0000  0.0173  0.0000  0.0000  0.0000
 0.0004  0.0000  0.0123  0.0001  0.0001  0.0003  0.0001  0.0000  1.0000  0.0001  0.0018  0.0003  0.0001  0.0001  0.0000  0.0001  0.0001  0.0004  0.4643  0.0000  0.0000  0.0002  0.0000  0.0000  0.0000
 0.0002  0.0000  0.0001  0.0000  0.0000  0.0002  0.0001  0.0000  0.0501  0.0001  0.0173  0.0002  0.0000  0.0000  0.0000  0.0000  0.0001  0.0002  1.0000  0.0000  0.0000  0.0001  0.0000  0.0000  0.0000
 0.0462  0.0000  0.0844  0.0941  0.0344  0.0039  0.0335  0.0132  0.0070  0.2394  0.0248  0.0122  0.0466  0.0343  0.0473  1.0000  0.2171  0.0516  0.0103  0.0122  0.0000  0.0147  0.0000  0.0000  0.0000
 0.0002  0.0000  0.0001  0.0000  0.0001  0.0006  0.0001  0.0000  0.0011  0.0001  1.0000  0.0007  0.0001  0.0001  0.0001  0.0001  0.0001  0.0001  0.0413  0.0001  0.0000  0.0001  0.0000  0.0000  0.0000
 0.3396  0.0000  0.1308  0.1375  0.2660  0.6068  0.2208  0.5091  0.2864  0.3661  0.9014  0.3467  0.2178  0.1368  0.4323  0.2875  0.2775  0.2620  0.3364  0.1239  0.0000  1.0000  0.0000  0.0000  0.0000
 0.0160  0.0000  0.0421  1.0000  0.1404  0.0002  0.0029  0.0009  0.0001  0.0015  0.0003  0.0001  0.1123  0.0008  0.0133  0.0138  0.0240  0.0010  0.0002  0.0001  0.0000  0.0005  0.0000  0.0000  0.0000
 0.0076  0.0000  0.0001  0.0000  0.0001  0.0003  0.0001  0.0000  0.2292  0.0001  0.0153  0.0003  0.0001  0.0001  0.0000  0.0001  0.0001  0.0003  1.0000  0.0000  0.0000  0.0001  0.0000  0.0000  0.0000
 0.0251  0.0000  0.2758  0.0015  0.2005  0.0066  0.0008  0.0011  0.6523  0.1208  0.4822  0.0182  0.0022  0.0054  0.0104  0.0027  0.0041  0.0184  1.0000  0.0009  0.0000  0.0020  0.0000  0.0000  0.0000
 0.1411  0.0000  0.0117  0.0135  0.0180  0.0464  0.0217  1.0000  0.0260  0.0193  0.0501  0.2138  0.0310  0.0135  0.1215  0.0254  0.0313  0.1429  0.0985  0.0122  0.0000  0.1329  0.0000  0.0000  0.0000
 0.3874  0.0000  0.0389  0.0323  0.0708  0.0061  0.3563  0.0087  0.0579  0.0452  0.0271  0.0071  0.1437  0.0186  0.0538  0.0266  0.9779  1.0000  0.2782  0.0022  0.0000  0.0070  0.0000  0.0000  0.0000
 0.1576  0.0000  0.0038  1.0000  0.3396  0.0035  0.0374  0.0086  0.0360  0.1341  0.0607  0.0075  0.0351  0.1489  0.2042  0.0372  0.5230  0.0607  0.0693  0.0012  0.0000  0.0027  0.0000  0.0000  0.0000
 0.4153  0.0000  0.0207  0.2605  0.5200  0.0193  0.6287  0.0619  0.0726  0.9050  0.1172  0.0411  0.5132  0.1066  0.3857  1.0000  0.6017  0.2227  0.1251  0.0067  0.0000  0.0147  0.0000  0.0000  0.0000
 0.6535  0.0000  0.1129  0.8464  0.7257  0.1751  0.5974  0.3460  0.2009  0.7542  0.3468  0.1137  0.9387  0.3095  0.4709  0.4235  1.0000  0.9323  0.2917  0.0562  0.0000  0.2522  0.0000  0.0000  0.0000
 0.0272  0.0000  0.0021  1.0000  0.5501  0.0020  0.2442  0.0205  0.0065  0.0911  0.0105  0.0037  0.1426  0.0700  0.0705  0.0185  0.0827  0.0535  0.0099  0.0007  0.0000  0.0020  0.0000  0.0000  0.0000
 0.4744  0.0000  0.1613  0.4682  0.9400  0.0324  0.6775  0.0852  0.1141  0.9963  0.1841  0.0645  0.2994  0.1853  1.0000  0.9680  0.4639  0.3622  0.1736  0.0110  0.0000  0.0806  0.0000  0.0000  0.0000
 0.0158  0.0000  0.0002  0.2175  1.0000  0.0004  0.0132  0.0108  0.0084  0.1869  0.0016  0.0006  0.0155  0.0960  0.0440  0.0024  0.0037  0.0030  0.0015  0.0002  0.0000  0.0005  0.0000  0.0000  0.0000
 0.5190  0.0000  0.1053  0.3425  0.5261  0.1044  0.3092  0.1109  0.3024  0.9480  0.2219  0.0907  1.0000  0.1984  0.3000  0.2759  0.9289  0.8134  0.2329  0.0267  0.0000  0.1409  0.0000  0.0000  0.0000
 0.0097  0.0000  0.0401  0.0072  0.0124  0.0017  0.0227  0.0028  0.0140  1.0000  0.0295  0.0214  0.0298  0.0039  0.0664  0.5410  0.1113  0.0144  0.0847  0.0006  0.0000  0.0021  0.0000  0.0000  0.0000
 0.0003  0.0000  0.0001  0.0001  0.0001  0.0007  0.0001  0.0000  0.1643  0.0001  1.0000  0.0008  0.0001  0.0001  0.0001  0.0001  0.0001  0.0003  0.0899  0.0001  0.0000  0.0001  0.0000  0.0000  0.0000
 0.0083  0.0000  0.0029  0.0034  0.0045  0.0895  0.0116  0.0089  0.0253  0.0048  0.0108  0.1117  0.0189  0.0034  0.0048  0.0057  0.0066  0.3245  0.0152  0.0056  0.0000  1.0000  0.0000  0.0000  0.0000
 0.0002  0.0000  0.0001  0.0000  0.0001  0.0006  0.0001  0.0000  0.0012  0.0001  1.0000  0.0825  0.0001  0.0001  0.0001  0.0001  0.0001  0.0001  0.0006  0.0001  0.0000  0.0001  0.0000  0.0000  0.0000
 0.0003  0.0000  0.0001  0.0000  0.0001  0.0002  0.0001  0.0000  0.1388  0.0001  0.0012  0.0098  0.0000  0.0001  0.0000  0.0001  0.0040  0.0003  1.0000  0.0000  0.0000  0.0001  0.0000  0.0000  0.0000
 0.0002  0.0000  0.0024  0.0000  0.0000  1.0000  0.0000  0.0000  0.0007  0.0000  0.0049  0.0459  0.0000  0.0001  0.0001  0.0000  0.0001  0.0001  0.0005  0.0004  0.0000  0.0017  0.0000  0.0000  0.0000
 0.0005  0.0000  0.0000  0.0217  1.0000  0.0001  0.0003  0.0001  0.0001  0.0005  0.0001  0.0000  0.0002  0.0003  0.0006  0.0001  0.0002  0.0002  0.0001  0.0000  0.0000  0.0001  0.0000  0.0000  0.0000
 0.0021  0.0000  0.0007  0.0006  0.0008  1.0000  0.0010  0.3038  0.0064  0.0010  0.0282  0.0041  0.0008  0.0009  0.0010  0.0010  0.0011  0.0013  0.0040  0.0015  0.0000  0.9881  0.0000  0.0000  0.0000
 0.0007  0.0000  0.0377  0.0001  0.0002  0.0016  0.0001  0.0001  0.0705  0.0002  1.0000  0.3608  0.0002  0.0003  0.0003  0.0002  0.0002  0.0005  0.1538  0.0002  0.0000  0.0002  0.0000  0.0000  0.0000
 0.0008  0.0000  0.0001  1.0000  0.0854  0.0001  0.0022  0.0266  0.0001  0.0011  0.0002  0.0001  0.0575  0.0006  0.0067  0.0005  0.1435  0.0383  0.0002  0.0001  0.0000  0.0003  0.0000  0.0000  0.0000
 0.5486  0.0000  0.1807  0.2456  0.3287  0.6980  0.3633  0.6439  0.3998  0.4183  0.9259  0.3738  0.3324  0.2178  0.6109  0.3867  0.4555  0.5277  0.5272  0.1837  0.0000  1.0000  0.0000  0.0000  0.0000
 0.0000  0.0000  0.0000  1.0000  0.0000  0.0000  0.0000  0.0000  0.0000  0.0000  0.0000  0.0000  0.0000  0.0000  0.0000  0.0000  0.0000  0.0000  0.0000  0.0000  0.0000  0.0000  0.0000  0.0000  0.0000
 0.0002  0.0000  0.0001  0.0000  0.0001  0.0031  0.0000  0.0000  0.0011  0.0001  1.0000  0.0131  0.0001  0.0001  0.0001  0.0001  0.0001  0.0001  0.0114  0.0001  0.0000  0.0001  0.0000  0.0000  0.0000
 0.0005  0.0000  0.0000  0.0001  0.0007  0.0001  0.0003  0.0004  0.0002  1.0000  0.0005  0.0002  0.0005  0.0004  0.0011  0.0690  0.0004  0.0807  0.0003  0.0001  0.0000  0.0002  0.0000  0.0000  0.0000
 0.0209  0.0000  0.0002  0.0004  0.0109  0.0004  0.0816  0.0111  0.0008  1.0000  0.0018  0.0006  0.0069  0.0014  0.0174  0.1072  0.0015  0.1387  0.0010  0.0003  0.0000  0.0008  0.0000  0.0000  0.0000
 0.0032  0.0000  0.0113  0.0013  0.0017  0.2784  0.0021  0.2041  0.0085  0.0019  0.1754  0.0014  0.0020  0.0013  0.0278  0.0022  0.0026  0.0091  0.0507  0.0225  0.0000  1.0000  0.0000  0.0000  0.0000
 0.0629  0.0000  0.0003  0.0001  0.0003  0.0454  0.0002  0.0002  0.1816  0.0004  0.5048  1.0000  0.0003  0.0157  0.0006  0.0004  0.0003  0.0006  0.0193  0.0072  0.0000  0.0168  0.0000  0.0000  0.0000
 0.0013  0.0000  0.0000  1.0000  0.3085  0.0001  0.0008  0.0004  0.0053  0.0014  0.0003  0.0001  0.0078  0.0008  0.0017  0.0757  0.0009  0.0006  0.0003  0.0001  0.0000  0.0002  0.0000  0.0000  0.0000
 0.2604  0.0000  0.0097  0.0970  0.0988  0.0031  0.0536  0.0381  0.0287  0.3676  0.0474  0.0066  0.0578  0.0172  0.0527  0.2032  1.0000  0.3172  0.1383  0.0011  0.0000  0.0024  0.0000  0.0000  0.0000
 0.7009  0.0000  0.5230  0.1999  0.2657  0.7993  0.3871  0.6936  0.6885  0.3180  0.9256  0.3930  0.3967  0.1988  0.3168  0.4701  0.6123  0.4552  0.6901  0.1801  0.0000  1.0000  0.0000  0.0000  0.0000
 0.0719  0.0000  0.0025  0.1011  0.0584  0.0023  0.2362  0.0056  0.0086  0.1364  0.0369  0.0049  0.1326  1.0000  0.0490  0.2074  0.1499  0.0415  0.0131  0.0008  0.0000  0.0017  0.0000  0.0000  0.0000
 0.6602  0.0000  0.0342  0.6392  1.0000  0.0424  0.7426  0.1636  0.1397  0.7453  0.2227  0.0679  0.4211  0.4706  0.6585  0.3963  0.5076  0.4138  0.2377  0.0110  0.0000  0.0243  0.0000  0.0000  0.0000
 0.7918  0.0000  0.0772  0.6276  1.0000  0.2167  0.4289  0.2145  0.2406  0.9522  0.4210  0.1714  0.5379  0.3956  0.6506  0.6225  0.7799  0.6520  0.3567  0.0447  0.0000  0.1957  0.0000  0.0000  0.0000
 0.2295  0.0000  0.0321  0.0975  0.0999  0.2392  1.0000  0.1280  0.0789  0.1716  0.1385  0.0516  0.0702  0.2198  0.1203  0.1576  0.2069  0.1165  0.1186  0.0321  0.0000  0.3110  0.0000  0.0000  0.0000
 0.0160  0.0000  0.0051  0.0069  0.0195  0.0863  0.0099  0.0153  0.2440  0.1958  1.0000  0.2542  0.0489  0.0064  0.0177  0.0202  0.0962  0.0201  0.1049  0.0051  0.0000  0.0276  0.0000  0.0000  0.0000
 0.1723  0.0000  0.0255  1.0000  0.4642  0.0096  0.4171  0.0235  0.0361  0.2282  0.0714  0.0204  0.2278  0.8204  0.2489  0.1013  0.3084  0.1348  0.0551  0.0033  0.0000  0.0073  0.0000  0.0000  0.0000
 0.4542  0.0000  0.0224  0.3474  0.5168  0.0242  0.1670  0.1087  0.1004  0.4365  0.3591  0.0734  0.2079  1.0000  0.3040  0.2977  0.5730  0.4654  0.4046  0.0080  0.0000  0.0836  0.0000  0.0000  0.0000
 0.7574  0.0000  0.0386  0.5076  1.0000  0.0427  0.2600  0.1164  0.1124  0.7402  0.1870  0.2208  0.3524  0.3868  0.4590  0.5425  0.6040  0.4397  0.2485  0.0103  0.0000  0.0227  0.0000  0.0000  0.0000
 0.0633  0.0000  0.0159  0.0493  0.0302  0.0593  0.0302  0.0711  0.3884  0.0314  1.0000  0.3145  0.0462  0.0199  0.3003  0.0680  0.0494  0.7825  0.2722  0.0156  0.0000  0.0838  0.0000  0.0000  0.0000
 0.0734  0.0000  0.0004  0.0001  0.0003  0.0006  0.0001  0.0001  0.9019  0.0004  0.0434  0.0071  0.0002  0.0004  0.0002  0.0002  0.0003  0.0266  1.0000  0.0001  0.0000  0.0003  0.0000  0.0000  0.0000
 0.0004  0.0000  0.0000  0.0001  0.0005  0.0001  0.0003  0.0003  0.0002  1.0000  0.0004  0.0047  0.0004  0.0003  0.0658  0.0294  0.0003  0.0004  0.0053  0.0001  0.0000  0.0002  0.0000  0.0000  0.0000
 0.0568  0.0000  0.1494  0.2473  0.0696  0.0040  0.0633  0.0089  0.0328  0.3196  0.0215  0.1035  0.0664  0.0198  0.0411  0.0805  1.0000  0.1066  0.0285  0.0014  0.0000  0.0034  0.0000  0.0000  0.0000
 0.0008  0.0000  0.0003  0.0001  0.0002  1.0000  0.0001  0.0001  0.0023  0.0001  0.3287  0.0947  0.0001  0.0003  0.0001  0.0001  0.0004  0.0194  0.0017  0.0026  0.0000  0.6930  0.0000  0.0000  0.0000
 0.0216  0.0000  0.0154  0.0002  0.0008  0.0008  0.0000  0.0002  0.0419  0.0008  0.9051  1.0000  0.0004  0.0011  0.0006  0.0004  0.0207  0.0828  0.0564  0.0001  0.0000  0.0002  0.0000  0.0000  0.0000
 0.1088  0.0000  0.0225  0.0103  0.0137  0.3139  0.0166  0.1814  0.0289  0.0252  0.1678  0.0532  0.0558  0.0103  0.0424  0.2325  0.0783  0.0197  0.0308  0.0384  0.0000  1.0000  0.0000  0.0000  0.0000
 0.0000  0.0000  0.0000  0.0000  0.0000  0.0000  0.0000  0.0000  0.0000  0.0000  0.0000  0.0000  0.0000  0.0000  1.0000  0.0000  0.0000  0.0000  0.0000  0.0000  0.0000  0.0000  0.0000  0.0000  0.0000
 0.0006  0.0000  0.0002  0.0001  0.0002  0.0864  0.0001  0.0001  0.3866  0.0002  1.0000  0.0738  0.0002  0.0003  0.0003  0.0002  0.0002  0.0004  0.0091  0.0002  0.0000  0.0002  0.0000  0.0000  0.0000
 0.0030  0.0000  0.2465  0.0003  0.0006  0.0280  0.0004  0.0003  0.0964  0.0008  1.0000  0.0159  0.0212  0.0009  0.0009  0.0007  0.0007  0.0422  0.1147  0.0005  0.0000  0.0007  0.0000  0.0000  0.0000
 0.2067  0.0000  0.1459  0.1284  0.5549  0.0040  0.0309  0.0434  0.0152  1.0000  0.1038  0.0286  0.1427  0.0223  0.5143  0.8589  0.3644  0.2080  0.0232  0.0014  0.0000  0.0031  0.0000  0.0000  0.0000
 0.0700  0.0000  0.0002  0.0002  0.0002  0.0001  1.0000  0.0000  0.0001  0.0002  0.0002  0.0001  0.0001  0.0006  0.0002  0.0002  0.0012  0.0004  0.0051  0.0000  0.0000  0.0001  0.0000  0.0000  0.0000
 0.0098  0.0000  0.0214  0.0002  0.0004  0.0008  0.0002  0.0001  1.0000  0.0005  0.5221  0.0384  0.0003  0.0005  0.0003  0.0003  0.0005  0.0176  0.5545  0.0001  0.0000  0.0003  0.0000  0.0000  0.0000
 1.0000  0.0000  0.0884  0.2796  0.1458  0.2766  0.1653  0.2696  0.1660  0.2450  0.3958  0.1196  0.1784  0.0904  0.1376  0.2525  0.2179  0.1850  0.2535  0.0728  0.0000  0.4364  0.0000  0.0000  0.0000
 0.0032  0.0000  0.0009  0.0013  0.0015  1.0000  0.0021  0.1925  0.0022  0.0016  0.0039  0.0012  0.0018  0.0012  0.0015  0.0018  0.0072  0.0022  0.0148  0.0010  0.0000  0.9160  0.0000  0.0000  0.0000
 0.0029  0.0000  1.0000  0.0002  0.0003  0.0010  0.0012  0.0001  0.0021  0.0004  0.1845  0.0012  0.0002  0.0007  0.0003  0.0003  0.0134  0.0009  0.0088  0.0001  0.0000  0.0002  0.0000  0.0000  0.0000
 0.0000  0.0000  0.0000  0.0000  0.0000  0.0000  0.0000  1.0000  0.0000  0.0000  0.0000  0.0000  0.0000  0.0000  0.0000  0.0000  0.0000  0.0000  0.0000  0.0000  0.0000  0.0000  0.0000  0.0000  0.0000
 0.2750  0.0000  0.0716  0.2392  0.1771  0.0031  0.1771  0.0369  0.0117  0.1104  0.0189  0.0237  0.0309  0.0172  0.1614  0.1073  1.0000  0.0496  0.0892  0.0011  0.0000  0.0024  0.0000  0.0000  0.0000
 0.0088  0.0000  0.0002  0.0010  0.0032  0.0005  0.0020  1.0000  0.0009  0.0206  0.0022  0.0007  0.4668  0.0018  0.0310  0.3776  0.0021  0.0025  0.0013  0.0004  0.0000  0.0011  0.0000  0.0000  0.0000
 0.0133  0.0000  0.0775  0.0465  0.0184  0.0028  0.2047  0.0191  0.0026  0.0389  0.0059  0.0020  0.0829  0.0103  0.0720  1.0000  0.0315  0.0138  0.0038  0.0549  0.0000  0.0069  0.0000  0.0000  0.0000
 0.0002  0.0000  0.0001  0.0000  0.0001  0.0035  0.0001  0.0000  0.3429  0.0001  0.0016  0.0003  0.0001  0.0000  0.0000  0.0001  0.0001  0.0002  1.0000  0.0000  0.0000  0.0001  0.0000  0.0000  0.0000
 0.0004  0.0000  0.0001  0.0000  0.0001  0.0009  0.0001  0.0001  0.0709  0.0001  1.0000  0.0488  0.0001  0.0001  0.0002  0.0001  0.0001  0.0002  0.1295  0.0001  0.0000  0.0001  0.0000  0.0000  0.0000
 0.0000  0.0000  0.0000  0.0000  0.0000  0.0000  0.0000  1.0000  0.0000  0.0000  0.0000  0.0000  0.0000  0.0000  0.0000  0.0000  0.0000  0.0000  0.0000  0.0000  0.0000  0.0000  0.0000  0.0000  0.0000
 0.0000  0.0000  0.0000  0.0000  0.0000  0.0000  0.0000  0.0000  0.0000  0.0000  0.0000  0.0000  0.0000  0.0000  0.0000  1.0000  0.0000  0.0000  0.0000  0.0000  0.0000  0.0000  0.0000  0.0000  0.0000
 0.0000  0.0000  0.0000  1.0000  0.0000  0.0000  0.0000  0.0000  0.0000  0.0000  0.0000  0.0000  0.0000  0.0000  0.0000  0.0000  0.0000  0.0000  0.0000  0.0000  0.0000  0.0000  0.0000  0.0000  0.0000
 0.0002  0.0000  0.0001  0.0000  0.0001  0.0006  0.0000  0.0000  0.0364  0.0001  1.0000  0.0075  0.0001  0.0001  0.0001  0.0001  0.0001  0.0001  0.0006  0.0001  0.0000  0.0001  0.0000  0.0000  0.0000
 0.0000  0.0000  0.0000  0.0000  0.0000  0.0000  0.0000  0.0000  0.0000  1.0000  0.0000  0.0000  0.0000  0.0000  0.0000  0.0000  0.0000  0.0000  0.0000  0.0000  0.0000  0.0000  0.0000  0.0000  0.0000
 0.0030  0.0000  0.0003  0.0004  0.0004  0.0001  0.0385  0.0001  0.0002  0.0004  0.0004  0.0001  0.0003  1.0000  0.0003  0.0003  0.0016  0.0430  0.0005  0.0001  0.0000  0.0001  0.0000  0.0000  0.0000
 0.0013  0.0000  0.0000  0.0033  0.0869  0.0001  0.0007  0.0668  0.0002  0.0014  0.0003  0.0001  0.0009  0.0135  1.0000  0.0005  0.0923  0.0006  0.0003  0.0001  0.0000  0.0002  0.0000  0.0000  0.0000
 0.0000  0.0000  0.0000  0.0000  0.0000  0.0000  0.0000  0.0000  0.0000  0.0000  0.0000  0.0000  1.0000  0.0000  0.0000  0.0000  0.0000  0.0000  0.0000  0.0000  0.0000  0.0000  0.0000  0.0000  0.0000
 0.0003  0.0000  0.0001  0.0000  0.0001  0.0008  0.0001  0.0001  0.1560  0.0001  1.0000  0.0123  0.0001  0.0001  0.0002  0.0001  0.0001  0.0002  0.0008  0.0001  0.0000  0.0001  0.0000  0.0000  0.0000
 0.0000  0.0000  0.0000  0.0000  0.0000  0.0000  0.0000  0.0000  0.0000  0.0000  1.0000  0.0000  0.0000  0.0000  0.0000  0.0000  0.0000  0.0000  0.0000  0.0000  0.0000  0.0000  0.0000  0.0000  0.0000
 0.0002  0.0000  0.0001  0.0001  0.0001  0.0005  0.0001  0.0000  1.0000  0.0001  0.1047  0.0650  0.0001  0.0001  0.0000  0.0001  0.0001  0.0003  0.2669  0.0001  0.0000  0.0002  0.0000  0.0000  0.0000
 0.0017  0.0000  0.0004  1.0000  0.0023  0.0003  0.0116  0.0017  0.0002  0.0023  0.0004  0.0001  0.5511  0.0013  0.0015  0.0011  0.0408  0.1789  0.0003  0.0002  0.0000  0.0009  0.0000  0.0000  0.0000
 0.1188  0.0000  0.0028  0.1335  0.1219  0.0026  0.0439  0.0064  0.0099  0.7097  0.0160  0.0162  0.4732  0.0536  0.0750  1.0000  0.5105  0.0953  0.0151  0.0009  0.0000  0.0020  0.0000  0.0000  0.0000
 0.0667  0.0000  0.0032  0.3158  0.7074  0.0030  0.1186  0.0343  0.0113  1.0000  0.0675  0.0226  0.3376  0.0166  0.1763  0.5577  0.2543  0.1354  0.0172  0.0010  0.0000  0.0218  0.0000  0.0000  0.0000
 0.0017  0.0000  0.0034  0.0093  0.0013  0.0002  1.0000  0.0009  0.0003  0.0014  0.0004  0.0189  0.0699  0.0010  0.0193  0.0007  0.0110  0.1690  0.0005  0.0001  0.0000  0.0005  0.0000  0.0000  0.0000
 0.7334  0.0000  0.0782  0.5363  1.0000  0.0875  0.3248  0.1349  0.3054  0.7660  0.3343  0.1689  0.9095  0.2322  0.6687  0.4413  0.6613  0.6433  0.3893  0.0253  0.0000  0.0929  0.0000  0.0000  0.0000
 0.0010  0.0000  0.0063  0.0001  0.0002  0.0009  0.0001  0.0001  0.3908  0.0002  1.0000  0.0042  0.0001  0.0002  0.0002  0.0002  0.0002  0.0227  0.1164  0.0001  0.0000  0.0002  0.0000  0.0000  0.0000
 0.0003  0.0000  0.0000  0.0002  0.0004  0.0001  0.0003  0.0003  0.0001  1.0000  0.0003  0.0001  0.0062  0.0002  0.0212  0.0015  0.0003  0.0003  0.0001  0.0000  0.0000  0.0001  0.0000  0.0000  0.0000
 0.0004  0.0000  0.0001  0.0001  0.0001  0.0008  0.0001  0.0001  0.2780  0.0001  1.0000  0.0010  0.0001  0.0001  0.0001  0.0001  0.0001  0.0003  0.0580  0.0001  0.0000  0.0002  0.0000  0.0000  0.0000
 1.0000  0.0000  0.0458  0.0002  0.0003  0.0001  0.1179  0.0001  0.0001  0.0003  0.0003  0.0001  0.0002  0.0008  0.0002  0.0002  0.0017  0.0006  0.0005  0.0000  0.0000  0.0001  0.0000  0.0000  0.0000
 0.0000  0.0000  0.0000  1.0000  0.0000  0.0000  0.0000  0.0000  0.0000  0.0000  0.0000  0.0000  0.0000  0.0000  0.0000  0.0000  0.0000  0.0000  0.0000  0.0000  0.0000  0.0000  0.0000  0.0000  0.0000
 0.0002  0.0000  0.0001  0.0000  0.0001  1.0000  0.0001  0.0000  0.0008  0.0000  0.1401  0.0005  0.0000  0.0001  0.0001  0.0000  0.0001  0.0001  0.0005  0.0006  0.0000  0.0024  0.0000  0.0000  0.0000
 0.0000  0.0000  0.0000  0.0000  0.0000  0.0000  1.0000  0.0000  0.0000  0.0000  0.0000  0.0000  0.0000  0.0000  0.0000  0.0000  0.0000  0.0000  0.0000  0.0000  0.0000  0.0000  0.0000  0.0000  0.0000
 0.0000  0.0000  0.0000  0.0000  0.0000  0.0000  0.0000  0.0000  0.0000  0.0000  1.0000  0.0000  0.0000  0.0000  0.0000  0.0000  0.0000  0.0000  0.0000  0.0000  0.0000  0.0000  0.0000  0.0000  0.0000
 1.0000  0.0000  0.0003  0.0002  0.0003  0.0001  0.1365  0.0000  0.0001  0.0003  0.0003  0.0001  0.0002  0.0007  0.0002  0.0002  0.0346  0.0005  0.0005  0.0000  0.0000  0.0001  0.0000  0.0000  0.0000
 0.0003  0.0000  0.0000  0.0002  0.0004  0.0001  0.0005  0.0002  0.0001  0.0099  0.0003  0.0001  0.0003  0.0004  0.0005  1.0000  0.0002  0.0003  0.0002  0.0001  0.0000  0.0001  0.0000  0.0000  0.0000
 1.0000  0.0000  0.0003  0.0133  0.0221  0.0005  0.0021  0.0114  0.1285  0.0032  0.0010  0.0128  0.0017  0.0021  0.0547  0.0011  0.0926  0.0025  0.0014  0.0002  0.0000  0.0006  0.0000  0.0000  0.0000
 0.0002  0.0000  0.0001  0.0000  0.0000  1.0000  0.0000  0.0000  0.0126  0.0000  0.0009  0.0002  0.0000  0.0001  0.0000  0.0000  0.0001  0.0001  0.0068  0.0008  0.0000  0.1809  0.0000  0.0000  0.0000
 0.0197  0.0000  0.0005  0.0014  0.0007  0.0002  1.0000  0.0003  0.0005  0.0009  0.0006  0.0003  0.0084  0.0013  0.0136  0.0006  0.2548  0.1634  0.0010  0.0001  0.0000  0.0003  0.0000  0.0000  0.0000
 0.0023  0.0000  0.0207  0.0008  0.0010  0.0788  0.0053  0.0013  1.0000  0.0013  0.1449  0.0024  0.0539  0.0007  0.0009  0.0013  0.1007  0.0024  0.6396  0.0007  0.0000  0.1177  0.0000  0.0000  0.0000
 0.0012  0.0000  0.0000  0.0326  0.0163  0.0001  0.0006  0.0114  0.0001  0.0012  0.0003  0.0001  0.0008  1.0000  0.1069  0.0003  0.0007  0.0005  0.0003  0.0001  0.0000  0.0002  0.0000  0.0000  0.0000
 0.0493  0.0000  0.0086  0.0063  0.0346  0.0328  0.0177  0.0925  0.1343  0.2098  0.4253  0.3270  0.0627  0.0245  0.0566  0.4766  0.0236  0.0414  1.0000  0.0071  0.0000  0.0173  0.0000  0.0000  0.0000
 0.3692  0.0000  0.0182  0.0398  0.0827  0.0163  0.0599  0.0492  0.0382  0.6727  0.0642  0.0250  0.1602  0.0993  0.1292  0.7841  0.2579  1.0000  0.0567  0.0115  0.0000  0.0284  0.0000  0.0000  0.0000
 0.0008  0.0000  0.0002  0.0001  0.0002  0.3044  0.0002  0.0097  0.0037  0.0003  0.2315  0.0025  0.0002  0.0003  0.0004  0.0003  0.0002  0.0005  0.0021  0.0003  0.0000  1.0000  0.0000  0.0000  0.0000
 0.0006  0.0000  0.0001  0.0003  0.0002  0.0001  0.0002  0.0001  0.0002  0.0003  0.0002  0.0001  0.0005  0.0003  0.0002  0.0002  0.1360  1.0000  0.0003  0.0000  0.0000  0.0001  0.0000  0.0000  0.0000
 0.0349  0.0000  0.0006  0.0064  0.0022  0.0004  0.0050  1.0000  0.0005  0.0024  0.0007  0.0003  0.1687  0.0891  0.0231  0.0013  0.0565  0.0100  0.0009  0.0002  0.0000  0.0008  0.0000  0.0000  0.0000
 0.0043  0.0000  0.0004  0.0060  1.0000  0.0009  0.0016  0.0015  0.0023  0.0099  0.0513  0.0012  0.0020  0.0024  0.0083  0.0478  0.0021  0.0028  0.1242  0.0003  0.0000  0.0008  0.0000  0.0000  0.0000
 0.0037  0.0000  0.0001  0.0001  0.0001  0.0002  0.0001  0.0000  0.2536  0.0001  0.0013  0.0003  0.0001  0.0001  0.0001  0.0001  0.0001  0.0004  1.0000  0.0000  0.0000  0.0001  0.0000  0.0000  0.0000
 0.0002  0.0000  0.0001  0.0000  0.0000  0.0002  0.0001  0.0000  0.0753  0.0001  0.0521  0.0002  0.0000  0.0000  0.0000  0.0001  0.0001  0.0002  1.0000  0.0000  0.0000  0.0001  0.0000  0.0000  0.0000
 0.0006  0.0000  0.0001  0.0002  0.0002  0.0001  0.0003  0.0001  0.0002  0.0026  0.0043  0.0001  0.0004  0.0003  0.0002  0.0002  0.0014  1.0000  0.0003  0.0000  0.0000  0.0001  0.0000  0.0000  0.0000
 0.0000  0.0000  0.0000  0.0000  0.0000  0.0000  0.0000  0.0000  0.0000  0.0000  1.0000  0.0000  0.0000  0.0000  0.0000  0.0000  0.0000  0.0000  0.0000  0.0000  0.0000  0.0000  0.0000  0.0000  0.0000
 0.0000  0.0000  0.0000  0.0000  0.0000  0.0000  0.0000  0.0000  0.0000  0.0000  0.0000  0.0000  0.0000  0.0000  0.0000  0.0000  0.0000  0.0000  0.0000  1.0000  0.0000  0.0000  0.0000  0.0000  0.0000
 0.0000  0.0000  0.0000  0.0000  0.0000  0.0000  0.0000  0.0000  0.0000  0.0000  0.0000  0.0000  0.0000  0.0000  0.0000  0.0000  0.0000  0.0000  0.0000  0.0000  0.0000  1.0000  0.0000  0.0000  0.0000
 0.0004  0.0000  0.0002  0.0004  0.0003  0.0002  0.0010  0.0002  0.0002  0.0007  0.0004  0.0001  0.0003  0.0006  0.0003  1.0000  0.0003  0.0034  0.0002  0.0002  0.0000  0.0002  0.0000  0.0000  0.0000
 1.0000  0.0000  0.0005  0.0003  0.0004  0.0002  0.0025  0.0001  0.0002  0.0004  0.0004  0.0002  0.0003  0.0934  0.0003  0.0003  0.0817  0.0008  0.0007  0.0001  0.0000  0.0001  0.0000  0.0000  0.0000
 0.0067  0.0000  0.0002  0.0002  0.0002  0.0001  0.0011  0.0000  0.0001  0.0002  0.0002  0.0001  0.0001  1.0000  0.0001  0.0001  0.0040  0.0003  0.0003  0.0000  0.0000  0.0001  0.0000  0.0000  0.0000
 0.0008  0.0000  0.0000  0.2302  1.0000  0.0001  0.0033  0.0002  0.0001  0.0008  0.0002  0.0001  0.0005  0.0005  0.0010  0.0002  0.0005  0.0004  0.0002  0.0000  0.0000  0.0001  0.0000  0.0000  0.0000
 0.0003  0.0000  0.0001  0.0001  0.0001  0.0005  0.0002  0.0000  0.5649  0.0001  0.1251  0.0004  0.0001  0.0001  0.0000  0.0001  0.0001  0.0003  1.0000  0.0001  0.0000  0.0002  0.0000  0.0000  0.0000
 0.0000  0.0000  0.0000  0.0000  0.0000  0.0000  0.0000  0.0000  0.0000  0.0000  1.0000  0.0000  0.0000  0.0000  0.0000  0.0000  0.0000  0.0000  0.0000  0.0000  0.0000  0.0000  0.0000  0.0000  0.0000
 0.0003  0.0000  0.0001  0.0000  0.0001  0.0265  0.0001  0.0001  0.0046  0.0001  1.0000  0.0824  0.0001  0.0001  0.0001  0.0001  0.0001  0.0001  0.0007  0.0001  0.0000  0.0001  0.0000  0.0000  0.0000
 0.0013  0.0000  0.0004  0.0011  0.0007  0.0004  1.0000  0.0004  0.0004  0.0008  0.0008  0.0002  0.0007  0.0016  0.1123  0.0008  0.0009  0.0006  0.0005  0.0004  0.0000  0.0004  0.0000  0.0000  0.0000
 0.3171  0.0000  0.0625  0.0019  0.0022  0.0006  0.1243  0.0006  0.0011  0.0793  0.0018  0.0008  0.0024  0.0037  0.0295  0.0086  1.0000  0.0812  0.0081  0.0003  0.0000  0.0006  0.0000  0.0000  0.0000
 0.0196  0.0000  0.0080  0.0035  0.0189  0.0029  0.0343  0.0566  0.0060  0.5784  0.0136  0.0046  0.0141  0.0110  0.1668  1.0000  0.1142  0.8322  0.0081  0.0021  0.0000  0.0060  0.0000  0.0000  0.0000
 0.0000  0.0000  0.0000  0.0000  0.0000  0.0000  0.0000  0.0000  0.0000  0.0000  0.0000  0.0000  0.0000  0.0000  0.0000  0.0000  0.0000  0.0000  0.0000  0.0000  0.0000  1.0000  0.0000  0.0000  0.0000
 0.1808  0.0000  0.0005  0.0007  0.0005  0.0032  0.0483  0.0002  0.0004  0.0007  0.0069  0.0003  0.0995  0.0012  0.0005  0.0004  1.0000  0.0400  0.0009  0.0001  0.0000  0.0002  0.0000  0.0000  0.0000
 0.0072  0.0000  0.0678  0.0002  0.0006  0.0004  0.0000  0.0001  0.0131  0.0006  0.0102  0.0109  0.0003  0.0453  0.0004  0.0003  0.0006  1.0000  0.0204  0.0001  0.0000  0.0001  0.0000  0.0000  0.0000
 0.4023  0.0000  0.0027  0.0021  0.0115  0.0010  0.2837  0.0005  0.0012  0.0026  0.0026  0.0012  0.0018  1.0000  0.0018  0.0019  0.2473  0.0296  0.0044  0.0004  0.0000  0.0008  0.0000  0.0000  0.0000
 0.0002  0.0000  0.0001  0.0000  0.0001  0.0003  0.0001  0.0000  0.3124  0.0001  0.0120  0.0003  0.0001  0.0000  0.0000  0.0001  0.0001  0.0002  1.0000  0.0000  0.0000  0.0001  0.0000  0.0000  0.0000
 0.0000  0.0000  0.0000  1.0000  0.0000  0.0000  0.0000  0.0000  0.0000  0.0000  0.0000  0.0000  0.0000  0.0000  0.0000  0.0000  0.0000  0.0000  0.0000  0.0000  0.0000  0.0000  0.0000  0.0000  0.0000
 0.0020  0.0000  0.0006  0.0003  0.0005  0.0019  0.0005  0.0001  1.0000  0.0006  0.1247  0.9155  0.0004  0.0004  0.0003  0.0005  0.0148  0.0281  0.4311  0.0002  0.0000  0.0008  0.0000  0.0000  0.0000
 0.0000  0.0000  0.0000  0.0000  0.0000  0.0000  0.0000  0.0000  0.0000  0.0000  0.0000  0.0000  0.0000  0.0000  0.0000  0.0000  0.0000  0.0000  0.0000  1.0000  0.0000  0.0000  0.0000  0.0000  0.0000
 0.0000  0.0000  0.0000  0.0000  0.0000  0.0000  0.0000  0.0000  0.0000  0.0000  0.0000  0.0000  0.0000  0.0000  0.0000  0.0000  1.0000  0.0000  0.0000  0.0000  0.0000  0.0000  0.0000  0.0000  0.0000
 0.2189  0.0000  0.0279  0.0003  0.0008  0.0007  0.0000  0.0002  0.4198  0.0008  0.1614  0.0012  0.0004  0.0011  0.0006  0.0004  0.0008  0.0659  1.0000  0.0001  0.0000  0.0002  0.0000  0.0000  0.0000
 0.0133  0.0000  0.0002  0.0002  0.0002  0.0001  1.0000  0.0001  0.0001  0.0002  0.0002  0.0001  0.0002  0.0005  0.0001  0.0002  0.0009  0.0003  0.0003  0.0001  0.0000  0.0001  0.0000  0.0000  0.0000
 0.0565  0.0000  1.0000  0.0002  0.0002  0.0001  0.0014  0.0001  0.0002  0.0003  0.0003  0.0001  0.0002  0.0006  0.0002  0.0002  0.0014  0.0752  0.0005  0.0000  0.0000  0.0001  0.0000  0.0000  0.0000
 0.0002  0.0000  0.0001  0.0000  0.0001  0.0005  0.0000  0.0000  1.0000  0.0001  0.0054  0.0105  0.0000  0.0001  0.0001  0.0001  0.0001  0.0001  0.0007  0.0001  0.0000  0.0001  0.0000  0.0000  0.0000
 0.0004  0.0000  0.0001  0.0000  0.0001  1.0000  0.0001  0.0001  0.0134  0.0001  0.0047  0.1243  0.0001  0.0002  0.0002  0.0001  0.0001  0.0002  0.0141  0.0003  0.0000  0.0011  0.0000  0.0000  0.0000
 1.0000  0.0000  0.0002  0.0002  0.0002  0.0043  0.0120  0.0000  0.0001  0.0002  0.0002  0.0001  0.0001  0.0006  0.0002  0.0002  0.0123  0.0004  0.0206  0.0000  0.0000  0.0001  0.0000  0.0000  0.0000
 0.0000  0.0000  0.0000  0.0000  1.0000  0.0000  0.0000  0.0000  0.0000  0.0000  0.0000  0.0000  0.0000  0.0000  0.0000  0.0000  0.0000  0.0000  0.0000  0.0000  0.0000  0.0000  0.0000  0.0000  0.0000
 0.0003  0.0000  0.0001  0.0000  0.0001  0.0009  0.0001  0.0001  0.0160  0.0001  0.3182  1.0000  0.0001  0.0001  0.0002  0.0001  0.0001  0.0002  0.0009  0.0001  0.0000  0.0001  0.0000  0.0000  0.0000
 0.7512  0.0000  0.4852  0.0282  0.0433  0.5146  0.0453  0.0944  0.3773  0.0496  0.4048  0.0557  0.0422  0.0280  0.0403  0.0477  0.1738  0.0712  1.0000  0.0365  0.0000  0.3220  0.0000  0.0000  0.0000
 0.0987  0.0000  0.0184  0.0256  0.0362  0.0632  0.0365  0.0918  0.0402  0.0687  0.0791  0.0743  0.6770  0.0284  0.1055  0.4975  0.1835  1.0000  0.0526  0.0176  0.0000  0.1104  0.0000  0.0000  0.0000
 0.0353  0.0000  0.0034  0.0061  0.0492  0.0073  0.5501  0.0630  0.0151  0.7734  0.0480  0.0286  0.0781  0.0278  0.2878  1.0000  0.0289  0.0379  0.0200  0.0056  0.0000  0.0159  0.0000  0.0000  0.0000
 0.1050  0.0000  0.0005  0.0173  0.0567  0.0005  0.0095  0.0184  0.0150  1.0000  0.0030  0.0011  0.0050  0.0064  0.2798  0.7202  0.0263  0.0634  0.0388  0.0002  0.0000  0.0004  0.0000  0.0000  0.0000
 0.2081  0.0000  0.0003  0.0003  0.0003  0.0002  0.0019  0.0001  0.0002  0.0004  0.0004  0.0001  0.0002  1.0000  0.0002  0.0003  0.0015  0.0005  0.0005  0.0001  0.0000  0.0001  0.0000  0.0000  0.0000
 0.0002  0.0000  0.0001  0.0000  0.0001  0.0007  0.0001  0.0000  0.0749  0.0001  1.0000  0.0008  0.0001  0.0001  0.0001  0.0001  0.0001  0.0001  0.0007  0.0001  0.0000  0.0001  0.0000  0.0000  0.0000
 0.0002  0.0000  0.0001  0.0000  0.0001  1.0000  0.0000  0.0000  0.0064  0.0001  0.0114  0.0006  0.0000  0.0001  0.0001  0.0001  0.0025  0.0001  0.0056  0.0002  0.0000  0.0006  0.0000  0.0000  0.0000
 0.0629  0.0000  0.1267  0.0094  0.0094  0.0071  0.0094  0.1384  0.0214  0.0187  0.0103  0.0042  0.0761  1.0000  0.0854  0.0740  0.0933  0.0651  0.0112  0.0025  0.0000  0.0099  0.0000  0.0000  0.0000
 0.0113  0.0000  0.0002  0.0002  0.0002  0.0001  1.0000  0.0000  0.0001  0.0002  0.0002  0.0001  0.0001  0.0005  0.0001  0.0001  0.0010  0.0004  0.0033  0.0000  0.0000  0.0001  0.0000  0.0000  0.0000
 0.0190  0.0000  0.0007  1.0000  0.0212  0.0005  0.0026  0.0009  0.0114  0.1194  0.0021  0.0008  0.1355  0.0024  0.0037  0.0031  0.0775  0.1832  0.0399  0.0002  0.0000  0.0005  0.0000  0.0000  0.0000
 0.0190  0.0000  0.0185  0.0640  0.0006  0.0030  0.0212  0.0003  0.0003  0.0007  0.0004  0.0002  0.0207  0.0008  0.0005  0.0004  1.0000  0.1549  0.0006  0.0001  0.0000  0.0002  0.0000  0.0000  0.0000
 0.0017  0.0000  0.0001  0.0655  1.0000  0.0002  0.0010  0.0005  0.0002  0.0018  0.0004  0.0002  0.1280  0.0011  0.0022  0.0005  0.0011  0.0085  0.0287  0.0001  0.0000  0.0003  0.0000  0.0000  0.0000
 0.1692  0.0000  0.0148  0.0779  0.2260  0.1738  0.0382  0.0454  1.0000  0.0260  0.2079  0.0186  0.0265  0.0812  0.0464  0.0299  0.0466  0.0565  0.1518  0.0154  0.0000  0.0989  0.0000  0.0000  0.0000
 0.0009  0.0000  0.0000  1.0000  0.0654  0.0001  0.0004  0.0002  0.0001  0.0009  0.0002  0.0001  0.0004  0.0006  0.1518  0.0002  0.0005  0.0004  0.0002  0.0000  0.0000  0.0001  0.0000  0.0000  0.0000
 0.0008  0.0000  0.0000  0.0021  0.3073  0.0001  0.0003  0.0002  0.0001  0.0008  0.0002  0.0119  0.0003  0.0005  1.0000  0.0003  0.0004  0.0004  0.0002  0.0000  0.0000  0.0001  0.0000  0.0000  0.0000
 0.0003  0.0000  0.0001  0.0000  0.0001  0.0009  0.0001  0.0001  0.2182  0.0001  1.0000  0.0011  0.0001  0.0001  0.0002  0.0001  0.0001  0.0002  0.0054  0.0001  0.0000  0.0001  0.0000  0.0000  0.0000
 0.1153  0.0000  0.0402  0.1349  0.0621  1.0000  0.2300  0.1440  0.1312  0.1246  0.3519  0.1022  0.1174  0.0548  0.1542  0.0791  0.0975  0.1238  0.1328  0.0421  0.0000  0.2635  0.0000  0.0000  0.0000
 0.0018  0.0000  0.0002  0.0004  0.0025  0.0004  0.0013  0.2077  0.0008  1.0000  0.0018  0.0006  0.0083  0.0014  0.0042  0.6995  0.0228  0.0019  0.0010  0.0003  0.0000  0.0008  0.0000  0.0000  0.0000
 0.0002  0.0000  0.0001  0.0000  0.0001  0.0003  0.0001  0.0000  1.0000  0.0001  0.0015  0.0280  0.0000  0.0001  0.0000  0.0001  0.0001  0.0002  0.0095  0.0000  0.0000  0.0001  0.0000  0.0000  0.0000
 0.0002  0.0000  0.0001  0.0000  0.0001  1.0000  0.0000  0.0000  0.0108  0.0001  0.0281  0.0006  0.0000  0.0001  0.0001  0.0001  0.0034  0.0001  0.0005  0.0003  0.0000  0.0010  0.0000  0.0000  0.0000
 0.0019  0.0000  0.0001  0.1365  0.0615  0.0003  0.0010  0.0009  0.0004  0.2186  0.0010  0.0003  0.0014  0.0013  0.0437  1.0000  0.0236  0.0013  0.0007  0.0002  0.0000  0.0005  0.0000  0.0000  0.0000
 0.0733  0.0000  0.0020  0.0007  0.0016  0.0230  0.0006  0.0004  0.6358  0.0018  1.0000  0.0287  0.0010  0.0020  0.0013  0.0012  0.0090  0.3448  0.4509  0.0005  0.0000  0.0012  0.0000  0.0000  0.0000
 0.0007  0.0000  0.0491  0.0001  0.0002  0.0124  0.0001  0.0001  0.1291  0.0002  1.0000  0.2253  0.0002  0.0073  0.0003  0.0110  0.0002  0.0067  0.0138  0.0048  0.0000  0.0002  0.0000  0.0000  0.0000
 0.0008  0.0000  0.0001  0.0003  0.0005  0.0001  1.0000  0.0003  0.0001  0.0278  0.0003  0.0001  0.0005  0.0004  0.0007  0.0174  0.0006  0.0076  0.0002  0.0001  0.0000  0.0002  0.0000  0.0000  0.0000
 0.0330  0.0000  0.0006  0.0007  0.0006  0.0003  0.0012  0.0002  0.0016  0.0008  0.1102  0.0005  0.0012  0.0013  0.0006  0.0005  0.0109  1.0000  0.0098  0.0001  0.0000  0.0002  0.0000  0.0000  0.0000
 0.0057  0.0000  0.0002  0.0003  0.0002  0.0001  0.0012  0.0001  0.0001  0.0003  0.0003  0.0001  0.0002  1.0000  0.0002  0.0003  0.0007  0.0003  0.0003  0.0001  0.0000  0.0001  0.0000  0.0000  0.0000
 0.0094  0.0000  0.0019  0.4622  0.0294  0.0016  0.1035  0.0079  0.0013  0.0622  0.0025  0.0009  1.0000  0.1480  0.0324  0.0066  0.3791  0.5224  0.0021  0.0008  0.0000  0.0132  0.0000  0.0000  0.0000
 0.0020  0.0000  0.0000  0.0828  1.0000  0.0002  0.0010  0.0005  0.0002  0.0020  0.0064  0.0002  0.0682  0.0255  0.0026  0.0006  0.0216  0.0010  0.0392  0.0001  0.0000  0.0003  0.0000  0.0000  0.0000
 0.1782  0.0000  0.0047  0.8116  1.0000  0.0311  0.0713  0.0106  0.0448  0.2304  0.0263  0.0092  0.1200  0.0239  0.2056  0.3640  0.2398  0.2475  0.1496  0.0015  0.0000  0.0033  0.0000  0.0000  0.0000
 0.2720  0.0000  0.0172  0.5814  0.4370  0.0167  0.1288  0.0391  0.6353  0.2939  0.1473  0.1783  0.3259  0.0870  0.3716  0.1661  0.5546  1.0000  0.5740  0.0057  0.0000  0.0134  0.0000  0.0000  0.0000
 0.0003  0.0000  0.0002  0.0003  0.0002  0.0068  0.0006  0.0098  0.0003  0.0002  0.0008  0.0002  0.0003  0.0003  0.0001  0.0002  0.0002  0.0002  0.0003  1.0000  0.0000  0.0135  0.0000  0.0000  0.0000
 0.0063  0.0000  0.0002  0.0002  0.0002  0.0001  0.0010  0.0001  0.0001  0.0003  0.0002  0.0001  0.0002  1.0000  0.0067  0.0040  0.0106  0.0034  0.0048  0.0000  0.0000  0.0001  0.0000  0.0000  0.0000
 0.0340  0.0000  0.0005  0.0862  0.0758  0.0005  1.0000  0.0019  0.0007  0.0050  0.0013  0.0005  0.0293  0.0021  0.0445  0.1076  0.0241  0.0368  0.0012  0.0002  0.0000  0.0009  0.0000  0.0000  0.0000
 0.0146  0.0000  0.0134  0.0908  0.0559  0.0425  0.0014  0.0016  0.1984  0.0016  0.0436  0.0297  0.0013  0.0012  0.0012  0.0015  0.0019  0.0037  1.0000  0.0007  0.0000  0.0264  0.0000  0.0000  0.0000
 0.1407  0.0000  0.0009  0.0105  0.1731  0.0130  0.0211  0.0021  0.0096  0.0336  0.0051  0.0100  0.0490  0.0046  0.0714  0.0219  0.8629  1.0000  0.3735  0.0003  0.0000  0.0008  0.0000  0.0000  0.0000
 0.2118  0.0000  0.0223  0.1148  0.2512  0.0032  0.0537  0.0078  0.0120  0.5118  0.0481  0.0068  0.1173  0.0176  0.4005  0.0337  1.0000  0.2171  0.0184  0.0011  0.0000  0.1036  0.0000  0.0000  0.0000
 0.0005  0.0000  0.0001  0.0001  0.0001  0.1184  0.0001  0.0001  0.0274  0.0002  1.0000  0.0699  0.0001  0.0002  0.0002  0.0002  0.0001  0.0003  0.0013  0.0002  0.0000  0.0515  0.0000  0.0000  0.0000
 0.0097  0.0000  0.0008  0.0890  0.0047  0.0025  0.0029  0.0028  0.0018  0.0406  0.0034  0.0248  0.0027  1.0000  0.0075  0.0118  0.0246  0.0035  0.0100  0.0008  0.0000  0.0863  0.0000  0.0000  0.0000
 0.0378  0.0000  0.0015  0.1385  0.0626  0.0017  0.0105  0.0197  0.0052  1.0000  0.0225  0.0031  0.0928  0.0080  0.0274  0.1987  0.0294  0.0155  0.0078  0.1760  0.0000  0.0019  0.0000  0.0000  0.0000
 0.5020  0.0000  0.1689  0.2067  0.2728  0.6712  0.3375  0.5408  0.3767  0.2922  0.6229  0.2111  0.3296  0.2505  0.2929  0.3371  0.4531  0.3939  0.4958  0.2016  0.0000  1.0000  0.0000  0.0000  0.0000
 0.6334  0.0000  0.0033  0.1139  0.3537  0.0032  0.0399  0.0846  0.0117  0.2347  0.0188  0.0066  0.7092  0.0171  0.0740  0.0327  0.5946  1.0000  0.1385  0.0011  0.0000  0.0199  0.0000  0.0000  0.0000
 0.0009  0.0000  0.0003  0.0004  0.0005  1.0000  0.0006  0.0010  0.0008  0.0006  0.0089  0.0063  0.0216  0.0063  0.0005  0.0071  0.0007  0.0007  0.0010  0.0436  0.0000  0.1327  0.0000  0.0000  0.0000
 0.0513  0.0000  0.0064  0.0152  0.0025  0.0182  0.0030  0.0823  0.0089  0.0343  0.0060  0.0073  0.0028  1.0000  0.0721  0.0032  0.0527  0.0098  0.0588  0.0017  0.0000  0.0166  0.0000  0.0000  0.0000
 0.0888  0.0000  0.0793  0.0508  0.0769  0.0746  0.0524  0.0621  0.1064  1.0000  0.0875  0.1273  0.1363  0.2294  0.4673  0.2259  0.1906  0.1121  0.2514  0.0199  0.0000  0.1343  0.0000  0.0000  0.0000
 0.0071  0.0000  0.0024  0.0028  0.0039  0.0805  0.0046  0.0465  0.0054  0.0435  0.0090  0.0031  0.0180  0.0190  0.0370  0.1242  0.0056  0.0182  0.0220  1.0000  0.0000  0.2197  0.0000  0.0000  0.0000
 0.5569  0.0000  0.0115  0.1347  0.5409  0.0107  0.3821  0.0886  0.0747  0.9954  0.0815  0.0296  0.2068  1.0000  0.4168  0.4533  0.5643  0.2526  0.1937  0.0037  0.0000  0.0081  0.0000  0.0000  0.0000
 0.3149  0.0000  0.0036  0.0636  0.0969  0.0034  0.1240  0.0081  0.0124  0.2170  0.0201  0.0070  0.0328  1.0000  0.0612  0.3640  0.2363  0.2877  0.0258  0.0012  0.0000  0.1112  0.0000  0.0000  0.0000
 0.1050  0.0000  0.0085  0.1473  0.2177  0.0228  0.2112  0.0372  0.0433  0.5030  0.1378  0.0648  0.3467  0.0685  1.0000  0.3753  0.1588  0.2191  0.0963  0.0037  0.0000  0.0378  0.0000  0.0000  0.0000
 0.1897  0.0000  0.0118  1.0000  0.3086  0.0370  0.1380  0.0271  0.0684  0.2304  0.1458  0.0486  0.4962  0.6404  0.2045  0.2263  0.4606  0.1499  0.0618  0.0041  0.0000  0.0367  0.0000  0.0000  0.0000
 0.0036  0.0000  0.0013  0.0133  0.0054  0.0468  0.0051  0.0039  0.1239  0.0021  1.0000  0.0016  0.0152  0.0073  0.0021  0.0060  0.0097  0.0281  0.0958  0.0957  0.0000  0.0194  0.0000  0.0000  0.0000
 1.0000  0.0000  0.0386  0.3012  0.6629  0.0204  0.3973  0.1205  0.0766  0.5208  0.1236  0.0525  0.2863  0.1124  0.4556  0.7042  0.8576  0.3785  0.2010  0.0070  0.0000  0.0155  0.0000  0.0000  0.0000
 0.4498  0.0000  0.0217  0.4733  0.5864  0.0419  0.2084  0.0956  0.0811  1.0000  0.3064  0.0589  0.4501  0.1705  0.3534  0.4479  0.9974  0.6668  0.1490  0.0071  0.0000  0.0373  0.0000  0.0000  0.0000
 0.3642  0.0000  0.0196  0.0727  0.0377  0.3315  0.0387  0.1604  0.6090  0.1629  0.5107  0.1042  0.0713  0.0313  0.1730  0.0419  0.1384  0.0786  1.0000  0.0201  0.0000  0.1087  0.0000  0.0000  0.0000
 0.0011  0.0000  0.0560  0.0001  0.0003  0.1437  0.0002  0.0001  0.1092  0.0003  0.1775  0.0211  0.0002  0.0004  0.0069  0.0003  0.0003  0.0008  1.0000  0.0002  0.0000  0.0004  0.0000  0.0000  0.0000
 0.0014  0.0000  0.0002  0.0039  0.0019  0.0003  0.0016  0.0124  0.0005  0.2103  0.0012  0.0004  0.0077  1.0000  0.0336  0.0424  0.0159  0.0996  0.0007  0.0002  0.0000  0.0106  0.0000  0.0000  0.0000
 0.3059  0.0000  0.0083  0.2658  0.3729  0.0077  0.4875  0.0978  0.0290  0.2712  0.0468  0.0242  1.0000  0.1358  0.3691  0.1312  0.4236  0.3253  0.0588  0.0027  0.0000  0.0059  0.0000  0.0000  0.0000
 0.0148  0.0000  0.0078  0.0003  0.0004  0.0626  0.0070  0.0104  0.1710  0.0004  1.0000  0.1088  0.0004  0.0004  0.0005  0.0005  0.0068  0.0006  0.0154  0.0003  0.0000  0.0011  0.0000  0.0000  0.0000
 0.0022  0.0000  0.0698  1.0000  0.3633  0.0004  0.0862  0.0023  0.0002  0.0030  0.0005  0.0002  0.0761  0.0017  0.0020  0.0015  0.1495  0.0186  0.0004  0.0002  0.0000  0.0011  0.0000  0.0000  0.0000
 0.4225  0.0000  0.0135  0.3515  1.0000  0.0126  0.1479  0.0475  0.0475  0.3667  0.0824  0.0268  0.1323  0.6418  0.2223  0.2835  0.4069  0.1577  0.0757  0.0043  0.0000  0.0096  0.0000  0.0000  0.0000
 0.7973  0.0000  0.0523  0.6620  1.0000  0.0503  0.3721  0.1342  0.1847  0.9091  0.3312  0.1133  0.5133  0.2673  0.5772  0.5141  0.7503  0.5776  0.2885  0.0172  0.0000  0.0413  0.0000  0.0000  0.0000
 0.0771  0.0000  0.0080  0.0002  0.0002  0.0001  1.0000  0.0000  0.0001  0.0003  0.0003  0.0001  0.0002  0.0007  0.0002  0.0055  0.0063  0.0004  0.0004  0.0000  0.0000  0.0001  0.0000  0.0000  0.0000
 0.1936  0.0000  0.0198  0.0103  0.0284  0.1440  0.0165  0.0271  0.6241  0.1342  1.0000  0.0490  0.0280  0.0102  0.0270  0.1576  0.0200  0.0438  0.3926  0.0092  0.0000  0.0644  0.0000  0.0000  0.0000
 0.0105  0.0000  0.0001  1.0000  0.0667  0.0001  0.0008  0.0043  0.0002  0.0033  0.0023  0.0001  0.0588  0.0006  0.0838  0.0067  0.0244  0.0006  0.0003  0.0000  0.0000  0.0002  0.0000  0.0000  0.0000
 0.0002  0.0000  0.0001  0.0000  0.0001  0.0005  0.0000  0.0000  0.0089  0.0001  1.0000  0.0040  0.0000  0.0001  0.0001  0.0001  0.0001  0.0001  0.0006  0.0001  0.0000  0.0001  0.0000  0.0000  0.0000
 0.0003  0.0000  0.0001  0.0000  0.0001  0.0075  0.0001  0.0001  0.0801  0.0001  1.0000  0.0133  0.0001  0.0001  0.0001  0.0001  0.0001  0.0001  0.0007  0.0001  0.0000  0.0001  0.0000  0.0000  0.0000
 0.3840  0.0000  0.0220  0.3261  0.5632  0.0188  0.1629  0.0314  0.0553  0.3117  0.3878  0.0393  0.3179  0.0706  0.4955  0.1747  1.0000  0.2553  0.0735  0.0045  0.0000  0.0134  0.0000  0.0000  0.0000
 0.1155  0.0000  0.0174  0.0078  0.1506  0.0006  0.0106  0.0067  0.0023  1.0000  0.0243  0.0259  0.0916  0.0034  0.2193  0.3252  0.1290  0.0072  0.0036  0.0002  0.0000  0.0005  0.0000  0.0000  0.0000
 0.0007  0.0000  0.0701  0.0001  0.0002  0.0124  0.0001  0.0001  0.0088  0.0002  0.2581  1.0000  0.0002  0.0003  0.0004  0.0002  0.0002  0.0468  0.0020  0.0002  0.0000  0.0002  0.0000  0.0000  0.0000
 0.0002  0.0000  0.0020  0.0000  0.0001  0.0092  0.0000  0.0000  0.0230  0.0001  1.0000  0.0054  0.0001  0.0001  0.0001  0.0001  0.0017  0.0001  0.0144  0.0001  0.0000  0.0001  0.0000  0.0000  0.0000
 0.6402  0.0000  0.2962  0.2163  0.4406  0.7057  0.3337  0.6259  0.7315  0.4833  0.6627  0.2503  0.3140  0.2076  0.8859  0.5770  0.4384  1.0000  0.8537  0.1868  0.0000  0.9954  0.0000  0.0000  0.0000
 0.0118  0.0000  0.0411  0.0003  0.0005  0.2622  0.0004  0.0005  0.0081  0.0006  0.4098  0.0494  0.0005  0.0008  0.0008  0.0006  0.0008  0.0012  0.0101  0.0022  0.0000  1.0000  0.0000  0.0000  0.0000
 0.0127  0.0000  0.0002  1.0000  0.1601  0.0003  0.0037  0.0013  0.0003  0.0030  0.0006  0.0002  0.2336  0.0016  0.0303  0.1318  0.0096  0.0202  0.0006  0.0002  0.0000  0.0082  0.0000  0.0000  0.0000
 0.0085  0.0000  0.0002  0.0002  0.0002  0.0001  0.0011  0.0000  0.0001  0.0002  0.0002  0.0001  0.0001  1.0000  0.0001  0.0001  0.0264  0.0004  0.0003  0.0000  0.0000  0.0001  0.0000  0.0000  0.0000
 1.0000  0.0000  0.0715  0.1548  0.4861  0.2411  0.1319  0.3261  0.1963  0.1574  0.2407  0.0834  0.3721  0.1481  0.1564  0.1634  0.7115  0.2321  0.3320  0.0604  0.0000  0.3604  0.0000  0.0000  0.0000
 0.0966  0.0000  0.0072  0.0463  0.1107  0.0020  0.1022  0.1176  0.0162  1.0000  0.0735  0.1063  0.0951  0.0106  0.2234  0.2499  0.0535  0.0222  0.0156  0.0007  0.0000  0.0015  0.0000  0.0000  0.0000
 0.0000  0.0000  0.0000  0.0000  0.0000  0.0000  0.0000  0.0000  0.0000  0.0000  0.0000  0.0000  0.0000  0.0000  0.0000  1.0000  0.0000  0.0000  0.0000  0.0000  0.0000  0.0000  0.0000  0.0000  0.0000
 0.0053  0.0000  0.0001  0.0000  0.0001  0.0003  0.0000  0.0000  1.0000  0.0001  0.0357  0.0103  0.0001  0.0001  0.0001  0.0001  0.0001  0.0034  0.0205  0.0000  0.0000  0.0001  0.0000  0.0000  0.0000
 0.0010  0.0000  0.0071  0.0081  0.0004  0.0001  0.0005  0.0134  0.0003  0.0005  0.0003  0.0002  0.0234  0.0082  0.0004  0.0003  1.0000  0.3077  0.0005  0.0001  0.0000  0.0002  0.0000  0.0000  0.0000
 1.0000  0.0000  0.0054  0.0002  0.0002  0.0001  0.0328  0.0000  0.0001  0.0002  0.0002  0.0001  0.0001  0.0006  0.0002  0.0002  0.0012  0.0024  0.0152  0.0000  0.0000  0.0001  0.0000  0.0000  0.0000
 0.1040  0.0000  0.0039  0.0724  0.1288  0.1189  0.0148  0.0577  0.0270  1.0000  0.0466  0.0060  0.0564  0.0102  0.0446  0.4715  0.0600  0.0517  0.0265  0.0031  0.0000  0.0780  0.0000  0.0000  0.0000
 0.7858  0.0000  0.0501  0.6523  1.0000  0.0468  0.3653  0.1158  0.1775  0.9033  0.2873  0.1100  0.4778  0.2576  0.6126  0.5432  0.7077  0.5480  0.2685  0.0161  0.0000  0.0372  0.0000  0.0000  0.0000
 1.0000  0.0000  0.0057  0.0002  0.0003  0.0001  0.0062  0.0000  0.0283  0.0003  0.0003  0.0001  0.0002  0.0007  0.0002  0.0002  0.0178  0.0031  0.0005  0.0000  0.0000  0.0001  0.0000  0.0000  0.0000
 0.0223  0.0000  0.0898  0.0001  0.0003  0.0100  0.0001  0.0001  0.0222  0.0003  1.0000  0.2009  0.0002  0.0005  0.0004  0.0162  0.0003  0.0092  0.0328  0.0002  0.0000  0.0002  0.0000  0.0000  0.0000
 0.2512  0.0000  0.0330  0.4518  1.0000  0.0088  0.0673  0.0568  0.1159  0.4844  0.1320  0.1441  0.3505  0.0485  0.8074  0.2386  0.3102  0.2354  0.1578  0.0030  0.0000  0.0067  0.0000  0.0000  0.0000
 0.0365  0.0000  0.0001  0.0003  0.0006  0.0001  0.0007  1.0000  0.0002  0.0020  0.0004  0.0001  0.0005  0.0004  0.0057  0.0046  0.0007  0.0005  0.0003  0.0001  0.0000  0.0002  0.0000  0.0000  0.0000
 0.0763  0.0000  0.0042  0.0567  0.2821  0.0004  0.0032  0.0113  0.0016  0.0339  0.0025  0.0009  0.0120  1.0000  0.0122  0.0696  0.1179  0.0133  0.0024  0.0001  0.0000  0.0003  0.0000  0.0000  0.0000
 0.0002  0.0000  0.0001  0.0000  0.0000  0.0709  0.0000  0.0000  0.0004  0.0000  0.0010  0.0002  0.0000  0.0001  0.0000  0.0000  0.0001  0.0001  0.0004  0.1790  0.0000  1.0000  0.0000  0.0000  0.0000
 0.0002  0.0000  0.0001  0.0000  0.0001  1.0000  0.0001  0.0000  0.0006  0.0000  0.0873  0.0004  0.0000  0.0001  0.0000  0.0000  0.0001  0.0001  0.0004  0.0006  0.0000  0.0022  0.0000  0.0000  0.0000
 0.4062  0.0000  0.0286  1.0000  0.4839  0.0599  0.1630  0.4946  0.0902  0.9012  0.1462  0.0509  0.6098  0.1160  0.6844  0.6330  0.4470  0.2510  0.1332  0.1465  0.0000  0.0796  0.0000  0.0000  0.0000
 0.0062  0.0000  0.0002  1.0000  0.2282  0.0002  0.0084  0.0193  0.0005  0.1056  0.0009  0.0003  0.0570  0.0013  0.0091  0.0016  0.0326  0.0844  0.0008  0.0001  0.0000  0.0004  0.0000  0.0000  0.0000
 0.1945  0.0000  0.0455  0.2201  0.2095  0.1970  0.0851  0.1391  0.2682  0.0762  1.0000  0.0625  0.1053  0.0637  0.0763  0.0900  0.1230  0.1094  0.3939  0.0474  0.0000  0.3097  0.0000  0.0000  0.0000
 0.0929  0.0000  0.0060  1.0000  0.9800  0.0056  0.2070  0.0847  0.0386  0.2303  0.0337  0.0118  0.1793  0.4993  0.1096  0.0875  0.1355  0.1630  0.0319  0.0019  0.0000  0.0042  0.0000  0.0000  0.0000
 0.7687  0.0000  0.0628  0.6246  1.0000  0.0947  0.3956  0.1514  0.2065  0.9287  0.3423  0.1167  0.5037  0.2847  0.5936  0.5363  0.7441  0.5836  0.3094  0.0280  0.0000  0.0977  0.0000  0.0000  0.0000
 0.7661  0.0000  0.0937  0.8534  1.0000  0.0574  0.3815  0.1265  0.1910  0.9720  0.3070  0.1264  0.6274  0.4110  0.5875  0.5363  0.7631  0.6045  0.4126  0.0193  0.0000  0.0488  0.0000  0.0000  0.0000
 0.2795  0.0000  0.0033  0.0034  0.0037  0.0013  0.0164  0.0010  0.0021  0.4365  0.0036  0.0017  0.0041  1.0000  0.0032  0.0040  0.0837  0.0417  0.0060  0.0006  0.0000  0.0012  0.0000  0.0000  0.0000
 0.0113  0.0000  0.0003  0.0273  1.0000  0.0012  0.0047  0.0037  0.0018  0.4786  0.0037  0.0014  0.0055  0.0071  0.0809  0.0112  0.0062  0.0059  0.0031  0.0006  0.0000  0.0018  0.0000  0.0000  0.0000
//
