WARNING! W133 not allowed! score: 0.01 median: 2.88 # of sequence: 57
ID   UNK_ID; MATRIX
AC   UNK_AC
DE   UNK_DE
MA   UNK_BL
  A   B   C   D   E   F   G   H   I   K   L   M   N   P   Q   R   S   T   V   W   X   Y   Z   *   -
 0.0176  0.0000  0.0035  0.0015  0.0032  0.0129  0.0029  0.0013  0.0364  0.0037  0.0658  1.0000  0.0021  0.0047  0.0035  0.0029  0.0047  0.0109  0.1745  0.0018  0.0000  0.0033  0.0000  0.0000  0.0000
 1.0000  0.0000  0.0076  0.0062  0.0073  0.0029  0.0425  0.0014  0.0036  0.0077  0.0075  0.0035  0.0054  0.1273  0.0053  0.0055  0.0836  0.0152  0.0130  0.0011  0.0000  0.0023  0.0000  0.0000  0.0000
 0.0190  0.0000  0.0038  0.0685  0.0209  0.0030  1.0000  0.0148  0.0018  0.0942  0.0038  0.0014  0.3117  0.0123  0.0138  0.0115  0.2277  0.0170  0.0034  0.0015  0.0000  0.0076  0.0000  0.0000  0.0000
 0.4100  0.0000  0.0329  0.0311  0.0388  0.0144  0.2072  0.0089  0.0172  0.0465  0.0357  0.1500  0.0288  0.1233  0.0295  0.1073  1.0000  0.0747  0.0567  0.0052  0.0000  0.0126  0.0000  0.0000  0.0000
 0.4634  0.0000  0.0071  0.0082  0.0079  0.0028  1.0000  0.0019  0.0037  0.0628  0.0072  0.0034  0.0084  0.0179  0.0060  0.0062  0.1276  0.1210  0.0120  0.0011  0.0000  0.0024  0.0000  0.0000  0.0000
 1.0000  0.0000  0.2241  0.0709  0.0829  0.0380  0.5329  0.0189  0.0439  0.0918  0.1174  0.0426  0.0660  0.3317  0.0640  0.0663  0.4914  0.3185  0.1525  0.0137  0.0000  0.0319  0.0000  0.0000  0.0000
 1.0000  0.0000  0.0313  0.0477  0.0583  0.0178  0.1996  0.0151  0.0212  0.0670  0.1432  0.0178  0.0612  0.2531  0.0418  0.0853  0.2226  0.0769  0.0586  0.0061  0.0000  0.0182  0.0000  0.0000  0.0000
 0.8947  0.0000  0.1261  0.6303  1.0000  0.3623  0.4781  0.3503  0.3452  0.9295  0.5588  0.1993  0.5636  0.3343  0.6445  0.6207  0.8109  0.6718  0.4744  0.1279  0.0000  0.4880  0.0000  0.0000  0.0000
 0.1023  0.0000  0.0063  0.0131  0.0141  0.0635  1.0000  0.0050  0.0040  0.0491  0.0088  0.0037  0.0139  0.0173  0.1631  0.0185  0.0347  0.0142  0.0113  0.0014  0.0000  0.0043  0.0000  0.0000  0.0000
 0.9076  0.0000  0.0671  0.6255  1.0000  0.1092  0.4177  0.1647  0.2155  0.9872  0.3699  0.1217  0.5283  0.3742  0.6080  0.6074  0.8021  0.6028  0.3884  0.0327  0.0000  0.1530  0.0000  0.0000  0.0000
 0.4885  0.0000  0.0309  0.5616  1.0000  0.0414  0.2326  0.0895  0.1125  0.5823  0.1841  0.0655  0.2956  0.1964  0.4268  0.3092  0.4294  0.3410  0.1898  0.0145  0.0000  0.0401  0.0000  0.0000  0.0000
 0.6480  0.0000  0.1613  0.1807  0.2232  0.4370  0.2255  0.2840  0.5617  0.2597  0.9220  0.2562  0.2826  0.2612  0.2405  0.2424  0.7335  1.0000  0.8238  0.1075  0.0000  0.4969  0.0000  0.0000  0.0000
 0.2741  0.0000  0.0176  0.2914  0.3192  0.0181  0.4652  0.0432  0.0585  0.3272  0.0954  0.0335  0.1987  1.0000  0.2998  0.2257  0.2327  0.1794  0.1421  0.0064  0.0000  0.0168  0.0000  0.0000  0.0000
 0.1203  0.0000  0.0026  0.0084  0.0278  0.0053  0.0139  0.0432  0.0094  0.3033  0.0186  0.0187  0.0185  0.0139  0.0376  1.0000  0.0890  0.0555  0.1253  0.0028  0.0000  0.0092  0.0000  0.0000  0.0000
 0.7379  0.0000  0.2073  0.2496  0.3597  0.7190  0.3256  0.5030  0.6611  0.4047  1.0000  0.2955  0.3283  0.3307  0.3416  0.3780  0.4458  0.5491  0.9887  0.1740  0.0000  0.9066  0.0000  0.0000  0.0000
 0.2503  0.0000  0.0872  0.1218  0.1343  1.0000  0.1622  0.2667  0.1961  0.1432  0.9425  0.6639  0.1514  0.1008  0.1447  0.3064  0.2789  0.5754  0.3231  0.0911  0.0000  0.5194  0.0000  0.0000  0.0000
 0.0286  0.0000  0.0179  0.3555  1.0000  0.0008  0.0166  0.0020  0.0021  0.0392  0.0035  0.0013  0.0077  0.0315  0.0083  0.0058  0.0430  0.0173  0.0035  0.0003  0.0000  0.0008  0.0000  0.0000  0.0000
 0.6737  0.0000  0.0534  0.7319  1.0000  0.0607  0.4254  0.1489  0.1738  0.8372  0.2676  0.0940  0.5900  0.2642  0.5449  0.4724  0.6893  0.5117  0.2491  0.0215  0.0000  0.0678  0.0000  0.0000  0.0000
 0.0111  0.0000  0.0039  0.0027  0.0034  1.0000  0.0053  0.0006  0.5177  0.0049  0.5537  0.0228  0.0033  0.0028  0.0025  0.0042  0.0052  0.0122  0.8739  0.0061  0.0000  0.1248  0.0000  0.0000  0.0000
 0.0903  0.0000  0.0088  0.0212  0.1249  0.0186  0.5553  0.0866  0.0379  1.0000  0.0900  0.0297  0.0927  0.0707  0.2115  0.8766  0.0759  0.1074  0.0504  0.0140  0.0000  0.0404  0.0000  0.0000  0.0000
 0.6133  0.0000  0.0253  0.9343  1.0000  0.0236  0.2247  0.0575  0.0887  0.6644  0.1813  0.0502  0.9015  0.1301  0.4328  0.5800  0.8617  0.2968  0.1628  0.0081  0.0000  0.0179  0.0000  0.0000  0.0000
 0.1189  0.0000  0.0415  0.0481  0.0640  0.4913  0.0773  0.2503  0.6035  0.2057  1.0000  0.0518  0.0720  0.0680  0.0944  0.0815  0.1511  0.3286  0.2445  0.0434  0.0000  0.3767  0.0000  0.0000  0.0000
 0.0008  0.0000  0.0004  0.0001  0.0002  0.4259  0.0001  0.0000  0.0017  0.0000  0.0041  0.0008  0.0000  0.0003  0.0000  0.0000  0.0005  0.0005  0.0016  0.2868  0.0000  1.0000  0.0000  0.0000  0.0000
 0.3043  0.0000  0.0205  0.2634  0.9775  0.0192  0.1458  0.0466  0.1385  0.3564  0.1898  0.0406  0.3898  0.1155  0.4745  0.2813  0.8222  1.0000  0.1094  0.0066  0.0000  0.0146  0.0000  0.0000  0.0000
 0.0043  0.0000  0.0013  0.0008  0.0012  0.2611  0.0015  0.0005  0.5181  0.0017  1.0000  0.0271  0.0012  0.0014  0.0016  0.0016  0.0016  0.0037  0.7231  0.0012  0.0000  0.0023  0.0000  0.0000  0.0000
 0.0301  0.0000  0.0042  0.0280  0.0341  0.0029  1.0000  0.0084  0.0048  0.0324  0.0077  0.0032  0.0338  0.0136  0.2928  0.0399  0.0798  0.3729  0.0086  0.0017  0.0000  0.0050  0.0000  0.0000  0.0000
 0.4105  0.0000  0.0083  0.0405  0.0620  0.0080  0.1027  0.0262  0.0177  0.9469  0.0336  0.0122  0.1092  0.0358  0.0705  1.0000  0.5918  0.1856  0.0275  0.0050  0.0000  0.0137  0.0000  0.0000  0.0000
 0.0037  0.0000  0.0003  0.0010  0.5393  0.0007  0.0025  0.0032  0.0015  1.0000  0.0036  0.0012  0.0035  0.0029  0.0086  0.3592  0.0030  0.0038  0.0147  0.0006  0.0000  0.0016  0.0000  0.0000  0.0000
 0.0009  0.0000  0.0002  0.0001  0.0002  0.0023  0.0002  0.0002  0.2737  0.0003  1.0000  0.0029  0.0002  0.0004  0.0004  0.0003  0.0003  0.0006  0.0111  0.0003  0.0000  0.0003  0.0000  0.0000  0.0000
 0.0000  0.0000  0.0000  0.0000  0.0000  0.0000  1.0000  0.0000  0.0000  0.0000  0.0000  0.0000  0.0000  0.0000  0.0000  0.0000  0.0000  0.0000  0.0000  0.0000  0.0000  0.0000  0.0000  0.0000  0.0000
 0.0064  0.0000  0.0006  0.0012  0.0089  0.0013  0.0045  0.0526  0.0027  0.2410  0.0065  0.0021  0.0062  0.0050  0.8667  1.0000  0.2296  0.0068  0.0036  0.0010  0.0000  0.0029  0.0000  0.0000  0.0000
 0.0000  0.0000  0.0000  0.0000  0.0000  0.0000  1.0000  0.0000  0.0000  0.0000  0.0000  0.0000  0.0000  0.0000  0.0000  0.0000  0.0000  0.0000  0.0000  0.0000  0.0000  0.0000  0.0000  0.0000  0.0000
 0.6993  0.0000  0.0363  0.0271  0.0340  0.0142  0.1854  0.0066  0.0296  0.0366  0.0425  0.0183  0.0244  0.0868  1.0000  0.0259  0.3220  0.0815  0.2122  0.0050  0.0000  0.0104  0.0000  0.0000  0.0000
 0.0027  0.0000  0.0014  0.0004  0.0007  1.0000  0.0005  0.0000  0.0058  0.0000  0.0140  0.0028  0.0000  0.0010  0.0000  0.0000  0.2581  0.0017  0.0054  0.0132  0.0000  0.3757  0.0000  0.0000  0.0000
 0.2106  0.0000  0.0007  0.0006  0.0006  0.0003  1.0000  0.0001  0.0003  0.0007  0.0007  0.0003  0.0005  0.0017  0.0005  0.0053  0.0035  0.0012  0.0011  0.0001  0.0000  0.0002  0.0000  0.0000  0.0000
 0.1122  0.0000  0.0336  0.0134  0.0194  0.0142  0.0071  0.0059  0.7782  0.0224  0.0824  0.0246  0.0228  0.0298  0.0167  0.0133  0.5208  1.0000  0.9108  0.0033  0.0000  0.0066  0.0000  0.0000  0.0000
 0.0172  0.0000  0.0035  0.0010  0.0026  0.0020  0.0002  0.0007  0.0333  0.0027  0.0129  0.0038  0.0015  0.0037  0.0020  0.0015  0.0036  1.0000  0.6673  0.0003  0.0000  0.0007  0.0000  0.0000  0.0000
 0.0699  0.0000  0.3439  0.0371  0.0363  0.2795  0.0548  0.1328  0.0521  0.0386  0.0934  0.0297  0.0494  0.0289  0.0374  0.0445  0.0561  0.0507  0.0639  0.0246  0.0000  1.0000  0.0000  0.0000  0.0000
 0.1370  0.0000  0.0132  0.0244  0.1877  0.0285  0.0965  0.1201  0.0586  0.9723  0.7660  0.0458  0.1313  0.1064  0.3615  1.0000  0.3653  0.1467  0.0772  0.0212  0.0000  0.0606  0.0000  0.0000  0.0000
 0.3241  0.0000  0.0359  0.0027  0.0041  0.0022  0.0167  0.0009  0.0116  0.0044  0.0098  0.0035  0.0026  0.0096  0.0031  0.0029  0.0508  0.0128  1.0000  0.0006  0.0000  0.0012  0.0000  0.0000  0.0000
 0.4468  0.0000  0.1557  0.1805  0.2411  0.6572  0.2903  0.5737  0.3485  0.2619  0.7336  0.2396  0.2708  0.1803  0.2603  1.0000  0.3529  0.4368  0.4429  0.1628  0.0000  0.9448  0.0000  0.0000  0.0000
 0.0022  0.0000  1.0000  0.0158  0.0022  0.0004  0.0056  0.0016  0.0002  0.0021  0.0005  0.0002  0.0335  0.0014  0.0014  0.0011  0.0043  0.0018  0.0004  0.0002  0.0000  0.0009  0.0000  0.0000  0.0000
 0.3563  0.0000  0.1387  0.0169  0.0529  0.0713  0.0021  0.0137  0.4405  0.0530  0.4318  0.0863  0.0252  0.0743  0.0401  0.0303  0.0515  0.5250  1.0000  0.0074  0.0000  0.0140  0.0000  0.0000  0.0000
 0.0803  0.0000  0.0169  0.6074  1.0000  0.0152  0.5017  0.4129  0.0083  0.1105  0.0180  0.0066  0.7957  0.0628  0.1288  0.0534  0.3149  0.0786  0.0142  0.0078  0.0000  0.0394  0.0000  0.0000  0.0000
 0.1888  0.0000  0.0101  0.0963  0.1544  0.0104  0.0601  0.0218  0.1524  1.0000  0.0599  0.0288  0.3433  0.0458  0.0944  0.1951  0.5908  0.3483  0.0601  0.0037  0.0000  0.0098  0.0000  0.0000  0.0000
 1.0000  0.0000  0.0155  0.1808  0.9916  0.0145  0.2441  0.0351  0.0540  0.3348  0.0978  0.0396  0.1427  0.3457  0.1836  0.1514  0.6765  0.2028  0.1039  0.0050  0.0000  0.0111  0.0000  0.0000  0.0000
 0.0401  0.0000  0.0086  0.0824  0.0227  0.0052  0.2074  0.0141  0.0102  0.0268  0.0781  0.0054  0.1004  0.0232  0.0191  0.0646  0.2196  1.0000  0.0162  0.0031  0.0000  0.0089  0.0000  0.0000  0.0000
 0.0930  0.0000  0.0016  0.0332  0.0337  0.0015  1.0000  0.0045  0.0283  0.1221  0.0075  0.0026  0.3653  0.0077  0.0153  0.1169  0.2610  0.0150  0.0070  0.0006  0.0000  0.0018  0.0000  0.0000  0.0000
 0.5606  0.0000  0.0287  0.3365  1.0000  0.0268  0.2599  0.1351  0.1514  0.8896  0.2505  0.0648  0.3304  0.3166  0.5060  0.3912  0.4679  0.3163  0.1532  0.0092  0.0000  0.0204  0.0000  0.0000  0.0000
 0.4464  0.0000  0.0319  0.4104  1.0000  0.0371  0.2248  0.1767  0.1180  0.6368  0.2850  0.1655  0.3564  0.3171  0.5125  0.3904  0.4650  0.4830  0.1849  0.0105  0.0000  0.0246  0.0000  0.0000  0.0000
 0.2425  0.0000  0.0495  0.0560  0.0742  0.6623  0.2862  0.1432  0.1076  0.0791  0.2478  0.0603  0.0826  0.0606  0.0791  0.0934  0.2028  0.1080  0.5854  0.0506  0.0000  1.0000  0.0000  0.0000  0.0000
 1.0000  0.0000  0.0000  0.0000  0.0000  0.0000  0.0000  0.0000  0.0000  0.0000  0.0000  0.0000  0.0000  0.0000  0.0000  0.0000  0.0000  0.0000  0.0000  0.0000  0.0000  0.0000  0.0000  0.0000  0.0000
 0.0051  0.0000  1.0000  0.0006  0.0011  0.0055  0.0008  0.0004  0.1974  0.0013  0.1752  0.0639  0.0008  0.0013  0.0011  0.0011  0.0012  0.0040  0.2834  0.0007  0.0000  0.0013  0.0000  0.0000  0.0000
 0.0000  0.0000  0.0000  0.0000  0.0000  0.0000  0.0000  0.0000  0.0000  1.0000  0.0000  0.0000  0.0000  0.0000  0.0000  0.0000  0.0000  0.0000  0.0000  0.0000  0.0000  0.0000  0.0000  0.0000  0.0000
 0.0136  0.0000  0.0015  0.0169  0.1693  0.0016  0.0062  0.0044  0.0035  0.3941  0.0055  0.0022  0.0102  0.0080  0.1695  0.0189  1.0000  0.1248  0.0054  0.0010  0.0000  0.0025  0.0000  0.0000  0.0000
 0.0008  0.0000  0.0003  0.0001  0.0002  0.2068  0.0003  0.0001  1.0000  0.0003  0.0072  0.0014  0.0002  0.0002  0.0002  0.0002  0.0003  0.0008  0.0204  0.0006  0.0000  0.0023  0.0000  0.0000  0.0000
 1.0000  0.0000  0.0315  0.0176  0.0213  0.0091  0.1588  0.0040  0.0105  0.0232  0.3048  0.0109  0.0150  0.1716  0.0160  0.0167  0.3864  0.0419  0.0398  0.0033  0.0000  0.0069  0.0000  0.0000  0.0000
 0.0112  0.0000  0.0015  0.0096  0.0136  0.0021  0.0115  0.0087  0.0039  1.0000  0.0087  0.0030  0.4066  0.1720  0.0204  0.0594  0.0259  0.0347  0.0054  0.0015  0.0000  0.0045  0.0000  0.0000  0.0000
 0.4112  0.0000  0.0069  0.0089  0.0468  0.0078  0.0439  0.0280  0.0149  0.2595  0.0348  0.0120  0.0325  0.1767  0.0754  1.0000  0.0454  0.0398  0.0240  0.0054  0.0000  0.0149  0.0000  0.0000  0.0000
 1.0000  0.0000  0.0964  0.2282  0.1609  0.1441  0.6537  0.0701  0.0516  0.5349  0.1150  0.0497  0.2637  0.2653  0.1432  0.2189  0.5471  0.2091  0.1615  0.0192  0.0000  0.0553  0.0000  0.0000  0.0000
 0.4154  0.0000  0.0592  0.3939  0.1497  0.0796  0.1873  0.0357  0.1873  0.1061  1.0000  0.1021  0.1652  0.1401  0.0909  0.0644  0.5182  0.7892  0.2426  0.0189  0.0000  0.0342  0.0000  0.0000  0.0000
 0.3792  0.0000  0.0777  0.0675  0.1149  0.0839  0.0579  0.0580  0.6128  0.2352  0.4199  0.0977  0.2309  0.1172  0.1181  0.2230  0.3311  0.6376  1.0000  0.0217  0.0000  0.0726  0.0000  0.0000  0.0000
 0.8719  0.0000  0.1733  0.7547  0.9407  0.4379  0.6404  0.4572  0.3614  1.0000  0.5940  0.2043  0.7886  0.3447  0.6833  0.6341  0.8668  0.7983  0.4963  0.1202  0.0000  0.6461  0.0000  0.0000  0.0000
 0.8604  0.0000  0.0960  0.6256  1.0000  0.2327  0.4406  0.2602  0.3003  0.9793  0.4745  0.1834  0.5386  0.3128  0.6400  0.6348  0.7797  0.6331  0.4077  0.0656  0.0000  0.3023  0.0000  0.0000  0.0000
 0.4609  0.0000  0.0129  1.0000  0.4900  0.0165  0.1090  0.0350  0.0701  0.2598  0.0843  0.0259  0.1159  0.0781  0.1642  0.1185  0.1714  0.1341  0.1761  0.0058  0.0000  0.0163  0.0000  0.0000  0.0000
 1.0000  0.0000  0.0741  0.2925  0.1520  0.0227  0.1050  0.1864  0.0458  0.1514  0.0622  0.0251  0.2008  0.1809  0.1014  0.1368  0.7028  0.4748  0.0702  0.0095  0.0000  0.0294  0.0000  0.0000  0.0000
 0.0566  0.0000  0.0032  0.2466  0.1267  0.0031  0.0361  0.0074  0.0112  1.0000  0.0286  0.0064  0.0296  0.0268  0.2024  0.1646  0.2488  0.0343  0.0171  0.0011  0.0000  0.0990  0.0000  0.0000  0.0000
 0.5458  0.0000  0.0211  0.8145  1.0000  0.0199  0.4840  0.0881  0.0229  0.1874  0.0422  0.0154  0.5332  0.0917  0.1406  0.5985  0.2860  0.1237  0.0382  0.0096  0.0000  0.0431  0.0000  0.0000  0.0000
 0.2314  0.0000  0.0096  1.0000  0.0185  0.0043  0.1881  0.0073  0.0046  0.0164  0.0094  0.0043  0.0377  0.0254  0.0116  0.0099  0.0622  0.3605  0.0150  0.0018  0.0000  0.0054  0.0000  0.0000  0.0000
 0.5413  0.0000  0.1008  0.4491  0.6897  0.3142  0.2747  0.2763  0.5651  0.6513  0.4603  0.1470  0.3099  0.2050  0.3775  0.5033  0.4273  0.4067  1.0000  0.0844  0.0000  0.4531  0.0000  0.0000  0.0000
 0.0630  0.0000  0.0012  0.2493  1.0000  0.0070  0.0243  0.0162  0.0082  0.0712  0.0151  0.0061  0.0276  0.0380  0.0825  0.0180  0.0324  0.0280  0.0261  0.0642  0.0000  0.2343  0.0000  0.0000  0.0000
 0.0102  0.0000  0.0028  1.0000  0.0097  0.0023  0.3158  0.0062  0.0018  0.0089  0.0037  0.0010  0.0281  0.0090  0.0061  0.0059  0.0154  0.0069  0.0028  0.0017  0.0000  0.0038  0.0000  0.0000  0.0000
 0.0041  0.0000  0.0015  0.0010  0.0013  0.2039  0.0021  0.0001  0.2584  0.0018  0.0364  0.1089  0.0012  0.0009  0.0006  0.0015  0.0020  0.0048  1.0000  0.0026  0.0000  0.1781  0.0000  0.0000  0.0000
 0.0481  0.0000  0.0049  0.0085  0.0660  0.0113  0.0339  0.0949  0.0210  0.4377  0.3920  0.0162  0.0462  0.0374  0.1319  1.0000  0.0392  0.0512  0.0278  0.0163  0.0000  0.0402  0.0000  0.0000  0.0000
 0.0009  0.0000  0.0001  0.0002  0.0012  0.0002  0.0007  0.0008  0.0004  0.2155  0.0009  0.0003  0.0009  0.0008  0.0021  1.0000  0.0007  0.0010  0.0005  0.0002  0.0000  0.0004  0.0000  0.0000  0.0000
 0.0000  0.0000  0.0000  0.0000  1.0000  0.0000  0.0000  0.0000  0.0000  0.0000  0.0000  0.0000  0.0000  0.0000  0.0000  0.0000  0.0000  0.0000  0.0000  0.0000  0.0000  0.0000  0.0000  0.0000  0.0000
 0.0077  0.0000  0.0020  0.0011  0.0017  0.0058  0.0021  0.0002  1.0000  0.0026  0.0312  0.0058  0.0014  0.0016  0.0010  0.1862  0.0607  0.0073  0.3606  0.0007  0.0000  0.0027  0.0000  0.0000  0.0000
 0.1643  0.0000  0.0013  0.0078  0.0162  0.0019  0.0079  0.0214  0.0043  0.4023  0.0230  0.0028  0.0219  0.0072  1.0000  0.0342  0.1564  0.0323  0.0061  0.0011  0.0000  0.0031  0.0000  0.0000  0.0000
 0.1443  0.0000  0.0008  0.0004  0.0006  0.0023  0.0005  0.0001  1.0000  0.0008  0.3482  0.0026  0.0005  0.0007  0.0005  0.0006  0.0008  0.0027  0.1504  0.0003  0.0000  0.0008  0.0000  0.0000  0.0000
 0.0012  0.0000  0.0003  0.0002  0.0003  0.0033  0.0003  0.0002  0.0060  0.0004  0.7050  1.0000  0.0003  0.0005  0.0006  0.0004  0.0003  0.0007  0.0033  0.0004  0.0000  0.0004  0.0000  0.0000  0.0000
 0.0141  0.0000  0.0012  0.0092  0.4293  0.0028  0.0096  1.0000  0.0053  0.0841  0.0124  0.0041  0.0131  0.0106  0.3372  0.5602  0.0111  0.0136  0.0072  0.0020  0.0000  0.0705  0.0000  0.0000  0.0000
 0.0021  0.0000  0.0003  0.0594  0.0065  0.0003  0.0039  1.0000  0.0003  0.0532  0.0007  0.0003  0.0062  0.0015  0.1108  0.0027  0.0032  0.0017  0.0005  0.0002  0.0000  0.0007  0.0000  0.0000  0.0000
 0.0007  0.0000  0.0002  0.0001  0.0002  0.0020  0.0001  0.0002  0.1004  0.0003  1.0000  0.1327  0.0002  0.0003  0.0004  0.0003  0.0002  0.0004  0.0021  0.0002  0.0000  0.0003  0.0000  0.0000  0.0000
 0.7713  0.0000  0.0050  0.0160  0.1171  0.0027  0.0117  0.0035  0.0069  0.0127  0.0072  0.0037  0.0184  0.0137  0.6225  0.0075  1.0000  0.5569  0.0116  0.0016  0.0000  0.0158  0.0000  0.0000  0.0000
 0.0047  0.0000  0.0006  0.3040  0.0921  0.0006  1.0000  0.0026  0.0005  0.0049  0.0010  0.0004  0.0121  0.0031  0.0046  0.0020  0.0066  0.0030  0.0009  0.0003  0.0000  0.0013  0.0000  0.0000  0.0000
 0.0015  0.0000  0.0003  0.0062  0.0023  0.0003  0.0045  1.0000  0.0002  0.0031  0.0005  0.0002  0.0219  0.0012  0.2587  0.0020  0.0035  0.0015  0.0004  0.0002  0.0000  0.0008  0.0000  0.0000  0.0000
 0.0689  0.0000  0.0034  0.0329  0.5943  0.0076  0.0276  0.0307  0.0153  0.5313  0.0352  0.0118  0.0363  1.0000  0.1255  0.6148  0.0519  0.0402  0.0212  0.0054  0.0000  0.0154  0.0000  0.0000  0.0000
 0.0007  0.0000  0.0002  0.0080  0.0011  0.0001  0.0096  0.0183  0.0001  0.0010  0.0002  0.0001  1.0000  0.0006  0.0007  0.0005  0.0283  0.0008  0.0001  0.0001  0.0000  0.0004  0.0000  0.0000  0.0000
 0.0012  0.0000  0.0003  0.0002  0.0003  0.0009  0.0003  0.0000  1.0000  0.0004  0.0051  0.0010  0.0002  0.0002  0.0001  0.0003  0.0004  0.0115  0.6440  0.0001  0.0000  0.0004  0.0000  0.0000  0.0000
 0.0140  0.0000  0.0004  0.0002  0.0003  0.0007  0.0002  0.0001  0.3972  0.0004  0.0041  0.0273  0.0002  0.0003  0.0002  0.0002  0.0004  0.0014  1.0000  0.0001  0.0000  0.0003  0.0000  0.0000  0.0000
 0.6487  0.0000  0.0332  0.4101  1.0000  0.0311  0.3525  0.0758  0.1163  0.6033  0.1877  0.0659  0.3084  0.1715  0.3960  0.3997  0.6679  0.6528  0.1775  0.0107  0.0000  0.0237  0.0000  0.0000  0.0000
 0.0035  0.0000  0.0009  0.0004  0.0009  0.2950  0.0007  0.0007  1.0000  0.0012  0.8532  0.0118  0.0009  0.0015  0.0018  0.0012  0.0010  0.0021  0.0105  0.0013  0.0000  0.0020  0.0000  0.0000  0.0000
 0.0728  0.0000  0.0486  0.0228  0.0712  0.0671  0.0489  0.0859  0.0647  0.9285  0.0855  0.0288  0.0672  0.0403  0.0937  1.0000  0.0583  0.0648  0.1850  0.0206  0.0000  0.4860  0.0000  0.0000  0.0000
 0.0030  0.0000  0.0005  0.3187  0.0181  0.0005  1.0000  0.0020  0.0003  0.0031  0.0006  0.0002  0.0105  0.0020  0.0024  0.0015  0.0054  0.0022  0.0006  0.0002  0.0000  0.0011  0.0000  0.0000  0.0000
 1.0000  0.0000  0.0116  0.0028  0.0086  0.0061  0.0004  0.0022  0.2316  0.0086  0.0406  0.0817  0.0041  0.0123  0.0064  0.0048  0.0168  0.1186  0.6123  0.0010  0.0000  0.0019  0.0000  0.0000  0.0000
 0.0022  0.0000  0.0011  0.0004  0.0006  0.4049  0.0004  0.0000  0.2638  0.0001  0.0123  0.0024  0.0001  0.0008  0.0000  0.0001  0.0015  0.0015  0.0999  0.0098  0.0000  1.0000  0.0000  0.0000  0.0000
 0.0522  0.0000  0.0029  0.0972  1.0000  0.0048  0.0230  0.0125  0.0079  0.0628  0.0137  0.0056  0.0246  0.2920  0.0553  0.0505  0.0436  0.2943  0.0145  0.0025  0.0000  0.0068  0.0000  0.0000  0.0000
 0.0330  0.0000  0.0068  1.0000  0.0536  0.0058  0.0957  0.0287  0.1548  0.0401  0.0075  0.0027  0.2650  0.3197  0.0286  0.0199  0.0755  0.0324  0.0066  0.0030  0.0000  0.0146  0.0000  0.0000  0.0000
 0.8060  0.0000  0.0201  0.1680  0.3959  0.0285  0.1430  0.5538  0.0763  1.0000  0.1459  0.0497  0.1887  0.7311  0.3486  0.9190  0.3392  0.2153  0.1482  0.0157  0.0000  0.0434  0.0000  0.0000  0.0000
 0.5144  0.0000  0.1767  0.2150  0.2887  0.7458  0.3388  0.5950  0.3975  0.3059  0.7273  0.2264  0.3340  0.2068  0.3554  0.3543  0.4377  0.4052  0.5901  0.1841  0.0000  1.0000  0.0000  0.0000  0.0000
 0.8383  0.0000  0.2147  0.1587  0.2081  0.6545  0.2530  0.4333  0.2988  0.2225  0.4931  0.1675  0.3285  0.2391  0.2237  0.7014  1.0000  0.2994  0.3813  0.1404  0.0000  0.8768  0.0000  0.0000  0.0000
 0.1452  0.0000  0.0470  0.0588  0.1990  0.2424  0.1113  0.1459  0.1105  0.1229  0.2010  0.1175  0.0982  0.2135  0.0940  0.2884  0.1141  0.1114  1.0000  0.0490  0.0000  0.2617  0.0000  0.0000  0.0000
 0.1651  0.0000  0.0063  0.0470  0.2317  0.0151  0.1912  1.0000  0.0297  0.0550  0.0267  0.0093  0.5083  0.0198  0.1311  0.0340  0.0776  0.0378  0.0393  0.0043  0.0000  0.0203  0.0000  0.0000  0.0000
 0.0034  0.0000  0.0009  0.0004  0.0008  0.2951  0.0006  0.0005  0.0156  0.0009  0.1197  0.0077  0.0006  0.0012  0.0012  0.0008  0.0010  0.0022  1.0000  0.0021  0.0000  0.0066  0.0000  0.0000  0.0000
 0.4347  0.0000  0.0614  0.1090  0.0737  0.0287  0.1660  0.0299  0.0715  0.1041  0.0758  0.5957  0.2777  0.2492  0.0793  0.0670  0.9116  1.0000  0.1310  0.0167  0.0000  0.0308  0.0000  0.0000  0.0000
 0.0088  0.0000  0.0004  0.3516  1.0000  0.0008  0.0044  0.0023  0.0012  0.0083  0.0020  0.0009  0.0060  0.0052  0.0103  0.0025  0.1764  0.1316  0.0022  0.0004  0.0000  0.0012  0.0000  0.0000  0.0000
 0.0337  0.0000  0.0271  0.0124  0.0169  0.0759  0.0198  0.1003  0.0746  0.0182  1.0000  0.0232  0.0187  0.0134  0.0188  0.2692  0.0244  0.0254  0.4309  0.0118  0.0000  0.0723  0.0000  0.0000  0.0000
 0.0059  0.0000  1.0000  0.0054  0.0031  0.0358  0.0127  0.0028  0.0059  0.0005  0.0113  0.0028  0.0032  0.0042  0.0021  0.0035  0.0031  0.0044  0.0068  0.0096  0.0000  0.2936  0.0000  0.0000  0.0000
 1.0000  0.0000  0.0499  0.4346  0.8044  0.0747  0.3038  0.1128  0.3757  0.6454  0.4413  0.0853  0.3579  0.2051  0.4132  0.3733  0.6231  0.4537  0.2340  0.0228  0.0000  0.0834  0.0000  0.0000  0.0000
 0.5227  0.0000  0.0273  0.0198  0.0240  0.0105  1.0000  0.0045  0.0122  0.0262  0.2847  0.0126  0.0168  0.0682  0.0181  0.0189  0.1786  0.0470  0.0634  0.0037  0.0000  0.0078  0.0000  0.0000  0.0000
 0.2073  0.0000  0.0331  0.0294  0.0368  0.2060  0.5199  0.0286  0.2937  0.0499  1.0000  0.1995  0.0413  0.0647  0.0493  0.0447  0.1196  0.1749  0.1889  0.0320  0.0000  0.1485  0.0000  0.0000  0.0000
 0.0013  0.0000  0.0003  0.0021  1.0000  0.0003  0.0090  0.0004  0.0003  0.0010  0.0006  0.0001  0.0007  0.0013  0.0010  0.0007  0.0009  0.0006  0.0004  0.0003  0.0000  0.0003  0.0000  0.0000  0.0000
 0.0000  0.0000  0.0000  0.0000  0.0000  0.0000  0.0000  0.0000  0.0000  0.0000  1.0000  0.0000  0.0000  0.0000  0.0000  0.0000  0.0000  0.0000  0.0000  0.0000  0.0000  0.0000  0.0000  0.0000  0.0000
 0.0029  0.0000  0.0008  0.0004  0.0008  1.0000  0.0006  0.0006  0.0146  0.0010  0.3455  0.3497  0.0007  0.0012  0.0015  0.0010  0.0009  0.0017  0.0081  0.0014  0.0000  0.0029  0.0000  0.0000  0.0000
 0.0000  0.0000  0.0000  1.0000  0.0000  0.0000  0.0000  0.0000  0.0000  0.0000  0.0000  0.0000  0.0000  0.0000  0.0000  0.0000  0.0000  0.0000  0.0000  0.0000  0.0000  0.0000  0.0000  0.0000  0.0000
 0.1730  0.0000  0.0307  0.0217  0.0469  0.0186  0.0366  0.0217  0.1234  0.1370  0.1010  0.0328  0.0441  0.0548  0.0582  1.0000  0.1249  0.5135  0.5282  0.0068  0.0000  0.0146  0.0000  0.0000  0.0000
 0.3420  0.0000  0.0477  0.6152  0.1563  0.0323  0.3036  0.0622  1.0000  0.1221  0.0782  0.0293  0.3206  0.1345  0.0909  0.0702  0.7302  0.3830  0.1097  0.0153  0.0000  0.0429  0.0000  0.0000  0.0000
 0.0016  0.0000  0.0005  0.0003  0.0004  0.0020  0.0006  0.0000  1.0000  0.0006  0.5263  0.0020  0.0004  0.0003  0.0002  0.0005  0.0006  0.0380  0.5924  0.0002  0.0000  0.0009  0.0000  0.0000  0.0000
 0.8630  0.0000  0.0359  0.1756  0.2490  0.0436  0.2056  0.5731  0.0837  1.0000  0.1623  0.0584  0.3262  0.1627  0.3528  0.8536  0.8544  0.5096  0.1202  0.0283  0.0000  0.0833  0.0000  0.0000  0.0000
 0.0046  0.0000  0.0004  0.0012  0.4770  0.0009  0.0032  0.0280  0.0019  0.7387  0.0046  0.0015  0.0044  0.0036  1.0000  0.2800  0.0037  0.0049  0.0026  0.0007  0.0000  0.0020  0.0000  0.0000  0.0000
 0.1455  0.0000  0.0150  0.0261  0.1969  0.0388  0.1218  0.1301  0.1622  1.0000  0.2569  0.0551  0.1384  0.1122  0.3353  0.9120  0.1177  0.1535  0.0880  0.0237  0.0000  0.0695  0.0000  0.0000  0.0000
 0.0844  0.0000  0.0199  0.0110  0.0204  0.1789  0.0582  0.0201  0.3371  0.0266  1.0000  0.2160  0.0198  0.0327  0.0372  0.0266  0.0298  0.0433  0.1832  0.0221  0.0000  0.0318  0.0000  0.0000  0.0000
 0.1147  0.0000  0.0390  0.0453  0.0650  0.1546  0.0746  1.0000  0.0888  0.0919  0.2903  0.1151  0.0708  0.0477  0.0944  0.4530  0.1199  0.0897  0.2193  0.0409  0.0000  0.2656  0.0000  0.0000  0.0000
 0.0582  0.0000  0.0077  0.0257  0.0225  0.0211  0.0429  0.0161  0.0105  0.0651  0.0209  0.0074  0.0362  0.0219  0.0273  0.1675  0.3779  0.0398  0.0175  0.0041  0.0000  1.0000  0.0000  0.0000  0.0000
 0.1024  0.0000  0.0020  0.0055  0.0371  0.0010  0.0037  0.0015  0.0028  0.0941  0.0027  0.0014  0.4968  0.0049  0.0034  0.0028  1.0000  0.6635  0.0044  0.0007  0.0000  0.0013  0.0000  0.0000  0.0000
 0.0108  0.0000  0.0007  0.0166  1.0000  0.0009  0.0065  0.0023  0.0012  0.0099  0.0023  0.0009  0.0059  0.0051  0.0087  0.0296  0.3200  0.0055  0.0024  0.0004  0.0000  0.0013  0.0000  0.0000  0.0000
 0.0376  0.0000  0.0201  0.0025  0.0117  0.0018  0.0066  0.2217  0.0035  0.2396  0.0084  0.0028  0.0891  0.0837  0.0196  1.0000  0.0074  0.0091  0.0047  0.0013  0.0000  0.0039  0.0000  0.0000  0.0000
 0.7185  0.0000  0.0087  0.1777  0.2418  0.0087  0.0798  0.0224  0.0303  0.5397  0.0495  0.0174  0.0946  0.0480  1.0000  0.1004  0.1204  0.1135  0.0464  0.0032  0.0000  0.0077  0.0000  0.0000  0.0000
 1.0000  0.0000  0.0016  0.0012  0.0014  0.0006  0.5161  0.0003  0.0007  0.0015  0.0015  0.0007  0.0010  0.0251  0.0011  0.0011  0.0676  0.0027  0.0026  0.0002  0.0000  0.0005  0.0000  0.0000  0.0000
 1.0000  0.0000  0.1573  0.0441  0.0547  0.1131  0.2416  0.1219  0.1036  0.0606  0.4864  0.0723  0.0487  0.1124  0.0511  0.0540  0.2223  0.0976  0.1282  0.0212  0.0000  0.0816  0.0000  0.0000  0.0000
 0.1500  0.0000  0.0016  0.0874  0.3989  0.0015  0.0529  0.0043  0.0044  0.0230  0.0071  0.0025  0.0685  0.0080  0.1818  0.0124  1.0000  0.1593  0.0068  0.0006  0.0000  0.0017  0.0000  0.0000  0.0000
 0.0391  0.0000  0.0097  0.0048  0.2609  0.0943  0.0071  0.0072  0.1803  0.0127  1.0000  0.3357  0.0089  0.0157  0.0188  0.0123  0.0105  0.0231  0.1270  0.0111  0.0000  0.0119  0.0000  0.0000  0.0000
 0.2011  0.0000  0.0056  0.5083  1.0000  0.0189  0.0841  0.0489  0.0267  0.2043  0.0476  0.0194  0.0995  0.1169  0.2475  0.0654  0.1257  0.1143  0.0496  0.0142  0.0000  0.0258  0.0000  0.0000  0.0000
 0.1419  0.0000  0.0143  0.0269  0.2114  0.0340  0.0996  0.2799  0.0636  1.0000  0.2077  0.1273  0.1357  0.1100  0.3302  0.8503  0.1155  0.1506  0.0826  0.0229  0.0000  0.0681  0.0000  0.0000  0.0000
 0.1992  0.0000  0.7446  0.0065  0.0192  0.0159  0.0050  0.0047  1.0000  0.0194  0.1011  0.0290  0.0093  0.0278  0.0142  0.0111  0.0220  0.0895  0.3487  0.0026  0.0000  0.0052  0.0000  0.0000  0.0000
 0.0353  0.0000  0.0019  0.0019  0.0033  0.0010  0.0073  0.0006  0.0042  0.0032  0.0046  0.0015  0.0015  0.0042  1.0000  0.0023  0.0074  0.0051  0.0413  0.0003  0.0000  0.0006  0.0000  0.0000  0.0000
 0.0426  0.0000  0.0045  0.0110  0.0581  0.0106  0.0319  0.9041  0.0185  0.4801  0.0430  0.0142  0.0439  0.0329  0.0975  0.2854  0.0360  0.0451  0.0244  0.0070  0.0000  1.0000  0.0000  0.0000  0.0000
 0.0674  0.0000  0.2061  0.0081  0.0169  0.4305  0.0130  0.0124  0.4481  0.0216  1.0000  0.2071  0.0154  0.0274  0.0320  0.0213  0.0196  0.0402  0.2026  0.0306  0.0000  0.0670  0.0000  0.0000  0.0000
 0.2893  0.0000  0.1308  0.0120  0.0308  0.1608  0.0115  0.0157  0.4238  0.0353  1.0000  0.2272  0.0213  0.0467  0.0408  0.0280  0.0321  0.1430  0.4003  0.0192  0.0000  0.0230  0.0000  0.0000  0.0000
 0.0115  0.0000  0.0011  0.0020  0.0160  0.0024  0.0082  0.0103  0.0125  0.1469  0.0117  0.0039  0.0112  0.0090  0.0273  1.0000  0.0094  0.0123  0.0065  0.0018  0.0000  0.2940  0.0000  0.0000  0.0000
 0.7202  0.0000  0.0477  0.8720  0.9950  0.0452  0.3685  0.1089  0.1664  0.8258  0.2955  0.0942  0.4526  0.2454  1.0000  0.4650  0.6644  0.8005  0.3605  0.0156  0.0000  0.0352  0.0000  0.0000  0.0000
 0.0008  0.0000  0.0003  0.0002  0.0002  0.0011  0.0003  0.0000  1.0000  0.0003  0.1565  0.0566  0.0002  0.0002  0.0001  0.0003  0.0003  0.0156  0.3079  0.0001  0.0000  0.0005  0.0000  0.0000  0.0000
 0.0118  0.0000  0.0009  0.0003  0.0007  0.0025  0.0004  0.0002  0.0715  0.0008  0.7742  0.0031  0.0005  0.0009  0.0006  0.0006  0.0008  0.0029  1.0000  0.0003  0.0000  0.0007  0.0000  0.0000  0.0000
 0.5962  0.0000  0.0369  0.4307  1.0000  0.0346  0.6582  0.0842  0.1281  0.6400  0.2069  0.0909  0.5268  0.1888  0.4572  0.6723  0.5517  0.4847  0.1955  0.0120  0.0000  0.0269  0.0000  0.0000  0.0000
 0.7226  0.0000  0.0487  0.0355  0.0428  0.0349  0.5131  0.0074  0.3281  0.0483  0.1385  0.0370  0.0310  0.1142  0.0312  0.0353  0.2353  0.0900  1.0000  0.0083  0.0000  0.0213  0.0000  0.0000  0.0000
 0.0017  0.0000  0.0005  0.0003  0.0004  0.0026  0.0005  0.0001  0.1121  0.0006  0.7859  0.0029  0.0004  0.0004  0.0004  0.0005  0.0006  0.0016  1.0000  0.0003  0.0000  0.0008  0.0000  0.0000  0.0000
 0.4522  0.0000  0.0067  0.1729  1.0000  0.0115  0.0632  0.5109  0.0261  0.7434  0.0489  0.0174  0.2458  0.0602  0.2069  0.1530  0.0950  0.1742  0.0403  0.0060  0.0000  0.0170  0.0000  0.0000  0.0000
 0.5134  0.0000  0.1746  0.2032  0.2692  0.7029  0.3268  0.5343  0.3921  0.2867  0.6402  0.2176  0.3053  0.2019  0.2896  0.3427  0.4032  0.3944  0.4985  0.1823  0.0000  1.0000  0.0000  0.0000  0.0000
 0.0074  0.0000  1.0000  0.0009  0.0018  0.0170  0.0014  0.0013  0.3771  0.0023  0.3990  0.0208  0.0016  0.0029  0.0033  0.0022  0.0020  0.0045  0.0216  0.0020  0.0000  0.0024  0.0000  0.0000  0.0000
 0.0000  0.0000  0.0000  0.0000  0.0000  0.0000  0.0000  1.0000  0.0000  0.0000  0.0000  0.0000  0.0000  0.0000  0.0000  0.0000  0.0000  0.0000  0.0000  0.0000  0.0000  0.0000  0.0000  0.0000  0.0000
 0.1260  0.0000  0.0220  0.0476  0.0383  0.1781  0.0536  0.1429  0.0328  0.0845  0.0403  0.0182  0.0816  0.0545  0.0468  0.1512  1.0000  0.3799  0.0522  0.0095  0.0000  0.0288  0.0000  0.0000  0.0000
 0.3003  0.0000  0.0170  0.0188  0.2185  0.1234  0.0299  0.0110  0.2380  0.0249  1.0000  0.4517  0.0154  0.0321  0.0320  0.0203  0.0338  0.0408  0.1528  0.0150  0.0000  0.0170  0.0000  0.0000  0.0000
 0.0016  0.0000  0.0004  0.0081  0.0024  0.0003  1.0000  0.0316  0.0002  0.0256  0.0004  0.0001  0.2184  0.0013  0.0016  0.0013  0.0043  0.0017  0.0003  0.0002  0.0000  0.0009  0.0000  0.0000  0.0000
 0.0015  0.0000  0.0006  0.0003  0.0004  0.0701  0.0004  0.0000  0.0478  0.0003  0.0092  0.0018  0.0002  0.0004  0.0001  0.0002  0.0009  0.0013  1.0000  0.0043  0.0000  0.1983  0.0000  0.0000  0.0000
 0.0025  0.0000  0.0007  0.0004  0.0007  0.0840  0.0007  0.0004  0.3224  0.0009  0.3409  1.0000  0.0007  0.0009  0.0011  0.0009  0.0008  0.0019  0.4160  0.0007  0.0000  0.0011  0.0000  0.0000  0.0000
 0.0000  0.0000  0.0000  0.0000  0.0000  0.0000  0.0000  1.0000  0.0000  0.0000  0.0000  0.0000  0.0000  0.0000  0.0000  0.0000  0.0000  0.0000  0.0000  0.0000  0.0000  0.0000  0.0000  0.0000  0.0000
 0.2462  0.0000  0.0025  0.0028  0.0035  0.0014  0.0140  0.0015  0.0017  0.0077  0.0036  0.0013  0.0026  0.0070  0.0035  1.0000  0.0109  0.0047  0.0042  0.0009  0.0000  0.0014  0.0000  0.0000  0.0000
 0.0000  0.0000  0.0000  1.0000  0.0000  0.0000  0.0000  0.0000  0.0000  0.0000  0.0000  0.0000  0.0000  0.0000  0.0000  0.0000  0.0000  0.0000  0.0000  0.0000  0.0000  0.0000  0.0000  0.0000  0.0000
 0.0000  0.0000  0.0000  0.0000  0.0000  0.0000  0.0000  0.0000  0.0000  0.0000  1.0000  0.0000  0.0000  0.0000  0.0000  0.0000  0.0000  0.0000  0.0000  0.0000  0.0000  0.0000  0.0000  0.0000  0.0000
 0.0008  0.0000  0.0001  0.0007  0.0062  0.0002  0.0012  0.0005  0.0003  1.0000  0.0007  0.0002  0.0007  0.0010  0.0012  0.0025  0.0006  0.0006  0.0004  0.0002  0.0000  0.0003  0.0000  0.0000  0.0000
 0.0000  0.0000  0.0000  0.0000  0.0000  0.0000  0.0000  0.0000  0.0000  0.0000  0.0000  0.0000  0.0000  1.0000  0.0000  0.0000  0.0000  0.0000  0.0000  0.0000  0.0000  0.0000  0.0000  0.0000  0.0000
 0.0155  0.0000  0.0011  0.0208  1.0000  0.0014  0.0098  0.0041  0.0021  0.0220  0.0043  0.0016  0.0090  0.0077  0.0139  0.3296  0.3414  0.0084  0.0039  0.0008  0.0000  0.0022  0.0000  0.0000  0.0000
 0.0000  0.0000  0.0000  0.0000  0.0000  0.0000  0.0000  0.0000  0.0000  0.0000  0.0000  0.0000  1.0000  0.0000  0.0000  0.0000  0.0000  0.0000  0.0000  0.0000  0.0000  0.0000  0.0000  0.0000  0.0000
 0.0034  0.0000  0.0009  0.0005  0.0009  1.0000  0.0009  0.0006  0.2872  0.0012  0.3885  0.0103  0.0009  0.0013  0.0015  0.0012  0.0011  0.0024  0.0856  0.0011  0.0000  0.0018  0.0000  0.0000  0.0000
 0.0000  0.0000  0.0000  0.0000  0.0000  0.0000  0.0000  0.0000  0.0000  0.0000  1.0000  0.0000  0.0000  0.0000  0.0000  0.0000  0.0000  0.0000  0.0000  0.0000  0.0000  0.0000  0.0000  0.0000  0.0000
 0.0195  0.0000  0.0052  0.0024  0.0050  0.6811  0.0039  0.0038  0.0972  0.0064  1.0000  0.0786  0.0046  0.0083  0.0098  0.0064  0.0058  0.0114  0.0823  0.3408  0.0000  0.0226  0.0000  0.0000  0.0000
 0.4843  0.0000  0.0312  0.3203  0.3562  0.0238  0.1541  0.0513  0.0812  0.5759  0.1179  0.0447  0.7575  0.1248  0.2503  0.1921  1.0000  0.5839  0.5353  0.0103  0.0000  0.0220  0.0000  0.0000  0.0000
 1.0000  0.0000  0.0182  0.4368  0.4132  0.0170  0.1301  0.0668  0.0638  0.4858  0.1030  0.0361  0.3041  0.1041  0.2089  0.1963  0.6434  0.2076  0.0973  0.0059  0.0000  0.0130  0.0000  0.0000  0.0000
 0.0061  0.0000  0.0001  0.1845  1.0000  0.0005  0.0265  0.0015  0.0007  0.2130  0.0014  0.0006  0.0026  0.0419  0.0557  0.0017  0.0031  0.0027  0.0014  0.0003  0.0000  0.0007  0.0000  0.0000  0.0000
 0.0039  0.0000  0.0008  0.9506  0.1015  0.0007  0.0371  0.0036  0.0004  0.0309  0.0009  0.0003  1.0000  0.0029  0.0331  0.0026  0.0356  0.0296  0.0007  0.0004  0.0000  0.0018  0.0000  0.0000  0.0000
 0.5191  0.0000  0.1031  0.7754  1.0000  0.0387  0.4218  0.1204  0.0600  0.3717  0.1048  0.0410  0.5271  0.2118  0.3192  0.1716  0.5483  0.3033  0.1133  0.0175  0.0000  0.0615  0.0000  0.0000  0.0000
 0.7526  0.0000  0.1463  0.7246  1.0000  0.0535  0.3720  0.1218  0.1849  0.9155  0.3251  0.1287  0.4895  0.3983  0.5746  0.5122  0.7413  0.5639  0.2913  0.0180  0.0000  0.0439  0.0000  0.0000  0.0000
 0.0110  0.0000  0.0003  0.0002  0.0003  0.2479  0.0003  0.0003  0.0198  0.0005  1.0000  0.0045  0.0003  0.0006  0.0007  0.0005  0.0004  0.0008  0.0037  0.0005  0.0000  0.0006  0.0000  0.0000  0.0000
 0.0007  0.0000  0.0001  0.0003  0.0009  0.0002  0.0008  0.0005  0.0003  1.0000  0.0007  0.0002  0.0006  0.0007  0.0109  0.0032  0.0006  0.0007  0.0004  0.0001  0.0000  0.0003  0.0000  0.0000  0.0000
 0.7914  0.0000  0.0733  0.0218  0.0577  0.1344  0.0213  0.0196  0.7247  0.0614  1.0000  0.1914  0.0344  0.0869  0.0556  0.0404  0.0783  0.4323  0.7990  0.0177  0.0000  0.0238  0.0000  0.0000  0.0000
 0.0729  0.0000  0.4406  0.0097  0.0124  0.0100  0.0105  0.0042  1.0000  0.0142  0.0498  0.0152  0.0155  0.0203  0.0110  0.0090  0.0593  0.8120  0.1253  0.0027  0.0000  0.0051  0.0000  0.0000  0.0000
 0.0000  0.0000  0.0000  1.0000  0.0000  0.0000  0.0000  0.0000  0.0000  0.0000  0.0000  0.0000  0.0000  0.0000  0.0000  0.0000  0.0000  0.0000  0.0000  0.0000  0.0000  0.0000  0.0000  0.0000  0.0000
 0.0000  0.0000  0.0000  0.0000  0.0000  1.0000  0.0000  0.0000  0.0000  0.0000  0.0000  0.0000  0.0000  0.0000  0.0000  0.0000  0.0000  0.0000  0.0000  0.0000  0.0000  0.0000  0.0000  0.0000  0.0000
 0.0000  0.0000  0.0000  0.0000  0.0000  0.0000  1.0000  0.0000  0.0000  0.0000  0.0000  0.0000  0.0000  0.0000  0.0000  0.0000  0.0000  0.0000  0.0000  0.0000  0.0000  0.0000  0.0000  0.0000  0.0000
 0.0000  0.0000  0.0000  0.0000  0.0000  0.0000  0.0000  0.0000  0.0000  0.0000  1.0000  0.0000  0.0000  0.0000  0.0000  0.0000  0.0000  0.0000  0.0000  0.0000  0.0000  0.0000  0.0000  0.0000  0.0000
 0.2731  0.0000  0.0008  0.0007  0.0008  0.0003  0.0047  0.0002  0.0004  0.0008  0.0008  0.0004  0.0006  0.0021  0.0006  0.0006  1.0000  0.0017  0.0014  0.0001  0.0000  0.0003  0.0000  0.0000  0.0000
 0.0394  0.0000  0.0110  0.0091  0.0150  1.0000  0.0150  0.0203  0.1477  0.0241  0.1532  0.0355  0.0146  0.0134  0.0175  0.3695  0.0194  0.0303  0.3757  0.0091  0.0000  0.1787  0.0000  0.0000  0.0000
 0.1443  0.0000  0.0254  0.0280  0.0999  0.1860  0.0563  0.0707  0.1251  1.0000  0.1202  0.0397  0.0790  0.0874  0.1491  0.4023  0.1756  0.1885  0.2673  0.0169  0.0000  0.0631  0.0000  0.0000  0.0000
 0.1214  0.0000  0.0017  0.3409  1.0000  0.0110  0.0461  0.0465  0.0145  0.1228  0.0269  0.0111  0.0528  0.3811  0.1700  0.0329  0.0625  0.1252  0.0279  0.0052  0.0000  0.0149  0.0000  0.0000  0.0000
 0.0014  0.0000  0.0003  0.0262  0.0020  0.0003  1.0000  0.0015  0.0001  0.0019  0.0003  0.0001  0.1603  0.0011  0.0013  0.0010  0.1278  0.0015  0.0002  0.0001  0.0000  0.0007  0.0000  0.0000  0.0000
 0.0253  0.0000  0.0016  0.3240  1.0000  0.0019  0.0261  0.0909  0.0055  0.3092  0.0092  0.0033  0.3616  0.0109  0.2349  0.0276  0.0233  0.0178  0.0195  0.0008  0.0000  0.0021  0.0000  0.0000  0.0000
 0.4889  0.0000  0.1796  0.1983  0.2714  0.7404  0.3177  0.5354  0.4966  0.3541  0.6259  0.2748  0.3723  0.1969  0.5548  0.3679  0.3866  0.5751  0.7631  0.1781  0.0000  1.0000  0.0000  0.0000  0.0000
 0.0310  0.0000  0.0140  0.2149  0.0083  1.0000  0.0060  0.0029  0.0831  0.0031  0.2478  0.2662  0.0026  0.0121  0.0042  0.0032  0.0192  0.0194  0.0654  0.1170  0.0000  0.6370  0.0000  0.0000  0.0000
 0.1473  0.0000  0.0346  0.0592  0.1051  0.1231  0.0825  0.1206  0.0823  0.5026  0.1483  0.0479  0.1633  0.0625  0.1178  0.5122  0.2563  1.0000  0.5280  0.0350  0.0000  0.2360  0.0000  0.0000  0.0000
 0.0051  0.0000  0.0003  1.0000  0.3850  0.0006  0.0054  0.0022  0.0006  0.3394  0.0011  0.0005  0.0226  0.0033  0.0064  0.0019  0.0162  0.0029  0.0011  0.0003  0.0000  0.0011  0.0000  0.0000  0.0000
 0.0191  0.0000  0.0067  0.0049  0.0059  0.0337  0.0099  0.0006  0.7769  0.0181  0.3720  0.0419  0.0060  0.0039  0.0034  0.0075  0.0090  0.0231  1.0000  0.0041  0.0000  0.7800  0.0000  0.0000  0.0000
 0.0006  0.0000  0.0002  0.0001  0.0001  0.0006  0.0002  0.0000  0.2500  0.0002  0.0031  0.0006  0.0001  0.0001  0.0001  0.0002  0.0002  0.0006  1.0000  0.0001  0.0000  0.0003  0.0000  0.0000  0.0000
 0.5891  0.0000  0.0600  0.0740  0.0701  0.0265  1.0000  0.0197  0.0309  0.0811  0.0675  0.0281  0.0666  0.1545  0.2659  0.0612  0.2977  0.1070  0.3227  0.0119  0.0000  0.0231  0.0000  0.0000  0.0000
 0.0030  0.0000  0.0006  0.0013  0.0008  0.0003  0.0009  0.0004  0.0009  0.0012  0.0008  0.0004  0.0023  0.0015  0.0009  0.0095  1.0000  0.6834  0.0014  0.0002  0.0000  0.0004  0.0000  0.0000  0.0000
 1.0000  0.0000  0.0345  0.5241  0.1022  0.0151  0.2132  0.0173  0.0172  0.0643  0.0371  0.0168  0.0694  0.7812  0.0468  0.4952  0.1935  0.0720  0.0586  0.0060  0.0000  0.0154  0.0000  0.0000  0.0000
 0.0285  0.0000  0.0130  0.0137  0.0093  0.3163  0.2630  0.0042  0.0326  0.0053  0.0768  0.0159  0.0096  0.0154  0.0043  0.0063  0.0194  0.0148  0.0325  0.3186  0.0000  1.0000  0.0000  0.0000  0.0000
 0.0000  0.0000  0.0000  0.0000  0.0000  0.0000  0.0000  0.0000  0.0000  0.0000  0.0000  0.0000  0.0000  0.0000  0.0000  0.0000  0.0000  0.0000  0.0000  0.0000  0.0000  1.0000  0.0000  0.0000  0.0000
 0.1305  0.0000  0.0293  0.0114  0.0251  0.0492  0.0152  0.0059  0.6452  0.0379  0.2765  0.0590  0.0160  0.0285  0.0192  0.2246  0.0283  0.1035  1.0000  0.0068  0.0000  0.0211  0.0000  0.0000  0.0000
 1.0000  0.0000  0.0006  0.0004  0.0005  0.0002  0.0086  0.0001  0.0002  0.0006  0.0006  0.0003  0.0004  0.0294  0.0004  0.0004  0.0029  0.0010  0.0009  0.0001  0.0000  0.0002  0.0000  0.0000  0.0000
 0.0000  0.0000  0.0000  0.0000  0.0000  0.0000  0.0000  0.0000  0.0000  0.0000  0.0000  0.0000  0.0000  1.0000  0.0000  0.0000  0.0000  0.0000  0.0000  0.0000  0.0000  0.0000  0.0000  0.0000  0.0000
 0.0000  0.0000  0.0000  0.0000  1.0000  0.0000  0.0000  0.0000  0.0000  0.0000  0.0000  0.0000  0.0000  0.0000  0.0000  0.0000  0.0000  0.0000  0.0000  0.0000  0.0000  0.0000  0.0000  0.0000  0.0000
 0.3331  0.0000  0.0029  0.0008  0.0022  0.0020  0.0013  0.0006  0.0145  0.0022  0.3370  0.0036  0.0011  0.0123  0.0017  0.0013  0.0031  0.0097  1.0000  0.0003  0.0000  0.0005  0.0000  0.0000  0.0000
 0.0133  0.0000  0.0035  0.0103  0.2326  0.0211  0.0132  0.0037  0.0363  0.0082  1.0000  0.0236  0.0048  0.0110  0.0084  0.0069  0.0059  0.0074  0.0218  0.0041  0.0000  0.0051  0.0000  0.0000  0.0000
 0.0415  0.0000  0.0143  0.0074  0.0564  0.0109  0.0290  0.0548  0.0202  0.3652  1.0000  0.0628  0.0395  0.0321  0.1573  0.5137  0.0337  0.0440  0.0251  0.0068  0.0000  0.0202  0.0000  0.0000  0.0000
 0.0154  0.0000  0.0015  0.0032  0.0215  0.0032  0.0112  0.0138  0.0066  0.3122  0.0155  0.0051  0.1155  0.0121  1.0000  0.9713  0.0128  0.0165  0.0087  0.0024  0.0000  0.0069  0.0000  0.0000  0.0000
 0.0374  0.0000  0.1667  0.0565  0.0186  0.0170  0.0496  0.0124  0.0042  0.0194  0.0065  0.0029  1.0000  0.0166  0.0133  0.0107  0.3521  0.0462  0.0085  0.0019  0.0000  0.0072  0.0000  0.0000  0.0000
 0.1670  0.0000  1.0000  0.0242  0.0188  0.0090  0.0931  0.0061  0.0114  0.0210  0.0196  0.0089  0.0271  0.0439  0.0151  0.0151  0.8551  0.0755  0.0321  0.0038  0.0000  0.0083  0.0000  0.0000  0.0000
 0.0000  0.0000  0.0000  0.0000  0.0000  0.0000  0.0000  0.0000  0.0000  0.0000  1.0000  0.0000  0.0000  0.0000  0.0000  0.0000  0.0000  0.0000  0.0000  0.0000  0.0000  0.0000  0.0000  0.0000  0.0000
 1.0000  0.0000  0.0000  0.0000  0.0000  0.0000  0.0000  0.0000  0.0000  0.0000  0.0000  0.0000  0.0000  0.0000  0.0000  0.0000  0.0000  0.0000  0.0000  0.0000  0.0000  0.0000  0.0000  0.0000  0.0000
 0.0000  0.0000  0.0000  0.0000  0.0000  0.0000  0.0000  0.0000  0.0000  0.0000  0.0000  0.0000  0.0000  0.0000  1.0000  0.0000  0.0000  0.0000  0.0000  0.0000  0.0000  0.0000  0.0000  0.0000  0.0000
 1.0000  0.0000  0.0000  0.0000  0.0000  0.0000  0.0000  0.0000  0.0000  0.0000  0.0000  0.0000  0.0000  0.0000  0.0000  0.0000  0.0000  0.0000  0.0000  0.0000  0.0000  0.0000  0.0000  0.0000  0.0000
 0.0000  0.0000  0.0000  0.0000  0.0000  0.0000  1.0000  0.0000  0.0000  0.0000  0.0000  0.0000  0.0000  0.0000  0.0000  0.0000  0.0000  0.0000  0.0000  0.0000  0.0000  0.0000  0.0000  0.0000  0.0000
 0.0068  0.0000  0.0016  0.0007  0.0015  0.0117  0.0011  0.0009  0.0282  0.0019  1.0000  0.0142  0.0012  0.0023  0.0024  0.0017  0.0017  0.0044  0.2554  0.0014  0.0000  0.0019  0.0000  0.0000  0.0000
 0.0127  0.0000  0.0003  0.0332  0.7024  0.0012  0.0053  0.0032  0.0016  0.0139  0.0031  0.0012  0.0057  0.0077  1.0000  0.0048  0.0066  0.0057  0.0030  0.0006  0.0000  0.0016  0.0000  0.0000  0.0000
 0.0840  0.0000  0.0126  0.0603  0.0253  0.0067  0.0643  0.0140  0.0142  0.0295  0.0164  0.0075  1.0000  0.0324  0.0207  0.0177  0.9255  0.1419  0.2161  0.0035  0.0000  0.0096  0.0000  0.0000  0.0000
 0.2932  0.0000  0.0236  0.9081  0.9526  0.0377  0.2857  0.1579  0.0632  1.0000  0.1294  0.0456  0.4250  0.1821  0.4035  0.7796  0.6581  0.2219  0.0969  0.0215  0.0000  0.0718  0.0000  0.0000  0.0000
 0.0695  0.0000  0.0090  0.0220  0.0508  0.0091  0.1506  0.0299  0.0196  1.0000  0.0373  0.0138  0.0526  0.0528  0.0783  0.4843  0.7594  0.4762  0.0295  0.0063  0.0000  0.0166  0.0000  0.0000  0.0000
 0.5387  0.0000  0.0967  0.8093  1.0000  0.1140  0.4486  0.4158  0.1647  0.7080  0.2986  0.0931  0.3546  0.1990  0.4331  0.6947  0.5438  0.4100  0.2395  0.0327  0.0000  0.1587  0.0000  0.0000  0.0000
 0.0148  0.0000  0.2474  0.0124  0.0074  0.1213  0.0284  0.0061  0.0169  0.0012  0.0345  0.0081  0.0070  0.0101  0.0046  0.0079  0.0081  0.0108  0.0188  0.0302  0.0000  1.0000  0.0000  0.0000  0.0000
 0.0557  0.0000  0.0064  0.0113  0.0075  0.0027  1.0000  0.0027  0.0046  0.0090  0.0068  0.0033  0.0146  0.0161  0.0065  0.0059  0.0757  0.7129  0.0114  0.0013  0.0000  0.0028  0.0000  0.0000  0.0000
 0.9470  0.0000  0.0308  0.0266  0.0633  0.0024  0.0167  0.0463  0.0083  0.4457  0.0137  0.0048  0.0218  1.0000  0.1107  0.1155  0.3944  0.1450  0.0126  0.0009  0.0000  0.0021  0.0000  0.0000  0.0000
 0.5723  0.0000  0.0012  0.1475  1.0000  0.0051  0.0223  0.0134  0.0069  0.0707  0.0130  0.0053  0.0223  0.0340  0.0823  0.0184  0.0294  0.0247  0.0135  0.0024  0.0000  0.0069  0.0000  0.0000  0.0000
 0.9412  0.0000  0.1165  0.0056  0.0161  0.0120  0.0068  0.0039  1.0000  0.0162  0.0771  0.0228  0.0078  0.0240  0.0119  0.0093  0.0841  0.0742  0.9025  0.0020  0.0000  0.0041  0.0000  0.0000  0.0000
 0.0116  0.0000  0.0004  1.0000  0.0015  0.0003  0.0024  0.0004  0.0002  0.0008  0.0005  0.0002  0.0015  0.0011  0.0006  0.0006  0.0015  0.0007  0.0005  0.0002  0.0000  0.0003  0.0000  0.0000  0.0000
 0.0008  0.0000  0.0003  0.0002  0.0002  0.0012  0.0004  0.0000  0.3186  0.0003  0.3202  0.0012  0.0002  0.0002  0.0001  0.0003  0.0003  0.0009  1.0000  0.0001  0.0000  0.0005  0.0000  0.0000  0.0000
 0.0000  0.0000  0.0000  0.0000  0.0000  0.0000  0.0000  0.0000  0.0000  0.0000  0.0000  0.0000  0.0000  0.0000  0.0000  0.0000  0.0000  0.0000  0.0000  1.0000  0.0000  0.0000  0.0000  0.0000  0.0000
 0.0015  0.0000  0.0003  0.0006  0.0004  0.0001  0.0006  0.0002  0.0004  0.0005  0.0004  0.0002  0.0009  0.0007  0.0004  0.0003  1.0000  0.0521  0.0006  0.0001  0.0000  0.0002  0.0000  0.0000  0.0000
 1.0000  0.0000  0.0222  0.0057  0.0169  0.0271  0.0024  0.0048  0.1922  0.0174  0.4809  0.0412  0.0087  0.0239  0.0141  0.0107  0.0170  0.0765  0.6568  0.0037  0.0000  0.0061  0.0000  0.0000  0.0000
 0.0000  0.0000  0.0000  0.0000  0.0000  0.0000  1.0000  0.0000  0.0000  0.0000  0.0000  0.0000  0.0000  0.0000  0.0000  0.0000  0.0000  0.0000  0.0000  0.0000  0.0000  0.0000  0.0000  0.0000  0.0000
 0.0053  0.0000  0.3313  0.0005  0.0010  0.0023  0.0007  0.0002  0.3439  0.0012  0.0129  0.0026  0.0007  0.0011  0.0006  0.0008  0.0012  0.0044  1.0000  0.0003  0.0000  0.0010  0.0000  0.0000  0.0000
 0.0005  0.0000  0.0001  0.0001  0.0001  0.0006  0.0002  0.0000  1.0000  0.0002  0.0032  0.0516  0.0001  0.0001  0.0001  0.0001  0.0002  0.0005  0.1066  0.0001  0.0000  0.0003  0.0000  0.0000  0.0000
 0.0023  0.0000  0.0006  0.0003  0.0006  0.3373  0.0006  0.0004  0.2209  0.0008  1.0000  0.0070  0.0006  0.0009  0.0010  0.0008  0.0007  0.0016  0.1260  0.0007  0.0000  0.0010  0.0000  0.0000  0.0000
 0.0033  0.0000  0.0013  0.0005  0.0008  0.0506  0.0006  0.0004  0.0122  0.0006  0.3668  0.3309  0.0004  0.0013  0.0009  0.0006  0.0016  0.0020  0.0080  0.0084  0.0000  1.0000  0.0000  0.0000  0.0000
 0.3248  0.0000  0.0953  0.4891  1.0000  0.1369  0.4279  0.0996  0.5444  0.2485  0.3664  0.0857  0.1380  0.3055  0.2487  0.1728  0.1701  0.1849  0.2944  0.0759  0.0000  0.1112  0.0000  0.0000  0.0000
 0.0007  0.0000  0.0002  0.0001  0.0002  0.0019  0.0001  0.0001  0.0035  0.0002  1.0000  0.2433  0.0002  0.0003  0.0004  0.0002  0.0002  0.0004  0.0019  0.0002  0.0000  0.0002  0.0000  0.0000  0.0000
 0.0016  0.0000  0.0005  0.0002  0.0004  0.2656  0.0003  0.0002  0.0068  0.0004  1.0000  0.3130  0.0003  0.0007  0.0006  0.0004  0.0007  0.0010  0.0041  0.0028  0.0000  0.0730  0.0000  0.0000  0.0000
 0.0103  0.0000  0.1922  0.1657  0.0129  0.0019  0.0316  0.0094  0.0011  0.0125  0.0022  0.0008  0.2308  0.0076  0.0084  0.0064  1.0000  0.0130  0.0020  0.0010  0.0000  0.0048  0.0000  0.0000  0.0000
 0.0178  0.0000  0.0045  0.0119  0.0081  0.0042  1.0000  0.0049  0.0042  0.0119  0.0088  0.0019  0.0081  0.0180  0.0065  0.2622  0.0116  0.0075  0.0061  0.0039  0.0000  0.0044  0.0000  0.0000  0.0000
 0.0369  0.0000  0.0066  0.0031  0.0359  0.0057  0.0061  0.0081  0.1048  0.3480  0.0330  0.2562  0.0098  0.0123  0.0218  0.0601  0.0246  0.0294  1.0000  0.0019  0.0000  0.0051  0.0000  0.0000  0.0000
 0.0025  0.0000  0.0002  0.0020  0.0018  0.0007  0.0054  0.0010  0.0008  0.2463  0.0018  0.0003  0.0013  1.0000  0.0016  0.0031  0.0018  0.0013  0.0009  0.0007  0.0000  0.0006  0.0000  0.0000  0.0000
 0.1569  0.0000  0.0348  0.0841  0.0711  0.1807  0.2323  0.0427  0.2955  0.0948  1.0000  0.1865  0.0521  0.3597  0.0696  0.0908  0.0833  0.0798  0.1890  0.0487  0.0000  0.0538  0.0000  0.0000  0.0000
 0.0137  0.0000  0.0022  0.0033  0.0078  1.0000  0.0091  0.0048  0.0287  0.2689  0.0904  0.0190  0.0059  0.0084  0.0119  0.0237  0.0072  0.0084  0.0182  0.0027  0.0000  0.0039  0.0000  0.0000  0.0000
 0.5491  0.0000  0.1055  0.7718  1.0000  0.3834  0.4236  0.6158  0.2252  0.3572  0.3776  0.1306  0.4893  0.5384  0.3695  0.2552  0.4102  0.3149  0.3006  0.1202  0.0000  0.5679  0.0000  0.0000  0.0000
 0.2229  0.0000  0.0302  0.0626  0.0383  0.0161  1.0000  0.0174  0.0190  0.0426  0.0344  0.0133  0.0643  0.0778  0.0295  0.0334  0.1673  0.9289  0.0453  0.0101  0.0000  0.0170  0.0000  0.0000  0.0000
 0.2479  0.0000  0.0487  0.0157  0.0570  0.0352  0.0133  0.0240  0.3081  0.2247  0.3601  0.0594  0.0323  0.0786  0.0611  0.2547  0.0491  0.2077  1.0000  0.0077  0.0000  0.0200  0.0000  0.0000  0.0000
 0.2092  0.0000  0.0175  0.5307  0.2829  0.0246  0.1705  0.1064  0.0595  0.6053  0.1675  0.0372  0.1738  0.0941  0.2967  1.0000  0.2311  0.1715  0.0870  0.0114  0.0000  0.0349  0.0000  0.0000  0.0000
 0.2251  0.0000  0.0674  0.2069  0.1894  0.2136  0.1965  0.3757  0.1330  0.1553  0.2101  0.2188  0.5097  0.1065  0.1318  0.1425  1.0000  0.4146  0.1754  0.0596  0.0000  0.3517  0.0000  0.0000  0.0000
 0.1612  0.0000  0.0058  0.3483  1.0000  0.0134  0.0660  0.0342  0.0501  0.3003  0.0477  0.0180  0.0789  0.1224  0.7079  0.0730  0.1073  0.0899  0.2571  0.0058  0.0000  0.0158  0.0000  0.0000  0.0000
 0.1479  0.0000  0.0123  0.4498  1.0000  0.1581  0.0839  0.1543  0.0367  0.1401  0.0945  0.0234  0.0826  0.0832  0.1946  0.0554  0.0905  0.0772  0.0559  0.0154  0.0000  0.0708  0.0000  0.0000  0.0000
 0.0831  0.0000  0.0007  0.0003  0.0007  0.0062  0.0007  0.0005  0.0340  0.0010  0.1212  0.0077  0.0006  0.0012  0.0846  0.0009  0.0009  0.0018  0.0074  1.0000  0.0000  0.0008  0.0000  0.0000  0.0000
 1.0000  0.0000  0.0190  0.3043  0.2204  0.0170  0.2681  0.0413  0.0409  0.6498  0.0996  0.1042  0.2778  0.0770  0.1320  0.1225  0.2050  0.1517  0.0669  0.0063  0.0000  0.0203  0.0000  0.0000  0.0000
 0.1861  0.0000  0.0002  0.1705  1.0000  0.0009  0.0040  0.0025  0.0012  0.0105  0.0023  0.0010  0.0044  0.0063  0.0135  0.1915  0.0054  0.0301  0.0024  0.0004  0.0000  0.0013  0.0000  0.0000  0.0000
 0.0919  0.0000  0.0229  0.0707  0.0965  0.0832  0.0678  0.1005  0.0610  0.1061  0.1544  0.0300  1.0000  0.0755  0.0598  0.0631  0.3272  0.7994  0.0703  0.0221  0.0000  0.2601  0.0000  0.0000  0.0000
 0.1985  0.0000  0.0065  0.1084  1.0000  0.0067  0.0463  0.0155  0.1149  0.1133  0.0627  0.0130  0.0824  0.0349  0.1465  0.0628  0.4547  0.0700  0.0641  0.0023  0.0000  0.0055  0.0000  0.0000  0.0000
 0.3947  0.0000  0.0124  0.3271  0.3639  0.0116  0.0887  0.1650  0.0639  0.8602  0.0704  0.0247  0.1836  0.0640  1.0000  0.3725  0.7729  0.2678  0.0665  0.0040  0.0000  0.0088  0.0000  0.0000  0.0000
 0.4522  0.0000  0.0020  0.0768  0.1230  0.0019  1.0000  0.0046  0.0071  0.0476  0.0287  0.0040  0.0187  0.0104  0.1406  0.1582  0.0733  0.0217  0.0209  0.0007  0.0000  0.0015  0.0000  0.0000  0.0000
 0.0225  0.0000  0.0009  0.0009  0.0228  0.0041  0.0138  0.0010  1.0000  0.0014  0.1312  0.0038  0.0010  0.0015  0.0012  0.0013  0.0025  0.0020  0.0109  0.0007  0.0000  0.0932  0.0000  0.0000  0.0000
 0.0167  0.0000  0.0041  0.0018  0.0038  1.0000  0.0028  0.0024  0.4621  0.0275  0.2140  0.0658  0.0033  0.1056  0.0062  0.0045  0.0043  0.0111  0.1296  0.0037  0.0000  0.0048  0.0000  0.0000  0.0000
 0.0187  0.0000  0.0014  1.0000  0.4963  0.0019  0.0513  0.0070  0.0032  0.0361  0.0056  0.0021  0.1634  0.0104  0.1383  0.2988  0.0204  0.0310  0.0052  0.0009  0.0000  0.0033  0.0000  0.0000  0.0000
 0.6650  0.0000  0.1792  0.2872  0.4491  0.7080  0.3635  0.6383  0.4056  0.4258  0.6712  0.2285  0.3538  0.2355  0.4444  0.4298  0.4725  0.4560  0.5219  0.1852  0.0000  1.0000  0.0000  0.0000  0.0000
 0.0074  0.0000  0.0019  0.0286  0.0016  0.0053  0.0015  0.0002  1.0000  0.0020  0.2219  0.0056  0.0207  0.1696  0.0009  0.0015  0.0020  0.0067  0.8688  0.0007  0.0000  0.0023  0.0000  0.0000  0.0000
 0.0145  0.0000  0.0042  0.0045  0.0218  0.3311  0.0078  0.0117  0.0242  0.0187  1.0000  0.0371  0.0336  0.0368  0.0111  0.1309  0.0101  0.0355  0.0195  0.0045  0.0000  0.0194  0.0000  0.0000  0.0000
 0.9859  0.0000  0.0349  0.4213  0.9008  0.0379  0.2819  0.5550  0.1359  0.9758  0.2403  0.0679  0.3306  0.2217  1.0000  0.7689  0.6145  0.3602  0.2103  0.0125  0.0000  0.1853  0.0000  0.0000  0.0000
 0.0648  0.0000  0.0018  0.0416  0.0541  0.0017  1.0000  0.0042  0.0065  0.0983  0.0352  0.0037  0.0474  0.0513  0.1106  0.1240  0.3534  0.0198  0.0098  0.0006  0.0000  0.0013  0.0000  0.0000  0.0000
 0.5617  0.0000  0.0505  0.7550  0.8432  0.1084  0.2716  0.4851  0.1556  1.0000  0.3827  0.0878  0.5019  0.2222  0.4956  0.6288  0.5146  0.3994  0.2534  0.0284  0.0000  0.1739  0.0000  0.0000  0.0000
 0.8350  0.0000  0.0527  0.6314  1.0000  0.0493  0.3754  0.1199  0.2496  0.9334  0.3747  0.1194  0.4939  0.2744  0.6229  0.5239  0.7554  0.5752  0.2978  0.0170  0.0000  0.0376  0.0000  0.0000  0.0000
 0.5963  0.0000  0.1735  1.0000  0.4419  0.7500  0.3873  0.5248  0.3973  0.4748  0.7961  0.2228  0.3906  0.2727  0.3702  0.4417  0.9326  0.4915  0.7336  0.1921  0.0000  0.9571  0.0000  0.0000  0.0000
 0.3336  0.0000  0.1158  0.3335  0.1840  1.0000  0.2141  0.3517  0.3190  0.1896  0.5295  0.1478  0.1996  0.1626  0.1912  0.2731  0.2607  0.2574  0.6264  0.1203  0.0000  0.6726  0.0000  0.0000  0.0000
 0.7002  0.0000  0.1509  0.5781  1.0000  0.3700  0.3689  0.2726  0.2877  0.7194  0.4302  0.1483  0.6163  0.5030  0.5315  0.5035  0.8395  0.6312  0.3805  0.0769  0.0000  0.4354  0.0000  0.0000  0.0000
 0.7374  0.0000  0.0561  0.4380  0.8051  0.0588  0.2998  0.1051  0.1448  0.6639  0.2267  0.0832  0.3525  0.3519  0.4264  0.4364  1.0000  0.6294  0.2375  0.1805  0.0000  0.0631  0.0000  0.0000  0.0000
 0.3410  0.0000  0.0012  0.0061  0.0118  0.0026  0.0062  0.1099  0.0036  0.1571  0.0174  0.0022  0.0235  1.0000  0.0399  0.0187  0.0628  0.0091  0.0176  0.0010  0.0000  0.0038  0.0000  0.0000  0.0000
 0.4847  0.0000  0.1595  0.1769  0.2361  0.6448  0.2720  0.4296  0.9280  0.2501  0.8122  0.2297  0.2583  0.1814  0.2441  0.2883  0.4551  0.4191  1.0000  0.2752  0.0000  0.8063  0.0000  0.0000  0.0000
 0.5597  0.0000  0.0572  0.2549  0.1219  0.0290  0.4150  0.0523  0.4389  0.1078  0.0674  0.0267  0.3488  1.0000  0.0754  0.0648  0.3593  0.1424  0.0888  0.0115  0.0000  0.0383  0.0000  0.0000  0.0000
 0.2962  0.0000  0.0065  0.0381  0.0647  0.0158  0.0294  0.1173  0.0189  0.1080  0.0703  0.0110  0.0683  0.1040  0.0564  0.0745  1.0000  0.0436  0.1508  0.0048  0.0000  0.0214  0.0000  0.0000  0.0000
 0.8329  0.0000  0.1947  0.4868  0.7383  0.7045  0.4897  0.5775  0.4760  0.7011  0.7694  0.2605  0.5239  0.3278  0.5516  0.5731  0.7233  0.6363  0.6176  0.1860  0.0000  1.0000  0.0000  0.0000  0.0000
 0.3061  0.0000  0.0151  0.1997  0.3059  0.0147  0.1856  0.4425  0.0527  0.2743  0.0850  0.0531  0.1499  0.0922  0.1984  0.1633  1.0000  0.1608  0.0802  0.0050  0.0000  0.0117  0.0000  0.0000  0.0000
 1.0000  0.0000  0.0077  0.0057  0.0069  0.0036  0.0516  0.0014  0.0047  0.0075  0.2536  0.0043  0.0049  0.0193  0.0052  0.0055  0.0390  0.0132  0.0133  0.0012  0.0000  0.0023  0.0000  0.0000  0.0000
 0.0268  0.0000  0.0026  0.0047  0.0370  0.0056  0.0190  0.0237  0.2907  1.0000  0.0273  0.0090  0.0257  0.0210  0.0631  0.4238  0.0218  0.0285  0.0154  0.0042  0.0000  0.0119  0.0000  0.0000  0.0000
 0.0009  0.0000  0.0001  1.0000  0.0098  0.0002  0.0014  0.0004  0.0002  0.0009  0.0003  0.0001  0.0014  0.0008  0.0010  0.0005  0.0009  0.0005  0.0003  0.0001  0.0000  0.0003  0.0000  0.0000  0.0000
 0.0005  0.0000  0.0001  0.0001  0.0001  0.0013  0.0001  0.0001  0.0075  0.0002  1.0000  0.0015  0.0001  0.0002  0.0002  0.0002  0.0001  0.0003  0.0013  0.0002  0.0000  0.0002  0.0000  0.0000  0.0000
 0.0006  0.0000  0.0002  0.0001  0.0002  0.0009  0.0003  0.0000  0.5170  0.0003  0.0285  0.0111  0.0002  0.0001  0.0001  0.0002  0.0003  0.0007  1.0000  0.0001  0.0000  0.0004  0.0000  0.0000  0.0000
 0.0113  0.0000  0.0008  0.2472  0.2360  0.0018  0.0076  0.0163  0.0035  0.6967  0.0078  0.0026  0.0103  0.0079  0.0447  1.0000  0.0229  0.0095  0.0049  0.0012  0.0000  0.0452  0.0000  0.0000  0.0000
 0.0040  0.0000  0.0004  0.0009  0.0056  0.0008  0.0030  0.0255  0.0017  1.0000  0.0040  0.0013  0.0346  0.0032  0.0429  0.3264  0.3348  0.0043  0.0023  0.0006  0.0000  0.0018  0.0000  0.0000  0.0000
 0.0006  0.0000  0.0001  0.0001  0.0001  0.0013  0.0001  0.0001  0.0106  0.0002  0.0172  1.0000  0.0001  0.0002  0.0003  0.0002  0.0002  0.0004  0.0176  0.0002  0.0000  0.0002  0.0000  0.0000  0.0000
 0.0006  0.0000  0.0002  0.0001  0.0002  0.0014  0.0001  0.0001  0.0027  0.0002  1.0000  0.0017  0.0001  0.0003  0.0003  0.0002  0.0002  0.0004  0.0463  0.0002  0.0000  0.0002  0.0000  0.0000  0.0000
 0.8817  0.0000  0.1781  0.6384  1.0000  0.3442  0.4673  0.4970  0.3916  0.9423  0.5420  0.1939  0.6081  0.3233  0.6314  0.6822  0.8015  0.9578  0.6392  0.0939  0.0000  0.4618  0.0000  0.0000  0.0000
 0.9148  0.0000  0.1976  0.6648  0.7780  0.9013  0.5173  0.5841  0.4747  0.7667  0.8342  0.2799  0.6437  0.3514  0.7623  0.9621  0.8628  0.6700  0.6292  0.1868  0.0000  1.0000  0.0000  0.0000  0.0000
 0.0013  0.0000  0.0002  1.0000  0.0285  0.0002  0.0033  0.0011  0.0001  0.0017  0.0003  0.0001  0.0737  0.0010  0.0195  0.0303  0.0301  0.0011  0.0003  0.0001  0.0000  0.0005  0.0000  0.0000  0.0000
 0.0090  0.0000  0.0004  0.0006  0.0005  0.0002  0.0026  0.0002  0.0003  0.0006  0.0006  0.0002  0.0004  1.0000  0.0004  0.0005  0.0019  0.0007  0.0007  0.0002  0.0000  0.0002  0.0000  0.0000  0.0000
 0.0777  0.0000  0.0038  0.0203  0.0257  0.0035  0.1527  0.0115  0.0078  1.0000  0.0140  0.0052  0.1127  0.0155  0.0294  0.4236  0.2511  0.3353  0.0119  0.0022  0.0000  0.0061  0.0000  0.0000  0.0000
 0.0277  0.0000  0.0020  0.1186  0.3798  0.0021  0.0321  0.0233  0.0071  0.9781  0.1199  0.0041  0.0185  0.0107  0.2589  1.0000  0.0266  0.0386  0.0256  0.0008  0.0000  0.0020  0.0000  0.0000  0.0000
 0.0000  0.0000  0.0000  0.0000  0.0000  0.0000  0.0000  0.0000  0.0000  0.0000  0.0000  0.0000  0.0000  0.0000  0.0000  1.0000  0.0000  0.0000  0.0000  0.0000  0.0000  0.0000  0.0000  0.0000  0.0000
 0.0038  0.0000  0.0736  0.0005  0.0010  0.0419  0.0008  0.0007  1.0000  0.0013  0.7860  0.0464  0.0009  0.0016  0.0019  0.0013  0.0764  0.0022  0.0112  0.0012  0.0000  0.0013  0.0000  0.0000  0.0000
 0.0071  0.0000  0.0014  0.0030  0.0019  0.0007  0.0022  0.0009  0.0021  0.0116  0.0019  0.0010  0.0054  0.1536  0.0022  0.0018  0.1562  1.0000  0.0033  0.0005  0.0000  0.0008  0.0000  0.0000  0.0000
 1.0000  0.0000  0.0017  0.0008  0.0013  0.0008  0.0033  0.0003  0.0056  0.0014  0.0096  0.0014  0.0009  0.0027  0.0010  0.0009  0.1432  0.0158  0.3081  0.0002  0.0000  0.0004  0.0000  0.0000  0.0000
 0.7338  0.0000  0.0798  0.0959  1.0000  0.3325  0.1500  0.9966  0.2236  0.2305  0.2936  0.0997  0.1406  0.0934  0.1353  0.1595  0.2046  0.2123  0.2551  0.0831  0.0000  0.4940  0.0000  0.0000  0.0000
 0.1613  0.0000  0.0004  0.2557  1.0000  0.0022  0.0306  0.0057  0.0029  0.0242  0.0054  0.2139  0.0097  0.0146  0.3838  0.0064  0.0122  0.0105  0.0056  0.0010  0.0000  0.0029  0.0000  0.0000  0.0000
 0.9426  0.0000  0.0086  0.0022  0.0064  0.0052  0.0013  0.0016  0.1416  0.0065  0.0333  0.0096  0.0031  0.0092  0.0047  0.0037  0.0071  0.0301  1.0000  0.0008  0.0000  0.0017  0.0000  0.0000  0.0000
 0.0000  0.0000  0.0000  0.0000  0.0000  0.0000  0.0000  0.0000  0.0000  0.0000  1.0000  0.0000  0.0000  0.0000  0.0000  0.0000  0.0000  0.0000  0.0000  0.0000  0.0000  0.0000  0.0000  0.0000  0.0000
 0.8891  0.0000  0.5794  0.6290  1.0000  0.0545  0.3512  0.1178  0.1749  0.8488  0.3317  0.1501  0.6891  0.2524  0.6067  0.5135  0.6885  0.5263  0.2655  0.0181  0.0000  0.0477  0.0000  0.0000  0.0000
 0.0036  0.0000  0.0008  0.0135  0.0041  0.0006  0.0099  1.0000  0.0004  0.0041  0.0008  0.0003  0.0256  0.0025  0.0027  0.0022  0.2539  0.0045  0.0007  0.0003  0.0000  0.0015  0.0000  0.0000  0.0000
 0.0026  0.0000  0.0003  0.0004  0.0012  0.0002  0.0015  0.0006  0.0004  0.0047  0.0074  0.0003  0.0009  1.0000  0.0400  0.0116  0.0057  0.0012  0.0007  0.0001  0.0000  0.0004  0.0000  0.0000  0.0000
 0.0008  0.0000  0.0004  0.0001  0.0002  0.3581  0.0001  0.0000  0.0017  0.0000  0.0041  0.0008  0.0000  0.0003  0.0000  0.0000  0.0005  0.0005  0.0016  1.0000  0.0000  0.3615  0.0000  0.0000  0.0000
 0.0470  0.0000  0.0023  0.0012  0.0022  0.5898  0.0022  0.0012  0.8424  0.0030  1.0000  0.1915  0.0020  0.0029  0.0032  0.0027  0.0026  0.0063  0.5392  0.0021  0.0000  0.0034  0.0000  0.0000  0.0000
 0.8444  0.0000  0.1983  0.4253  0.7012  0.0349  0.2590  0.1104  0.1278  0.8498  0.2064  0.0724  0.3766  0.1871  0.7345  0.8849  1.0000  0.5323  0.2112  0.0120  0.0000  0.0274  0.0000  0.0000  0.0000
 0.6977  0.0000  0.0489  0.6514  1.0000  0.0461  0.3472  0.1111  0.3108  0.9022  0.2808  0.1112  0.4546  0.2504  0.5377  0.4936  0.7184  0.5349  0.4270  0.0158  0.0000  0.0354  0.0000  0.0000  0.0000
 0.7617  0.0000  0.0764  1.0000  0.7523  0.0534  0.8239  0.1692  0.0608  0.3918  0.2084  0.0470  0.8272  0.3601  0.3077  0.1953  0.6641  0.3006  0.1369  0.0236  0.0000  0.0924  0.0000  0.0000  0.0000
 0.2564  0.0000  0.0599  0.8791  0.3681  0.1474  0.7019  0.2793  0.0589  0.2814  0.1064  0.0376  1.0000  0.1955  0.2045  0.1618  0.5208  0.2483  0.0858  0.0363  0.0000  0.1883  0.0000  0.0000  0.0000
 0.3583  0.0000  0.0214  0.5319  1.0000  0.0246  0.1089  0.0452  0.0809  0.1928  0.0856  0.0321  0.0796  0.1379  0.2436  0.0569  0.1369  0.1301  0.1896  0.0095  0.0000  0.0252  0.0000  0.0000  0.0000
 0.8988  0.0000  0.0125  0.0122  0.0247  0.0063  0.0946  0.0097  0.2237  0.4235  0.0203  0.0083  0.0171  1.0000  0.0289  0.1962  0.2829  0.0322  0.0245  0.0029  0.0000  0.0072  0.0000  0.0000  0.0000
 0.9221  0.0000  0.1276  0.9381  0.7087  0.5061  0.4958  0.8534  0.3094  0.6584  0.5611  0.1744  0.6505  0.8569  0.4779  0.4684  1.0000  0.5504  0.4195  0.1104  0.0000  0.5697  0.0000  0.0000  0.0000
 0.5457  0.0000  0.1033  0.2267  0.2568  0.1226  0.1388  0.1013  0.4154  0.2693  0.3470  0.1132  0.2455  0.1888  0.1941  0.1768  0.7120  1.0000  0.7084  0.0364  0.0000  0.1349  0.0000  0.0000  0.0000
 0.0091  0.0000  0.0001  1.0000  0.6443  0.0745  0.0033  0.0022  0.0011  0.0993  0.0020  0.0008  0.0036  0.0387  0.0813  0.0024  0.0045  0.0039  0.0021  0.0004  0.0000  0.0011  0.0000  0.0000  0.0000
 0.2337  0.0000  0.0311  1.0000  0.7601  0.0327  0.4210  0.1397  0.0916  0.2619  0.0526  0.0211  0.7253  0.3795  0.2421  0.1092  0.6725  0.2439  0.0519  0.0167  0.0000  0.0717  0.0000  0.0000  0.0000
 0.9718  0.0000  0.0692  0.0194  0.0540  0.1629  0.0102  0.0188  0.6986  0.0569  0.9090  0.1612  0.0300  0.0753  0.0481  0.0602  0.0546  0.2842  1.0000  0.0151  0.0000  0.0276  0.0000  0.0000  0.0000
 0.0274  0.0000  0.2218  0.0296  0.0651  0.0021  0.0077  0.0014  0.0149  0.0051  0.0111  0.0036  0.0039  0.0307  0.0046  0.0026  0.0095  0.0132  1.0000  0.0005  0.0000  0.0011  0.0000  0.0000  0.0000
 0.0118  0.0000  0.0032  0.0019  0.0034  0.0399  0.0030  0.0229  0.1409  0.0044  1.0000  0.3086  0.0034  0.1390  0.1090  0.0046  0.0202  0.0071  0.0300  0.0038  0.0000  0.0064  0.0000  0.0000  0.0000
 0.5986  0.0000  0.0500  0.5009  0.8015  0.0746  0.3107  0.1558  0.1830  0.7480  0.4642  0.0917  0.3969  0.2187  0.4606  0.4146  1.0000  0.5530  0.2747  0.0228  0.0000  0.0814  0.0000  0.0000  0.0000
 1.0000  0.0000  0.0921  0.2118  0.1457  0.0380  0.5506  0.0390  0.0440  0.1429  0.0934  0.0431  0.1713  0.7710  0.0936  0.9029  0.5625  0.2170  0.1516  0.0150  0.0000  0.0376  0.0000  0.0000  0.0000
 0.0880  0.0000  0.0090  0.0051  0.0086  0.4709  0.0066  0.0058  0.1015  0.0105  1.0000  0.8497  0.0090  0.0135  0.0124  0.0090  0.1990  0.4535  0.1004  0.0062  0.0000  0.0093  0.0000  0.0000  0.0000
 0.1170  0.0000  0.0057  0.0604  0.1261  0.0053  0.0378  0.0132  0.0190  1.0000  0.0307  0.0109  0.1051  0.3537  0.0600  0.0749  0.2784  0.1216  0.0590  0.0020  0.0000  0.0046  0.0000  0.0000  0.0000
 0.6353  0.0000  0.1903  0.3410  0.5816  0.8239  0.3676  0.5805  0.5262  0.5309  0.9355  0.2868  0.3707  0.2656  0.7031  0.5189  0.4536  0.4788  0.7919  0.1914  0.0000  1.0000  0.0000  0.0000  0.0000
 0.1491  0.0000  0.0071  0.5519  0.8301  1.0000  0.0815  0.0394  0.0431  0.1342  0.4972  0.0300  0.0978  0.0845  0.1675  0.0413  0.1332  0.0715  0.0479  0.0097  0.0000  0.0296  0.0000  0.0000  0.0000
 0.0811  0.0000  0.0085  0.0167  0.1048  0.2085  0.0550  0.0669  0.0336  0.5573  0.0767  0.0257  0.0776  0.0615  0.2256  1.0000  0.4206  0.1334  0.0451  0.0121  0.0000  0.0343  0.0000  0.0000  0.0000
 1.0000  0.0000  0.0463  0.0892  0.4295  0.1215  0.0635  0.0517  0.3356  0.2827  0.9488  0.2129  0.0685  0.0951  0.1727  0.2521  0.0982  0.1812  0.4569  0.0211  0.0000  0.0438  0.0000  0.0000  0.0000
 0.0048  0.0000  0.0006  0.0008  0.0056  0.0034  0.0029  0.0140  0.0729  0.1010  0.3412  1.0000  0.0039  0.0034  0.2807  0.0351  0.0034  0.0047  0.0048  0.0009  0.0000  0.0021  0.0000  0.0000  0.0000
 0.0031  0.0000  0.0003  0.0092  0.0630  0.0005  0.0048  0.0589  0.0006  0.0233  0.0012  0.0004  1.0000  0.0193  0.1829  0.0052  0.0041  0.0024  0.0009  0.0003  0.0000  0.0010  0.0000  0.0000  0.0000
 0.4390  0.0000  0.1180  0.1726  0.2411  0.4845  0.3039  0.3591  0.2668  1.0000  0.5516  0.1497  0.2595  0.2226  0.2829  0.2626  0.3253  0.2902  0.5696  0.1209  0.0000  0.6623  0.0000  0.0000  0.0000
 0.0018  0.0000  0.0005  0.0002  0.0005  0.1500  0.0004  0.0004  0.2937  0.0006  1.0000  0.0194  0.0005  0.0008  0.0010  0.0006  0.0267  0.0011  0.0052  0.0006  0.0000  0.0006  0.0000  0.0000  0.0000
 0.1398  0.0000  0.0131  0.4876  0.0561  0.0125  0.1557  0.0214  0.0163  1.0000  0.0248  0.0206  0.0888  0.0370  0.0375  0.0346  0.1819  0.2192  0.0288  0.0048  0.0000  0.0870  0.0000  0.0000  0.0000
 0.0707  0.0000  0.0014  0.3864  0.3381  0.0021  0.0121  0.0057  0.0056  1.0000  0.0097  0.0358  0.0152  0.0119  0.0569  0.0930  0.0210  0.0174  0.0252  0.0009  0.0000  0.0024  0.0000  0.0000  0.0000
 0.8912  0.0000  0.1138  0.6043  1.0000  0.1548  0.3101  0.1611  0.4944  0.7346  0.5755  0.2965  0.4108  0.2898  0.5053  0.4258  0.6274  0.6627  0.9357  0.0398  0.0000  0.1515  0.0000  0.0000  0.0000
 1.0000  0.0000  0.0296  0.0976  0.1607  0.0943  0.1349  0.2729  0.0777  0.6218  0.1531  0.0514  0.2171  0.0947  0.4467  0.5319  0.1606  0.1422  0.1015  0.0335  0.0000  0.3232  0.0000  0.0000  0.0000
 0.0010  0.0000  0.0003  0.0001  0.0003  0.0027  0.0002  0.0002  0.1184  0.0309  1.0000  0.0843  0.0002  0.0004  0.0005  0.0003  0.0003  0.0006  0.0028  0.0003  0.0000  0.0003  0.0000  0.0000  0.0000
 0.1447  0.0000  0.0032  0.0102  0.3813  0.0081  0.0188  0.0212  0.0306  0.6597  0.0981  0.0086  0.1338  0.0187  0.0528  1.0000  0.0244  0.0279  0.0161  0.0041  0.0000  0.1273  0.0000  0.0000  0.0000
 0.1374  0.0000  0.0128  0.6528  0.8517  0.1627  0.1889  0.0701  0.0196  0.3121  0.0379  0.0142  1.0000  0.0881  0.1617  0.1202  0.1715  0.0947  0.0335  0.0088  0.0000  0.0356  0.0000  0.0000  0.0000
 0.2875  0.0000  0.0195  0.4147  1.0000  0.0248  0.1412  0.0524  0.1255  0.4250  0.1553  0.1591  0.3037  0.1128  0.2421  0.1896  0.2630  0.2081  0.1073  0.0085  0.0000  0.0235  0.0000  0.0000  0.0000
 0.2743  0.0000  0.0244  0.6364  1.0000  0.0332  0.0693  0.0461  0.2478  0.1932  0.1339  0.0520  0.0823  0.1884  0.2269  0.0655  0.1146  0.1546  0.2916  0.0102  0.0000  0.0294  0.0000  0.0000  0.0000
 0.2636  0.0000  0.0212  0.0906  1.0000  0.0441  0.0521  0.0304  0.0712  0.0573  0.0839  0.0715  0.0306  0.0477  0.0590  0.0334  0.0638  0.0697  0.1674  0.0113  0.0000  0.1848  0.0000  0.0000  0.0000
 0.0425  0.0000  0.0141  0.0173  0.0654  0.0556  0.0277  0.0723  0.2054  0.0780  0.0536  0.0702  0.0267  0.0182  0.1099  0.0426  0.0336  0.0335  0.0408  0.0149  0.0000  1.0000  0.0000  0.0000  0.0000
 0.0100  0.0000  0.0008  0.0059  0.9036  0.0019  0.0065  0.0079  0.0038  1.0000  0.0089  0.0030  0.0088  0.0076  0.1652  0.1374  0.0077  0.0097  0.0051  0.0014  0.0000  0.0040  0.0000  0.0000  0.0000
 0.4835  0.0000  0.0433  0.2470  0.0478  0.0355  0.2533  0.0080  0.3607  0.0462  0.1461  0.0366  0.0346  0.1006  0.0303  0.0329  0.2088  0.0851  1.0000  0.0080  0.0000  0.0218  0.0000  0.0000  0.0000
 0.0005  0.0000  0.0002  0.0001  0.0001  0.0008  0.0002  0.0000  1.0000  0.0002  0.0294  0.0075  0.0001  0.0001  0.0001  0.0002  0.0002  0.0005  0.2017  0.0001  0.0000  0.0003  0.0000  0.0000  0.0000
 1.0000  0.0000  0.0034  0.0008  0.0026  0.0021  0.0003  0.0007  0.0785  0.0026  0.0136  0.0610  0.0012  0.0037  0.0019  0.0281  0.0027  0.0120  0.1922  0.0003  0.0000  0.0006  0.0000  0.0000  0.0000
 0.0043  0.0000  0.0003  0.0686  1.0000  0.0004  0.0633  0.0016  0.0005  0.0042  0.0009  0.0004  0.0062  0.0026  0.0047  0.0014  0.0650  0.0023  0.0009  0.0002  0.0000  0.0008  0.0000  0.0000  0.0000
 0.0156  0.0000  0.1224  0.5971  0.0151  0.0025  0.0345  0.0106  0.0029  0.0156  0.0039  0.0017  1.0000  0.0107  0.0108  0.1238  0.6139  0.0857  0.0047  0.0014  0.0000  0.0058  0.0000  0.0000  0.0000
 0.0014  0.0000  0.0004  0.0002  0.0004  0.0035  0.0003  0.0003  0.0255  0.0005  1.0000  0.1518  0.0003  0.0006  0.0007  0.0005  0.0004  0.0009  0.1921  0.0004  0.0000  0.0005  0.0000  0.0000  0.0000
 0.0098  0.0000  0.0020  0.0081  0.0039  0.0011  0.0060  0.0022  0.0027  0.3265  0.0028  0.0014  0.0854  0.0187  0.0041  0.0042  1.0000  0.0579  0.0043  0.0007  0.0000  0.0016  0.0000  0.0000  0.0000
 0.0017  0.0000  0.0000  0.0454  1.0000  0.0002  0.0007  0.0004  0.0002  0.0017  0.0004  0.0002  0.0007  0.0126  0.0022  0.0005  0.0009  0.0007  0.0004  0.0001  0.0000  0.0002  0.0000  0.0000  0.0000
 0.0016  0.0000  0.0000  0.0740  1.0000  0.0002  0.0007  0.0004  0.0002  0.0016  0.0004  0.0001  0.0007  0.0010  0.0021  0.0005  0.0008  0.0007  0.0004  0.0001  0.0000  0.0002  0.0000  0.0000  0.0000
 0.0132  0.0000  1.0000  0.0025  0.0024  0.0061  0.0068  0.0013  0.0700  0.0020  0.0169  0.0043  0.0021  0.0040  0.0021  0.0023  0.0049  0.0072  0.0178  0.0017  0.0000  0.0039  0.0000  0.0000  0.0000
 0.0000  0.0000  0.0000  0.0000  0.0000  0.0000  0.0000  0.0000  0.0000  0.0000  0.0000  0.0000  0.0000  0.0000  1.0000  0.0000  0.0000  0.0000  0.0000  0.0000  0.0000  0.0000  0.0000  0.0000  0.0000
 0.0036  0.0000  0.0001  0.0242  1.0000  0.0003  0.0014  0.0009  0.0004  0.3051  0.0008  0.0003  0.0016  0.0022  0.0047  0.0010  0.0018  0.0016  0.0008  0.0002  0.0000  0.0004  0.0000  0.0000  0.0000
 0.0033  0.0000  0.0021  0.0012  0.0011  0.0559  0.0024  0.0004  1.0000  0.0004  0.0163  0.0033  0.0005  0.0018  0.0005  0.0007  0.0021  0.0023  0.0085  0.0121  0.0000  0.3484  0.0000  0.0000  0.0000
 1.0000  0.0000  0.0111  0.0807  0.1473  0.0197  0.9239  0.0373  0.1344  0.6601  0.0629  0.2493  0.0800  0.0503  0.1414  0.2221  0.1106  0.1822  0.1191  0.0074  0.0000  0.0266  0.0000  0.0000  0.0000
 0.0347  0.0000  0.0035  0.0046  0.0037  0.0014  1.0000  0.0011  0.0019  0.0041  0.0035  0.0017  0.0051  0.1750  0.0029  0.0028  0.0846  0.0781  0.0060  0.0006  0.0000  0.0013  0.0000  0.0000  0.0000
 0.0019  0.0000  0.0005  0.0002  0.0004  0.0038  0.0004  0.0003  0.0079  0.0006  1.0000  0.0046  0.0004  0.0007  0.0008  0.0005  0.0005  0.0012  0.2970  0.0005  0.0000  0.0006  0.0000  0.0000  0.0000
 0.0281  0.0000  0.0029  0.0046  0.0359  0.0055  0.0184  0.0229  0.0129  1.0000  0.0273  0.0090  0.0250  0.0206  0.0609  0.2569  0.0217  0.0358  0.2959  0.0041  0.0000  0.0116  0.0000  0.0000  0.0000
 0.1402  0.0000  0.0027  0.0381  1.0000  0.0023  0.0141  0.0041  0.0046  0.0183  0.0065  0.0028  0.0108  0.0140  0.2068  0.0071  0.4137  0.0495  0.0194  0.0011  0.0000  0.0026  0.0000  0.0000  0.0000
 0.0012  0.0000  0.0003  0.0001  0.0003  0.0033  0.0002  0.0002  0.0328  0.0004  0.4798  1.0000  0.0003  0.0005  0.0006  0.0004  0.0003  0.0007  0.0034  0.0004  0.0000  0.0004  0.0000  0.0000  0.0000
 0.0012  0.0000  0.0004  0.0002  0.0003  1.0000  0.0003  0.0002  0.0048  0.0003  0.3085  0.0030  0.0002  0.0005  0.0004  0.0003  0.0005  0.0007  0.0030  0.0022  0.0000  0.0083  0.0000  0.0000  0.0000
 0.3453  0.0000  0.0231  0.2374  0.3974  0.0293  0.1522  0.0661  0.1973  1.0000  0.1304  0.0906  0.2372  0.1122  0.2732  0.3309  0.2858  0.3151  0.2748  0.0102  0.0000  0.0308  0.0000  0.0000  0.0000
 1.0000  0.0000  0.1151  0.1536  0.1324  0.0538  0.4999  0.0429  0.0906  0.1620  0.1309  0.0683  0.2099  0.2895  0.1178  0.1091  0.9934  0.9296  0.2155  0.0242  0.0000  0.0531  0.0000  0.0000  0.0000
 0.0626  0.0000  0.0139  0.0082  0.0307  0.1313  0.0189  0.0212  0.9332  0.4811  1.0000  0.8255  0.0245  0.0307  0.0559  0.1942  0.0244  0.0433  0.1551  0.0171  0.0000  0.0223  0.0000  0.0000  0.0000
 0.0021  0.0000  0.0001  1.0000  0.3074  0.0002  0.0011  0.0006  0.0003  0.0021  0.0005  0.0002  0.0012  0.0013  0.0027  0.0006  0.0012  0.0010  0.0005  0.0001  0.0000  0.0003  0.0000  0.0000  0.0000
 0.1027  0.0000  0.0011  0.0022  0.0014  0.0005  0.0017  0.0006  0.0015  0.0021  0.0014  0.0008  0.3364  0.0026  0.0016  0.0013  0.0471  1.0000  0.0143  0.0003  0.0000  0.0006  0.0000  0.0000  0.0000
 0.0127  0.0000  0.0028  1.0000  0.0167  0.0037  0.0305  0.0060  0.0035  0.0120  0.0077  0.0014  0.0172  0.3086  0.0081  0.0093  0.0129  0.0077  0.0046  0.0034  0.0000  0.0042  0.0000  0.0000  0.0000
 0.0164  0.0000  0.0039  0.1288  0.0245  0.0034  0.4579  0.0178  0.0017  0.1126  0.0038  0.0014  1.0000  0.0133  0.0287  0.0291  0.0886  0.0175  0.0028  0.0017  0.0000  0.0090  0.0000  0.0000  0.0000
 0.0075  0.0000  0.0009  0.0073  0.0096  0.0014  0.0085  0.0063  0.0026  0.1758  0.0060  0.0020  0.0723  0.0056  0.0144  0.2116  1.0000  0.0092  0.0036  0.0010  0.0000  0.0032  0.0000  0.0000  0.0000
 0.0027  0.0000  0.0006  0.0017  0.0011  0.0006  1.0000  0.0006  0.0005  0.0014  0.0012  0.0003  0.0012  0.0024  0.0008  0.0196  0.0017  0.0010  0.0008  0.0005  0.0000  0.0006  0.0000  0.0000  0.0000
 0.1911  0.0000  0.0316  0.0701  0.0454  0.0180  0.0458  0.0552  0.0592  0.0697  0.0452  0.0239  0.1301  0.0777  0.3631  0.0452  0.5225  1.0000  0.0755  0.0109  0.0000  0.0216  0.0000  0.0000  0.0000
 0.0007  0.0000  0.0002  0.0001  0.0002  0.0008  0.0003  0.0000  1.0000  0.0003  0.0045  0.0008  0.0002  0.0001  0.0001  0.0002  0.0003  0.0007  0.3327  0.0001  0.0000  0.0004  0.0000  0.0000  0.0000
 0.0749  0.0000  0.0161  0.0449  0.0241  0.1729  0.0305  0.0135  0.0235  0.0344  0.0229  0.0119  0.0912  0.0395  0.0266  0.0218  0.2687  1.0000  0.0366  0.0058  0.0000  0.0570  0.0000  0.0000  0.0000
 0.0132  0.0000  0.0046  0.0019  0.0034  1.0000  0.0026  0.0019  0.0552  0.0030  0.6842  0.0466  0.0022  0.0053  0.0044  0.0030  0.0058  0.0081  0.7217  0.0257  0.0000  0.6637  0.0000  0.0000  0.0000
 0.0021  0.0000  0.0000  0.1879  1.0000  0.0002  0.0009  0.0005  0.0003  0.0021  0.0005  0.0002  0.0010  0.0013  0.0028  0.0006  0.0011  0.0009  0.0005  0.0001  0.0000  0.0003  0.0000  0.0000  0.0000
 0.0201  0.0000  0.0059  0.0419  1.0000  0.0385  0.0228  0.0065  0.0077  0.0171  0.0158  0.0040  0.0116  0.0164  0.0195  0.0095  0.0122  0.0108  0.0099  0.0107  0.0000  0.3113  0.0000  0.0000  0.0000
 0.2972  0.0000  0.0021  0.0015  0.0020  0.0097  0.0071  0.0010  0.0175  0.0024  1.0000  0.0115  0.0016  0.0045  0.0026  0.0021  0.0063  0.0042  0.0121  0.0014  0.0000  0.0019  0.0000  0.0000  0.0000
 0.0034  0.0000  0.0003  0.0011  0.0165  0.0007  0.0027  0.0031  0.0014  1.0000  0.0034  0.0011  0.3537  0.0027  0.0080  0.2067  0.0030  0.0037  0.0019  0.0005  0.0000  0.0015  0.0000  0.0000  0.0000
 1.0000  0.0000  0.0045  0.1240  0.1902  0.0042  0.0322  0.0301  0.0379  0.1285  0.0256  0.0090  0.0669  0.0232  0.1188  0.0609  0.3276  0.2971  0.1854  0.0015  0.0000  0.0032  0.0000  0.0000  0.0000
 0.0057  0.0000  0.0006  0.0011  0.0007  0.0003  1.0000  0.0003  0.0003  0.0008  0.0007  0.0003  0.0010  0.0017  0.0005  0.0006  0.0539  0.0011  0.0009  0.0001  0.0000  0.0003  0.0000  0.0000  0.0000
 0.2484  0.0000  0.0327  0.4602  0.1250  0.0594  0.2375  0.0489  0.0931  0.0896  1.0000  0.0632  0.2358  0.0951  0.0700  0.0521  0.2879  0.1415  0.0866  0.0141  0.0000  0.0351  0.0000  0.0000  0.0000
 0.7787  0.0000  0.0195  0.2781  0.6944  0.0183  0.1393  0.0446  0.0685  0.8823  0.1105  0.0388  0.1812  0.2916  0.3243  0.4534  1.0000  0.2766  0.1044  0.0063  0.0000  0.0139  0.0000  0.0000  0.0000
 0.0254  0.0000  0.0003  0.0007  0.0173  0.0006  0.0023  0.0028  0.0013  1.0000  0.0031  0.0010  0.0031  0.0025  0.0073  0.8274  0.0796  0.0034  0.0018  0.0005  0.0000  0.0014  0.0000  0.0000  0.0000
 0.7097  0.0000  0.1511  0.1756  0.5311  0.7171  0.2815  0.4970  0.3692  0.2649  1.0000  0.2139  0.2740  0.1744  0.3557  0.2970  0.3558  0.3342  0.9093  0.1579  0.0000  0.9707  0.0000  0.0000  0.0000
 0.3694  0.0000  0.0036  0.0030  0.0614  0.0014  1.0000  0.0006  0.0016  0.0036  0.0035  0.0016  0.0023  0.0090  0.0025  0.0025  0.0184  0.0062  0.0812  0.0005  0.0000  0.0010  0.0000  0.0000  0.0000
 0.5563  0.0000  0.0214  0.1194  0.2925  0.0299  0.1339  0.1066  0.1267  1.0000  0.1492  0.0512  0.1808  0.1269  0.6715  0.7841  0.4799  0.2846  0.1087  0.0190  0.0000  0.0516  0.0000  0.0000  0.0000
 0.1095  0.0000  0.0078  0.2162  0.2555  0.0079  0.0563  0.0210  0.0619  0.8883  0.0460  0.0161  0.7740  0.0420  1.0000  0.4053  0.1053  0.2839  0.0419  0.0031  0.0000  0.0074  0.0000  0.0000  0.0000
 0.0265  0.0000  0.0003  0.0001  0.0003  0.0024  0.0003  0.0002  0.0048  0.0004  1.0000  0.0307  0.0003  0.0005  0.0079  0.0004  0.0004  0.0250  0.0031  0.0003  0.0000  0.0003  0.0000  0.0000  0.0000
 0.1169  0.0000  0.0115  0.0796  0.1623  0.0196  0.0612  0.0372  0.0381  0.8602  0.8137  1.0000  0.1099  0.0507  0.2008  0.1701  0.1855  0.1723  0.0745  0.0076  0.0000  0.0259  0.0000  0.0000  0.0000
 0.0686  0.0000  0.0061  0.2044  1.0000  0.0049  0.0213  0.0097  0.0115  0.0387  0.0140  0.0878  0.0494  0.0270  0.0384  0.0170  0.2778  0.4401  0.0189  0.0027  0.0000  0.0061  0.0000  0.0000  0.0000
 1.0000  0.0000  0.0059  0.0045  0.0053  0.0022  0.9781  0.0010  0.0027  0.0058  0.0057  0.0027  0.0041  0.0761  0.0040  0.0042  0.5728  0.0778  0.0397  0.0008  0.0000  0.0017  0.0000  0.0000  0.0000
 1.0000  0.0000  0.0558  0.1912  0.8385  0.0301  0.2408  0.0432  0.0599  0.2280  0.0875  0.0399  0.1456  0.1701  0.1483  0.5417  0.5934  0.7234  0.1257  0.0155  0.0000  0.0338  0.0000  0.0000  0.0000
 0.4471  0.0000  0.0893  0.3757  0.1299  0.1368  0.0808  0.0375  1.0000  0.1210  0.7371  0.3010  0.1554  0.1470  0.1011  0.0760  0.5339  0.9188  0.8693  0.0259  0.0000  0.0457  0.0000  0.0000  0.0000
 0.4929  0.0000  0.1528  0.2801  0.2360  0.8070  0.2847  0.4682  0.3401  0.2805  0.5927  0.2042  0.2653  0.1764  0.2667  0.3331  0.3462  0.3380  0.6323  0.1597  0.0000  1.0000  0.0000  0.0000  0.0000
 0.1141  0.0000  0.0053  1.0000  0.0287  0.0038  0.1006  0.0152  0.0025  0.0222  0.0054  0.0022  0.0805  0.0167  0.0436  0.0115  0.1078  0.0189  0.0061  0.0018  0.0000  0.1731  0.0000  0.0000  0.0000
 0.0036  0.0000  0.0004  0.0020  0.0013  0.0005  1.0000  0.0007  0.0005  0.0494  0.0011  0.0002  0.0017  0.0027  0.0010  0.0015  0.0024  0.0012  0.0008  0.0004  0.0000  0.0005  0.0000  0.0000  0.0000
 0.0348  0.0000  0.0027  0.1008  1.0000  0.0046  0.0401  0.0180  0.0054  0.5290  0.0115  0.0042  0.6129  0.0235  0.0475  0.0396  0.0366  0.0231  0.0091  0.0025  0.0000  0.0091  0.0000  0.0000  0.0000
 0.0000  0.0000  0.0000  0.0000  0.0000  1.0000  0.0000  0.0000  0.0000  0.0000  0.0000  0.0000  0.0000  0.0000  0.0000  0.0000  0.0000  0.0000  0.0000  0.0000  0.0000  0.0000  0.0000  0.0000  0.0000
 0.0009  0.0000  0.0003  0.0002  0.0003  0.0015  0.0005  0.0000  1.0000  0.0004  0.1299  0.0014  0.0003  0.0002  0.0001  0.0003  0.0004  0.0011  0.5460  0.0002  0.0000  0.0007  0.0000  0.0000  0.0000
 1.0000  0.0000  0.0051  0.0054  0.0051  0.0023  0.0134  0.0016  0.0106  0.0064  0.0091  0.0037  0.0084  0.0107  0.0048  0.0041  0.3142  0.4183  0.5493  0.0010  0.0000  0.0018  0.0000  0.0000  0.0000
 1.0000  0.0000  0.0000  0.0000  0.0000  0.0000  0.0000  0.0000  0.0000  0.0000  0.0000  0.0000  0.0000  0.0000  0.0000  0.0000  0.0000  0.0000  0.0000  0.0000  0.0000  0.0000  0.0000  0.0000  0.0000
 0.0182  0.0000  0.0006  0.0008  0.0007  0.0003  0.0018  0.0002  0.0011  0.0009  0.0012  0.0558  0.0012  0.0014  0.0006  0.0006  0.0057  1.0000  0.0021  0.0001  0.0000  0.0003  0.0000  0.0000  0.0000
 0.0088  0.0000  0.0023  0.0011  0.0022  0.7525  0.0018  0.0017  0.1153  0.0030  1.0000  0.9961  0.0021  0.0037  0.0045  0.0030  0.0025  0.0052  0.2304  0.0028  0.0000  0.0030  0.0000  0.0000  0.0000
 0.0018  0.0000  0.0021  0.0031  0.0016  0.0013  0.0060  1.0000  0.0011  0.0013  0.0019  0.0005  0.0023  0.0025  0.0012  0.0020  0.0014  0.0016  0.0015  0.0011  0.0000  0.3284  0.0000  0.0000  0.0000
 0.0575  0.0000  0.0148  0.0070  0.0148  0.1587  0.0115  0.0117  0.3061  0.0199  1.0000  0.2640  0.0142  0.1024  0.0301  0.0590  0.0161  0.0333  0.1597  0.0182  0.0000  0.0195  0.0000  0.0000  0.0000
 0.1285  0.0000  0.0320  0.3625  0.1492  0.0837  0.2796  0.2133  0.0743  0.2484  0.3973  0.0483  1.0000  0.0863  0.1378  0.1844  0.2301  0.1243  0.0747  0.0249  0.0000  0.1411  0.0000  0.0000  0.0000
 0.0125  0.0000  0.0013  0.0037  0.0128  0.0020  0.1065  0.0081  0.0038  1.0000  0.0091  0.0030  0.0108  0.0079  0.0209  0.4635  0.3549  0.0103  0.0055  0.0014  0.0000  0.0041  0.0000  0.0000  0.0000
 0.6356  0.0000  0.0104  0.0040  0.0087  0.0416  0.0049  0.0034  0.6790  0.0104  1.0000  0.3095  0.0063  0.0117  0.0098  0.0081  0.0096  0.0332  0.5190  0.0050  0.0000  0.0085  0.0000  0.0000  0.0000
 0.0383  0.0000  0.0008  0.2132  1.0000  0.0039  0.0182  0.0102  0.0046  0.0389  0.0086  0.0035  0.0225  0.0234  0.0500  0.0108  0.0219  0.0174  0.0088  0.0018  0.0000  0.2995  0.0000  0.0000  0.0000
 0.0022  0.0000  0.0002  0.0004  0.0030  0.0005  0.0017  0.0019  0.0009  0.7374  0.0022  0.0007  0.0021  0.0018  0.0051  1.0000  0.0018  0.0023  0.0012  0.0004  0.0000  0.0010  0.0000  0.0000  0.0000
 0.0077  0.0000  0.0001  0.2128  1.0000  0.0007  0.0029  0.0019  0.0009  0.0080  0.0017  0.0007  0.0033  0.0047  0.0323  0.3855  0.0039  0.0034  0.0018  0.0003  0.0000  0.0010  0.0000  0.0000  0.0000
 0.0230  0.0000  0.0013  1.0000  0.6981  0.0025  0.4840  0.0086  0.0026  0.0238  0.0050  0.0020  0.0309  0.0144  0.0275  0.0077  0.0203  0.0122  0.0050  0.0012  0.0000  0.0044  0.0000  0.0000  0.0000
 0.0045  0.0000  0.0012  0.0027  0.0038  0.0042  0.0037  1.0000  0.0173  0.0359  0.0051  0.0017  0.1593  0.0024  0.0052  0.0369  0.0307  0.0040  0.0036  0.0013  0.0000  0.3922  0.0000  0.0000  0.0000
 0.0008  0.0000  0.0002  0.0001  0.0002  0.0021  0.0002  0.0002  0.0735  0.0003  1.0000  0.0026  0.0002  0.0003  0.0004  0.0003  0.0002  0.0005  0.0022  0.0003  0.0000  0.0003  0.0000  0.0000  0.0000
 0.0011  0.0000  0.0006  0.0002  0.0003  0.6819  0.0002  0.0000  0.0024  0.0000  0.0059  0.0012  0.0000  0.0004  0.0000  0.0000  0.0008  0.0007  0.0022  0.0055  0.0000  1.0000  0.0000  0.0000  0.0000
 0.0089  0.0000  0.0009  0.0018  0.0126  0.0018  0.0063  0.0079  0.0038  0.8095  0.0090  0.0030  0.0087  0.0070  1.0000  0.0858  0.0073  0.0095  0.0050  0.0014  0.0000  0.0040  0.0000  0.0000  0.0000
 0.0000  0.0000  0.0000  0.0000  0.0000  0.0000  0.0000  0.0000  0.0000  0.0000  0.0000  0.0000  0.0000  0.0000  0.0000  0.0000  0.0000  1.0000  0.0000  0.0000  0.0000  0.0000  0.0000  0.0000  0.0000
 0.0171  0.0000  0.0040  0.0017  0.0036  0.0242  0.0026  0.0019  0.0727  0.0045  1.0000  0.0293  0.0029  0.0053  0.0051  0.0039  0.0042  0.0115  0.4516  0.0030  0.0000  0.0044  0.0000  0.0000  0.0000
 0.0000  0.0000  0.0000  0.0000  0.0000  0.0000  0.0000  0.0000  0.0000  0.0000  1.0000  0.0000  0.0000  0.0000  0.0000  0.0000  0.0000  0.0000  0.0000  0.0000  0.0000  0.0000  0.0000  0.0000  0.0000
//
