WARNING! T356 not allowed! score: 0.02 median: 2.85 # of sequence: 334
ID   UNK_ID; MATRIX
AC   UNK_AC
DE   UNK_DE
MA   UNK_BL
  A   B   C   D   E   F   G   H   I   K   L   M   N   P   Q   R   S   T   V   W   X   Y   Z   *   -
 0.0058  0.0000  0.0014  0.0006  0.0012  0.0096  0.0008  0.0008  0.0218  0.0016  0.0974  1.0000  0.0010  0.0019  0.0020  0.0014  0.0014  0.0037  0.1548  0.0012  0.0000  0.0014  0.0000  0.0000  0.0000
 0.0227  0.0000  0.0048  0.2138  0.0092  0.0027  0.0113  0.0339  0.0351  0.0113  0.0066  0.0035  0.0256  0.0122  0.0086  0.0068  1.0000  0.1488  0.0108  0.0017  0.0000  0.0036  0.0000  0.0000  0.0000
 0.0880  0.0000  0.0042  0.0097  0.0056  0.0019  1.0000  0.0267  0.0029  0.0065  0.0045  0.0022  0.0121  0.0106  0.0046  0.0042  0.2466  0.1988  0.0073  0.0009  0.0000  0.0021  0.0000  0.0000  0.0000
 0.0905  0.0000  0.0065  0.0078  0.0125  0.0523  0.0396  0.0211  0.0149  0.0567  0.0439  0.0086  0.0129  0.0089  0.0151  1.0000  0.0161  0.0161  0.0321  0.0069  0.0000  0.0635  0.0000  0.0000  0.0000
 0.2585  0.0000  0.0453  0.1266  0.2738  0.1465  0.2300  0.1928  0.1242  0.7141  0.4594  0.0768  0.1874  1.0000  0.3270  0.5981  0.2584  0.2193  0.2385  0.0466  0.0000  0.2161  0.0000  0.0000  0.0000
 0.1057  0.0000  0.0026  0.0284  0.4127  0.0028  0.0365  0.0075  0.0092  0.1208  0.0157  0.0055  0.0552  0.0140  0.0315  1.0000  0.0343  0.1021  0.0411  0.0012  0.0000  0.0029  0.0000  0.0000  0.0000
 0.1521  0.0000  0.0042  0.0477  0.1145  0.0041  0.0296  0.0565  0.0146  0.2041  0.0239  0.0084  0.1458  0.0216  0.1060  0.1289  0.1161  1.0000  0.0222  0.0015  0.0000  0.0035  0.0000  0.0000  0.0000
 0.1077  0.0000  0.0049  0.2063  0.1303  0.0044  0.1100  0.0105  0.0162  0.0786  0.0258  0.0091  0.0635  0.0576  0.0806  0.0443  0.7035  1.0000  0.0438  0.0016  0.0000  0.0035  0.0000  0.0000  0.0000
 0.0895  0.0000  0.0052  0.0295  0.0814  0.0688  0.0861  0.0136  0.0384  0.0432  0.0228  0.0080  0.0741  0.0151  0.0292  0.0700  1.0000  0.2283  0.0633  0.0037  0.0000  0.0173  0.0000  0.0000  0.0000
 0.4046  0.0000  0.1455  0.1385  0.1841  1.0000  0.2743  0.3790  0.2655  0.3513  0.5215  0.1594  0.2212  0.1377  0.1980  0.2344  0.3110  0.3085  0.4183  0.1247  0.0000  0.7043  0.0000  0.0000  0.0000
 1.0000  0.0000  0.0031  0.0683  0.0900  0.0031  0.1287  0.0340  0.0107  0.0621  0.0702  0.0060  0.0577  0.0155  0.0332  0.0546  0.1626  0.0661  0.1222  0.0010  0.0000  0.0026  0.0000  0.0000  0.0000
 0.3718  0.0000  0.0189  0.5268  1.0000  0.0394  0.2446  0.0732  0.0899  0.3258  0.1065  0.0373  0.2220  0.0963  0.3013  0.1974  0.5597  0.2755  0.1475  0.0063  0.0000  0.0146  0.0000  0.0000  0.0000
 0.4721  0.0000  0.0253  0.2380  0.4180  0.0609  0.4482  0.0620  0.1738  0.3888  0.1475  0.0461  0.4590  0.2394  0.2811  0.2048  1.0000  0.3240  0.1568  0.0327  0.0000  0.0457  0.0000  0.0000  0.0000
 0.8721  0.0000  0.1653  0.6128  1.0000  0.2556  0.5372  0.2895  0.2851  0.9049  0.4696  0.1666  0.6350  0.3299  0.6064  0.5658  0.8574  0.6450  0.4210  0.0707  0.0000  0.3352  0.0000  0.0000  0.0000
 0.4238  0.0000  0.0097  0.4737  0.3124  0.0091  1.0000  0.0222  0.0341  0.8927  0.0551  0.0193  0.2267  0.0501  0.1076  0.1485  0.4886  0.1812  0.1065  0.0031  0.0000  0.0069  0.0000  0.0000  0.0000
 0.7947  0.0000  0.0747  0.6214  1.0000  0.1121  0.3949  0.1616  0.2163  0.9249  0.3435  0.1235  0.5215  0.3280  0.5920  0.5347  0.7969  0.5910  0.3971  0.0319  0.0000  0.1232  0.0000  0.0000  0.0000
 0.5590  0.0000  0.0340  1.0000  0.8076  0.0317  0.3125  0.0772  0.1190  0.6247  0.2283  0.1073  0.3557  0.2574  0.5780  0.3477  0.4735  0.3908  0.4171  0.0109  0.0000  0.0240  0.0000  0.0000  0.0000
 0.6527  0.0000  0.0446  0.5655  1.0000  0.0863  0.4029  0.2049  0.1859  0.9418  0.2771  0.0878  0.7082  0.2644  0.8399  0.6944  0.8373  0.5498  0.2892  0.0702  0.0000  0.0355  0.0000  0.0000  0.0000
 0.8543  0.0000  0.0941  0.6285  1.0000  0.2244  0.4433  0.2523  0.2803  0.9910  0.7065  0.1544  0.5668  0.3071  0.7018  0.7865  0.8101  0.6360  0.4092  0.0631  0.0000  0.2926  0.0000  0.0000  0.0000
 0.0754  0.0000  0.0090  0.1100  0.0605  0.0145  0.0465  0.0400  0.0050  0.0510  0.0081  0.0380  0.0104  1.0000  0.0121  0.0111  0.1000  0.0433  0.0181  0.0010  0.0000  0.0045  0.0000  0.0000  0.0000
 0.7093  0.0000  0.0349  0.5406  1.0000  0.0325  0.4894  0.2132  0.1222  0.9814  0.1971  0.1118  0.4579  0.2285  0.4395  0.4742  0.8927  0.5591  0.2120  0.0112  0.0000  0.0246  0.0000  0.0000  0.0000
 0.7020  0.0000  0.0407  0.4343  1.0000  0.0433  0.2613  0.0878  0.1422  0.6343  0.2198  0.0750  0.3567  0.2246  0.4094  0.3529  0.5691  0.4310  0.2883  0.0124  0.0000  0.0305  0.0000  0.0000  0.0000
 0.2212  0.0000  0.0575  0.0667  0.1564  0.9243  0.1165  0.1981  0.3689  0.0944  0.4861  1.0000  0.2403  0.0999  0.0954  0.1130  0.2961  0.1429  0.3205  0.0601  0.0000  0.4592  0.0000  0.0000  0.0000
 0.8215  0.0000  0.1065  0.5682  1.0000  0.2560  0.7474  0.4333  0.2857  0.8571  0.5867  0.1530  0.8887  0.3388  0.5790  0.5378  0.8675  0.6648  0.3839  0.0705  0.0000  0.3753  0.0000  0.0000  0.0000
 0.4042  0.0000  0.0159  0.6144  0.8092  0.0306  1.0000  0.0545  0.1125  0.3505  0.0897  0.0314  0.4082  0.1735  0.2284  0.1553  0.7896  0.3999  0.0847  0.0052  0.0000  0.0239  0.0000  0.0000  0.0000
 0.1435  0.0000  0.0281  0.0401  0.0448  0.1268  0.0895  0.1339  0.2005  0.0474  0.5469  1.0000  0.0978  0.1773  0.0474  0.0840  0.1852  0.0821  0.2618  0.0293  0.0000  0.1589  0.0000  0.0000  0.0000
 0.1217  0.0000  0.0031  0.1508  0.0774  0.0029  0.0800  0.0070  0.0108  1.0000  0.0418  0.0748  0.0723  0.0158  0.0419  0.4561  0.2058  0.0552  0.0508  0.0246  0.0000  0.0022  0.0000  0.0000  0.0000
 0.1446  0.0000  0.0127  0.0570  0.1416  0.0632  0.0972  0.0366  1.0000  0.2157  0.3222  0.2607  0.1131  0.0266  0.0491  0.0485  0.1097  0.0537  0.3542  0.0111  0.0000  0.0573  0.0000  0.0000  0.0000
 0.2810  0.0000  0.0155  0.1817  0.3534  0.0144  0.2445  0.0352  0.0543  0.8252  0.0875  0.0307  0.3821  0.1637  0.3361  0.9487  1.0000  0.4511  0.0929  0.0050  0.0000  0.0110  0.0000  0.0000  0.0000
 0.4032  0.0000  0.0507  1.0000  0.6045  0.0313  0.3338  0.1102  0.1075  0.4937  0.2520  0.0575  0.2639  0.2802  0.4358  0.6359  0.5142  0.3402  0.1544  0.0104  0.0000  0.0271  0.0000  0.0000  0.0000
 0.1424  0.0000  0.0043  1.0000  0.1928  0.0041  0.1356  0.0155  0.0811  0.2477  0.0594  0.0214  0.1125  0.0520  0.1538  0.0426  0.2666  0.1489  0.0232  0.0014  0.0000  0.0151  0.0000  0.0000  0.0000
 0.0566  0.0000  0.0040  0.1347  0.1595  0.0037  0.2886  0.0091  0.0246  1.0000  0.0455  0.0079  0.0472  0.0561  0.0765  0.3533  0.0808  0.1220  0.0527  0.0013  0.0000  0.0028  0.0000  0.0000  0.0000
 0.0607  0.0000  0.0024  1.0000  0.1236  0.0169  0.0782  0.0435  0.0190  0.0404  0.0176  0.0412  0.5451  0.1175  0.1362  0.0473  0.0992  0.0880  0.0481  0.0009  0.0000  0.0022  0.0000  0.0000  0.0000
 0.0563  0.0000  0.0009  0.0545  0.0468  0.0008  1.0000  0.0019  0.0029  0.0144  0.0431  0.0083  0.0677  0.1280  0.0161  0.0081  0.1342  0.0488  0.0044  0.0003  0.0000  0.0007  0.0000  0.0000  0.0000
 0.6706  0.0000  0.0361  0.4615  0.9149  0.0589  0.4475  0.3306  0.1265  0.6462  0.2040  0.1398  0.6947  0.2365  0.4738  0.3712  0.9303  1.0000  0.1928  0.0117  0.0000  0.0259  0.0000  0.0000  0.0000
 0.1338  0.0000  0.0098  0.1158  0.8296  0.0104  0.0740  0.0424  0.2503  1.0000  0.0544  0.0191  0.1121  0.0587  0.1922  0.2847  0.1514  0.1239  0.2563  0.0034  0.0000  0.0404  0.0000  0.0000  0.0000
 0.1374  0.0000  0.0044  0.0463  0.1280  0.0056  0.0840  0.0104  0.6483  0.0876  0.1125  0.0797  0.0370  0.1926  0.0655  0.1047  0.0768  0.5877  1.0000  0.0018  0.0000  0.0056  0.0000  0.0000  0.0000
 0.6437  0.0000  0.0453  0.5276  0.8946  0.0430  0.6721  0.1039  0.1952  0.8497  0.2679  0.0897  0.4179  0.2321  0.5499  0.5815  0.7842  1.0000  0.3068  0.0149  0.0000  0.0336  0.0000  0.0000  0.0000
 0.2819  0.0000  0.0210  0.2281  0.5203  0.0236  0.1434  0.3401  0.1325  0.4632  0.1190  0.0523  0.2005  0.1052  0.3407  0.2582  0.3244  1.0000  0.1343  0.0083  0.0000  0.0227  0.0000  0.0000  0.0000
 0.1042  0.0000  0.0035  0.0371  0.1490  0.0045  0.0335  0.0275  0.4365  0.2235  0.0479  0.0160  0.0297  0.0165  0.0785  0.1110  0.0626  0.2600  1.0000  0.0014  0.0000  0.0045  0.0000  0.0000  0.0000
 0.0874  0.0000  0.0064  0.0427  0.0119  0.0250  0.0338  0.0195  0.7486  0.0380  0.1521  0.0081  0.0439  0.0078  0.0793  0.0587  0.0606  0.1372  1.0000  0.0387  0.0000  0.0916  0.0000  0.0000  0.0000
 1.0000  0.0000  0.0040  0.0463  0.0920  0.0037  0.0485  0.0351  0.0435  0.1681  0.0223  0.0078  0.1316  0.0312  0.2432  0.0975  0.1072  0.1960  0.4089  0.0013  0.0000  0.0029  0.0000  0.0000  0.0000
 0.0323  0.0000  0.0024  0.2048  0.0735  0.0025  0.0872  0.0055  0.0384  0.0723  0.0132  0.0046  0.0633  0.0117  0.0322  0.0379  0.1408  1.0000  0.0761  0.0008  0.0000  0.0326  0.0000  0.0000  0.0000
 0.6061  0.0000  0.0383  0.5200  0.8194  0.0414  1.0000  0.1325  0.1632  0.7346  0.3098  0.0746  0.4759  0.5667  0.4614  0.3934  0.5822  0.5370  0.2946  0.0230  0.0000  0.0534  0.0000  0.0000  0.0000
 0.1438  0.0000  0.0294  0.0080  0.0117  0.0134  1.0000  0.0168  0.0673  0.0273  0.0571  0.0178  0.0557  0.0056  0.0342  0.0485  0.0406  0.0111  0.0423  0.0035  0.0000  0.0189  0.0000  0.0000  0.0000
 0.4012  0.0000  0.0205  0.2903  0.4354  0.0728  0.2115  0.1808  0.1152  0.9088  0.1583  0.0392  0.2821  0.1356  1.0000  0.9089  0.4324  0.5408  0.1046  0.0081  0.0000  0.1792  0.0000  0.0000  0.0000
 0.0798  0.0000  0.0065  0.1286  0.1045  0.0547  1.0000  0.0269  0.0159  0.0284  0.0645  0.0089  0.7845  0.0463  0.0458  0.0216  0.2252  0.1475  0.0582  0.0060  0.0000  0.0521  0.0000  0.0000  0.0000
 0.4179  0.0000  0.0329  0.2916  0.5818  0.0994  1.0000  0.1040  0.1109  0.3348  0.1919  0.0541  0.2081  0.7065  0.2215  0.2046  0.3669  0.3395  0.1713  0.0215  0.0000  0.0983  0.0000  0.0000  0.0000
 0.0973  0.0000  0.0032  1.0000  0.5910  0.0030  0.0560  0.0073  0.0183  0.1025  0.0614  0.0382  0.2526  0.0165  0.7595  0.0592  0.1611  0.3273  0.0312  0.0010  0.0000  0.0023  0.0000  0.0000  0.0000
 0.8096  0.0000  0.0506  0.6682  1.0000  0.0472  0.3795  0.1150  0.1917  0.9617  0.2896  0.1075  0.4691  0.6671  0.7009  0.9067  0.7261  0.6111  0.3371  0.0163  0.0000  0.0358  0.0000  0.0000  0.0000
 0.2726  0.0000  0.0187  0.2925  0.4073  0.0179  0.1608  0.0932  0.0652  1.0000  0.1286  0.1355  0.2109  0.4016  0.3742  0.2186  0.3716  0.3163  0.1906  0.0061  0.0000  0.0466  0.0000  0.0000  0.0000
 0.0302  0.0000  0.0022  0.0244  0.1301  0.0021  0.0268  0.0056  0.1143  0.2005  0.0126  0.0044  0.0201  0.0538  1.0000  0.1345  0.0848  0.1059  0.0633  0.0008  0.0000  0.0019  0.0000  0.0000  0.0000
 0.0373  0.0000  0.0017  0.2030  1.0000  0.0033  0.0157  0.0084  0.0110  0.0519  0.0097  0.0040  0.0334  0.0208  0.1703  0.0131  0.0849  0.7287  0.0105  0.0016  0.0000  0.0043  0.0000  0.0000  0.0000
 0.0297  0.0000  0.0004  0.0003  0.0003  0.0552  0.0005  0.0001  1.0000  0.0005  0.2240  0.0757  0.0003  0.0002  0.0002  0.0247  0.0005  0.0143  0.5128  0.0002  0.0000  0.0568  0.0000  0.0000  0.0000
 0.0701  0.0000  0.0100  0.0013  0.0008  0.0065  0.0009  0.0132  0.0008  0.0289  0.0008  0.0004  0.0346  0.0014  0.1821  0.0008  1.0000  0.2498  0.0013  0.0002  0.0000  0.0004  0.0000  0.0000  0.0000
 0.0001  0.0000  0.0001  0.0000  0.0000  0.0436  0.0000  0.0000  0.0003  0.0000  0.0007  0.0001  0.0000  0.0001  0.0000  0.0000  0.0001  0.0001  0.0003  0.0007  0.0000  1.0000  0.0000  0.0000  0.0000
 0.0852  0.0000  0.0591  0.1041  0.1598  0.0047  0.0314  0.0104  0.1866  0.1699  0.0497  0.5839  0.1032  0.0574  0.0793  0.0721  0.3989  1.0000  0.0380  0.0016  0.0000  0.0195  0.0000  0.0000  0.0000
 0.9653  0.0000  0.0528  0.7890  1.0000  0.0494  0.3781  0.1201  0.2183  0.9290  0.3353  0.1046  0.5148  0.2714  0.6432  0.5187  0.7479  0.6061  0.2821  0.0170  0.0000  0.0376  0.0000  0.0000  0.0000
 0.6529  0.0000  0.0932  0.5365  1.0000  0.0432  0.3481  0.1039  0.1811  0.7927  0.2778  0.0916  0.4338  0.2336  0.5120  0.4466  0.6528  0.5774  0.2601  0.0148  0.0000  0.0334  0.0000  0.0000  0.0000
 0.0030  0.0000  0.0003  0.0171  0.0349  0.0005  0.0159  0.0983  0.0011  1.0000  0.0026  0.0008  0.1357  0.0021  0.1513  0.8104  0.0027  0.0030  0.0229  0.0004  0.0000  0.0011  0.0000  0.0000  0.0000
 0.0233  0.0000  0.0002  0.0001  0.0002  0.0004  0.0001  0.0000  0.3140  0.0135  0.0065  0.0471  0.0001  0.0002  0.0001  0.0001  0.0002  0.0009  1.0000  0.0001  0.0000  0.0002  0.0000  0.0000  0.0000
 0.0003  0.0000  0.0001  0.0001  0.0001  0.0006  0.0002  0.0000  0.6626  0.0002  0.0678  0.0005  0.0001  0.0001  0.0000  0.0001  0.0002  0.0004  1.0000  0.0001  0.0000  0.0003  0.0000  0.0000  0.0000
 0.0006  0.0000  0.0002  0.0006  0.0004  0.0002  1.0000  0.0002  0.0002  0.0005  0.0004  0.0001  0.0003  0.0009  0.0003  0.0040  0.0004  0.0003  0.0003  0.0002  0.0000  0.0002  0.0000  0.0000  0.0000
 0.0043  0.0000  0.0007  0.0049  0.0045  0.0008  0.0047  0.2219  0.0014  0.0756  0.0027  0.0010  1.0000  0.0030  0.0941  0.0216  0.1851  0.3570  0.0020  0.0005  0.0000  0.0016  0.0000  0.0000  0.0000
 0.0000  0.0000  0.0000  0.0000  0.0000  0.0000  1.0000  0.0000  0.0000  0.0000  0.0000  0.0000  0.0000  0.0000  0.0000  0.0000  0.0000  0.0000  0.0000  0.0000  0.0000  0.0000  0.0000  0.0000  0.0000
 0.0008  0.0000  0.0001  0.0003  0.0002  0.0001  0.0003  0.0001  0.0002  0.0003  0.0002  0.0001  0.0005  0.0004  0.0002  0.0002  1.0000  0.0860  0.0003  0.0000  0.0000  0.0001  0.0000  0.0000  0.0000
 0.0000  0.0000  0.0000  0.0000  0.0000  1.0000  0.0000  0.0000  0.0000  0.0000  0.0000  0.0000  0.0000  0.0000  0.0000  0.0000  0.0000  0.0000  0.0000  0.0000  0.0000  0.0000  0.0000  0.0000  0.0000
 0.0000  0.0000  0.0000  0.0000  0.0000  0.0000  1.0000  0.0000  0.0000  0.0000  0.0000  0.0000  0.0000  0.0000  0.0000  0.0000  0.0000  0.0000  0.0000  0.0000  0.0000  0.0000  0.0000  0.0000  0.0000
 0.0058  0.0000  0.0004  0.0001  0.0003  0.0003  0.0001  0.0001  0.2011  0.0003  0.0047  0.0604  0.0128  0.0004  0.0002  0.0002  0.0003  0.0358  1.0000  0.0000  0.0000  0.0001  0.0000  0.0000  0.0000
 0.0000  0.0000  0.0000  0.0000  0.0000  0.0000  0.0000  0.0000  0.0000  0.0000  0.0000  0.0000  0.0000  0.0000  0.0000  0.0000  0.0000  0.0000  1.0000  0.0000  0.0000  0.0000  0.0000  0.0000  0.0000
 0.0029  0.0000  0.0010  0.0012  0.0015  1.0000  0.0019  0.0188  0.0022  0.0016  0.0037  0.0092  0.0017  0.0012  0.0352  0.0020  0.0072  0.0511  0.0380  0.0010  0.0000  0.6686  0.0000  0.0000  0.0000
 0.0249  0.0000  0.0004  0.0017  0.0941  0.0011  0.0022  0.0156  0.0014  0.0795  0.0994  0.0010  0.0028  0.0020  1.0000  0.0130  0.0297  0.0217  0.0019  0.0005  0.0000  0.0148  0.0000  0.0000  0.0000
 1.0000  0.0000  0.0006  0.0002  0.0005  0.0003  0.0001  0.0001  0.0440  0.0005  0.0021  0.0006  0.0002  0.0007  0.0003  0.0003  0.0006  0.1488  0.0321  0.0001  0.0000  0.0001  0.0000  0.0000  0.0000
 0.0117  0.0000  0.0011  0.0030  0.0209  0.0037  0.0036  0.0177  0.0337  1.0000  0.0408  0.0018  0.0042  0.0028  0.0912  0.2644  0.0127  0.1688  0.0263  0.0011  0.0000  0.0262  0.0000  0.0000  0.0000
 0.0374  0.0000  0.9004  0.0328  0.0073  0.0463  0.0042  0.0031  0.3259  0.0086  1.0000  0.1575  0.0664  0.0093  0.0073  0.0066  0.0082  0.0504  0.4627  0.0037  0.0000  0.0079  0.0000  0.0000  0.0000
 0.4323  0.0000  0.2669  0.2605  0.4719  0.0673  0.1720  0.1179  0.3519  0.4228  1.0000  0.1522  0.3754  0.1218  0.3162  0.3406  0.5484  0.2840  0.5262  0.0193  0.0000  0.0829  0.0000  0.0000  0.0000
 0.0293  0.0000  0.0011  0.4714  1.0000  0.0017  0.0467  0.0042  0.0044  0.0527  0.0074  0.0027  0.0124  0.3343  0.0735  0.0349  0.0176  0.0499  0.0292  0.0007  0.0000  0.0017  0.0000  0.0000  0.0000
 0.0015  0.0000  0.0171  0.0228  0.0066  0.0002  0.0125  0.0005  0.0004  0.0010  0.0004  0.0002  0.0338  0.0064  0.0007  0.0005  0.3842  1.0000  0.0006  0.0001  0.0000  0.0003  0.0000  0.0000  0.0000
 0.0501  0.0000  0.0005  0.0356  0.0748  0.0004  1.0000  0.0088  0.0015  0.0444  0.0025  0.0009  0.2967  0.0023  0.0255  0.0384  0.0784  0.0222  0.0023  0.0001  0.0000  0.0004  0.0000  0.0000  0.0000
 0.0006  0.0000  0.0142  0.0450  1.0000  0.0001  0.0051  0.0138  0.0001  0.0008  0.0001  0.0000  0.0074  0.0005  0.0186  0.0048  0.0104  0.0006  0.0001  0.0001  0.0000  0.0003  0.0000  0.0000  0.0000
 0.7418  0.0000  0.0653  0.6916  0.9407  0.1091  0.3670  0.1488  0.3575  1.0000  0.5200  0.1671  0.4735  0.2905  0.5975  0.5035  0.7640  0.7927  0.3890  0.0347  0.0000  0.1068  0.0000  0.0000  0.0000
 0.1399  0.0000  0.0043  0.0001  0.0002  0.0094  0.0113  0.0000  0.0923  0.0002  0.0034  0.0006  0.0002  0.0001  0.0001  0.0002  0.0003  0.0005  1.0000  0.0001  0.0000  0.0234  0.0000  0.0000  0.0000
 1.0000  0.0000  0.0000  0.0000  0.0000  0.0000  0.0000  0.0000  0.0000  0.0000  0.0000  0.0000  0.0000  0.0000  0.0000  0.0000  0.0000  0.0000  0.0000  0.0000  0.0000  0.0000  0.0000  0.0000  0.0000
 0.0002  0.0000  0.0001  0.0000  0.0000  0.0002  0.0001  0.0000  1.0000  0.0001  0.0013  0.0072  0.0000  0.0000  0.0000  0.0001  0.0001  0.0002  0.0634  0.0000  0.0000  0.0001  0.0000  0.0000  0.0000
 0.0000  0.0000  0.0000  0.0000  0.0000  0.0000  0.0000  0.0000  0.0000  1.0000  0.0000  0.0000  0.0000  0.0000  0.0000  0.0000  0.0000  0.0000  0.0000  0.0000  0.0000  0.0000  0.0000  0.0000  0.0000
 0.0006  0.0000  0.0001  0.0001  0.0008  0.0001  0.0004  0.0005  0.0002  1.0000  0.0006  0.0002  0.0005  0.0005  0.0013  0.1610  0.0005  0.0006  0.0003  0.0215  0.0000  0.0003  0.0000  0.0000  0.0000
 0.0007  0.0000  0.0002  0.0001  0.0001  0.0002  0.0001  0.0000  0.0067  0.0001  0.0010  0.0002  0.0001  0.0002  0.0001  0.0001  0.0001  0.0005  1.0000  0.0000  0.0000  0.0001  0.0000  0.0000  0.0000
 0.0005  0.0000  0.0001  0.0001  0.0001  0.0954  0.0001  0.0042  0.0226  0.0002  1.0000  0.0017  0.0001  0.0045  0.0003  0.0209  0.0001  0.0003  0.0014  0.0002  0.0000  0.0002  0.0000  0.0000  0.0000
 0.0004  0.0000  0.0002  0.0005  0.0004  0.0003  0.0014  0.0002  0.0003  0.0005  0.0048  0.0001  0.0003  0.0009  1.0000  0.0005  0.0003  0.0003  0.0003  0.0002  0.0000  0.0002  0.0000  0.0000  0.0000
 0.0000  0.0000  0.0000  1.0000  0.0000  0.0000  0.0000  0.0000  0.0000  0.0000  0.0000  0.0000  0.0000  0.0000  0.0000  0.0000  0.0000  0.0000  0.0000  0.0000  0.0000  0.0000  0.0000  0.0000  0.0000
 0.0073  0.0000  0.0001  0.0002  0.0015  0.0002  0.0008  0.0010  0.0005  1.0000  0.0011  0.0004  0.0011  0.0835  0.0116  0.4140  0.0009  0.0012  0.0006  0.0002  0.0000  0.0005  0.0000  0.0000  0.0000
 0.0004  0.0000  0.0000  0.0001  0.0005  0.0001  0.0003  0.0003  0.0002  0.0217  0.0004  0.0001  0.0003  0.0003  0.0372  1.0000  0.0003  0.0004  0.0002  0.0001  0.0000  0.0002  0.0000  0.0000  0.0000
 0.0004  0.0000  0.0002  0.0001  0.0001  1.0000  0.0001  0.0000  0.0009  0.0000  0.0022  0.0004  0.0000  0.0002  0.0000  0.0000  0.0003  0.0003  0.0008  0.0021  0.0000  0.9998  0.0000  0.0000  0.0000
 0.0004  0.0000  0.0000  0.0004  0.0032  0.0001  0.0009  0.0002  0.0002  1.0000  0.0004  0.0001  0.0003  0.0007  0.0005  0.0011  0.0003  0.0003  0.0002  0.0001  0.0000  0.0001  0.0000  0.0000  0.0000
 0.0000  0.0000  0.0000  0.0000  0.0000  0.0000  0.0000  0.0000  0.0000  0.0000  0.0000  0.0000  1.0000  0.0000  0.0000  0.0000  0.0000  0.0000  0.0000  0.0000  0.0000  0.0000  0.0000  0.0000  0.0000
 0.0000  0.0000  0.0000  0.0000  0.0000  0.0000  0.0000  0.0000  0.0000  0.0000  0.0000  0.0000  0.0000  0.0000  0.0000  1.0000  0.0000  0.0000  0.0000  0.0000  0.0000  0.0000  0.0000  0.0000  0.0000
 0.0000  0.0000  0.0000  0.0000  1.0000  0.0000  0.0000  0.0000  0.0000  0.0000  0.0000  0.0000  0.0000  0.0000  0.0000  0.0000  0.0000  0.0000  0.0000  0.0000  0.0000  0.0000  0.0000  0.0000  0.0000
 0.0004  0.0000  0.0001  0.0001  0.0001  0.0012  0.0001  0.0393  0.0206  0.0001  1.0000  0.0014  0.0001  0.0002  0.0002  0.0001  0.0001  0.0002  0.0012  0.0001  0.0000  0.0001  0.0000  0.0000  0.0000
 0.0017  0.0000  0.0000  0.0283  0.0294  0.0002  0.0007  0.0088  0.0002  0.0018  0.0429  0.0395  0.0009  0.0010  1.0000  0.0005  0.0088  0.0008  0.0004  0.0001  0.0000  0.0002  0.0000  0.0000  0.0000
 0.0006  0.0000  0.0002  0.0001  0.0001  0.0008  0.0001  0.0000  1.0000  0.0002  0.0719  0.0207  0.0001  0.0002  0.0001  0.0002  0.0002  0.1362  0.0253  0.0001  0.0000  0.0002  0.0000  0.0000  0.0000
 0.0003  0.0000  0.0001  0.0000  0.0001  0.0009  0.0001  0.0001  0.0453  0.0001  0.0559  1.0000  0.0001  0.0001  0.0002  0.0001  0.0001  0.0002  0.0076  0.0085  0.0000  0.0001  0.0000  0.0000  0.0000
 0.0007  0.0000  0.0001  0.0001  0.0010  0.0001  0.0005  0.0202  0.0003  0.2783  0.0007  0.0002  0.0007  0.0006  0.1714  1.0000  0.0006  0.0008  0.0004  0.0001  0.0000  0.0003  0.0000  0.0000  0.0000
 0.7249  0.0000  0.0524  0.5917  1.0000  0.0563  0.3616  0.1271  0.2128  0.9417  0.3594  0.1260  0.4809  0.2620  0.5713  0.5225  0.7098  0.5515  0.2954  0.0184  0.0000  0.0480  0.0000  0.0000  0.0000
 0.0006  0.0000  0.0002  0.0001  0.0002  0.0087  0.0001  0.0001  0.0528  0.0002  1.0000  0.1011  0.0001  0.0003  0.0088  0.0002  0.0002  0.0004  0.1972  0.0002  0.0000  0.0002  0.0000  0.0000  0.0000
 0.0166  0.0000  0.0014  1.0000  0.1824  0.0013  0.0274  0.0940  0.0039  0.1764  0.0064  0.0022  0.2888  0.0210  0.0558  0.2493  0.1304  0.0130  0.0059  0.0005  0.0000  0.0017  0.0000  0.0000  0.0000
 0.0004  0.0000  0.0003  0.0009  0.0004  0.0002  0.0013  1.0000  0.0002  0.0004  0.0003  0.0001  0.0084  0.0006  0.0003  0.0004  0.0004  0.0003  0.0002  0.0002  0.0000  0.0003  0.0000  0.0000  0.0000
 0.1334  0.0000  0.3182  0.1411  0.1694  0.0318  0.0696  0.0477  0.0912  0.1686  0.1041  0.0239  0.0865  1.0000  0.1615  0.1566  0.1486  0.1507  0.0885  0.0090  0.0000  0.0402  0.0000  0.0000  0.0000
 0.0011  0.0000  0.0387  0.0022  0.0007  0.0001  0.0019  0.0005  0.0001  0.0007  0.0002  0.0001  1.0000  0.0005  0.0004  0.0004  0.0039  0.0007  0.0002  0.0001  0.0000  0.0003  0.0000  0.0000  0.0000
 0.0072  0.0000  0.0002  0.0001  0.0002  0.0005  0.0001  0.0000  1.0000  0.0002  0.0026  0.0005  0.0001  0.0002  0.0001  0.0001  0.0002  0.0007  0.7073  0.0001  0.0000  0.0002  0.0000  0.0000  0.0000
 0.0368  0.0000  0.0003  0.0001  0.0002  0.0003  0.0001  0.0001  0.2137  0.0003  0.0329  0.0005  0.0001  0.0003  0.0002  0.0002  0.0003  0.0416  1.0000  0.0000  0.0000  0.0001  0.0000  0.0000  0.0000
 0.5104  0.0000  0.1204  0.3681  0.6210  0.0124  0.1562  0.0497  0.0462  1.0000  0.0745  0.0401  0.1301  0.0676  0.4642  0.4946  0.5966  0.3242  0.0704  0.0043  0.0000  0.1224  0.0000  0.0000  0.0000
 0.0003  0.0000  0.0001  0.0000  0.0001  0.0008  0.0001  0.0001  0.0014  0.0001  1.0000  0.0459  0.0001  0.0001  0.0001  0.0001  0.0001  0.0187  0.0008  0.0001  0.0000  0.0001  0.0000  0.0000  0.0000
 0.0026  0.0000  0.0003  0.0005  0.0219  0.0216  0.0019  0.0217  0.0552  1.0000  0.0556  0.0009  0.0026  0.0021  0.0159  0.3909  0.0022  0.0028  0.0015  0.0004  0.0000  0.0012  0.0000  0.0000  0.0000
 0.2997  0.0000  0.0063  0.1406  0.0707  0.0620  0.0119  1.0000  0.0140  0.0105  0.0231  0.0079  0.0980  0.0073  0.0397  0.0277  0.0144  0.0140  0.0179  0.0507  0.0000  0.7889  0.0000  0.0000  0.0000
 0.3834  0.0000  0.6147  0.0476  0.0585  1.0000  0.1096  0.1846  0.0762  0.0626  0.1275  0.0444  0.0663  0.0591  0.0602  0.0701  0.2147  0.0908  0.1064  0.0351  0.0000  0.5219  0.0000  0.0000  0.0000
 0.0002  0.0000  0.0001  0.0000  0.0000  1.0000  0.0000  0.0000  0.0004  0.0000  0.0009  0.0002  0.0000  0.0001  0.0000  0.0000  0.0001  0.0001  0.0003  0.0009  0.0000  0.1744  0.0000  0.0000  0.0000
 0.0014  0.0000  0.0359  0.0005  0.0007  0.5047  0.0008  0.0335  0.0061  0.0008  0.0217  0.0015  0.0008  0.0006  0.0008  0.0009  0.0010  0.0011  0.0020  0.0005  0.0000  1.0000  0.0000  0.0000  0.0000
 0.0020  0.0000  0.0190  0.0149  0.0202  0.0066  0.0008  0.0154  0.0177  0.0081  0.0007  0.0003  0.0081  0.0010  0.0007  0.0006  1.0000  0.3553  0.0010  0.0002  0.0000  0.0004  0.0000  0.0000  0.0000
 0.1861  0.0000  0.0057  0.0641  0.2768  0.0062  0.0675  0.0902  0.0196  0.1599  0.0893  0.0111  0.5127  0.1033  0.2141  0.1071  0.9512  1.0000  0.0436  0.0020  0.0000  0.0897  0.0000  0.0000  0.0000
 0.1128  0.0000  0.0027  0.0983  0.0570  0.0017  1.0000  0.0059  0.0025  0.0103  0.0033  0.0419  0.1250  0.0080  0.0074  0.0055  0.0864  0.6206  0.0044  0.0009  0.0000  0.0033  0.0000  0.0000  0.0000
 0.0119  0.0000  0.0008  0.5527  1.0000  0.0254  0.0460  0.0153  0.0451  0.0499  0.0047  0.0017  0.0257  0.0307  0.0142  0.0081  0.0434  0.0419  0.0045  0.0003  0.0000  0.0007  0.0000  0.0000  0.0000
 0.0196  0.0000  0.0003  0.0116  0.0459  0.0003  0.0022  0.0007  0.0011  1.0000  0.0017  0.0006  0.1085  0.0016  0.0577  0.1564  0.1366  0.0152  0.0204  0.0001  0.0000  0.0002  0.0000  0.0000  0.0000
 0.0158  0.0000  0.0012  0.0374  0.0350  0.0011  0.0707  0.0029  0.0039  1.0000  0.0064  0.0022  0.0400  0.1939  0.0534  0.4223  0.0508  0.0809  0.0060  0.0004  0.0000  0.0010  0.0000  0.0000  0.0000
 0.0008  0.0000  0.0001  1.0000  0.1502  0.0001  0.0336  0.0006  0.0001  0.0010  0.0002  0.0001  0.1484  0.0006  0.0076  0.0004  0.0015  0.0007  0.0002  0.0001  0.0000  0.0003  0.0000  0.0000  0.0000
 0.0011  0.0000  0.0000  0.1345  1.0000  0.0001  0.0005  0.0003  0.0001  0.0011  0.0002  0.0001  0.0251  0.0007  0.0014  0.0003  0.0007  0.0221  0.0056  0.0000  0.0000  0.0001  0.0000  0.0000  0.0000
 0.0087  0.0000  0.0018  0.0005  0.0014  0.0017  0.0002  0.0004  0.1181  0.0016  0.7176  0.0026  0.0008  0.0019  0.0360  0.0420  0.0649  0.0637  1.0000  0.0002  0.0000  0.0005  0.0000  0.0000  0.0000
 0.0005  0.0000  0.0006  0.0007  0.0004  0.2351  0.0015  0.0152  0.0005  0.0003  0.0010  0.0002  0.0005  0.0006  0.0003  0.0005  0.0004  0.0004  0.0005  0.0005  0.0000  1.0000  0.0000  0.0000  0.0000
 0.0000  0.0000  0.0000  0.0000  0.0000  0.0000  0.0000  0.0000  0.0000  0.0000  1.0000  0.0000  0.0000  0.0000  0.0000  0.0000  0.0000  0.0000  0.0000  0.0000  0.0000  0.0000  0.0000  0.0000  0.0000
 0.0004  0.0000  0.0001  0.0017  0.0005  0.0001  0.0012  0.0265  0.0000  0.0005  0.0001  0.0000  1.0000  0.0003  0.0003  0.0002  0.0205  0.0004  0.0001  0.0000  0.0000  0.0002  0.0000  0.0000  0.0000
 0.0004  0.0000  0.0001  0.0000  0.0001  0.0009  0.0001  0.0001  0.0159  0.0001  1.0000  0.0012  0.0001  0.0002  0.0002  0.0001  0.0001  0.0003  0.1395  0.0001  0.0000  0.0001  0.0000  0.0000  0.0000
 0.0003  0.0000  0.0001  0.0000  0.0001  0.0003  0.0001  0.0000  0.1250  0.0001  0.0014  0.0171  0.0001  0.0001  0.0000  0.0001  0.0001  0.0003  1.0000  0.0000  0.0000  0.0001  0.0000  0.0000  0.0000
 0.0007  0.0000  0.0002  0.0001  0.0002  0.0020  0.0001  0.0001  0.0038  0.0003  1.0000  0.5013  0.0002  0.0003  0.0579  0.0003  0.0002  0.0004  0.0218  0.0002  0.0000  0.0002  0.0000  0.0000  0.0000
 0.0010  0.0000  0.0000  0.2147  1.0000  0.0001  0.0082  0.0003  0.0001  0.0010  0.0002  0.0001  0.0006  0.0006  0.0012  0.0003  0.0006  0.0004  0.0002  0.0000  0.0000  0.0001  0.0000  0.0000  0.0000
 0.0006  0.0000  0.0002  0.0002  0.0002  0.4405  0.0003  0.0305  0.0018  0.0003  0.0107  0.0011  0.0002  0.0003  0.0003  0.0003  0.0003  0.0004  0.0011  0.0004  0.0000  1.0000  0.0000  0.0000  0.0000
 0.0009  0.0000  0.0281  0.0001  0.0002  0.0400  0.0002  0.0001  0.4148  0.0003  0.0376  0.1154  0.0002  0.0002  0.0288  0.0002  0.0003  0.0008  1.0000  0.0002  0.0000  0.0004  0.0000  0.0000  0.0000
 0.0026  0.0000  0.0003  0.0003  0.0003  0.0001  0.0014  0.0001  0.0002  0.0004  0.0049  0.0001  0.0003  1.0000  0.0092  0.0003  0.0689  0.0008  0.0005  0.0000  0.0000  0.0001  0.0000  0.0000  0.0000
 0.0009  0.0000  0.0000  0.1821  1.0000  0.0001  0.0003  0.0002  0.0001  0.0120  0.0002  0.0001  0.0004  0.0006  0.0608  0.0002  0.0005  0.0004  0.0002  0.0000  0.0000  0.0001  0.0000  0.0000  0.0000
 0.0006  0.0000  0.0001  0.0003  0.0002  0.0001  0.0002  0.0001  0.0002  0.0003  0.0002  0.0001  0.0057  0.0003  0.0002  0.0002  0.0693  1.0000  0.0003  0.0000  0.0000  0.0001  0.0000  0.0000  0.0000
 0.0515  0.0000  0.0003  0.0001  0.0003  0.0011  0.0001  0.0001  0.0411  0.0003  0.3984  0.0273  0.0002  0.0004  0.0003  0.0002  0.0003  0.0011  1.0000  0.0001  0.0000  0.0002  0.0000  0.0000  0.0000
 0.0022  0.0000  0.0005  0.0074  0.0023  0.0006  0.0055  0.2058  0.0004  0.0024  0.0007  0.0003  0.0569  0.0014  0.0016  0.0014  0.0588  0.0028  0.0191  0.0003  0.0000  1.0000  0.0000  0.0000  0.0000
 0.0011  0.0000  0.0001  0.0002  0.0016  0.0002  0.0128  0.0196  0.0005  0.3241  0.0011  0.0004  0.0011  0.0214  0.0402  1.0000  0.0784  0.0012  0.0006  0.0002  0.0000  0.0005  0.0000  0.0000  0.0000
 0.2607  0.0000  0.0024  0.0023  0.0032  0.0843  0.0035  0.0056  0.1516  0.0034  0.0342  0.0518  0.0034  0.0026  0.0033  0.0500  0.0205  0.0244  1.0000  0.0020  0.0000  0.0937  0.0000  0.0000  0.0000
 1.0000  0.0000  0.0898  0.1927  0.4057  0.1823  0.2205  0.1576  0.5035  0.2804  0.5158  0.2284  0.2882  0.1201  0.2044  0.2028  0.7979  0.2788  0.3224  0.0490  0.0000  0.2501  0.0000  0.0000  0.0000
 0.0591  0.0000  0.0002  0.0003  0.0024  0.0004  0.0012  0.0517  0.0007  0.6551  0.0350  0.0169  0.0017  0.0014  0.0259  1.0000  0.0188  0.0018  0.0010  0.0003  0.0000  0.0008  0.0000  0.0000  0.0000
 0.0075  0.0000  0.0026  0.0030  0.0040  0.0587  0.0049  1.0000  0.0058  0.0043  0.0253  0.0115  0.0628  0.0030  0.2130  0.0503  0.1320  0.0142  0.0339  0.0253  0.0000  0.3535  0.0000  0.0000  0.0000
 0.0010  0.0000  0.0003  0.0004  0.0006  0.3221  0.0006  0.0379  0.0012  0.0011  0.0139  0.0007  0.0006  0.0004  0.0007  0.0186  0.0007  0.0008  0.0011  0.0003  0.0000  1.0000  0.0000  0.0000  0.0000
 0.5026  0.0000  0.0413  0.0824  0.1243  0.1045  0.0848  0.1362  0.1864  0.2194  0.3157  0.0404  0.6813  0.0524  0.1475  0.1356  1.0000  0.3770  0.2580  0.0278  0.0000  0.1517  0.0000  0.0000  0.0000
 0.0014  0.0000  0.0002  0.0163  0.0019  0.0003  0.0011  0.0011  0.0006  1.0000  0.0013  0.0107  0.0688  0.0010  0.0191  0.5070  0.0838  0.0276  0.0008  0.0002  0.0000  0.0006  0.0000  0.0000  0.0000
 1.0000  0.0000  0.0554  0.6320  0.9703  0.0647  0.3858  0.1544  0.2023  0.9320  0.3967  0.3314  0.6013  0.2676  0.6276  0.5106  0.8084  0.5864  0.3028  0.0209  0.0000  0.0605  0.0000  0.0000  0.0000
 0.0225  0.0000  0.0007  0.0037  0.0156  0.0482  0.0076  0.0191  0.0026  1.0000  0.0055  0.0019  0.6953  0.0045  0.0470  0.1939  0.0443  0.0113  0.0035  0.0008  0.0000  0.0024  0.0000  0.0000  0.0000
 0.0290  0.0000  0.0017  0.0191  0.0628  0.0017  0.0433  0.0567  0.0127  0.0823  0.1299  0.0136  0.0245  0.0106  1.0000  0.0415  0.0446  0.1783  0.0088  0.0006  0.0000  0.0014  0.0000  0.0000  0.0000
 0.5355  0.0000  0.1774  0.2065  0.2757  0.7122  0.3269  0.5706  0.4134  0.3172  0.6703  0.2178  0.3314  0.2479  0.3395  0.5260  0.4346  0.6148  0.5062  0.1821  0.0000  1.0000  0.0000  0.0000  0.0000
 0.0012  0.0000  0.0003  0.0002  0.0003  0.1560  0.0003  0.0002  0.3421  0.0004  0.3479  1.0000  0.0003  0.0004  0.0005  0.0004  0.0004  0.0200  0.1904  0.0003  0.0000  0.0005  0.0000  0.0000  0.0000
 0.0053  0.0000  0.0002  0.0002  0.0002  0.0001  0.0012  0.0000  0.0001  0.0002  0.0002  0.0001  0.0002  1.0000  0.0002  0.0002  0.0130  0.0072  0.0004  0.0000  0.0000  0.0001  0.0000  0.0000  0.0000
 0.2194  0.0000  0.0427  0.1310  0.1964  0.2259  0.1300  0.1804  0.8982  0.0973  1.0000  0.3962  0.2856  0.1266  0.0870  0.1378  0.1760  0.1147  0.3565  0.0434  0.0000  0.2337  0.0000  0.0000  0.0000
 0.0316  0.0000  0.0039  0.0320  0.0039  0.1689  0.0033  0.0038  1.0000  0.0044  0.6757  0.0237  0.1673  0.0039  0.0035  0.0040  0.0668  0.0256  0.2390  0.0019  0.0000  0.0083  0.0000  0.0000  0.0000
 0.0403  0.0000  0.0138  0.0180  0.3405  0.3335  0.0261  0.0566  0.0313  0.0242  0.4634  0.0177  0.0245  0.0164  0.0806  0.0279  0.0453  0.0309  0.0395  0.0144  0.0000  1.0000  0.0000  0.0000  0.0000
 0.0588  0.0000  0.0113  0.0001  0.0004  0.0004  0.0000  0.0001  0.3229  0.0004  0.0884  0.0006  0.0002  0.0005  0.0003  0.0002  0.0004  0.0224  1.0000  0.0001  0.0000  0.0001  0.0000  0.0000  0.0000
 0.0060  0.0000  0.0000  0.0001  0.0007  0.0001  0.0003  0.0004  0.0002  1.0000  0.0005  0.0002  0.0005  0.0004  0.0946  0.0913  0.0004  0.0005  0.0003  0.0001  0.0000  0.0002  0.0000  0.0000  0.0000
 0.0003  0.0000  0.0001  0.0000  0.0001  0.0009  0.0001  0.0001  0.0519  0.0001  1.0000  0.0156  0.0001  0.0001  0.0002  0.0001  0.0001  0.0002  0.0804  0.0001  0.0000  0.0106  0.0000  0.0000  0.0000
 0.0003  0.0000  0.0001  0.0001  0.0001  0.0475  0.0001  0.0074  0.0012  0.0001  0.0171  0.0008  0.0001  0.0001  0.0002  0.0001  0.0001  0.0002  0.0007  0.0002  0.0000  1.0000  0.0000  0.0000  0.0000
 0.1986  0.0000  0.0267  0.0302  0.0329  0.1491  0.0980  0.0373  0.5394  0.0413  0.5026  1.0000  0.0485  0.0436  0.0390  0.0385  0.5599  0.8593  0.3461  0.0206  0.0000  0.0715  0.0000  0.0000  0.0000
 0.0001  0.0000  0.0001  0.0000  0.0000  0.0622  0.0000  0.0000  0.0003  0.0000  0.0008  0.0002  0.0000  0.0001  0.0000  0.0000  0.0001  0.0001  0.0003  0.0007  0.0000  1.0000  0.0000  0.0000  0.0000
 0.0004  0.0000  0.0002  0.0007  0.0030  0.0002  0.0012  0.0002  0.0002  0.0005  0.0004  0.0001  0.0003  0.0008  1.0000  0.0005  0.0003  0.0003  0.0002  0.0002  0.0000  0.0002  0.0000  0.0000  0.0000
 0.0009  0.0000  0.0002  0.0001  0.0002  0.0114  0.0002  0.0002  0.5207  0.0003  1.0000  0.3657  0.0002  0.0004  0.0005  0.0003  0.0003  0.0005  0.0166  0.0003  0.0000  0.0003  0.0000  0.0000  0.0000
 0.0904  0.0000  0.5364  0.0177  0.0241  1.0000  0.0310  0.0446  0.0695  0.0263  0.5462  0.0939  0.0424  0.0210  0.0276  0.0305  0.0783  0.0376  0.0623  0.0171  0.0000  0.0914  0.0000  0.0000  0.0000
 0.0003  0.0000  0.0000  0.0001  0.0004  0.0001  0.0002  0.0003  0.0001  0.0160  0.0003  0.0001  0.0003  0.0003  0.0008  1.0000  0.0003  0.0051  0.0002  0.0001  0.0000  0.0001  0.0000  0.0000  0.0000
 0.9428  0.0000  0.0034  0.0026  0.0030  0.0013  0.2788  0.0006  0.0015  0.0033  0.0032  0.0015  0.0023  0.0251  0.0023  0.0024  1.0000  0.0107  0.0056  0.0005  0.0000  0.0112  0.0000  0.0000  0.0000
 0.0004  0.0000  0.0196  0.0000  0.0001  0.0076  0.0001  0.0001  0.0454  0.0001  1.0000  0.0597  0.0001  0.0002  0.0002  0.0001  0.0001  0.0002  0.0166  0.0001  0.0000  0.0001  0.0000  0.0000  0.0000
 1.0000  0.0000  0.0054  0.0057  0.0089  0.0008  0.1030  0.0072  0.0132  0.0028  0.0015  0.0007  0.1518  0.0035  0.0020  0.0017  0.1107  0.0171  0.0023  0.0003  0.0000  0.0011  0.0000  0.0000  0.0000
 0.0006  0.0000  0.0001  0.0021  0.0007  0.0698  0.0015  0.0132  0.0001  0.0007  0.0002  0.0001  0.0111  0.0004  0.0005  0.0004  0.0211  0.0006  0.0002  0.0001  0.0000  1.0000  0.0000  0.0000  0.0000
 0.0006  0.0000  0.0002  0.0001  0.0065  0.0008  0.0001  0.0000  1.0000  0.0002  0.2445  0.0700  0.0001  0.0002  0.0001  0.0002  0.0002  0.0034  0.0432  0.0001  0.0000  0.0002  0.0000  0.0000  0.0000
 0.0007  0.0000  0.0001  0.0020  0.0362  0.0001  0.0008  1.0000  0.0001  0.0009  0.0002  0.0001  0.0011  0.0004  0.0202  0.0004  0.0263  0.0004  0.0002  0.0000  0.0000  0.0002  0.0000  0.0000  0.0000
 0.1958  0.0000  0.0215  0.0219  0.0406  0.0021  0.2073  0.0258  0.0364  0.0675  0.0276  0.0395  0.1781  0.0096  0.0565  0.1356  1.0000  0.1689  0.0102  0.0007  0.0000  0.0018  0.0000  0.0000  0.0000
 0.2301  0.0000  0.0985  0.0495  0.0658  0.3044  0.1030  0.1654  0.6805  0.2772  1.0000  0.1720  0.0929  0.0493  0.5162  0.1042  0.1097  0.0944  0.4768  0.0446  0.0000  0.2861  0.0000  0.0000  0.0000
 0.0009  0.0000  0.0002  0.0027  0.0010  0.0138  1.0000  0.0045  0.0002  0.0020  0.0238  0.0002  0.0176  0.0006  0.0009  0.0199  0.0016  0.0008  0.0003  0.0001  0.0000  0.0004  0.0000  0.0000  0.0000
 0.0028  0.0000  0.0001  0.0001  0.0001  0.0626  0.0002  0.0000  1.0000  0.0002  0.0165  0.0006  0.0001  0.0001  0.0001  0.0002  0.0002  0.0076  0.6002  0.0001  0.0000  0.0163  0.0000  0.0000  0.0000
 0.0023  0.0000  1.0000  0.0004  0.0003  0.0006  0.0015  0.0001  0.0002  0.0002  0.0004  0.0002  0.0003  0.0006  0.0002  0.0002  0.0433  0.0007  0.0005  0.0149  0.0000  0.0005  0.0000  0.0000  0.0000
 0.0000  0.0000  0.0000  0.0000  0.0000  0.0000  0.0000  1.0000  0.0000  0.0000  0.0000  0.0000  0.0000  0.0000  0.0000  0.0000  0.0000  0.0000  0.0000  0.0000  0.0000  0.0000  0.0000  0.0000  0.0000
 0.0000  0.0000  0.0000  0.0000  0.0000  0.0000  0.0000  0.0000  0.0000  0.0000  0.0000  0.0000  0.0000  0.0000  0.0000  1.0000  0.0000  0.0000  0.0000  0.0000  0.0000  0.0000  0.0000  0.0000  0.0000
 0.0000  0.0000  0.0000  1.0000  0.0000  0.0000  0.0000  0.0000  0.0000  0.0000  0.0000  0.0000  0.0000  0.0000  0.0000  0.0000  0.0000  0.0000  0.0000  0.0000  0.0000  0.0000  0.0000  0.0000  0.0000
 0.0002  0.0000  0.0001  0.0000  0.0001  0.0003  0.0001  0.0000  1.0000  0.0001  0.0608  0.0003  0.0001  0.0000  0.0000  0.0001  0.0001  0.0002  0.0417  0.0000  0.0000  0.0001  0.0000  0.0000  0.0000
 0.0000  0.0000  0.0000  0.0000  0.0000  0.0000  0.0000  0.0000  0.0000  1.0000  0.0000  0.0000  0.0000  0.0000  0.0000  0.0000  0.0000  0.0000  0.0000  0.0000  0.0000  0.0000  0.0000  0.0000  0.0000
 0.0005  0.0000  0.0001  0.0006  0.0004  0.0003  0.0016  0.0002  0.0003  0.0006  0.0067  0.0001  0.0003  1.0000  0.0003  0.0005  0.0004  0.0003  0.0003  0.0002  0.0000  0.0002  0.0000  0.0000  0.0000
 0.0007  0.0000  0.0001  0.0009  0.0008  0.0001  0.0010  0.0617  0.0002  0.0015  0.0004  0.0001  0.0010  0.0005  1.0000  0.0012  0.0009  0.0135  0.0003  0.0001  0.0000  0.0002  0.0000  0.0000  0.0000
 0.0000  0.0000  0.0000  0.0000  0.0000  0.0000  0.0000  0.0000  0.0000  0.0000  0.0000  0.0000  1.0000  0.0000  0.0000  0.0000  0.0000  0.0000  0.0000  0.0000  0.0000  0.0000  0.0000  0.0000  0.0000
 0.0004  0.0000  0.0001  0.0001  0.0001  0.0011  0.0001  0.0001  0.0826  0.0001  1.0000  0.0582  0.0001  0.0002  0.0002  0.0001  0.0001  0.0003  0.0990  0.0001  0.0000  0.0001  0.0000  0.0000  0.0000
 0.0000  0.0000  0.0000  0.0000  0.0000  0.0000  0.0000  0.0000  0.0000  0.0000  1.0000  0.0000  0.0000  0.0000  0.0000  0.0000  0.0000  0.0000  0.0000  0.0000  0.0000  0.0000  0.0000  0.0000  0.0000
 0.0008  0.0000  0.0323  0.0001  0.0002  0.0009  0.0002  0.0000  0.1933  0.0003  0.5683  0.0010  0.0002  0.0002  0.0001  0.0002  0.0003  0.0008  1.0000  0.0001  0.0000  0.0004  0.0000  0.0000  0.0000
 0.0013  0.0000  0.0122  1.0000  0.0019  0.0003  0.0047  0.0126  0.0001  0.0018  0.0003  0.0001  0.6201  0.0010  0.0012  0.0009  0.0035  0.0014  0.0002  0.0001  0.0000  0.0120  0.0000  0.0000  0.0000
 0.0532  0.0000  0.0005  0.0010  0.0162  0.0002  0.0366  0.0002  0.0003  0.0007  0.0005  0.0002  0.0151  1.0000  0.0005  0.0004  0.0586  0.0703  0.0008  0.0001  0.0000  0.0002  0.0000  0.0000  0.0000
 0.4295  0.0000  0.0185  0.6207  1.0000  0.0174  0.1870  0.6125  0.0648  0.4585  0.2870  0.0366  0.2891  0.1061  0.2652  0.4135  0.3939  0.2986  0.1575  0.0060  0.0000  0.0409  0.0000  0.0000  0.0000
 0.0133  0.0000  0.0004  0.0008  0.0005  0.0002  0.0005  0.0122  0.0081  0.0007  0.0005  0.0003  0.0663  0.0009  0.0006  0.0395  0.1486  1.0000  0.0008  0.0001  0.0000  0.0002  0.0000  0.0000  0.0000
 0.5975  0.0000  0.1492  0.2568  0.2183  0.4650  0.7322  1.0000  0.2611  0.2414  0.4523  0.1477  0.4149  0.1605  0.2368  0.2625  0.3501  0.2880  0.3368  0.1238  0.0000  0.6727  0.0000  0.0000  0.0000
 0.2085  0.0000  0.0210  0.0806  0.2410  0.0164  0.0529  0.0267  0.3991  0.2381  0.1074  0.0303  0.0926  0.0548  0.7462  0.1406  0.1062  0.2193  1.0000  0.0051  0.0000  0.0131  0.0000  0.0000  0.0000
 0.0005  0.0000  0.0046  0.0001  0.0001  0.0242  0.0001  0.0001  0.0024  0.0002  1.0000  0.0015  0.0001  0.0002  0.0002  0.0002  0.0001  0.0003  0.1712  0.0002  0.0000  0.0002  0.0000  0.0000  0.0000
 0.0004  0.0000  0.0000  0.0002  0.0005  0.0001  0.0006  0.0003  0.0002  1.0000  0.0004  0.0001  0.0003  0.0005  0.0328  0.0016  0.0003  0.0003  0.0002  0.0001  0.0000  0.0002  0.0000  0.0000  0.0000
 0.0004  0.0000  0.0001  0.0001  0.0001  0.0011  0.0001  0.0001  0.2065  0.0001  1.0000  0.0276  0.0001  0.0002  0.0002  0.0001  0.0001  0.0003  0.0339  0.0001  0.0000  0.0002  0.0000  0.0000  0.0000
 0.0090  0.0000  1.0000  0.0002  0.0002  0.0002  0.0011  0.0001  0.0075  0.0002  0.0004  0.0002  0.0001  0.0005  0.0002  0.0002  0.0009  0.0005  0.0008  0.0001  0.0000  0.0001  0.0000  0.0000  0.0000
 0.0000  0.0000  0.0000  1.0000  0.0000  0.0000  0.0000  0.0000  0.0000  0.0000  0.0000  0.0000  0.0000  0.0000  0.0000  0.0000  0.0000  0.0000  0.0000  0.0000  0.0000  0.0000  0.0000  0.0000  0.0000
 0.0000  0.0000  0.0000  0.0000  0.0000  1.0000  0.0000  0.0000  0.0000  0.0000  0.0000  0.0000  0.0000  0.0000  0.0000  0.0000  0.0000  0.0000  0.0000  0.0000  0.0000  0.0000  0.0000  0.0000  0.0000
 0.0000  0.0000  0.0000  0.0000  0.0000  0.0000  1.0000  0.0000  0.0000  0.0000  0.0000  0.0000  0.0000  0.0000  0.0000  0.0000  0.0000  0.0000  0.0000  0.0000  0.0000  0.0000  0.0000  0.0000  0.0000
 0.0008  0.0000  0.0001  0.0009  0.0003  0.0001  0.0010  0.0002  0.0001  0.0004  0.0002  0.0001  0.0099  0.0004  0.0002  0.0002  1.0000  0.0008  0.0002  0.0001  0.0000  0.0001  0.0000  0.0000  0.0000
 1.0000  0.0000  0.0000  0.0000  0.0000  0.0000  0.0000  0.0000  0.0000  0.0000  0.0000  0.0000  0.0000  0.0000  0.0000  0.0000  0.0000  0.0000  0.0000  0.0000  0.0000  0.0000  0.0000  0.0000  0.0000
 0.0004  0.0000  0.0000  0.0002  0.0005  0.0001  0.0006  0.0003  0.0002  1.0000  0.0004  0.0001  0.0003  0.0005  0.0150  0.0015  0.0003  0.0003  0.0002  0.0001  0.0000  0.0001  0.0000  0.0000  0.0000
 0.4365  0.0000  0.1184  0.2282  0.2746  0.4547  0.2484  0.3954  0.7024  0.4461  0.4639  0.3485  0.2769  0.1578  0.7366  0.4877  0.3831  0.3148  1.0000  0.1199  0.0000  0.7273  0.0000  0.0000  0.0000
 0.0003  0.0000  0.0001  0.0000  0.0001  0.0007  0.0001  0.0001  0.0013  0.0001  1.0000  0.0196  0.0001  0.0040  0.0001  0.0001  0.0001  0.0002  0.0007  0.0001  0.0000  0.0001  0.0000  0.0000  0.0000
 0.0371  0.0000  0.0012  0.0083  0.0137  0.0025  0.0093  0.0034  0.2914  0.0546  0.0780  0.0021  0.0891  0.0044  0.0768  0.0335  0.0600  0.0168  1.0000  0.0008  0.0000  0.0033  0.0000  0.0000  0.0000
 0.2586  0.0000  0.0087  0.1084  0.3859  0.0081  0.0620  0.0900  0.0305  1.0000  0.0639  0.0173  0.0896  0.6676  0.1357  0.4577  0.2267  0.1025  0.0704  0.0028  0.0000  0.0062  0.0000  0.0000  0.0000
 0.0242  0.0000  0.0004  0.0150  0.0012  0.0002  1.0000  0.0008  0.0003  0.0012  0.0270  0.0002  0.1055  0.0011  0.0009  0.0007  0.0431  0.0706  0.0006  0.0001  0.0000  0.0004  0.0000  0.0000  0.0000
 0.0006  0.0000  0.0000  0.0017  1.0000  0.0001  0.0003  0.0002  0.0001  0.0006  0.0001  0.0001  0.0152  0.0004  0.0373  0.0002  0.0004  0.0003  0.0001  0.0000  0.0000  0.0001  0.0000  0.0000  0.0000
 0.0820  0.0000  0.0004  0.0005  0.0007  0.0002  0.0017  0.0003  0.0005  0.0019  0.0033  0.0209  0.0009  1.0000  0.0257  0.0431  0.0211  0.0341  0.0010  0.0001  0.0000  0.0003  0.0000  0.0000  0.0000
 0.0010  0.0000  0.0002  0.0018  0.0006  0.0001  0.0016  0.0004  0.0001  0.0006  0.0185  0.0001  1.0000  0.0005  0.0004  0.0003  0.0604  0.0009  0.0002  0.0001  0.0000  0.0002  0.0000  0.0000  0.0000
 0.0007  0.0000  0.0002  0.0001  0.0001  0.0005  0.0001  0.0000  0.6078  0.0002  0.0025  0.0005  0.0001  0.0001  0.0001  0.0001  0.0002  0.0281  1.0000  0.0001  0.0000  0.0002  0.0000  0.0000  0.0000
 0.1614  0.0000  0.0005  0.0003  0.0004  0.0002  0.0026  0.0001  0.0002  0.0005  0.0204  0.0002  0.0003  0.0012  0.0003  0.0003  1.0000  0.0009  0.0008  0.0001  0.0000  0.0001  0.0000  0.0000  0.0000
 0.0004  0.0000  0.0005  0.0179  0.0004  0.0013  0.0015  0.0003  0.0004  0.0003  0.0007  0.0002  0.0005  0.0007  0.0003  0.0004  0.0003  0.0004  0.0004  0.0005  0.0000  1.0000  0.0000  0.0000  0.0000
 0.0002  0.0000  0.0001  0.0001  0.0001  0.0002  0.0001  0.0000  1.0000  0.0001  0.0011  0.0002  0.0001  0.0001  0.0000  0.0001  0.0001  0.0002  0.0199  0.0000  0.0000  0.0001  0.0000  0.0000  0.0000
 0.0005  0.0000  1.0000  0.0006  0.0003  0.0005  0.0014  0.0003  0.0144  0.0001  0.0005  0.0002  0.0003  0.0004  0.0002  0.0004  0.0002  0.0004  0.0005  0.0003  0.0000  0.0005  0.0000  0.0000  0.0000
 0.0023  0.0000  0.0003  0.0003  0.0003  0.0002  0.0014  0.0001  0.0002  0.0003  0.0003  0.0001  0.0003  0.0007  0.0002  0.0003  1.0000  0.0008  0.0177  0.0001  0.0000  0.0002  0.0000  0.0000  0.0000
 0.0005  0.0000  0.0000  0.0002  0.0006  0.0001  0.0206  0.0004  0.0002  0.0170  0.0004  0.0001  0.0004  0.0004  0.0009  1.0000  0.0004  0.0004  0.0002  0.0001  0.0000  0.0002  0.0000  0.0000  0.0000
 0.0020  0.0000  0.0613  0.0008  0.0011  0.1040  0.0013  0.0093  0.0018  0.0218  0.0202  0.0010  0.0012  0.0008  0.0012  0.0015  0.0015  0.0015  0.0020  0.0007  0.0000  1.0000  0.0000  0.0000  0.0000
 0.0002  0.0000  0.0001  0.0000  0.0000  0.0034  0.0000  0.0000  0.0148  0.0000  0.0187  0.0003  0.0000  0.0001  0.0000  0.0000  0.0001  0.0001  0.0004  0.0007  0.0000  1.0000  0.0000  0.0000  0.0000
 0.0003  0.0000  0.0000  0.0001  0.0005  0.0001  0.0003  0.0176  0.0001  0.0052  0.0003  0.0001  0.0003  0.0003  0.0008  1.0000  0.0003  0.0004  0.0002  0.0001  0.0000  0.0002  0.0000  0.0000  0.0000
 1.0000  0.0000  0.0003  0.0002  0.0003  0.0001  0.0011  0.0001  0.0154  0.0003  0.0006  0.0002  0.0002  0.0006  0.0002  0.0002  0.0300  0.0008  0.0196  0.0000  0.0000  0.0001  0.0000  0.0000  0.0000
 0.0199  0.0000  0.0002  0.0002  0.0002  0.0001  0.0013  0.0000  0.0001  0.0002  0.0002  0.0001  0.0002  1.0000  0.0002  0.0002  0.0035  0.0004  0.0004  0.0000  0.0000  0.0001  0.0000  0.0000  0.0000
 0.0008  0.0000  0.0001  0.0012  1.0000  0.0001  0.0007  0.0002  0.0001  0.0005  0.0002  0.0001  0.0003  0.0005  0.0006  0.0002  0.0146  0.0003  0.0002  0.0001  0.0000  0.0001  0.0000  0.0000  0.0000
 0.0184  0.0000  0.0001  0.0001  0.0001  0.0008  0.0004  0.0001  0.0014  0.0002  1.0000  0.0010  0.0145  0.0003  0.0002  0.0002  0.0004  0.0003  0.0009  0.0001  0.0000  0.0001  0.0000  0.0000  0.0000
 0.0003  0.0000  0.0001  0.0000  0.0001  0.0007  0.0001  0.0000  1.0000  0.0001  0.0394  0.0931  0.0001  0.0001  0.0001  0.0001  0.0001  0.0002  0.0161  0.0001  0.0000  0.0001  0.0000  0.0000  0.0000
 0.0004  0.0000  0.0001  0.0001  0.0001  1.0000  0.0001  0.0155  0.0018  0.0001  0.0893  0.0012  0.0001  0.0002  0.0002  0.0001  0.0001  0.0002  0.0010  0.0001  0.0000  0.0130  0.0000  0.0000  0.0000
 0.0179  0.0000  0.0003  0.0002  0.0003  0.0001  1.0000  0.0001  0.0001  0.0003  0.0003  0.0125  0.0002  0.0008  0.0190  0.0002  0.0016  0.0005  0.0005  0.0000  0.0000  0.0001  0.0000  0.0000  0.0000
 1.0000  0.0000  0.0003  0.0002  0.0002  0.0001  0.0015  0.0000  0.0001  0.0003  0.0003  0.0001  0.0002  0.0066  0.0002  0.0002  0.0766  0.0005  0.0004  0.0000  0.0000  0.0001  0.0000  0.0000  0.0000
 0.0011  0.0000  0.0002  0.0004  0.0003  0.0001  0.0003  0.0001  0.0422  0.0004  0.0004  0.0002  0.0007  0.0005  0.0049  0.0003  0.0602  1.0000  0.0223  0.0001  0.0000  0.0001  0.0000  0.0000  0.0000
 0.0340  0.0000  0.0017  0.6572  1.0000  0.0030  0.0155  0.0780  0.0189  0.0609  0.0404  0.0042  0.6425  0.0156  0.1075  0.0185  0.0268  0.0272  0.0523  0.0012  0.0000  0.0033  0.0000  0.0000  0.0000
 0.0181  0.0000  0.0002  0.0002  0.0001  0.0027  0.0005  0.0001  0.0003  0.0001  0.0007  0.0002  0.0001  0.0003  0.0001  0.0001  0.0003  0.0002  0.0004  0.0006  0.0000  1.0000  0.0000  0.0000  0.0000
 0.0008  0.0000  0.0002  0.0182  0.0003  0.0001  0.0004  0.0002  0.0002  0.0004  0.0002  0.0001  0.0213  0.0004  0.0003  0.0002  0.0917  1.0000  0.0004  0.0001  0.0000  0.0001  0.0000  0.0000  0.0000
 0.0189  0.0000  0.0561  0.0011  0.0007  0.0034  0.0007  0.0243  0.0008  0.0010  0.0007  0.0004  0.0591  0.0083  0.0008  0.0007  0.1870  1.0000  0.0297  0.0002  0.0000  0.0003  0.0000  0.0000  0.0000
 1.0000  0.0000  0.0548  0.1828  0.1896  0.0107  0.0817  0.1137  0.0565  0.7644  0.0579  0.0779  0.2466  0.0519  0.2882  0.0992  0.5849  0.1284  0.0976  0.0036  0.0000  0.0090  0.0000  0.0000  0.0000
 0.0002  0.0000  0.0001  0.0000  0.0001  0.0002  0.0001  0.0000  1.0000  0.0001  0.0199  0.0002  0.0000  0.0000  0.0000  0.0001  0.0001  0.0023  0.0614  0.0000  0.0000  0.0001  0.0000  0.0000  0.0000
 0.0000  0.0000  0.0000  1.0000  0.0000  0.0000  0.0000  0.0000  0.0000  0.0000  0.0000  0.0000  0.0000  0.0000  0.0000  0.0000  0.0000  0.0000  0.0000  0.0000  0.0000  0.0000  0.0000  0.0000  0.0000
 0.0018  0.0000  0.0283  0.0002  0.0004  0.0012  0.0003  0.0001  0.7474  0.0005  0.1167  0.2560  0.0003  0.0004  0.0002  0.0003  0.0005  0.0855  1.0000  0.0001  0.0000  0.0005  0.0000  0.0000  0.0000
 0.0000  0.0000  0.0000  0.0000  0.0000  0.0000  0.0000  0.0000  0.0000  0.0000  0.0000  0.0000  0.0000  0.0000  0.0000  0.0000  0.0000  0.0000  0.0000  1.0000  0.0000  0.0000  0.0000  0.0000  0.0000
 0.0000  0.0000  0.0000  0.0000  0.0000  0.0000  0.0000  0.0000  0.0000  0.0000  0.0000  0.0000  0.0000  0.0000  0.0000  0.0000  1.0000  0.0000  0.0000  0.0000  0.0000  0.0000  0.0000  0.0000  0.0000
 1.0000  0.0000  0.0199  0.0024  0.0032  0.0138  0.0269  0.0030  0.1765  0.0039  0.1785  0.0539  0.0033  0.0045  0.0253  0.0037  0.0086  0.3522  0.2930  0.0021  0.0000  0.0067  0.0000  0.0000  0.0000
 0.0320  0.0000  0.0002  0.0002  0.0002  0.0001  1.0000  0.0001  0.0001  0.0002  0.0003  0.0001  0.0002  0.0006  0.0002  0.0002  0.0011  0.0004  0.0004  0.0001  0.0000  0.0001  0.0000  0.0000  0.0000
 0.0008  0.0000  1.0000  0.0005  0.0003  0.0004  0.0014  0.0003  0.0003  0.0001  0.0004  0.0001  0.0003  0.0004  0.0002  0.0004  0.0004  0.0213  0.0005  0.0003  0.0000  0.0004  0.0000  0.0000  0.0000
 0.0003  0.0000  0.0001  0.0000  0.0001  0.0002  0.0001  0.0000  0.0572  0.0001  0.0011  0.0002  0.0001  0.0001  0.0000  0.0001  0.0001  0.0003  1.0000  0.0000  0.0000  0.0001  0.0000  0.0000  0.0000
 0.0013  0.0000  0.0173  0.0002  0.0003  0.0534  0.0241  0.0002  0.3510  0.0005  1.0000  0.5635  0.0003  0.0005  0.0006  0.0005  0.0004  0.0480  0.0802  0.0004  0.0000  0.0006  0.0000  0.0000  0.0000
 1.0000  0.0000  0.0003  0.0002  0.0003  0.0001  0.0890  0.0001  0.0001  0.0003  0.0003  0.0001  0.0002  0.0008  0.0002  0.0002  0.0118  0.0005  0.0138  0.0000  0.0000  0.0001  0.0000  0.0000  0.0000
 0.0000  0.0000  0.0000  0.0000  1.0000  0.0000  0.0000  0.0000  0.0000  0.0000  0.0000  0.0000  0.0000  0.0000  0.0000  0.0000  0.0000  0.0000  0.0000  0.0000  0.0000  0.0000  0.0000  0.0000  0.0000
 0.0003  0.0000  0.0001  0.0000  0.0001  0.0222  0.0001  0.0001  0.0017  0.0001  1.0000  0.1520  0.0001  0.0001  0.0002  0.0001  0.0001  0.0002  0.0083  0.0001  0.0000  0.0001  0.0000  0.0000  0.0000
 0.0007  0.0000  0.0002  0.0001  0.0002  0.0711  0.0001  0.0001  0.1585  0.0002  1.0000  0.1965  0.0002  0.0003  0.0003  0.0002  0.0002  0.0115  0.0657  0.0002  0.0000  0.0002  0.0000  0.0000  0.0000
 0.0010  0.0000  0.0002  0.0001  0.0002  0.0017  0.0001  0.0001  0.0644  0.0003  1.0000  0.0021  0.0464  0.0003  0.0104  0.0002  0.0003  0.0142  0.0068  0.0002  0.0000  0.0002  0.0000  0.0000  0.0000
 0.0293  0.0000  0.0002  0.0002  0.0002  0.0001  1.0000  0.0000  0.0001  0.0002  0.0002  0.0001  0.0002  0.0006  0.0002  0.0002  0.0052  0.0004  0.0004  0.0000  0.0000  0.0001  0.0000  0.0000  0.0000
 0.0023  0.0000  0.0004  0.0188  0.0973  0.0013  0.0014  0.0275  0.0009  0.0037  0.0293  0.0006  0.0017  0.0013  1.0000  0.0551  0.0152  0.0270  0.0013  0.0004  0.0000  0.0461  0.0000  0.0000  0.0000
 0.0150  0.0000  0.0005  0.0004  0.0005  0.0004  0.0026  0.0001  0.0006  0.0005  0.0541  0.0005  0.0003  1.0000  0.0004  0.0004  0.0023  0.0009  0.0011  0.0001  0.0000  0.0002  0.0000  0.0000  0.0000
 0.0008  0.0000  0.0002  0.0001  0.0002  0.0019  0.0002  0.0001  0.5746  0.0003  1.0000  0.0372  0.0002  0.0003  0.0004  0.0003  0.0002  0.0005  0.0403  0.0002  0.0000  0.0003  0.0000  0.0000  0.0000
 0.0000  0.0000  0.0000  0.0000  0.0000  1.0000  0.0000  0.0000  0.0000  0.0000  0.0000  0.0000  0.0000  0.0000  0.0000  0.0000  0.0000  0.0000  0.0000  0.0000  0.0000  0.0000  0.0000  0.0000  0.0000
 0.0438  0.0000  0.0007  0.0005  0.0006  0.0004  0.0031  0.0001  0.0116  0.0007  0.0527  0.0006  0.0004  1.0000  0.0177  0.0005  0.0449  0.0016  0.0020  0.0001  0.0000  0.0002  0.0000  0.0000  0.0000
 0.0000  0.0000  0.0000  0.0000  0.0000  0.0000  1.0000  0.0000  0.0000  0.0000  0.0000  0.0000  0.0000  0.0000  0.0000  0.0000  0.0000  0.0000  0.0000  0.0000  0.0000  0.0000  0.0000  0.0000  0.0000
 0.0409  0.0000  0.0000  0.5463  1.0000  0.0002  0.0008  0.0005  0.0003  0.0051  0.0005  0.0002  0.0084  0.0013  0.0590  0.0006  0.0011  0.0010  0.0005  0.0001  0.0000  0.0003  0.0000  0.0000  0.0000
 0.0007  0.0000  0.0001  0.0004  0.0002  0.0001  0.0003  0.0001  0.0002  0.0003  0.0002  0.0001  0.0371  0.0004  0.0002  0.0026  1.0000  0.0412  0.0003  0.0000  0.0000  0.0001  0.0000  0.0000  0.0000
 0.1937  0.0000  0.0004  0.0007  0.0005  0.0002  1.0000  0.0002  0.0002  0.0005  0.0004  0.0002  0.0260  0.0011  0.0004  0.0004  0.1815  0.0008  0.0007  0.0001  0.0000  0.0002  0.0000  0.0000  0.0000
 0.0004  0.0000  0.0001  0.0001  0.0001  0.0004  0.0001  0.0000  0.2347  0.0001  0.0255  0.0004  0.0001  0.0001  0.0001  0.0001  0.0001  0.0485  1.0000  0.0000  0.0000  0.0002  0.0000  0.0000  0.0000
 0.0000  0.0000  0.0000  1.0000  0.0000  0.0000  0.0000  0.0000  0.0000  0.0000  0.0000  0.0000  0.0000  0.0000  0.0000  0.0000  0.0000  0.0000  0.0000  0.0000  0.0000  0.0000  0.0000  0.0000  0.0000
 0.0000  0.0000  0.0000  0.0000  0.0000  0.0000  0.0000  0.0000  0.0000  0.0000  0.0000  0.0000  0.0000  0.0000  1.0000  0.0000  0.0000  0.0000  0.0000  0.0000  0.0000  0.0000  0.0000  0.0000  0.0000
 0.0003  0.0000  0.0001  0.0000  0.0001  0.0207  0.0001  0.0001  0.0521  0.0001  1.0000  0.0269  0.0001  0.0001  0.0002  0.0001  0.0001  0.0002  0.0008  0.0001  0.0000  0.0001  0.0000  0.0000  0.0000
 0.0060  0.0000  0.0002  0.0002  0.0002  0.0002  0.0051  0.0000  0.0335  0.0002  0.0006  0.0002  0.0002  0.0006  0.0002  0.0002  0.0204  0.0005  1.0000  0.0000  0.0000  0.0001  0.0000  0.0000  0.0000
 0.0007  0.0000  0.0000  0.0057  1.0000  0.0001  0.0003  0.0042  0.0001  0.0228  0.0002  0.0001  0.0003  0.0004  0.0009  0.0370  0.0004  0.0003  0.0002  0.0000  0.0000  0.0001  0.0000  0.0000  0.0000
 0.0002  0.0000  0.0001  0.0000  0.0001  0.0002  0.0001  0.0000  1.0000  0.0001  0.0011  0.0002  0.0000  0.0000  0.0000  0.0001  0.0001  0.0002  0.0345  0.0000  0.0000  0.0001  0.0000  0.0000  0.0000
 0.0002  0.0000  0.0001  0.0000  0.0001  0.0003  0.0001  0.0000  1.0000  0.0001  0.0014  0.0205  0.0001  0.0000  0.0000  0.0001  0.0001  0.0002  0.0987  0.0000  0.0000  0.0001  0.0000  0.0000  0.0000
 0.0004  0.0000  0.0000  0.0001  0.0005  0.0001  0.0003  0.0003  0.0002  1.0000  0.0004  0.0001  0.0004  0.0003  0.0600  0.0218  0.0003  0.0004  0.0002  0.0001  0.0000  0.0002  0.0000  0.0000  0.0000
 0.0003  0.0000  0.0001  0.0001  0.0001  0.0003  0.0001  0.0000  0.3460  0.0001  0.0018  0.0003  0.0001  0.0001  0.0000  0.0001  0.0001  0.0003  1.0000  0.0000  0.0000  0.0002  0.0000  0.0000  0.0000
 0.0003  0.0000  0.0001  0.0000  0.0001  0.0047  0.0001  0.0001  0.0113  0.0001  1.0000  0.0394  0.0001  0.0001  0.0001  0.0001  0.0001  0.0001  0.0007  0.0001  0.0000  0.0001  0.0000  0.0000  0.0000
 0.0000  0.0000  0.0000  0.0000  0.0000  0.0000  1.0000  0.0000  0.0000  0.0000  0.0000  0.0000  0.0000  0.0000  0.0000  0.0000  0.0000  0.0000  0.0000  0.0000  0.0000  0.0000  0.0000  0.0000  0.0000
 0.0102  0.0000  0.0002  0.0003  0.0002  0.0001  0.0004  0.0001  0.0002  0.0003  0.0002  0.0001  0.0004  0.0050  0.0002  0.0002  0.0200  1.0000  0.0003  0.0000  0.0000  0.0001  0.0000  0.0000  0.0000
 0.0000  0.0000  0.0000  0.0000  0.0000  0.0000  0.0000  0.0000  0.0000  0.0000  0.0000  0.0000  0.0000  1.0000  0.0000  0.0000  0.0000  0.0000  0.0000  0.0000  0.0000  0.0000  0.0000  0.0000  0.0000
 0.0147  0.0000  0.0002  0.0004  0.0002  0.0001  0.0003  0.0001  0.0003  0.0004  0.0003  0.0001  0.0124  0.0005  0.0103  0.0002  0.1992  1.0000  0.0004  0.0001  0.0000  0.0001  0.0000  0.0000  0.0000
 0.0145  0.0000  0.0003  0.0032  0.0830  0.0003  0.0021  0.0185  0.0299  0.2315  0.0193  0.0006  0.0027  0.0160  0.0340  1.0000  0.0402  0.0102  0.0105  0.0001  0.0000  0.0003  0.0000  0.0000  0.0000
 0.0010  0.0000  0.0000  0.1430  1.0000  0.0001  0.0004  0.0002  0.0001  0.0010  0.0002  0.0001  0.0004  0.0006  0.0672  0.0258  0.0005  0.0115  0.0002  0.0000  0.0000  0.0001  0.0000  0.0000  0.0000
 0.0014  0.0000  0.0000  0.0187  0.6324  0.0001  0.0005  0.0152  0.0002  0.0014  0.0003  0.0001  0.0006  0.0008  1.0000  0.0004  0.0007  0.0006  0.0003  0.0001  0.0000  0.0002  0.0000  0.0000  0.0000
 0.0003  0.0000  0.0001  0.0001  0.0001  0.0005  0.0001  0.0000  1.0000  0.0001  0.1038  0.0586  0.0001  0.0001  0.0001  0.0001  0.0001  0.0003  0.0946  0.0001  0.0000  0.0002  0.0000  0.0000  0.0000
 0.0208  0.0000  0.0410  0.0100  0.0662  0.0449  0.0129  0.1907  0.0132  0.8905  0.2116  0.0942  0.0575  0.0087  0.0435  1.0000  0.0828  0.0164  0.0412  0.0057  0.0000  0.0302  0.0000  0.0000  0.0000
 0.7250  0.0000  0.1651  0.5826  1.0000  0.0448  0.3405  0.1236  0.1675  0.8377  0.2702  0.0999  0.4586  0.2456  0.5395  0.4712  0.6896  0.5744  0.2651  0.0154  0.0000  0.0341  0.0000  0.0000  0.0000
 0.0000  0.0000  0.0000  0.0000  0.0000  0.0000  0.0000  0.0000  0.0000  0.0000  0.0000  1.0000  0.0000  0.0000  0.0000  0.0000  0.0000  0.0000  0.0000  0.0000  0.0000  0.0000  0.0000  0.0000  0.0000
 0.0004  0.0000  0.0001  0.0013  0.0004  0.0001  0.0011  0.0003  0.0001  0.0004  0.0001  0.0000  1.0000  0.0003  0.0003  0.0002  0.0101  0.0004  0.0001  0.0001  0.0000  0.0002  0.0000  0.0000  0.0000
 0.0007  0.0000  0.0001  0.0003  0.0368  0.0001  0.0005  0.0078  0.0003  0.0372  0.0007  0.0002  0.0007  1.0000  0.0150  0.0377  0.0208  0.0007  0.0004  0.0001  0.0000  0.0003  0.0000  0.0000  0.0000
 0.0021  0.0000  0.0006  0.0556  0.0176  0.0020  0.0149  0.0616  0.0012  0.0018  0.0240  0.0177  1.0000  0.0009  0.0310  0.0157  0.0083  0.0132  0.0016  0.0005  0.0000  0.0104  0.0000  0.0000  0.0000
 0.0008  0.0000  0.0076  0.0010  0.0005  0.0006  0.0017  0.0641  0.0004  0.0003  0.0006  0.0002  0.0009  0.0005  0.0004  0.0005  0.0006  0.0005  0.0005  0.0203  0.0000  1.0000  0.0000  0.0000  0.0000
 0.0742  0.0000  0.0012  0.0083  0.0137  0.0012  0.0058  0.0028  0.0035  0.2227  0.0209  0.2863  0.0651  0.0052  0.1362  0.0212  0.0535  1.0000  0.0269  0.0006  0.0000  0.0014  0.0000  0.0000  0.0000
 0.0016  0.0000  0.0000  0.1709  1.0000  0.0001  0.0131  0.0165  0.0002  0.0016  0.0003  0.0001  0.0010  0.0170  0.1089  0.0004  0.0206  0.0178  0.0004  0.0001  0.0000  0.0002  0.0000  0.0000  0.0000
 0.0067  0.0000  0.0292  0.0027  0.0036  1.0000  0.0044  0.2344  0.0239  0.0038  0.0371  0.0029  0.0167  0.0027  0.0215  0.0178  0.0076  0.0361  0.0387  0.0024  0.0000  0.0806  0.0000  0.0000  0.0000
 0.0006  0.0000  0.0001  0.0001  0.0008  0.0001  0.0050  0.0005  0.0002  1.0000  0.0006  0.0002  0.0006  0.0005  0.0571  0.1909  0.0005  0.0253  0.0003  0.0001  0.0000  0.0003  0.0000  0.0000  0.0000
 0.0004  0.0000  0.0001  0.0000  0.0001  1.0000  0.0001  0.0001  0.0212  0.0001  0.0700  0.0244  0.0001  0.0002  0.0002  0.0001  0.0001  0.0002  0.0010  0.0001  0.0000  0.0002  0.0000  0.0000  0.0000
 0.0278  0.0000  0.0003  0.0002  0.0003  0.0001  0.0016  0.0001  0.0002  0.0003  0.0004  0.0002  0.0002  1.0000  0.0002  0.0002  0.0014  0.0006  0.0190  0.0000  0.0000  0.0001  0.0000  0.0000  0.0000
 0.0119  0.0000  0.0002  0.0446  0.0246  0.0002  0.0016  0.0212  0.0008  0.0527  0.0279  0.0005  0.0411  0.0124  1.0000  0.0173  0.0230  0.0130  0.0012  0.0001  0.0000  0.0002  0.0000  0.0000  0.0000
 0.0003  0.0000  0.0001  0.0001  0.0001  0.0005  0.0001  0.0000  1.0000  0.0001  0.0702  0.0076  0.0001  0.0001  0.0001  0.0218  0.0001  0.0003  0.1041  0.0001  0.0000  0.0002  0.0000  0.0000  0.0000
 0.0004  0.0000  0.0000  0.0001  0.0005  0.0001  0.0004  0.0003  0.0002  1.0000  0.0004  0.0001  0.0003  0.0003  0.0008  0.0732  0.0003  0.0004  0.0002  0.0001  0.0000  0.0002  0.0000  0.0000  0.0000
 1.0000  0.0000  0.0635  0.0205  0.0163  0.0055  0.0827  0.0048  0.0080  0.0505  0.0140  0.0066  0.0481  0.7115  0.0558  0.0127  0.1785  0.0777  0.0231  0.0023  0.0000  0.0052  0.0000  0.0000  0.0000
 0.0071  0.0000  0.0294  0.0014  0.0091  0.0021  0.0048  1.0000  0.0831  0.1166  0.0072  0.0024  0.0348  0.0052  0.0781  0.1115  0.0058  0.0367  0.0299  0.0012  0.0000  0.0039  0.0000  0.0000  0.0000
 0.0319  0.0000  0.0001  0.0761  0.0540  0.0002  0.0011  0.0004  0.0005  0.0133  0.0062  0.0003  0.0100  1.0000  0.0321  0.0013  0.0246  0.0256  0.0008  0.0001  0.0000  0.0002  0.0000  0.0000  0.0000
 0.0003  0.0000  0.0002  0.0001  0.0001  0.1316  0.0001  0.0000  0.0009  0.0000  0.1434  0.0005  0.0000  0.0001  0.0000  0.0000  0.0002  0.0002  0.0007  1.0000  0.0000  0.0056  0.0000  0.0000  0.0000
 0.3964  0.0000  0.0198  0.2593  0.4656  0.0188  0.1406  1.0000  0.0970  0.4963  0.1249  0.0392  0.5506  0.2289  0.4853  0.3490  0.7608  0.5326  0.1056  0.0064  0.0000  0.0217  0.0000  0.0000  0.0000
 0.0005  0.0000  0.0001  0.0151  0.0007  0.0001  0.0006  0.0004  0.0002  1.0000  0.0004  0.0001  0.0068  0.0004  0.0135  0.0949  0.0241  0.0005  0.0002  0.0001  0.0000  0.0002  0.0000  0.0000  0.0000
 0.0002  0.0000  0.0001  0.0001  0.0001  0.0004  0.0031  0.0000  0.3644  0.0032  0.0427  0.0004  0.0001  0.0000  0.0000  0.0001  0.0001  0.0171  1.0000  0.0001  0.0000  0.0002  0.0000  0.0000  0.0000
 0.0003  0.0000  0.0001  0.0000  0.0001  1.0000  0.0001  0.0000  0.0012  0.0001  0.0858  0.0008  0.0001  0.0001  0.0001  0.0001  0.0001  0.0002  0.0092  0.0004  0.0000  0.0014  0.0000  0.0000  0.0000
 0.1512  0.0000  0.0035  0.0495  0.1007  0.0264  0.0387  0.5718  0.0113  0.4205  0.0393  0.0064  0.0813  0.1853  0.2313  1.0000  0.0981  0.0308  0.0167  0.0017  0.0000  0.0162  0.0000  0.0000  0.0000
 0.4256  0.0000  0.0176  0.2243  0.3554  0.0164  0.1803  0.0399  0.2019  1.0000  0.0993  0.0348  0.2187  0.3269  0.1940  0.2561  0.3832  0.3051  0.1060  0.0056  0.0000  0.0124  0.0000  0.0000  0.0000
 0.0049  0.0000  0.0066  0.0022  0.0232  0.0162  0.0652  0.0776  0.0034  0.3810  0.0057  0.0019  0.0580  0.0020  0.0221  1.0000  0.0112  0.0192  0.0337  0.0016  0.0000  0.0181  0.0000  0.0000  0.0000
 0.3376  0.0000  0.0445  0.0283  0.0740  0.1077  0.0971  0.0608  0.1672  0.0714  0.1887  0.6535  0.0384  0.0600  0.0377  0.0430  0.0708  1.0000  0.2538  0.0205  0.0000  0.1109  0.0000  0.0000  0.0000
 0.0261  0.0000  0.0229  0.2665  0.0112  0.0006  0.0192  0.0014  0.0021  0.0352  0.0058  0.0012  0.0197  1.0000  0.0224  0.0182  0.1366  0.0618  0.0032  0.0002  0.0000  0.0005  0.0000  0.0000  0.0000
 0.2087  0.0000  0.0006  0.0336  0.0380  0.0006  0.0102  0.0437  0.0207  0.0099  0.0243  0.0162  0.0513  1.0000  0.0273  0.0245  0.0964  0.0650  0.0031  0.0002  0.0000  0.0005  0.0000  0.0000  0.0000
 0.0061  0.0000  0.0002  0.2567  1.0000  0.0005  0.0029  0.0250  0.0009  0.0431  0.0894  0.0006  0.0679  0.0068  0.0529  0.0022  0.0736  0.0031  0.0016  0.0002  0.0000  0.0007  0.0000  0.0000  0.0000
 1.0000  0.0000  0.0439  0.0006  0.0007  0.0301  0.0273  0.0001  0.0004  0.0007  0.0262  0.0004  0.0005  0.0019  0.0005  0.0005  0.0250  0.0279  0.0072  0.0001  0.0000  0.0002  0.0000  0.0000  0.0000
 0.0338  0.0000  0.0002  0.0001  0.0001  0.0007  0.0002  0.0000  1.0000  0.0002  0.1015  0.0373  0.0001  0.0001  0.0001  0.0002  0.0002  0.0006  0.4665  0.0001  0.0000  0.0003  0.0000  0.0000  0.0000
 0.1253  0.0000  0.0002  1.0000  0.0880  0.0004  0.0032  0.0013  0.0004  0.0033  0.0007  0.0003  0.1124  0.0020  0.0877  0.0012  0.0734  0.0159  0.0007  0.0002  0.0000  0.0006  0.0000  0.0000  0.0000
 0.0002  0.0000  0.0001  0.0000  0.0001  0.1090  0.0000  0.0000  0.0006  0.0000  1.0000  0.0003  0.0000  0.0001  0.0000  0.0000  0.0001  0.0001  0.0005  0.0010  0.0000  0.0141  0.0000  0.0000  0.0000
 0.1727  0.0000  0.2439  0.0004  0.0005  0.0026  0.0190  0.0000  0.5859  0.0008  0.2912  0.0025  0.0005  0.0003  0.0002  0.0006  0.0009  0.0702  1.0000  0.0003  0.0000  0.0013  0.0000  0.0000  0.0000
 0.1058  0.0000  0.0252  0.0012  0.0139  0.0004  0.0368  0.0003  0.0263  0.0174  0.0010  0.0005  0.0018  0.0020  0.0010  0.0009  1.0000  0.1303  0.0312  0.0002  0.0000  0.0004  0.0000  0.0000  0.0000
 0.1033  0.0000  0.0163  0.0384  0.0162  0.0017  0.0091  0.0380  0.0035  0.6289  0.1148  0.0020  0.0082  0.0131  0.1473  1.0000  0.0655  0.0175  0.0052  0.0053  0.0000  0.0020  0.0000  0.0000  0.0000
 0.0008  0.0000  0.0002  0.0001  0.0002  0.1317  0.0002  0.0001  0.1080  0.0003  1.0000  0.0801  0.0002  0.0003  0.0004  0.0003  0.0002  0.0273  0.1174  0.0002  0.0000  0.0003  0.0000  0.0000  0.0000
 0.0003  0.0000  0.0001  0.0000  0.0001  0.0196  0.0001  0.0001  0.0077  0.0001  1.0000  0.0271  0.0001  0.0001  0.0001  0.0001  0.0001  0.0002  0.0007  0.0001  0.0000  0.0001  0.0000  0.0000  0.0000
 0.1767  0.0000  0.0074  0.1568  0.9481  0.0069  0.0527  0.0168  0.1378  0.2377  0.0930  0.0250  0.0685  0.0380  1.0000  0.1376  0.1265  0.1872  0.2906  0.0024  0.0000  0.0053  0.0000  0.0000  0.0000
 0.0002  0.0000  0.0001  0.0000  0.0000  0.0177  0.0000  0.0000  0.0003  0.0000  0.0008  0.0002  0.0000  0.0001  0.0000  0.0000  0.0145  0.0001  0.0003  0.0008  0.0000  1.0000  0.0000  0.0000  0.0000
 0.0618  0.0000  0.1018  0.1419  0.1527  0.0014  0.0081  0.0027  0.0158  0.0187  0.0067  0.0026  0.0344  0.0829  0.0428  0.0106  1.0000  0.8517  0.0767  0.0006  0.0000  0.0012  0.0000  0.0000  0.0000
 0.0000  0.0000  0.0000  0.0000  0.0000  0.0000  0.0000  0.0000  0.0000  0.0000  0.0000  0.0000  0.0000  1.0000  0.0000  0.0000  0.0000  0.0000  0.0000  0.0000  0.0000  0.0000  0.0000  0.0000  0.0000
 0.4107  0.0000  0.0199  0.3016  0.4455  0.0192  0.2969  0.1234  0.1316  0.5935  0.2579  0.0394  0.9633  0.1016  0.3005  0.3278  1.0000  0.7153  0.1830  0.0065  0.0000  0.0444  0.0000  0.0000  0.0000
 0.7586  0.0000  0.0507  0.6114  1.0000  0.0472  0.3621  0.1152  0.1775  0.9103  0.3867  0.1031  0.4792  0.2604  0.5800  0.5094  0.7185  0.5683  0.2721  0.0163  0.0000  0.0358  0.0000  0.0000  0.0000
 0.0000  0.0000  0.0000  0.0000  0.0000  0.0000  0.0000  0.0000  0.0000  0.0000  0.0000  0.0000  0.0000  0.0000  0.0000  1.0000  0.0000  0.0000  0.0000  0.0000  0.0000  0.0000  0.0000  0.0000  0.0000
 0.0907  0.0000  0.6775  0.0214  0.0290  0.1702  0.0340  0.0560  0.4213  0.0309  1.0000  0.0925  0.0321  0.0838  0.0751  0.0364  0.1692  0.0441  0.2200  0.0194  0.0000  0.1320  0.0000  0.0000  0.0000
 0.1045  0.0000  0.0012  0.0254  0.0327  0.0011  0.0798  0.0028  0.0042  0.1535  0.0693  0.0024  0.2077  0.0062  0.0210  0.0756  0.6732  1.0000  0.0065  0.0004  0.0000  0.0009  0.0000  0.0000  0.0000
 1.0000  0.0000  0.1150  0.0139  0.0168  0.0072  0.1357  0.0031  0.0083  0.0184  0.0183  0.0302  0.0120  0.7776  0.0127  0.0132  0.1113  0.0591  0.0314  0.0026  0.0000  0.0055  0.0000  0.0000  0.0000
 0.0212  0.0000  0.0006  0.0003  0.0006  0.0461  0.0004  0.0007  0.2150  0.0007  1.0000  0.0709  0.0005  0.0084  0.0099  0.0006  0.0047  0.0128  0.1444  0.0196  0.0000  0.0012  0.0000  0.0000  0.0000
 0.0223  0.0000  0.0003  0.2289  1.0000  0.0003  0.0024  0.0058  0.0011  0.0429  0.0019  0.0872  0.0060  0.0018  0.1817  0.0032  0.0125  0.0171  0.0142  0.0001  0.0000  0.0021  0.0000  0.0000  0.0000
 1.0000  0.0000  0.0363  0.0004  0.0004  0.0002  0.0873  0.0001  0.0128  0.0005  0.0073  0.0062  0.0004  0.0012  0.0003  0.0004  0.0622  0.0105  0.0083  0.0001  0.0000  0.0002  0.0000  0.0000  0.0000
 0.0302  0.0000  1.0000  0.0013  0.0030  0.0255  0.0019  0.0020  0.0576  0.0038  0.8169  0.3261  0.0026  0.0049  0.0053  0.0035  0.0033  0.0085  0.0415  0.0030  0.0000  0.0033  0.0000  0.0000  0.0000
 1.0000  0.0000  0.1575  0.0015  0.0048  0.0034  0.0000  0.0012  0.1747  0.0048  0.0701  0.0527  0.0023  0.0069  0.0148  0.0027  0.0561  0.1955  0.3310  0.0006  0.0000  0.0010  0.0000  0.0000  0.0000
 0.0009  0.0000  0.0002  0.0811  0.0018  0.0002  0.0024  1.0000  0.0001  0.0012  0.0109  0.0001  0.0039  0.0007  0.0115  0.0006  0.0172  0.0009  0.0002  0.0001  0.0000  0.0004  0.0000  0.0000  0.0000
 0.1067  0.0000  0.0115  0.0348  0.0322  0.0003  0.0024  0.0142  0.0012  0.0120  0.0153  0.0007  0.0193  1.0000  0.0267  0.0098  0.1838  0.0225  0.0400  0.0001  0.0000  0.0003  0.0000  0.0000  0.0000
 0.0002  0.0000  0.0001  0.0000  0.0001  1.0000  0.0000  0.0000  0.0005  0.0000  0.0221  0.0079  0.0000  0.0001  0.0000  0.0000  0.0001  0.0001  0.0004  0.0010  0.0000  0.1839  0.0000  0.0000  0.0000
 0.0001  0.0000  0.0001  0.0000  0.0000  1.0000  0.0000  0.0000  0.0003  0.0000  0.0035  0.0001  0.0000  0.0001  0.0000  0.0000  0.0001  0.0001  0.0003  0.0007  0.0000  0.0063  0.0000  0.0000  0.0000
 0.0004  0.0000  0.0001  1.0000  0.0289  0.0001  0.0066  0.0004  0.0000  0.0006  0.0001  0.0000  0.0823  0.0003  0.0004  0.0003  0.0048  0.0004  0.0001  0.0000  0.0000  0.0002  0.0000  0.0000  0.0000
 0.0183  0.0000  0.0000  0.1830  1.0000  0.0001  0.0005  0.0003  0.0001  0.0011  0.0003  0.0001  0.0005  0.0030  0.0015  0.0003  0.0034  0.0005  0.0111  0.0000  0.0000  0.0001  0.0000  0.0000  0.0000
 0.0003  0.0000  0.0001  0.0000  0.0001  0.0008  0.0001  0.0001  0.0880  0.0001  1.0000  0.0115  0.0001  0.0001  0.0002  0.0001  0.0001  0.0002  0.0032  0.0001  0.0000  0.0001  0.0000  0.0000  0.0000
 0.0005  0.0000  0.0002  0.0004  0.0004  0.0002  0.0012  0.0003  0.0002  0.0010  0.0004  0.0001  0.0003  0.0007  0.0004  1.0000  0.0004  0.0142  0.0003  0.0002  0.0000  0.0002  0.0000  0.0000  0.0000
 0.0392  0.0000  0.0237  1.0000  0.3940  0.0013  0.0372  0.0181  0.0229  0.0604  0.0729  0.0166  0.1609  0.0069  0.2192  0.0278  0.0497  0.0255  0.0468  0.0004  0.0000  0.0010  0.0000  0.0000  0.0000
 0.0575  0.0000  0.0006  0.0066  0.1777  0.0006  0.0557  0.0233  0.0145  0.0449  0.0315  0.0012  0.0053  1.0000  0.0603  0.0175  0.0181  0.0154  0.0031  0.0002  0.0000  0.0005  0.0000  0.0000  0.0000
 0.1126  0.0000  0.0301  0.1025  0.0860  0.0292  0.3724  0.0868  0.0125  0.1273  0.0446  0.0070  1.0000  0.0155  0.0580  0.0620  0.2461  0.0883  0.0183  0.0023  0.0000  0.0193  0.0000  0.0000  0.0000
 0.5573  0.0000  0.1391  0.0150  0.0215  0.1357  0.0227  0.0921  0.1634  0.0623  0.0963  0.0189  0.0225  0.0178  0.1488  0.0254  0.0509  1.0000  0.2957  0.0130  0.0000  0.0693  0.0000  0.0000  0.0000
 0.0795  0.0000  0.0956  0.0263  0.0696  0.0563  0.0743  0.0176  0.0245  0.4316  0.0616  0.0091  0.0244  0.0144  0.1968  1.0000  0.1527  0.1574  0.0527  0.0052  0.0000  0.0315  0.0000  0.0000  0.0000
 0.0006  0.0000  0.0002  0.0001  0.0002  0.0227  0.0001  0.0001  0.0939  0.0002  1.0000  0.0394  0.0002  0.0165  0.0003  0.0212  0.0102  0.0056  0.0017  0.0002  0.0000  0.0002  0.0000  0.0000  0.0000
 0.0010  0.0000  0.0001  0.0016  0.0182  0.0001  0.0006  0.0053  0.0002  0.0009  0.0002  0.0001  0.0010  1.0000  0.0392  0.0005  0.0580  0.0116  0.0003  0.0001  0.0000  0.0002  0.0000  0.0000  0.0000
 0.0014  0.0000  0.0003  0.1797  0.0009  0.0002  0.0017  0.0006  0.0119  0.0486  0.0004  0.0002  1.0000  0.0109  0.0007  0.0006  0.1100  0.0341  0.0005  0.0001  0.0000  0.0003  0.0000  0.0000  0.0000
 0.0103  0.0000  0.0011  0.0502  0.0152  0.0018  1.0000  0.0040  0.0019  0.0471  0.0033  0.0012  0.0511  0.0039  0.0188  0.0053  0.1690  0.0171  0.0602  0.0006  0.0000  0.1020  0.0000  0.0000  0.0000
 0.0331  0.0000  0.0010  0.0105  0.0350  0.0012  0.0790  0.0103  0.0705  0.1449  0.0181  0.0020  0.0155  0.0051  0.1011  1.0000  0.0280  0.0102  0.0492  0.0004  0.0000  0.0012  0.0000  0.0000  0.0000
 0.2847  0.0000  0.0088  0.5108  0.5428  0.1906  0.0599  0.0575  0.0354  0.2126  0.0487  0.0170  0.0854  1.0000  0.1591  0.0958  0.3018  0.1411  0.0770  0.0032  0.0000  0.0131  0.0000  0.0000  0.0000
 0.0239  0.0000  0.0005  0.0002  0.0005  0.0887  0.0002  0.0004  0.0545  0.0053  1.0000  0.0653  0.0003  0.0006  0.0005  0.0067  0.0183  0.0238  0.0445  0.0002  0.0000  0.0006  0.0000  0.0000  0.0000
 0.0169  0.0000  0.0003  0.0100  0.0003  0.0001  0.0018  0.0001  0.0001  0.0003  0.0148  0.0001  0.0003  1.0000  0.0002  0.0002  0.0281  0.0007  0.0005  0.0000  0.0000  0.0001  0.0000  0.0000  0.0000
 0.0980  0.0000  0.0011  0.0891  0.2519  0.0010  0.0077  0.0260  0.0038  0.0575  0.0267  0.0021  0.1213  1.0000  0.1111  0.0182  0.1486  0.0236  0.0146  0.0003  0.0000  0.0008  0.0000  0.0000  0.0000
 0.0003  0.0000  0.0097  0.0000  0.0001  0.0410  0.0001  0.0001  0.0241  0.0001  1.0000  0.0012  0.0001  0.0001  0.0002  0.0001  0.0069  0.0002  0.0010  0.0001  0.0000  0.0002  0.0000  0.0000  0.0000
 0.0002  0.0000  0.0001  0.0000  0.0000  1.0000  0.0000  0.0000  0.0004  0.0000  0.0319  0.0002  0.0000  0.0001  0.0000  0.0000  0.0020  0.0095  0.0003  0.0008  0.0000  0.0091  0.0000  0.0000  0.0000
 0.0142  0.0000  0.0002  0.4750  0.0442  0.0002  0.0031  0.0229  0.0146  0.0017  0.0003  0.0001  1.0000  0.0010  0.0015  0.0007  0.0026  0.0446  0.0003  0.0001  0.0000  0.0005  0.0000  0.0000  0.0000
 0.0001  0.0000  0.0001  0.0000  0.0000  1.0000  0.0000  0.0000  0.0003  0.0000  0.0149  0.0002  0.0000  0.0001  0.0000  0.0000  0.0001  0.0001  0.0003  0.0135  0.0000  0.0028  0.0000  0.0000  0.0000
 0.0467  0.0000  0.0347  0.1032  0.0369  0.0020  0.0143  0.0208  0.0071  0.6015  0.0305  0.0040  0.0798  0.0105  0.0529  0.0646  0.7307  1.0000  0.0108  0.0007  0.0000  0.0017  0.0000  0.0000  0.0000
 0.6634  0.0000  0.0223  0.6745  0.7981  0.0208  0.1592  0.2296  0.0925  0.6863  0.2067  0.0443  0.3047  1.0000  0.7332  0.5693  0.5748  0.4170  0.2176  0.0072  0.0000  0.0158  0.0000  0.0000  0.0000
 0.1956  0.0000  0.0303  0.1286  1.0000  0.1198  0.1948  0.8017  0.1102  0.1659  0.2451  0.0412  0.1447  0.0536  0.6987  0.2454  0.1316  0.1214  0.1655  0.0283  0.0000  0.3044  0.0000  0.0000  0.0000
 0.0021  0.0000  0.0003  0.0022  1.0000  0.0013  0.0004  0.0003  0.0165  0.0012  0.0701  0.0017  0.0076  0.0008  0.0082  0.0006  0.0007  0.0012  0.0113  0.0002  0.0000  0.0003  0.0000  0.0000  0.0000
 0.0718  0.0000  0.0014  0.0016  0.0021  0.0419  0.0088  0.0042  0.0948  0.0233  1.0000  0.0372  0.0126  0.0016  0.0023  0.0500  0.0155  0.0114  0.0039  0.0138  0.0000  0.0078  0.0000  0.0000  0.0000
 0.2148  0.0000  0.0207  0.0385  0.0782  0.0018  0.1399  0.0089  0.0066  0.3725  0.0107  0.0096  0.1095  0.0097  0.1959  0.0620  1.0000  0.0904  0.0162  0.0006  0.0000  0.0209  0.0000  0.0000  0.0000
 0.8800  0.0000  0.0629  0.6066  1.0000  0.0469  0.5057  0.1168  0.6520  0.8994  0.3735  0.1051  0.5300  0.2693  0.5686  0.5125  0.7877  0.5523  0.4043  0.0161  0.0000  0.0359  0.0000  0.0000  0.0000
 0.8212  0.0000  0.0463  0.6135  1.0000  0.0432  0.3423  0.1304  0.2055  0.8594  0.3595  0.2205  0.6330  0.2676  0.8072  0.6024  0.9659  0.5756  0.3947  0.0149  0.0000  0.0328  0.0000  0.0000  0.0000
 0.0322  0.0000  0.0005  0.0247  0.0191  0.0177  0.0026  0.0013  0.0016  0.0058  0.0066  0.0241  0.0224  1.0000  0.0600  0.0035  0.0827  0.0680  0.0415  0.0003  0.0000  0.0013  0.0000  0.0000  0.0000
 0.1863  0.0000  0.0036  0.6372  1.0000  0.0034  0.0351  0.1228  0.0128  0.1510  0.0206  0.0072  0.1636  0.1137  0.2459  0.0618  0.6139  0.0631  0.0195  0.0012  0.0000  0.0026  0.0000  0.0000  0.0000
 0.0488  0.0000  0.0220  0.0010  0.0015  0.0332  0.0014  0.0080  0.2290  0.0016  1.0000  0.1117  0.0062  0.0013  0.0407  0.0017  0.0020  0.0578  0.0630  0.0009  0.0000  0.0042  0.0000  0.0000  0.0000
 0.9137  0.0000  0.2039  0.5366  0.8106  0.7116  0.5261  0.5928  0.4943  0.7874  0.8126  0.2763  0.6003  0.3461  0.6080  0.6331  0.7849  0.6888  0.6589  0.1892  0.0000  1.0000  0.0000  0.0000  0.0000
 0.8595  0.0000  0.0500  0.6236  1.0000  0.0724  0.3678  0.2589  0.1768  0.9437  0.3047  0.1382  0.6281  0.3831  0.6555  0.6132  0.8935  0.5881  0.3752  0.0162  0.0000  0.0361  0.0000  0.0000  0.0000
 0.2537  0.0000  0.0557  0.1355  0.2066  0.1643  0.1225  0.1349  0.4540  1.0000  0.3105  0.0842  0.1916  0.1011  0.2960  0.7444  0.2644  0.2649  0.2001  0.0389  0.0000  0.2026  0.0000  0.0000  0.0000
 0.0005  0.0000  0.0237  0.0001  0.0001  0.0012  0.0001  0.0001  0.0553  0.0250  1.0000  0.0079  0.0001  0.0002  0.0002  0.0002  0.0001  0.0003  0.0067  0.0001  0.0000  0.0002  0.0000  0.0000  0.0000
 0.0049  0.0000  0.0174  0.0008  0.0014  0.0027  0.0011  0.0018  1.0000  0.0070  0.1792  0.0335  0.0012  0.0092  0.0213  0.0470  0.0018  0.0282  0.4166  0.0007  0.0000  0.0242  0.0000  0.0000  0.0000
 0.0134  0.0000  0.0003  0.0003  0.0004  0.0002  0.0019  0.0001  0.0003  0.0090  0.0246  0.0002  0.0003  1.0000  0.0003  0.0004  0.0017  0.0006  0.0007  0.0001  0.0000  0.0001  0.0000  0.0000  0.0000
 0.3971  0.0000  0.0126  0.4044  1.0000  0.0118  0.0899  0.0342  0.0442  0.4869  0.0912  0.0519  0.1413  0.5642  0.2582  0.1418  0.3090  0.2270  0.0674  0.0041  0.0000  0.0089  0.0000  0.0000  0.0000
 0.0219  0.0000  0.0072  0.0091  0.0291  0.0539  0.0265  1.0000  0.0163  0.0596  0.0275  0.0093  0.0354  0.0095  0.0359  0.0307  0.0176  0.0175  0.0208  0.2641  0.0000  0.0865  0.0000  0.0000  0.0000
 1.0000  0.0000  0.1109  0.1058  0.1756  0.3954  0.1791  0.2841  0.2769  0.1933  0.4919  0.1847  0.1582  0.1052  0.1873  0.1790  0.2605  0.2119  0.4051  0.0952  0.0000  0.6950  0.0000  0.0000  0.0000
 0.0279  0.0000  0.0008  0.0178  0.0533  0.0010  0.0051  0.0286  0.0026  0.1729  0.0191  0.0399  0.0554  0.0037  0.2538  1.0000  0.0977  0.0240  0.0244  0.0003  0.0000  0.0294  0.0000  0.0000  0.0000
 0.2906  0.0000  0.0085  0.1119  0.2824  0.0080  0.0913  0.0348  0.0868  1.0000  0.1020  0.0168  0.1773  0.1896  0.2666  0.3511  0.3310  0.1441  0.0453  0.0027  0.0000  0.0794  0.0000  0.0000  0.0000
 0.1396  0.0000  0.0268  0.0946  0.2820  0.0031  0.0360  0.0955  0.0184  0.2122  0.0184  0.0448  0.0898  0.0846  1.0000  0.1141  0.1365  0.0938  0.0375  0.0011  0.0000  0.0089  0.0000  0.0000  0.0000
 0.9607  0.0000  0.2032  0.6472  1.0000  0.4850  0.5312  0.4370  0.4049  0.9442  0.7095  0.2313  0.6262  0.3518  0.6764  0.6460  0.8828  0.7276  0.5520  0.1337  0.0000  0.6557  0.0000  0.0000  0.0000
 1.0000  0.0000  0.1418  0.1967  0.5037  0.0259  0.6977  0.0383  0.0588  0.5173  0.2432  0.0333  0.2509  0.3564  0.2112  0.2487  0.7320  0.2440  0.1486  0.0055  0.0000  0.0123  0.0000  0.0000  0.0000
 1.0000  0.0000  0.0421  0.5034  0.8588  0.0404  0.3783  0.1447  0.1469  0.7597  0.4032  0.1785  0.4448  0.2491  0.5356  0.4242  0.7808  0.5469  0.2943  0.0418  0.0000  0.0316  0.0000  0.0000  0.0000
 0.7180  0.0000  0.0408  0.5380  0.9193  0.0382  0.3252  0.1330  0.1582  0.7108  0.3090  0.0809  0.4669  0.2821  0.5892  0.5960  1.0000  0.5127  0.3134  0.0132  0.0000  0.0291  0.0000  0.0000  0.0000
 0.8955  0.0000  0.1281  0.6628  1.0000  0.4012  0.5258  0.3640  0.3475  0.9376  0.6060  0.1986  0.5781  0.3382  0.6617  0.6141  0.8797  0.7779  0.4965  0.1005  0.0000  0.4977  0.0000  0.0000  0.0000
 0.7024  0.0000  0.0476  0.6165  1.0000  0.0445  0.4344  0.1082  0.1667  0.9018  0.4394  0.0943  0.6298  0.7019  0.5250  0.4748  0.6733  0.5270  0.2687  0.0153  0.0000  0.0338  0.0000  0.0000  0.0000
 0.5987  0.0000  0.0354  0.8399  0.8823  0.0708  0.3474  0.1308  0.1235  0.6543  0.1993  0.0698  0.6803  0.2757  0.5758  0.4577  1.0000  0.8797  0.2286  0.0118  0.0000  0.0623  0.0000  0.0000  0.0000
 0.7801  0.0000  0.0595  0.7571  1.0000  0.0876  0.4751  0.1557  0.1995  0.9252  0.3635  0.1128  0.6651  0.4582  0.7315  0.5878  0.9737  0.6686  0.3169  0.0242  0.0000  0.0772  0.0000  0.0000  0.0000
 0.8962  0.0000  0.0498  0.6175  1.0000  0.0810  0.4406  0.1145  0.1725  0.8428  0.2785  0.0976  0.5256  0.2631  0.5640  0.5571  0.8703  0.5882  0.2622  0.0172  0.0000  0.0560  0.0000  0.0000  0.0000
 0.9710  0.0000  0.0497  0.6040  0.8648  0.0610  0.4723  0.1168  0.1670  0.7846  0.4224  0.0944  0.5454  0.3390  0.5224  0.4476  0.8086  1.0000  0.2521  0.0195  0.0000  0.0900  0.0000  0.0000  0.0000
 0.9741  0.0000  0.0730  0.6428  1.0000  0.1516  0.4370  0.1840  0.2758  0.9090  0.3758  0.1278  0.5565  0.3721  0.6204  0.5367  0.7886  0.5975  0.3528  0.0599  0.0000  0.1655  0.0000  0.0000  0.0000
 1.0000  0.0000  0.0294  0.2058  0.3261  0.0670  0.3890  0.1384  0.2021  0.3042  0.1731  0.1231  0.3202  0.1912  0.3107  0.1851  0.7548  0.3167  0.1239  0.0189  0.0000  0.0854  0.0000  0.0000  0.0000
 0.2047  0.0000  0.0103  0.2652  0.2818  0.0096  0.2242  0.0236  0.0359  0.3803  0.0580  0.0203  0.4235  0.0529  0.1133  0.2740  1.0000  0.3271  0.0548  0.0033  0.0000  0.0074  0.0000  0.0000  0.0000
 0.5875  0.0000  0.0282  1.0000  0.8576  0.0263  0.2611  0.4431  0.0989  0.5310  0.1595  0.0559  0.4292  0.1450  0.4506  0.3691  0.8330  0.5295  0.1508  0.0091  0.0000  0.0200  0.0000  0.0000  0.0000
 1.0000  0.0000  0.1399  0.5623  0.9215  0.2066  0.4001  0.2231  0.2384  0.7862  0.5010  0.1343  0.4550  0.2605  0.5244  0.5981  0.9622  0.7203  0.4122  0.0574  0.0000  0.2940  0.0000  0.0000  0.0000
 0.4326  0.0000  0.0202  0.3043  0.4142  0.0189  0.1798  0.0460  0.1796  0.4144  0.1139  0.0399  1.0000  0.2045  0.5552  0.1980  0.4430  0.2165  0.1077  0.0065  0.0000  0.0144  0.0000  0.0000  0.0000
 0.7148  0.0000  0.0733  0.4691  0.6916  0.1205  0.4426  0.1835  0.1877  0.6640  0.2887  0.1337  0.4480  0.3482  0.4356  0.4182  1.0000  0.9882  0.2787  0.0379  0.0000  0.1492  0.0000  0.0000  0.0000
 0.7289  0.0000  0.0088  0.0914  0.1453  0.0086  1.0000  0.0186  0.0281  0.1350  0.0451  0.0160  0.2338  0.1114  0.2063  0.1364  0.4883  0.1885  0.1399  0.0029  0.0000  0.0073  0.0000  0.0000  0.0000
 0.6589  0.0000  0.0429  0.8250  0.9151  0.0400  0.4275  0.0975  0.1503  1.0000  0.2723  0.0850  0.4253  0.2481  0.5679  0.4216  0.7088  0.5139  0.3271  0.0138  0.0000  0.0303  0.0000  0.0000  0.0000
 0.7168  0.0000  0.0471  0.6463  1.0000  0.0825  0.3469  0.1075  0.1646  0.8233  0.2655  0.1055  0.4335  0.2905  0.5161  0.5467  0.7151  0.5156  0.2723  0.0155  0.0000  0.0356  0.0000  0.0000  0.0000
 0.9033  0.0000  0.1955  0.4489  0.6027  0.7098  0.7504  0.5745  0.5771  0.5954  0.7576  0.2537  0.5712  0.3010  0.4853  0.5168  0.7313  0.5970  0.6177  0.2810  0.0000  1.0000  0.0000  0.0000  0.0000
 0.4144  0.0000  0.0205  0.2812  0.8153  0.0191  0.2050  0.0465  0.0717  0.4550  0.1778  0.0405  0.6837  0.1051  1.0000  0.2603  0.3358  0.3275  0.1093  0.0066  0.0000  0.0145  0.0000  0.0000  0.0000
 0.7052  0.0000  0.0473  0.5761  1.0000  0.0451  0.3356  0.1078  0.2173  0.8196  0.3051  0.1546  0.4833  0.3309  0.5905  0.4627  0.8056  0.6770  0.2880  0.0154  0.0000  0.0351  0.0000  0.0000  0.0000
 0.1674  0.0000  0.0101  0.0827  0.4048  0.0081  0.1140  0.0168  0.0263  0.1154  0.0401  0.0149  0.7143  0.0783  0.0742  0.0656  1.0000  0.3121  0.1004  0.0032  0.0000  0.0072  0.0000  0.0000  0.0000
 0.8661  0.0000  0.0591  0.8615  1.0000  0.0632  0.4699  0.1319  0.2373  0.9263  0.3827  0.1101  0.7177  0.3069  0.5898  0.5262  0.9147  0.6842  0.2963  0.0212  0.0000  0.0573  0.0000  0.0000  0.0000
 1.0000  0.0000  0.0441  0.4987  0.3501  0.0336  0.6284  0.0755  0.0812  0.3358  0.2353  0.0469  0.4754  0.1534  0.2195  0.1913  0.9136  0.7459  0.1324  0.0144  0.0000  0.0414  0.0000  0.0000  0.0000
 0.5941  0.0000  0.0926  0.0282  0.0742  0.0495  0.0164  0.0205  0.5324  0.0786  0.3114  0.0959  0.0417  0.1730  0.0569  0.0721  0.1091  0.4761  1.0000  0.0092  0.0000  0.0189  0.0000  0.0000  0.0000
 0.3712  0.0000  0.0188  0.2130  0.6009  0.0491  0.1860  0.0978  0.0647  0.4316  0.1044  0.0366  0.3237  0.2660  0.2002  0.1786  1.0000  0.3380  0.0983  0.0065  0.0000  0.0167  0.0000  0.0000  0.0000
 1.0000  0.0000  0.0312  0.1374  0.0927  0.0171  0.1865  0.0318  0.0365  0.1002  0.0466  0.0216  0.4235  0.0859  0.1596  0.0594  0.5780  0.6117  0.0667  0.0089  0.0000  0.0221  0.0000  0.0000  0.0000
 0.8395  0.0000  0.1353  0.4827  0.7626  0.3199  0.3773  0.3378  0.3905  0.7034  0.5529  0.1801  0.4643  0.3109  0.4938  0.4702  1.0000  0.8760  0.7189  0.0879  0.0000  0.4220  0.0000  0.0000  0.0000
 0.5794  0.0000  0.0278  0.0594  0.0441  0.0149  0.0566  0.0170  0.0399  0.0594  0.1709  0.0203  0.5600  0.1245  0.0447  0.0374  0.4846  1.0000  0.0672  0.0086  0.0000  0.0167  0.0000  0.0000  0.0000
 0.2912  0.0000  0.0093  0.0430  0.0177  0.0044  0.1873  0.0093  0.0043  0.0181  0.0090  0.0041  0.4629  0.0248  0.0123  0.0108  1.0000  0.0270  0.0139  0.0019  0.0000  0.0063  0.0000  0.0000  0.0000
 0.2184  0.0000  0.1620  0.7849  0.3152  0.0350  0.5744  0.1642  0.0296  0.2694  0.0563  0.0204  1.0000  0.2184  0.1791  0.1410  0.7038  0.2102  0.0490  0.0171  0.0000  0.0834  0.0000  0.0000  0.0000
 0.3080  0.0000  0.0597  0.2122  0.1135  0.1194  0.1971  0.0733  0.0830  0.1404  0.0968  0.0449  0.3129  0.1587  0.1066  0.0920  0.8908  1.0000  0.1315  0.0247  0.0000  0.0813  0.0000  0.0000  0.0000
 0.0129  0.0000  0.0025  0.0053  0.0033  0.0013  0.0043  0.0015  0.0036  0.0049  0.0034  0.0018  0.0093  0.0062  0.0038  0.0031  0.2120  1.0000  0.0058  0.0008  0.0000  0.0015  0.0000  0.0000  0.0000
//
