WARNING! G50 not allowed! score: 0.02 median: 2.90 # of sequence: 397
WARNING! L232 not allowed! score: 0.04 median: 2.89 # of sequence: 398
WARNING! R245 not allowed! score: 0.05 median: 2.89 # of sequence: 398
ID   UNK_ID; MATRIX
AC   UNK_AC
DE   UNK_DE
MA   UNK_BL
  A   B   C   D   E   F   G   H   I   K   L   M   N   P   Q   R   S   T   V   W   X   Y   Z   *   -
 0.0000  0.0000  0.0000  0.0000  0.0000  0.0000  0.0000  0.0000  0.0000  0.0000  0.0000  1.0000  0.0000  0.0000  0.0000  0.0000  0.0000  0.0000  0.0000  0.0000  0.0000  0.0000  0.0000  0.0000  0.0000
 0.0158  0.0000  0.0003  0.8562  1.0000  0.0015  0.0070  0.0040  0.0019  0.0160  0.0035  0.0014  0.0082  0.0097  0.0206  0.0044  0.0086  0.0071  0.0036  0.0007  0.0000  0.0021  0.0000  0.0000  0.0000
 0.0089  0.0000  0.0009  0.0098  0.0525  0.0010  0.0067  0.0036  0.0024  1.0000  0.0045  0.0016  0.0794  0.0047  0.0449  0.0166  0.0584  0.0557  0.0036  0.0006  0.0000  0.0017  0.0000  0.0000  0.0000
 0.1205  0.0000  0.0161  1.0000  0.1662  0.0142  0.3915  0.0600  0.0235  0.1985  0.0405  0.0143  0.6540  0.1704  0.1016  0.2753  0.2762  0.1455  0.0364  0.0065  0.0000  0.0281  0.0000  0.0000  0.0000
 0.2508  0.0000  0.0272  0.1202  0.0554  0.0135  1.0000  0.0274  0.0136  0.0620  0.0284  0.0126  0.1358  0.0732  0.1648  0.0397  0.4348  0.0807  0.0417  0.2601  0.0000  0.0190  0.0000  0.0000  0.0000
 0.9589  0.0000  0.1784  0.6191  0.9757  0.5936  0.6263  0.5223  0.4501  1.0000  0.7852  0.2597  0.6112  0.3806  0.6850  0.7236  0.8574  0.7461  0.6202  0.1590  0.0000  0.8173  0.0000  0.0000  0.0000
 0.7777  0.0000  0.7281  0.1294  0.1412  0.0306  0.1150  0.0371  0.0730  0.2392  0.3008  0.0382  0.2960  0.2661  0.1097  0.0963  1.0000  0.9152  0.1209  0.0147  0.0000  0.0346  0.0000  0.0000  0.0000
 0.0214  0.0000  0.0020  0.0084  0.0291  0.0039  0.0499  0.0143  0.0462  0.1476  0.0843  0.0059  0.0449  0.0139  0.2931  1.0000  0.1784  0.0209  0.0110  0.0025  0.0000  0.0075  0.0000  0.0000  0.0000
 0.8390  0.0000  0.0119  0.0266  0.0213  0.0053  0.0692  0.2381  0.0068  0.0232  0.0130  0.0060  0.0280  0.0314  0.2091  0.0160  1.0000  0.0443  0.0205  0.0022  0.0000  0.0057  0.0000  0.0000  0.0000
 0.0298  0.0000  0.0026  0.1059  0.0730  0.0022  0.0069  0.0027  0.0106  0.0221  0.0325  1.0000  0.0049  0.0953  0.0129  0.0042  0.0197  0.0122  0.1812  0.0007  0.0000  0.0018  0.0000  0.0000  0.0000
 0.0151  0.0000  0.0001  0.6193  1.0000  0.0004  0.0018  0.0011  0.0005  0.0043  0.0155  0.0004  0.0257  0.0026  0.1875  0.0012  0.1745  0.0019  0.0010  0.0002  0.0000  0.0005  0.0000  0.0000  0.0000
 0.5599  0.0000  0.1624  0.8396  0.6634  0.0181  0.1502  0.0552  0.0680  1.0000  0.1909  0.0592  0.8989  0.0998  0.9460  0.5364  0.5676  0.2086  0.1038  0.0062  0.0000  0.0137  0.0000  0.0000  0.0000
 0.0002  0.0000  0.0001  0.0000  0.0001  0.4727  0.0000  0.0000  0.0005  0.0000  0.0012  0.0002  0.0000  0.0001  0.0000  0.0000  0.0002  0.0001  0.0005  0.0011  0.0000  1.0000  0.0000  0.0000  0.0000
 0.0264  0.0000  0.0010  0.0106  1.0000  0.0011  0.0065  0.0816  0.0300  0.0863  0.0866  0.0071  0.0163  0.0047  0.6936  0.0090  0.0381  0.0883  0.0516  0.0004  0.0000  0.0010  0.0000  0.0000  0.0000
 0.0020  0.0000  0.0730  0.0004  0.0065  0.0004  0.0259  0.0018  0.0008  1.0000  0.0020  0.0007  0.0052  0.0330  0.1204  0.2195  0.0016  0.0021  0.0011  0.0003  0.0000  0.0009  0.0000  0.0000  0.0000
 0.0040  0.0000  0.0009  0.0003  0.0101  0.0023  0.0003  0.0002  0.4675  0.0008  1.0000  0.0331  0.0004  0.0009  0.0424  0.0006  0.0007  0.0269  0.4682  0.0003  0.0000  0.0005  0.0000  0.0000  0.0000
 0.0894  0.0000  0.0001  0.0123  1.0000  0.0002  0.0049  0.0005  0.0002  0.0016  0.0034  0.0001  0.0646  0.0010  0.0019  0.0005  0.0012  0.0008  0.0004  0.0001  0.0000  0.0003  0.0000  0.0000  0.0000
 0.0004  0.0000  0.0000  0.0001  0.0822  0.0001  0.0003  0.0004  0.0002  1.0000  0.0004  0.0001  0.0025  0.0003  0.0316  0.0114  0.0003  0.0127  0.0002  0.0001  0.0000  0.0002  0.0000  0.0000  0.0000
 0.0120  0.0000  0.0001  0.0001  0.0001  0.0004  0.0001  0.0000  1.0000  0.0001  0.1645  0.0004  0.0001  0.0001  0.0001  0.0001  0.0001  0.0004  0.3024  0.0001  0.0000  0.0002  0.0000  0.0000  0.0000
 0.0003  0.0000  0.0001  0.0322  0.0005  0.0001  1.0000  0.0003  0.0000  0.0005  0.0001  0.0000  0.0286  0.0003  0.0003  0.0002  0.0009  0.0003  0.0001  0.0000  0.0000  0.0002  0.0000  0.0000  0.0000
 0.0044  0.0000  0.0000  0.0015  1.0000  0.0001  0.0148  0.0001  0.0001  0.0006  0.0001  0.0001  0.0002  0.0004  0.0134  0.0002  0.0004  0.0003  0.0002  0.0000  0.0000  0.0001  0.0000  0.0000  0.0000
 0.0000  0.0000  0.0000  0.0000  0.0000  0.0000  1.0000  0.0000  0.0000  0.0000  0.0000  0.0000  0.0000  0.0000  0.0000  0.0000  0.0000  0.0000  0.0000  0.0000  0.0000  0.0000  0.0000  0.0000  0.0000
 0.0806  0.0000  0.0002  0.0002  0.0002  0.0002  0.0006  0.0001  0.0006  0.0002  0.0059  0.0021  0.0002  0.0004  0.0002  0.0002  0.0012  1.0000  0.0010  0.0000  0.0000  0.0001  0.0000  0.0000  0.0000
 0.0002  0.0000  0.0002  0.0002  0.0001  0.0019  0.0004  0.0001  0.0002  0.0001  0.0005  0.0001  0.0001  0.0002  0.0001  0.0001  0.0001  0.0049  0.0003  0.0005  0.0000  1.0000  0.0000  0.0000  0.0000
 0.0878  0.0000  0.0002  0.0002  0.0002  0.0001  1.0000  0.0001  0.0001  0.0002  0.0002  0.0001  0.0002  0.0006  0.0002  0.0002  0.0011  0.0004  0.0004  0.0000  0.0000  0.0001  0.0000  0.0000  0.0000
 0.0330  0.0000  0.0067  0.0016  0.0052  0.0042  0.0003  0.0014  0.0900  0.3433  0.0584  0.0077  0.0025  0.0071  0.0461  0.0037  0.0050  0.2235  1.0000  0.0007  0.0000  0.0014  0.0000  0.0000  0.0000
 0.0000  0.0000  0.0000  0.0000  0.0000  0.0000  0.0000  0.0000  0.0000  0.0000  0.0000  0.0000  0.0000  0.0000  0.0000  0.0000  0.0000  0.0000  1.0000  0.0000  0.0000  0.0000  0.0000  0.0000  0.0000
 0.0002  0.0000  0.0001  0.0000  0.0000  0.2399  0.0000  0.0000  0.0004  0.0000  0.0009  0.0002  0.0000  0.0001  0.0000  0.0000  0.0001  0.0001  0.0003  0.0008  0.0000  1.0000  0.0000  0.0000  0.0000
 0.0004  0.0000  0.0000  0.0001  0.0006  0.0001  0.0003  0.0004  0.0002  1.0000  0.0005  0.0308  0.0004  0.0004  0.0011  0.1250  0.0004  0.0005  0.0003  0.0001  0.0000  0.0002  0.0000  0.0000  0.0000
 1.0000  0.0000  0.0004  0.0003  0.0003  0.0001  0.2804  0.0001  0.0002  0.0004  0.0004  0.0002  0.0002  0.0010  0.0003  0.0003  0.0101  0.0007  0.0116  0.0001  0.0000  0.0001  0.0000  0.0000  0.0000
 0.0024  0.0000  0.0110  0.0004  0.0168  0.0005  0.0014  0.0018  0.0218  0.4112  0.0929  0.0119  0.0020  0.0017  0.0942  1.0000  0.0017  0.0070  0.0131  0.0003  0.0000  0.0010  0.0000  0.0000  0.0000
 0.0019  0.0000  0.0004  1.0000  0.2197  0.0004  0.0060  0.1678  0.0002  0.0026  0.0004  0.0002  0.5483  0.0015  0.0019  0.0013  0.0119  0.0018  0.0003  0.0002  0.0000  0.0009  0.0000  0.0000  0.0000
 0.3934  0.0000  0.2243  0.1837  0.2858  0.1961  0.1608  0.1646  0.3669  0.5578  1.0000  0.1314  0.2517  0.1315  0.2071  0.2919  0.3307  0.5461  0.4170  0.0519  0.0000  0.2609  0.0000  0.0000  0.0000
 0.0252  0.0000  0.0003  0.0100  0.0505  0.0003  0.0022  0.0007  0.0011  1.0000  0.0127  0.0143  0.0421  0.0016  0.1143  0.7157  0.0254  0.0752  0.0016  0.0001  0.0000  0.0002  0.0000  0.0000  0.0000
 0.7872  0.0000  0.0532  0.6126  1.0000  0.0557  0.3719  0.1671  0.1972  0.8977  0.3181  0.1039  0.5325  0.2653  0.5989  0.5152  0.7358  0.5829  0.3198  0.0185  0.0000  0.0514  0.0000  0.0000  0.0000
 0.0183  0.0000  0.0018  0.0549  0.0061  0.0027  0.1265  0.0240  0.0023  0.0064  0.0033  0.0070  0.1083  0.0510  0.0117  0.0039  0.0786  1.0000  0.0034  0.0010  0.0000  0.0201  0.0000  0.0000  0.0000
 0.0070  0.0000  0.0004  0.0149  0.0053  0.0004  1.0000  0.0422  0.0002  0.0113  0.0004  0.0386  0.2929  0.0013  0.0376  0.0012  0.0082  0.0017  0.0003  0.0065  0.0000  0.0010  0.0000  0.0000  0.0000
 0.0389  0.0000  0.0009  0.1282  1.0000  0.0008  0.0062  0.0150  0.0030  0.2530  0.0099  0.0211  0.0380  0.0045  0.4917  0.6778  0.0226  0.0354  0.0046  0.0003  0.0000  0.0006  0.0000  0.0000  0.0000
 0.0109  0.0000  0.0013  0.0006  0.0012  0.2306  0.0008  0.0009  1.0000  0.0013  0.3565  0.1221  0.0009  0.0148  0.0010  0.0011  0.0151  0.2804  0.3542  0.0005  0.0000  0.0114  0.0000  0.0000  0.0000
 0.0077  0.0000  0.0150  0.0001  0.0002  0.0295  0.0001  0.0000  0.1392  0.0002  0.0034  0.0003  0.0001  0.0002  0.0001  0.0001  0.0105  0.0008  1.0000  0.0000  0.0000  0.0001  0.0000  0.0000  0.0000
 1.0000  0.0000  0.0002  0.0002  0.0002  0.0001  0.0011  0.0000  0.0001  0.0002  0.0002  0.0001  0.0001  0.0005  0.0001  0.0002  0.0009  0.0032  0.0003  0.0000  0.0000  0.0001  0.0000  0.0000  0.0000
 0.0003  0.0000  0.0001  0.0000  0.0001  0.0007  0.0001  0.0001  0.0013  0.0001  1.0000  0.1383  0.0001  0.0001  0.0001  0.0001  0.0001  0.0001  0.0007  0.0001  0.0000  0.0001  0.0000  0.0000  0.0000
 0.0000  0.0000  0.0000  0.0000  0.0000  0.0000  0.0000  0.0000  0.0000  1.0000  0.0000  0.0000  0.0000  0.0000  0.0000  0.0000  0.0000  0.0000  0.0000  0.0000  0.0000  0.0000  0.0000  0.0000  0.0000
 0.0006  0.0000  0.0001  0.0002  0.1038  0.0001  0.0156  0.0005  0.0003  1.0000  0.0006  0.0002  0.0006  0.0005  0.0014  0.1724  0.0187  0.0043  0.0003  0.0001  0.0000  0.0003  0.0000  0.0000  0.0000
 0.0012  0.0000  0.0109  0.0001  0.0002  0.0072  0.0001  0.0000  1.0000  0.0003  0.0029  0.0006  0.0002  0.0003  0.0001  0.0002  0.0003  0.1958  0.2542  0.0001  0.0000  0.0002  0.0000  0.0000  0.0000
 0.0004  0.0000  0.0000  0.0001  0.0006  0.0001  0.0003  0.0843  0.0002  0.0670  0.0004  0.0001  0.0074  0.0003  0.0010  1.0000  0.0004  0.0005  0.0002  0.0001  0.0000  0.0002  0.0000  0.0000  0.0000
 0.0003  0.0000  0.0001  0.0000  0.0001  0.0009  0.0001  0.0001  0.0017  0.0001  1.0000  0.1164  0.0001  0.0001  0.0002  0.0001  0.0001  0.0002  0.0981  0.0001  0.0000  0.0001  0.0000  0.0000  0.0000
 0.0018  0.0000  0.0000  0.4117  1.0000  0.0002  0.0007  0.0743  0.0002  0.0019  0.0004  0.0002  0.0008  0.0220  0.1266  0.0005  0.0009  0.0008  0.0004  0.0001  0.0000  0.0002  0.0000  0.0000  0.0000
 0.5512  0.0000  0.0071  0.2294  0.3823  0.0066  0.0932  0.0939  0.0249  0.3824  0.0704  0.2864  0.2783  0.0658  0.5549  0.0697  1.0000  0.5554  0.0583  0.0023  0.0000  0.0050  0.0000  0.0000  0.0000
 0.0013  0.0000  0.0000  0.2719  1.0000  0.0001  0.0219  0.0004  0.0002  0.0013  0.0003  0.0001  0.0009  0.0008  0.0073  0.0004  0.0460  0.0006  0.0003  0.0001  0.0000  0.0002  0.0000  0.0000  0.0000
 0.0113  0.0000  0.0128  1.0000  0.5401  0.0004  0.0121  0.0011  0.0016  0.0765  0.0026  0.0061  0.0043  0.0024  0.0339  0.1151  0.0755  0.0681  0.0025  0.0002  0.0000  0.0003  0.0000  0.0000  0.0000
 0.0005  0.0000  0.0000  0.0205  1.0000  0.0000  0.0004  0.0002  0.0001  0.0005  0.0001  0.0000  0.0149  0.0003  0.0006  0.0002  0.0004  0.0002  0.0001  0.0000  0.0000  0.0001  0.0000  0.0000  0.0000
 0.0006  0.0000  0.0002  0.0005  0.0032  0.0002  1.0000  0.0002  0.0002  0.0004  0.0004  0.0001  0.0003  0.0007  0.0002  0.0004  0.0004  0.0003  0.0002  0.0002  0.0000  0.0002  0.0000  0.0000  0.0000
 0.0007  0.0000  0.0002  0.0001  0.0002  0.1275  0.0003  0.0000  0.2361  0.0003  0.0274  0.0910  0.0002  0.0002  0.0001  0.0002  0.0003  0.1249  1.0000  0.0001  0.0000  0.0004  0.0000  0.0000  0.0000
 0.0000  0.0000  0.0000  0.0000  0.0000  0.0000  0.0000  0.0000  0.0000  0.0000  0.0000  0.0000  0.0000  1.0000  0.0000  0.0000  0.0000  0.0000  0.0000  0.0000  0.0000  0.0000  0.0000  0.0000  0.0000
 0.0466  0.0000  0.0163  0.0032  0.0071  0.0058  0.0021  0.0020  0.0808  0.0075  0.1834  0.0106  0.0051  0.1432  0.0058  0.0044  1.0000  0.0458  0.1135  0.0011  0.0000  0.0018  0.0000  0.0000  0.0000
 0.0006  0.0000  0.0001  0.0003  0.0002  0.0001  0.0002  0.0001  0.0002  0.0002  0.0002  0.0001  0.0005  0.0003  0.0002  0.0002  0.1165  1.0000  0.0003  0.0000  0.0000  0.0001  0.0000  0.0000  0.0000
 1.0000  0.0000  0.0003  0.0004  0.0003  0.0001  0.0014  0.0001  0.0002  0.0004  0.0003  0.0002  0.0005  0.0008  0.0003  0.0003  0.0976  0.1873  0.0006  0.0001  0.0000  0.0001  0.0000  0.0000  0.0000
 0.0003  0.0000  0.0001  0.0001  0.0001  0.0008  0.0001  0.0000  1.0000  0.0001  0.3794  0.0081  0.0001  0.0001  0.0001  0.0001  0.0001  0.0003  0.0709  0.0001  0.0000  0.0002  0.0000  0.0000  0.0000
 0.0000  0.0000  0.0000  0.0000  0.0000  0.0000  0.0000  0.0000  0.0000  0.0000  0.0000  0.0000  0.0000  0.0000  0.0000  1.0000  0.0000  0.0000  0.0000  0.0000  0.0000  0.0000  0.0000  0.0000  0.0000
 0.0004  0.0000  0.0002  0.0007  1.0000  0.0002  0.0038  0.0002  0.0002  0.0004  0.0003  0.0001  0.0003  0.0007  0.0003  0.0004  0.0003  0.0003  0.0002  0.0002  0.0000  0.0002  0.0000  0.0000  0.0000
 0.0002  0.0000  0.0001  0.0000  0.0001  0.0003  0.0001  0.0000  1.0000  0.0001  0.0014  0.0106  0.0000  0.0000  0.0000  0.0001  0.0001  0.0002  0.2227  0.0000  0.0000  0.0001  0.0000  0.0000  0.0000
 0.1273  0.0000  0.0407  0.0007  0.0005  0.0002  0.0012  0.0002  0.0004  0.0344  0.0004  0.0002  0.0692  0.0009  0.0005  0.0004  1.0000  0.0101  0.0007  0.0001  0.0000  0.0002  0.0000  0.0000  0.0000
 0.0004  0.0000  0.0001  0.0001  0.0001  0.0110  0.0001  0.0001  0.2026  0.0001  1.0000  0.0011  0.0001  0.0001  0.0002  0.0001  0.0001  0.0003  0.0924  0.0001  0.0000  0.0002  0.0000  0.0000  0.0000
 0.0002  0.0000  0.0001  0.0000  0.0001  0.0006  0.0001  0.0000  0.0012  0.0001  1.0000  0.0861  0.0001  0.0001  0.0001  0.0001  0.0001  0.0001  0.0006  0.0001  0.0000  0.0001  0.0000  0.0000  0.0000
 0.0012  0.0000  0.0001  0.0002  0.0017  0.0003  0.0009  0.0070  0.0005  1.0000  0.0813  0.0004  0.0096  0.0010  0.1148  0.2122  0.0010  0.0013  0.0007  0.0002  0.0000  0.0006  0.0000  0.0000  0.0000
 0.0034  0.0000  0.0003  0.0012  1.0000  0.0007  0.0049  0.0735  0.0014  0.0601  0.0176  0.1882  0.0031  0.0026  0.0183  0.0384  0.0120  0.0035  0.0018  0.0005  0.0000  0.0014  0.0000  0.0000  0.0000
 0.0004  0.0000  0.0001  0.0000  0.0001  0.0010  0.0001  0.0001  0.0101  0.0001  1.0000  0.2562  0.0001  0.0002  0.0002  0.0001  0.0001  0.0002  0.0394  0.0001  0.0000  0.0001  0.0000  0.0000  0.0000
 0.0304  0.0000  0.0017  0.0076  0.3184  0.0032  0.0127  0.3281  0.0070  1.0000  0.0159  0.0053  0.3767  0.0128  0.6400  0.5057  0.6281  0.0184  0.0096  0.0023  0.0000  0.0066  0.0000  0.0000  0.0000
 0.2180  0.0000  0.0364  1.0000  0.3590  0.0109  0.0831  0.1674  0.0408  0.2378  0.0659  0.0231  0.2144  0.0599  0.5777  0.3615  0.5759  0.4929  0.0623  0.0038  0.0000  0.0083  0.0000  0.0000  0.0000
 0.4462  0.0000  0.0344  0.6693  1.0000  0.0823  0.3058  0.0813  0.0366  0.2406  0.0695  0.0296  0.2854  0.1874  0.2699  0.0867  0.3485  0.1893  0.0859  0.0146  0.0000  0.0478  0.0000  0.0000  0.0000
 0.9182  0.0000  0.1739  0.6582  1.0000  0.5835  0.5113  0.6126  0.4792  0.8473  0.7647  0.2509  0.6039  0.4184  0.6225  0.6406  0.8227  0.6936  0.5861  0.1560  0.0000  0.8223  0.0000  0.0000  0.0000
 0.0004  0.0000  0.0001  0.0154  0.0006  0.0056  0.0014  1.0000  0.0000  0.0006  0.0001  0.0000  0.0124  0.0003  0.0004  0.0003  0.0011  0.0004  0.0001  0.0000  0.0000  0.0689  0.0000  0.0000  0.0000
 0.0502  0.0000  0.0058  0.1686  0.2543  0.0014  0.0875  0.0037  0.0046  0.1013  0.0074  0.0026  0.0212  1.0000  0.0149  0.1771  0.0921  0.0145  0.0070  0.0005  0.0000  0.0013  0.0000  0.0000  0.0000
 0.0006  0.0000  0.0001  0.0025  0.0007  0.0085  0.0018  0.0141  0.0001  0.0007  0.0001  0.0001  1.0000  0.0004  0.0005  0.0004  0.0990  0.0032  0.0001  0.0001  0.0000  0.0150  0.0000  0.0000  0.0000
 0.0004  0.0000  0.0115  0.0001  0.0001  0.0003  0.0001  0.0000  1.0000  0.0001  0.0018  0.0003  0.0001  0.0001  0.0000  0.0001  0.0001  0.0004  0.4514  0.0000  0.0000  0.0002  0.0000  0.0000  0.0000
 0.0003  0.0000  0.0001  0.0000  0.0001  0.0002  0.0000  0.0000  0.0130  0.0001  0.0121  0.0002  0.0000  0.0001  0.0000  0.0001  0.0001  0.0002  1.0000  0.0000  0.0000  0.0001  0.0000  0.0000  0.0000
 0.0583  0.0000  0.0775  0.1607  0.0706  0.0028  0.0363  0.0135  0.0082  0.1992  0.0289  0.0124  0.0349  0.0388  0.0727  1.0000  0.2521  0.0351  0.0124  0.0111  0.0000  0.0116  0.0000  0.0000  0.0000
 0.0003  0.0000  0.0001  0.0000  0.0001  0.0007  0.0001  0.0001  0.0012  0.0001  1.0000  0.0008  0.0001  0.0001  0.0001  0.0001  0.0001  0.0002  0.0572  0.0001  0.0000  0.0001  0.0000  0.0000  0.0000
 0.3587  0.0000  0.1355  0.1452  0.2730  0.6560  0.2332  0.5282  0.3051  0.3767  0.9299  0.2543  0.2263  0.1445  0.4204  0.2929  0.2904  0.2767  0.3553  0.1309  0.0000  1.0000  0.0000  0.0000  0.0000
 0.0147  0.0000  0.0482  1.0000  0.1656  0.0002  0.0028  0.0085  0.0003  0.0081  0.0005  0.0002  0.1051  0.0009  0.0133  0.0120  0.0267  0.0014  0.0005  0.0001  0.0000  0.0004  0.0000  0.0000  0.0000
 0.0070  0.0000  0.0080  0.0001  0.0001  0.0002  0.0001  0.0000  0.2259  0.0001  0.0250  0.0003  0.0001  0.0002  0.0001  0.0001  0.0001  0.0006  1.0000  0.0000  0.0000  0.0001  0.0000  0.0000  0.0000
 0.0358  0.0000  0.1964  0.0019  0.2110  0.0077  0.0006  0.0131  0.6056  0.1535  0.5145  0.0273  0.0030  0.0080  0.0106  0.0041  0.0057  0.0252  1.0000  0.0012  0.0000  0.0025  0.0000  0.0000  0.0000
 0.0573  0.0000  0.0119  0.0138  0.0184  0.0472  0.0221  1.0000  0.0266  0.0198  0.0505  0.2158  0.0207  0.0214  0.1481  0.0256  0.0354  0.1721  0.1226  0.0124  0.0000  0.1321  0.0000  0.0000  0.0000
 0.3956  0.0000  0.0963  0.0583  0.0769  0.0472  0.4200  0.0411  0.0984  0.0713  0.0750  0.0612  0.0897  0.0573  0.0550  0.0522  1.0000  0.8991  0.3721  0.0152  0.0000  0.0638  0.0000  0.0000  0.0000
 0.1089  0.0000  0.0042  1.0000  0.4480  0.0039  0.0427  0.0095  0.0682  0.3034  0.0657  0.0083  0.0387  0.0447  0.3353  0.0410  0.6476  0.0666  0.0681  0.0013  0.0000  0.0030  0.0000  0.0000  0.0000
 0.4728  0.0000  0.0235  0.2744  0.6168  0.0222  0.4994  0.0867  0.0825  0.7507  0.1336  0.0468  0.7460  0.1213  0.4548  1.0000  0.9280  0.2524  0.1399  0.0078  0.0000  0.0174  0.0000  0.0000  0.0000
 0.2626  0.0000  0.0677  0.1958  0.1121  0.0306  0.1598  0.0527  0.0691  0.2405  0.1274  0.0367  0.3588  0.1299  0.1040  0.0970  0.7633  1.0000  0.1107  0.0173  0.0000  0.0418  0.0000  0.0000  0.0000
 0.0310  0.0000  0.0045  1.0000  0.5891  0.0045  0.5890  0.0356  0.0043  0.0600  0.0081  0.0030  0.2608  0.0416  0.0519  0.0187  0.0903  0.0259  0.0071  0.0022  0.0000  0.0103  0.0000  0.0000  0.0000
 0.2586  0.0000  0.0438  0.3363  0.7820  0.0171  0.6751  0.2300  0.0639  0.6844  0.1032  0.0362  0.2648  0.0941  1.0000  0.5912  0.3363  0.2129  0.0975  0.0059  0.0000  0.0132  0.0000  0.0000  0.0000
 0.0052  0.0000  0.0001  0.2510  1.0000  0.0005  0.0194  0.0013  0.0089  0.2450  0.0012  0.0005  0.0077  0.1136  0.0626  0.0015  0.0027  0.0023  0.0012  0.0002  0.0000  0.0006  0.0000  0.0000  0.0000
 0.5565  0.0000  0.2019  0.1779  0.2390  0.5934  0.4391  0.8771  0.3428  1.0000  0.5702  0.2139  0.9490  0.2529  0.2497  0.3293  0.8877  0.9195  0.4595  0.1521  0.0000  0.8427  0.0000  0.0000  0.0000
 0.0200  0.0000  0.0501  0.0341  0.0260  0.0023  0.0187  0.0040  0.0326  1.0000  0.0374  0.0291  0.0337  0.0074  0.0443  0.5493  0.1775  0.0152  0.1292  0.0007  0.0000  0.0025  0.0000  0.0000  0.0000
 0.0003  0.0000  0.0001  0.0000  0.0001  0.0007  0.0001  0.0001  0.1562  0.0001  1.0000  0.0009  0.0001  0.0001  0.0001  0.0001  0.0001  0.0002  0.0224  0.0001  0.0000  0.0001  0.0000  0.0000  0.0000
 0.0061  0.0000  0.0021  0.0024  0.0033  0.1154  0.0096  0.0065  0.0240  0.0035  0.0079  0.1131  0.0166  0.0024  0.0035  0.0041  0.0048  0.2630  0.0121  0.0046  0.0000  1.0000  0.0000  0.0000  0.0000
 0.0002  0.0000  0.0001  0.0000  0.0001  0.0006  0.0000  0.0000  0.0011  0.0001  1.0000  0.0598  0.0001  0.0001  0.0001  0.0001  0.0001  0.0001  0.0006  0.0001  0.0000  0.0001  0.0000  0.0000  0.0000
 0.0003  0.0000  0.0001  0.0000  0.0001  0.0002  0.0001  0.0000  0.1422  0.0001  0.0011  0.0002  0.0001  0.0001  0.0000  0.0001  0.0044  0.0003  1.0000  0.0000  0.0000  0.0001  0.0000  0.0000  0.0000
 0.0002  0.0000  0.0022  0.0000  0.0001  1.0000  0.0000  0.0000  0.0008  0.0000  0.0048  0.0616  0.0000  0.0001  0.0001  0.0000  0.0001  0.0001  0.0005  0.0005  0.0000  0.0018  0.0000  0.0000  0.0000
 0.0005  0.0000  0.0000  0.0228  1.0000  0.0001  0.0003  0.0001  0.0001  0.0005  0.0001  0.0000  0.0002  0.0003  0.0006  0.0001  0.0002  0.0002  0.0001  0.0000  0.0000  0.0001  0.0000  0.0000  0.0000
 0.0011  0.0000  0.0004  0.0003  0.0004  0.9712  0.0005  0.2391  0.0034  0.0005  0.0186  0.0022  0.0004  0.0005  0.0006  0.0005  0.0006  0.0007  0.0022  0.0009  0.0000  1.0000  0.0000  0.0000  0.0000
 0.0007  0.0000  0.0522  0.0001  0.0002  0.0209  0.0001  0.0001  0.0177  0.0003  1.0000  0.3998  0.0002  0.0003  0.0004  0.0002  0.0002  0.0004  0.1630  0.0002  0.0000  0.0002  0.0000  0.0000  0.0000
 0.0010  0.0000  0.0002  1.0000  0.1099  0.0002  0.0029  0.0274  0.0001  0.0013  0.0002  0.0001  0.0477  0.0008  0.0067  0.0006  0.1470  0.0496  0.0002  0.0001  0.0000  0.0165  0.0000  0.0000  0.0000
 0.5094  0.0000  0.1843  0.2293  0.3044  0.6491  0.3484  0.6661  0.3716  0.4216  1.0000  0.4281  0.3085  0.2022  0.6867  0.3912  0.4327  0.5741  0.4946  0.1708  0.0000  0.9319  0.0000  0.0000  0.0000
 0.0000  0.0000  0.0000  1.0000  0.0000  0.0000  0.0000  0.0000  0.0000  0.0000  0.0000  0.0000  0.0000  0.0000  0.0000  0.0000  0.0000  0.0000  0.0000  0.0000  0.0000  0.0000  0.0000  0.0000  0.0000
 0.0002  0.0000  0.0001  0.0000  0.0001  0.0112  0.0000  0.0000  0.0011  0.0001  1.0000  0.0117  0.0001  0.0001  0.0001  0.0001  0.0001  0.0001  0.0095  0.0001  0.0000  0.0001  0.0000  0.0000  0.0000
 0.0005  0.0000  0.0000  0.0001  0.0006  0.0001  0.0004  0.0004  0.0002  1.0000  0.0005  0.0002  0.0005  0.0004  0.0011  0.0071  0.0004  0.0921  0.0003  0.0001  0.0000  0.0002  0.0000  0.0000  0.0000
 0.0219  0.0000  0.0002  0.0004  0.0112  0.0003  0.0929  0.0101  0.0007  1.0000  0.0017  0.0005  0.0063  0.0013  0.0143  0.1051  0.0014  0.0958  0.0009  0.0003  0.0000  0.0007  0.0000  0.0000  0.0000
 0.0035  0.0000  0.0103  0.0014  0.0019  0.3184  0.0023  0.2075  0.0085  0.0020  0.1732  0.0015  0.0021  0.0014  0.0271  0.0024  0.0028  0.0091  0.0774  0.0208  0.0000  1.0000  0.0000  0.0000  0.0000
 0.0494  0.0000  0.0002  0.0001  0.0002  0.0606  0.0002  0.0002  0.2288  0.0003  0.4718  1.0000  0.0002  0.0004  0.0005  0.0003  0.0003  0.0005  0.0163  0.0067  0.0000  0.0160  0.0000  0.0000  0.0000
 0.0017  0.0000  0.0000  1.0000  0.4189  0.0002  0.0010  0.0005  0.0055  0.0018  0.0004  0.0002  0.0081  0.0011  0.0023  0.1018  0.0011  0.0008  0.0004  0.0001  0.0000  0.0003  0.0000  0.0000  0.0000
 0.2477  0.0000  0.0082  0.0835  0.0795  0.0023  0.0457  0.0377  0.0244  0.2964  0.0424  0.0050  0.0560  0.0129  0.0431  0.1826  1.0000  0.3250  0.1081  0.0008  0.0000  0.0018  0.0000  0.0000  0.0000
 0.6358  0.0000  0.5352  0.2126  0.2649  0.8378  0.3662  0.7196  0.7505  0.3169  0.9831  0.4301  0.3363  0.1979  0.3221  0.4926  0.6294  0.4451  0.7909  0.1791  0.0000  1.0000  0.0000  0.0000  0.0000
 0.1133  0.0000  0.0029  0.0331  0.0801  0.0029  0.2457  0.0069  0.0101  0.1917  0.0401  0.0058  0.1172  1.0000  0.0392  0.2486  0.0938  0.0508  0.0154  0.0010  0.0000  0.0161  0.0000  0.0000  0.0000
 0.4414  0.0000  0.0148  0.9412  1.0000  0.0138  0.3446  0.1702  0.0866  0.5311  0.1598  0.0293  0.4552  0.2148  0.8136  0.3699  0.5085  0.2118  0.1496  0.0048  0.0000  0.0105  0.0000  0.0000  0.0000
 0.8190  0.0000  0.0850  0.6265  1.0000  0.2749  0.6870  0.2482  0.2593  0.9737  0.4636  0.1887  0.5579  0.4278  0.6419  0.6442  0.8057  0.7015  0.3741  0.0527  0.0000  0.2344  0.0000  0.0000  0.0000
 0.2018  0.0000  0.0210  0.1528  0.1546  0.2007  1.0000  0.0915  0.0573  0.2735  0.0947  0.0615  0.0791  0.2606  0.1942  0.0765  0.2096  0.1123  0.0973  0.0187  0.0000  0.1644  0.0000  0.0000  0.0000
 0.0211  0.0000  0.0065  0.0092  0.0231  0.0829  0.0130  0.0197  0.3325  0.2032  1.0000  0.2801  0.0568  0.0084  0.0213  0.0326  0.1329  0.0239  0.1731  0.0066  0.0000  0.0355  0.0000  0.0000  0.0000
 0.1649  0.0000  0.0237  1.0000  0.4651  0.0089  0.4144  0.0218  0.0335  0.2271  0.0662  0.0189  0.1965  0.7807  0.2946  0.0940  0.2943  0.1105  0.0511  0.0031  0.0000  0.0068  0.0000  0.0000  0.0000
 0.3517  0.0000  0.0136  0.2569  0.3604  0.0146  0.1054  0.0993  0.0986  0.3144  0.2819  0.0541  0.1295  1.0000  0.2041  0.2213  0.4943  0.4044  0.2174  0.0048  0.0000  0.0851  0.0000  0.0000  0.0000
 0.7997  0.0000  0.0404  0.5360  1.0000  0.0430  0.2873  0.1228  0.1233  0.7755  0.2051  0.2200  0.3780  0.3800  0.4897  0.5424  0.6250  0.4588  0.2717  0.0113  0.0000  0.0249  0.0000  0.0000  0.0000
 0.0627  0.0000  0.0161  0.0485  0.0314  0.0604  0.0310  0.0693  0.3462  0.0325  1.0000  0.3324  0.0572  0.0203  0.3119  0.0822  0.0484  0.7115  0.2869  0.0159  0.0000  0.0854  0.0000  0.0000  0.0000
 0.0685  0.0000  0.0004  0.0001  0.0003  0.0005  0.0001  0.0001  0.7803  0.0003  0.0444  0.0064  0.0002  0.0003  0.0002  0.0002  0.0003  0.0229  1.0000  0.0001  0.0000  0.0002  0.0000  0.0000  0.0000
 0.0004  0.0000  0.0000  0.0001  0.0005  0.0001  0.0003  0.0003  0.0002  1.0000  0.0004  0.0048  0.0004  0.0003  0.0700  0.0292  0.0003  0.0004  0.0064  0.0001  0.0000  0.0002  0.0000  0.0000  0.0000
 0.0600  0.0000  0.1615  0.1925  0.0745  0.0058  0.0609  0.0181  0.0539  0.3001  0.0241  0.0947  0.0623  0.0208  0.0441  0.1023  1.0000  0.0954  0.0297  0.0018  0.0000  0.0059  0.0000  0.0000  0.0000
 0.0008  0.0000  0.0003  0.0001  0.0002  1.0000  0.0001  0.0001  0.0023  0.0001  0.2903  0.1367  0.0001  0.0003  0.0001  0.0001  0.0004  0.0183  0.0017  0.0027  0.0000  0.6860  0.0000  0.0000  0.0000
 0.0209  0.0000  0.0157  0.0002  0.0007  0.0008  0.0000  0.0002  0.0373  0.0007  0.9213  1.0000  0.0004  0.0010  0.0006  0.0004  0.0189  0.0772  0.0509  0.0001  0.0000  0.0002  0.0000  0.0000  0.0000
 0.0887  0.0000  0.0168  0.0061  0.0081  0.2784  0.0097  0.1535  0.0404  0.0674  0.1852  0.0402  0.0521  0.0060  0.0408  0.0487  0.0593  0.0115  0.0196  0.0294  0.0000  1.0000  0.0000  0.0000  0.0000
 0.0000  0.0000  0.0000  0.0000  0.0000  0.0000  0.0000  0.0000  0.0000  0.0000  0.0000  0.0000  0.0000  0.0000  1.0000  0.0000  0.0000  0.0000  0.0000  0.0000  0.0000  0.0000  0.0000  0.0000  0.0000
 0.0005  0.0000  0.0001  0.0001  0.0001  0.0013  0.0001  0.0001  0.3409  0.0002  1.0000  0.0648  0.0001  0.0002  0.0002  0.0002  0.0001  0.0003  0.0074  0.0001  0.0000  0.0002  0.0000  0.0000  0.0000
 0.0037  0.0000  0.2684  0.0003  0.0008  0.0371  0.0004  0.0004  0.1126  0.0009  1.0000  0.0094  0.0242  0.0011  0.0010  0.0008  0.0008  0.0508  0.1242  0.0006  0.0000  0.0008  0.0000  0.0000  0.0000
 0.1740  0.0000  0.1416  0.1291  0.5507  0.0037  0.0285  0.0379  0.0140  1.0000  0.1045  0.1162  0.1488  0.0206  0.4711  0.8030  0.1919  0.0835  0.0214  0.0013  0.0000  0.0028  0.0000  0.0000  0.0000
 0.0730  0.0000  0.0002  0.0002  0.0002  0.0001  1.0000  0.0000  0.0001  0.0002  0.0002  0.0001  0.0001  0.0006  0.0002  0.0002  0.0012  0.0004  0.0051  0.0000  0.0000  0.0001  0.0000  0.0000  0.0000
 0.0096  0.0000  0.0271  0.0002  0.0005  0.0008  0.0002  0.0001  1.0000  0.0005  0.5075  0.0391  0.0003  0.0006  0.0003  0.0003  0.0005  0.0223  0.5910  0.0001  0.0000  0.0003  0.0000  0.0000  0.0000
 1.0000  0.0000  0.0553  0.2325  0.1564  0.1456  0.1277  0.1640  0.1030  0.2809  0.3133  0.0646  0.1545  0.0685  0.1372  0.2144  0.1916  0.1459  0.1750  0.0387  0.0000  0.2587  0.0000  0.0000  0.0000
 0.0035  0.0000  0.0011  0.0014  0.0016  1.0000  0.0023  0.2274  0.0024  0.0018  0.0044  0.0014  0.0021  0.0013  0.0017  0.0021  0.0078  0.0024  0.0161  0.0011  0.0000  0.9341  0.0000  0.0000  0.0000
 0.0013  0.0000  1.0000  0.0001  0.0002  0.0011  0.0002  0.0001  0.0079  0.0003  0.1638  0.0015  0.0002  0.0004  0.0003  0.0002  0.0176  0.0008  0.0085  0.0001  0.0000  0.0002  0.0000  0.0000  0.0000
 0.0000  0.0000  0.0000  0.0000  0.0000  0.0000  0.0000  1.0000  0.0000  0.0000  0.0000  0.0000  0.0000  0.0000  0.0000  0.0000  0.0000  0.0000  0.0000  0.0000  0.0000  0.0000  0.0000  0.0000  0.0000
 0.1399  0.0000  0.0650  0.2106  0.1614  0.0020  0.1876  0.0232  0.0074  0.0846  0.0119  0.0188  0.0731  0.0109  0.1651  0.0937  1.0000  0.0581  0.0113  0.0007  0.0000  0.0015  0.0000  0.0000  0.0000
 0.0084  0.0000  0.0002  0.0010  0.0031  0.0005  0.0019  1.0000  0.0009  0.0191  0.0022  0.0007  0.3728  0.0018  0.0263  0.3972  0.0020  0.0024  0.0012  0.0003  0.0000  0.0010  0.0000  0.0000  0.0000
 0.0090  0.0000  0.0011  0.0083  0.0127  0.0019  0.2070  0.0134  0.0034  0.0716  0.0081  0.0027  0.0883  0.0071  0.0275  1.0000  0.0180  0.0097  0.0046  0.0728  0.0000  0.0042  0.0000  0.0000  0.0000
 0.0003  0.0000  0.0001  0.0001  0.0001  0.0028  0.0001  0.0000  0.3250  0.0001  0.0016  0.0003  0.0001  0.0001  0.0000  0.0001  0.0001  0.0158  1.0000  0.0000  0.0000  0.0001  0.0000  0.0000  0.0000
 0.0003  0.0000  0.0001  0.0000  0.0001  0.0009  0.0001  0.0001  0.0661  0.0001  1.0000  0.0727  0.0001  0.0001  0.0002  0.0001  0.0001  0.0002  0.0850  0.0001  0.0000  0.0001  0.0000  0.0000  0.0000
 0.0000  0.0000  0.0000  0.0000  0.0000  0.0000  0.0000  1.0000  0.0000  0.0000  0.0000  0.0000  0.0000  0.0000  0.0000  0.0000  0.0000  0.0000  0.0000  0.0000  0.0000  0.0000  0.0000  0.0000  0.0000
 0.0000  0.0000  0.0000  0.0000  0.0000  0.0000  0.0000  0.0000  0.0000  0.0000  0.0000  0.0000  0.0000  0.0000  0.0000  1.0000  0.0000  0.0000  0.0000  0.0000  0.0000  0.0000  0.0000  0.0000  0.0000
 0.0000  0.0000  0.0000  1.0000  0.0000  0.0000  0.0000  0.0000  0.0000  0.0000  0.0000  0.0000  0.0000  0.0000  0.0000  0.0000  0.0000  0.0000  0.0000  0.0000  0.0000  0.0000  0.0000  0.0000  0.0000
 0.0002  0.0000  0.0001  0.0000  0.0001  0.0006  0.0000  0.0000  0.0285  0.0001  1.0000  0.0061  0.0001  0.0001  0.0001  0.0001  0.0001  0.0001  0.0006  0.0001  0.0000  0.0001  0.0000  0.0000  0.0000
 0.0000  0.0000  0.0000  0.0000  0.0000  0.0000  0.0000  0.0000  0.0000  1.0000  0.0000  0.0000  0.0000  0.0000  0.0000  0.0000  0.0000  0.0000  0.0000  0.0000  0.0000  0.0000  0.0000  0.0000  0.0000
 0.0029  0.0000  0.0003  0.0004  0.0003  0.0001  0.0308  0.0001  0.0002  0.0004  0.0004  0.0001  0.0003  1.0000  0.0003  0.0003  0.0016  0.0590  0.0005  0.0001  0.0000  0.0001  0.0000  0.0000  0.0000
 0.0013  0.0000  0.0001  0.0031  0.0216  0.0001  0.0010  0.0783  0.0002  0.0015  0.0003  0.0001  0.0013  0.0117  1.0000  0.0007  0.0975  0.0007  0.0003  0.0001  0.0000  0.0002  0.0000  0.0000  0.0000
 0.0000  0.0000  0.0000  0.0000  0.0000  0.0000  0.0000  0.0000  0.0000  0.0000  0.0000  0.0000  1.0000  0.0000  0.0000  0.0000  0.0000  0.0000  0.0000  0.0000  0.0000  0.0000  0.0000  0.0000  0.0000
 0.0003  0.0000  0.0001  0.0000  0.0001  0.0007  0.0001  0.0001  0.1170  0.0001  1.0000  0.0098  0.0001  0.0001  0.0001  0.0001  0.0001  0.0002  0.0008  0.0001  0.0000  0.0001  0.0000  0.0000  0.0000
 0.0000  0.0000  0.0000  0.0000  0.0000  0.0000  0.0000  0.0000  0.0000  0.0000  1.0000  0.0000  0.0000  0.0000  0.0000  0.0000  0.0000  0.0000  0.0000  0.0000  0.0000  0.0000  0.0000  0.0000  0.0000
 0.0003  0.0000  0.0001  0.0001  0.0001  0.0005  0.0001  0.0000  1.0000  0.0001  0.1213  0.0844  0.0001  0.0001  0.0001  0.0001  0.0001  0.0003  0.2516  0.0001  0.0000  0.0002  0.0000  0.0000  0.0000
 0.0017  0.0000  0.0004  1.0000  0.0022  0.0003  0.0051  0.0016  0.0002  0.0021  0.0004  0.0002  0.6517  0.0013  0.0087  0.0080  0.0416  0.1322  0.0004  0.0002  0.0000  0.0008  0.0000  0.0000  0.0000
 0.1495  0.0000  0.0029  0.1432  0.1198  0.0027  0.0496  0.0065  0.0100  0.7965  0.0161  0.0168  0.4750  0.0288  0.0672  1.0000  0.4698  0.1298  0.0153  0.0009  0.0000  0.0020  0.0000  0.0000  0.0000
 0.0666  0.0000  0.0033  0.3283  0.6133  0.0031  0.0486  0.0316  0.0115  1.0000  0.1033  0.0178  0.3387  0.0168  0.1904  0.5528  0.3007  0.2078  0.0175  0.0011  0.0000  0.0192  0.0000  0.0000  0.0000
 0.0023  0.0000  0.0032  0.0115  0.0022  0.0004  1.0000  0.0015  0.0004  0.0022  0.0005  0.0833  0.0881  0.0015  0.0210  0.0058  0.0175  0.0939  0.0006  0.0002  0.0000  0.0008  0.0000  0.0000  0.0000
 0.7476  0.0000  0.0619  0.5664  1.0000  0.0576  0.3402  0.1184  0.2376  0.8255  0.3127  0.1239  0.6643  0.2448  0.6411  0.4758  0.6792  0.5625  0.3559  0.0183  0.0000  0.0506  0.0000  0.0000  0.0000
 0.0010  0.0000  0.0053  0.0001  0.0002  0.0010  0.0001  0.0001  0.4381  0.0002  1.0000  0.0040  0.0001  0.0003  0.0002  0.0002  0.0002  0.0233  0.0372  0.0001  0.0000  0.0002  0.0000  0.0000  0.0000
 0.0003  0.0000  0.0000  0.0002  0.0004  0.0001  0.0005  0.0002  0.0001  1.0000  0.0003  0.0001  0.0003  0.0004  0.0221  0.0013  0.0003  0.0003  0.0002  0.0001  0.0000  0.0001  0.0000  0.0000  0.0000
 0.0004  0.0000  0.0001  0.0001  0.0001  0.0009  0.0001  0.0001  0.3568  0.0002  1.0000  0.0010  0.0001  0.0001  0.0001  0.0001  0.0001  0.0003  0.0691  0.0001  0.0000  0.0002  0.0000  0.0000  0.0000
 1.0000  0.0000  0.0625  0.0003  0.0003  0.0001  0.1013  0.0001  0.0001  0.0003  0.0003  0.0002  0.0002  0.0009  0.0002  0.0002  0.0018  0.0006  0.0006  0.0000  0.0000  0.0001  0.0000  0.0000  0.0000
 0.0000  0.0000  0.0000  1.0000  0.0000  0.0000  0.0000  0.0000  0.0000  0.0000  0.0000  0.0000  0.0000  0.0000  0.0000  0.0000  0.0000  0.0000  0.0000  0.0000  0.0000  0.0000  0.0000  0.0000  0.0000
 0.0003  0.0000  0.0001  0.0001  0.0001  1.0000  0.0001  0.0000  0.0009  0.0001  0.1689  0.0005  0.0000  0.0001  0.0001  0.0001  0.0001  0.0002  0.0006  0.0007  0.0000  0.0025  0.0000  0.0000  0.0000
 0.0000  0.0000  0.0000  0.0000  0.0000  0.0000  1.0000  0.0000  0.0000  0.0000  0.0000  0.0000  0.0000  0.0000  0.0000  0.0000  0.0000  0.0000  0.0000  0.0000  0.0000  0.0000  0.0000  0.0000  0.0000
 0.0000  0.0000  0.0000  0.0000  0.0000  0.0000  0.0000  0.0000  0.0000  0.0000  1.0000  0.0000  0.0000  0.0000  0.0000  0.0000  0.0000  0.0000  0.0000  0.0000  0.0000  0.0000  0.0000  0.0000  0.0000
 1.0000  0.0000  0.0003  0.0002  0.0003  0.0001  0.1589  0.0001  0.0001  0.0003  0.0003  0.0001  0.0002  0.0008  0.0002  0.0002  0.0546  0.0005  0.0005  0.0000  0.0000  0.0001  0.0000  0.0000  0.0000
 0.0003  0.0000  0.0000  0.0001  0.0004  0.0001  0.0004  0.0002  0.0001  0.0290  0.0003  0.0001  0.0003  0.0003  0.0006  1.0000  0.0002  0.0003  0.0002  0.0001  0.0000  0.0001  0.0000  0.0000  0.0000
 1.0000  0.0000  0.0005  0.0096  0.0131  0.0006  0.0018  0.0102  0.0832  0.0033  0.0015  0.0186  0.0024  0.0362  0.0719  0.0018  0.0595  0.0220  0.0018  0.0002  0.0000  0.0007  0.0000  0.0000  0.0000
 0.0002  0.0000  0.0001  0.0000  0.0000  1.0000  0.0000  0.0000  0.0425  0.0000  0.0010  0.0002  0.0000  0.0001  0.0000  0.0000  0.0001  0.0001  0.0064  0.0009  0.0000  0.1686  0.0000  0.0000  0.0000
 0.0171  0.0000  0.0006  0.0016  0.0008  0.0003  1.0000  0.0004  0.0005  0.0010  0.0006  0.0003  0.0089  0.0014  0.0127  0.0006  0.1669  0.2179  0.0011  0.0001  0.0000  0.0003  0.0000  0.0000  0.0000
 0.0012  0.0000  0.0305  0.0004  0.0004  0.1253  0.0049  0.0000  1.0000  0.0006  0.1892  0.0020  0.0578  0.0002  0.0002  0.0005  0.1163  0.0016  0.7081  0.0003  0.0000  0.0010  0.0000  0.0000  0.0000
 0.0009  0.0000  0.0000  0.0024  0.0341  0.0001  0.0005  0.0157  0.0001  0.0011  0.0002  0.0001  0.0005  1.0000  0.0645  0.0004  0.0005  0.0004  0.0002  0.0000  0.0000  0.0001  0.0000  0.0000  0.0000
 0.0049  0.0000  0.0011  0.0003  0.0009  0.0026  0.0003  0.0003  0.1585  0.0010  0.6549  0.2413  0.0134  0.0012  0.0580  0.0134  0.0009  0.0595  1.0000  0.0003  0.0000  0.0006  0.0000  0.0000  0.0000
 0.3501  0.0000  0.0244  0.0427  0.0712  0.0168  0.0752  0.0396  0.0395  0.6575  0.0597  0.0250  0.0955  0.1614  0.1061  0.6356  0.4251  1.0000  0.0640  0.0111  0.0000  0.0255  0.0000  0.0000  0.0000
 0.0006  0.0000  0.0002  0.0001  0.0002  0.2715  0.0001  0.0087  0.0028  0.0002  0.1606  0.0019  0.0002  0.0003  0.0003  0.0002  0.0002  0.0004  0.0016  0.0002  0.0000  1.0000  0.0000  0.0000  0.0000
 0.0006  0.0000  0.0001  0.0003  0.0002  0.0001  0.0002  0.0001  0.0002  0.0003  0.0002  0.0001  0.0005  0.0003  0.0002  0.0002  0.1331  1.0000  0.0003  0.0000  0.0000  0.0001  0.0000  0.0000  0.0000
 0.0437  0.0000  0.0004  0.0038  0.0013  0.0002  0.0029  1.0000  0.0003  0.0014  0.0004  0.0002  0.1425  0.0193  0.0337  0.0008  0.0794  0.0071  0.0006  0.0001  0.0000  0.0005  0.0000  0.0000  0.0000
 0.0034  0.0000  0.0003  0.0049  1.0000  0.0008  0.0013  0.0012  0.0019  0.0075  0.0665  0.0010  0.0015  0.0019  0.0068  0.0364  0.0017  0.0021  0.0857  0.0003  0.0000  0.0006  0.0000  0.0000  0.0000
 0.0036  0.0000  0.0001  0.0001  0.0001  0.0002  0.0001  0.0000  0.2669  0.0001  0.0013  0.0003  0.0001  0.0001  0.0001  0.0001  0.0001  0.0004  1.0000  0.0000  0.0000  0.0001  0.0000  0.0000  0.0000
 0.0002  0.0000  0.0001  0.0000  0.0000  0.0003  0.0001  0.0000  0.0662  0.0001  0.0668  0.0003  0.0000  0.0000  0.0000  0.0001  0.0001  0.0002  1.0000  0.0000  0.0000  0.0001  0.0000  0.0000  0.0000
 0.0006  0.0000  0.0001  0.0002  0.0002  0.0001  0.0003  0.0001  0.0002  0.0024  0.0040  0.0001  0.0003  0.0003  0.0002  0.0002  0.0014  1.0000  0.0003  0.0000  0.0000  0.0001  0.0000  0.0000  0.0000
 0.0000  0.0000  0.0000  0.0000  0.0000  0.0000  0.0000  0.0000  0.0000  0.0000  1.0000  0.0000  0.0000  0.0000  0.0000  0.0000  0.0000  0.0000  0.0000  0.0000  0.0000  0.0000  0.0000  0.0000  0.0000
 0.0000  0.0000  0.0000  0.0000  0.0000  0.0000  0.0000  0.0000  0.0000  0.0000  0.0000  0.0000  0.0000  0.0000  0.0000  0.0000  0.0000  0.0000  0.0000  1.0000  0.0000  0.0000  0.0000  0.0000  0.0000
 0.0000  0.0000  0.0000  0.0000  0.0000  0.0000  0.0000  0.0000  0.0000  0.0000  0.0000  0.0000  0.0000  0.0000  0.0000  0.0000  0.0000  0.0000  0.0000  0.0000  0.0000  1.0000  0.0000  0.0000  0.0000
 0.0004  0.0000  0.0002  0.0004  0.0003  0.0002  0.0010  0.0002  0.0002  0.0007  0.0004  0.0001  0.0003  0.0006  0.0003  1.0000  0.0003  0.0033  0.0002  0.0002  0.0000  0.0002  0.0000  0.0000  0.0000
 1.0000  0.0000  0.0005  0.0003  0.0004  0.0002  0.0026  0.0001  0.0002  0.0004  0.0004  0.0002  0.0003  0.0987  0.0003  0.0003  0.0747  0.0008  0.0008  0.0001  0.0000  0.0001  0.0000  0.0000  0.0000
 0.0065  0.0000  0.0002  0.0002  0.0002  0.0001  0.0011  0.0000  0.0001  0.0002  0.0002  0.0001  0.0001  1.0000  0.0001  0.0001  0.0036  0.0003  0.0003  0.0000  0.0000  0.0001  0.0000  0.0000  0.0000
 0.0008  0.0000  0.0000  0.2268  1.0000  0.0001  0.0033  0.0002  0.0001  0.0008  0.0002  0.0001  0.0005  0.0005  0.0010  0.0002  0.0005  0.0004  0.0002  0.0000  0.0000  0.0001  0.0000  0.0000  0.0000
 0.0003  0.0000  0.0001  0.0001  0.0001  0.0005  0.0002  0.0000  0.6147  0.0001  0.1425  0.0005  0.0001  0.0001  0.0000  0.0001  0.0001  0.0004  1.0000  0.0001  0.0000  0.0002  0.0000  0.0000  0.0000
 0.0000  0.0000  0.0000  0.0000  0.0000  0.0000  0.0000  0.0000  0.0000  0.0000  1.0000  0.0000  0.0000  0.0000  0.0000  0.0000  0.0000  0.0000  0.0000  0.0000  0.0000  0.0000  0.0000  0.0000  0.0000
 0.0003  0.0000  0.0001  0.0000  0.0001  0.0363  0.0001  0.0001  0.0041  0.0001  1.0000  0.0822  0.0001  0.0001  0.0001  0.0001  0.0001  0.0002  0.0007  0.0001  0.0000  0.0001  0.0000  0.0000  0.0000
 0.0011  0.0000  0.0003  0.0008  0.0005  0.0003  1.0000  0.0003  0.0003  0.0006  0.0006  0.0001  0.0005  0.0012  0.0768  0.0006  0.0007  0.0005  0.0004  0.0003  0.0000  0.0003  0.0000  0.0000  0.0000
 0.4647  0.0000  0.0681  0.0023  0.0025  0.0010  0.2298  0.0005  0.0014  0.0028  0.0027  0.0013  0.0023  0.0068  0.0240  0.0438  1.0000  0.0410  0.0046  0.0004  0.0000  0.0008  0.0000  0.0000  0.0000
 0.0369  0.0000  0.0029  0.0096  0.0617  0.0057  0.0623  0.4559  0.0124  1.0000  0.0282  0.0094  0.0291  0.0223  0.3839  0.5092  0.2170  0.8034  0.0167  0.0042  0.0000  0.0119  0.0000  0.0000  0.0000
 0.0000  0.0000  0.0000  0.0000  0.0000  0.0000  0.0000  0.0000  0.0000  0.0000  0.0000  0.0000  0.0000  0.0000  0.0000  0.0000  0.0000  0.0000  0.0000  0.0000  0.0000  1.0000  0.0000  0.0000  0.0000
 0.1290  0.0000  0.0004  0.0010  0.0006  0.0028  0.0365  0.0003  0.0004  0.0007  0.0063  0.0003  0.0990  0.0011  0.0005  0.0005  1.0000  0.0279  0.0009  0.0001  0.0000  0.0187  0.0000  0.0000  0.0000
 0.0046  0.0000  0.0812  0.0002  0.0007  0.0006  0.0000  0.0002  0.0118  0.0007  0.0141  0.0162  0.0003  0.0494  0.0005  0.0004  0.0007  1.0000  0.0250  0.0001  0.0000  0.0002  0.0000  0.0000  0.0000
 0.3839  0.0000  0.0028  0.0022  0.0099  0.0011  0.3003  0.0005  0.0013  0.0028  0.0027  0.0013  0.0019  1.0000  0.0019  0.0020  0.3426  0.0298  0.0047  0.0004  0.0000  0.0008  0.0000  0.0000  0.0000
 0.0002  0.0000  0.0001  0.0000  0.0001  0.0003  0.0001  0.0000  0.3395  0.0001  0.0117  0.0003  0.0001  0.0000  0.0000  0.0001  0.0001  0.0002  1.0000  0.0000  0.0000  0.0001  0.0000  0.0000  0.0000
 0.0000  0.0000  0.0000  1.0000  0.0000  0.0000  0.0000  0.0000  0.0000  0.0000  0.0000  0.0000  0.0000  0.0000  0.0000  0.0000  0.0000  0.0000  0.0000  0.0000  0.0000  0.0000  0.0000  0.0000  0.0000
 0.0017  0.0000  0.0005  0.0003  0.0004  0.0017  0.0005  0.0001  1.0000  0.0005  0.1654  0.7891  0.0003  0.0003  0.0002  0.0004  0.0122  0.0242  0.3962  0.0002  0.0000  0.0007  0.0000  0.0000  0.0000
 0.0000  0.0000  0.0000  0.0000  0.0000  0.0000  0.0000  0.0000  0.0000  0.0000  0.0000  0.0000  0.0000  0.0000  0.0000  0.0000  0.0000  0.0000  0.0000  1.0000  0.0000  0.0000  0.0000  0.0000  0.0000
 0.0000  0.0000  0.0000  0.0000  0.0000  0.0000  0.0000  0.0000  0.0000  0.0000  0.0000  0.0000  0.0000  0.0000  0.0000  0.0000  1.0000  0.0000  0.0000  0.0000  0.0000  0.0000  0.0000  0.0000  0.0000
 0.2984  0.0000  0.0276  0.0003  0.0010  0.0009  0.0001  0.0003  0.4777  0.0011  0.2426  0.0016  0.0005  0.0015  0.0008  0.0006  0.0010  0.0803  1.0000  0.0001  0.0000  0.0003  0.0000  0.0000  0.0000
 0.0163  0.0000  0.0002  0.0002  0.0002  0.0001  1.0000  0.0001  0.0001  0.0002  0.0002  0.0001  0.0002  0.0005  0.0001  0.0002  0.0009  0.0003  0.0003  0.0001  0.0000  0.0001  0.0000  0.0000  0.0000
 0.0524  0.0000  1.0000  0.0002  0.0002  0.0001  0.0008  0.0001  0.0007  0.0002  0.0006  0.0002  0.0002  0.0005  0.0002  0.0002  0.0010  0.0804  0.0086  0.0000  0.0000  0.0001  0.0000  0.0000  0.0000
 0.0002  0.0000  0.0001  0.0000  0.0001  0.0005  0.0000  0.0000  1.0000  0.0001  0.0052  0.0086  0.0000  0.0001  0.0001  0.0001  0.0001  0.0001  0.0007  0.0001  0.0000  0.0001  0.0000  0.0000  0.0000
 0.0004  0.0000  0.0001  0.0000  0.0001  1.0000  0.0001  0.0001  0.0128  0.0001  0.0051  0.1462  0.0001  0.0002  0.0002  0.0001  0.0001  0.0002  0.0130  0.0004  0.0000  0.0012  0.0000  0.0000  0.0000
 1.0000  0.0000  0.0003  0.0002  0.0002  0.0041  0.0362  0.0000  0.0001  0.0002  0.0002  0.0001  0.0002  0.0006  0.0002  0.0002  0.0125  0.0004  0.0189  0.0000  0.0000  0.0001  0.0000  0.0000  0.0000
 0.0000  0.0000  0.0000  0.0000  1.0000  0.0000  0.0000  0.0000  0.0000  0.0000  0.0000  0.0000  0.0000  0.0000  0.0000  0.0000  0.0000  0.0000  0.0000  0.0000  0.0000  0.0000  0.0000  0.0000  0.0000
 0.0004  0.0000  0.0001  0.0000  0.0001  0.0010  0.0001  0.0001  0.0160  0.0001  0.3858  1.0000  0.0001  0.0002  0.0002  0.0001  0.0001  0.0002  0.0010  0.0001  0.0000  0.0001  0.0000  0.0000  0.0000
 0.7758  0.0000  0.3874  0.0207  0.0329  0.3667  0.0333  0.0698  0.4080  0.0375  0.2878  0.0223  0.0310  0.0206  0.0296  0.0351  0.1432  0.0610  1.0000  0.0286  0.0000  0.2760  0.0000  0.0000  0.0000
 0.0791  0.0000  0.0049  0.0182  0.0456  0.0076  0.0227  0.0829  0.0147  0.1594  0.0442  0.0819  0.6560  0.0240  0.1206  0.4880  0.1945  1.0000  0.0207  0.0043  0.0000  0.0128  0.0000  0.0000  0.0000
 0.0347  0.0000  0.0033  0.0060  0.0483  0.0072  0.5791  0.0612  0.0148  0.9385  0.0461  0.0275  0.0943  0.0273  0.2951  1.0000  0.0284  0.0372  0.0197  0.0055  0.0000  0.0156  0.0000  0.0000  0.0000
 0.1114  0.0000  0.0006  0.0237  0.0672  0.0006  0.0298  0.0213  0.0166  1.0000  0.0035  0.0098  0.0058  0.0067  0.3022  0.7760  0.0375  0.0447  0.0349  0.0002  0.0000  0.0004  0.0000  0.0000  0.0000
 0.2124  0.0000  0.0003  0.0003  0.0003  0.0002  0.0019  0.0001  0.0002  0.0004  0.0004  0.0001  0.0002  1.0000  0.0002  0.0003  0.0015  0.0005  0.0005  0.0001  0.0000  0.0001  0.0000  0.0000  0.0000
 0.0002  0.0000  0.0001  0.0000  0.0001  0.0007  0.0000  0.0000  0.0654  0.0001  1.0000  0.0132  0.0001  0.0001  0.0001  0.0001  0.0001  0.0001  0.0007  0.0001  0.0000  0.0001  0.0000  0.0000  0.0000
 0.0002  0.0000  0.0001  0.0000  0.0001  1.0000  0.0000  0.0000  0.0061  0.0001  0.0309  0.0007  0.0001  0.0001  0.0001  0.0001  0.0023  0.0001  0.0052  0.0001  0.0000  0.0004  0.0000  0.0000  0.0000
 0.0822  0.0000  0.0485  0.0068  0.0071  0.0047  0.0064  0.1421  0.0185  0.0133  0.0072  0.0029  0.0950  1.0000  0.0884  0.1028  0.0733  0.0535  0.0078  0.0017  0.0000  0.0066  0.0000  0.0000  0.0000
 0.0107  0.0000  0.0002  0.0002  0.0002  0.0001  1.0000  0.0000  0.0001  0.0002  0.0002  0.0001  0.0001  0.0005  0.0001  0.0001  0.0010  0.0003  0.0029  0.0000  0.0000  0.0001  0.0000  0.0000  0.0000
 0.0186  0.0000  0.0006  1.0000  0.0274  0.0004  0.0025  0.0009  0.0100  0.1259  0.0020  0.0008  0.0601  0.0023  0.0037  0.0031  0.0984  0.1626  0.0431  0.0002  0.0000  0.0004  0.0000  0.0000  0.0000
 0.0088  0.0000  0.0149  0.0406  0.0004  0.0025  0.0181  0.0002  0.0003  0.0005  0.0003  0.0002  0.0096  0.0006  0.0004  0.0003  1.0000  0.1623  0.0005  0.0001  0.0000  0.0002  0.0000  0.0000  0.0000
 0.0019  0.0000  0.0001  0.0977  1.0000  0.0002  0.0011  0.0006  0.0002  0.0020  0.0004  0.0002  0.1188  0.0012  0.0025  0.0006  0.0013  0.0076  0.0401  0.0001  0.0000  0.0003  0.0000  0.0000  0.0000
 0.0409  0.0000  0.0075  0.0882  0.1927  0.1472  0.0229  0.0230  1.0000  0.0124  0.2023  0.0586  0.0131  0.0087  0.0299  0.0148  0.0270  0.0401  0.1926  0.0078  0.0000  0.0560  0.0000  0.0000  0.0000
 0.0010  0.0000  0.0000  1.0000  0.0584  0.0001  0.0004  0.0002  0.0001  0.0010  0.0002  0.0001  0.0005  0.0006  0.1745  0.0003  0.0005  0.0004  0.0002  0.0000  0.0000  0.0001  0.0000  0.0000  0.0000
 0.0008  0.0000  0.0000  0.0020  0.2793  0.0001  0.0003  0.0002  0.0001  0.0008  0.0002  0.0110  0.0003  0.0005  1.0000  0.0003  0.0004  0.0003  0.0002  0.0000  0.0000  0.0001  0.0000  0.0000  0.0000
 0.0004  0.0000  0.0001  0.0000  0.0001  0.0010  0.0001  0.0001  0.2147  0.0001  1.0000  0.0344  0.0001  0.0001  0.0002  0.0001  0.0001  0.0002  0.0054  0.0001  0.0000  0.0001  0.0000  0.0000  0.0000
 0.1182  0.0000  0.0412  0.2019  0.0637  1.0000  0.1729  0.1470  0.1079  0.1326  0.3834  0.1011  0.0817  0.0626  0.1551  0.0855  0.0993  0.1185  0.1374  0.0431  0.0000  0.2751  0.0000  0.0000  0.0000
 0.0037  0.0000  0.0004  0.0007  0.0052  0.0008  0.0027  0.2796  0.0606  1.0000  0.0038  0.0013  0.0100  0.0029  0.0089  0.9014  0.0242  0.0040  0.0021  0.0006  0.0000  0.0017  0.0000  0.0000  0.0000
 0.0002  0.0000  0.0001  0.0000  0.0001  0.0003  0.0001  0.0000  1.0000  0.0001  0.0016  0.0267  0.0000  0.0001  0.0000  0.0001  0.0001  0.0002  0.0089  0.0000  0.0000  0.0001  0.0000  0.0000  0.0000
 0.0002  0.0000  0.0001  0.0000  0.0001  1.0000  0.0000  0.0000  0.0158  0.0001  0.0439  0.0007  0.0000  0.0001  0.0001  0.0001  0.0037  0.0001  0.0006  0.0002  0.0000  0.0008  0.0000  0.0000  0.0000
 0.0010  0.0000  0.0001  0.0806  0.0068  0.0002  0.0007  0.0008  0.0004  0.2607  0.0008  0.0003  0.0010  0.0007  0.0376  1.0000  0.0267  0.0009  0.0005  0.0001  0.0000  0.0004  0.0000  0.0000  0.0000
 0.0886  0.0000  0.0029  0.0010  0.0023  0.0243  0.0010  0.0006  0.8053  0.0026  1.0000  0.0386  0.0014  0.0029  0.0018  0.0017  0.0274  0.4182  0.6184  0.0007  0.0000  0.0017  0.0000  0.0000  0.0000
 0.0006  0.0000  0.0359  0.0001  0.0001  0.0180  0.0001  0.0001  0.0719  0.0002  1.0000  0.1935  0.0001  0.0057  0.0003  0.0094  0.0002  0.0058  0.0148  0.0047  0.0000  0.0002  0.0000  0.0000  0.0000
 0.0008  0.0000  0.0001  0.0003  0.0005  0.0001  1.0000  0.0003  0.0001  0.0300  0.0003  0.0001  0.0005  0.0004  0.0007  0.0161  0.0006  0.0120  0.0002  0.0001  0.0000  0.0002  0.0000  0.0000  0.0000
 0.0015  0.0000  0.0003  0.0006  0.0004  0.0002  0.0004  0.0002  0.0006  0.0005  0.0710  0.0003  0.0010  0.0007  0.0004  0.0003  0.0380  1.0000  0.0092  0.0001  0.0000  0.0002  0.0000  0.0000  0.0000
 0.0054  0.0000  0.0002  0.0003  0.0002  0.0001  0.0012  0.0001  0.0001  0.0003  0.0003  0.0001  0.0002  1.0000  0.0002  0.0003  0.0007  0.0003  0.0003  0.0001  0.0000  0.0001  0.0000  0.0000  0.0000
 0.0060  0.0000  0.0014  0.3553  0.0367  0.0012  0.1290  0.0349  0.0007  0.0636  0.0015  0.0005  1.0000  0.0046  0.0271  0.0044  0.4046  0.5609  0.0011  0.0006  0.0000  0.0104  0.0000  0.0000  0.0000
 0.0027  0.0000  0.0001  0.0743  1.0000  0.0002  0.0013  0.0007  0.0003  0.0027  0.0060  0.0002  0.0691  0.0643  0.0034  0.0007  0.0224  0.0013  0.0385  0.0001  0.0000  0.0004  0.0000  0.0000  0.0000
 0.1475  0.0000  0.0028  0.5233  1.0000  0.0026  0.0743  0.0063  0.0317  0.1694  0.0157  0.0055  0.1089  0.0143  0.1707  0.2775  0.1879  0.1958  0.0749  0.0009  0.0000  0.0020  0.0000  0.0000  0.0000
 0.2424  0.0000  0.0248  0.4537  0.4333  0.0161  0.1151  0.0356  0.6846  0.2607  0.1333  0.1668  0.3491  0.0774  0.3583  0.1477  0.5291  1.0000  0.6866  0.0054  0.0000  0.0137  0.0000  0.0000  0.0000
 0.0003  0.0000  0.0002  0.0004  0.0002  0.0062  0.0006  0.0090  0.0003  0.0002  0.0008  0.0002  0.0003  0.0003  0.0002  0.0002  0.0002  0.0002  0.0003  1.0000  0.0000  0.0122  0.0000  0.0000  0.0000
 0.0050  0.0000  0.0001  0.0001  0.0003  0.0001  0.0006  0.0002  0.0001  0.0070  0.0003  0.0001  0.0003  1.0000  0.0073  0.0041  0.0125  0.0032  0.0045  0.0000  0.0000  0.0001  0.0000  0.0000  0.0000
 0.0338  0.0000  0.0004  0.1270  0.0846  0.0004  1.0000  0.0015  0.0006  0.0042  0.0011  0.0004  0.0336  0.0017  0.0507  0.0459  0.0286  0.0489  0.0010  0.0002  0.0000  0.0007  0.0000  0.0000  0.0000
 0.0520  0.0000  0.0126  0.0926  0.0123  0.0510  0.0016  0.0021  0.1651  0.0017  0.0427  0.0386  0.0015  0.0013  0.0014  0.0017  0.0021  0.0037  1.0000  0.0009  0.0000  0.0403  0.0000  0.0000  0.0000
 0.1441  0.0000  0.0011  0.0832  0.1707  0.0167  0.0204  0.0025  0.0087  0.0345  0.0061  0.0094  0.0782  0.0055  0.0810  0.0236  0.8429  1.0000  0.2795  0.0003  0.0000  0.0008  0.0000  0.0000  0.0000
 0.3465  0.0000  0.0261  0.1617  0.3297  0.0058  0.0811  0.0141  0.0217  0.7509  0.0673  0.0123  0.1557  0.0318  0.5411  0.0747  1.0000  0.3081  0.0331  0.0020  0.0000  0.1556  0.0000  0.0000  0.0000
 0.0004  0.0000  0.0001  0.0001  0.0001  0.1107  0.0001  0.0043  0.0021  0.0001  1.0000  0.0482  0.0001  0.0002  0.0002  0.0001  0.0001  0.0002  0.0012  0.0001  0.0000  0.0326  0.0000  0.0000  0.0000
 0.0047  0.0000  0.0006  0.1371  0.0050  0.0009  0.0061  0.0027  0.0008  0.0227  0.0017  0.0240  0.0199  1.0000  0.0073  0.0233  0.0318  0.0033  0.0012  0.0004  0.0000  0.0736  0.0000  0.0000  0.0000
 0.0614  0.0000  0.0058  0.1895  0.0859  0.0151  0.0387  0.0301  0.0163  1.0000  0.0463  0.0092  0.0586  0.0175  0.0474  0.1548  0.0518  0.0354  0.0230  0.2143  0.0000  0.0630  0.0000  0.0000  0.0000
 0.6836  0.0000  0.1764  0.3492  0.4999  0.6616  0.3975  0.5951  0.4092  0.5073  0.6776  0.2296  0.4505  0.3476  0.4306  0.4516  0.6426  0.5230  0.5606  0.1966  0.0000  1.0000  0.0000  0.0000  0.0000
 0.4415  0.0000  0.0037  0.1067  0.3965  0.0034  0.0567  0.0603  0.0129  0.3439  0.0208  0.0073  0.5397  0.0311  0.0604  0.0361  0.4720  1.0000  0.1254  0.0012  0.0000  0.0164  0.0000  0.0000  0.0000
 0.0009  0.0000  0.0003  0.0003  0.0004  1.0000  0.0005  0.0341  0.0011  0.0005  0.0110  0.0053  0.0005  0.0118  0.0005  0.0006  0.0006  0.0006  0.0010  0.0322  0.0000  0.1587  0.0000  0.0000  0.0000
 0.0220  0.0000  0.0063  0.0139  0.0042  0.0450  0.0159  0.1026  0.0098  0.0133  0.0087  0.0075  0.0108  1.0000  0.0670  0.0049  0.0244  0.0108  0.0674  0.0024  0.0000  0.0132  0.0000  0.0000  0.0000
 0.0624  0.0000  0.0708  0.0354  0.0531  0.0539  0.0370  0.0445  0.0586  1.0000  0.0880  0.1301  0.1247  0.0419  0.4652  0.1952  0.2210  0.1420  0.2627  0.0143  0.0000  0.1049  0.0000  0.0000  0.0000
 0.0041  0.0000  0.0013  0.0015  0.0027  0.0499  0.0027  0.0455  0.0030  0.0644  0.0051  0.0017  0.0027  0.0200  0.0920  0.0341  0.0033  0.0034  0.0250  1.0000  0.0000  0.2220  0.0000  0.0000  0.0000
 0.6102  0.0000  0.0231  0.2715  0.6762  0.0216  0.2283  0.0894  0.1022  1.0000  0.1401  0.0500  0.3095  0.6786  0.4614  0.4073  0.6391  0.3807  0.1794  0.0074  0.0000  0.0164  0.0000  0.0000  0.0000
 0.4463  0.0000  0.0065  0.0997  0.1495  0.0067  0.1681  0.0391  0.0226  0.2982  0.0365  0.0128  0.0589  1.0000  0.0954  0.4400  0.3028  0.4156  0.0415  0.0022  0.0000  0.1689  0.0000  0.0000  0.0000
 0.1223  0.0000  0.0192  0.1661  0.2261  0.0318  0.2118  0.0431  0.0513  0.5323  0.1486  0.0947  0.3618  0.1246  1.0000  0.2103  0.2063  0.1933  0.1002  0.0064  0.0000  0.0606  0.0000  0.0000  0.0000
 0.2150  0.0000  0.0134  1.0000  0.3563  0.0381  0.1521  0.0307  0.0702  0.3003  0.1742  0.0510  0.4972  0.6140  0.2178  0.2821  0.5941  0.2199  0.0713  0.0045  0.0000  0.0345  0.0000  0.0000  0.0000
 0.0031  0.0000  0.0011  0.0114  0.0046  0.0371  0.0041  0.0033  0.1556  0.0018  1.0000  0.0100  0.0124  0.0129  0.0018  0.0053  0.0087  0.0269  0.0252  0.0921  0.0000  0.0173  0.0000  0.0000  0.0000
 1.0000  0.0000  0.0384  0.3212  0.8021  0.0223  0.4012  0.1190  0.0837  0.5423  0.1350  0.0547  0.3057  0.1373  0.3080  0.7705  0.9364  0.4025  0.2189  0.0077  0.0000  0.0169  0.0000  0.0000  0.0000
 0.3772  0.0000  0.0171  0.4257  0.5901  0.0361  0.1575  0.0800  0.0644  1.0000  0.2643  0.0541  0.4290  0.1381  0.3094  0.3742  0.7679  0.6132  0.1201  0.0056  0.0000  0.0348  0.0000  0.0000  0.0000
 0.4893  0.0000  0.0302  0.0962  0.0601  0.4566  0.0604  0.2058  0.6913  0.2495  0.5738  0.1238  0.0938  0.0453  0.2111  0.0655  0.1694  0.1053  1.0000  0.0310  0.0000  0.1673  0.0000  0.0000  0.0000
 0.0012  0.0000  0.0522  0.0002  0.0003  0.1655  0.0003  0.0001  0.1551  0.0004  0.1796  0.0208  0.0003  0.0004  0.0072  0.0003  0.0003  0.0009  1.0000  0.0003  0.0000  0.0004  0.0000  0.0000  0.0000
 0.0015  0.0000  0.0002  0.0049  0.0018  0.0003  0.0021  0.0227  0.0005  0.1993  0.0010  0.0003  0.0094  1.0000  0.0313  0.0104  0.0535  0.1304  0.0007  0.0002  0.0000  0.0101  0.0000  0.0000  0.0000
 0.3653  0.0000  0.0102  0.3920  0.2694  0.0095  0.5662  0.0232  0.0358  0.3294  0.0578  0.0580  1.0000  0.1540  0.5611  0.2013  0.4896  0.3505  0.0696  0.0033  0.0000  0.0072  0.0000  0.0000  0.0000
 0.0124  0.0000  0.0071  0.0002  0.0003  0.0569  0.0066  0.0094  0.2023  0.0004  1.0000  0.0652  0.0004  0.0004  0.0005  0.0004  0.0055  0.0006  0.0129  0.0003  0.0000  0.0010  0.0000  0.0000  0.0000
 0.0029  0.0000  0.0815  1.0000  0.2382  0.0006  0.0833  0.0029  0.0003  0.0039  0.0007  0.0002  0.0776  0.0071  0.0026  0.0020  0.1835  0.0666  0.0006  0.0003  0.0000  0.0015  0.0000  0.0000  0.0000
 0.5195  0.0000  0.0152  0.4205  1.0000  0.0142  0.1567  0.0521  0.0533  0.4085  0.0860  0.0302  0.1539  0.6696  0.2745  0.2143  0.4107  0.1765  0.0845  0.0049  0.0000  0.0108  0.0000  0.0000  0.0000
 0.7942  0.0000  0.0521  0.6668  1.0000  0.0494  0.3720  0.1255  0.1844  0.9141  0.3325  0.1107  0.5075  0.2673  0.5794  0.5154  0.7436  0.5790  0.2879  0.0169  0.0000  0.0399  0.0000  0.0000  0.0000
 0.0788  0.0000  0.0074  0.0002  0.0002  0.0001  1.0000  0.0000  0.0001  0.0002  0.0002  0.0001  0.0002  0.0006  0.0002  0.0046  0.0053  0.0004  0.0004  0.0000  0.0000  0.0001  0.0000  0.0000  0.0000
 0.0763  0.0000  0.0242  0.0154  0.0331  0.2166  0.0246  0.0405  0.7025  0.2808  1.0000  0.0559  0.0341  0.0153  0.0338  0.1952  0.0300  0.0529  0.3954  0.0138  0.0000  0.0992  0.0000  0.0000  0.0000
 0.0082  0.0000  0.0000  1.0000  0.0276  0.0001  0.0007  0.0032  0.0001  0.0027  0.0020  0.0001  0.0478  0.0004  0.0184  0.0052  0.0236  0.0004  0.0002  0.0000  0.0000  0.0001  0.0000  0.0000  0.0000
 0.0002  0.0000  0.0001  0.0000  0.0001  0.0006  0.0000  0.0000  0.0084  0.0001  1.0000  0.0035  0.0001  0.0001  0.0001  0.0001  0.0001  0.0001  0.0045  0.0001  0.0000  0.0001  0.0000  0.0000  0.0000
 0.0002  0.0000  0.0001  0.0000  0.0001  0.0072  0.0000  0.0001  0.0736  0.0001  1.0000  0.0101  0.0001  0.0001  0.0001  0.0001  0.0001  0.0001  0.0007  0.0001  0.0000  0.0001  0.0000  0.0000  0.0000
 0.3383  0.0000  0.0175  0.2701  0.5260  0.0139  0.1315  0.0206  0.0387  0.2507  0.2921  0.0320  0.3072  0.0464  0.4694  0.1278  1.0000  0.2157  0.0483  0.0029  0.0000  0.0098  0.0000  0.0000  0.0000
 0.1022  0.0000  0.0168  0.0064  0.0403  0.0005  0.0117  0.0062  0.0019  1.0000  0.0209  0.0212  0.1247  0.0029  0.2319  0.3286  0.1027  0.0059  0.0029  0.0002  0.0000  0.0004  0.0000  0.0000  0.0000
 0.0011  0.0000  0.1029  0.0001  0.0003  0.0563  0.0002  0.0002  0.0106  0.0004  0.2955  1.0000  0.0003  0.0005  0.0006  0.0004  0.0003  0.0491  0.0030  0.0003  0.0000  0.0004  0.0000  0.0000  0.0000
 0.0002  0.0000  0.0020  0.0000  0.0001  0.0125  0.0000  0.0000  0.0227  0.0001  1.0000  0.0048  0.0001  0.0001  0.0001  0.0001  0.0017  0.0001  0.0131  0.0001  0.0000  0.0001  0.0000  0.0000  0.0000
 0.5411  0.0000  0.1923  0.2212  0.3162  0.7029  0.3383  0.5542  0.4410  0.3413  0.6561  0.2256  0.3190  0.2106  0.3744  0.3847  0.4214  0.4682  0.5544  0.1849  0.0000  1.0000  0.0000  0.0000  0.0000
 0.0092  0.0000  0.0482  0.0003  0.0005  0.2077  0.0004  0.0004  0.0071  0.0005  0.3559  0.0237  0.0004  0.0007  0.0007  0.0005  0.0007  0.0011  0.0133  0.0020  0.0000  1.0000  0.0000  0.0000  0.0000
 0.0099  0.0000  0.0002  1.0000  0.1683  0.0003  0.0035  0.0047  0.0003  0.0025  0.0005  0.0002  0.1785  0.0013  0.0274  0.1112  0.0086  0.0172  0.0005  0.0001  0.0000  0.0074  0.0000  0.0000  0.0000
 0.0090  0.0000  0.0002  0.0002  0.0002  0.0001  0.0011  0.0000  0.0001  0.0002  0.0002  0.0001  0.0001  1.0000  0.0001  0.0001  0.0248  0.0004  0.0003  0.0000  0.0000  0.0001  0.0000  0.0000  0.0000
 1.0000  0.0000  0.0303  0.0861  0.4132  0.0784  0.0532  0.0709  0.0948  0.0812  0.0790  0.0380  0.2848  0.0964  0.0805  0.0775  0.5479  0.1305  0.2073  0.0185  0.0000  0.1334  0.0000  0.0000  0.0000
 0.0841  0.0000  0.0070  0.0425  0.0865  0.0020  0.1169  0.1046  0.0151  1.0000  0.0861  0.1033  0.0878  0.0109  0.1607  0.2389  0.0357  0.0346  0.0152  0.0007  0.0000  0.0015  0.0000  0.0000  0.0000
 0.0000  0.0000  0.0000  0.0000  0.0000  0.0000  0.0000  0.0000  0.0000  0.0000  0.0000  0.0000  0.0000  0.0000  0.0000  1.0000  0.0000  0.0000  0.0000  0.0000  0.0000  0.0000  0.0000  0.0000  0.0000
 0.0045  0.0000  0.0001  0.0000  0.0001  0.0003  0.0000  0.0000  1.0000  0.0001  0.0357  0.0150  0.0001  0.0001  0.0001  0.0001  0.0001  0.0047  0.0202  0.0000  0.0000  0.0001  0.0000  0.0000  0.0000
 0.0010  0.0000  0.0056  0.0005  0.0003  0.0001  0.0003  0.0163  0.0003  0.0004  0.0003  0.0002  0.0201  0.0104  0.0003  0.0003  1.0000  0.2739  0.0005  0.0001  0.0000  0.0001  0.0000  0.0000  0.0000
 1.0000  0.0000  0.0045  0.0002  0.0002  0.0001  0.0315  0.0000  0.0001  0.0002  0.0002  0.0001  0.0001  0.0006  0.0002  0.0002  0.0012  0.0022  0.0165  0.0000  0.0000  0.0001  0.0000  0.0000  0.0000
 0.0955  0.0000  0.0024  0.0752  0.1501  0.0217  0.0096  0.0458  0.0198  1.0000  0.0466  0.0268  0.0507  0.0066  0.0357  0.3991  0.0321  0.0487  0.0208  0.0019  0.0000  0.1080  0.0000  0.0000  0.0000
 0.7901  0.0000  0.0487  0.6552  1.0000  0.0455  0.3602  0.1127  0.1730  0.8940  0.2800  0.1089  0.4701  0.2505  0.6010  0.5184  0.6930  0.5373  0.2613  0.0157  0.0000  0.0364  0.0000  0.0000  0.0000
 1.0000  0.0000  0.0044  0.0002  0.0003  0.0001  0.0057  0.0000  0.0303  0.0003  0.0003  0.0001  0.0002  0.0007  0.0002  0.0002  0.0245  0.0028  0.0005  0.0000  0.0000  0.0001  0.0000  0.0000  0.0000
 0.0252  0.0000  0.0831  0.0001  0.0003  0.0099  0.0001  0.0001  0.0269  0.0003  1.0000  0.2276  0.0002  0.0005  0.0004  0.0149  0.0003  0.0085  0.0356  0.0002  0.0000  0.0002  0.0000  0.0000  0.0000
 0.3041  0.0000  0.0304  0.3728  1.0000  0.0128  0.0975  0.0606  0.1276  0.5397  0.1483  0.2144  0.4269  0.0703  0.5977  0.2926  0.3765  0.2699  0.1688  0.0044  0.0000  0.0097  0.0000  0.0000  0.0000
 0.0003  0.0000  0.0001  0.0003  0.0004  0.0001  0.0006  1.0000  0.0001  0.0013  0.0003  0.0001  0.0004  0.0004  0.0052  0.0043  0.0003  0.0003  0.0002  0.0001  0.0000  0.0001  0.0000  0.0000  0.0000
 0.0725  0.0000  0.0040  0.0956  0.2103  0.0004  0.0031  0.0113  0.0015  0.0300  0.0024  0.0009  0.0110  1.0000  0.0106  0.0639  0.0439  0.0120  0.0082  0.0001  0.0000  0.0003  0.0000  0.0000  0.0000
 0.0002  0.0000  0.0001  0.0000  0.0001  0.0893  0.0000  0.0000  0.0005  0.0000  0.0011  0.0002  0.0000  0.0001  0.0000  0.0000  0.0002  0.0001  0.0004  0.2268  0.0000  1.0000  0.0000  0.0000  0.0000
 0.0001  0.0000  0.0001  0.0000  0.0000  1.0000  0.0001  0.0000  0.0004  0.0000  0.0254  0.0002  0.0000  0.0001  0.0000  0.0000  0.0001  0.0001  0.0003  0.0005  0.0000  0.0021  0.0000  0.0000  0.0000
 0.3067  0.0000  0.0163  1.0000  0.3352  0.0593  0.1124  0.2168  0.0524  0.6317  0.1024  0.0296  0.4472  0.0690  0.5613  0.5046  0.2974  0.1579  0.0779  0.0919  0.0000  0.0453  0.0000  0.0000  0.0000
 0.0012  0.0000  0.0002  1.0000  0.2591  0.0002  0.0617  0.0011  0.0001  0.0256  0.0003  0.0001  0.0693  0.0009  0.0011  0.0074  0.1066  0.0176  0.0002  0.0001  0.0000  0.0005  0.0000  0.0000  0.0000
 0.0049  0.0000  0.0016  0.0414  0.0088  0.1399  0.0029  0.0046  0.1964  0.0026  1.0000  0.0057  0.0027  0.0072  0.0026  0.0031  0.0083  0.0084  0.3534  0.0016  0.0000  0.0274  0.0000  0.0000  0.0000
 0.1063  0.0000  0.0044  1.0000  0.6002  0.0042  0.0319  0.0469  0.0290  0.1284  0.0252  0.0088  0.3361  0.6215  0.1235  0.0437  0.1199  0.1269  0.0238  0.0015  0.0000  0.0032  0.0000  0.0000  0.0000
 0.0787  0.0000  0.0060  0.0732  0.1175  0.0458  0.0604  0.0334  0.0645  1.0000  0.1754  0.0268  0.0973  0.1416  0.1264  0.3005  0.1155  0.0934  0.0307  0.0023  0.0000  0.0070  0.0000  0.0000  0.0000
 0.5058  0.0000  0.2305  0.1727  0.2304  0.6034  0.2744  0.4492  0.3520  0.2696  0.5795  0.2039  0.2564  0.5283  0.3072  0.3438  1.0000  0.4514  0.4699  0.1531  0.0000  0.9151  0.0000  0.0000  0.0000
 0.5884  0.0000  0.1187  0.4854  0.7238  0.0362  0.2915  0.0875  0.1972  1.0000  0.2237  0.0815  0.3739  0.2905  0.6849  0.4267  0.5510  0.4927  0.2796  0.0124  0.0000  0.0278  0.0000  0.0000  0.0000
 0.6301  0.0000  0.0405  0.7177  1.0000  0.0483  0.2709  0.1107  0.1627  0.8926  0.2908  0.0779  0.3500  0.4712  0.4459  0.3838  0.5343  0.4063  0.2081  0.0155  0.0000  0.1001  0.0000  0.0000  0.0000
 0.8129  0.0000  0.1579  0.6606  0.8168  0.5939  0.5564  0.5396  0.3855  1.0000  0.6654  0.2198  0.8164  0.4852  0.6360  0.7360  0.7611  0.6363  0.5189  0.1421  0.0000  0.7288  0.0000  0.0000  0.0000
 0.2646  0.0000  0.0524  0.0969  0.2870  0.4007  0.0981  0.1605  0.1871  0.0874  1.0000  0.4698  0.0916  0.0608  0.0878  0.1549  0.1622  0.2195  0.1489  0.0547  0.0000  0.3701  0.0000  0.0000  0.0000
 0.3867  0.0000  0.0234  1.0000  0.4745  0.0228  0.1666  0.0542  0.0816  0.4256  0.1743  0.2666  0.4864  0.3407  0.2792  0.2278  0.3707  0.2497  0.1244  0.0078  0.0000  0.0182  0.0000  0.0000  0.0000
 0.5316  0.0000  0.0513  0.0653  0.0543  0.0239  0.2782  0.0186  0.0395  0.0676  0.0571  0.0280  0.0897  0.4035  0.0497  0.0460  1.0000  0.7117  0.0952  0.0107  0.0000  0.1203  0.0000  0.0000  0.0000
 0.5087  0.0000  0.1672  0.3784  0.4990  0.8805  0.3435  0.9747  0.3718  0.3605  0.6146  0.2092  0.3411  0.2132  0.3184  0.3445  0.4103  0.5970  0.4766  0.1743  0.0000  1.0000  0.0000  0.0000  0.0000
 0.5094  0.0000  0.1770  0.2238  0.2752  0.8154  0.3298  0.5813  0.4042  0.2971  0.9519  0.2707  0.3082  0.3160  0.2963  0.3971  0.4022  0.4151  0.5077  0.1850  0.0000  1.0000  0.0000  0.0000  0.0000
 0.3041  0.0000  0.0035  0.0052  0.1045  0.0014  0.0198  0.0009  0.0017  0.0044  0.0036  0.0017  0.0031  1.0000  0.0035  0.0028  0.2736  0.0076  0.0060  0.0005  0.0000  0.0012  0.0000  0.0000  0.0000
 0.7815  0.0000  0.1162  0.2429  0.4554  0.3580  0.3703  0.3567  0.2639  0.9643  0.5240  0.1593  0.3378  0.3490  0.6387  1.0000  0.7602  0.4463  0.3643  0.1051  0.0000  0.5410  0.0000  0.0000  0.0000
 0.1908  0.0000  0.0473  0.8347  0.2520  0.0586  0.5978  0.2303  0.0329  0.2525  0.0622  0.0223  1.0000  0.1436  0.1700  0.1384  0.5327  0.2287  0.0495  0.0243  0.0000  0.1480  0.0000  0.0000  0.0000
 0.3791  0.0000  0.0138  0.1640  0.6459  0.0142  0.0960  0.0335  0.0484  0.2466  0.0780  0.0274  0.1524  0.0717  1.0000  0.2074  0.1847  0.3112  0.1582  0.0051  0.0000  0.0125  0.0000  0.0000  0.0000
 0.1649  0.0000  0.0301  0.3803  0.1382  0.0211  0.2885  0.0835  0.0231  0.1411  0.0350  0.0151  0.8795  0.4417  0.2669  0.0799  1.0000  0.2739  0.0414  0.0113  0.0000  0.0456  0.0000  0.0000  0.0000
 0.0732  0.0000  0.0154  0.2078  0.0237  0.0082  0.0224  0.0101  0.0823  0.0336  0.0217  0.0885  0.1961  0.0382  0.0258  0.0209  1.0000  0.7328  0.0363  0.0052  0.0000  0.0096  0.0000  0.0000  0.0000
 0.3900  0.0000  0.0776  0.2080  0.2110  0.1459  0.2510  0.2851  0.1420  0.4615  0.2123  0.1293  0.3199  0.1849  0.2365  0.4340  1.0000  0.9681  0.2057  0.0503  0.0000  0.2100  0.0000  0.0000  0.0000
 0.0118  0.0000  0.0002  0.1742  1.0000  0.0011  0.0045  0.0029  0.0014  0.0123  0.0027  0.0011  0.0051  0.0071  0.1427  0.1666  0.0060  0.0052  0.0027  0.0005  0.0000  0.0015  0.0000  0.0000  0.0000
 0.0252  0.0000  0.0067  0.0034  0.0066  0.0686  0.0055  0.0054  0.1347  0.0085  1.0000  0.2004  0.0061  0.0098  0.0115  0.0083  0.0078  0.0160  0.4265  0.0093  0.0000  0.4351  0.0000  0.0000  0.0000
 0.0183  0.0000  0.0040  0.2764  0.0350  0.0035  0.0590  0.0181  0.0019  0.0254  0.0041  0.0015  1.0000  0.0144  0.5027  0.0125  0.0455  0.0184  0.0032  0.0018  0.0000  0.0091  0.0000  0.0000  0.0000
 0.1628  0.0000  0.0024  0.0031  0.0027  0.0011  0.0084  0.0009  0.0031  0.0033  0.0034  0.0015  0.0044  0.0056  0.0024  0.0022  0.0207  1.0000  0.0068  0.0005  0.0000  0.0010  0.0000  0.0000  0.0000
 1.0000  0.0000  0.0064  0.0056  0.0062  0.0025  0.0349  0.0013  0.0032  0.0067  0.0064  0.0030  0.0053  0.0159  0.0046  0.0047  0.5567  0.0156  0.0110  0.0009  0.0000  0.0020  0.0000  0.0000  0.0000
//
