WARNING! E37 not allowed! score: 0.02 median: 2.86 # of sequence: 84
WARNING! Y237 not allowed! score: 0.04 median: 2.87 # of sequence: 82
WARNING! E251 not allowed! score: 0.04 median: 2.86 # of sequence: 84
ID   UNK_ID; MATRIX
AC   UNK_AC
DE   UNK_DE
MA   UNK_BL
  A   B   C   D   E   F   G   H   I   K   L   M   N   P   Q   R   S   T   V   W   X   Y   Z   *   -
 0.0098  0.0000  0.0025  0.0012  0.0025  0.0253  0.0020  0.0019  0.0470  0.0034  0.5502  1.0000  0.0023  0.0041  0.0049  0.0033  0.0028  0.0057  0.0266  0.0030  0.0000  0.0037  0.0000  0.0000  0.0000
 0.0405  0.0000  0.0022  1.0000  0.6906  0.0043  0.1506  0.0147  0.0048  0.0424  0.0090  0.0036  0.0522  0.0249  0.0484  0.0141  0.0353  0.0217  0.0090  0.0021  0.0000  0.0075  0.0000  0.0000  0.0000
 0.1431  0.0000  0.0010  0.4824  1.0000  0.0045  0.0204  0.0120  0.0061  0.0500  0.0113  0.0046  0.0231  0.0297  0.0638  0.0140  0.0269  0.0224  0.0117  0.0021  0.0000  0.0061  0.0000  0.0000  0.0000
 0.0186  0.0000  0.0027  0.0309  0.0368  0.0042  0.0238  0.2587  0.0058  0.0597  0.0127  0.0040  0.0304  0.0136  1.0000  0.0468  0.0204  0.0160  0.0079  0.0025  0.0000  0.0072  0.0000  0.0000  0.0000
 0.1277  0.0000  0.1535  0.0633  0.0392  0.0140  0.0441  0.0178  0.0381  0.0558  0.0362  0.0193  0.3476  0.1235  0.0429  0.0349  1.0000  0.9217  0.0604  0.0087  0.0000  0.0167  0.0000  0.0000  0.0000
 0.6185  0.0000  0.0707  0.5538  0.6988  0.1095  0.4019  0.1738  0.1705  0.7511  0.3953  0.0988  0.6510  0.3330  1.0000  0.4830  0.8492  0.6558  0.2559  0.0372  0.0000  0.1444  0.0000  0.0000  0.0000
 0.4565  0.0000  0.0265  0.0230  0.0253  0.0101  1.0000  0.0052  0.0116  0.0269  0.0256  0.0120  0.0203  0.2686  0.0185  0.0192  0.1368  0.0464  0.0435  0.0037  0.0000  0.0080  0.0000  0.0000  0.0000
 0.1279  0.0000  0.0258  0.0231  0.0512  0.1803  0.0377  0.0281  0.3445  0.0903  1.0000  0.3443  0.0330  0.0985  0.0748  0.0773  0.0510  0.0761  0.2354  0.0238  0.0000  0.0380  0.0000  0.0000  0.0000
 0.9018  0.0000  0.1387  0.0657  0.1213  0.0770  0.2599  0.0376  0.4491  0.1307  0.3549  0.1149  0.0728  0.2063  0.1104  0.0869  0.3145  0.4001  1.0000  0.0179  0.0000  0.0487  0.0000  0.0000  0.0000
 0.2277  0.0000  0.0350  0.4599  0.2707  0.0446  1.0000  0.5010  0.0507  0.9814  0.1145  0.0389  0.5825  0.1501  0.2826  0.5411  0.3290  0.1933  0.0753  0.0247  0.0000  0.0952  0.0000  0.0000  0.0000
 0.2710  0.0000  0.0493  0.0180  0.0428  0.0771  0.0380  0.0138  0.3121  0.0480  0.4900  0.1053  0.0241  1.0000  0.0379  0.0325  0.0670  0.1628  0.6929  0.0113  0.0000  0.0200  0.0000  0.0000  0.0000
 0.0874  0.0000  0.0149  0.0379  0.0316  0.0080  0.0358  0.0106  0.0205  0.0393  0.0215  0.0108  0.0561  1.0000  0.2550  0.0259  0.2692  0.5813  0.0349  0.0047  0.0000  0.0094  0.0000  0.0000  0.0000
 1.0000  0.0000  0.1010  0.1880  0.2589  0.0869  0.5410  0.0689  0.1118  0.2237  0.1773  0.0684  0.1546  0.2581  0.1582  0.1483  0.5494  0.2493  0.2288  0.0263  0.0000  0.0967  0.0000  0.0000  0.0000
 0.0718  0.0000  0.0083  0.0375  0.0541  0.0058  0.0400  0.0109  0.0129  0.0557  0.0187  0.0072  0.0316  1.0000  0.3240  0.0405  0.0727  0.1181  0.0257  0.0029  0.0000  0.0073  0.0000  0.0000  0.0000
 0.6775  0.0000  0.0744  0.5943  1.0000  0.0998  0.3385  0.1459  0.1939  0.7828  0.3042  0.1286  0.4262  0.3464  0.6791  0.4501  0.6285  0.5052  0.3158  0.0298  0.0000  0.1146  0.0000  0.0000  0.0000
 0.4681  0.0000  0.1607  0.1900  0.2525  0.8607  0.3032  0.4906  0.3568  0.2851  0.5885  0.2002  0.2857  0.2229  0.2733  0.4420  0.4142  0.4003  0.4560  0.1669  0.0000  1.0000  0.0000  0.0000  0.0000
 0.1437  0.0000  0.0081  0.4805  0.7023  0.0173  0.1732  0.4801  0.0214  0.1590  0.0387  0.0149  0.1646  0.1732  1.0000  0.0600  0.1238  0.0824  0.0372  0.0075  0.0000  0.0276  0.0000  0.0000  0.0000
 0.3097  0.0000  0.0205  0.0402  0.1296  0.0089  0.2916  0.0074  0.0109  0.0337  0.0227  0.0103  0.0268  1.0000  0.0257  0.0208  0.1147  0.0955  0.0359  0.0034  0.0000  0.0081  0.0000  0.0000  0.0000
 0.5540  0.0000  0.1205  0.1100  0.1359  0.0711  0.1902  0.0592  0.2035  0.1541  0.1923  0.0649  0.3989  0.1286  1.0000  0.1078  0.2666  0.2787  0.5033  0.0195  0.0000  0.0775  0.0000  0.0000  0.0000
 0.1793  0.0000  0.0101  0.0394  0.1285  0.0160  0.0651  0.0604  0.0363  1.0000  0.0767  0.0260  0.0834  0.1371  0.1705  0.6856  0.0989  0.4122  0.0516  0.0108  0.0000  0.0305  0.0000  0.0000  0.0000
 0.6449  0.0000  0.1795  0.2273  0.3409  0.6514  0.3156  0.4726  0.5725  0.3951  1.0000  0.2913  0.3088  0.2335  0.3317  0.3936  0.4192  0.4713  0.7599  0.1625  0.0000  0.8344  0.0000  0.0000  0.0000
 0.2140  0.0000  0.0450  0.0272  0.0488  0.0764  0.0272  0.0333  0.2391  0.0521  1.0000  0.2066  0.0393  0.1447  0.0439  0.0392  0.1443  0.2729  0.5409  0.0149  0.0000  0.0527  0.0000  0.0000  0.0000
 0.1211  0.0000  0.0232  0.0913  0.0630  0.0152  0.0691  0.0315  0.0360  0.1302  0.0422  0.0197  0.2455  0.0656  0.0681  1.0000  0.4552  0.7685  0.0558  0.0093  0.0000  0.0222  0.0000  0.0000  0.0000
 0.0443  0.0000  0.0078  0.1388  0.0198  0.0042  0.0249  0.0072  0.0100  0.0193  0.0105  0.0054  0.0410  1.0000  0.0148  0.0113  0.4516  0.2565  0.0168  0.0025  0.0000  0.0056  0.0000  0.0000  0.0000
 0.4893  0.0000  0.1249  1.0000  0.4669  0.4322  0.5632  0.3826  0.2374  0.3490  0.4468  0.1359  0.7518  0.2311  0.2988  0.2758  0.6398  0.4441  0.3126  0.1171  0.0000  0.7219  0.0000  0.0000  0.0000
 0.9241  0.0000  0.1095  0.4414  0.3917  0.0640  0.5723  0.0937  0.0998  0.2539  0.1493  0.0783  0.4356  0.3058  0.1997  0.1472  1.0000  0.8937  0.2176  0.0281  0.0000  0.0781  0.0000  0.0000  0.0000
 0.5926  0.0000  0.1428  0.2312  0.2189  0.8851  0.4166  0.3437  0.2907  0.2312  0.5245  0.1656  0.2996  0.2066  0.2105  0.2440  0.4229  0.3073  0.3802  0.2093  0.0000  1.0000  0.0000  0.0000  0.0000
 0.5201  0.0000  0.1257  0.2101  0.3017  0.2733  0.3909  0.3061  0.2107  0.9517  0.3882  0.1301  0.3442  0.2320  0.4049  1.0000  0.3973  0.3451  0.2946  0.0892  0.0000  0.6215  0.0000  0.0000  0.0000
 1.0000  0.0000  0.1214  0.2904  0.1476  0.0462  0.6651  0.0651  0.0462  0.1538  0.0999  0.0455  0.3425  0.2638  0.1047  0.0980  0.5914  0.2181  0.1586  0.0179  0.0000  0.0546  0.0000  0.0000  0.0000
 0.4121  0.0000  0.0325  0.3351  0.6026  0.0363  0.2061  0.0723  0.1994  0.5695  0.1694  0.0599  0.3208  0.3412  0.4081  0.2847  1.0000  0.9588  0.1609  0.0642  0.0000  0.0343  0.0000  0.0000  0.0000
 0.0028  0.0000  0.0007  0.0004  0.0007  0.0077  0.0006  0.0006  0.0142  0.0010  0.8304  1.0000  0.0007  0.0012  0.0015  0.0010  0.0008  0.0016  0.0078  0.0009  0.0000  0.0010  0.0000  0.0000  0.0000
 0.7438  0.0000  0.0486  0.6326  1.0000  0.0459  0.3555  0.1134  0.1689  0.8451  0.2728  0.0958  0.4655  0.2528  0.5454  0.4774  0.6744  0.5226  0.2580  0.0160  0.0000  0.0363  0.0000  0.0000  0.0000
 0.3635  0.0000  0.0229  0.8257  0.2917  0.0219  0.3286  0.0855  0.0452  1.0000  0.0794  0.0278  0.9897  0.1012  0.2131  0.3683  0.2818  0.1727  0.0690  0.0102  0.0000  0.0388  0.0000  0.0000  0.0000
 0.0010  0.0000  0.0005  0.0002  0.0003  0.4731  0.0002  0.0000  0.0022  0.0000  0.0053  0.0011  0.0000  0.0004  0.0000  0.0000  0.0007  0.0006  0.0020  0.0050  0.0000  1.0000  0.0000  0.0000  0.0000
 0.7433  0.0000  0.0756  0.6265  1.0000  0.0497  0.3708  0.1190  0.1865  0.9387  0.2949  0.1130  0.4822  0.2674  0.6113  0.5545  0.7150  0.6036  0.3078  0.0170  0.0000  0.0385  0.0000  0.0000  0.0000
 0.5197  0.0000  0.1739  0.2182  0.3253  0.6922  0.3350  0.5352  0.5083  0.3747  0.6456  0.2230  0.3313  0.2108  0.3457  0.4358  0.4148  0.4025  0.5373  0.1810  0.0000  1.0000  0.0000  0.0000  0.0000
 0.0585  0.0000  0.0188  0.0162  0.0238  0.1170  0.0284  0.0090  1.0000  0.0322  0.6186  0.1214  0.0203  0.0167  0.0198  0.0279  0.0283  0.0601  0.9113  0.0148  0.0000  0.0434  0.0000  0.0000  0.0000
 0.0026  0.0000  0.0002  0.0005  0.0036  0.0005  0.0018  0.0023  0.0011  1.0000  0.0026  0.0009  0.0025  0.0020  0.1149  0.3164  0.0141  0.0028  0.0015  0.0004  0.0000  0.0012  0.0000  0.0000  0.0000
 0.5539  0.0000  0.1033  0.1190  0.2157  0.0990  0.0830  0.0734  0.4507  0.3061  0.3664  0.1226  0.1235  0.1412  0.1515  0.1488  0.2224  0.4348  1.0000  0.0235  0.0000  0.0919  0.0000  0.0000  0.0000
 0.0014  0.0000  0.0005  0.0003  0.0004  0.0024  0.0006  0.0001  1.0000  0.0006  0.3277  0.0024  0.0004  0.0003  0.0003  0.0005  0.0006  0.0016  0.1781  0.0003  0.0000  0.0009  0.0000  0.0000  0.0000
 0.0000  0.0000  0.0000  0.0000  0.0000  0.0000  1.0000  0.0000  0.0000  0.0000  0.0000  0.0000  0.0000  0.0000  0.0000  0.0000  0.0000  0.0000  0.0000  0.0000  0.0000  0.0000  0.0000  0.0000  0.0000
 0.0126  0.0000  0.0011  0.0044  0.8308  0.0025  0.0086  0.0107  0.0051  0.9282  0.0121  0.0040  0.0118  0.0098  0.1651  1.0000  0.0100  0.0130  0.0069  0.0019  0.0000  0.0054  0.0000  0.0000  0.0000
 0.0000  0.0000  0.0000  0.0000  0.0000  0.0000  1.0000  0.0000  0.0000  0.0000  0.0000  0.0000  0.0000  0.0000  0.0000  0.0000  0.0000  0.0000  0.0000  0.0000  0.0000  0.0000  0.0000  0.0000  0.0000
 0.2130  0.0000  0.0078  0.0078  0.0078  0.0030  0.0867  0.0017  0.0035  0.0083  0.0076  0.0035  0.0072  0.0197  0.5583  0.0058  1.0000  0.0153  0.0128  0.0011  0.0000  0.0025  0.0000  0.0000  0.0000
 0.0007  0.0000  0.0004  0.0001  0.0002  1.0000  0.0001  0.0000  0.0015  0.0000  0.0036  0.0007  0.0000  0.0003  0.0000  0.0000  0.0005  0.0004  0.0014  0.0034  0.0000  0.1822  0.0000  0.0000  0.0000
 0.0224  0.0000  0.0023  0.0043  0.0028  0.0010  1.0000  0.0010  0.0011  0.0030  0.0023  0.0010  0.0043  0.0061  0.0020  0.0021  0.4937  0.0046  0.0036  0.0005  0.0000  0.0010  0.0000  0.0000  0.0000
 0.0450  0.0000  0.0047  0.0154  1.0000  0.0112  0.0301  0.0838  0.0186  0.7819  0.0412  0.0137  0.0404  0.0313  0.0903  0.5689  0.2386  0.0449  0.0923  0.0065  0.0000  0.0600  0.0000  0.0000  0.0000
 1.0000  0.0000  0.0084  0.0039  0.0068  0.0042  0.0204  0.0016  0.0261  0.0070  0.0206  0.0067  0.0039  0.0140  0.0051  0.0046  0.0217  0.0230  0.7723  0.0010  0.0000  0.0020  0.0000  0.0000  0.0000
 0.1575  0.0000  0.0759  0.0634  0.0843  0.2860  0.1019  0.1671  0.3735  0.0898  0.4089  0.0694  0.0948  0.0632  0.0905  0.1073  0.1595  0.2483  0.5227  0.1796  0.0000  1.0000  0.0000  0.0000  0.0000
 0.0811  0.0000  0.0082  0.0142  0.1087  0.0226  0.0564  0.0697  0.0454  0.7502  1.0000  0.0340  0.0759  0.0626  0.1854  0.6914  0.0647  0.0848  0.0511  0.0130  0.0000  0.0357  0.0000  0.0000  0.0000
 1.0000  0.0000  0.0694  0.0195  0.0235  0.0113  0.1924  0.0046  0.1312  0.0258  0.0308  0.0129  0.0168  0.0661  0.0177  0.0187  0.1645  0.0476  0.8776  0.0038  0.0000  0.0086  0.0000  0.0000  0.0000
 0.1822  0.0000  0.0096  0.1100  0.2659  0.0094  0.0683  0.0236  0.0339  1.0000  0.0555  0.0556  0.0890  0.0500  0.6188  0.4350  0.1831  0.7447  0.1142  0.0034  0.0000  0.0079  0.0000  0.0000  0.0000
 0.5121  0.0000  0.1878  0.2108  0.2835  0.7026  0.3323  0.5471  0.3938  0.2988  0.6498  0.2207  0.3121  0.2060  0.2992  0.3577  0.4113  0.3950  0.5035  0.1848  0.0000  1.0000  0.0000  0.0000  0.0000
 0.6831  0.0000  0.0551  0.5395  0.9084  0.0808  0.3431  0.1594  0.1997  1.0000  0.4303  0.1035  0.4674  0.2480  0.5304  0.5961  0.6453  0.5489  0.2799  0.0255  0.0000  0.0884  0.0000  0.0000  0.0000
 0.7476  0.0000  0.0526  0.6176  1.0000  0.0491  0.3744  0.1195  0.1842  0.9228  0.3189  0.1042  0.4880  0.2701  0.5841  0.5216  0.7382  0.5702  0.2821  0.0169  0.0000  0.0373  0.0000  0.0000  0.0000
 0.0029  0.0000  0.0006  1.0000  0.0267  0.0005  0.0076  0.0024  0.0004  0.0035  0.0007  0.0003  0.0428  0.0021  0.0026  0.0017  0.1403  0.0377  0.0007  0.0003  0.0000  0.0012  0.0000  0.0000  0.0000
 0.0968  0.0000  0.0112  0.1381  0.1556  0.0150  1.0000  0.1106  0.0282  0.4385  0.0591  0.0199  0.4128  0.0600  0.1738  0.6486  0.2994  0.0913  0.0399  0.0091  0.0000  0.0305  0.0000  0.0000  0.0000
 0.4894  0.0000  0.0353  0.3376  0.5835  0.0549  0.2138  0.0866  0.1473  1.0000  0.2381  0.0649  0.2732  0.1531  0.3886  0.4248  0.4804  0.3354  0.3470  0.0167  0.0000  0.0907  0.0000  0.0000  0.0000
 0.5299  0.0000  0.1758  0.2317  0.3115  0.6922  0.3399  0.5627  0.3977  0.3484  0.6785  0.2431  0.3231  0.2530  0.3703  0.3803  0.4245  0.4309  0.5048  0.1822  0.0000  1.0000  0.0000  0.0000  0.0000
 0.0572  0.0000  0.0677  0.0138  0.0201  0.9513  0.0190  0.0216  0.1023  0.0120  0.2818  0.0504  0.0125  0.0222  0.0122  0.0142  0.0411  0.0389  0.3469  0.2069  0.0000  1.0000  0.0000  0.0000  0.0000
 0.6907  0.0000  0.0507  0.0043  0.0092  0.0057  0.0175  0.0021  0.0455  0.0094  0.0331  0.0105  0.0049  0.0169  0.0068  0.0057  0.0222  0.0361  1.0000  0.0012  0.0000  0.0023  0.0000  0.0000  0.0000
 0.1910  0.0000  0.0073  0.0022  0.0056  0.0135  0.0015  0.0017  0.9517  0.0061  1.0000  0.2445  0.0033  0.0077  0.0050  0.0041  0.0058  0.1040  0.2373  0.0017  0.0000  0.0032  0.0000  0.0000  0.0000
 0.0035  0.0000  0.0004  0.0009  0.0022  0.0005  0.0027  0.0012  0.0012  1.0000  0.0022  0.0006  0.0015  0.0021  0.0031  0.0071  0.0021  0.0021  0.0248  0.0004  0.0000  0.0007  0.0000  0.0000  0.0000
 0.1163  0.0000  0.0055  0.0716  1.0000  0.0134  0.0277  0.0245  0.0557  0.9710  0.0340  0.0117  0.0339  0.0309  0.1159  0.0964  0.0405  0.0418  0.0872  0.0052  0.0000  0.0845  0.0000  0.0000  0.0000
 0.0021  0.0000  0.0007  0.0005  0.0006  0.0037  0.0011  0.0001  0.8802  0.0010  0.1985  0.0717  0.0006  0.0004  0.0004  0.0008  0.0010  0.0025  1.0000  0.0004  0.0000  0.0015  0.0000  0.0000  0.0000
 0.3461  0.0000  0.0210  0.4848  0.4543  0.0831  0.1944  0.1135  0.0722  0.3974  0.1166  0.0409  0.7931  0.1053  1.0000  0.5765  0.3073  0.2193  0.1098  0.0072  0.0000  0.0180  0.0000  0.0000  0.0000
 0.0036  0.0000  0.0011  0.0006  0.0010  0.0080  0.0012  0.0004  1.0000  0.0014  0.6799  0.1368  0.0010  0.0012  0.0013  0.0013  0.0013  0.0031  0.1625  0.0009  0.0000  0.0018  0.0000  0.0000  0.0000
 0.5522  0.0000  0.1802  0.2052  0.2728  0.8137  0.3429  0.5373  0.3907  0.2904  0.6446  0.2340  0.3060  0.2279  0.2924  0.3689  0.4644  0.4052  0.4992  0.1833  0.0000  1.0000  0.0000  0.0000  0.0000
 0.5149  0.0000  0.0270  0.6134  1.0000  0.0254  0.3736  0.0621  0.0946  0.7928  0.1528  0.0536  0.4679  0.1935  0.3319  0.4472  0.3720  0.2905  0.1444  0.0088  0.0000  0.0195  0.0000  0.0000  0.0000
 0.3482  0.0000  0.0534  0.0787  0.1740  0.1863  0.1564  0.1833  0.2183  0.6704  1.0000  0.5316  0.1404  0.1222  0.2212  0.4263  0.3887  0.2206  0.2294  0.0474  0.0000  0.1974  0.0000  0.0000  0.0000
 0.1877  0.0000  0.0075  0.0064  0.0119  0.0809  0.0106  0.0156  0.0350  0.0734  0.1145  1.0000  0.0108  0.0444  0.0141  0.0707  0.0144  0.0212  0.0739  0.0058  0.0000  0.0261  0.0000  0.0000  0.0000
 0.2728  0.0000  0.0251  0.7629  0.3137  0.0188  0.1227  0.0406  0.0544  0.3174  0.0771  0.0307  0.1783  0.2588  0.2034  0.1211  1.0000  0.4369  0.0867  0.0089  0.0000  0.0203  0.0000  0.0000  0.0000
 1.0000  0.0000  0.0200  0.3341  0.3772  0.0187  0.1615  0.0455  0.1310  0.4104  0.1131  0.0397  0.2855  0.2645  0.2637  0.2273  0.5435  0.2721  0.1653  0.0064  0.0000  0.0143  0.0000  0.0000  0.0000
 0.0033  0.0000  0.0003  0.0006  0.0046  0.0007  0.0023  0.0029  0.0014  1.0000  0.0033  0.0011  0.0032  0.0026  0.1859  0.3048  0.0027  0.0035  0.0018  0.0005  0.0000  0.0015  0.0000  0.0000  0.0000
 0.4471  0.0000  0.0008  0.2221  1.0000  0.0055  0.0226  0.0146  0.0073  0.0619  0.0136  0.0056  0.0248  0.0372  0.1023  0.0164  0.0308  0.0267  0.0142  0.0026  0.0000  0.0074  0.0000  0.0000  0.0000
 0.0027  0.0000  0.0003  0.0005  0.0038  0.0006  0.0019  0.0024  0.0012  0.0970  0.0028  0.0009  0.0026  0.0021  0.0569  1.0000  0.0023  0.0840  0.0015  0.0004  0.0000  0.0012  0.0000  0.0000  0.0000
 0.4732  0.0000  0.0080  0.2204  0.9175  0.0076  0.0577  0.0188  0.0281  0.3097  0.0455  0.0160  0.1424  0.0423  1.0000  0.4648  0.1672  0.0863  0.0430  0.0027  0.0000  0.0060  0.0000  0.0000  0.0000
 0.3881  0.0000  0.0032  1.0000  0.8027  0.0057  0.0400  0.0169  0.0509  0.0655  0.0165  0.0064  0.1490  0.0339  0.0683  0.0250  0.1846  0.0385  0.0166  0.0026  0.0000  0.0082  0.0000  0.0000  0.0000
 1.0000  0.0000  0.8175  0.0142  0.0145  0.0066  0.0583  0.0040  0.0223  0.0174  0.0226  0.0094  0.0189  0.0346  0.0127  0.0117  0.7218  0.1791  0.1251  0.0026  0.0000  0.0050  0.0000  0.0000  0.0000
 0.3050  0.0000  0.0361  0.1333  0.3518  0.0808  0.1579  0.1457  0.2138  1.0000  0.3362  0.1002  0.2090  0.1550  0.3955  0.8119  0.2370  0.2656  0.2740  0.0306  0.0000  0.0982  0.0000  0.0000  0.0000
 0.0106  0.0000  0.0010  0.0020  0.0148  0.0022  0.0075  0.0523  0.0045  1.0000  0.0738  0.0035  0.1604  0.0083  0.1686  0.3292  0.0087  0.0563  0.0060  0.0016  0.0000  0.0047  0.0000  0.0000  0.0000
 0.0000  0.0000  0.0000  0.0000  1.0000  0.0000  0.0000  0.0000  0.0000  0.0000  0.0000  0.0000  0.0000  0.0000  0.0000  0.0000  0.0000  0.0000  0.0000  0.0000  0.0000  0.0000  0.0000  0.0000  0.0000
 0.5787  0.0000  0.0664  0.0036  0.0106  0.0095  0.0015  0.0026  1.0000  0.0108  0.0598  0.0166  0.0052  0.0148  0.0077  0.0062  0.0110  0.0500  0.7232  0.0015  0.0000  0.0033  0.0000  0.0000  0.0000
 0.8004  0.0000  0.0500  0.8313  0.9486  0.0472  0.4318  0.1480  0.2041  1.0000  0.2824  0.0990  0.4788  0.2564  0.6222  0.5359  0.6857  0.5448  0.3223  0.0162  0.0000  0.0363  0.0000  0.0000  0.0000
 0.0030  0.0000  0.0008  0.0005  0.0008  0.0064  0.0008  0.0004  0.2036  0.0011  1.0000  0.0583  0.0007  0.0010  0.0011  0.0010  0.0010  0.0023  0.3503  0.0008  0.0000  0.0013  0.0000  0.0000  0.0000
 0.0000  0.0000  0.0000  0.0000  0.0000  0.0000  0.0000  0.0000  0.0000  0.0000  1.0000  0.0000  0.0000  0.0000  0.0000  0.0000  0.0000  0.0000  0.0000  0.0000  0.0000  0.0000  0.0000  0.0000  0.0000
 0.4644  0.0000  0.0091  0.0707  0.2420  0.0141  0.0666  0.0520  0.0354  1.0000  0.0721  0.0244  0.0870  0.0616  0.2054  0.4257  0.5665  0.0986  0.0505  0.0089  0.0000  0.0244  0.0000  0.0000  0.0000
 0.3656  0.0000  0.0188  0.1454  0.2278  0.0887  0.0955  0.0420  0.0542  0.5269  0.0852  0.1114  0.2861  0.0737  1.0000  0.1427  0.2927  0.3516  0.0808  0.0091  0.0000  0.0321  0.0000  0.0000  0.0000
 0.0018  0.0000  0.0005  0.0002  0.0005  0.0047  0.0003  0.0004  0.0089  0.0006  1.0000  0.3390  0.0004  0.0007  0.0009  0.0006  0.0005  0.0010  0.0449  0.0006  0.0000  0.0006  0.0000  0.0000  0.0000
 0.1879  0.0000  0.0109  0.2320  0.2318  0.0105  0.0827  0.2027  0.0365  0.9622  0.0595  0.0208  1.0000  0.0558  0.1926  0.1839  0.2055  0.1133  0.0555  0.0038  0.0000  0.0095  0.0000  0.0000  0.0000
 0.0000  0.0000  0.0000  0.0000  0.0000  0.0000  0.0000  1.0000  0.0000  0.0000  0.0000  0.0000  0.0000  0.0000  0.0000  0.0000  0.0000  0.0000  0.0000  0.0000  0.0000  0.0000  0.0000  0.0000  0.0000
 0.0068  0.0000  0.0008  0.0021  0.0265  0.0006  0.0029  0.0012  0.0023  0.0083  0.0026  0.0009  0.0019  1.0000  0.0036  0.0323  0.0043  0.0165  0.0249  0.0003  0.0000  0.0007  0.0000  0.0000  0.0000
 0.0032  0.0000  0.0008  0.0159  0.0047  0.0007  0.0113  0.0293  0.0004  0.0047  0.0008  0.0003  1.0000  0.0026  0.0031  0.0025  0.0086  0.0034  0.0006  0.0004  0.0000  0.0781  0.0000  0.0000  0.0000
 0.0010  0.0000  0.0003  0.0002  0.0003  0.0012  0.0004  0.0000  1.0000  0.0004  0.0065  0.0012  0.0002  0.0002  0.0001  0.0003  0.0004  0.0011  0.2737  0.0001  0.0000  0.0006  0.0000  0.0000  0.0000
 0.0054  0.0000  0.0013  0.0006  0.0011  0.0029  0.0008  0.0002  0.9076  0.0013  0.0157  0.0031  0.0008  0.0011  0.0006  0.0009  0.0013  0.1338  1.0000  0.0004  0.0000  0.0013  0.0000  0.0000  0.0000
 0.4220  0.0000  0.0163  0.1727  0.2938  0.0170  0.3089  0.0466  0.0575  1.0000  0.1126  0.0339  0.1493  0.0870  0.4124  0.5843  0.3297  0.4642  0.0865  0.0072  0.0000  0.0176  0.0000  0.0000  0.0000
 0.0010  0.0000  0.0267  0.0002  0.0003  0.1825  0.0002  0.0000  0.0022  0.0000  0.0052  0.0010  0.0000  0.0004  0.0000  0.0000  0.0007  0.0006  0.0020  0.0049  0.0000  1.0000  0.0000  0.0000  0.0000
 0.5009  0.0000  0.1745  0.2024  0.2707  0.6958  0.3257  0.5400  0.3900  0.3075  0.6494  0.2181  0.3040  0.2023  0.2947  0.3564  0.3959  0.3869  0.5008  0.1825  0.0000  1.0000  0.0000  0.0000  0.0000
 0.3439  0.0000  0.0025  0.5800  1.0000  0.0045  0.0340  0.0144  0.0061  0.0465  0.0107  0.0043  0.0864  0.0269  0.0524  0.0159  0.0624  0.0718  0.0111  0.0022  0.0000  0.0073  0.0000  0.0000  0.0000
 0.0190  0.0000  0.0035  0.0292  0.0106  0.0023  0.0231  0.1490  0.0037  0.0125  0.0045  0.0021  0.0656  0.0097  0.0083  0.0074  1.0000  0.0452  0.0454  0.0012  0.0000  0.0041  0.0000  0.0000  0.0000
 0.0007  0.0000  0.0004  0.0001  0.0002  1.0000  0.0001  0.0000  0.0015  0.0000  0.0038  0.0008  0.0000  0.0003  0.0000  0.0000  0.0005  0.0005  0.0014  0.1017  0.0000  0.0517  0.0000  0.0000  0.0000
 0.6959  0.0000  0.0548  0.5719  1.0000  0.0697  0.3464  0.1407  0.2286  0.9539  0.3082  0.1062  0.4509  0.2636  0.5810  0.5864  0.6522  0.5356  0.2978  0.0242  0.0000  0.0734  0.0000  0.0000  0.0000
 0.2430  0.0000  0.0087  0.2026  1.0000  0.0113  0.1544  0.1144  0.0291  0.1368  0.0755  0.0165  0.1119  0.0421  0.0893  0.0773  0.1088  0.1323  0.0776  0.0036  0.0000  0.0115  0.0000  0.0000  0.0000
 0.1379  0.0000  0.0098  1.0000  0.3734  0.0092  0.1386  0.0225  0.0593  0.4205  0.0550  0.0193  0.5521  0.0503  0.1077  0.4044  0.1815  0.1678  0.0520  0.0032  0.0000  0.0071  0.0000  0.0000  0.0000
 0.0175  0.0000  0.0033  0.0580  0.0233  0.0034  1.0000  0.0164  0.0033  0.0837  0.0075  0.0026  0.8345  0.0132  0.0221  0.1224  0.0362  0.0749  0.0049  0.0020  0.0000  0.0083  0.0000  0.0000  0.0000
 0.5426  0.0000  0.1998  0.2266  0.4484  0.7010  0.3391  0.5676  0.3945  0.3224  0.7020  0.2211  0.3474  0.2116  0.3201  0.4024  0.4871  0.4177  0.5155  0.1825  0.0000  1.0000  0.0000  0.0000  0.0000
 0.0012  0.0000  0.0003  0.0001  0.0003  0.0029  0.0002  0.0002  0.0359  0.0004  1.0000  0.0035  0.0003  0.0005  0.0006  0.0004  0.0003  0.0121  0.0033  0.0003  0.0000  0.0004  0.0000  0.0000  0.0000
 0.4518  0.0000  0.1793  0.3060  0.2673  0.6276  0.3713  0.4998  0.3328  0.2825  0.5514  0.1872  0.5276  0.1926  0.2713  0.3115  0.4086  0.3568  0.4252  0.1576  0.0000  1.0000  0.0000  0.0000  0.0000
 0.0000  0.0000  0.0000  0.0000  0.0000  0.0000  0.0000  0.0000  1.0000  0.0000  0.0000  0.0000  0.0000  0.0000  0.0000  0.0000  0.0000  0.0000  0.0000  0.0000  0.0000  0.0000  0.0000  0.0000  0.0000
 0.0215  0.0000  0.0008  0.0002  0.0006  0.0008  0.0002  0.0001  0.0829  0.0006  0.0045  0.0011  0.0003  0.0008  0.0004  0.0004  0.0007  0.0029  1.0000  0.0001  0.0000  0.0003  0.0000  0.0000  0.0000
 0.0020  0.0000  0.0005  0.0002  0.0005  0.0054  0.0004  0.0004  0.0099  0.0007  0.5401  1.0000  0.0005  0.0008  0.0010  0.0007  0.0006  0.0011  0.0054  0.0006  0.0000  0.0007  0.0000  0.0000  0.0000
 0.0122  0.0000  0.0015  0.2971  1.0000  0.0017  0.1574  0.0077  0.0013  0.0147  0.0027  0.0010  0.0584  0.0086  0.0141  0.0058  0.0188  0.0089  0.0024  0.0009  0.0000  0.0039  0.0000  0.0000  0.0000
 0.0069  0.0000  0.0030  0.0010  0.0018  0.3579  0.0012  0.0005  0.0649  0.0008  0.6036  0.0122  0.0006  0.0027  0.0012  0.0008  0.0039  0.0043  0.0156  0.0239  0.0000  1.0000  0.0000  0.0000  0.0000
 1.0000  0.0000  0.5951  0.0082  0.0098  0.0042  0.0601  0.0020  0.0059  0.0112  0.0113  0.0051  0.0072  0.0270  0.0075  0.0247  0.0550  0.0196  0.0201  0.0016  0.0000  0.0033  0.0000  0.0000  0.0000
 0.0382  0.0000  0.0001  1.0000  0.3207  0.0005  0.0030  0.0016  0.0007  0.0059  0.0013  0.0005  0.1159  0.0035  0.0334  0.0017  0.0035  0.0027  0.0013  0.0003  0.0000  0.0008  0.0000  0.0000  0.0000
 0.7064  0.0000  0.0022  0.0044  0.0027  0.0009  1.0000  0.0010  0.0009  0.0028  0.0021  0.0010  0.0463  0.0056  0.0019  0.0019  0.0121  0.0042  0.0035  0.0003  0.0000  0.0009  0.0000  0.0000  0.0000
 0.0000  0.0000  0.0000  0.0000  0.0000  0.0000  1.0000  0.0000  0.0000  0.0000  0.0000  0.0000  0.0000  0.0000  0.0000  0.0000  0.0000  0.0000  0.0000  0.0000  0.0000  0.0000  0.0000  0.0000  0.0000
 0.0000  0.0000  0.0000  1.0000  0.0000  0.0000  0.0000  0.0000  0.0000  0.0000  0.0000  0.0000  0.0000  0.0000  0.0000  0.0000  0.0000  0.0000  0.0000  0.0000  0.0000  0.0000  0.0000  0.0000  0.0000
 0.0011  0.0000  0.0003  0.0001  0.0003  0.0028  0.0002  0.0002  0.0506  0.0004  1.0000  0.0035  0.0003  0.0004  0.0005  0.0004  0.0003  0.0006  0.0030  0.0003  0.0000  0.0004  0.0000  0.0000  0.0000
 0.5010  0.0000  0.1747  0.2012  0.2672  0.6981  0.3230  0.5348  0.3858  0.2845  0.6365  0.2234  0.3046  0.2002  0.2876  0.3405  0.4168  0.3872  0.4921  0.1812  0.0000  1.0000  0.0000  0.0000  0.0000
 0.2688  0.0000  0.0147  0.2363  0.2741  0.0144  0.1038  0.0798  0.0513  0.5431  0.1883  0.1092  0.1615  0.0749  1.0000  0.7334  0.3877  0.2575  0.0781  0.0049  0.0000  0.0115  0.0000  0.0000  0.0000
 0.1517  0.0000  0.0130  0.0343  0.2142  0.0280  0.0968  0.1194  0.0580  1.0000  0.1364  0.1093  0.1321  0.1073  0.3261  0.8385  0.1140  0.1464  0.0774  0.0210  0.0000  0.0600  0.0000  0.0000  0.0000
 0.0010  0.0000  0.0003  0.0002  0.0003  0.0016  0.0004  0.0000  1.0000  0.0004  0.1612  0.0017  0.0003  0.0002  0.0002  0.0003  0.0004  0.0011  0.0889  0.0002  0.0000  0.0006  0.0000  0.0000  0.0000
 0.0304  0.0000  0.0005  0.0014  0.0428  0.0010  0.0035  0.0042  0.0020  1.0000  0.0048  0.0016  0.2305  0.0038  0.0456  0.1370  0.0041  0.0052  0.0027  0.0007  0.0000  0.0021  0.0000  0.0000  0.0000
 0.6839  0.0000  0.1114  0.1705  0.6341  0.5022  0.2281  0.8205  0.2529  0.4093  0.4854  0.1418  0.3719  0.1443  0.4308  0.3236  0.3485  0.2798  0.3259  0.1136  0.0000  1.0000  0.0000  0.0000  0.0000
 0.4708  0.0000  0.1300  0.1626  0.3501  0.5107  0.3049  0.4589  0.3418  1.0000  0.6401  0.2046  0.3171  0.2303  0.4792  0.9096  0.3659  0.3884  0.4202  0.1411  0.0000  0.7101  0.0000  0.0000  0.0000
 0.0048  0.0000  0.0005  0.0024  0.0066  0.0010  0.0591  0.0043  0.0019  1.0000  0.0045  0.0015  0.0326  0.0037  0.0107  0.1416  0.0046  0.0670  0.0026  0.0007  0.0000  0.0021  0.0000  0.0000  0.0000
 0.0442  0.0000  0.0062  0.0135  0.0932  0.0185  0.0295  0.0367  0.0732  1.0000  0.0879  0.0746  0.0379  0.0290  0.3547  0.2808  0.0367  0.0430  0.0277  0.0079  0.0000  0.0900  0.0000  0.0000  0.0000
 0.0191  0.0000  0.0019  0.0054  0.0257  0.0037  0.0789  0.0158  0.0076  0.3471  0.0178  0.0059  0.0191  0.0142  1.0000  0.3931  0.1347  0.0196  0.0102  0.0028  0.0000  0.0080  0.0000  0.0000  0.0000
 0.0273  0.0000  0.0063  0.1826  0.0400  0.0054  1.0000  0.0285  0.0031  0.5283  0.0068  0.0024  0.2361  0.0216  0.0268  0.1489  0.1187  0.0286  0.0050  0.0028  0.0000  0.0144  0.0000  0.0000  0.0000
 0.6837  0.0000  0.0778  0.5239  0.8422  0.0533  0.3520  0.1112  0.2060  1.0000  0.2630  0.0921  0.4177  0.2329  0.6315  0.7986  0.6711  0.5429  0.4127  0.0176  0.0000  0.0487  0.0000  0.0000  0.0000
 0.1040  0.0000  0.0221  0.0263  0.0360  0.0875  0.0422  0.0994  0.0495  0.0457  1.0000  0.0279  0.0630  0.1502  0.0398  0.0928  0.0517  0.0766  0.0632  0.0231  0.0000  0.1980  0.0000  0.0000  0.0000
 0.0167  0.0000  0.0043  0.0020  0.0043  1.0000  0.0034  0.0033  0.7306  0.0057  0.5713  0.1074  0.0041  0.0070  0.0087  0.0057  0.0047  0.0097  0.0485  0.0055  0.0000  0.0067  0.0000  0.0000  0.0000
 0.0781  0.0000  0.0025  0.0614  0.1067  0.0025  0.0180  0.0059  0.0598  0.1387  0.0497  0.0050  0.0233  1.0000  0.1802  0.0247  0.4614  0.0271  0.0135  0.0009  0.0000  0.0020  0.0000  0.0000  0.0000
 0.0374  0.0000  0.0005  0.0114  1.0000  0.0006  0.0038  0.0011  0.0010  0.0047  0.0217  0.0007  0.0019  0.0349  0.0057  0.0015  0.0042  0.0027  0.0021  0.0002  0.0000  0.0006  0.0000  0.0000  0.0000
 0.5601  0.0000  0.0354  1.0000  0.7602  0.0692  0.2529  0.0812  0.1237  0.9092  0.1998  0.0701  0.4325  0.1824  0.4401  0.7968  0.6146  0.3794  0.1887  0.0115  0.0000  0.0257  0.0000  0.0000  0.0000
 0.5994  0.0000  0.1440  0.3409  0.6901  0.5536  0.4068  0.4282  0.3762  0.5050  0.6252  0.2516  0.3745  0.2327  1.0000  0.4544  0.5155  0.9569  0.4705  0.1387  0.0000  0.7333  0.0000  0.0000  0.0000
 0.0016  0.0000  0.0006  0.0004  0.0005  0.0025  0.0008  0.0000  1.0000  0.0007  0.0637  0.0024  0.0005  0.0003  0.0002  0.0006  0.0007  0.0020  0.8729  0.0003  0.0000  0.0012  0.0000  0.0000  0.0000
 0.0407  0.0000  0.0105  0.0050  0.0103  0.1062  0.0082  0.0078  0.2357  0.0138  1.0000  0.2041  0.0098  0.0167  0.0204  0.0136  0.0114  0.0244  0.2285  0.3683  0.0000  0.0140  0.0000  0.0000  0.0000
 0.4895  0.0000  0.0538  0.7396  0.7469  0.1666  0.2730  0.2184  0.1923  1.0000  0.2565  0.0890  0.4173  0.1804  0.4161  0.3784  0.5267  0.3722  0.2545  0.0348  0.0000  0.1959  0.0000  0.0000  0.0000
 0.0159  0.0000  0.0655  0.0073  0.0088  0.0555  0.0109  0.0169  0.0121  0.0586  0.0201  0.0068  0.0556  0.0065  0.0094  0.0114  0.0130  0.0124  0.0155  1.0000  0.0000  0.6421  0.0000  0.0000  0.0000
 0.0006  0.0000  0.0003  0.0001  0.0001  1.0000  0.0001  0.0000  0.0012  0.0000  0.0029  0.0006  0.0000  0.0002  0.0000  0.0000  0.0004  0.0004  0.0011  0.0027  0.0000  0.0384  0.0000  0.0000  0.0000
 0.0469  0.0000  0.0066  0.0018  0.0050  0.0037  0.0004  0.0013  0.0716  0.0051  0.0647  0.0072  0.0027  0.0071  0.0038  0.0029  0.1608  0.2278  1.0000  0.0006  0.0000  0.0012  0.0000  0.0000  0.0000
 0.0061  0.0000  0.0205  0.0046  0.0346  0.0005  0.0044  0.0010  0.0007  0.0038  0.0013  0.0005  0.0030  0.0022  1.0000  0.0026  0.0040  0.0022  0.0016  0.0003  0.0000  0.0007  0.0000  0.0000  0.0000
 0.0067  0.0000  0.0570  0.0009  0.0016  0.0132  0.0015  0.0009  1.0000  0.0022  0.8287  0.2360  0.0015  0.0023  0.0025  0.0020  0.0019  0.0049  0.0951  0.0016  0.0000  0.0023  0.0000  0.0000  0.0000
 0.2166  0.0000  1.0000  0.0016  0.0020  0.0011  0.0112  0.0005  0.0020  0.0022  0.0028  0.0012  0.0015  0.0053  0.0015  0.0015  0.0579  0.0049  0.0554  0.0003  0.0000  0.0369  0.0000  0.0000  0.0000
 0.2160  0.0000  0.0369  0.0846  0.1581  0.0500  0.1014  0.0932  0.0884  0.5974  1.0000  0.3324  0.2038  0.1253  0.2225  0.4928  0.9383  0.6742  0.1215  0.0243  0.0000  0.0721  0.0000  0.0000  0.0000
 1.0000  0.0000  0.0020  0.0350  0.0022  0.0008  0.1619  0.0006  0.0009  0.0023  0.0019  0.0009  0.0028  0.0051  0.0016  0.0016  0.0321  0.0037  0.0033  0.0003  0.0000  0.0007  0.0000  0.0000  0.0000
 0.0036  0.0000  0.0010  0.0006  0.0009  0.0077  0.0010  0.0005  0.2245  0.0013  1.0000  0.1231  0.0009  0.0012  0.0013  0.0012  0.0012  0.0028  0.4285  0.0009  0.0000  0.0016  0.0000  0.0000  0.0000
 0.0968  0.0000  0.0062  0.1570  0.8809  0.0069  0.0493  0.0175  0.0223  1.0000  0.1614  0.0130  0.2288  0.0387  0.4414  0.0635  0.2363  0.0697  0.0346  0.0026  0.0000  0.0063  0.0000  0.0000  0.0000
 0.0046  0.0000  0.0008  0.0040  0.0052  0.0019  0.0049  1.0000  0.0019  0.0194  0.0040  0.0013  0.0066  0.0429  0.0072  0.0439  0.0047  0.0043  0.0026  0.0008  0.0000  0.4065  0.0000  0.0000  0.0000
 0.0236  0.0000  0.0757  0.0026  0.0048  0.0189  0.0038  0.0012  0.6737  0.0060  0.5974  1.0000  0.0036  0.0054  0.0039  0.0045  0.0816  0.0197  0.8535  0.0023  0.0000  0.0061  0.0000  0.0000  0.0000
 0.0018  0.0000  0.0004  0.0079  0.0023  0.0003  0.0057  1.0000  0.0002  0.0023  0.0004  0.0001  0.0641  0.0013  0.0015  0.0012  0.0262  0.0020  0.0003  0.0002  0.0000  0.0009  0.0000  0.0000  0.0000
 0.1571  0.0000  0.0040  0.8478  1.0000  0.0144  0.0745  0.0407  0.0200  0.2435  0.0590  0.0148  0.0928  0.0931  0.1985  0.0504  0.5448  0.0776  0.0374  0.0068  0.0000  0.0204  0.0000  0.0000  0.0000
 0.0045  0.0000  0.0004  0.0008  0.0063  0.0009  0.0032  0.0214  0.0019  0.4313  0.0046  0.0015  0.0489  0.0036  0.0378  1.0000  0.0037  0.0049  0.0434  0.0007  0.0000  0.0020  0.0000  0.0000  0.0000
 0.0168  0.0000  0.0016  0.0030  0.0234  0.0035  0.0119  0.4664  0.0072  0.9032  0.0171  0.0056  0.1198  0.0132  0.0844  1.0000  0.0138  0.0181  0.0733  0.0026  0.0000  0.0076  0.0000  0.0000  0.0000
 0.0142  0.0000  0.0029  0.0007  0.0022  0.0024  0.0002  0.0421  1.0000  0.0022  0.0150  0.0041  0.0011  0.0031  0.0017  0.0013  0.0022  0.0100  0.5338  0.0004  0.0000  0.0006  0.0000  0.0000  0.0000
 0.0030  0.0000  0.0008  0.0004  0.0008  0.0082  0.0006  0.0006  0.0639  0.0010  1.0000  0.4191  0.0401  0.0013  0.0016  0.0010  0.0008  0.0018  0.0085  0.0010  0.0000  0.0010  0.0000  0.0000  0.0000
 0.0045  0.0000  0.0006  0.0056  0.0374  0.0006  0.0031  1.0000  0.0014  0.0047  0.0020  0.0006  0.0028  0.0022  0.0032  0.0031  0.0028  0.0024  0.0224  0.0003  0.0000  0.0007  0.0000  0.0000  0.0000
 0.0017  0.0000  0.0002  0.0004  0.0020  0.0003  0.0012  0.0013  0.0006  0.0382  0.0015  0.0005  0.0015  0.0012  0.0034  1.0000  0.0210  0.0016  0.0008  0.0002  0.0000  0.0007  0.0000  0.0000  0.0000
 0.0021  0.0000  0.0011  1.0000  0.0031  0.0019  0.0060  0.0016  0.0007  0.0020  0.0013  0.0003  0.0064  0.0020  0.0016  0.0015  0.0033  0.0018  0.0009  0.0008  0.0000  0.0299  0.0000  0.0000  0.0000
 0.0031  0.0000  0.0008  0.0004  0.0008  0.0077  0.0007  0.0005  1.0000  0.0011  0.6276  0.0577  0.0008  0.0012  0.0014  0.0011  0.0009  0.0021  0.0381  0.0009  0.0000  0.0012  0.0000  0.0000  0.0000
 0.0000  0.0000  0.0000  0.0000  0.0000  0.0000  0.0000  0.0000  0.0000  1.0000  0.0000  0.0000  0.0000  0.0000  0.0000  0.0000  0.0000  0.0000  0.0000  0.0000  0.0000  0.0000  0.0000  0.0000  0.0000
 0.4151  0.0000  0.1782  0.0301  0.0291  0.0121  0.2096  0.0075  0.0190  0.0350  0.0312  0.0152  0.0375  0.9167  0.0251  0.0241  0.7743  1.0000  0.0535  0.0052  0.0000  0.0104  0.0000  0.0000  0.0000
 0.7899  0.0000  0.0241  0.0490  0.1518  0.0223  0.1394  0.0619  0.0457  0.5738  0.0949  0.0721  0.0782  0.0973  1.0000  0.3897  0.1431  0.1090  0.0831  0.0129  0.0000  0.0348  0.0000  0.0000  0.0000
 0.0000  0.0000  0.0000  0.0000  0.0000  0.0000  0.0000  0.0000  0.0000  0.0000  0.0000  0.0000  1.0000  0.0000  0.0000  0.0000  0.0000  0.0000  0.0000  0.0000  0.0000  0.0000  0.0000  0.0000  0.0000
 0.0019  0.0000  0.0006  0.0004  0.0005  0.0024  0.0008  0.0000  0.8657  0.0007  0.0129  0.0278  0.0005  0.0004  0.0003  0.0006  0.0007  0.0021  1.0000  0.0003  0.0000  0.0011  0.0000  0.0000  0.0000
 0.0000  0.0000  0.0000  0.0000  0.0000  1.0000  0.0000  0.0000  0.0000  0.0000  0.0000  0.0000  0.0000  0.0000  0.0000  0.0000  0.0000  0.0000  0.0000  0.0000  0.0000  0.0000  0.0000  0.0000  0.0000
 0.0027  0.0000  0.0007  0.0003  0.0007  0.0072  0.0005  0.0005  0.4984  0.0009  1.0000  0.0421  0.0007  0.0011  0.0014  0.0009  0.0008  0.0016  0.0079  0.0008  0.0000  0.0009  0.0000  0.0000  0.0000
 0.0064  0.0000  0.0351  0.0028  0.0018  0.0007  0.0018  0.0008  0.0020  0.0027  0.0018  0.1074  0.0273  0.0033  0.0021  0.0017  0.1201  1.0000  0.0031  0.0004  0.0000  0.0008  0.0000  0.0000  0.0000
 0.8880  0.0000  0.0274  0.2929  0.4941  0.0284  0.1917  0.0767  0.1249  1.0000  0.1627  0.0567  0.2850  0.1454  0.4201  0.5648  0.4530  0.3402  0.1456  0.0118  0.0000  0.0287  0.0000  0.0000  0.0000
 0.4608  0.0000  0.0435  0.9630  0.6010  0.0442  0.3897  0.1363  0.1464  0.5925  0.1802  0.0640  0.7807  0.1896  0.3611  0.3635  0.6328  1.0000  0.1701  0.0167  0.0000  0.0563  0.0000  0.0000  0.0000
 0.0035  0.0000  0.0008  0.0159  0.0389  0.0007  1.0000  0.0034  0.0003  0.0246  0.0008  0.0003  0.1863  0.0026  0.0031  0.0024  0.0383  0.0034  0.0006  0.0003  0.0000  0.0017  0.0000  0.0000  0.0000
 0.4943  0.0000  0.0300  0.4446  0.5507  0.0304  0.2091  0.0687  0.7261  0.6900  0.1678  0.2183  0.3449  0.1508  0.4121  0.3480  0.4731  0.7054  1.0000  0.0102  0.0000  0.0252  0.0000  0.0000  0.0000
 0.0019  0.0000  0.0303  0.0003  0.0004  0.0015  0.0005  0.0000  0.3147  0.0006  0.0321  0.0015  0.0003  0.0004  0.0002  0.0004  0.0006  0.0018  1.0000  0.0002  0.0000  0.0007  0.0000  0.0000  0.0000
 0.0018  0.0000  0.0002  0.0007  0.0025  0.0004  0.0015  0.0014  0.0007  1.0000  0.0016  0.0005  0.0017  0.0015  0.1101  0.0090  0.0015  0.0017  0.0009  0.0003  0.0000  0.0007  0.0000  0.0000  0.0000
 0.0019  0.0000  0.0005  0.0002  0.0005  0.0046  0.0004  0.0003  0.0319  0.0006  1.0000  0.0493  0.0004  0.0007  0.0009  0.0006  0.0005  0.0012  0.1721  0.0005  0.0000  0.0006  0.0000  0.0000  0.0000
 0.0000  0.0000  0.0000  0.0000  0.0000  0.0000  1.0000  0.0000  0.0000  0.0000  0.0000  0.0000  0.0000  0.0000  0.0000  0.0000  0.0000  0.0000  0.0000  0.0000  0.0000  0.0000  0.0000  0.0000  0.0000
 0.0000  0.0000  0.0000  1.0000  0.0000  0.0000  0.0000  0.0000  0.0000  0.0000  0.0000  0.0000  0.0000  0.0000  0.0000  0.0000  0.0000  0.0000  0.0000  0.0000  0.0000  0.0000  0.0000  0.0000  0.0000
 0.0066  0.0000  0.0017  0.0008  0.0017  1.0000  0.0013  0.0013  0.0330  0.0022  0.8775  0.0649  0.0016  0.0028  0.0034  0.0022  0.0019  0.0038  0.0181  0.0028  0.0000  0.0053  0.0000  0.0000  0.0000
 0.0000  0.0000  0.0000  0.0000  0.0000  0.0000  1.0000  0.0000  0.0000  0.0000  0.0000  0.0000  0.0000  0.0000  0.0000  0.0000  0.0000  0.0000  0.0000  0.0000  0.0000  0.0000  0.0000  0.0000  0.0000
 0.0048  0.0000  0.0013  0.0008  0.0012  0.0074  0.0014  0.0004  1.0000  0.0016  0.5738  0.0084  0.0011  0.0013  0.0012  0.0014  0.1118  0.0043  0.0885  0.0009  0.0000  0.0021  0.0000  0.0000  0.0000
 1.0000  0.0000  0.0037  0.0028  0.0033  0.0014  0.6186  0.0006  0.0016  0.0036  0.0035  0.0017  0.0025  0.0092  0.0025  0.0026  0.2821  0.0064  0.0060  0.0005  0.0000  0.0011  0.0000  0.0000  0.0000
 0.0043  0.0000  0.0004  0.0008  0.0059  0.0009  0.0031  0.0038  0.0018  0.1964  0.0043  0.0014  0.0042  0.0034  0.0100  1.0000  0.0037  0.1635  0.0024  0.0007  0.0000  0.0019  0.0000  0.0000  0.0000
 0.0104  0.0000  0.0038  0.0028  0.0033  0.5391  0.0056  0.0003  0.4509  0.0049  0.2144  0.0190  0.0033  0.0022  0.0019  0.0042  0.0051  0.0126  1.0000  0.0038  0.0000  0.0362  0.0000  0.0000  0.0000
 0.0044  0.0000  0.0013  0.0006  0.0011  0.4832  0.0010  0.0008  0.0201  0.0013  1.0000  0.0131  0.0009  0.0019  0.0020  0.0013  0.0015  0.0026  0.0115  0.0043  0.0000  0.0137  0.0000  0.0000  0.0000
 0.1197  0.0000  0.0089  0.1667  0.4406  0.0085  0.0693  0.0480  0.0291  0.2617  0.0475  0.0167  0.5094  0.0458  0.2546  0.2819  1.0000  0.0914  0.0444  0.0032  0.0000  0.0081  0.0000  0.0000  0.0000
 0.0179  0.0000  0.0042  0.0788  0.0235  0.0034  0.0943  0.1322  0.0023  0.0814  0.0043  0.0017  0.6122  0.0137  0.0158  0.0129  1.0000  0.0578  0.0038  0.0018  0.0000  0.0088  0.0000  0.0000  0.0000
 0.4363  0.0000  0.0280  0.5271  1.0000  0.0314  0.2168  0.1625  0.0997  0.8152  0.1626  0.0581  0.2824  0.2601  0.4012  0.2803  0.4555  0.8565  0.1552  0.0119  0.0000  0.0292  0.0000  0.0000  0.0000
 0.4851  0.0000  0.2084  0.1962  0.2607  0.7455  0.3538  0.5183  0.3776  0.2776  0.6683  0.3229  0.2937  0.1954  0.2806  0.3322  0.4031  0.7078  0.5754  0.1769  0.0000  1.0000  0.0000  0.0000  0.0000
 0.3863  0.0000  0.0193  0.5289  1.0000  0.0241  0.1776  0.0613  0.0666  0.3651  0.1093  0.0400  0.2046  0.1418  0.3398  0.1781  0.3160  0.4398  0.1070  0.0097  0.0000  0.0249  0.0000  0.0000  0.0000
 0.2110  0.0000  0.0481  0.0198  0.0421  0.1948  0.0249  0.0348  0.4242  0.0490  1.0000  0.2300  0.0330  0.0571  0.0533  0.0416  0.0488  0.1314  0.4425  0.0265  0.0000  0.0577  0.0000  0.0000  0.0000
 1.0000  0.0000  0.0295  0.0014  0.0018  0.0007  0.0096  0.0005  0.0009  0.0638  0.0018  0.0008  0.0014  0.0044  0.0016  0.0150  0.0360  0.0036  0.0030  0.0003  0.0000  0.0006  0.0000  0.0000  0.0000
 0.1534  0.0000  0.1074  0.0707  0.2013  0.0341  0.1106  0.5946  0.0599  1.0000  0.1301  0.0436  0.1898  0.1028  0.3146  0.9823  0.2950  0.1911  0.0814  0.0203  0.0000  0.0642  0.0000  0.0000  0.0000
 0.0049  0.0000  0.0010  0.0020  0.0013  0.0005  0.0016  0.0006  0.0014  0.0019  0.0013  0.0007  0.0036  0.0024  0.0015  0.0012  0.4937  1.0000  0.0022  0.0003  0.0000  0.0006  0.0000  0.0000  0.0000
 0.2749  0.0000  0.3420  0.0357  0.0475  0.1612  0.0573  0.0941  0.1422  0.0507  1.0000  0.1094  0.0534  0.0359  0.1018  0.0606  0.0697  0.0687  0.3585  0.0547  0.0000  0.3108  0.0000  0.0000  0.0000
 0.0054  0.0000  0.2401  0.0009  0.0013  0.0048  0.0015  0.0001  0.8159  0.0017  0.0655  0.0049  0.0011  0.0011  0.0007  0.0013  0.0017  0.0054  1.0000  0.0006  0.0000  0.0022  0.0000  0.0000  0.0000
 0.0000  0.0000  0.0000  0.0000  0.0000  0.0000  1.0000  0.0000  0.0000  0.0000  0.0000  0.0000  0.0000  0.0000  0.0000  0.0000  0.0000  0.0000  0.0000  0.0000  0.0000  0.0000  0.0000  0.0000  0.0000
 0.0000  0.0000  0.0000  0.0000  0.0000  0.0000  0.0000  0.0000  0.0000  0.0000  0.0000  0.0000  0.0000  0.0000  0.0000  0.0000  0.0000  1.0000  0.0000  0.0000  0.0000  0.0000  0.0000  0.0000  0.0000
 0.0000  0.0000  0.0000  0.0000  0.0000  0.0000  0.0000  0.0000  0.0000  0.0000  0.0000  0.0000  0.0000  1.0000  0.0000  0.0000  0.0000  0.0000  0.0000  0.0000  0.0000  0.0000  0.0000  0.0000  0.0000
 0.0005  0.0000  0.0003  0.0001  0.0001  0.0379  0.0001  0.0000  0.0012  0.0000  0.0028  0.0006  0.0000  0.0002  0.0000  0.0000  0.0004  0.0003  0.0011  0.0027  0.0000  1.0000  0.0000  0.0000  0.0000
 0.0000  0.0000  0.0000  0.0000  0.0000  0.0000  0.0000  0.0000  0.0000  0.0000  0.0000  0.0000  0.0000  0.0000  0.0000  0.0000  0.0000  0.0000  0.0000  0.0000  0.0000  1.0000  0.0000  0.0000  0.0000
 0.0063  0.0000  0.0016  0.0008  0.0016  0.2934  0.0013  0.0012  0.1098  0.0022  0.8774  1.0000  0.0015  0.0026  0.0032  0.0021  0.0018  0.0037  0.1739  0.0020  0.0000  0.0022  0.0000  0.0000  0.0000
 0.0150  0.0000  0.0016  0.0024  0.0020  0.0008  0.0092  0.0007  0.0010  0.0023  0.0019  0.0008  0.0024  0.0768  0.0015  0.0017  1.0000  0.0062  0.0027  0.0004  0.0000  0.0007  0.0000  0.0000  0.0000
 0.0000  0.0000  0.0000  0.0000  0.0000  0.0000  0.0000  0.0000  0.0000  0.0000  0.0000  0.0000  0.0000  1.0000  0.0000  0.0000  0.0000  0.0000  0.0000  0.0000  0.0000  0.0000  0.0000  0.0000  0.0000
 0.0000  0.0000  0.0000  0.0000  1.0000  0.0000  0.0000  0.0000  0.0000  0.0000  0.0000  0.0000  0.0000  0.0000  0.0000  0.0000  0.0000  0.0000  0.0000  0.0000  0.0000  0.0000  0.0000  0.0000  0.0000
 0.0602  0.0000  0.0155  0.0074  0.0157  0.1582  0.0123  0.0119  0.4810  0.0225  1.0000  0.2006  0.0149  0.0251  0.0311  0.1491  0.0171  0.0359  0.1887  0.0185  0.0000  0.0205  0.0000  0.0000  0.0000
 0.0511  0.0000  0.8391  0.0067  0.0118  0.5566  0.0095  0.0044  1.0000  0.0106  0.3178  0.0665  0.0070  0.0155  0.0095  0.0090  0.0199  0.0376  0.2864  0.2012  0.0000  0.2849  0.0000  0.0000  0.0000
 0.1108  0.0000  0.0089  0.1241  1.0000  0.0228  0.0656  0.7115  0.0352  0.4309  0.2134  0.0256  0.0855  0.0713  0.5102  0.3928  0.3018  0.0909  0.0498  0.0122  0.0000  0.0398  0.0000  0.0000  0.0000
 0.0437  0.0000  0.0089  0.2832  0.6147  0.0081  0.2580  0.0413  0.0045  0.0592  0.0097  0.0035  1.0000  0.0339  0.0445  0.0281  0.1030  0.0417  0.0077  0.0042  0.0000  0.0208  0.0000  0.0000  0.0000
 0.0216  0.0000  0.0021  0.0040  0.0298  0.0045  0.0152  0.0190  0.0093  1.0000  0.0834  0.0608  0.5539  0.0168  0.0506  0.3000  0.0178  0.0462  0.0123  0.0034  0.0000  0.0096  0.0000  0.0000  0.0000
 0.5652  0.0000  0.0471  0.0372  0.0427  0.0178  0.7737  0.0084  0.0204  0.0462  0.0453  0.0212  0.0322  1.0000  0.0318  0.0332  0.2415  0.0810  0.0772  0.0066  0.0000  0.0138  0.0000  0.0000  0.0000
 0.0000  0.0000  0.0000  0.0000  0.0000  0.0000  0.0000  0.0000  0.0000  0.0000  0.0000  0.0000  0.0000  0.0000  0.0000  0.0000  0.0000  0.0000  0.0000  0.0000  0.0000  1.0000  0.0000  0.0000  0.0000
 0.0017  0.0000  0.0004  0.0812  0.0024  0.0003  0.0057  0.0017  0.0002  0.0023  0.0004  0.0001  1.0000  0.0013  0.0015  0.0012  0.0047  0.0390  0.0003  0.0002  0.0000  0.0009  0.0000  0.0000  0.0000
 0.5492  0.0000  0.1835  0.5563  0.3640  0.7549  0.5669  0.6006  0.3773  0.3864  0.6270  0.2133  0.8077  0.2510  0.3516  0.3879  0.5871  0.4505  0.4841  0.1813  0.0000  1.0000  0.0000  0.0000  0.0000
 0.0027  0.0000  0.0003  0.0007  0.0024  0.0006  0.0022  0.0014  0.0011  1.0000  0.0028  0.0350  0.0017  0.0018  0.0037  0.0088  0.0019  0.0020  0.0014  0.0003  0.0000  0.0008  0.0000  0.0000  0.0000
 0.0033  0.0000  0.0006  0.0012  0.0008  0.0003  0.0012  0.0003  0.0008  0.0011  0.0008  0.0004  0.0021  0.0015  0.0009  0.0007  1.0000  0.1147  0.0013  0.0002  0.0000  0.0003  0.0000  0.0000  0.0000
 0.0000  0.0000  0.0000  1.0000  0.0000  0.0000  0.0000  0.0000  0.0000  0.0000  0.0000  0.0000  0.0000  0.0000  0.0000  0.0000  0.0000  0.0000  0.0000  0.0000  0.0000  0.0000  0.0000  0.0000  0.0000
 0.0009  0.0000  0.0003  0.0002  0.0003  0.0014  0.0004  0.0000  1.0000  0.0004  0.0316  0.0013  0.0003  0.0002  0.0001  0.0003  0.0004  0.0011  0.3119  0.0002  0.0000  0.0006  0.0000  0.0000  0.0000
 0.0000  0.0000  0.0000  0.0000  0.0000  0.0000  0.0000  0.0000  0.0000  0.0000  0.0000  0.0000  0.0000  0.0000  0.0000  0.0000  0.0000  0.0000  0.0000  1.0000  0.0000  0.0000  0.0000  0.0000  0.0000
 0.5211  0.0000  0.0026  0.0021  0.0023  0.0010  0.0142  0.0005  0.0012  0.0026  0.0025  0.0012  0.0019  0.0064  0.0018  0.0018  1.0000  0.0055  0.0043  0.0004  0.0000  0.0008  0.0000  0.0000  0.0000
 0.0010  0.0000  0.0003  0.0001  0.0003  0.0026  0.0002  0.0002  0.0237  0.0003  1.0000  0.0032  0.0002  0.0004  0.0005  0.0003  0.0003  0.0006  0.0027  0.0003  0.0000  0.0004  0.0000  0.0000  0.0000
 0.0000  0.0000  0.0000  0.0000  0.0000  0.0000  1.0000  0.0000  0.0000  0.0000  0.0000  0.0000  0.0000  0.0000  0.0000  0.0000  0.0000  0.0000  0.0000  0.0000  0.0000  0.0000  0.0000  0.0000  0.0000
 0.0061  0.0000  1.0000  0.0012  0.0011  0.0014  0.0037  0.0006  0.0033  0.0007  0.0032  0.0010  0.0009  0.0019  0.0008  0.0010  0.0022  0.0029  0.1045  0.0006  0.0000  0.0012  0.0000  0.0000  0.0000
 0.0183  0.0000  0.2556  0.0028  0.0042  0.0184  0.0048  0.0007  0.7415  0.0057  0.9558  0.0194  0.0036  0.0039  0.0028  0.0045  0.0056  0.0174  1.0000  0.0022  0.0000  0.0072  0.0000  0.0000  0.0000
 0.0016  0.0000  0.0004  0.0002  0.0004  0.0034  0.0003  0.0003  0.0067  0.0005  1.0000  0.0041  0.0003  0.0006  0.0007  0.0005  0.0004  0.0009  0.0986  0.0004  0.0000  0.0005  0.0000  0.0000  0.0000
 0.0000  0.0000  0.0000  0.0000  0.0000  0.0000  0.0000  0.0000  0.0000  0.0000  0.0000  0.0000  0.0000  0.0000  0.0000  0.0000  0.0000  0.0000  0.0000  0.0000  0.0000  1.0000  0.0000  0.0000  0.0000
 0.0000  0.0000  0.0000  0.0000  1.0000  0.0000  0.0000  0.0000  0.0000  0.0000  0.0000  0.0000  0.0000  0.0000  0.0000  0.0000  0.0000  0.0000  0.0000  0.0000  0.0000  0.0000  0.0000  0.0000  0.0000
 0.0027  0.0000  0.0007  0.0003  0.0007  0.0072  0.0005  0.0005  0.0802  0.0009  0.7611  1.0000  0.0007  0.0011  0.0014  0.0009  0.0007  0.0015  0.0075  0.0008  0.0000  0.0009  0.0000  0.0000  0.0000
 1.0000  0.0000  0.6408  0.0122  0.0182  0.0108  0.0625  0.0043  0.0572  0.0198  0.1228  0.0171  0.0139  0.0399  0.0143  0.0130  0.0787  0.2713  0.1285  0.0028  0.0000  0.0055  0.0000  0.0000  0.0000
 0.5553  0.0000  0.0026  0.0019  0.0023  0.0012  0.0066  0.0006  0.0068  0.0027  0.0055  0.0020  0.0025  0.0048  0.0020  0.0017  0.0127  1.0000  0.0369  0.0004  0.0000  0.0007  0.0000  0.0000  0.0000
 0.0040  0.0000  0.0009  0.0015  0.0012  0.0029  0.0309  0.0007  0.0048  0.0014  1.0000  0.0031  0.0010  0.0027  0.0012  0.0015  0.0020  0.0015  0.0032  0.0008  0.0000  0.0009  0.0000  0.0000  0.0000
 0.0131  0.0000  0.0013  0.0029  0.0182  0.0027  0.0095  0.0116  0.0055  1.0000  0.0131  0.0043  0.1759  0.0103  0.9785  0.1359  0.0110  0.0844  0.0074  0.0020  0.0000  0.0059  0.0000  0.0000  0.0000
 0.0756  0.0000  0.0098  0.0659  0.0446  0.0080  0.0743  1.0000  0.0119  0.1252  0.0238  0.0089  0.0881  0.0882  0.0507  0.1463  0.6151  0.0732  0.0210  0.0047  0.0000  0.0152  0.0000  0.0000  0.0000
 0.8133  0.0000  0.0038  0.0031  0.0037  0.0016  0.0215  0.0008  0.0019  0.0039  0.0039  0.0017  0.0025  1.0000  0.0027  0.0029  0.0191  0.0067  0.0065  0.0006  0.0000  0.0012  0.0000  0.0000  0.0000
 0.0005  0.0000  0.0003  0.0001  0.0001  1.0000  0.0001  0.0000  0.0012  0.0000  0.0028  0.0006  0.0000  0.0002  0.0000  0.0000  0.0004  0.0003  0.0011  0.0158  0.0000  0.0106  0.0000  0.0000  0.0000
 0.2013  0.0000  0.0089  0.6095  1.0000  0.0217  0.1595  0.0711  0.0243  0.2198  0.0462  0.0185  0.2305  0.1267  0.2567  0.0715  0.1608  0.1055  0.0456  0.0104  0.0000  0.0387  0.0000  0.0000  0.0000
 0.9830  0.0000  0.0029  0.0049  0.0033  0.0011  1.0000  0.0011  0.0012  0.0035  0.0027  0.0013  0.0322  0.0073  0.0024  0.0023  0.0155  0.0053  0.0046  0.0004  0.0000  0.0011  0.0000  0.0000  0.0000
 0.2650  0.0000  0.0123  1.0000  0.3016  0.0116  0.4805  0.0361  0.0339  0.5134  0.0557  0.0196  0.7759  0.0605  0.1879  0.1006  0.2180  0.1141  0.0521  0.0045  0.0000  0.0142  0.0000  0.0000  0.0000
 0.2923  0.0000  0.0860  0.6238  0.1917  0.0200  0.2702  0.0775  0.0296  1.0000  0.0497  0.0186  0.4679  0.0894  0.1196  0.1000  0.6001  0.1824  0.0498  0.0094  0.0000  0.0390  0.0000  0.0000  0.0000
 0.0607  0.0000  0.0026  0.0018  0.0025  0.0080  0.0560  0.0009  0.0145  0.0030  0.1826  1.0000  0.0019  0.0060  0.0028  0.0024  0.0107  0.0050  0.0106  0.0011  0.0000  0.0015  0.0000  0.0000  0.0000
 0.0031  0.0000  0.0007  0.0137  0.0045  0.0006  0.0099  0.0485  0.0004  0.0368  0.0010  0.0003  1.0000  0.0025  0.0389  0.0040  0.1937  0.0036  0.0007  0.0003  0.0000  0.0016  0.0000  0.0000  0.0000
 0.0054  0.0000  0.0014  0.0007  0.0014  0.0854  0.0011  0.0011  0.0270  0.0018  1.0000  0.4525  0.0013  0.0023  0.0027  0.0018  0.0016  0.0031  0.0149  0.1118  0.0000  0.0057  0.0000  0.0000  0.0000
 0.5135  0.0000  0.1739  0.2034  0.2948  0.7016  0.3351  0.5466  0.3921  0.4619  0.6574  0.2218  0.3189  0.2189  0.3373  0.4629  0.4064  0.4025  0.4999  0.1830  0.0000  1.0000  0.0000  0.0000  0.0000
 0.3883  0.0000  0.0054  0.0655  0.0951  0.0037  0.2347  0.0135  0.0040  0.0273  0.0076  0.0030  0.3841  0.0177  0.1455  0.0146  1.0000  0.0233  0.0085  0.0017  0.0000  0.0071  0.0000  0.0000  0.0000
 0.0000  0.0000  0.0000  0.0000  0.0000  0.0000  0.0000  0.0000  0.0000  0.0000  1.0000  0.0000  0.0000  0.0000  0.0000  0.0000  0.0000  0.0000  0.0000  0.0000  0.0000  0.0000  0.0000  0.0000  0.0000
 0.0232  0.0000  0.6201  0.0028  0.0048  0.0185  0.0043  0.0010  0.4484  0.0062  0.2051  0.0696  0.0037  0.0051  0.0035  0.0047  0.0060  0.0202  1.0000  0.0023  0.0000  0.0067  0.0000  0.0000  0.0000
 0.1436  0.0000  0.0363  0.0330  0.0834  0.2224  0.0644  0.0914  0.3352  0.3039  1.0000  0.2318  0.0727  0.0680  0.1868  0.2249  0.0806  0.1085  0.2522  0.0402  0.0000  0.1581  0.0000  0.0000  0.0000
 0.0021  0.0000  0.0002  0.0006  0.0029  0.0004  0.0016  0.0018  0.0009  1.0000  0.0021  0.0007  0.0718  0.0016  0.0048  0.1477  0.0018  0.0022  0.0011  0.0003  0.0000  0.0009  0.0000  0.0000  0.0000
 0.0009  0.0000  0.0003  0.0002  0.0002  0.0009  0.0003  0.0000  1.0000  0.0003  0.0048  0.0009  0.0002  0.0002  0.0001  0.0002  0.0003  0.0009  0.0487  0.0001  0.0000  0.0004  0.0000  0.0000  0.0000
 0.2260  0.0000  0.0499  0.0168  0.0396  0.1003  0.0162  0.0105  0.8368  0.0442  0.5764  0.1281  0.0241  0.0503  0.0321  0.0300  0.0426  0.1710  1.0000  0.0129  0.0000  0.0296  0.0000  0.0000  0.0000
 0.0372  0.0000  0.0029  0.0239  0.2539  0.0041  0.0211  0.0146  0.0113  0.5425  0.0220  0.0075  0.0712  0.0185  1.0000  0.5201  0.2129  0.0318  0.0846  0.0024  0.0000  0.0066  0.0000  0.0000  0.0000
 0.7716  0.0000  0.3953  0.0537  0.0620  0.0262  1.0000  0.0120  0.0301  0.0675  0.0666  0.0313  0.0466  0.1742  0.0465  0.0485  0.3820  0.1207  0.1142  0.0095  0.0000  0.0202  0.0000  0.0000  0.0000
 0.2549  0.0000  0.1105  1.0000  0.3868  0.0173  0.1288  0.1319  0.0632  0.7033  0.1020  0.0358  0.3317  0.0926  0.4292  0.1769  0.8097  0.2909  0.1816  0.0059  0.0000  0.0135  0.0000  0.0000  0.0000
 0.0099  0.0000  0.0034  0.0039  0.0052  0.1766  0.0063  0.0454  0.0611  0.0056  0.1588  0.0348  0.0059  0.0040  0.0057  0.0067  0.0077  0.0308  0.0268  0.0036  0.0000  1.0000  0.0000  0.0000  0.0000
 0.1454  0.0000  0.0010  0.0533  0.0151  0.0009  0.0076  0.0178  0.0027  0.0598  0.0043  0.0015  0.0394  1.0000  0.0467  0.0076  0.0631  0.0449  0.0041  0.0004  0.0000  0.0011  0.0000  0.0000  0.0000
 0.0000  0.0000  0.0000  0.0000  0.0000  0.0000  0.0000  0.0000  0.0000  0.0000  0.0000  0.0000  0.0000  1.0000  0.0000  0.0000  0.0000  0.0000  0.0000  0.0000  0.0000  0.0000  0.0000  0.0000  0.0000
 0.0048  0.0000  0.0014  0.0009  0.0013  0.0102  0.0016  0.0005  0.8013  0.0019  1.0000  0.2004  0.0013  0.0015  0.0016  0.0017  0.0017  0.0042  0.3353  0.0012  0.0000  0.0024  0.0000  0.0000  0.0000
 0.0075  0.0000  0.0020  0.0084  0.0056  0.0023  0.0171  0.0914  0.0024  0.0070  0.0052  0.0010  0.0061  1.0000  0.0039  0.0063  0.0062  0.0044  0.0032  0.0022  0.0000  0.0024  0.0000  0.0000  0.0000
 0.2104  0.0000  0.0116  0.0273  0.0473  0.0221  0.2062  0.0244  0.0199  0.2009  0.0558  0.0130  0.0325  0.0860  0.0437  0.1078  1.0000  0.0430  0.0323  0.0069  0.0000  0.0707  0.0000  0.0000  0.0000
 0.3038  0.0000  0.0213  0.9242  1.0000  0.0204  0.1529  0.0495  0.0746  0.5431  0.2130  0.0423  0.3462  0.3835  0.2395  0.2088  0.6014  0.2292  0.1987  0.0071  0.0000  0.0160  0.0000  0.0000  0.0000
 0.1127  0.0000  0.0394  0.0456  0.0606  0.1865  0.0923  1.0000  0.1583  0.0646  0.1445  0.1047  0.0683  0.0454  0.1984  0.1927  0.0891  0.1326  0.1754  0.0411  0.0000  0.2860  0.0000  0.0000  0.0000
 0.0007  0.0000  0.0004  0.0001  0.0002  0.0835  0.0001  0.0000  0.0016  0.0000  0.0038  0.0008  0.0000  0.0003  0.0000  0.0000  0.0005  0.0005  0.0336  0.0035  0.0000  1.0000  0.0000  0.0000  0.0000
 0.0097  0.0000  0.0010  0.0016  0.0013  0.0005  0.0061  0.0004  0.0007  0.0015  0.0013  0.0005  0.0016  0.0334  0.0010  0.0011  1.0000  0.0041  0.0018  0.0003  0.0000  0.0005  0.0000  0.0000  0.0000
 0.5507  0.0000  0.0493  0.4831  1.0000  0.0354  0.2982  0.0854  0.1313  0.7062  0.2118  0.0743  0.3682  0.2725  0.5315  0.4585  0.5605  0.4862  0.2001  0.0121  0.0000  0.1906  0.0000  0.0000  0.0000
 0.1229  0.0000  0.0051  0.5689  1.0000  0.0049  0.0772  0.0122  0.0178  0.4175  0.0288  0.0101  0.2365  0.0809  0.1422  0.0499  0.1428  0.0549  0.0272  0.0017  0.0000  0.0039  0.0000  0.0000  0.0000
 0.0013  0.0000  0.0003  0.0002  0.0003  0.0325  0.0003  0.0003  0.0446  0.0004  1.0000  0.0636  0.0003  0.0005  0.0007  0.0004  0.0004  0.0007  0.0036  0.0004  0.0000  0.0004  0.0000  0.0000  0.0000
 0.1092  0.0000  0.0237  0.0063  0.0188  0.0036  0.0094  0.0250  0.0057  0.1160  0.0118  0.0040  0.0120  0.0089  0.1505  1.0000  0.1041  0.0140  0.0344  0.0018  0.0000  0.0061  0.0000  0.0000  0.0000
 0.4151  0.0000  0.0278  0.4322  1.0000  0.1131  0.2758  0.1526  0.0973  0.6153  0.1570  0.1160  0.3876  0.1423  0.5549  0.3329  0.6979  0.2974  0.1483  0.0091  0.0000  0.0207  0.0000  0.0000  0.0000
 0.0013  0.0000  0.0003  0.0002  0.0003  0.0034  0.0003  0.0002  0.0462  0.0004  1.0000  0.0331  0.0003  0.0005  0.0007  0.0004  0.0004  0.0008  0.0595  0.0004  0.0000  0.0004  0.0000  0.0000  0.0000
 0.0031  0.0000  0.0573  0.0006  0.0008  0.0034  0.0010  0.0001  0.6915  0.0011  0.2658  0.0033  0.0007  0.0006  0.0004  0.0008  0.0011  0.0032  1.0000  0.0004  0.0000  0.0015  0.0000  0.0000  0.0000
 0.3772  0.0000  0.0103  0.3718  0.2329  0.0096  0.1251  0.0235  0.0361  0.3587  0.0583  0.0204  0.4082  0.0530  0.1549  0.2473  1.0000  0.1108  0.0788  0.0033  0.0000  0.0073  0.0000  0.0000  0.0000
 0.8049  0.0000  0.1892  0.3647  0.5530  0.7393  0.4240  0.5671  0.4887  0.5322  0.7206  0.5955  0.4334  0.2744  0.7592  0.5445  0.7636  0.7420  0.5722  0.2220  0.0000  1.0000  0.0000  0.0000  0.0000
 0.0575  0.0000  0.2902  0.0068  0.0140  0.1441  0.0121  0.0107  0.2679  0.0185  1.0000  0.4547  0.0132  0.0234  0.0278  0.0184  0.0164  0.0325  0.1510  0.0171  0.0000  0.0197  0.0000  0.0000  0.0000
 0.0091  0.0000  0.0024  0.0011  0.0023  0.5039  0.0018  0.0018  0.7012  0.0031  1.0000  0.0302  0.0022  0.0038  0.0046  0.0031  0.0026  0.0053  0.0274  0.0034  0.0000  0.0055  0.0000  0.0000  0.0000
 0.5842  0.0000  0.1464  0.4615  0.7202  0.2094  0.3145  0.2616  0.2460  1.0000  0.3471  0.1199  0.7215  0.2175  0.9117  0.4047  0.7073  0.4920  0.2995  0.0575  0.0000  0.5016  0.0000  0.0000  0.0000
 0.2096  0.0000  0.0213  0.0826  0.2588  0.0347  0.1201  0.1179  0.1309  1.0000  0.1602  0.0536  0.1642  0.2831  0.3405  0.8673  0.1958  0.2283  0.1829  0.0213  0.0000  0.0620  0.0000  0.0000  0.0000
 0.0087  0.0000  0.0019  1.0000  0.0556  0.0017  0.0289  0.0088  0.0009  0.0122  0.0020  0.0007  0.4212  0.0069  0.0086  0.1447  0.0942  0.0089  0.0015  0.0009  0.0000  0.0045  0.0000  0.0000  0.0000
 0.0457  0.0000  0.0020  0.0020  0.0021  0.0025  0.0108  0.0005  0.0011  0.0022  0.0024  0.0010  0.0017  1.0000  0.0015  0.0016  0.0099  0.0036  0.0034  0.0007  0.0000  0.0484  0.0000  0.0000  0.0000
 0.3237  0.0000  0.0189  0.5201  1.0000  0.0176  0.1345  0.2039  0.0661  0.5004  0.1067  0.0374  0.3552  0.0970  0.2904  0.7005  0.5427  0.2478  0.1753  0.0061  0.0000  0.0134  0.0000  0.0000  0.0000
 0.0807  0.0000  0.0055  0.4633  0.4129  0.0085  0.0511  0.3105  0.0198  1.0000  0.0380  0.0133  0.1196  0.0423  0.5584  0.4137  0.0722  0.0608  0.0299  0.0046  0.0000  0.0135  0.0000  0.0000  0.0000
 0.0000  0.0000  0.0000  0.0000  0.0000  0.0000  0.0000  0.0000  0.0000  0.0000  0.0000  0.0000  0.0000  0.0000  0.0000  1.0000  0.0000  0.0000  0.0000  0.0000  0.0000  0.0000  0.0000  0.0000  0.0000
 0.0027  0.0000  0.0009  0.0026  0.0019  0.0020  0.0070  0.0011  0.0011  0.0023  0.0025  0.0004  0.0014  1.0000  0.0014  0.0023  0.0019  0.0016  0.0014  0.0149  0.0000  0.0018  0.0000  0.0000  0.0000
 0.0328  0.0000  0.0074  0.6207  0.0291  0.0051  0.0636  0.0198  0.0067  0.0301  0.0083  0.0038  0.2436  0.0218  0.0210  0.0161  1.0000  0.1490  0.0107  0.0029  0.0000  0.0110  0.0000  0.0000  0.0000
 0.1609  0.0000  0.0022  0.0008  0.0017  0.0031  0.0009  0.0003  1.0000  0.0019  0.0179  0.0039  0.0010  0.0021  0.0012  0.0013  0.0020  0.0079  0.7370  0.0004  0.0000  0.0013  0.0000  0.0000  0.0000
 0.5052  0.0000  0.0298  0.4010  0.5966  0.0278  0.4104  0.0678  0.1044  0.5603  0.1685  0.0591  1.0000  0.1532  0.4003  0.5332  0.6091  0.7477  0.2241  0.0096  0.0000  0.0211  0.0000  0.0000  0.0000
 0.6086  0.0000  0.0461  0.6075  1.0000  0.0630  0.3183  0.1270  0.1540  0.7920  0.2530  0.0892  0.4162  0.2402  0.5272  0.4648  0.6092  0.4778  0.2334  0.0218  0.0000  0.1008  0.0000  0.0000  0.0000
 0.0027  0.0000  0.0008  0.0005  0.0007  0.0030  0.0009  0.0001  1.0000  0.0010  0.1747  0.0029  0.0006  0.0005  0.0004  0.0008  0.0010  0.0524  0.7671  0.0004  0.0000  0.0014  0.0000  0.0000  0.0000
 0.0439  0.0000  0.0139  0.0141  0.0199  0.0760  0.0226  0.2278  0.1259  0.0233  1.0000  0.0558  0.0220  0.0179  0.0247  0.0264  0.0440  0.0318  0.0661  0.0150  0.0000  0.2153  0.0000  0.0000  0.0000
 0.1742  0.0000  0.0123  0.6904  1.0000  0.0115  0.0880  0.0282  0.0430  0.6031  0.0694  0.0243  0.2715  0.0635  0.6742  0.3701  0.7683  0.2228  0.0656  0.0040  0.0000  0.0089  0.0000  0.0000  0.0000
 0.0340  0.0000  0.0084  0.0038  0.0073  0.0402  0.0056  0.0029  0.8850  0.0092  0.8114  0.3080  0.0058  0.0092  0.1777  0.0075  0.1917  0.0264  1.0000  0.0049  0.0000  0.0092  0.0000  0.0000  0.0000
 1.0000  0.0000  0.0244  0.0300  0.0437  0.0139  0.1351  0.0171  0.0172  0.0986  0.0356  0.0149  0.0364  0.4749  0.0624  0.1320  0.2828  0.0727  0.0462  0.0058  0.0000  0.0294  0.0000  0.0000  0.0000
 0.4423  0.0000  0.1675  0.1762  0.2891  0.7369  0.2886  0.4671  0.3796  1.0000  0.5589  0.1897  0.3911  0.1857  0.2924  0.6576  0.3509  0.3473  0.4279  0.1563  0.0000  0.9933  0.0000  0.0000  0.0000
 0.1775  0.0000  0.0242  0.0353  0.2102  0.0734  0.1137  0.1515  0.1638  1.0000  0.2763  0.0764  0.1509  0.1230  0.3919  0.9254  0.1370  0.1844  0.1379  0.0313  0.0000  0.1055  0.0000  0.0000  0.0000
 0.0907  0.0000  0.0119  0.0133  0.0929  0.0224  0.0461  0.0585  0.6705  0.6922  0.1113  1.0000  0.0640  0.0558  0.2410  0.6491  0.0571  0.0875  0.2737  0.0113  0.0000  0.0324  0.0000  0.0000  0.0000
 0.0899  0.0000  0.0071  0.1246  0.7081  0.0069  0.1242  1.0000  0.0215  0.2027  0.0351  0.0123  0.1689  0.0353  0.2626  0.0933  0.1613  0.0690  0.0328  0.0026  0.0000  0.0074  0.0000  0.0000  0.0000
 1.0000  0.0000  0.0802  0.4906  0.7632  0.0741  0.4783  0.1178  0.1774  0.8463  0.2766  0.1012  0.4211  0.2949  0.4669  0.4406  0.8407  0.5741  0.3328  0.0250  0.0000  0.0749  0.0000  0.0000  0.0000
 0.5198  0.0000  0.2511  0.2046  0.2724  0.8157  0.3288  0.5922  0.4035  0.2914  0.8078  0.2272  0.3065  0.2045  0.2938  0.3662  0.3998  0.3911  0.5068  0.2883  0.0000  1.0000  0.0000  0.0000  0.0000
 0.1421  0.0000  0.0405  0.0374  0.0534  0.2420  0.0541  0.0775  0.3586  0.0643  1.0000  0.2252  0.0610  0.0574  0.0710  0.0703  0.1110  0.1677  0.2562  0.0409  0.0000  0.1390  0.0000  0.0000  0.0000
 0.3978  0.0000  0.0043  0.0048  0.0051  0.0017  0.0234  0.0011  0.0023  0.0052  0.0044  0.0021  0.0047  0.0109  0.0544  0.0037  1.0000  0.0138  0.0075  0.0007  0.0000  0.0015  0.0000  0.0000  0.0000
 0.1127  0.0000  0.0021  0.0241  0.1600  0.0019  0.0125  0.0044  0.0060  0.0656  0.0094  0.0035  0.0163  0.0102  0.0592  0.0168  1.0000  0.0670  0.0094  0.0008  0.0000  0.0019  0.0000  0.0000  0.0000
 0.1034  0.0000  0.0032  0.0060  0.0040  0.0016  0.0070  0.0017  0.0042  0.0058  0.0042  0.0022  0.0104  0.0079  0.0045  0.0037  0.4444  1.0000  0.0072  0.0009  0.0000  0.0017  0.0000  0.0000  0.0000
//
