ID   UNK_ID; MATRIX
AC   UNK_AC
DE   UNK_DE
MA   UNK_BL
  A   B   C   D   E   F   G   H   I   K   L   M   N   P   Q   R   S   T   V   W   X   Y   Z   *   -
 0.0000  0.0000  0.0000  0.0000  0.0000  0.0000  0.0000  0.0000  0.0000  0.0000  0.0000  1.0000  0.0000  0.0000  0.0000  0.0000  0.0000  0.0000  0.0000  0.0000  0.0000  0.0000  0.0000  0.0000  0.0000
 0.0000  0.0000  0.0000  0.0000  0.0000  0.0000  0.0000  0.0000  0.0000  0.0000  0.0000  0.0000  0.0000  1.0000  0.0000  0.0000  0.0000  0.0000  0.0000  0.0000  0.0000  0.0000  0.0000  0.0000  0.0000
 0.3744  0.0000  0.0050  0.0068  0.0055  0.0022  0.0190  0.0018  0.0045  0.0071  0.0057  0.0029  0.0100  0.0123  0.0052  0.0047  1.0000  0.1191  0.0101  0.0011  0.0000  0.0021  0.0000  0.0000  0.0000
 0.0399  0.0000  0.0033  0.0276  0.6805  0.0064  0.0260  0.0253  0.0135  0.3032  0.0299  0.0101  0.0348  0.0263  0.0727  1.0000  0.1489  0.0367  0.0188  0.0044  0.0000  0.0126  0.0000  0.0000  0.0000
 0.8809  0.0000  0.0949  0.2738  0.5007  0.1035  0.1817  0.0994  0.3985  0.4262  0.4261  0.2293  0.2393  0.2162  0.2838  0.2544  0.4312  0.5624  1.0000  0.0262  0.0000  0.1004  0.0000  0.0000  0.0000
 0.0236  0.0000  0.0003  0.6952  1.0000  0.0021  0.0090  0.0057  0.0028  0.0239  0.0052  0.0022  0.0102  0.0143  0.2680  0.0064  0.0120  0.0103  0.0054  0.0010  0.0000  0.0029  0.0000  0.0000  0.0000
 0.0432  0.0000  0.0094  1.0000  0.0789  0.0083  0.1399  0.0430  0.0047  0.6387  0.0102  0.0037  0.4464  0.0339  0.0432  0.0324  0.1078  0.0439  0.0078  0.0043  0.0000  0.0217  0.0000  0.0000  0.0000
 0.0000  0.0000  0.0000  0.0000  0.0000  0.0000  0.0000  0.0000  0.0000  0.0000  0.0000  0.0000  0.0000  0.0000  0.0000  0.0000  0.0000  0.0000  0.0000  0.0000  0.0000  1.0000  0.0000  0.0000  0.0000
 0.0083  0.0000  0.0002  0.1738  1.0000  0.0008  0.0036  0.0021  0.0010  0.0084  0.0019  0.0008  0.0042  0.0051  0.0108  0.0023  0.0045  0.0037  0.0019  0.0004  0.0000  0.0011  0.0000  0.0000  0.0000
 0.0638  0.0000  0.0128  0.0033  0.0099  0.0076  0.0007  0.0026  0.1021  0.0103  0.0489  0.0143  0.0050  0.0137  0.1564  0.0060  0.0111  0.1106  1.0000  0.0013  0.0000  0.0026  0.0000  0.0000  0.0000
 0.0056  0.0000  0.0013  0.0006  0.0012  0.0102  0.0010  0.0008  0.0231  0.0016  1.0000  0.0124  0.0011  0.0020  0.0021  0.0015  0.0014  0.0035  0.1660  0.0012  0.0000  0.0016  0.0000  0.0000  0.0000
 0.5319  0.0000  0.1438  0.3057  0.6913  0.5532  0.3440  0.5407  0.3458  1.0000  0.6282  0.2042  0.3610  0.2604  0.5165  0.8587  0.4166  0.4260  0.4464  0.1562  0.0000  0.8833  0.0000  0.0000  0.0000
 0.1433  0.0000  0.0277  0.0550  0.0445  0.0149  0.0431  0.0186  0.0512  0.5201  0.0472  0.0222  0.0967  0.0669  0.0495  0.0533  0.5423  1.0000  0.2560  0.0088  0.0000  0.0166  0.0000  0.0000  0.0000
 0.0036  0.0000  0.0010  0.0005  0.0009  0.0081  0.0009  0.0005  1.0000  0.0012  0.1978  0.0094  0.0008  0.0013  0.0014  0.0012  0.0011  0.0025  0.0220  0.0010  0.0000  0.0016  0.0000  0.0000  0.0000
 0.0000  0.0000  0.0000  0.0000  0.0000  0.0000  1.0000  0.0000  0.0000  0.0000  0.0000  0.0000  0.0000  0.0000  0.0000  0.0000  0.0000  0.0000  0.0000  0.0000  0.0000  0.0000  0.0000  0.0000  0.0000
 0.3355  0.0000  0.1017  0.1443  0.1353  0.0820  0.1307  0.0976  0.1052  0.1634  0.1291  0.0553  0.2144  0.1404  0.1464  0.1142  0.7604  1.0000  0.1620  0.0298  0.0000  0.1089  0.0000  0.0000  0.0000
 0.0000  0.0000  0.0000  0.0000  0.0000  0.0000  1.0000  0.0000  0.0000  0.0000  0.0000  0.0000  0.0000  0.0000  0.0000  0.0000  0.0000  0.0000  0.0000  0.0000  0.0000  0.0000  0.0000  0.0000  0.0000
 0.0677  0.0000  0.0069  0.0157  0.0091  0.0030  0.1945  0.0035  0.0033  0.0098  0.0070  0.0031  0.0169  0.0182  0.0066  0.0065  1.0000  0.0175  0.0110  0.0013  0.0000  0.0032  0.0000  0.0000  0.0000
 0.0043  0.0000  0.0022  0.0007  0.0011  1.0000  0.0007  0.0000  0.0092  0.0000  0.0223  0.0045  0.0000  0.0016  0.0000  0.0000  0.0030  0.0027  0.0085  0.0208  0.0000  0.9891  0.0000  0.0000  0.0000
 0.0000  0.0000  0.0000  0.0000  0.0000  0.0000  1.0000  0.0000  0.0000  0.0000  0.0000  0.0000  0.0000  0.0000  0.0000  0.0000  0.0000  0.0000  0.0000  0.0000  0.0000  0.0000  0.0000  0.0000  0.0000
 0.3940  0.0000  0.0651  0.0571  0.2446  0.0736  0.1098  0.1307  0.5249  1.0000  0.3758  0.1093  0.1609  0.1606  0.3457  0.8179  0.1807  0.3575  0.8015  0.0283  0.0000  0.0832  0.0000  0.0000  0.0000
 0.4672  0.0000  1.0000  0.0122  0.0251  0.0208  0.0476  0.0063  0.8398  0.0261  0.1124  0.0332  0.0143  0.0457  0.0193  0.0163  0.0619  0.0994  0.2811  0.0040  0.0000  0.0082  0.0000  0.0000  0.0000
 0.0990  0.0000  0.0095  0.0184  0.1380  0.0206  0.0695  0.0873  0.1869  0.7643  0.1000  0.0330  0.0952  0.0771  0.6515  1.0000  0.0809  0.1056  0.0564  0.0154  0.0000  0.0442  0.0000  0.0000  0.0000
 0.0319  0.0000  0.0039  0.0084  0.0308  0.0161  0.0225  0.0180  0.0318  1.0000  0.2234  0.0209  0.0213  0.0217  0.0469  0.1098  0.0216  0.0259  0.0275  0.0050  0.0000  0.0104  0.0000  0.0000  0.0000
 0.0235  0.0000  0.0081  0.0064  0.0071  0.0378  0.1501  0.0002  0.9569  0.0111  0.1997  0.0349  0.0074  0.0043  0.0031  0.0092  0.0124  0.0281  1.0000  0.0046  0.0000  0.0182  0.0000  0.0000  0.0000
 0.0065  0.0000  0.0006  0.0013  0.0089  0.0013  0.0047  0.0057  0.0027  0.4764  0.0065  0.0021  0.0063  0.0051  0.0150  1.0000  0.0053  0.0068  0.0036  0.0010  0.0000  0.0029  0.0000  0.0000  0.0000
 0.0000  0.0000  0.0000  0.0000  0.0000  0.0000  0.0000  0.0000  0.0000  0.0000  0.0000  0.0000  0.0000  0.0000  0.0000  1.0000  0.0000  0.0000  0.0000  0.0000  0.0000  0.0000  0.0000  0.0000  0.0000
 0.0055  0.0000  0.0005  0.0011  0.0076  0.0011  0.0040  0.0048  0.0023  1.0000  0.0055  0.0018  0.0053  0.0043  0.0128  0.3399  0.0045  0.0058  0.0031  0.0009  0.0000  0.0024  0.0000  0.0000  0.0000
 0.2826  0.0000  0.0160  0.0343  0.0333  0.0085  0.0366  0.0096  0.0279  0.2484  0.0277  0.0126  0.0511  0.0396  0.0291  0.0262  1.0000  0.5023  0.1390  0.0045  0.0000  0.0086  0.0000  0.0000  0.0000
 0.0000  0.0000  0.0000  1.0000  0.0000  0.0000  0.0000  0.0000  0.0000  0.0000  0.0000  0.0000  0.0000  0.0000  0.0000  0.0000  0.0000  0.0000  0.0000  0.0000  0.0000  0.0000  0.0000  0.0000  0.0000
 0.0000  0.0000  0.0000  0.0000  0.0000  0.0000  1.0000  0.0000  0.0000  0.0000  0.0000  0.0000  0.0000  0.0000  0.0000  0.0000  0.0000  0.0000  0.0000  0.0000  0.0000  0.0000  0.0000  0.0000  0.0000
 0.5733  0.0000  0.1783  0.2161  0.3806  0.7140  0.3748  0.5903  0.4385  0.8628  0.7862  0.2581  0.3748  0.2616  0.4758  0.8091  0.4527  0.4648  0.5416  0.1908  0.0000  1.0000  0.0000  0.0000  0.0000
 0.0052  0.0000  0.0016  0.0010  0.0014  0.0092  0.0020  0.0003  1.0000  0.0021  0.2105  0.2025  0.0014  0.0013  0.0013  0.0018  0.0020  0.0053  0.2610  0.0011  0.0000  0.0030  0.0000  0.0000  0.0000
 0.0050  0.0000  0.0012  0.0006  0.0012  0.0117  0.0009  0.0009  0.0238  0.0016  1.0000  0.0796  0.0011  0.0020  0.0023  0.0015  0.0013  0.0030  0.1678  0.0014  0.0000  0.0015  0.0000  0.0000  0.0000
 0.0600  0.0000  0.9504  0.0047  0.0087  0.0087  0.0118  0.0027  0.0550  0.0083  0.0398  0.0116  0.0051  0.0139  0.0066  0.0058  0.0151  0.0352  1.0000  0.0021  0.0000  0.0046  0.0000  0.0000  0.0000
 0.2631  0.0000  0.0428  0.0556  0.2267  0.1653  0.1582  0.1503  0.3966  1.0000  0.8146  0.1963  0.1682  0.1588  0.3642  0.9097  0.1767  0.2337  0.3412  0.1250  0.0000  0.1093  0.0000  0.0000  0.0000
 0.0000  0.0000  0.0000  0.0000  0.0000  0.0000  0.0000  0.0000  0.0000  1.0000  0.0000  0.0000  0.0000  0.0000  0.0000  0.0000  0.0000  0.0000  0.0000  0.0000  0.0000  0.0000  0.0000  0.0000  0.0000
 0.0160  0.0000  0.0013  0.0263  1.0000  0.0019  0.0067  0.0027  0.0044  0.0114  0.0057  0.0019  0.0049  0.0077  0.0133  0.0042  0.0076  0.0071  0.0634  0.0007  0.0000  0.0018  0.0000  0.0000  0.0000
 0.0132  0.0000  0.0039  0.0023  0.0036  0.0263  0.0043  0.0014  0.9454  0.0050  1.0000  0.1715  0.0034  0.0039  0.0042  0.0045  0.0047  0.0117  0.4227  0.0031  0.0000  0.0066  0.0000  0.0000  0.0000
 0.0468  0.0000  0.0109  1.0000  0.0691  0.0092  0.1580  0.0478  0.0051  0.0656  0.0108  0.0039  0.6851  0.0367  0.0439  0.2450  0.3041  0.0528  0.0085  0.0048  0.0000  0.0242  0.0000  0.0000  0.0000
 0.0035  0.0000  0.0016  0.0007  0.0010  0.0612  0.0011  0.0003  0.0084  0.0005  0.1669  0.0045  0.0003  0.0015  0.0005  0.0005  0.0022  0.0022  0.0069  0.0129  0.0000  1.0000  0.0000  0.0000  0.0000
 0.2113  0.0000  0.0388  0.0366  0.0449  0.1937  0.1061  0.0274  0.8697  0.0651  1.0000  0.2139  0.0522  0.0659  0.0526  0.0560  0.1508  0.1708  0.7402  0.0272  0.0000  0.0634  0.0000  0.0000  0.0000
 0.5266  0.0000  0.0464  0.2031  0.3171  0.0357  0.1779  0.0823  0.0993  0.9165  0.1491  0.0585  0.2519  0.1684  0.2730  0.4677  0.9128  1.0000  0.1550  0.0199  0.0000  0.0458  0.0000  0.0000  0.0000
 0.0033  0.0000  0.0008  0.0004  0.0008  0.0087  0.0007  0.0006  0.0159  0.0011  0.1968  1.0000  0.0008  0.0014  0.0017  0.0011  0.0010  0.0019  0.0089  0.0011  0.0000  0.0013  0.0000  0.0000  0.0000
 0.1111  0.0000  0.0037  0.0068  0.0045  0.0018  0.0083  0.0019  0.0047  0.0066  0.0047  0.0025  0.0118  0.0091  0.0051  0.0042  1.0000  0.6865  0.0082  0.0011  0.0000  0.0019  0.0000  0.0000  0.0000
 0.0200  0.0000  0.0004  0.0517  1.0000  0.0018  0.0079  0.0050  0.0026  0.0223  0.0048  0.0019  0.0090  0.0119  0.8884  0.0079  0.0110  0.0580  0.0050  0.0009  0.0000  0.0026  0.0000  0.0000  0.0000
 0.8880  0.0000  0.0690  0.4288  0.6608  0.0645  0.4363  0.1138  0.1469  1.0000  0.2441  0.0893  0.3876  0.2597  0.4255  0.4523  0.6850  0.5774  0.3174  0.0235  0.0000  0.0696  0.0000  0.0000  0.0000
 0.0078  0.0000  0.0002  0.1655  1.0000  0.0007  0.0034  0.0020  0.0009  0.0079  0.0017  0.0007  0.0039  0.0048  0.0102  0.0022  0.0042  0.0035  0.0018  0.0004  0.0000  0.0010  0.0000  0.0000  0.0000
 0.0100  0.0000  0.0010  0.0020  0.0138  0.0021  0.0073  0.0088  0.0042  0.9959  0.0100  0.0033  0.0097  0.0079  0.0233  1.0000  0.0082  0.0106  0.0056  0.0016  0.0000  0.0044  0.0000  0.0000  0.0000
 0.0233  0.0000  0.0006  0.0584  1.0000  0.0021  0.0103  0.0057  0.0028  0.0240  0.0053  0.0022  0.0116  0.0135  0.7802  0.0081  0.1333  0.0112  0.0055  0.0010  0.0000  0.0029  0.0000  0.0000  0.0000
 0.1985  0.0000  0.0072  0.4410  1.0000  0.0262  0.0824  0.0539  0.0435  0.2720  0.0950  0.4173  0.0879  0.1146  0.5402  0.1370  0.1069  0.0974  0.0641  0.0105  0.0000  0.0290  0.0000  0.0000  0.0000
 0.1572  0.0000  0.0031  0.0019  0.0031  0.0163  0.0080  0.0015  0.0306  0.0038  1.0000  0.0194  0.0024  0.0060  0.0041  0.0033  0.0081  0.0071  0.0222  0.0022  0.0000  0.0030  0.0000  0.0000  0.0000
 0.2659  0.0000  0.0542  0.0207  0.0461  0.0437  0.0118  0.1205  0.2650  0.0526  0.2166  0.1817  0.0328  0.0624  0.0388  0.0348  0.0847  0.4707  1.0000  0.0088  0.0000  0.0260  0.0000  0.0000  0.0000
 0.8514  0.0000  0.0173  0.0201  0.0222  0.0071  0.0945  0.0056  0.0098  0.2658  0.0189  0.0087  0.0207  0.0444  0.0174  0.0216  1.0000  0.0543  0.0307  0.0029  0.0000  0.0064  0.0000  0.0000  0.0000
 0.0000  0.0000  0.0000  0.0000  1.0000  0.0000  0.0000  0.0000  0.0000  0.0000  0.0000  0.0000  0.0000  0.0000  0.0000  0.0000  0.0000  0.0000  0.0000  0.0000  0.0000  0.0000  0.0000  0.0000  0.0000
 0.0330  0.0000  0.0098  0.0059  0.0083  0.4517  0.0108  0.0011  0.6181  0.0115  0.2080  0.0391  0.0073  0.0070  0.0051  0.0091  0.0117  0.0334  1.0000  0.0070  0.0000  0.0254  0.0000  0.0000  0.0000
 0.0144  0.0000  0.0022  0.0324  0.0230  0.0028  0.0262  0.0129  0.0039  0.2260  0.0091  0.0030  1.0000  0.0110  0.1644  0.0481  0.0227  0.0151  0.0055  0.0018  0.0000  0.0065  0.0000  0.0000  0.0000
 0.0101  0.0000  0.0031  0.0019  0.0027  0.0168  0.0037  0.0006  0.8383  0.0039  1.0000  0.0181  0.0026  0.0025  0.0024  0.0033  0.0038  0.0100  0.3837  0.0020  0.0000  0.0055  0.0000  0.0000  0.0000
 0.0000  0.0000  0.0000  0.0000  0.0000  0.0000  0.0000  0.0000  0.0000  0.0000  1.0000  0.0000  0.0000  0.0000  0.0000  0.0000  0.0000  0.0000  0.0000  0.0000  0.0000  0.0000  0.0000  0.0000  0.0000
 1.0000  0.0000  0.0811  0.0899  0.1094  0.0354  0.4430  0.0360  0.0498  0.2153  0.0987  0.0437  0.1055  0.2131  0.1052  0.8505  0.9971  0.2649  0.1474  0.0151  0.0000  0.0349  0.0000  0.0000  0.0000
 0.6321  0.0000  0.0573  0.2406  0.9730  0.0314  0.2107  0.0412  0.0728  0.1782  0.0907  0.0427  0.1836  0.1732  0.1519  0.0956  1.0000  0.9008  0.1403  0.0162  0.0000  0.0331  0.0000  0.0000  0.0000
 0.0000  0.0000  0.0000  0.0000  0.0000  0.0000  0.0000  0.0000  0.0000  0.0000  1.0000  0.0000  0.0000  0.0000  0.0000  0.0000  0.0000  0.0000  0.0000  0.0000  0.0000  0.0000  0.0000  0.0000  0.0000
 0.0157  0.0000  0.0016  0.0048  0.0219  0.0032  0.0123  0.0140  0.0065  1.0000  0.0155  0.0051  0.2685  0.0123  0.0365  0.8710  0.0136  0.0168  0.0087  0.0024  0.0000  0.0071  0.0000  0.0000  0.0000
 0.0000  0.0000  0.0000  0.0000  0.0000  0.0000  0.0000  1.0000  0.0000  0.0000  0.0000  0.0000  0.0000  0.0000  0.0000  0.0000  0.0000  0.0000  0.0000  0.0000  0.0000  0.0000  0.0000  0.0000  0.0000
 0.0173  0.0000  0.0019  0.0095  0.0120  0.0018  0.0154  0.0027  0.0025  0.0110  0.0052  0.0015  0.0063  1.0000  0.0787  0.0083  0.0110  0.0065  0.0045  0.0013  0.0000  0.0019  0.0000  0.0000  0.0000
 0.0208  0.0000  0.0051  0.0959  0.0294  0.0060  0.0686  0.0979  0.0033  0.0310  0.0067  0.0024  1.0000  0.0162  0.0199  0.0175  0.0529  0.0220  0.0050  0.0026  0.0000  0.1581  0.0000  0.0000  0.0000
 0.0000  0.0000  0.0000  0.0000  0.0000  0.0000  0.0000  0.0000  1.0000  0.0000  0.0000  0.0000  0.0000  0.0000  0.0000  0.0000  0.0000  0.0000  0.0000  0.0000  0.0000  0.0000  0.0000  0.0000  0.0000
 0.0000  0.0000  0.0000  0.0000  0.0000  0.0000  0.0000  0.0000  0.0000  0.0000  0.0000  0.0000  0.0000  0.0000  0.0000  0.0000  0.0000  0.0000  1.0000  0.0000  0.0000  0.0000  0.0000  0.0000  0.0000
 0.9027  0.0000  0.0569  0.1365  0.2686  0.0412  0.4016  0.1017  0.0752  0.8624  0.1595  0.0590  0.1894  0.2036  0.2954  1.0000  0.4266  0.2345  0.1480  0.0218  0.0000  0.0593  0.0000  0.0000  0.0000
 0.0000  0.0000  0.0000  0.0000  0.0000  0.0000  0.0000  0.0000  0.0000  0.0000  0.0000  0.0000  0.0000  0.0000  0.0000  0.0000  0.0000  0.0000  0.0000  0.0000  0.0000  1.0000  0.0000  0.0000  0.0000
 0.0207  0.0000  0.0068  0.0093  0.0116  0.0267  0.0138  0.1257  0.1797  0.0157  0.0365  0.0108  0.0135  0.0087  0.0127  0.0166  0.0162  0.0162  0.0217  0.0068  0.0000  1.0000  0.0000  0.0000  0.0000
 0.0660  0.0000  0.0094  1.0000  0.4081  0.0103  0.1447  0.5156  0.0072  0.0826  0.0148  0.0056  0.3155  0.0476  0.0739  0.0350  0.1163  0.0523  0.0129  0.0052  0.0000  0.0240  0.0000  0.0000  0.0000
 0.0079  0.0000  0.0013  0.0120  0.0097  0.0016  0.0123  0.0063  0.0024  0.0333  0.0054  0.0018  0.1630  0.0061  0.0124  1.0000  0.0104  0.0079  0.0033  0.0011  0.0000  0.0033  0.0000  0.0000  0.0000
 0.1868  0.0000  0.0391  0.1085  0.2417  0.4110  0.0482  0.0309  0.6925  0.0843  1.0000  0.2185  0.0445  0.0682  0.0871  0.0541  0.0703  0.1203  0.5985  0.0720  0.0000  0.2426  0.0000  0.0000  0.0000
 0.4105  0.0000  0.0724  0.2143  0.4153  0.2365  0.2223  0.2098  0.4469  1.0000  0.9824  0.2449  0.2779  0.2066  0.4214  0.8267  0.2713  0.3492  0.4962  0.0591  0.0000  0.1860  0.0000  0.0000  0.0000
 0.1902  0.0000  0.0046  0.5312  1.0000  0.0212  0.0859  0.0485  0.0298  0.1895  0.0759  0.0216  0.1023  0.1139  0.2416  0.0539  0.1060  0.0863  0.0485  0.0087  0.0000  0.0254  0.0000  0.0000  0.0000
 0.0072  0.0000  0.0007  0.0014  0.0100  0.0015  0.0053  0.0063  0.0030  0.6208  0.0072  0.0024  0.0070  0.0057  0.0168  1.0000  0.0059  0.0077  0.0041  0.0011  0.0000  0.0032  0.0000  0.0000  0.0000
 0.6398  0.0000  0.0120  0.0155  0.0131  0.0058  0.0255  0.0047  0.0251  0.0173  0.0213  0.0089  0.0258  0.0255  0.0131  0.0110  0.3321  1.0000  0.2905  0.0027  0.0000  0.0050  0.0000  0.0000  0.0000
 0.0254  0.0000  0.0048  0.0624  0.0199  0.0033  0.0481  0.0136  0.0033  0.0203  0.0052  0.0022  1.0000  0.0145  0.0137  0.0110  0.8647  0.0397  0.0061  0.0018  0.0000  0.0074  0.0000  0.0000  0.0000
 0.6286  0.0000  0.0793  0.3536  0.2334  0.0445  0.5317  0.0920  0.0699  0.2973  0.1090  0.0485  0.4145  0.2248  0.4026  0.2063  0.7592  1.0000  0.1470  0.0230  0.0000  0.0634  0.0000  0.0000  0.0000
 0.1848  0.0000  0.0377  0.3122  0.0755  0.0201  0.0966  0.0342  0.0515  0.0878  0.0497  0.0264  0.2035  0.0967  0.0677  0.0524  0.6550  1.0000  0.0823  0.0127  0.0000  0.0269  0.0000  0.0000  0.0000
 0.0030  0.0000  0.0008  0.0004  0.0007  0.0077  0.0006  0.0006  0.0849  0.0010  1.0000  0.0094  0.0007  0.0012  0.0015  0.0010  0.0008  0.0017  0.0087  0.0009  0.0000  0.0011  0.0000  0.0000  0.0000
 0.0069  0.0000  0.0037  0.0121  0.0065  0.0046  0.0144  0.1296  0.0034  0.0086  0.0063  0.0019  0.0128  0.0056  0.0053  0.0080  0.0080  0.0059  0.0045  0.0022  0.0000  1.0000  0.0000  0.0000  0.0000
 0.0076  0.0000  0.0020  0.0010  0.0019  0.0185  0.0017  0.0013  1.0000  0.0026  0.6694  0.0223  0.0018  0.0029  0.0034  0.0025  0.0022  0.0050  0.0358  0.0022  0.0000  0.0030  0.0000  0.0000  0.0000
 0.0723  0.0000  0.0247  0.0133  0.0171  0.5689  0.0255  0.0058  0.1890  0.0127  0.2063  0.0435  0.0094  0.0237  0.0088  0.0116  0.0345  0.0460  1.0000  0.1216  0.0000  0.9593  0.0000  0.0000  0.0000
 0.0000  0.0000  0.0000  0.0000  0.0000  0.0000  0.0000  0.0000  0.0000  0.0000  0.0000  1.0000  0.0000  0.0000  0.0000  0.0000  0.0000  0.0000  0.0000  0.0000  0.0000  0.0000  0.0000  0.0000  0.0000
 0.0000  0.0000  0.0000  0.0000  1.0000  0.0000  0.0000  0.0000  0.0000  0.0000  0.0000  0.0000  0.0000  0.0000  0.0000  0.0000  0.0000  0.0000  0.0000  0.0000  0.0000  0.0000  0.0000  0.0000  0.0000
 0.0025  0.0000  0.0217  0.0004  0.0006  0.1997  0.0005  0.0001  0.0051  0.0001  0.0123  0.0025  0.0001  0.0009  0.0001  0.0001  0.0017  0.0016  0.0047  0.0113  0.0000  1.0000  0.0000  0.0000  0.0000
 0.1803  0.0000  1.0000  0.0025  0.0028  0.0015  0.0163  0.0007  0.0023  0.0029  0.0037  0.0016  0.0022  0.0074  0.0021  0.0022  0.0148  0.0059  0.0067  0.0006  0.0000  0.0011  0.0000  0.0000  0.0000
 0.1996  0.0000  0.0116  0.6305  1.0000  0.0213  0.2697  0.0741  0.0223  0.2043  0.0429  0.0172  0.2680  0.1233  0.2351  0.0669  0.1766  0.1052  0.0429  0.0103  0.0000  0.0377  0.0000  0.0000  0.0000
 0.0082  0.0000  0.0015  0.0214  0.0066  0.0011  1.0000  0.0047  0.0007  0.0065  0.0016  0.0006  0.1474  0.0047  0.0044  0.0036  0.0132  0.0053  0.0015  0.0006  0.0000  0.0025  0.0000  0.0000  0.0000
 0.0000  0.0000  0.0000  0.0000  0.0000  0.0000  1.0000  0.0000  0.0000  0.0000  0.0000  0.0000  0.0000  0.0000  0.0000  0.0000  0.0000  0.0000  0.0000  0.0000  0.0000  0.0000  0.0000  0.0000  0.0000
 0.0000  0.0000  0.0000  1.0000  0.0000  0.0000  0.0000  0.0000  0.0000  0.0000  0.0000  0.0000  0.0000  0.0000  0.0000  0.0000  0.0000  0.0000  0.0000  0.0000  0.0000  0.0000  0.0000  0.0000  0.0000
 0.0000  0.0000  0.0000  0.0000  0.0000  0.0000  0.0000  0.0000  0.0000  0.0000  1.0000  0.0000  0.0000  0.0000  0.0000  0.0000  0.0000  0.0000  0.0000  0.0000  0.0000  0.0000  0.0000  0.0000  0.0000
 1.0000  0.0000  0.0061  0.0050  0.0056  0.0023  0.3055  0.0011  0.0027  0.0061  0.0059  0.0028  0.0045  0.0154  0.0042  0.0043  0.3183  0.0110  0.0101  0.0008  0.0000  0.0018  0.0000  0.0000  0.0000
 0.2830  0.0000  0.0323  0.0854  0.2518  0.0467  0.1739  0.1383  0.0864  1.0000  0.1829  0.1681  0.1964  0.1561  0.4117  0.8754  0.4973  0.3378  0.1247  0.0277  0.0000  0.0810  0.0000  0.0000  0.0000
 0.0574  0.0000  0.0120  0.0044  0.0120  0.0298  0.0055  0.0047  0.1527  0.1968  0.5245  0.0391  0.0075  0.0146  0.0130  0.0165  0.0123  0.0410  1.0000  0.0040  0.0000  0.0071  0.0000  0.0000  0.0000
 0.0000  0.0000  0.0000  0.0000  0.0000  0.0000  0.0000  0.0000  1.0000  0.0000  0.0000  0.0000  0.0000  0.0000  0.0000  0.0000  0.0000  0.0000  0.0000  0.0000  0.0000  0.0000  0.0000  0.0000  0.0000
 0.6628  0.0000  0.0305  0.3562  0.7637  0.0286  0.2168  0.0700  0.1067  1.0000  0.1723  0.0604  0.3612  0.1568  0.3367  0.3850  0.6846  0.4790  0.1626  0.0100  0.0000  0.0222  0.0000  0.0000  0.0000
 0.0383  0.0000  0.0065  0.2154  0.0591  0.0073  0.0852  0.0347  0.0087  1.0000  0.0195  0.0066  0.7251  0.0288  0.0546  0.3800  0.0710  0.0394  0.0125  0.0043  0.0000  0.0174  0.0000  0.0000  0.0000
 1.0000  0.0000  0.1032  0.0976  0.0958  0.0537  0.5495  0.0300  0.0609  0.1060  0.1467  0.0542  0.0955  0.2423  0.0743  0.0773  0.5145  0.1984  0.1704  0.0172  0.0000  0.0462  0.0000  0.0000  0.0000
 0.1864  0.0000  0.0262  0.0850  0.1662  0.0262  0.0883  0.0704  0.1319  0.8236  0.1031  0.0390  0.1498  0.1031  0.1990  0.4788  0.4290  1.0000  0.0957  0.0161  0.0000  0.0414  0.0000  0.0000  0.0000
 0.0221  0.0000  0.0022  0.0920  0.0320  0.0036  0.0192  0.0140  0.0073  1.0000  0.0157  0.0780  0.1199  0.0139  0.0363  0.2428  0.0229  0.0211  0.0102  0.0023  0.0000  0.0070  0.0000  0.0000  0.0000
 0.4500  0.0000  0.0325  0.6512  1.0000  0.0330  0.3633  0.0893  0.1037  0.6255  0.1689  0.0600  0.3635  0.1803  0.3735  0.2934  0.4774  0.5090  0.1605  0.0125  0.0000  0.0335  0.0000  0.0000  0.0000
 0.0509  0.0000  0.0069  0.0775  0.0699  0.0102  0.1517  0.0460  0.0164  0.3379  0.0385  0.0128  0.5515  0.0390  0.0959  1.0000  0.0678  0.0528  0.0225  0.0069  0.0000  0.0233  0.0000  0.0000  0.0000
 0.0200  0.0000  0.0019  0.0038  0.0281  0.0041  0.0142  0.0178  0.0085  0.9122  0.0202  0.0067  0.0194  0.0157  1.0000  0.3579  0.0164  0.0214  0.0113  0.0031  0.0000  0.0090  0.0000  0.0000  0.0000
 0.1033  0.0000  0.0307  0.0416  0.0602  0.1522  0.0690  0.0960  0.0704  0.1116  0.1226  0.0407  0.0651  0.1834  0.0702  0.1691  0.0809  0.0770  0.0895  0.0314  0.0000  1.0000  0.0000  0.0000  0.0000
 0.2993  0.0000  0.0152  0.0076  0.0147  0.2414  0.0187  0.0103  0.2337  0.0183  1.0000  0.1517  0.0128  0.0249  0.0252  0.0175  0.0234  0.0343  0.1420  0.0230  0.0000  0.0516  0.0000  0.0000  0.0000
 0.0196  0.0000  0.0004  0.1809  1.0000  0.0018  0.0082  0.0049  0.0024  0.0199  0.0044  0.0018  0.0098  0.0118  0.0953  0.0055  0.1748  0.0089  0.0045  0.0008  0.0000  0.0025  0.0000  0.0000  0.0000
 0.0000  0.0000  0.0000  0.0000  1.0000  0.0000  0.0000  0.0000  0.0000  0.0000  0.0000  0.0000  0.0000  0.0000  0.0000  0.0000  0.0000  0.0000  0.0000  0.0000  0.0000  0.0000  0.0000  0.0000  0.0000
 0.0282  0.0000  0.0009  0.4059  1.0000  0.0027  0.0162  0.0080  0.0033  0.0284  0.0062  0.0025  0.0212  0.0171  0.0354  0.0083  0.2165  0.0139  0.0064  0.0013  0.0000  0.0041  0.0000  0.0000  0.0000
 0.0421  0.0000  0.0093  0.0233  0.1791  1.0000  0.0145  0.0085  0.0904  0.0199  0.2554  0.1266  0.0108  0.0169  0.0203  0.0141  0.0201  0.0223  0.0634  0.0336  0.0000  0.1236  0.0000  0.0000  0.0000
 0.0036  0.0000  0.0010  0.0006  0.0008  0.0032  0.0010  0.0001  0.3315  0.0011  0.0172  0.0032  0.0007  0.0007  0.0005  0.0009  0.0011  0.0035  1.0000  0.0004  0.0000  0.0015  0.0000  0.0000  0.0000
 0.0272  0.0000  0.0071  0.0033  0.0070  0.0823  0.0055  0.0054  0.1357  0.0093  1.0000  0.2690  0.0066  0.0115  0.0139  0.0092  0.0079  0.0158  0.0748  0.6163  0.0000  0.0180  0.0000  0.0000  0.0000
 0.0112  0.0000  0.0011  0.0026  0.0145  0.0022  0.0081  0.0092  0.0044  0.3422  0.0104  0.0034  0.0107  0.0083  0.0242  1.0000  0.1608  0.0117  0.0059  0.0016  0.0000  0.0046  0.0000  0.0000  0.0000
 0.0330  0.0000  0.0103  0.0067  0.0089  0.0460  0.0127  0.0013  0.9708  0.0128  0.3305  0.1249  0.1647  0.0070  0.0057  0.0105  0.0127  0.0352  1.0000  0.0056  0.0000  0.0186  0.0000  0.0000  0.0000
 0.0319  0.0000  0.0083  0.0039  0.0082  0.8252  0.0064  0.0064  0.1601  0.0107  1.0000  0.6051  0.0077  0.0135  0.0164  0.0107  0.0092  0.0185  0.0881  0.0127  0.0000  0.0220  0.0000  0.0000  0.0000
 0.4547  0.0000  0.1130  0.1013  0.0958  0.1388  0.1132  0.0804  0.2698  0.1201  0.1932  0.0726  0.1700  0.1401  0.0991  0.0916  0.8181  1.0000  0.3726  0.0326  0.0000  0.1269  0.0000  0.0000  0.0000
 0.0000  0.0000  0.0000  0.0000  0.0000  0.0000  0.0000  0.0000  0.0000  0.0000  0.0000  0.0000  0.0000  0.0000  1.0000  0.0000  0.0000  0.0000  0.0000  0.0000  0.0000  0.0000  0.0000  0.0000  0.0000
 0.0043  0.0000  0.0011  0.0005  0.0011  0.0111  0.0009  0.0008  0.2558  0.0015  1.0000  0.0136  0.0010  0.0018  0.0021  0.0014  0.0012  0.0026  0.0142  0.0013  0.0000  0.0016  0.0000  0.0000  0.0000
 0.8594  0.0000  0.1705  0.0587  0.0741  0.0413  0.1192  0.0230  0.2802  0.0863  0.2082  0.0716  0.0908  0.1351  0.0648  0.0534  0.4636  0.9566  1.0000  0.0124  0.0000  0.0242  0.0000  0.0000  0.0000
 0.0240  0.0000  0.0058  0.0029  0.0057  0.0507  0.0044  0.0041  0.0980  0.0077  1.0000  0.1261  0.0056  0.0093  0.0105  0.0072  0.0091  0.3789  0.0608  0.0061  0.0000  0.0069  0.0000  0.0000  0.0000
 1.0000  0.0000  0.0000  0.0000  0.0000  0.0000  0.0000  0.0000  0.0000  0.0000  0.0000  0.0000  0.0000  0.0000  0.0000  0.0000  0.0000  0.0000  0.0000  0.0000  0.0000  0.0000  0.0000  0.0000  0.0000
 0.0035  0.0000  0.0009  0.0004  0.0009  0.0092  0.0007  0.0007  0.1609  0.0012  1.0000  0.0112  0.0008  0.0015  0.0017  0.0012  0.0010  0.0021  0.0110  0.0011  0.0000  0.0013  0.0000  0.0000  0.0000
 0.1651  0.0000  0.0191  0.0994  0.1992  0.0349  0.1633  0.1169  0.0586  1.0000  0.1359  0.0429  0.1809  0.1251  0.2812  0.6644  0.1476  0.1482  0.0794  0.0240  0.0000  0.1862  0.0000  0.0000  0.0000
 0.1289  0.0000  0.0053  0.4572  1.0000  0.0164  0.0814  0.0436  0.0184  0.1580  0.0349  0.0136  0.1102  0.0794  0.1673  0.4177  0.0895  0.0666  0.0327  0.0073  0.0000  0.1493  0.0000  0.0000  0.0000
 0.0000  0.0000  1.0000  0.0000  0.0000  0.0000  0.0000  0.0000  0.0000  0.0000  0.0000  0.0000  0.0000  0.0000  0.0000  0.0000  0.0000  0.0000  0.0000  0.0000  0.0000  0.0000  0.0000  0.0000  0.0000
 0.0000  0.0000  0.0000  0.0000  0.0000  0.0000  0.0000  1.0000  0.0000  0.0000  0.0000  0.0000  0.0000  0.0000  0.0000  0.0000  0.0000  0.0000  0.0000  0.0000  0.0000  0.0000  0.0000  0.0000  0.0000
 0.1109  0.0000  0.0207  0.6016  0.1579  0.0242  0.3628  0.0941  0.0225  1.0000  0.0453  0.0156  0.5528  0.0765  0.1213  0.6341  0.2221  0.1090  0.0332  0.0115  0.0000  0.1529  0.0000  0.0000  0.0000
 1.0000  0.0000  0.1004  0.2593  0.2689  0.0620  0.8197  0.1355  0.0835  0.7776  0.1910  0.0719  0.3369  0.3547  0.3100  0.9145  0.5941  0.2865  0.1978  0.0344  0.0000  0.0872  0.0000  0.0000  0.0000
 0.1746  0.0000  0.0172  0.0619  0.2108  0.0286  0.1088  0.1048  0.0889  1.0000  0.1310  0.0443  0.1415  0.1351  0.2900  0.6973  0.3780  0.1906  0.0865  0.0190  0.0000  0.0546  0.0000  0.0000  0.0000
 0.0272  0.0000  0.0057  1.0000  0.0506  0.0050  0.0828  0.0254  0.0031  0.0366  0.0063  0.0023  0.2308  0.0207  0.4881  0.0180  0.1639  0.0291  0.0052  0.0026  0.0000  0.0128  0.0000  0.0000  0.0000
 0.4727  0.0000  0.0051  0.0046  0.0048  0.0020  1.0000  0.0010  0.0022  0.0052  0.0049  0.0023  0.0041  0.0128  0.0035  0.0037  0.0261  0.0088  0.0083  0.0007  0.0000  0.0016  0.0000  0.0000  0.0000
 0.1930  0.0000  0.0298  0.4258  0.1912  0.0227  1.0000  0.0819  0.0279  0.1596  0.0446  0.0180  0.4289  0.0971  0.5695  0.0856  0.4322  0.3388  0.0494  0.0110  0.0000  0.0448  0.0000  0.0000  0.0000
 0.7360  0.0000  0.2133  0.2482  0.3796  0.7277  0.3651  0.6249  0.6034  0.5488  0.8780  0.3361  0.3681  0.2744  0.3991  0.5330  0.5140  0.5944  0.9042  0.1905  0.0000  1.0000  0.0000  0.0000  0.0000
 0.0138  0.0000  0.0026  0.0040  0.0032  0.0029  0.0046  0.0013  0.0071  0.0047  0.0107  0.0881  0.0066  0.0055  0.0034  0.0032  0.0269  1.0000  0.0109  0.0009  0.0000  0.0018  0.0000  0.0000  0.0000
 0.0052  0.0000  0.0017  0.0012  0.0015  0.1286  0.0024  0.0001  1.0000  0.0023  0.0409  0.0073  0.0015  0.0010  0.0007  0.0018  0.0023  0.0061  0.8608  0.0010  0.0000  0.0038  0.0000  0.0000  0.0000
 0.0000  0.0000  0.0000  0.0000  0.0000  0.0000  0.0000  0.0000  0.0000  0.0000  1.0000  0.0000  0.0000  0.0000  0.0000  0.0000  0.0000  0.0000  0.0000  0.0000  0.0000  0.0000  0.0000  0.0000  0.0000
 0.0000  0.0000  0.0000  0.0000  0.0000  0.0000  0.0000  1.0000  0.0000  0.0000  0.0000  0.0000  0.0000  0.0000  0.0000  0.0000  0.0000  0.0000  0.0000  0.0000  0.0000  0.0000  0.0000  0.0000  0.0000
 0.0000  0.0000  0.0000  0.0000  0.0000  0.0000  0.0000  0.0000  0.0000  0.0000  0.0000  0.0000  0.0000  0.0000  0.0000  1.0000  0.0000  0.0000  0.0000  0.0000  0.0000  0.0000  0.0000  0.0000  0.0000
 0.0000  0.0000  0.0000  1.0000  0.0000  0.0000  0.0000  0.0000  0.0000  0.0000  0.0000  0.0000  0.0000  0.0000  0.0000  0.0000  0.0000  0.0000  0.0000  0.0000  0.0000  0.0000  0.0000  0.0000  0.0000
 0.0000  0.0000  0.0000  0.0000  0.0000  0.0000  0.0000  0.0000  0.0000  0.0000  1.0000  0.0000  0.0000  0.0000  0.0000  0.0000  0.0000  0.0000  0.0000  0.0000  0.0000  0.0000  0.0000  0.0000  0.0000
 0.0000  0.0000  0.0000  0.0000  0.0000  0.0000  0.0000  0.0000  0.0000  1.0000  0.0000  0.0000  0.0000  0.0000  0.0000  0.0000  0.0000  0.0000  0.0000  0.0000  0.0000  0.0000  0.0000  0.0000  0.0000
 0.0753  0.0000  0.0081  0.0167  0.0123  0.0048  0.2018  0.0048  0.0051  0.0140  0.0114  0.0038  0.0140  1.0000  0.0087  0.0110  0.0407  0.0160  0.0135  0.0032  0.0000  0.0045  0.0000  0.0000  0.0000
 0.3996  0.0000  0.0062  0.4196  1.0000  0.0156  0.0786  0.0386  0.0221  0.1691  0.0404  0.0165  0.0682  0.1027  0.2612  0.0534  0.0986  0.0770  0.0450  0.0072  0.0000  0.0203  0.0000  0.0000  0.0000
 0.0000  0.0000  0.0000  0.0000  0.0000  0.0000  0.0000  0.0000  0.0000  0.0000  0.0000  0.0000  1.0000  0.0000  0.0000  0.0000  0.0000  0.0000  0.0000  0.0000  0.0000  0.0000  0.0000  0.0000  0.0000
 0.0048  0.0000  0.0014  0.0009  0.0012  0.0051  0.0016  0.0001  0.7581  0.0017  0.0273  0.0050  0.0011  0.0009  0.0006  0.0013  0.0017  0.0050  1.0000  0.0006  0.0000  0.0024  0.0000  0.0000  0.0000
 0.0000  0.0000  0.0000  0.0000  0.0000  1.0000  0.0000  0.0000  0.0000  0.0000  0.0000  0.0000  0.0000  0.0000  0.0000  0.0000  0.0000  0.0000  0.0000  0.0000  0.0000  0.0000  0.0000  0.0000  0.0000
 0.0000  0.0000  0.0000  0.0000  0.0000  0.0000  0.0000  0.0000  0.0000  0.0000  1.0000  0.0000  0.0000  0.0000  0.0000  0.0000  0.0000  0.0000  0.0000  0.0000  0.0000  0.0000  0.0000  0.0000  0.0000
 0.5198  0.0000  0.0664  1.0000  0.3468  0.0440  0.8661  0.1415  0.0359  0.2326  0.0792  0.1113  0.7317  0.2032  0.1720  0.1222  0.5215  0.2079  0.0885  0.0202  0.0000  0.0810  0.0000  0.0000  0.0000
 0.8266  0.0000  0.0338  0.5160  0.7269  0.0332  0.4694  0.1677  0.1115  0.7699  0.1808  0.0635  0.3416  0.1718  0.3611  0.3147  1.0000  0.3472  0.1705  0.0117  0.0000  0.0300  0.0000  0.0000  0.0000
 0.0743  0.0000  0.0073  1.0000  0.3765  0.0097  0.1128  0.0401  0.0092  0.8012  0.0179  0.0069  0.2904  0.0493  0.0870  0.0377  0.0981  0.0509  0.0164  0.0048  0.0000  0.0201  0.0000  0.0000  0.0000
 0.0633  0.0000  0.0131  0.2496  0.0938  0.0136  0.3725  0.2556  0.0110  0.2510  0.0244  0.0084  1.0000  0.0491  0.3489  0.1037  0.1435  0.0659  0.0164  0.0072  0.0000  0.0331  0.0000  0.0000  0.0000
 0.0714  0.0000  0.0157  0.2566  0.0443  0.0095  0.0844  0.0277  0.0182  0.0500  0.0193  0.0097  1.0000  0.0429  0.0360  0.0280  0.5924  0.9042  0.0288  0.0057  0.0000  0.0170  0.0000  0.0000  0.0000
 0.0000  0.0000  0.0000  0.0000  0.0000  0.0000  0.0000  0.0000  0.0000  0.0000  0.0000  0.0000  0.0000  0.0000  0.0000  0.0000  0.0000  0.0000  1.0000  0.0000  0.0000  0.0000  0.0000  0.0000  0.0000
 0.0000  0.0000  0.0000  0.0000  0.0000  0.0000  0.0000  0.0000  0.0000  1.0000  0.0000  0.0000  0.0000  0.0000  0.0000  0.0000  0.0000  0.0000  0.0000  0.0000  0.0000  0.0000  0.0000  0.0000  0.0000
 0.0000  0.0000  0.0000  0.0000  0.0000  0.0000  0.0000  0.0000  0.0000  0.0000  1.0000  0.0000  0.0000  0.0000  0.0000  0.0000  0.0000  0.0000  0.0000  0.0000  0.0000  0.0000  0.0000  0.0000  0.0000
 0.0000  0.0000  0.0000  0.0000  0.0000  0.0000  1.0000  0.0000  0.0000  0.0000  0.0000  0.0000  0.0000  0.0000  0.0000  0.0000  0.0000  0.0000  0.0000  0.0000  0.0000  0.0000  0.0000  0.0000  0.0000
 0.0000  0.0000  0.0000  1.0000  0.0000  0.0000  0.0000  0.0000  0.0000  0.0000  0.0000  0.0000  0.0000  0.0000  0.0000  0.0000  0.0000  0.0000  0.0000  0.0000  0.0000  0.0000  0.0000  0.0000  0.0000
 0.0000  0.0000  0.0000  0.0000  0.0000  1.0000  0.0000  0.0000  0.0000  0.0000  0.0000  0.0000  0.0000  0.0000  0.0000  0.0000  0.0000  0.0000  0.0000  0.0000  0.0000  0.0000  0.0000  0.0000  0.0000
 0.0000  0.0000  0.0000  0.0000  0.0000  0.0000  1.0000  0.0000  0.0000  0.0000  0.0000  0.0000  0.0000  0.0000  0.0000  0.0000  0.0000  0.0000  0.0000  0.0000  0.0000  0.0000  0.0000  0.0000  0.0000
 0.0035  0.0000  0.0009  0.0004  0.0009  0.0092  0.0007  0.0007  0.1609  0.0012  1.0000  0.0112  0.0008  0.0015  0.0017  0.0012  0.0010  0.0021  0.0110  0.0011  0.0000  0.0013  0.0000  0.0000  0.0000
 1.0000  0.0000  0.0051  0.0043  0.0048  0.0020  0.0279  0.0010  0.0025  0.0052  0.0050  0.0023  0.0040  0.0127  0.0036  0.0037  0.5922  0.0118  0.0086  0.0007  0.0000  0.0016  0.0000  0.0000  0.0000
 0.0072  0.0000  0.0007  0.0014  0.0100  0.0015  0.0053  0.0063  0.0030  0.6208  0.0072  0.0024  0.0070  0.0057  0.0168  1.0000  0.0059  0.0077  0.0041  0.0011  0.0000  0.0032  0.0000  0.0000  0.0000
 0.0083  0.0000  0.0026  0.0017  0.0024  0.0149  0.0034  0.0005  1.0000  0.0034  0.6072  0.1272  0.0023  0.0021  0.0020  0.0029  0.0033  0.0086  0.6422  0.0018  0.0000  0.0050  0.0000  0.0000  0.0000
 0.0055  0.0000  0.0014  0.0007  0.0014  0.0147  0.0011  0.0011  0.1093  0.0019  1.0000  0.4827  0.0013  0.0023  0.0028  0.0019  0.0015  0.0032  0.0156  0.0017  0.0000  0.0019  0.0000  0.0000  0.0000
 0.4400  0.0000  0.0220  0.3885  0.9567  0.0305  0.1833  0.3452  0.0739  0.5806  0.1273  0.0450  1.0000  0.1380  0.4692  0.2882  0.2906  0.2276  0.1132  0.0126  0.0000  0.0384  0.0000  0.0000  0.0000
 0.0779  0.0000  0.0124  0.1050  0.0430  0.0089  0.1010  1.0000  0.0100  0.0503  0.0175  0.0066  0.1215  0.0378  0.0306  0.0327  0.5153  0.0811  0.0190  0.0051  0.0000  0.0154  0.0000  0.0000  0.0000
 0.1235  0.0000  0.0265  1.0000  0.1292  0.0196  0.2237  0.4684  0.0252  0.1123  0.0321  0.0146  0.3848  0.0799  0.0810  0.0595  0.4681  0.5132  0.0405  0.0106  0.0000  0.0406  0.0000  0.0000  0.0000
 0.2631  0.0000  0.0635  0.1336  0.0977  0.1380  0.1171  0.1153  0.1107  0.1307  0.1417  0.0586  0.2172  0.1281  0.1063  0.1041  0.7251  1.0000  0.1601  0.0373  0.0000  0.1541  0.0000  0.0000  0.0000
 0.1591  0.0000  0.0228  1.0000  0.3491  0.0204  0.2715  0.0838  0.0188  0.1512  0.0331  0.0135  0.4181  0.0958  0.3183  0.0686  0.9893  0.1710  0.0349  0.0104  0.0000  0.0439  0.0000  0.0000  0.0000
 0.0061  0.0000  0.0021  0.0009  0.0013  1.0000  0.0016  0.0004  0.0135  0.0008  0.0277  0.0059  0.0006  0.0021  0.0008  0.0007  0.0028  0.0036  0.1547  0.0121  0.0000  0.0480  0.0000  0.0000  0.0000
 1.0000  0.0000  0.1478  0.0038  0.0044  0.0021  0.0266  0.0009  0.0034  0.0048  0.0056  0.0024  0.0033  0.0120  0.0033  0.0035  0.0243  0.0093  0.0104  0.0008  0.0000  0.0016  0.0000  0.0000  0.0000
 0.0813  0.0000  0.0093  0.0371  0.0374  0.0069  0.0598  0.0185  0.0114  1.0000  0.0224  0.0084  0.0501  0.0334  0.0416  0.0829  0.6131  0.0671  0.0214  0.0042  0.0000  0.0110  0.0000  0.0000  0.0000
 0.0000  0.0000  0.0000  0.0000  0.0000  0.0000  0.0000  0.0000  0.0000  0.0000  0.0000  0.0000  0.0000  0.0000  0.0000  0.0000  0.0000  1.0000  0.0000  0.0000  0.0000  0.0000  0.0000  0.0000  0.0000
 0.1073  0.0000  0.0337  0.0526  0.0658  1.0000  0.0738  0.0997  0.0925  0.0842  0.1842  0.0544  0.0715  0.0452  0.2938  0.0869  0.0846  0.0801  0.1036  0.0348  0.0000  0.8285  0.0000  0.0000  0.0000
 0.0036  0.0000  0.0009  0.0005  0.0008  0.0026  0.0008  0.0001  0.1803  0.0010  0.0139  0.0027  0.0006  0.0007  0.0004  0.0007  0.0010  0.0033  1.0000  0.0003  0.0000  0.0012  0.0000  0.0000  0.0000
 0.0000  0.0000  0.0000  0.0000  0.0000  0.0000  1.0000  0.0000  0.0000  0.0000  0.0000  0.0000  0.0000  0.0000  0.0000  0.0000  0.0000  0.0000  0.0000  0.0000  0.0000  0.0000  0.0000  0.0000  0.0000
 0.0000  0.0000  0.0000  0.0000  0.0000  0.0000  0.0000  0.0000  0.0000  0.0000  0.0000  0.0000  0.0000  0.0000  0.0000  0.0000  0.0000  1.0000  0.0000  0.0000  0.0000  0.0000  0.0000  0.0000  0.0000
 0.0000  0.0000  0.0000  0.0000  0.0000  0.0000  0.0000  0.0000  0.0000  0.0000  0.0000  0.0000  0.0000  1.0000  0.0000  0.0000  0.0000  0.0000  0.0000  0.0000  0.0000  0.0000  0.0000  0.0000  0.0000
 0.0041  0.0000  0.0021  0.0006  0.0010  1.0000  0.0007  0.0000  0.0087  0.0000  0.0212  0.0042  0.0000  0.0016  0.0000  0.0000  0.0028  0.0026  0.0081  0.0198  0.0000  0.9730  0.0000  0.0000  0.0000
 0.0000  0.0000  0.0000  0.0000  0.0000  0.0000  0.0000  0.0000  0.0000  0.0000  0.0000  0.0000  0.0000  0.0000  0.0000  0.0000  0.0000  0.0000  0.0000  0.0000  0.0000  1.0000  0.0000  0.0000  0.0000
 0.0033  0.0000  0.0008  0.0004  0.0008  0.0087  0.0007  0.0006  0.0159  0.0011  0.1968  1.0000  0.0008  0.0014  0.0017  0.0011  0.0010  0.0019  0.0089  0.0011  0.0000  0.0013  0.0000  0.0000  0.0000
 0.0000  0.0000  0.0000  0.0000  0.0000  0.0000  0.0000  0.0000  0.0000  0.0000  0.0000  0.0000  0.0000  0.0000  0.0000  0.0000  1.0000  0.0000  0.0000  0.0000  0.0000  0.0000  0.0000  0.0000  0.0000
 0.0000  0.0000  0.0000  0.0000  0.0000  0.0000  0.0000  0.0000  0.0000  0.0000  0.0000  0.0000  0.0000  1.0000  0.0000  0.0000  0.0000  0.0000  0.0000  0.0000  0.0000  0.0000  0.0000  0.0000  0.0000
 0.0000  0.0000  0.0000  0.0000  1.0000  0.0000  0.0000  0.0000  0.0000  0.0000  0.0000  0.0000  0.0000  0.0000  0.0000  0.0000  0.0000  0.0000  0.0000  0.0000  0.0000  0.0000  0.0000  0.0000  0.0000
 0.2982  0.0000  0.0610  0.0914  0.1564  0.1848  0.1359  0.0533  0.5697  0.2366  1.0000  0.2276  0.0834  0.1261  0.1717  0.1940  0.1296  0.2016  0.5523  0.0353  0.0000  0.0531  0.0000  0.0000  0.0000
 0.2114  0.0000  0.6858  0.0164  0.0371  0.1876  0.0291  0.0180  0.5163  0.0432  1.0000  0.7919  0.0266  0.0585  0.0471  0.0344  0.0530  0.1328  0.4673  0.0246  0.0000  0.0388  0.0000  0.0000  0.0000
 0.9284  0.0000  0.1075  0.7597  0.3928  0.0636  0.7942  0.1682  0.0840  0.3818  0.1386  0.0598  0.9247  0.3103  0.2760  0.2264  1.0000  0.6946  0.1854  0.0297  0.0000  0.1031  0.0000  0.0000  0.0000
 0.7978  0.0000  0.1661  0.8298  0.4717  0.3074  0.8465  0.3973  0.2035  0.6069  0.3557  0.1247  1.0000  0.2955  0.3803  0.5364  0.7429  0.4299  0.2980  0.0915  0.0000  0.4647  0.0000  0.0000  0.0000
 0.2999  0.0000  0.0327  0.3015  0.7335  0.1856  0.1314  0.1239  0.3575  0.7985  1.0000  0.2721  0.1611  0.1682  0.3898  0.6013  0.1746  0.2101  0.2855  0.0382  0.0000  0.0825  0.0000  0.0000  0.0000
 0.5129  0.0000  0.0564  0.1601  0.1672  0.0325  0.3163  0.0681  0.0539  0.7471  0.0991  0.0408  0.2039  0.3520  0.1629  0.2919  1.0000  0.3734  0.1173  0.0174  0.0000  0.0452  0.0000  0.0000  0.0000
 0.0057  0.0000  0.0013  0.0029  0.0017  0.0266  0.0043  0.0008  0.0030  0.0016  0.0069  0.0015  0.0029  0.0021  0.0010  0.0012  0.0242  0.0029  0.0033  0.0058  0.0000  1.0000  0.0000  0.0000  0.0000
 0.0491  0.0000  0.0104  0.0701  0.0270  0.0063  0.0522  0.0164  0.0124  0.0323  0.0136  0.0065  1.0000  0.0277  0.0224  0.0193  0.1430  0.7062  0.0202  0.0038  0.0000  0.0105  0.0000  0.0000  0.0000
 0.4660  0.0000  0.0388  0.5220  1.0000  0.0785  0.2300  0.0684  0.1358  0.2799  0.3498  0.0876  0.1613  0.1893  0.2797  0.1311  0.3126  0.2446  0.1682  0.0204  0.0000  0.0505  0.0000  0.0000  0.0000
 0.0087  0.0000  0.0008  0.0017  0.0121  0.0018  0.0062  0.0973  0.0037  1.0000  0.0088  0.0029  0.0086  0.0068  0.0206  0.2958  0.0072  0.0093  0.0049  0.0014  0.0000  0.0039  0.0000  0.0000  0.0000
 0.0090  0.0000  0.0017  0.0035  0.0022  0.0008  0.0033  0.0010  0.0023  0.0032  0.0022  0.0012  0.0060  0.0041  0.0025  0.0020  1.0000  0.1795  0.0038  0.0005  0.0000  0.0010  0.0000  0.0000  0.0000
 0.0000  0.0000  0.0000  1.0000  0.0000  0.0000  0.0000  0.0000  0.0000  0.0000  0.0000  0.0000  0.0000  0.0000  0.0000  0.0000  0.0000  0.0000  0.0000  0.0000  0.0000  0.0000  0.0000  0.0000  0.0000
 0.0000  0.0000  0.0000  0.0000  0.0000  0.0000  0.0000  0.0000  1.0000  0.0000  0.0000  0.0000  0.0000  0.0000  0.0000  0.0000  0.0000  0.0000  0.0000  0.0000  0.0000  0.0000  0.0000  0.0000  0.0000
 0.0000  0.0000  0.0000  0.0000  0.0000  0.0000  0.0000  0.0000  0.0000  0.0000  0.0000  0.0000  0.0000  0.0000  0.0000  0.0000  0.0000  0.0000  0.0000  1.0000  0.0000  0.0000  0.0000  0.0000  0.0000
 0.3293  0.0000  0.0045  0.0041  0.0043  0.0018  0.0243  0.0009  0.0023  0.0047  0.0045  0.0021  0.0040  0.0112  0.0033  0.0033  1.0000  0.0120  0.0076  0.0007  0.0000  0.0014  0.0000  0.0000  0.0000
 0.0377  0.0000  0.0031  0.0010  0.0026  0.0107  0.0015  0.0011  0.0320  0.0029  1.0000  0.0139  0.0017  0.0040  0.0030  0.0022  0.0032  0.0098  0.2649  0.0013  0.0000  0.0018  0.0000  0.0000  0.0000
 0.0445  0.0000  0.0024  0.0027  0.0024  0.0010  1.0000  0.0006  0.0011  0.0026  0.0024  0.0011  0.0025  0.0060  0.0018  0.0019  0.0120  0.0042  0.0038  0.0004  0.0000  0.0008  0.0000  0.0000  0.0000
 0.0421  0.0000  1.0000  0.0022  0.0023  0.0014  0.0126  0.0007  0.0020  0.0023  0.0032  0.0013  0.0019  0.0057  0.0017  0.0019  0.0112  0.0048  0.0055  0.0006  0.0000  0.0012  0.0000  0.0000  0.0000
 0.0145  0.0000  0.0369  0.0017  0.0034  0.0286  0.0026  0.0021  0.9651  0.0044  1.0000  0.0349  0.0030  0.0051  0.0056  0.0040  0.0039  0.0095  0.0598  0.0034  0.0000  0.0045  0.0000  0.0000  0.0000
 0.0069  0.0000  0.0018  0.0008  0.0018  0.0184  0.0014  0.0014  0.2339  0.0023  1.0000  0.5321  0.0017  0.0029  0.0035  0.0023  0.0019  0.0040  0.0201  0.0022  0.0000  0.0023  0.0000  0.0000  0.0000
 0.0000  0.0000  0.0000  0.0000  0.0000  0.0000  0.0000  0.0000  0.0000  0.0000  0.0000  0.0000  0.0000  0.0000  0.0000  0.0000  0.0000  0.0000  0.0000  0.0000  0.0000  1.0000  0.0000  0.0000  0.0000
 0.0000  0.0000  0.0000  0.0000  1.0000  0.0000  0.0000  0.0000  0.0000  0.0000  0.0000  0.0000  0.0000  0.0000  0.0000  0.0000  0.0000  0.0000  0.0000  0.0000  0.0000  0.0000  0.0000  0.0000  0.0000
 0.0000  0.0000  0.0000  0.0000  0.0000  0.0000  0.0000  0.0000  0.0000  0.0000  1.0000  0.0000  0.0000  0.0000  0.0000  0.0000  0.0000  0.0000  0.0000  0.0000  0.0000  0.0000  0.0000  0.0000  0.0000
 0.0000  0.0000  1.0000  0.0000  0.0000  0.0000  0.0000  0.0000  0.0000  0.0000  0.0000  0.0000  0.0000  0.0000  0.0000  0.0000  0.0000  0.0000  0.0000  0.0000  0.0000  0.0000  0.0000  0.0000  0.0000
 1.0000  0.0000  0.0289  0.0517  0.0447  0.0137  0.0922  0.0139  0.0329  0.0546  0.0375  0.0187  0.0764  0.0725  0.4691  0.0355  0.4457  0.6957  0.0643  0.0074  0.0000  0.0142  0.0000  0.0000  0.0000
 0.1445  0.0000  0.0148  0.0260  0.1911  0.0418  0.0992  0.1221  0.0839  1.0000  0.6108  0.0620  0.1335  0.1098  0.3241  0.9973  0.1145  0.1497  0.0932  0.0230  0.0000  0.0631  0.0000  0.0000  0.0000
 0.6773  0.0000  0.0490  0.5336  1.0000  0.0464  0.3206  0.1053  0.1574  0.8241  0.2504  0.1905  0.4082  0.2395  0.4899  0.4378  0.7531  0.5601  0.2441  0.0168  0.0000  0.0398  0.0000  0.0000  0.0000
 0.0329  0.0000  0.0062  0.0350  0.0241  0.0068  0.0534  0.1568  0.0076  0.0300  0.0161  0.0038  0.0309  1.0000  0.0162  0.0243  0.0288  0.0182  0.0113  0.0056  0.0000  0.0079  0.0000  0.0000  0.0000
 0.1840  0.0000  0.0034  0.0031  0.0037  0.0014  0.0190  0.0007  0.0019  0.0037  0.0038  0.0016  0.0025  1.0000  0.0026  0.0027  0.0172  0.0064  0.0063  0.0006  0.0000  0.0011  0.0000  0.0000  0.0000
 0.0000  0.0000  0.0000  0.0000  0.0000  1.0000  0.0000  0.0000  0.0000  0.0000  0.0000  0.0000  0.0000  0.0000  0.0000  0.0000  0.0000  0.0000  0.0000  0.0000  0.0000  0.0000  0.0000  0.0000  0.0000
 0.1810  0.0000  0.0296  0.2194  0.3879  0.0261  0.1220  0.0500  0.0592  0.1632  0.1593  0.0292  0.6743  0.0930  0.1139  0.0996  0.3947  1.0000  0.0969  0.0122  0.0000  0.0349  0.0000  0.0000  0.0000
 1.0000  0.0000  0.0000  0.0000  0.0000  0.0000  0.0000  0.0000  0.0000  0.0000  0.0000  0.0000  0.0000  0.0000  0.0000  0.0000  0.0000  0.0000  0.0000  0.0000  0.0000  0.0000  0.0000  0.0000  0.0000
 0.4882  0.0000  0.1377  0.1707  0.3549  0.5272  0.3211  0.4855  0.3292  1.0000  0.5779  0.1952  0.3307  0.2365  0.4761  0.9135  0.3846  0.4020  0.4235  0.1491  0.0000  0.7660  0.0000  0.0000  0.0000
 0.0666  0.0000  0.0140  0.0523  0.0243  0.0075  0.0362  0.0131  0.0192  0.0328  0.0184  0.0098  1.0000  0.0356  0.0247  0.0199  0.3219  0.8974  0.0304  0.0048  0.0000  0.0102  0.0000  0.0000  0.0000
 0.0907  0.0000  0.0124  0.0643  0.1311  0.0410  0.0656  0.7106  0.0654  0.3334  0.1670  0.2725  0.0820  0.0551  1.0000  0.2746  0.0733  0.0779  0.0649  0.0132  0.0000  0.0414  0.0000  0.0000  0.0000
 0.6464  0.0000  0.1763  0.2512  0.3958  0.6484  0.3389  0.4815  0.6487  0.6819  1.0000  0.2983  0.3778  0.2592  0.4118  0.5827  0.5287  0.6094  0.7784  0.1628  0.0000  0.8193  0.0000  0.0000  0.0000
 0.2779  0.0000  0.0014  0.1381  1.0000  0.0049  0.0225  0.0126  0.0068  0.0551  0.0126  0.0051  0.0219  0.0324  0.8123  0.0171  0.0293  0.0241  0.0135  0.0023  0.0000  0.0065  0.0000  0.0000  0.0000
 0.0000  0.0000  0.0000  0.0000  0.0000  0.0000  0.0000  0.0000  0.0000  0.0000  1.0000  0.0000  0.0000  0.0000  0.0000  0.0000  0.0000  0.0000  0.0000  0.0000  0.0000  0.0000  0.0000  0.0000  0.0000
 0.8234  0.0000  0.0546  0.0152  0.0419  0.0493  0.0226  0.0114  0.3188  0.0429  0.4372  0.0795  0.0213  0.0635  0.0335  0.0258  0.0563  0.1846  1.0000  0.0075  0.0000  0.0131  0.0000  0.0000  0.0000
 0.5561  0.0000  0.0496  0.4424  0.8532  0.0920  0.3777  0.1666  0.1605  1.0000  0.2824  0.1434  0.3659  0.2340  0.6582  0.7118  0.5029  0.4224  0.2590  0.0334  0.0000  0.1218  0.0000  0.0000  0.0000
 0.0105  0.0000  0.0011  0.0033  0.0147  0.0022  0.0083  0.0094  0.0044  1.0000  0.0104  0.0034  0.2082  0.0083  0.0245  0.4411  0.0092  0.0113  0.0058  0.0016  0.0000  0.0047  0.0000  0.0000  0.0000
 0.0024  0.0000  0.0007  0.0004  0.0006  0.0025  0.0008  0.0001  1.0000  0.0008  0.0130  0.0024  0.0005  0.0005  0.0003  0.0006  0.0008  0.0024  0.1028  0.0003  0.0000  0.0011  0.0000  0.0000  0.0000
 0.0393  0.0000  0.0038  0.0070  0.0534  0.0083  0.0274  0.0340  0.1509  0.3818  0.0404  0.0132  0.0371  0.0303  0.0905  1.0000  0.0317  0.0416  0.0234  0.0060  0.0000  0.0172  0.0000  0.0000  0.0000
 0.0094  0.0000  0.0005  0.0185  1.0000  0.0012  0.0058  0.0035  0.0018  0.0202  0.0038  0.0013  0.0057  0.0063  0.0130  0.1581  0.0059  0.0054  0.0029  0.0008  0.0000  0.0019  0.0000  0.0000  0.0000
 0.0000  0.0000  0.0000  0.0000  0.0000  0.0000  1.0000  0.0000  0.0000  0.0000  0.0000  0.0000  0.0000  0.0000  0.0000  0.0000  0.0000  0.0000  0.0000  0.0000  0.0000  0.0000  0.0000  0.0000  0.0000
 0.0059  0.0000  0.0006  0.0012  0.0082  0.0012  0.0043  0.0052  0.0025  1.0000  0.0059  0.0020  0.0058  0.0047  0.0138  0.4342  0.0049  0.0063  0.0033  0.0009  0.0000  0.0026  0.0000  0.0000  0.0000
 0.0032  0.0000  0.0016  0.0005  0.0008  1.0000  0.0006  0.0001  0.0822  0.0001  0.0171  0.0034  0.0001  0.0012  0.0001  0.0001  0.0022  0.0021  0.0065  0.0154  0.0000  0.4139  0.0000  0.0000  0.0000
 1.0000  0.0000  0.0888  0.1013  0.1376  0.0409  0.5011  0.0397  0.0550  0.2420  0.1121  0.0491  0.1096  0.2837  0.1223  0.3758  0.5151  0.3086  0.1615  0.0165  0.0000  0.0401  0.0000  0.0000  0.0000
 1.0000  0.0000  0.0956  0.1082  0.2097  0.0509  0.5448  0.0841  0.0812  0.5976  0.1683  0.0664  0.1477  0.3574  0.2381  0.5736  0.5201  0.2553  0.2064  0.0246  0.0000  0.0609  0.0000  0.0000  0.0000
 0.0065  0.0000  0.0020  0.0012  0.0018  0.0112  0.0023  0.0005  1.0000  0.0025  0.6649  0.0121  0.0017  0.0017  0.0016  0.0021  0.0024  0.0063  0.2006  0.0013  0.0000  0.0035  0.0000  0.0000  0.0000
 0.0000  0.0000  0.0000  0.0000  0.0000  0.0000  0.0000  0.0000  0.0000  0.0000  0.0000  0.0000  0.0000  1.0000  0.0000  0.0000  0.0000  0.0000  0.0000  0.0000  0.0000  0.0000  0.0000  0.0000  0.0000
 0.2323  0.0000  0.0125  0.5800  1.0000  0.0327  0.1506  0.0711  0.0309  0.2110  0.0568  0.0224  0.1881  0.1304  0.2548  0.0690  0.1595  0.1090  0.0569  0.0129  0.0000  0.0556  0.0000  0.0000  0.0000
 0.2777  0.0000  0.0817  0.0789  0.1256  0.3839  0.1256  0.1958  0.4984  0.1903  1.0000  0.2497  0.1262  0.1058  0.1693  0.2340  0.1620  0.2065  0.4851  0.0776  0.0000  0.3486  0.0000  0.0000  0.0000
 0.0000  0.0000  0.0000  0.0000  0.0000  0.0000  0.0000  0.0000  0.0000  0.0000  0.0000  0.0000  0.0000  0.0000  0.0000  0.0000  0.0000  0.0000  0.0000  0.0000  0.0000  1.0000  0.0000  0.0000  0.0000
 0.0000  0.0000  0.0000  0.0000  0.0000  0.0000  0.0000  0.0000  0.0000  0.0000  0.0000  0.0000  0.0000  0.0000  0.0000  0.0000  1.0000  0.0000  0.0000  0.0000  0.0000  0.0000  0.0000  0.0000  0.0000
 0.1657  0.0000  0.0037  0.8524  1.0000  0.0149  0.0725  0.0411  0.0212  0.1702  0.0388  0.0156  0.0878  0.3907  0.3486  0.0508  0.1598  0.0788  0.0397  0.0070  0.0000  0.0205  0.0000  0.0000  0.0000
 0.0437  0.0000  0.0010  0.2648  1.0000  0.0041  0.1651  0.0118  0.0052  0.0446  0.0097  0.0040  0.0274  0.0266  0.0917  0.0126  0.0258  0.0201  0.0100  0.0019  0.0000  0.0060  0.0000  0.0000  0.0000
 0.0000  0.0000  0.0000  0.0000  0.0000  0.0000  0.0000  0.0000  0.0000  0.0000  1.0000  0.0000  0.0000  0.0000  0.0000  0.0000  0.0000  0.0000  0.0000  0.0000  0.0000  0.0000  0.0000  0.0000  0.0000
 0.1580  0.0000  0.0177  0.1025  0.2132  0.0798  0.1789  0.1214  0.0608  1.0000  0.1342  0.0447  0.5776  0.1084  0.3258  0.7824  0.1541  0.1571  0.0823  0.0216  0.0000  0.0707  0.0000  0.0000  0.0000
 0.6026  0.0000  0.0286  0.7323  0.6505  0.0268  0.3755  0.0672  0.0973  0.4872  0.1572  0.0552  1.0000  0.1457  0.6766  0.2742  0.5435  0.4222  0.1485  0.0094  0.0000  0.0220  0.0000  0.0000  0.0000
 0.0076  0.0000  0.0023  0.0015  0.0020  0.0107  0.0027  0.0003  0.4008  0.0029  0.6823  0.0111  0.0019  0.0017  0.0014  0.0023  0.0028  0.0078  1.0000  0.0013  0.0000  0.0040  0.0000  0.0000  0.0000
 0.0025  0.0000  0.0008  0.0006  0.0007  0.0038  0.0011  0.0001  1.0000  0.0011  0.1251  0.0038  0.0007  0.0005  0.0004  0.0009  0.0011  0.0029  0.2054  0.0005  0.0000  0.0016  0.0000  0.0000  0.0000
 0.9319  0.0000  0.0517  0.6213  0.5928  0.0393  0.4229  0.0894  0.1190  0.7422  0.1871  0.0691  0.3937  0.2079  0.3519  0.3099  0.7029  1.0000  0.1928  0.0155  0.0000  0.0385  0.0000  0.0000  0.0000
 0.7872  0.0000  0.0437  0.6756  0.8647  0.0411  0.3188  0.1021  0.1505  0.8266  0.2431  0.0853  0.6116  0.2240  0.4782  0.7407  1.0000  0.4645  0.2295  0.0143  0.0000  0.0331  0.0000  0.0000  0.0000
 0.6626  0.0000  0.5376  0.1115  0.1039  0.3054  0.4001  0.0563  0.4262  0.0950  1.0000  0.8844  0.0963  0.1979  0.0971  0.1072  0.3037  0.2447  0.4772  0.0757  0.0000  0.1650  0.0000  0.0000  0.0000
 0.0000  0.0000  0.0000  0.0000  0.0000  0.0000  0.0000  0.0000  0.0000  0.0000  1.0000  0.0000  0.0000  0.0000  0.0000  0.0000  0.0000  0.0000  0.0000  0.0000  0.0000  0.0000  0.0000  0.0000  0.0000
 0.1997  0.0000  0.0464  0.2212  0.1935  0.1661  0.2225  0.3384  0.1013  0.5555  0.1852  0.0632  0.8449  0.1193  0.2393  1.0000  0.2622  0.4268  0.1337  0.0448  0.0000  0.2124  0.0000  0.0000  0.0000
 0.0710  0.0000  0.0178  0.0083  0.0150  0.0636  0.0127  0.0041  0.6358  0.1737  0.8581  0.0728  0.0116  0.0167  0.0131  0.0155  0.0183  0.0596  1.0000  0.0078  0.0000  0.0199  0.0000  0.0000  0.0000
 0.0817  0.0000  0.0088  0.1545  0.4196  0.0112  0.0922  0.0439  0.0195  1.0000  0.0383  0.0135  0.8304  0.0501  0.1049  0.1521  0.1079  0.2114  0.0294  0.0065  0.0000  0.0219  0.0000  0.0000  0.0000
 0.2337  0.0000  0.0310  1.0000  0.4082  0.0323  0.3404  0.0828  0.0303  0.1687  0.0633  0.0184  0.3403  0.7261  0.1443  0.0898  0.2411  0.1246  0.0544  0.0224  0.0000  0.0490  0.0000  0.0000  0.0000
 0.1990  0.0000  0.0092  0.6560  1.0000  0.0246  0.1563  0.0697  0.0242  0.2095  0.0460  0.0183  0.2220  0.1248  0.2502  0.0658  0.1570  0.1031  0.0453  0.0109  0.0000  0.0960  0.0000  0.0000  0.0000
 0.1654  0.0000  0.0323  0.0390  0.2071  0.0650  0.1143  0.2780  0.0792  1.0000  0.2213  0.0570  0.1490  0.1173  0.3571  0.8671  0.1355  0.1675  0.1042  0.0307  0.0000  0.1127  0.0000  0.0000  0.0000
 0.0000  0.0000  0.0000  0.0000  0.0000  0.0000  0.0000  0.0000  0.0000  0.0000  0.0000  0.0000  0.0000  0.0000  0.0000  1.0000  0.0000  0.0000  0.0000  0.0000  0.0000  0.0000  0.0000  0.0000  0.0000
 0.0000  0.0000  0.0000  0.0000  0.0000  0.0000  0.0000  0.0000  0.0000  0.0000  0.0000  0.0000  0.0000  1.0000  0.0000  0.0000  0.0000  0.0000  0.0000  0.0000  0.0000  0.0000  0.0000  0.0000  0.0000
 0.0298  0.0000  0.0069  1.0000  0.0425  0.0057  0.0982  0.0296  0.0033  0.0395  0.0066  0.0025  0.4165  0.0231  0.0268  0.0200  0.9138  0.0366  0.0055  0.0030  0.0000  0.0150  0.0000  0.0000  0.0000
 0.1639  0.0000  0.0360  0.0127  0.0279  0.0484  0.0118  0.0057  0.8433  0.0314  0.2767  0.0615  0.0174  0.0344  0.0190  0.0201  0.0356  0.3836  1.0000  0.0066  0.0000  0.0205  0.0000  0.0000  0.0000
 0.4741  0.0000  0.0236  0.4477  1.0000  0.0240  0.1803  0.0603  0.0448  0.2237  0.0678  0.0273  0.2886  0.1321  0.2153  0.0976  0.2786  0.2729  0.0854  0.0110  0.0000  0.0332  0.0000  0.0000  0.0000
 0.6396  0.0000  0.0343  0.4582  1.0000  0.0333  0.2437  0.0799  0.1196  0.5953  0.1927  0.1156  0.3168  0.1813  0.4994  0.3319  0.5690  0.5110  0.1831  0.0117  0.0000  0.0266  0.0000  0.0000  0.0000
 0.0085  0.0000  0.0022  0.0011  0.0022  0.0208  0.0019  0.0015  1.0000  0.0029  0.7586  0.0251  0.0020  0.0033  0.0039  0.0028  0.0025  0.0055  0.0390  0.0025  0.0000  0.0033  0.0000  0.0000  0.0000
 0.0042  0.0000  0.0011  0.0005  0.0011  0.0109  0.0009  0.0008  0.2456  0.0014  1.0000  0.0133  0.0010  0.0017  0.0021  0.0014  0.0012  0.0026  0.0139  0.0013  0.0000  0.0015  0.0000  0.0000  0.0000
 0.3411  0.0000  0.0364  0.4834  1.0000  0.0321  0.2511  0.0886  0.0784  0.3769  0.1166  0.0452  0.9506  0.1611  0.7332  0.2032  0.6269  0.7445  0.1232  0.0151  0.0000  0.0438  0.0000  0.0000  0.0000
 0.2935  0.0000  0.0689  0.2502  0.1438  0.1107  0.1943  0.1292  0.1166  0.1893  0.1838  0.0624  0.3642  0.1516  0.1390  0.1381  0.8059  1.0000  0.1680  0.0386  0.0000  0.1567  0.0000  0.0000  0.0000
 0.0671  0.0000  0.0083  0.0644  0.0280  0.0055  0.1366  0.1411  0.0048  0.0312  0.0107  0.0040  0.0716  1.0000  0.0187  0.0203  0.0590  0.0242  0.0120  0.0029  0.0000  0.0092  0.0000  0.0000  0.0000
 0.0326  0.0000  0.0085  0.0043  0.0082  0.2565  0.0071  0.0056  0.4154  0.0108  1.0000  0.0825  0.0076  0.0116  0.1115  0.0102  0.0096  0.0225  0.5044  0.0082  0.0000  0.0123  0.0000  0.0000  0.0000
 0.0037  0.0000  0.0012  0.0008  0.0011  0.0058  0.0017  0.0001  1.0000  0.0016  0.2865  0.0058  0.0010  0.0008  0.0006  0.0013  0.0016  0.0042  0.3317  0.0007  0.0000  0.0024  0.0000  0.0000  0.0000
 0.4683  0.0000  0.0341  0.0665  0.2339  0.0370  0.2145  0.1256  0.0713  1.0000  0.1605  0.0559  0.1650  0.1604  0.3417  0.8995  0.2549  0.2095  0.1164  0.0241  0.0000  0.0675  0.0000  0.0000  0.0000
 0.5176  0.0000  0.0561  1.0000  0.8698  0.0585  0.6171  0.1981  0.1064  0.6340  0.1811  0.0641  0.9408  0.2497  0.4384  0.3376  0.6886  0.4175  0.1659  0.0242  0.0000  0.0978  0.0000  0.0000  0.0000
 0.2634  0.0000  0.0907  0.1040  0.1410  0.5053  0.1677  0.2743  0.2397  0.4248  1.0000  0.7068  0.1572  0.1068  0.1548  0.3248  0.2041  0.2024  0.4201  0.0952  0.0000  0.6144  0.0000  0.0000  0.0000
 0.2315  0.0000  0.0486  0.0204  0.0594  0.1669  0.0338  0.0294  0.6946  0.1436  1.0000  0.2120  0.0410  0.0673  0.0770  0.2041  0.0595  0.1652  0.8699  0.0227  0.0000  0.0399  0.0000  0.0000  0.0000
 0.4558  0.0000  0.0285  0.0733  0.2279  0.0325  0.1813  0.1116  0.0659  1.0000  0.1448  0.0503  0.1555  0.1402  0.3102  0.8060  0.2826  0.1977  0.1045  0.0211  0.0000  0.0588  0.0000  0.0000  0.0000
 0.0387  0.0000  0.0016  0.1343  1.0000  0.0040  0.0273  0.0126  0.0049  0.0411  0.0680  0.0036  0.1811  0.0238  0.0486  0.0131  0.0291  0.0201  0.0090  0.0019  0.0000  0.0064  0.0000  0.0000  0.0000
 0.4134  0.0000  0.1127  0.1742  0.7113  0.5381  0.2677  0.3961  0.2726  1.0000  0.4759  0.1610  0.2817  0.1994  0.4032  0.7909  0.3321  0.3421  0.3745  0.1213  0.0000  0.6788  0.0000  0.0000  0.0000
 0.1238  0.0000  0.0050  0.2835  1.0000  0.0150  0.0630  0.0376  0.0235  0.1800  0.2348  0.0164  0.1783  0.0720  0.7736  0.0916  0.0822  0.0691  0.0371  0.0066  0.0000  0.0204  0.0000  0.0000  0.0000
 0.7924  0.0000  0.0709  0.6210  1.0000  0.1231  0.4132  0.1795  0.2323  0.9895  0.3683  0.1271  0.5121  0.2909  0.6117  0.6103  0.7653  0.5985  0.3531  0.0370  0.0000  0.1446  0.0000  0.0000  0.0000
 0.6247  0.0000  0.0467  0.5066  0.9372  0.0525  0.3163  0.1140  0.1850  1.0000  0.2948  0.0918  0.4815  0.2309  0.4999  0.7329  0.6019  0.5064  0.3665  0.0180  0.0000  0.0495  0.0000  0.0000  0.0000
 0.1825  0.0000  0.0207  0.8477  0.5238  0.0224  0.2169  0.0744  0.0355  0.2087  0.1556  0.0216  1.0000  0.0994  0.1666  0.1021  0.2740  0.6414  0.0571  0.0101  0.0000  0.0390  0.0000  0.0000  0.0000
 0.1216  0.0000  0.0377  0.0911  0.0597  0.2370  0.0618  0.0951  0.2222  0.0635  1.0000  0.1629  0.0603  0.1018  0.1067  0.0702  0.0784  0.0876  0.1963  0.0398  0.0000  0.1736  0.0000  0.0000  0.0000
 0.6554  0.0000  0.0467  0.5549  1.0000  0.0454  0.3547  0.1068  0.1629  0.8262  0.3039  0.1097  0.4289  0.2382  0.5109  0.4544  0.6894  0.5200  0.2481  0.0155  0.0000  0.0360  0.0000  0.0000  0.0000
 0.0311  0.0000  0.0031  0.0147  0.0421  0.0057  0.0245  0.0240  0.0118  1.0000  0.0270  0.0090  0.1602  0.1441  0.0629  0.7736  0.1244  0.0328  0.0160  0.0041  0.0000  0.0120  0.0000  0.0000  0.0000
 0.0312  0.0000  0.0030  0.0057  0.0435  0.0066  0.0221  0.0279  0.0134  0.5455  0.0316  0.0104  0.0303  0.0245  0.1547  1.0000  0.0255  0.0334  0.0177  0.0049  0.0000  0.2104  0.0000  0.0000  0.0000
 0.4232  0.0000  0.0350  0.2943  0.5707  0.0546  0.2362  0.1394  0.1253  1.0000  0.2302  0.0785  0.3004  0.1899  0.4607  0.7340  0.3929  0.3443  0.1847  0.0248  0.0000  0.0765  0.0000  0.0000  0.0000
 0.0670  0.0000  0.0075  0.0123  0.0884  0.0218  0.0461  0.0587  0.0381  0.5755  0.1415  0.1701  0.0622  0.0506  0.1496  1.0000  0.0537  0.0699  0.0435  0.0824  0.0000  0.0342  0.0000  0.0000  0.0000
 0.0494  0.0000  0.0040  0.0303  0.5161  0.0068  0.0298  0.0263  0.0163  0.4706  0.0344  0.0116  0.0398  0.0290  0.5101  1.0000  0.1967  0.0444  0.0229  0.0045  0.0000  0.0126  0.0000  0.0000  0.0000
 0.8728  0.0000  0.0722  0.5898  1.0000  0.1017  0.3750  0.1524  0.2592  0.8868  0.3921  0.1242  0.4786  0.2784  0.5678  0.5872  0.7923  0.5922  0.4313  0.0300  0.0000  0.1081  0.0000  0.0000  0.0000
 0.7443  0.0000  0.0529  0.6021  1.0000  0.0493  0.4002  0.1144  0.1725  0.8486  0.2786  0.0984  0.4582  0.2630  0.5447  0.4771  0.7123  0.5541  0.2740  0.0171  0.0000  0.0398  0.0000  0.0000  0.0000
 0.3116  0.0000  0.0060  0.4325  1.0000  0.0135  0.0650  0.0329  0.0265  0.1609  0.0828  0.0168  0.0741  0.0815  0.1727  0.0600  0.1030  0.1233  0.0472  0.0058  0.0000  0.0162  0.0000  0.0000  0.0000
 0.8918  0.0000  0.0821  0.6152  0.9873  0.1408  0.4069  0.1859  0.2691  1.0000  0.5333  0.1688  0.5082  0.7562  0.7264  0.5576  0.8876  0.6256  0.5345  0.0407  0.0000  0.1640  0.0000  0.0000  0.0000
 0.4629  0.0000  0.0291  0.3426  1.0000  0.0272  0.3115  0.0663  0.1019  0.7058  0.1645  0.0577  0.3549  0.1497  0.6135  0.2861  0.6010  0.3972  0.1554  0.0094  0.0000  0.0208  0.0000  0.0000  0.0000
 0.0856  0.0000  0.0068  0.1414  0.1260  0.0105  0.0495  0.0366  0.0265  1.0000  0.0941  0.0178  0.0658  0.2071  0.1832  0.3406  0.0775  0.0737  0.0378  0.0062  0.0000  0.0174  0.0000  0.0000  0.0000
 0.7746  0.0000  0.0601  0.6185  1.0000  0.0777  0.3851  0.1412  0.2014  0.9243  0.3613  0.1129  0.4944  0.2837  0.5919  0.5395  0.7567  0.5775  0.3197  0.0245  0.0000  0.0783  0.0000  0.0000  0.0000
 0.2695  0.0000  0.0203  0.1946  0.4644  0.0265  0.1476  0.0872  0.0767  1.0000  0.1430  0.0490  0.1946  0.4833  0.5318  0.6823  0.4106  0.2217  0.1122  0.0142  0.0000  0.0379  0.0000  0.0000  0.0000
 0.3877  0.0000  0.0280  0.9617  1.0000  0.0290  0.1955  0.1293  0.0969  0.4748  0.1564  0.1408  0.2540  0.2490  0.3034  0.4040  0.4866  0.4919  0.1474  0.0098  0.0000  0.0246  0.0000  0.0000  0.0000
 0.7561  0.0000  0.0590  0.6171  1.0000  0.0748  0.3818  0.1392  0.1994  0.9290  0.3280  0.1193  0.4923  0.2939  0.6049  0.5315  0.7713  0.5747  0.3216  0.0238  0.0000  0.0743  0.0000  0.0000  0.0000
 0.6645  0.0000  0.0489  0.6639  1.0000  0.0497  0.3674  0.1214  0.1624  0.8168  0.2973  0.0925  0.5053  0.2506  0.5284  0.4753  0.7345  0.5070  0.2480  0.0174  0.0000  0.0459  0.0000  0.0000  0.0000
 0.4052  0.0000  0.0188  0.1888  0.5205  0.0253  0.1354  0.1376  0.0706  0.8918  0.1304  0.0448  0.1779  1.0000  0.6505  0.5595  0.2315  0.2031  0.1035  0.0130  0.0000  0.0354  0.0000  0.0000  0.0000
 0.8335  0.0000  0.0957  0.3485  0.6125  0.0982  0.2408  0.1300  0.4074  0.8767  0.4423  0.1345  0.3196  0.2560  0.4233  0.5351  0.4723  0.5828  1.0000  0.0287  0.0000  0.0961  0.0000  0.0000  0.0000
 0.5200  0.0000  0.1788  0.2033  0.3082  0.7599  0.3255  0.5328  0.5039  0.2910  0.9470  0.2709  0.3046  0.2274  0.2959  0.3459  0.3975  0.3981  0.5788  0.1867  0.0000  1.0000  0.0000  0.0000  0.0000
 0.8425  0.0000  0.0206  0.3981  0.6836  0.0194  0.1983  0.0474  0.0719  0.3580  0.1160  0.0407  0.2658  0.1061  0.3102  0.3262  1.0000  0.2208  0.1096  0.0067  0.0000  0.0150  0.0000  0.0000  0.0000
 0.0410  0.0000  0.0018  0.0774  1.0000  0.0055  0.0192  0.0160  0.0099  0.3963  0.1094  0.0071  0.0228  0.0256  0.0611  0.0691  0.0245  0.0248  0.0148  0.0029  0.0000  0.0082  0.0000  0.0000  0.0000
 0.0048  0.0000  0.0012  0.0006  0.0012  0.0127  0.0009  0.0010  0.1735  0.0016  1.0000  0.0581  0.0012  0.0020  0.0280  0.0016  0.0013  0.0028  0.0134  0.0015  0.0000  0.0016  0.0000  0.0000  0.0000
 0.0211  0.0000  0.0019  0.0082  0.6044  0.0041  0.0145  0.0176  0.0084  1.0000  0.0199  0.0066  0.0197  0.0162  0.0478  0.7073  0.0169  0.0215  0.0113  0.0031  0.0000  0.0088  0.0000  0.0000  0.0000
 0.3149  0.0000  0.0280  0.2707  0.6381  0.0818  0.1643  0.1402  0.1694  1.0000  0.4423  0.1066  0.2137  0.1723  0.4492  0.7527  0.2439  0.2530  0.1889  0.0291  0.0000  0.0815  0.0000  0.0000  0.0000
 0.0161  0.0000  0.0015  0.0044  0.2891  0.0032  0.0111  0.0136  0.0066  1.0000  0.0666  0.0052  0.0152  0.0123  0.0367  0.2605  0.0131  0.0168  0.0089  0.0024  0.0000  0.0068  0.0000  0.0000  0.0000
 0.0668  0.0000  0.0052  0.0453  1.0000  0.0082  0.0379  0.0280  0.1053  0.4266  0.0407  0.0648  0.0501  0.0346  0.2894  0.2466  0.0599  0.0569  0.0295  0.0048  0.0000  0.0134  0.0000  0.0000  0.0000
 0.7879  0.0000  0.0615  0.7006  1.0000  0.0846  0.3893  0.1466  0.2758  0.9272  0.3431  0.1313  0.5007  0.2796  0.8147  0.6823  0.7540  0.6196  0.3070  0.0263  0.0000  0.0880  0.0000  0.0000  0.0000
 0.3109  0.0000  0.0158  0.1088  0.1837  0.0194  0.0760  0.0382  0.1185  0.2925  0.0754  0.0265  0.1445  0.0635  1.0000  0.1683  0.1695  0.2383  0.0836  0.0076  0.0000  0.0235  0.0000  0.0000  0.0000
 0.0063  0.0000  0.0016  0.0008  0.0016  0.0176  0.0013  0.0013  0.1093  0.0022  1.0000  0.4292  0.0016  0.0027  0.0033  0.0022  0.0018  0.0037  0.0185  0.0021  0.0000  0.0525  0.0000  0.0000  0.0000
 0.8711  0.0000  0.0485  0.6289  0.9524  0.0488  0.3414  0.2009  0.1692  1.0000  0.2741  0.0961  0.4434  0.2480  0.8793  0.6416  0.6551  0.5137  0.3363  0.0168  0.0000  0.0407  0.0000  0.0000  0.0000
 0.7166  0.0000  0.0483  0.6297  1.0000  0.0451  0.3444  0.1099  0.1694  0.8840  0.3348  0.0958  0.4655  0.2484  0.5597  0.5368  0.6953  0.5524  0.2582  0.0155  0.0000  0.0342  0.0000  0.0000  0.0000
 0.0547  0.0000  0.0029  0.2273  0.3825  0.0592  0.0306  0.0208  0.0118  0.1976  0.0233  0.0083  0.0400  0.0321  0.0749  1.0000  0.0402  0.0355  0.0184  0.0036  0.0000  0.0114  0.0000  0.0000  0.0000
 0.1827  0.0000  0.0011  0.0691  1.0000  0.0027  0.0134  0.0071  0.0040  0.1359  0.0074  0.0030  0.0124  0.0174  0.0359  0.0136  0.0168  0.0136  0.0078  0.0013  0.0000  0.0037  0.0000  0.0000  0.0000
 0.2057  0.0000  0.0142  0.0307  0.2000  0.0312  0.1011  0.1240  0.0607  0.9850  0.1418  0.0470  0.1363  0.1099  0.5142  1.0000  0.1184  0.1511  0.0810  0.1117  0.0000  0.0651  0.0000  0.0000  0.0000
 0.9573  0.0000  0.0321  0.4931  1.0000  0.0327  0.2360  0.0789  0.1127  0.7193  0.2205  0.0646  0.3019  0.1798  0.3838  0.3139  0.5844  0.3486  0.1739  0.0116  0.0000  0.0272  0.0000  0.0000  0.0000
 0.0357  0.0000  0.0093  0.0046  0.0086  0.0669  0.0075  0.0048  0.3446  0.0115  1.0000  0.2499  0.0077  0.0118  0.0128  0.1855  0.0101  0.0259  0.4999  0.0080  0.0000  0.0123  0.0000  0.0000  0.0000
 0.0781  0.0000  0.0020  0.0073  0.1352  0.0041  0.0149  0.0169  0.0088  1.0000  0.0200  0.0904  0.0201  0.0159  0.0465  0.5083  0.0186  0.0224  0.0119  0.0030  0.0000  0.0085  0.0000  0.0000  0.0000
 0.5435  0.0000  0.0348  0.5607  1.0000  0.0552  0.2385  0.1066  0.1209  0.5775  0.2019  0.0699  0.3011  0.1977  0.4389  0.3086  0.4375  0.3484  0.1899  0.0181  0.0000  0.0606  0.0000  0.0000  0.0000
 0.2743  0.0000  0.0058  0.1337  0.2777  0.0065  0.0434  0.0171  0.0207  0.2209  0.0347  0.0122  0.0561  0.0346  0.0763  1.0000  0.0792  0.1171  0.0317  0.0026  0.0000  0.0066  0.0000  0.0000  0.0000
 0.1553  0.0000  0.0280  0.0744  0.2572  0.1769  0.0460  0.0461  0.3966  0.2255  1.0000  0.2167  0.0570  0.0685  0.1251  0.1840  0.0659  0.1069  0.3028  0.0260  0.0000  0.0464  0.0000  0.0000  0.0000
 0.1253  0.0000  0.0006  0.5543  1.0000  0.0031  0.0133  0.0083  0.0046  0.1467  0.0084  0.0034  0.0150  0.0209  0.1845  0.0107  0.0190  0.0163  0.0086  0.0015  0.0000  0.0041  0.0000  0.0000  0.0000
 0.7536  0.0000  0.0566  0.6203  1.0000  0.0631  0.3896  0.1322  0.2050  0.9225  0.3065  0.1075  0.4985  0.2746  0.5818  0.5456  0.7332  0.5691  0.2873  0.0210  0.0000  0.0588  0.0000  0.0000  0.0000
 0.6322  0.0000  0.1084  0.2027  0.2521  0.1198  0.1067  0.0871  0.5041  0.2446  0.5660  0.1273  0.1574  0.1608  0.1736  0.1555  0.3334  0.5583  1.0000  0.0289  0.0000  0.1145  0.0000  0.0000  0.0000
 0.0839  0.0000  0.0041  0.1946  1.0000  0.0101  0.0356  0.0204  0.0184  0.1013  0.1210  0.0110  0.0422  0.0428  0.0927  0.2080  0.0561  0.0484  0.0643  0.0039  0.0000  0.0123  0.0000  0.0000  0.0000
 0.1548  0.0000  0.0044  0.0115  0.0446  0.0063  0.0292  0.0233  0.0123  0.1791  0.0281  0.0095  0.0281  0.0253  1.0000  0.7028  0.0318  0.0321  0.0186  0.0043  0.0000  0.0122  0.0000  0.0000  0.0000
 0.0512  0.0000  0.0051  0.0090  0.0676  0.0103  0.0349  0.0429  0.0226  0.5839  0.0503  0.0166  0.0469  0.0385  0.1143  1.0000  0.0406  0.0531  0.2116  0.0076  0.0000  0.0218  0.0000  0.0000  0.0000
 0.0119  0.0000  0.0003  0.0295  1.0000  0.0012  0.0048  0.0036  0.0018  0.1912  0.0035  0.0014  0.0056  0.0074  0.2257  0.0095  0.0064  0.0059  0.0031  0.0006  0.0000  0.0018  0.0000  0.0000  0.0000
 0.1417  0.0000  0.0139  0.0331  0.1975  0.0300  0.1034  0.1253  0.0600  1.0000  0.1413  0.0467  0.2000  0.1102  0.4188  0.9339  0.1187  0.1511  0.0797  0.0999  0.0000  0.0642  0.0000  0.0000  0.0000
 0.0083  0.0000  0.0006  0.0244  1.0000  0.0010  0.0083  0.0032  0.0010  0.0091  0.0020  0.0008  0.0820  0.0053  0.0098  0.0035  0.0076  0.0047  0.0019  0.0005  0.0000  0.0017  0.0000  0.0000  0.0000
 0.0066  0.0000  0.0016  0.0007  0.0014  0.0115  0.0011  0.0009  0.0272  0.0018  1.0000  0.0140  0.0012  0.0023  0.0024  0.0017  0.0017  0.0042  0.2112  0.0014  0.0000  0.0019  0.0000  0.0000  0.0000
 0.4640  0.0000  0.1068  0.0983  0.2718  0.2002  0.2719  0.2367  0.1715  1.0000  0.3110  0.1055  0.2175  0.1979  0.3866  0.8514  0.3056  0.2826  0.2569  0.0633  0.0000  0.2815  0.0000  0.0000  0.0000
 0.3593  0.0000  0.0383  0.0105  0.1714  0.0334  0.0044  0.0075  0.4842  0.0302  0.3738  0.0524  0.0149  0.0394  0.0217  0.0180  0.0295  0.1347  1.0000  0.0050  0.0000  0.0118  0.0000  0.0000  0.0000
 0.1656  0.0000  0.0016  0.0030  0.0175  0.0027  0.0110  0.0107  0.0054  0.1475  0.0125  0.0042  0.0122  0.0105  0.0286  1.0000  0.0122  0.0138  0.0076  0.0019  0.0000  0.0055  0.0000  0.0000  0.0000
 0.1920  0.0000  0.0076  0.2620  1.0000  0.0164  0.0651  0.0401  0.0326  0.3483  0.1778  0.0207  0.0676  0.0796  0.1729  0.1369  0.0890  0.0802  0.0549  0.0075  0.0000  0.0211  0.0000  0.0000  0.0000
 0.0076  0.0000  0.0007  0.0023  0.1507  0.0015  0.0052  0.0065  0.0031  0.2158  0.0073  0.0024  0.0072  0.0058  0.0892  1.0000  0.0061  0.0079  0.0042  0.0011  0.0000  0.0033  0.0000  0.0000  0.0000
 0.0302  0.0000  0.0078  0.0038  0.0079  0.3464  0.0062  0.0064  0.5349  0.0104  1.0000  0.2823  0.0076  0.0128  0.1059  0.0105  0.0087  0.0176  0.0847  0.0096  0.0000  0.0109  0.0000  0.0000  0.0000
 0.4226  0.0000  0.0202  0.5036  1.0000  0.0263  0.1292  0.0554  0.0777  0.2943  0.1028  0.0376  0.1438  0.1418  0.2803  0.1262  0.2219  0.2143  0.1651  0.0102  0.0000  0.0274  0.0000  0.0000  0.0000
 0.2312  0.0000  0.0214  0.1748  1.0000  0.0814  0.1222  0.1530  0.1570  0.5799  0.1174  0.0406  0.2412  0.0919  0.4137  0.4148  0.2186  0.1807  0.1006  0.0133  0.0000  0.0506  0.0000  0.0000  0.0000
 0.0927  0.0000  0.0044  1.0000  0.4935  0.0074  0.0437  0.0192  0.0178  0.3050  0.1139  0.0111  0.0827  0.0440  0.2520  0.0498  0.0723  0.0577  0.0290  0.0031  0.0000  0.0083  0.0000  0.0000  0.0000
 0.0686  0.0000  0.0068  0.0120  0.0909  0.0138  0.0468  0.0577  0.0303  1.0000  0.0676  0.0222  0.0631  0.0517  0.1537  0.7327  0.0544  0.0714  0.2460  0.0102  0.0000  0.0292  0.0000  0.0000  0.0000
 0.1269  0.0000  0.0292  0.0132  0.0286  0.1397  0.0160  0.0183  0.4413  0.0363  1.0000  0.1698  0.0488  0.0374  0.1632  0.0306  0.0313  0.0882  0.4578  0.0180  0.0000  0.0322  0.0000  0.0000  0.0000
 1.0000  0.0000  0.0143  0.0705  0.1535  0.0201  0.0460  0.0224  0.0507  0.0961  0.0579  0.1042  0.1232  0.0386  0.1313  0.0588  0.0791  0.0783  0.1603  0.0057  0.0000  0.0226  0.0000  0.0000  0.0000
 0.2553  0.0000  0.0395  0.1033  0.3728  0.1092  0.1114  0.1132  0.2890  0.5977  0.5097  0.1064  0.1433  0.1142  0.2782  1.0000  0.1695  0.2086  0.3099  0.0300  0.0000  0.1075  0.0000  0.0000  0.0000
 0.6736  0.0000  0.1020  0.0781  0.2554  0.1553  0.0746  0.0974  0.5638  0.1206  0.4000  0.1198  0.0813  0.1208  0.1027  0.0945  0.1394  0.3293  1.0000  0.0362  0.0000  0.1954  0.0000  0.0000  0.0000
 0.0545  0.0000  0.0081  0.0387  1.0000  0.0220  0.0106  0.0062  0.0662  0.0246  0.1988  0.0276  0.0101  0.0186  0.0255  0.0122  0.0169  0.0316  0.1453  0.0034  0.0000  0.0064  0.0000  0.0000  0.0000
 0.5386  0.0000  0.0176  0.2066  0.7806  0.0164  0.1658  0.0400  0.0615  0.5107  0.0992  0.0348  0.2979  0.0903  0.4404  0.1725  1.0000  0.2845  0.0938  0.0057  0.0000  0.0125  0.0000  0.0000  0.0000
 0.1877  0.0000  0.0191  0.1550  0.5029  0.0860  0.0989  0.1005  0.1589  0.8013  1.0000  0.1540  0.1279  0.1140  0.3152  0.5463  0.1320  0.1520  0.1399  0.0243  0.0000  0.0631  0.0000  0.0000  0.0000
 0.6757  0.0000  0.1534  0.3562  0.6065  0.5481  0.4080  0.5486  0.3789  1.0000  0.7556  0.3549  0.4448  0.2888  0.6639  0.9290  0.6222  0.5391  0.5683  0.1522  0.0000  0.7805  0.0000  0.0000  0.0000
 0.0455  0.0000  0.0046  0.0080  0.0613  0.0107  0.0312  0.0391  0.0846  1.0000  0.0526  0.1624  0.0426  0.0348  0.1039  0.4755  0.0364  0.0480  0.0286  0.0071  0.0000  0.0201  0.0000  0.0000  0.0000
 0.3564  0.0000  0.0261  0.2228  0.4338  0.0359  0.1931  0.1233  0.0958  1.0000  0.1844  0.0628  0.4868  0.1578  0.4855  0.8960  0.3342  0.2770  0.1383  0.0203  0.0000  0.0565  0.0000  0.0000  0.0000
 0.2536  0.0000  0.0866  0.1298  0.1441  0.8815  0.1822  0.2683  0.1904  0.1700  0.3154  0.1072  0.3018  0.1057  0.1538  0.3773  0.2913  0.2018  0.2433  0.0895  0.0000  1.0000  0.0000  0.0000  0.0000
 0.5190  0.0000  0.0353  0.5134  1.0000  0.0340  0.2596  0.0850  0.1197  0.6011  0.1929  0.0681  0.5693  0.1864  0.4432  0.3336  0.7392  0.4524  0.1835  0.0122  0.0000  0.0289  0.0000  0.0000  0.0000
 0.9586  0.0000  0.2029  0.6040  0.9737  0.6358  0.5431  0.5431  0.4771  0.9937  1.0000  0.2651  0.6463  0.3692  0.6659  0.7007  0.8655  0.8101  0.6475  0.1678  0.0000  0.8648  0.0000  0.0000  0.0000
 0.5294  0.0000  0.1778  0.2206  0.3407  0.7045  0.3367  0.5389  0.4412  0.3183  0.7465  0.2478  0.3182  0.2116  0.3091  0.3774  0.4215  0.4080  0.5487  0.1839  0.0000  1.0000  0.0000  0.0000  0.0000
 0.2684  0.0000  0.0192  0.1388  0.4408  0.0293  0.1278  0.1014  0.0766  1.0000  0.1451  0.0490  0.1662  0.1208  0.3150  0.7067  0.1934  0.1938  0.2425  0.0175  0.0000  0.0492  0.0000  0.0000  0.0000
 0.0563  0.0000  0.0015  0.3025  1.0000  0.0049  0.0225  0.0128  0.0086  0.0621  0.0152  0.0059  0.0263  0.0310  0.5733  0.1392  0.0342  0.0289  0.1277  0.0022  0.0000  0.0062  0.0000  0.0000  0.0000
 0.7723  0.0000  0.0547  0.6292  1.0000  0.0693  0.3638  0.1515  0.1851  0.8737  0.2996  0.1050  0.4689  0.2649  0.6058  0.4990  0.6943  0.5426  0.2881  0.0222  0.0000  0.0684  0.0000  0.0000  0.0000
 0.2469  0.0000  0.0083  0.0887  0.2417  0.0094  0.0994  0.2073  0.0288  0.4216  0.0481  0.0167  0.0745  0.0424  0.0938  1.0000  0.1516  0.1321  0.0433  0.0035  0.0000  0.0096  0.0000  0.0000  0.0000
 0.3785  0.0000  0.0454  0.0238  0.0446  0.3678  0.0315  0.0443  0.2221  0.0466  1.0000  0.0671  0.0354  0.0521  0.0413  0.0398  0.1073  0.2008  0.7013  0.0175  0.0000  0.0764  0.0000  0.0000  0.0000
 0.3166  0.0000  0.0555  0.1714  0.3342  0.2877  0.1179  0.1281  0.3458  0.1832  1.0000  0.2109  0.1079  0.1066  0.2408  0.1445  0.1534  0.1635  0.3037  0.0524  0.0000  0.2093  0.0000  0.0000  0.0000
 0.7241  0.0000  0.2297  0.4613  0.6596  0.0329  0.2193  0.0726  0.1090  0.5311  0.1759  0.1017  0.2839  0.1579  0.4624  0.3343  1.0000  0.3299  0.1657  0.0110  0.0000  0.0280  0.0000  0.0000  0.0000
 0.7416  0.0000  0.1924  0.3535  0.5320  0.7429  0.4200  0.5657  0.5214  0.5217  0.8981  0.2650  0.4243  0.2747  0.4374  0.4960  0.6480  0.5421  0.6192  0.1885  0.0000  1.0000  0.0000  0.0000  0.0000
 1.0000  0.0000  0.0674  0.6184  0.9168  0.0789  0.3529  0.1320  0.2896  0.9816  0.3942  0.1164  0.4589  0.2668  0.5438  0.4866  0.7065  0.6198  0.4950  0.0238  0.0000  0.0756  0.0000  0.0000  0.0000
 0.6518  0.0000  0.0477  0.6550  1.0000  0.0464  0.4747  0.1164  0.1988  0.8005  0.2576  0.0905  0.5119  0.2438  0.5471  0.4483  0.8072  0.4957  0.2431  0.0163  0.0000  0.0412  0.0000  0.0000  0.0000
 0.9086  0.0000  0.0625  0.6306  1.0000  0.0655  0.5310  0.1334  0.2149  0.8994  0.3068  0.1088  0.6258  0.2853  0.5738  0.5118  0.8200  0.6436  0.2939  0.0221  0.0000  0.0620  0.0000  0.0000  0.0000
 1.0000  0.0000  0.0768  0.6355  0.5486  0.0499  0.7436  0.0960  0.1089  0.5023  0.1885  0.0714  0.4160  0.6752  0.3248  0.3823  0.8682  0.3813  0.2098  0.0183  0.0000  0.0523  0.0000  0.0000  0.0000
 0.2453  0.0000  0.0096  0.6840  1.0000  0.0109  0.0841  0.0298  0.0317  0.2261  0.0521  0.0187  0.2313  0.0610  0.1276  0.0891  0.2547  0.1031  0.0496  0.0042  0.0000  0.0116  0.0000  0.0000  0.0000
 0.7446  0.0000  0.1911  0.4693  0.5904  0.7009  0.4502  0.5708  0.4448  0.5974  0.7479  0.2492  0.4698  0.2918  0.4771  0.5481  0.6423  0.6035  0.5846  0.1864  0.0000  1.0000  0.0000  0.0000  0.0000
 0.5930  0.0000  0.1837  0.2705  0.3824  0.7069  0.3672  0.5543  0.4209  0.3872  0.7008  0.2336  0.3602  0.2354  0.3542  0.4012  0.4977  0.4944  0.5483  0.1859  0.0000  1.0000  0.0000  0.0000  0.0000
 0.1225  0.0000  0.1187  1.0000  0.2420  0.0229  0.2746  0.0758  0.0239  0.1536  0.0892  0.0149  0.5390  0.0697  0.1030  0.0834  0.2140  0.1079  0.0367  0.0093  0.0000  0.0444  0.0000  0.0000  0.0000
 0.4621  0.0000  0.1318  0.1801  0.2897  0.5339  0.2314  0.3360  0.5084  0.2622  1.0000  0.2638  0.2390  0.1751  0.2423  0.2610  0.3725  0.4230  0.5720  0.1224  0.0000  0.6055  0.0000  0.0000  0.0000
 0.1907  0.0000  0.0152  0.1736  0.8645  0.0194  0.0994  0.0444  0.0371  0.2770  0.0675  0.0932  0.0951  1.0000  0.1580  0.2917  0.2867  0.1281  0.0619  0.0088  0.0000  0.0264  0.0000  0.0000  0.0000
 0.3330  0.0000  0.0097  0.0951  0.2124  0.0658  0.0594  0.0222  0.0313  0.2530  0.0500  0.0176  0.1658  0.0432  0.0900  0.0808  1.0000  0.1891  0.1028  0.0040  0.0000  0.0131  0.0000  0.0000  0.0000
 0.0488  0.0000  0.0069  0.2573  0.1136  0.0049  0.0318  0.0113  0.0121  0.0428  0.0155  0.0067  0.0548  0.0239  0.0315  0.0799  1.0000  0.3638  0.0192  0.0026  0.0000  0.0066  0.0000  0.0000  0.0000
 0.8519  0.0000  0.0723  0.6257  1.0000  0.0808  0.3917  0.1442  0.2514  0.9582  0.3545  0.1240  0.5145  0.3352  0.6009  0.5939  0.8296  0.7627  0.4227  0.0261  0.0000  0.0779  0.0000  0.0000  0.0000
 0.7606  0.0000  0.0552  0.6286  1.0000  0.0585  0.3864  0.1272  0.1989  0.9242  0.3092  0.1194  0.4976  0.2742  0.5906  0.5374  0.7521  0.5761  0.2889  0.0194  0.0000  0.0506  0.0000  0.0000  0.0000
 0.0190  0.0000  0.0018  0.0034  0.0261  0.0040  0.0133  0.0166  0.0922  1.0000  0.0193  0.0063  0.0181  0.0147  0.0441  0.4310  0.0154  0.0202  0.0110  0.0029  0.0000  0.0084  0.0000  0.0000  0.0000
 0.0305  0.0000  0.0030  0.0073  0.0396  0.0058  0.0208  0.0236  0.0120  1.0000  0.0276  0.0694  0.0275  0.0218  0.0634  0.3286  0.2940  0.0322  0.0162  0.0042  0.0000  0.0121  0.0000  0.0000  0.0000
 0.1156  0.0000  0.0107  0.2251  0.1656  0.0150  0.0920  0.2979  0.0332  1.0000  0.0641  0.0219  0.1972  0.0594  0.4958  0.3435  0.1221  0.0993  0.0480  0.0080  0.0000  0.0252  0.0000  0.0000  0.0000
 0.1241  0.0000  0.0324  0.0231  0.0374  0.1798  0.0326  0.0473  0.3724  0.0412  0.4236  0.0846  0.0343  0.0365  0.2084  0.0403  0.1210  0.0932  1.0000  0.0209  0.0000  0.0897  0.0000  0.0000  0.0000
 0.2409  0.0000  0.0444  0.8131  0.3090  0.0649  0.3761  1.0000  0.0525  0.2006  0.0828  0.0314  0.5686  0.1309  0.1550  0.1126  0.6135  0.3083  0.1435  0.0237  0.0000  0.1108  0.0000  0.0000  0.0000
 0.0355  0.0000  0.0094  0.0062  0.0101  1.0000  0.0095  0.0114  0.2840  0.0118  0.2046  0.1336  0.0096  0.0112  0.0120  0.0115  0.1061  0.0265  0.1935  0.0082  0.0000  0.0273  0.0000  0.0000  0.0000
 0.7322  0.0000  0.0573  0.7580  1.0000  0.0650  0.4958  0.1954  0.1763  0.8691  0.2867  0.1006  0.5969  0.2726  0.5607  0.5018  0.8128  0.5439  0.2679  0.0222  0.0000  0.0701  0.0000  0.0000  0.0000
 0.7055  0.0000  0.0536  0.7271  1.0000  0.0656  0.6489  0.1276  0.2451  0.8503  0.2904  0.1019  0.4631  0.2595  0.5756  0.4817  0.8540  0.5333  0.3255  0.0212  0.0000  0.0641  0.0000  0.0000  0.0000
 0.5576  0.0000  0.0386  0.5760  1.0000  0.0390  0.2815  0.0942  0.1355  0.6864  0.2400  0.0774  0.5018  0.2988  0.4764  0.4791  0.5322  0.4162  0.2075  0.0137  0.0000  0.0326  0.0000  0.0000  0.0000
 0.5563  0.0000  0.0456  0.3183  0.4914  0.0375  0.5672  0.0695  0.0826  0.3729  0.1377  0.0510  0.4766  0.1642  0.2413  0.2143  1.0000  0.2930  0.2240  0.0132  0.0000  0.0405  0.0000  0.0000  0.0000
 0.1987  0.0000  0.0140  0.2673  0.3241  0.0132  0.2023  0.0320  0.0995  1.0000  0.0794  0.0278  0.2283  0.0722  0.2231  0.3790  0.2551  0.1507  0.0750  0.0045  0.0000  0.0101  0.0000  0.0000  0.0000
 0.0970  0.0000  0.0018  0.2815  1.0000  0.0088  0.0370  0.0233  0.1160  0.1433  0.0231  0.0093  0.0423  0.0574  0.1253  0.0307  0.0515  0.0446  0.0239  0.0041  0.0000  0.0118  0.0000  0.0000  0.0000
 0.4559  0.0000  0.0854  0.6192  0.3359  0.3358  0.4506  0.3306  0.1603  0.3179  0.2680  0.0920  1.0000  0.2140  0.2439  0.2330  0.4749  0.2959  0.2139  0.0722  0.0000  0.3822  0.0000  0.0000  0.0000
 0.7510  0.0000  0.0575  0.6158  1.0000  0.0702  0.3861  0.1348  0.2048  0.9132  0.3234  0.1098  0.4909  0.2887  0.6063  0.5209  0.7487  0.5962  0.3047  0.0224  0.0000  0.0678  0.0000  0.0000  0.0000
 0.8478  0.0000  0.0798  0.6160  0.9912  0.1454  0.4165  0.1983  0.2432  1.0000  0.3964  0.1926  0.5231  0.3032  0.6306  0.6547  0.8259  0.6750  0.3622  0.0438  0.0000  0.1766  0.0000  0.0000  0.0000
 0.8275  0.0000  0.0735  0.5211  0.8475  0.1137  0.3805  0.1781  0.2175  1.0000  0.3636  0.1211  0.5445  0.3227  0.5698  0.8030  0.7502  0.6978  0.3352  0.0380  0.0000  0.1393  0.0000  0.0000  0.0000
 0.3525  0.0000  0.0320  0.4713  0.5941  0.0284  0.1973  0.0676  0.0864  0.4011  0.1317  0.0489  0.2854  0.1441  0.2675  0.5184  1.0000  0.6313  0.1334  0.0118  0.0000  0.0298  0.0000  0.0000  0.0000
 0.2328  0.0000  0.0130  0.5172  1.0000  0.0162  0.0847  0.0332  0.0487  0.2073  0.0716  0.0828  0.1069  0.0749  0.1562  0.1072  0.1593  0.2241  0.1361  0.0056  0.0000  0.0158  0.0000  0.0000  0.0000
 0.7831  0.0000  0.0710  0.6653  1.0000  0.1202  0.4172  0.1785  0.2204  0.9423  0.3734  0.1405  0.6095  0.3007  0.6030  0.6207  0.7771  0.6105  0.3263  0.0362  0.0000  0.1413  0.0000  0.0000  0.0000
 0.5824  0.0000  0.0683  0.3352  0.4905  0.1077  0.4004  0.1214  0.1504  0.4723  0.2934  0.0853  0.3495  0.2053  0.3160  0.2897  1.0000  0.7305  0.2599  0.0338  0.0000  0.1347  0.0000  0.0000  0.0000
 0.3474  0.0000  0.0260  0.3205  1.0000  0.0246  0.3019  0.0632  0.0849  0.6338  0.1373  0.0483  0.3160  0.1304  0.2733  0.2435  0.4268  0.3696  0.1296  0.0088  0.0000  0.0222  0.0000  0.0000  0.0000
 0.3359  0.0000  0.0835  0.8816  0.3563  0.2004  0.7005  0.2969  0.1410  0.3457  0.2093  0.0726  1.0000  0.1928  0.2534  0.2265  0.6796  0.3321  0.1678  0.0610  0.0000  0.3385  0.0000  0.0000  0.0000
 0.6210  0.0000  0.1816  0.2862  0.4213  0.6899  0.4163  0.5719  0.4140  0.6535  0.6970  0.2363  0.4058  0.2613  0.4423  0.6338  0.5303  0.4858  0.5353  0.1861  0.0000  1.0000  0.0000  0.0000  0.0000
 0.1217  0.0000  0.0397  0.0395  0.0545  0.3354  0.0641  0.0939  0.5395  0.0606  1.0000  0.1157  0.0592  0.1115  0.0604  0.0686  0.0781  0.0952  0.8583  0.0411  0.0000  0.3404  0.0000  0.0000  0.0000
 0.7451  0.0000  0.0645  0.6295  1.0000  0.1021  0.3744  0.1554  0.2260  0.8831  0.3448  0.1173  0.4792  0.2745  0.5735  0.5135  0.7110  0.5839  0.3253  0.0307  0.0000  0.1134  0.0000  0.0000  0.0000
 1.0000  0.0000  0.1449  0.3527  0.5969  0.4144  0.5042  0.2831  0.2798  0.4309  0.4631  0.1858  0.3115  0.2992  0.3403  0.3257  0.8135  0.5173  0.4324  0.0952  0.0000  0.4685  0.0000  0.0000  0.0000
 0.1961  0.0000  0.0188  0.5044  0.3763  0.0200  0.2084  0.0719  0.0412  1.0000  0.0714  0.0253  0.6495  0.2386  0.6300  0.1587  0.2418  0.1548  0.0640  0.0090  0.0000  0.0329  0.0000  0.0000  0.0000
 0.8860  0.0000  0.1464  0.6791  0.7937  0.3589  0.6170  0.3570  0.2913  0.6646  0.4696  0.1681  0.6789  0.3610  0.4883  0.4553  1.0000  0.8599  0.4224  0.1027  0.0000  0.5261  0.0000  0.0000  0.0000
 0.1091  0.0000  0.0141  0.1914  0.1494  0.0156  0.1453  0.0627  0.0274  1.0000  0.0533  0.0186  0.6981  0.0645  0.2562  0.2109  0.5082  0.1225  0.0404  0.0088  0.0000  0.0313  0.0000  0.0000  0.0000
 0.9204  0.0000  0.1674  0.6611  1.0000  0.4718  0.5190  0.4312  0.3889  0.9249  0.6358  0.2217  0.6022  0.3493  0.6540  0.6305  0.8455  0.7070  0.5347  0.1269  0.0000  0.6430  0.0000  0.0000  0.0000
 0.7312  0.0000  0.0579  0.5621  0.9099  0.0818  0.4193  0.1944  0.1895  1.0000  0.3132  0.1092  0.4734  0.2662  0.5733  0.6630  0.7227  0.5596  0.2831  0.0274  0.0000  0.0918  0.0000  0.0000  0.0000
 0.2044  0.0000  0.0125  1.0000  0.7555  0.0197  0.0898  0.0429  0.1296  0.2071  0.0648  0.0247  0.1170  0.1890  0.2008  0.0880  0.1843  0.3877  0.0758  0.0081  0.0000  0.0233  0.0000  0.0000  0.0000
 0.0255  0.0000  0.0072  0.0053  0.0084  0.0553  0.0082  0.0110  0.1439  0.0102  1.0000  0.0449  0.0085  0.0096  0.0115  0.0106  0.0120  0.1115  0.0671  0.0092  0.0000  0.2483  0.0000  0.0000  0.0000
 0.0116  0.0000  0.0007  0.0161  0.1327  0.0017  0.0066  0.0065  0.0032  1.0000  0.0072  0.0025  0.0086  0.0079  0.1498  0.0356  0.0082  0.0089  0.0047  0.0011  0.0000  0.0033  0.0000  0.0000  0.0000
 0.1650  0.0000  0.0040  0.0211  0.0543  0.0071  0.0315  0.0286  0.0146  1.0000  0.0327  0.0109  0.2803  0.0273  0.0755  0.2334  0.0376  0.0398  0.0201  0.0049  0.0000  0.0144  0.0000  0.0000  0.0000
 0.5754  0.0000  0.0606  0.1682  0.2330  0.0482  0.4213  0.1176  0.0740  0.7352  0.1548  0.0582  0.2515  0.3310  0.2849  1.0000  0.4341  0.3744  0.1435  0.0255  0.0000  0.0754  0.0000  0.0000  0.0000
 0.2015  0.0000  0.0242  0.0245  0.0367  0.0671  0.0374  0.1195  0.1162  0.0514  1.0000  0.0550  0.0350  0.0362  0.0371  0.0449  0.0725  0.1886  0.1574  0.0142  0.0000  0.0573  0.0000  0.0000  0.0000
 0.2646  0.0000  0.0686  0.4961  0.3037  0.2385  0.2637  0.8179  0.1499  0.4534  0.2616  0.0890  0.3472  0.1377  1.0000  0.7063  0.2725  0.2204  0.1956  0.0688  0.0000  0.4474  0.0000  0.0000  0.0000
 1.0000  0.0000  0.1303  0.1535  0.2828  0.1558  0.3092  0.1258  0.4612  0.5707  0.6651  0.1745  0.2132  0.2631  0.2790  0.4724  0.5676  0.7341  0.8468  0.0421  0.0000  0.1352  0.0000  0.0000  0.0000
 1.0000  0.0000  0.0643  0.0988  0.1661  0.0408  0.3085  0.0305  0.0889  0.1518  0.1325  0.1018  0.0690  0.2735  0.2273  0.1066  0.3142  0.1689  0.2030  0.0128  0.0000  0.0346  0.0000  0.0000  0.0000
 0.2177  0.0000  0.0345  0.1610  0.2704  0.1584  0.2025  0.1886  0.0994  1.0000  0.2079  0.0688  0.3730  0.1453  0.4834  0.9488  0.2181  0.2155  0.1306  0.0394  0.0000  0.1583  0.0000  0.0000  0.0000
 0.9034  0.0000  0.1159  0.4849  0.9151  0.2121  0.2911  0.1679  0.6492  0.8183  1.0000  0.2443  0.3682  0.2880  0.5033  0.5082  0.5430  0.6182  0.9608  0.0475  0.0000  0.1577  0.0000  0.0000  0.0000
 0.0000  0.0000  0.0000  0.0000  0.0000  0.0000  0.0000  0.0000  0.0000  0.0000  0.0000  0.0000  0.0000  0.0000  0.0000  1.0000  0.0000  0.0000  0.0000  0.0000  0.0000  0.0000  0.0000  0.0000  0.0000
 1.0000  0.0000  0.0113  0.0091  0.0108  0.0048  0.1740  0.0023  0.0935  0.0117  0.0128  0.0055  0.0079  0.0283  0.0080  0.0085  0.0581  0.0203  0.0194  0.0017  0.0000  0.0037  0.0000  0.0000  0.0000
 0.0865  0.0000  0.0091  0.0314  0.1166  0.0155  0.0505  0.0538  0.0389  0.8522  0.0731  0.0237  0.0639  0.0542  1.0000  0.3409  0.0625  0.0787  0.2087  0.0098  0.0000  0.0282  0.0000  0.0000  0.0000
 1.0000  0.0000  0.0910  0.1239  0.1207  0.1417  0.3331  0.0679  0.1316  0.1450  0.1724  0.0663  0.1615  0.1992  0.1040  0.1097  0.6259  0.7465  0.2643  0.0402  0.0000  0.2628  0.0000  0.0000  0.0000
 0.0527  0.0000  0.0132  0.0076  0.0142  0.1309  0.0119  0.0111  0.2463  0.0203  1.0000  0.2293  0.0933  0.0219  0.0269  0.0196  0.0168  0.0317  0.1391  0.0156  0.0000  0.0180  0.0000  0.0000  0.0000
 1.0000  0.0000  0.1036  0.5154  0.8118  0.0733  0.5196  0.1245  0.1712  0.8654  0.2866  0.1035  0.4259  0.2961  0.4984  0.5930  0.8679  0.5205  0.2855  0.0246  0.0000  0.0742  0.0000  0.0000  0.0000
 0.0436  0.0000  0.0015  1.0000  0.6478  0.0044  0.0286  0.1959  0.0052  0.0458  0.0099  0.0040  0.0395  0.0270  0.0559  0.0138  0.0307  0.0216  0.0099  0.0021  0.0000  0.0070  0.0000  0.0000  0.0000
 0.0724  0.0000  0.0185  0.0094  0.1208  0.0684  0.0145  0.0045  1.0000  0.0206  0.8346  0.0764  0.0126  0.0170  0.0134  0.0160  0.0198  0.0621  0.7513  0.0085  0.0000  0.0230  0.0000  0.0000  0.0000
 0.0109  0.0000  0.0003  0.0273  1.0000  0.0011  0.0049  0.0030  0.0015  0.0503  0.0029  0.0011  0.0055  0.0066  0.0141  0.0058  0.0061  0.0052  0.0027  0.0005  0.0000  0.0015  0.0000  0.0000  0.0000
 0.3739  0.0000  0.0140  0.0346  0.1460  0.0211  0.0934  0.0802  0.0431  1.0000  0.0970  0.0327  0.0974  0.0838  0.2164  0.5478  0.1065  0.1116  0.0637  0.0146  0.0000  0.0417  0.0000  0.0000  0.0000
 1.0000  0.0000  0.0941  0.2515  0.1937  0.0806  0.4774  0.0755  0.1601  0.2186  0.2700  0.1657  0.8315  0.2266  0.1378  0.1514  0.5372  0.3579  0.3027  0.0236  0.0000  0.0726  0.0000  0.0000  0.0000
 0.5300  0.0000  0.1611  0.5029  0.3356  0.5858  0.5103  0.5415  0.3300  0.3679  0.5495  0.1870  0.7054  0.2267  0.3160  0.3609  0.5198  0.4049  0.4253  0.1579  0.0000  1.0000  0.0000  0.0000  0.0000
 0.1626  0.0000  0.0210  0.0896  0.1567  0.0222  0.0872  0.0592  0.0502  0.3999  0.0843  0.0315  0.1327  0.0854  1.0000  0.6750  0.4236  0.5200  0.0746  0.0129  0.0000  0.0350  0.0000  0.0000  0.0000
 0.0790  0.0000  0.0196  0.0107  0.0205  0.2215  0.0196  0.0168  0.3252  0.0265  1.0000  0.2128  0.0187  0.0468  0.0360  0.0260  0.0265  0.0447  0.1894  0.0302  0.0000  0.0653  0.0000  0.0000  0.0000
 0.0126  0.0000  0.0012  0.0061  0.0204  0.0024  0.0093  0.0097  0.0047  1.0000  0.0110  0.0036  0.0120  0.0093  0.3120  0.0610  0.0103  0.0122  0.0064  0.0017  0.0000  0.0049  0.0000  0.0000  0.0000
 0.0537  0.0000  0.0122  0.2122  0.0659  0.0107  0.1514  0.1718  0.0078  0.0674  0.0137  0.0053  0.5532  0.0388  0.0443  0.0365  1.0000  0.0833  0.0127  0.0053  0.0000  0.0255  0.0000  0.0000  0.0000
 0.0000  0.0000  0.0000  0.0000  0.0000  0.0000  0.0000  0.0000  0.0000  0.0000  0.0000  0.0000  0.0000  0.0000  0.0000  1.0000  0.0000  0.0000  0.0000  0.0000  0.0000  0.0000  0.0000  0.0000  0.0000
 0.0120  0.0000  0.0004  0.0284  0.1614  0.0012  0.0060  0.0034  0.0018  0.0159  0.0035  0.0013  0.0067  0.0072  1.0000  0.0076  0.0070  0.0059  0.0032  0.0006  0.0000  0.0018  0.0000  0.0000  0.0000
 0.0142  0.0000  0.0038  0.0019  0.0036  0.0338  0.0032  0.0024  1.0000  0.0049  0.3955  0.2021  0.0034  0.0054  0.0063  0.0047  0.0042  0.0095  0.0722  0.0040  0.0000  0.0054  0.0000  0.0000  0.0000
 0.0232  0.0000  0.0051  0.0053  0.0105  0.0429  0.0074  0.0054  0.0813  0.0173  1.0000  0.0529  0.0070  0.0100  0.1237  0.0150  0.0090  0.0140  0.0491  0.0055  0.0000  0.0070  0.0000  0.0000  0.0000
 0.0000  0.0000  0.0000  0.0000  0.0000  0.0000  1.0000  0.0000  0.0000  0.0000  0.0000  0.0000  0.0000  0.0000  0.0000  0.0000  0.0000  0.0000  0.0000  0.0000  0.0000  0.0000  0.0000  0.0000  0.0000
 0.0114  0.0000  0.0027  0.0013  0.0026  0.0203  0.0021  0.0016  0.1887  0.0035  0.1081  1.0000  0.0022  0.0039  0.0041  0.0032  0.0033  0.0074  0.0353  0.0026  0.0000  0.0040  0.0000  0.0000  0.0000
 0.0000  0.0000  0.0000  0.0000  0.0000  0.0000  0.0000  0.0000  0.0000  0.0000  0.0000  0.0000  0.0000  0.0000  0.0000  1.0000  0.0000  0.0000  0.0000  0.0000  0.0000  0.0000  0.0000  0.0000  0.0000
//
