WARNING! C85 not allowed! score: 0.02 median: 2.93 # of sequence: 399
ID   UNK_ID; MATRIX
AC   UNK_AC
DE   UNK_DE
MA   UNK_BL
  A   B   C   D   E   F   G   H   I   K   L   M   N   P   Q   R   S   T   V   W   X   Y   Z   *   -
 0.0046  0.0000  0.0010  0.0005  0.0008  0.0037  0.0012  0.0004  0.0081  0.0009  0.0171  1.0000  0.0006  0.0013  0.0009  0.0008  0.0013  0.0026  0.0896  0.0006  0.0000  0.0011  0.0000  0.0000  0.0000
 0.0187  0.0000  0.0012  0.2538  1.0000  0.0014  0.0103  0.0039  0.0040  0.1675  0.0067  0.0024  0.1089  0.0081  0.0652  0.0863  0.0675  0.0130  0.0064  0.0006  0.0000  0.0015  0.0000  0.0000  0.0000
 0.1462  0.0000  0.0105  1.0000  0.3345  0.0103  0.0750  0.0640  0.0364  0.2235  0.0587  0.0206  0.8160  0.1965  0.1602  0.3085  0.4018  0.2191  0.0554  0.0035  0.0000  0.0594  0.0000  0.0000  0.0000
 0.5126  0.0000  0.1747  0.2055  0.2800  0.7350  0.3268  0.5445  0.3952  0.3212  0.6440  0.2245  0.3123  0.2027  0.2923  0.3489  0.4361  0.3885  0.5015  0.1825  0.0000  1.0000  0.0000  0.0000  0.0000
 0.0642  0.0000  0.0054  0.0015  0.0042  0.0098  0.0007  0.0014  0.9001  0.0044  0.9289  0.0827  0.0023  0.1339  0.0997  0.0029  0.0041  0.0181  1.0000  0.0013  0.0000  0.0018  0.0000  0.0000  0.0000
 0.1076  0.0000  0.0321  0.0574  0.0729  0.1262  0.0622  0.1049  0.1735  0.3107  1.0000  0.0524  0.0592  0.0391  0.1155  0.2139  0.0776  0.0749  0.1104  0.0333  0.0000  0.2408  0.0000  0.0000  0.0000
 0.0234  0.0000  0.0063  0.0044  0.0073  0.0893  0.0065  0.0268  0.7193  0.0083  1.0000  0.7555  0.0071  0.0083  0.0581  0.0087  0.3121  0.0783  0.2444  0.0057  0.0000  0.0175  0.0000  0.0000  0.0000
 0.0021  0.0000  0.0004  0.0258  0.0106  0.0004  1.0000  0.0182  0.0003  0.0468  0.0006  0.0002  0.1291  0.0484  0.0752  0.0483  0.0049  0.0021  0.0004  0.0002  0.0000  0.0010  0.0000  0.0000  0.0000
 0.0766  0.0000  0.0047  0.0723  0.0464  0.0833  0.2846  0.3050  0.0106  1.0000  0.0229  0.0077  0.7916  0.0602  0.1291  0.9896  0.0459  0.0332  0.0146  0.0041  0.0000  0.0153  0.0000  0.0000  0.0000
 0.0001  0.0000  0.0001  0.0000  0.0000  0.0382  0.0000  0.0000  0.0003  0.0000  0.0006  0.0001  0.0000  0.0000  0.0000  0.0000  0.0001  0.0001  0.0002  0.0006  0.0000  1.0000  0.0000  0.0000  0.0000
 0.0244  0.0000  0.0017  0.0781  1.0000  0.0016  0.0123  0.0041  0.0740  0.1893  0.0492  0.0034  0.0757  0.0090  0.2023  0.3616  0.0236  0.0473  0.0990  0.0006  0.0000  0.0013  0.0000  0.0000  0.0000
 0.0007  0.0000  0.0002  0.0001  0.0002  0.0156  0.0002  0.0001  0.3505  0.0003  1.0000  0.0870  0.0002  0.0002  0.0003  0.0002  0.0002  0.0055  0.2867  0.0002  0.0000  0.0003  0.0000  0.0000  0.0000
 0.0142  0.0000  0.0032  0.0692  0.0606  0.0076  1.0000  0.0202  0.0256  0.0141  0.1492  0.0028  0.0449  0.0084  0.0116  0.0084  0.0334  0.0119  0.0613  0.0023  0.0000  0.0122  0.0000  0.0000  0.0000
 0.0544  0.0000  0.0002  0.0642  0.0445  0.0003  0.0017  0.0009  0.0008  1.0000  0.0014  0.0005  0.0103  0.0014  0.0297  0.9147  0.0425  0.0084  0.0012  0.0001  0.0000  0.0004  0.0000  0.0000  0.0000
 0.0065  0.0000  0.0014  0.0010  0.0014  0.0062  0.0008  0.0007  0.0142  0.0019  0.2435  0.0237  0.0119  0.0023  0.0330  0.0015  0.0058  1.0000  0.0249  0.0008  0.0000  0.0010  0.0000  0.0000  0.0000
 0.0006  0.0000  0.0002  0.0001  0.0002  0.0015  0.0001  0.0001  0.5239  0.0002  1.0000  0.0131  0.0001  0.0002  0.0003  0.0002  0.0002  0.0004  0.0171  0.0002  0.0000  0.0002  0.0000  0.0000  0.0000
 0.0006  0.0000  0.0002  0.0005  0.0057  0.0002  1.0000  0.0002  0.0002  0.0004  0.0004  0.0001  0.0003  0.0007  0.0002  0.0004  0.0004  0.0003  0.0002  0.0002  0.0000  0.0002  0.0000  0.0000  0.0000
 0.1625  0.0000  0.0349  0.1032  1.0000  0.1064  0.0911  0.2639  0.3783  0.5889  0.1219  0.0417  0.1052  0.0647  0.5001  0.1760  0.1567  0.2076  0.2838  0.0247  0.0000  0.1238  0.0000  0.0000  0.0000
 0.0000  0.0000  0.0000  0.0000  0.0000  0.0000  1.0000  0.0000  0.0000  0.0000  0.0000  0.0000  0.0000  0.0000  0.0000  0.0000  0.0000  0.0000  0.0000  0.0000  0.0000  0.0000  0.0000  0.0000  0.0000
 0.0502  0.0000  0.0004  0.0010  0.0006  0.0002  0.0007  0.0003  0.0006  0.0009  0.0006  0.0003  0.3512  0.0011  0.0007  0.0006  0.4836  1.0000  0.0010  0.0001  0.0000  0.0003  0.0000  0.0000  0.0000
 0.0001  0.0000  0.0001  0.0000  0.0000  1.0000  0.0000  0.0000  0.0003  0.0000  0.0006  0.0001  0.0000  0.0000  0.0000  0.0000  0.0001  0.0001  0.0002  0.0006  0.0000  0.0595  0.0000  0.0000  0.0000
 1.0000  0.0000  0.0007  0.0005  0.0053  0.0003  0.5604  0.0001  0.0003  0.0007  0.0006  0.0003  0.0004  0.0017  0.0005  0.0005  0.1052  0.0012  0.0011  0.0001  0.0000  0.0002  0.0000  0.0000  0.0000
 0.0005  0.0000  0.0000  0.0001  0.0007  0.0001  0.0004  0.0004  0.0002  1.0000  0.0005  0.0002  0.0005  0.0004  0.0011  0.0179  0.0004  0.0005  0.0406  0.0001  0.0000  0.0002  0.0000  0.0000  0.0000
 0.0000  0.0000  0.0000  0.0000  0.0000  0.0000  0.0000  0.0000  0.0000  0.0000  0.0000  0.0000  0.0000  0.0000  0.0000  0.0000  0.0000  0.0000  1.0000  0.0000  0.0000  0.0000  0.0000  0.0000  0.0000
 0.0056  0.0000  0.0005  0.0010  0.0078  0.0092  0.0040  0.0310  0.0024  1.0000  0.0057  0.0019  0.0054  0.0044  0.0132  0.0935  0.0046  0.0060  0.0032  0.0009  0.0000  0.2522  0.0000  0.0000  0.0000
 0.1699  0.0000  0.0643  0.0582  0.2308  0.7512  0.0935  0.4952  0.5098  0.0824  1.0000  0.0682  0.0871  0.0579  0.1029  0.1767  0.1430  0.1202  0.3098  0.0525  0.0000  0.5098  0.0000  0.0000  0.0000
 1.0000  0.0000  0.0003  0.0002  0.0003  0.0001  0.1491  0.0001  0.0001  0.0003  0.0003  0.0001  0.0002  0.0007  0.0002  0.0002  0.0014  0.0005  0.0005  0.0001  0.0000  0.0001  0.0000  0.0000  0.0000
 0.0393  0.0000  0.0214  0.0159  0.4677  0.1823  0.0255  0.0609  0.0502  0.2905  0.0749  0.0171  0.0239  0.0159  0.1702  1.0000  0.0311  0.1594  0.1662  0.0143  0.0000  0.1520  0.0000  0.0000  0.0000
 0.0030  0.0000  0.0007  0.1476  0.0120  0.0006  0.0105  1.0000  0.0003  0.0042  0.0007  0.0002  0.7265  0.0024  0.0082  0.0021  0.1454  0.0109  0.0005  0.0003  0.0000  0.0016  0.0000  0.0000  0.0000
 0.8159  0.0000  0.0419  0.5105  0.8460  0.0392  0.2981  0.0952  0.6177  1.0000  0.8687  0.1013  0.4390  0.2150  0.6997  0.5417  0.7075  0.9797  0.6896  0.0135  0.0000  0.0298  0.0000  0.0000  0.0000
 0.7351  0.0000  0.0516  0.6144  1.0000  0.0488  0.3712  0.1175  0.1916  0.9245  0.3264  0.1030  0.4769  0.2692  0.5695  0.5123  0.7108  0.5613  0.2898  0.0167  0.0000  0.0391  0.0000  0.0000  0.0000
 0.0018  0.0000  0.0004  0.0068  0.0006  0.0002  0.0007  0.0665  0.0060  0.0008  0.0005  0.0003  0.0452  0.0010  0.0006  0.0005  0.1173  1.0000  0.0009  0.0001  0.0000  0.0003  0.0000  0.0000  0.0000
 0.0012  0.0000  0.0003  0.0183  0.0018  0.0003  1.0000  0.0091  0.0001  0.0844  0.0003  0.0001  0.1021  0.0010  0.0840  0.0252  0.0626  0.0013  0.0002  0.0001  0.0000  0.0007  0.0000  0.0000  0.0000
 0.3127  0.0000  0.0059  0.2515  1.0000  0.0067  0.0399  0.8475  0.0427  0.2948  0.0772  0.0474  0.0517  0.0287  0.8342  0.3984  0.1016  0.1690  0.1115  0.0022  0.0000  0.0222  0.0000  0.0000  0.0000
 0.2124  0.0000  0.0040  0.0473  0.3681  0.0038  0.0386  0.0614  0.0141  1.0000  0.0228  0.0161  0.1832  0.1684  0.1838  0.1508  0.7122  0.0878  0.0673  0.0013  0.0000  0.0029  0.0000  0.0000  0.0000
 0.0082  0.0000  0.0002  0.0001  0.0002  0.0172  0.0000  0.0000  0.0014  0.0002  0.0094  0.0004  0.0001  0.0002  0.0001  0.0081  0.0002  0.0007  1.0000  0.0000  0.0000  0.0001  0.0000  0.0000  0.0000
 1.0000  0.0000  0.0000  0.0000  0.0000  0.0000  0.0000  0.0000  0.0000  0.0000  0.0000  0.0000  0.0000  0.0000  0.0000  0.0000  0.0000  0.0000  0.0000  0.0000  0.0000  0.0000  0.0000  0.0000  0.0000
 0.0003  0.0000  0.0001  0.0001  0.0001  0.0005  0.0001  0.0000  1.0000  0.0001  0.1294  0.0970  0.0001  0.0001  0.0001  0.0001  0.0001  0.0003  0.2914  0.0001  0.0000  0.0002  0.0000  0.0000  0.0000
 0.0000  0.0000  0.0000  0.0000  0.0000  0.0000  0.0000  0.0000  0.0000  1.0000  0.0000  0.0000  0.0000  0.0000  0.0000  0.0000  0.0000  0.0000  0.0000  0.0000  0.0000  0.0000  0.0000  0.0000  0.0000
 0.0132  0.0000  0.0001  0.0001  0.0001  0.0004  0.0001  0.0000  1.0000  0.0001  0.0080  0.0660  0.0001  0.0001  0.0001  0.0001  0.0001  0.0004  0.3556  0.0000  0.0000  0.0002  0.0000  0.0000  0.0000
 0.0011  0.0000  0.0003  0.0001  0.0003  0.0027  0.0003  0.0002  1.0000  0.0004  0.9787  0.0921  0.0003  0.0004  0.0005  0.0004  0.0003  0.0007  0.0422  0.0003  0.0000  0.0004  0.0000  0.0000  0.0000
 0.0669  0.0000  0.0004  1.0000  0.0093  0.0003  0.0108  0.0016  0.0002  0.0021  0.0003  0.0001  0.5957  0.0012  0.0014  0.0011  0.0572  0.0083  0.0003  0.0002  0.0000  0.0008  0.0000  0.0000  0.0000
 0.0007  0.0000  0.0093  0.0001  0.0010  0.0001  0.0005  0.0006  0.0138  1.0000  0.0007  0.0002  0.0007  0.0005  0.0016  0.4970  0.0006  0.0007  0.0004  0.0001  0.0000  0.0003  0.0000  0.0000  0.0000
 0.1702  0.0000  0.0055  0.3635  1.0000  0.0051  0.0734  0.0180  0.0193  0.3337  0.0311  0.1406  0.1878  0.0283  0.2885  0.3516  0.2705  0.4959  0.0294  0.0018  0.0000  0.0039  0.0000  0.0000  0.0000
 0.0569  0.0000  0.0006  0.0045  0.0094  0.0008  0.0935  0.0354  0.0021  1.0000  0.0041  0.0014  0.0229  0.0034  0.2139  0.0981  0.0217  0.1577  0.0323  0.0004  0.0000  0.0012  0.0000  0.0000  0.0000
 0.0366  0.0000  0.0006  0.0005  0.0005  0.0032  0.1265  0.0000  1.0000  0.0008  0.4832  0.1220  0.0006  0.0003  0.0003  0.0007  0.0149  0.0021  0.6391  0.0004  0.0000  0.0014  0.0000  0.0000  0.0000
 0.7602  0.0000  0.0543  0.6264  0.9819  0.0765  0.3722  0.1283  0.2018  1.0000  0.4870  0.1288  0.5424  0.2975  0.5853  0.5491  0.7179  0.5655  0.2909  0.0195  0.0000  0.0526  0.0000  0.0000  0.0000
 0.1008  0.0000  0.0026  0.0493  0.2466  0.0123  0.0296  0.0059  0.0090  1.0000  0.0146  0.0427  0.2545  0.2075  0.0691  0.3248  0.4996  0.0960  0.0138  0.0008  0.0000  0.0018  0.0000  0.0000  0.0000
 0.8843  0.0000  0.1349  0.6263  1.0000  0.3885  0.4887  0.4289  0.3525  0.9223  0.6101  0.2284  0.5731  0.3319  0.6402  0.6185  0.8535  0.6842  0.5224  0.1055  0.0000  0.5261  0.0000  0.0000  0.0000
 0.0955  0.0000  0.0186  1.0000  0.3893  0.1685  0.9102  0.0821  0.0129  0.5935  0.0257  0.0091  0.5543  0.0677  0.0910  0.3486  0.4988  0.0931  0.0208  0.0083  0.0000  0.0408  0.0000  0.0000  0.0000
 0.0007  0.0000  0.0002  0.0001  0.0002  0.0204  0.0002  0.0001  0.1435  0.0002  0.5332  1.0000  0.0002  0.0003  0.0004  0.0002  0.0002  0.0004  0.1557  0.0002  0.0000  0.0003  0.0000  0.0000  0.0000
 0.6839  0.0000  0.0774  0.4064  0.9768  0.2362  0.2876  0.2188  0.5830  0.5098  0.4052  0.3553  0.3127  0.1843  0.9279  0.3381  0.4950  0.3731  1.0000  0.0639  0.0000  0.3558  0.0000  0.0000  0.0000
 0.2044  0.0000  0.0077  0.5715  1.0000  0.0072  0.4710  0.0675  0.0542  0.5063  0.0438  0.0153  0.0926  0.0788  0.1107  0.2164  0.1496  0.0832  0.0708  0.0025  0.0000  0.0055  0.0000  0.0000  0.0000
 0.0060  0.0000  0.0006  0.0011  0.0084  0.1282  0.0092  0.1155  0.0026  0.7104  0.0061  0.0020  0.0059  0.0047  1.0000  0.1973  0.0049  0.0065  0.0034  0.0009  0.0000  0.0027  0.0000  0.0000  0.0000
 0.0292  0.0000  0.0002  0.0001  0.0002  0.0005  0.0001  0.0000  1.0000  0.0002  0.2894  0.0006  0.0001  0.0002  0.0001  0.0002  0.0002  0.0069  0.2791  0.0001  0.0000  0.0002  0.0000  0.0000  0.0000
 0.0151  0.0000  0.0017  0.0030  0.1303  0.1993  0.0105  0.0209  0.0067  1.0000  0.0154  0.0051  0.0142  0.1071  0.0648  0.4455  0.0317  0.0230  0.0089  0.0026  0.0000  0.0475  0.0000  0.0000  0.0000
 0.0003  0.0000  0.0001  0.0003  0.0004  0.0001  0.0007  0.0002  0.0002  0.0011  0.0003  0.0001  0.0003  0.0005  0.0085  1.0000  0.0002  0.0003  0.0002  0.0001  0.0000  0.0002  0.0000  0.0000  0.0000
 0.0000  0.0000  0.0000  0.0000  1.0000  0.0000  0.0000  0.0000  0.0000  0.0000  0.0000  0.0000  0.0000  0.0000  0.0000  0.0000  0.0000  0.0000  0.0000  0.0000  0.0000  0.0000  0.0000  0.0000  0.0000
 0.0002  0.0000  0.0001  0.0000  0.0001  0.0045  0.0001  0.0000  1.0000  0.0001  0.0801  0.0003  0.0001  0.0000  0.0000  0.0001  0.0001  0.0002  0.2006  0.0000  0.0000  0.0001  0.0000  0.0000  0.0000
 0.1830  0.0000  0.0671  0.0318  0.0940  0.0028  0.0435  0.0180  0.0097  0.3921  0.0263  0.0055  0.0977  0.0140  0.5252  0.1966  1.0000  0.0591  0.0147  0.0010  0.0000  0.0122  0.0000  0.0000  0.0000
 0.0042  0.0000  0.0015  0.0011  0.0013  0.0181  0.0022  0.0002  1.0000  0.0020  0.0617  0.0097  0.1560  0.0008  0.0007  0.0017  0.0020  0.3170  0.2709  0.0009  0.0000  0.1087  0.0000  0.0000  0.0000
 0.0007  0.0000  0.0094  0.0001  0.0002  0.0017  0.0001  0.0001  0.0032  0.0002  0.6799  1.0000  0.0002  0.0003  0.0003  0.0002  0.0002  0.0004  0.0979  0.0002  0.0000  0.0002  0.0000  0.0000  0.0000
 0.0009  0.0000  0.0001  0.0002  0.0013  0.0002  0.0007  0.0155  0.0004  1.0000  0.0009  0.0003  0.0140  0.0007  0.0811  0.7459  0.0086  0.0010  0.0005  0.0085  0.0000  0.0004  0.0000  0.0000  0.0000
 0.0047  0.0000  0.0193  0.0019  0.0025  0.0216  0.0146  0.0050  0.1109  0.0116  1.0000  0.0681  0.0126  0.0019  0.0368  0.0812  0.0125  0.0924  0.0496  0.0017  0.0000  0.0092  0.0000  0.0000  0.0000
 0.0853  0.0000  0.0557  0.0010  0.0019  0.6335  0.0014  0.0008  0.3874  0.0024  0.9153  0.0302  0.0015  0.0025  0.0022  0.0019  0.0022  0.0069  1.0000  0.0013  0.0000  0.0023  0.0000  0.0000  0.0000
 0.0359  0.0000  0.0377  0.1953  0.0712  0.0025  0.0181  0.0360  0.0476  0.4004  0.0144  0.1984  0.2263  0.0130  0.0578  1.0000  0.1158  0.0604  0.0249  0.0008  0.0000  0.0019  0.0000  0.0000  0.0000
 0.0000  0.0000  0.0000  0.0000  0.0000  0.0000  0.0000  1.0000  0.0000  0.0000  0.0000  0.0000  0.0000  0.0000  0.0000  0.0000  0.0000  0.0000  0.0000  0.0000  0.0000  0.0000  0.0000  0.0000  0.0000
 0.0004  0.0000  0.0001  0.0015  0.0005  0.0001  0.0058  0.0059  0.0001  0.0589  0.0001  0.0000  0.0051  1.0000  0.0004  0.0006  0.0009  0.0004  0.0001  0.0000  0.0000  0.0002  0.0000  0.0000  0.0000
 0.0025  0.0000  0.0330  0.0122  0.0035  0.0005  0.0087  0.6422  0.0003  0.0034  0.0006  0.0002  1.0000  0.0020  0.0023  0.0018  0.0066  0.0026  0.0004  0.0003  0.0000  0.0523  0.0000  0.0000  0.0000
 0.0002  0.0000  0.0001  0.0001  0.0001  0.0003  0.0001  0.0000  1.0000  0.0001  0.0016  0.0003  0.0001  0.0000  0.0000  0.0001  0.0001  0.0003  0.3763  0.0000  0.0000  0.0001  0.0000  0.0000  0.0000
 0.0003  0.0000  0.0001  0.0001  0.0001  0.0005  0.0002  0.0000  0.8302  0.0002  0.0609  0.0005  0.0001  0.0001  0.0000  0.0001  0.0085  0.0004  1.0000  0.0001  0.0000  0.0003  0.0000  0.0000  0.0000
 0.0018  0.0000  0.0002  0.0003  0.1056  0.0004  0.0013  0.0151  0.0008  0.6696  0.0232  0.0073  0.0107  0.0014  0.5749  1.0000  0.0015  0.0127  0.0010  0.0003  0.0000  0.0008  0.0000  0.0000  0.0000
 0.0003  0.0000  0.0001  0.0000  0.0001  0.0053  0.0001  0.0001  0.0423  0.0001  1.0000  0.0332  0.0001  0.0001  0.0170  0.0001  0.0001  0.0002  0.0633  0.0001  0.0000  0.0001  0.0000  0.0000  0.0000
 0.0022  0.0000  0.0008  0.0009  0.0012  0.2631  0.0014  0.2017  0.0125  0.0170  0.0243  0.0010  0.0420  0.0009  0.0013  0.0016  0.0017  0.0017  0.0022  0.0008  0.0000  1.0000  0.0000  0.0000  0.0000
 0.0009  0.0000  0.0000  0.0526  1.0000  0.0001  0.0003  0.0002  0.0001  0.0038  0.0002  0.0001  0.0004  0.0005  0.2111  0.0002  0.0004  0.0304  0.0002  0.0000  0.0000  0.0001  0.0000  0.0000  0.0000
 0.0003  0.0000  0.0001  0.0000  0.0001  0.0003  0.0001  0.0000  0.0195  0.0001  0.0148  0.0592  0.0001  0.0001  0.0001  0.0001  0.0001  0.0002  1.0000  0.0000  0.0000  0.0001  0.0000  0.0000  0.0000
 0.0012  0.0000  0.0003  0.0002  0.0003  0.0031  0.0003  0.0002  0.9905  0.0004  0.4667  1.0000  0.0003  0.0005  0.0006  0.0004  0.0004  0.0009  0.0688  0.0004  0.0000  0.0005  0.0000  0.0000  0.0000
 0.9783  0.0000  0.0064  0.3938  1.0000  0.0095  0.2077  0.0295  0.0108  0.2054  0.0208  0.0085  0.1001  0.0571  0.1029  0.0297  0.2506  0.0477  0.0224  0.0045  0.0000  0.0532  0.0000  0.0000  0.0000
 0.0192  0.0000  0.0003  0.0006  0.0004  0.0001  0.0004  0.0002  0.0004  0.0006  0.0004  0.0002  0.0247  0.0007  0.0004  0.0003  0.7036  1.0000  0.0006  0.0001  0.0000  0.0002  0.0000  0.0000  0.0000
 0.2139  0.0000  0.0061  0.0879  0.3190  0.0057  0.0850  0.0140  0.0213  1.0000  0.0344  0.0121  0.0564  0.5884  0.0850  0.1984  0.1594  0.1045  0.0325  0.0020  0.0000  0.0044  0.0000  0.0000  0.0000
 0.1189  0.0000  0.0083  1.0000  0.3151  0.0083  0.0616  0.0706  0.0291  0.9760  0.0477  0.0167  0.1585  0.1800  0.3466  0.1645  0.1140  0.1856  0.0444  0.0031  0.0000  0.0074  0.0000  0.0000  0.0000
 0.1278  0.0000  0.0009  0.0020  0.0012  0.0004  0.0985  0.0005  0.0011  0.0017  0.0011  0.0006  0.0231  0.0023  0.0013  0.0297  0.3795  1.0000  0.0019  0.0003  0.0000  0.0005  0.0000  0.0000  0.0000
 0.0134  0.0000  0.0004  0.5654  0.1884  0.0015  0.0060  0.0049  0.0023  1.0000  0.0049  0.0775  0.0073  0.0086  0.0203  0.0528  0.0077  0.0074  0.0039  0.0009  0.0000  0.0025  0.0000  0.0000  0.0000
 0.0003  0.0000  0.0001  0.0000  0.0001  0.0240  0.0001  0.0000  1.0000  0.0001  0.1630  0.0008  0.0001  0.0001  0.0001  0.0001  0.0001  0.0002  0.0125  0.0001  0.0000  0.0001  0.0000  0.0000  0.0000
 0.0004  0.0000  0.0166  0.0001  0.0001  0.3264  0.0001  0.0000  0.0988  0.0000  0.0020  0.0004  0.0000  0.0001  0.0000  0.0000  0.0003  0.0002  0.0008  0.0019  0.0000  1.0000  0.0000  0.0000  0.0000
 0.0052  0.0000  0.0015  0.0008  0.0014  0.8737  0.0014  0.0009  1.0000  0.0020  0.9560  0.9325  0.0014  0.0020  0.0023  0.0019  0.0017  0.0038  0.5180  0.0016  0.0000  0.0023  0.0000  0.0000  0.0000
 0.0402  0.0000  0.0002  0.0001  0.0002  0.0002  0.0001  0.0000  0.1916  0.0002  0.0013  0.0003  0.0001  0.0002  0.0001  0.0001  0.0002  0.0007  1.0000  0.0000  0.0000  0.0001  0.0000  0.0000  0.0000
 0.0011  0.0000  0.0003  0.0001  0.0003  0.0024  0.0002  0.0002  0.0970  0.0003  0.6969  1.0000  0.0153  0.0004  0.0117  0.0003  0.0003  0.0943  0.0116  0.0003  0.0000  0.0003  0.0000  0.0000  0.0000
 0.0005  0.0000  0.0000  0.0048  1.0000  0.0000  0.0002  0.0001  0.0001  0.0005  0.0001  0.0000  0.0002  0.0003  0.0077  0.0001  0.0002  0.0002  0.0001  0.0000  0.0000  0.0001  0.0000  0.0000  0.0000
 0.0007  0.0000  0.0002  0.0001  0.0002  0.2604  0.0002  0.0266  0.0031  0.0002  0.1769  0.0020  0.0002  0.0003  0.0003  0.0002  0.0002  0.0004  0.0017  0.0003  0.0000  1.0000  0.0000  0.0000  0.0000
 0.5208  0.0000  0.0345  0.0011  0.0014  0.0009  0.0165  0.0002  0.0647  0.0015  0.0034  0.0010  0.0010  0.0038  0.0010  0.0011  0.0078  0.0028  1.0000  0.0002  0.0000  0.0006  0.0000  0.0000  0.0000
 0.1055  0.0000  0.0162  0.1345  0.3374  0.0046  0.0501  0.0113  0.0174  1.0000  0.0281  0.0417  0.1351  0.0450  0.0959  0.3504  0.8008  0.7557  0.0266  0.0016  0.0000  0.0035  0.0000  0.0000  0.0000
 0.0120  0.0000  0.0036  0.0011  0.0005  0.0139  1.0000  0.0003  0.0002  0.0005  0.0003  0.0001  0.0341  0.0008  0.0004  0.0003  0.1163  0.0031  0.0005  0.0001  0.0000  0.0074  0.0000  0.0000  0.0000
 0.0005  0.0000  0.0001  0.0014  0.0004  0.0001  1.0000  0.0003  0.0000  0.0248  0.0001  0.0000  0.0178  0.0003  0.0003  0.0003  0.0008  0.0003  0.0001  0.0000  0.0000  0.0002  0.0000  0.0000  0.0000
 0.0005  0.0000  0.0000  0.0667  1.0000  0.0001  0.0003  0.0001  0.0001  0.0005  0.0001  0.0000  0.0002  0.0003  0.0007  0.0002  0.0003  0.0002  0.0001  0.0000  0.0000  0.0001  0.0000  0.0000  0.0000
 0.0004  0.0000  0.0001  0.0001  0.0001  0.0010  0.0001  0.0001  0.0224  0.0001  1.0000  0.0363  0.0001  0.0002  0.0002  0.0001  0.0001  0.0003  0.1937  0.0001  0.0000  0.0001  0.0000  0.0000  0.0000
 0.0003  0.0000  0.0004  0.0005  0.0003  1.0000  0.0010  0.0050  0.0003  0.0002  0.0006  0.0001  0.0003  0.0004  0.0002  0.0003  0.0002  0.0003  0.0003  0.0003  0.0000  0.0133  0.0000  0.0000  0.0000
 0.0413  0.0000  0.0002  1.0000  0.0450  0.0002  0.0177  0.0008  0.0001  0.0190  0.0002  0.0001  0.2191  0.0007  0.0123  0.0006  0.0256  0.0008  0.0002  0.0001  0.0000  0.0004  0.0000  0.0000  0.0000
 0.3309  0.0000  0.1557  0.1206  0.2267  0.3990  0.2182  0.3845  0.2570  0.9170  0.4087  0.1383  0.2212  0.1552  0.2945  0.6073  0.2633  0.2893  0.3037  0.1088  0.0000  1.0000  0.0000  0.0000  0.0000
 0.0003  0.0000  0.0001  0.0073  0.0001  0.0005  0.0001  0.0000  1.0000  0.0001  0.2313  0.0005  0.0001  0.0001  0.0000  0.0001  0.0001  0.0003  0.1090  0.0001  0.0000  0.0002  0.0000  0.0000  0.0000
 0.1691  0.0000  0.0398  0.0002  0.0005  0.0004  0.0000  0.0001  0.0301  0.0005  0.0900  0.0008  0.0003  0.0008  0.0004  0.0003  0.0034  0.0329  1.0000  0.0001  0.0000  0.0001  0.0000  0.0000  0.0000
 0.9455  0.0000  0.0441  0.5373  1.0000  0.0411  0.3144  0.1805  0.1546  0.9521  0.2626  0.0907  0.5795  0.2267  0.6125  0.5340  0.7663  0.5054  0.2498  0.0142  0.0000  0.0312  0.0000  0.0000  0.0000
 0.1223  0.0000  0.0069  0.1064  0.1785  0.0064  0.2152  0.7684  0.0240  1.0000  0.0550  0.0136  0.3215  0.0352  0.2547  0.3590  0.1618  0.0881  0.0366  0.0022  0.0000  0.0049  0.0000  0.0000  0.0000
 0.0005  0.0000  0.0001  0.0155  0.0005  0.0001  1.0000  0.0004  0.0001  0.0005  0.0001  0.0000  0.0047  0.0003  0.0071  0.0103  0.0193  0.0053  0.0051  0.0000  0.0000  0.0002  0.0000  0.0000  0.0000
 0.0011  0.0000  0.0001  0.0002  0.0015  0.0002  0.0008  0.0271  0.0005  0.3605  0.0108  0.0004  0.0010  0.0800  0.0026  1.0000  0.0009  0.0012  0.0006  0.0002  0.0000  0.0005  0.0000  0.0000  0.0000
 0.0004  0.0000  0.0001  0.0001  0.0001  0.0241  0.0001  0.0001  0.0023  0.0002  1.0000  0.2952  0.0001  0.0079  0.0084  0.0002  0.0001  0.0003  0.0405  0.0001  0.0000  0.0002  0.0000  0.0000  0.0000
 0.1079  0.0000  0.0094  0.0897  0.1568  0.0032  0.1082  0.0364  0.0251  1.0000  0.0293  0.0162  0.0579  0.2739  0.3557  0.2081  0.4263  0.0636  0.0184  0.0011  0.0000  0.0024  0.0000  0.0000  0.0000
 0.0088  0.0000  0.0000  0.0016  1.0000  0.0001  0.0003  0.0033  0.0001  0.0006  0.0001  0.0001  0.0003  0.0115  0.0008  0.0002  0.0004  0.0105  0.0002  0.0000  0.0000  0.0001  0.0000  0.0000  0.0000
 0.0953  0.0000  0.0013  1.0000  0.2993  0.0012  0.0187  0.1351  0.0211  0.3319  0.0075  0.0231  0.2062  0.0167  0.0627  0.0269  0.2549  0.0142  0.0199  0.0004  0.0000  0.0055  0.0000  0.0000  0.0000
 0.0834  0.0000  0.0012  0.0931  1.0000  0.0068  0.0083  0.0027  0.0041  0.0331  0.0066  0.0023  0.0233  0.0100  0.0469  0.0925  0.0321  0.0299  0.1894  0.0004  0.0000  0.0073  0.0000  0.0000  0.0000
 1.0000  0.0000  0.0002  0.0002  0.0002  0.0001  0.0121  0.0000  0.0001  0.0002  0.0002  0.0001  0.0001  0.0006  0.0001  0.0002  0.0673  0.0004  0.0004  0.0000  0.0000  0.0001  0.0000  0.0000  0.0000
 0.0003  0.0000  0.0000  0.0001  0.0005  0.0001  0.0002  0.0003  0.0001  0.0608  0.0004  0.0001  0.0003  0.0003  0.0121  1.0000  0.0003  0.0004  0.0002  0.0102  0.0000  0.0002  0.0000  0.0000  0.0000
 0.3240  0.0000  0.0115  0.0041  0.0121  0.0035  0.0110  0.0811  0.0342  0.6791  0.0087  0.0029  0.0929  0.0062  0.0161  1.0000  0.0403  0.0095  0.0420  0.0015  0.0000  0.0057  0.0000  0.0000  0.0000
 0.0074  0.0000  0.0019  0.0009  0.0020  0.5692  0.0016  0.0016  0.0921  0.3048  0.3807  0.0246  0.0019  0.0032  0.0040  0.0028  0.0022  0.0044  0.0205  0.0024  0.0000  1.0000  0.0000  0.0000  0.0000
 0.0000  0.0000  0.0000  0.0000  0.0000  1.0000  0.0000  0.0000  0.0000  0.0000  0.0000  0.0000  0.0000  0.0000  0.0000  0.0000  0.0000  0.0000  0.0000  0.0000  0.0000  0.0000  0.0000  0.0000  0.0000
 0.0011  0.0000  0.0001  0.0002  0.0015  0.0002  0.0008  0.1058  0.0005  0.0297  0.0011  0.0004  0.0010  0.0008  1.0000  0.2206  0.0009  0.0012  0.0006  0.0306  0.0000  0.0005  0.0000  0.0000  0.0000
 0.0004  0.0000  0.0000  0.0005  0.0069  0.0001  0.0004  0.0002  0.0001  0.0012  0.0002  0.0001  0.0003  0.0003  1.0000  0.0038  0.0003  0.0003  0.0001  0.0001  0.0000  0.0001  0.0000  0.0000  0.0000
 0.0011  0.0000  0.0003  0.0001  0.0003  0.0028  0.0002  0.0002  0.9456  0.0004  1.0000  0.1660  0.0003  0.0004  0.0005  0.0004  0.0003  0.0006  0.0139  0.0003  0.0000  0.0004  0.0000  0.0000  0.0000
 0.0002  0.0000  0.0001  0.0001  0.0001  0.0004  0.0001  0.0000  1.0000  0.0001  0.0914  0.0044  0.0001  0.0000  0.0000  0.0001  0.0001  0.0003  0.3883  0.0000  0.0000  0.0002  0.0000  0.0000  0.0000
 0.0671  0.0000  0.0745  0.2424  0.1060  0.0011  0.0654  0.0301  0.0007  0.0074  0.0013  0.0005  0.2885  0.0042  0.0050  0.0038  1.0000  0.0543  0.0011  0.0005  0.0000  0.0027  0.0000  0.0000  0.0000
 1.0000  0.0000  0.0005  0.0003  0.0004  0.0002  0.3746  0.0001  0.0002  0.0004  0.0004  0.0002  0.0003  0.0012  0.0003  0.0003  0.0024  0.0041  0.0040  0.0001  0.0000  0.0001  0.0000  0.0000  0.0000
 0.0005  0.0000  0.0001  0.0000  0.0001  0.0002  0.0001  0.0000  0.1362  0.0001  0.0011  0.0002  0.0001  0.0001  0.0001  0.0001  0.0001  0.0078  1.0000  0.0000  0.0000  0.0001  0.0000  0.0000  0.0000
 0.1057  0.0000  0.0010  1.0000  0.5392  0.0010  0.0433  0.0562  0.0029  0.0147  0.0047  0.0016  0.0272  0.0047  0.1942  0.1226  0.0774  0.0185  0.0044  0.0004  0.0000  0.0353  0.0000  0.0000  0.0000
 0.0005  0.0000  0.0006  0.0007  0.0004  0.2762  0.0015  0.0526  0.0005  0.0003  0.0010  0.0002  0.0005  0.0006  0.0003  0.0005  0.0004  0.0004  0.0005  0.0005  0.0000  1.0000  0.0000  0.0000  0.0000
 0.0003  0.0000  1.0000  0.0001  0.0001  0.0023  0.0003  0.0001  0.0004  0.0000  0.0245  0.0002  0.0001  0.0001  0.0001  0.0001  0.0001  0.0001  0.0003  0.0005  0.0000  0.0047  0.0000  0.0000  0.0000
 0.0000  0.0000  0.0000  0.0000  0.0000  0.0000  0.0000  1.0000  0.0000  0.0000  0.0000  0.0000  0.0000  0.0000  0.0000  0.0000  0.0000  0.0000  0.0000  0.0000  0.0000  0.0000  0.0000  0.0000  0.0000
 0.2541  0.0000  0.0815  0.1316  0.1583  0.0935  0.1871  0.0604  0.0554  0.2052  0.0748  0.0365  0.1087  0.0494  0.2663  0.6973  1.0000  0.1016  0.0653  0.0114  0.0000  0.0538  0.0000  0.0000  0.0000
 0.0109  0.0000  0.1328  0.0020  0.0152  0.0023  0.0078  0.5506  0.0047  0.5577  0.0214  0.0037  0.3150  0.0086  0.0452  1.0000  0.0090  0.0117  0.0062  0.0017  0.0000  0.0154  0.0000  0.0000  0.0000
 0.1081  0.0000  0.0416  0.0581  0.0679  0.1764  1.0000  0.1597  0.0792  0.2811  0.1483  0.4475  0.2087  0.0472  0.0953  0.1757  0.0893  0.0863  0.1013  0.0368  0.0000  0.1962  0.0000  0.0000  0.0000
 0.0002  0.0000  0.0001  0.0001  0.0001  0.0003  0.0001  0.0000  0.3829  0.0001  0.0016  0.0003  0.0001  0.0000  0.0000  0.0001  0.0001  0.0003  1.0000  0.0000  0.0000  0.0001  0.0000  0.0000  0.0000
 0.2125  0.0000  0.0582  0.0077  0.0160  0.1342  0.0099  0.0122  0.1849  0.0163  0.0805  0.0223  0.0109  0.0197  0.0132  0.0127  0.0531  0.0583  1.0000  0.0104  0.0000  0.8056  0.0000  0.0000  0.0000
 0.0003  0.0000  0.0002  0.0005  0.0003  0.0002  0.0012  1.0000  0.0002  0.0004  0.0004  0.0001  0.0003  0.0007  0.0003  0.0050  0.0002  0.0003  0.0002  0.0002  0.0000  0.0002  0.0000  0.0000  0.0000
 0.0000  0.0000  0.0000  0.0000  0.0000  0.0000  0.0000  0.0000  0.0000  0.0000  0.0000  0.0000  0.0000  0.0000  0.0000  1.0000  0.0000  0.0000  0.0000  0.0000  0.0000  0.0000  0.0000  0.0000  0.0000
 0.0000  0.0000  0.0000  1.0000  0.0000  0.0000  0.0000  0.0000  0.0000  0.0000  0.0000  0.0000  0.0000  0.0000  0.0000  0.0000  0.0000  0.0000  0.0000  0.0000  0.0000  0.0000  0.0000  0.0000  0.0000
 0.0002  0.0000  0.0001  0.0000  0.0001  0.0006  0.0000  0.0000  0.0193  0.0001  1.0000  0.0007  0.0001  0.0032  0.0001  0.0001  0.0001  0.0001  0.0006  0.0001  0.0000  0.0001  0.0000  0.0000  0.0000
 0.0000  0.0000  0.0000  0.0000  0.0000  0.0000  0.0000  0.0000  0.0000  1.0000  0.0000  0.0000  0.0000  0.0000  0.0000  0.0000  0.0000  0.0000  0.0000  0.0000  0.0000  0.0000  0.0000  0.0000  0.0000
 0.1614  0.0000  0.0706  0.0008  0.0010  0.0005  0.0057  0.0002  0.0013  0.0011  0.0387  0.0007  0.0007  1.0000  0.0008  0.0008  0.0056  0.0312  0.0035  0.0002  0.0000  0.0003  0.0000  0.0000  0.0000
 0.0004  0.0000  0.0000  0.0011  1.0000  0.0001  0.0003  0.0001  0.0001  0.0004  0.0001  0.0000  0.0002  0.0003  0.0068  0.0002  0.0002  0.0002  0.0001  0.0000  0.0000  0.0001  0.0000  0.0000  0.0000
 0.0004  0.0000  0.0003  0.0007  0.0003  0.0002  0.0011  0.0002  0.0002  0.0002  0.0004  0.0038  1.0000  0.0005  0.0002  0.0003  0.0004  0.0003  0.0003  0.0002  0.0000  0.0003  0.0000  0.0000  0.0000
 0.0624  0.0000  0.0001  0.0001  0.0001  0.0010  0.0001  0.0001  0.0128  0.0002  1.0000  0.0090  0.0001  0.0002  0.0002  0.0001  0.0001  0.0004  0.0694  0.0001  0.0000  0.0001  0.0000  0.0000  0.0000
 0.0002  0.0000  0.0001  0.0000  0.0001  0.0005  0.0001  0.0000  0.0080  0.0001  1.0000  0.0007  0.0001  0.0001  0.0001  0.0001  0.0001  0.0001  0.0005  0.0001  0.0000  0.0001  0.0000  0.0000  0.0000
 0.0003  0.0000  0.0001  0.0000  0.0001  0.0007  0.0001  0.0001  0.0014  0.0001  1.0000  0.0087  0.0001  0.0001  0.0001  0.0001  0.0001  0.0002  0.0896  0.0001  0.0000  0.0001  0.0000  0.0000  0.0000
 0.0006  0.0000  0.0000  1.0000  0.0123  0.0001  0.0005  0.0081  0.0001  0.0006  0.0001  0.0000  0.0008  0.0004  0.0591  0.0002  0.0055  0.0003  0.0001  0.0000  0.0000  0.0001  0.0000  0.0000  0.0000
 0.7242  0.0000  0.0062  0.2763  0.2110  0.0058  0.2393  0.0744  0.0216  0.1210  0.0349  0.0123  1.0000  0.0540  0.0850  0.1028  0.6772  0.0831  0.0330  0.0020  0.0000  0.0045  0.0000  0.0000  0.0000
 0.5017  0.0000  0.1910  0.2077  0.2929  0.7197  0.4112  0.5472  0.3908  0.2913  0.6650  0.2678  0.3185  0.2020  0.2904  0.3504  0.4010  0.3881  0.4969  0.1883  0.0000  1.0000  0.0000  0.0000  0.0000
 0.0057  0.0000  0.0002  0.0820  0.0010  0.0001  0.0594  0.0498  0.0001  0.0010  0.0002  0.0001  1.0000  0.0006  0.0060  0.0096  0.0225  0.0163  0.0049  0.0001  0.0000  0.0004  0.0000  0.0000  0.0000
 0.0613  0.0000  0.0005  0.0003  0.0004  0.0023  0.0004  0.0001  0.4928  0.0006  1.0000  0.0106  0.0004  0.0005  0.0004  0.0005  0.0005  0.0016  0.5606  0.0003  0.0000  0.0007  0.0000  0.0000  0.0000
 0.0003  0.0000  0.0000  0.0004  0.0004  0.0001  0.0008  0.0002  0.0001  1.0000  0.0003  0.0001  0.0044  0.0006  0.0004  0.0008  0.0003  0.0003  0.0002  0.0001  0.0000  0.0001  0.0000  0.0000  0.0000
 0.0003  0.0000  0.0001  0.0001  0.0001  0.0006  0.0002  0.0000  1.0000  0.0002  0.1867  0.0005  0.0001  0.0001  0.0000  0.0001  0.0002  0.0004  0.6626  0.0001  0.0000  0.0003  0.0000  0.0000  0.0000
 1.0000  0.0000  0.0009  0.0007  0.0008  0.0003  0.0448  0.0002  0.0005  0.0009  0.0009  0.0004  0.0008  0.0022  0.0006  0.0006  0.9022  0.2108  0.0442  0.0001  0.0000  0.0003  0.0000  0.0000  0.0000
 0.0000  0.0000  0.0000  1.0000  0.0000  0.0000  0.0000  0.0000  0.0000  0.0000  0.0000  0.0000  0.0000  0.0000  0.0000  0.0000  0.0000  0.0000  0.0000  0.0000  0.0000  0.0000  0.0000  0.0000  0.0000
 0.0000  0.0000  0.0000  0.0000  0.0000  1.0000  0.0000  0.0000  0.0000  0.0000  0.0000  0.0000  0.0000  0.0000  0.0000  0.0000  0.0000  0.0000  0.0000  0.0000  0.0000  0.0000  0.0000  0.0000  0.0000
 0.0000  0.0000  0.0000  0.0000  0.0000  0.0000  1.0000  0.0000  0.0000  0.0000  0.0000  0.0000  0.0000  0.0000  0.0000  0.0000  0.0000  0.0000  0.0000  0.0000  0.0000  0.0000  0.0000  0.0000  0.0000
 0.0005  0.0000  0.0001  0.0001  0.0001  0.2378  0.0001  0.0001  0.0021  0.0001  1.0000  0.0014  0.0001  0.0002  0.0002  0.0001  0.0002  0.0003  0.0012  0.0005  0.0000  0.0016  0.0000  0.0000  0.0000
 0.0747  0.0000  0.0003  0.0002  0.0003  0.0001  0.0318  0.0001  0.0001  0.0003  0.0003  0.0001  0.0002  0.0007  0.0002  0.0002  1.0000  0.0005  0.0005  0.0000  0.0000  0.0001  0.0000  0.0000  0.0000
 1.0000  0.0000  0.0267  0.1296  0.0616  0.0139  0.1835  0.0333  0.0183  0.1893  0.0329  0.0142  0.9707  0.0741  0.0518  0.0676  0.2057  0.1492  0.0461  0.0067  0.0000  0.0213  0.0000  0.0000  0.0000
 0.0119  0.0000  0.0033  0.0023  0.1870  0.2164  0.0035  0.0049  0.3666  0.0043  1.0000  0.2215  0.0037  0.0042  0.0363  0.0045  0.0189  0.0527  0.4326  0.0358  0.0000  0.0092  0.0000  0.0000  0.0000
 0.6799  0.0000  0.1127  0.1307  0.1736  0.7561  0.2099  0.3542  0.2508  0.2097  0.6093  1.0000  0.1955  0.4101  0.1869  0.2491  0.5438  0.3132  0.3282  0.1258  0.0000  0.6977  0.0000  0.0000  0.0000
 0.6994  0.0000  0.0490  0.6146  1.0000  0.0457  0.3495  0.1287  0.1719  0.8661  0.2926  0.1048  0.4593  0.3192  0.6192  0.5502  0.7165  0.6200  0.2698  0.0158  0.0000  0.0347  0.0000  0.0000  0.0000
 0.1546  0.0000  0.0248  1.0000  0.1957  0.0906  0.0600  0.0932  0.0350  0.4355  0.1359  0.0170  0.0863  0.1418  0.8541  0.0976  0.3031  0.0983  0.1100  0.0031  0.0000  0.0085  0.0000  0.0000  0.0000
 0.2156  0.0000  0.0458  0.1638  0.2598  0.1104  1.0000  0.0445  0.1439  0.3828  0.1218  0.0470  0.1462  0.0729  0.2563  0.2173  0.2930  0.1785  0.2233  0.0092  0.0000  0.0366  0.0000  0.0000  0.0000
 0.1232  0.0000  0.0551  0.0786  0.1578  0.0365  0.2983  0.6861  0.0384  0.4089  0.0630  0.0297  0.6520  0.0403  0.2416  1.0000  0.2030  0.0819  0.1063  0.0102  0.0000  0.0562  0.0000  0.0000  0.0000
 0.5947  0.0000  0.0318  0.9498  0.8726  0.0297  0.3258  0.0724  0.1114  1.0000  0.1798  0.0630  0.2949  0.2514  0.9597  0.5046  0.5281  0.3416  0.4204  0.0102  0.0000  0.0226  0.0000  0.0000  0.0000
 0.0199  0.0000  0.0003  1.0000  0.5627  0.0160  0.3356  0.0025  0.0011  0.0093  0.0021  0.0008  0.0061  0.0056  0.0708  0.0027  0.0215  0.0214  0.0021  0.0004  0.0000  0.0013  0.0000  0.0000  0.0000
 0.0024  0.0000  0.0006  0.0003  0.0006  0.6193  0.0005  0.0005  0.0287  0.0008  1.0000  0.0080  0.0006  0.0413  0.0012  0.0008  0.0007  0.0014  0.0066  0.0009  0.0000  0.0012  0.0000  0.0000  0.0000
 0.0005  0.0000  0.0001  0.0001  0.0001  0.0415  0.0001  0.0001  0.0024  0.0002  1.0000  0.0016  0.0001  0.0002  0.0002  0.0002  0.0597  0.0003  0.0081  0.0002  0.0000  0.0003  0.0000  0.0000  0.0000
 0.0158  0.0000  0.0017  0.2527  0.0227  0.0033  0.0153  1.0000  0.0062  0.6183  0.0148  0.0049  0.0224  0.0124  0.1661  0.4097  0.0774  0.0168  0.0083  0.0024  0.0000  0.0206  0.0000  0.0000  0.0000
 0.0000  0.0000  0.0000  0.0000  0.0000  0.0000  0.0000  0.0000  0.0000  0.0000  0.0000  0.0000  0.0000  0.0000  0.0000  0.0000  0.0000  1.0000  0.0000  0.0000  0.0000  0.0000  0.0000  0.0000  0.0000
 0.1674  0.0000  0.0231  0.0425  0.0292  0.3291  0.0336  0.0174  0.0412  0.0426  0.0585  0.0194  0.0767  0.0526  0.0498  0.0286  0.8647  1.0000  0.0727  0.0686  0.0000  0.0219  0.0000  0.0000  0.0000
 0.0000  0.0000  1.0000  0.0000  0.0000  0.0000  0.0000  0.0000  0.0000  0.0000  0.0000  0.0000  0.0000  0.0000  0.0000  0.0000  0.0000  0.0000  0.0000  0.0000  0.0000  0.0000  0.0000  0.0000  0.0000
 0.0000  0.0000  0.0000  0.0000  0.0000  0.0000  1.0000  0.0000  0.0000  0.0000  0.0000  0.0000  0.0000  0.0000  0.0000  0.0000  0.0000  0.0000  0.0000  0.0000  0.0000  0.0000  0.0000  0.0000  0.0000
 0.0015  0.0000  0.0003  0.0006  0.0004  0.0002  0.0004  0.0002  0.0004  0.0006  0.0004  0.0002  0.0011  0.0007  0.0005  0.0048  1.0000  0.8556  0.0007  0.0001  0.0000  0.0002  0.0000  0.0000  0.0000
 0.0008  0.0000  0.0002  0.0005  0.0004  0.0002  0.0015  0.0002  0.0002  0.0005  0.0004  0.0001  0.0003  1.0000  0.0003  0.0005  0.0006  0.0578  0.0003  0.0002  0.0000  0.0002  0.0000  0.0000  0.0000
 0.5845  0.0000  0.0173  0.0308  0.0199  0.0070  0.1186  0.0068  0.0079  0.0213  0.0167  0.0078  1.0000  0.2740  0.0147  0.0142  0.1261  0.0470  0.0279  0.0027  0.0000  0.0068  0.0000  0.0000  0.0000
 0.0001  0.0000  0.0001  0.0000  0.0000  0.0062  0.0000  0.0000  0.0002  0.0000  0.0006  0.0001  0.0000  0.0000  0.0000  0.0000  0.0001  0.0001  0.0002  0.0005  0.0000  1.0000  0.0000  0.0000  0.0000
 1.0000  0.0000  0.0024  0.0006  0.0018  0.0016  0.0001  0.0004  0.0329  0.0018  0.0264  0.0028  0.0008  0.0025  0.0013  0.0010  0.0018  0.0084  0.8399  0.0002  0.0000  0.0005  0.0000  0.0000  0.0000
 1.0000  0.0000  0.0002  0.0002  0.0002  0.0001  0.0011  0.0000  0.0001  0.0002  0.0002  0.0001  0.0001  0.0005  0.0001  0.0001  0.0327  0.0004  0.0003  0.0000  0.0000  0.0001  0.0000  0.0000  0.0000
 0.0000  0.0000  0.0000  0.0000  0.0000  0.0000  0.0000  0.0000  0.0000  0.0000  0.0000  0.0000  0.0000  1.0000  0.0000  0.0000  0.0000  0.0000  0.0000  0.0000  0.0000  0.0000  0.0000  0.0000  0.0000
 0.0004  0.0000  0.0000  0.0011  1.0000  0.0001  0.0003  0.0001  0.0001  0.0004  0.0001  0.0000  0.0002  0.0003  0.0072  0.0002  0.0002  0.0002  0.0001  0.0000  0.0000  0.0001  0.0000  0.0000  0.0000
 0.0002  0.0000  0.0001  0.0000  0.0001  0.0003  0.0001  0.0000  0.0340  0.0001  0.1378  0.0004  0.0001  0.0001  0.0000  0.0001  0.0001  0.0002  1.0000  0.0000  0.0000  0.0001  0.0000  0.0000  0.0000
 0.0010  0.0000  0.0003  0.0002  0.0003  0.2821  0.0003  0.0001  1.0000  0.0004  0.5816  0.0028  0.0003  0.0003  0.0004  0.0004  0.0003  0.0008  0.0578  0.0003  0.0000  0.0005  0.0000  0.0000  0.0000
 0.1380  0.0000  0.0010  0.0319  0.1687  0.0009  0.0913  0.0022  0.0033  0.0302  0.0054  0.0223  0.3166  0.0049  0.3548  0.0503  1.0000  0.0322  0.0051  0.0003  0.0000  0.0007  0.0000  0.0000  0.0000
 0.0087  0.0000  0.0021  0.2514  0.0129  0.0018  1.0000  0.0689  0.0009  0.1193  0.0020  0.0007  0.2435  0.0071  0.0084  0.2758  0.0406  0.0093  0.0015  0.0009  0.0000  0.0048  0.0000  0.0000  0.0000
 0.0018  0.0000  0.0002  0.0004  0.0025  0.0004  0.0099  0.0174  0.0777  1.0000  0.0112  0.0006  0.0363  0.0014  0.0796  0.1983  0.0099  0.0168  0.0010  0.0003  0.0000  0.0008  0.0000  0.0000  0.0000
 0.2820  0.0000  0.0210  0.4975  1.0000  0.0683  0.3538  0.0947  0.0624  0.3771  0.2536  0.0437  0.1342  0.1758  0.2981  0.1763  0.1732  0.1461  0.0976  0.0227  0.0000  0.0996  0.0000  0.0000  0.0000
 0.0004  0.0000  0.0005  0.0006  0.0003  0.0004  0.0013  0.0577  0.0032  0.0003  0.0007  0.0002  0.0004  0.0005  0.0003  0.0005  0.0003  0.0004  0.0004  0.0003  0.0000  1.0000  0.0000  0.0000  0.0000
 0.5041  0.0000  0.0032  1.0000  0.0776  0.0031  0.0487  0.0301  0.0018  0.0229  0.0039  0.0014  0.1154  0.0132  0.0182  0.0105  0.0695  0.0158  0.0032  0.0016  0.0000  0.0077  0.0000  0.0000  0.0000
 0.0343  0.0000  0.0002  0.0002  0.0002  0.0001  1.0000  0.0000  0.0001  0.0002  0.0002  0.0001  0.0002  0.0006  0.0002  0.0002  0.0602  0.0004  0.0004  0.0000  0.0000  0.0001  0.0000  0.0000  0.0000
 0.8102  0.0000  0.0015  0.0206  0.0016  0.0133  0.0137  0.0004  0.0009  0.1170  0.0016  0.0333  0.0017  1.0000  0.0013  0.0012  0.1236  0.0428  0.0026  0.0002  0.0000  0.0005  0.0000  0.0000  0.0000
 0.2495  0.0000  0.0024  0.0442  1.0000  0.0023  0.0173  0.0156  0.0085  0.7568  0.0717  0.0443  0.0225  0.0261  0.0660  0.0238  0.0433  0.1439  0.0388  0.0008  0.0000  0.0017  0.0000  0.0000  0.0000
 0.9416  0.0000  0.0098  0.0071  0.0086  0.0037  0.1636  0.0016  0.0043  0.0094  0.0540  0.0044  0.0060  0.0245  0.0065  0.0068  0.0791  0.0168  1.0000  0.0013  0.0000  0.0028  0.0000  0.0000  0.0000
 0.0000  0.0000  0.0000  1.0000  0.0000  0.0000  0.0000  0.0000  0.0000  0.0000  0.0000  0.0000  0.0000  0.0000  0.0000  0.0000  0.0000  0.0000  0.0000  0.0000  0.0000  0.0000  0.0000  0.0000  0.0000
 0.0005  0.0000  0.0002  0.0001  0.0001  0.0007  0.0002  0.0000  0.7744  0.0002  0.2121  0.0157  0.0001  0.0001  0.0001  0.0002  0.0002  0.0286  1.0000  0.0001  0.0000  0.0003  0.0000  0.0000  0.0000
 0.0000  0.0000  0.0000  0.0000  0.0000  0.0000  0.0000  0.0000  0.0000  0.0000  0.0000  0.0000  0.0000  0.0000  0.0000  0.0000  0.0000  0.0000  0.0000  1.0000  0.0000  0.0000  0.0000  0.0000  0.0000
 0.0133  0.0000  0.0002  0.0002  0.0002  0.0001  0.0011  0.0000  0.0001  0.0002  0.0002  0.0001  0.0001  0.0039  0.0001  0.0001  1.0000  0.0004  0.0003  0.0000  0.0000  0.0001  0.0000  0.0000  0.0000
 0.0220  0.0000  1.0000  0.0005  0.0006  0.0011  0.0032  0.0002  0.0021  0.0007  0.1859  0.0715  0.0004  0.0016  0.0006  0.0005  0.0324  0.0014  0.0023  0.0002  0.0000  0.0003  0.0000  0.0000  0.0000
 0.0000  0.0000  0.0000  0.0000  0.0000  0.0000  1.0000  0.0000  0.0000  0.0000  0.0000  0.0000  0.0000  0.0000  0.0000  0.0000  0.0000  0.0000  0.0000  0.0000  0.0000  0.0000  0.0000  0.0000  0.0000
 0.0003  0.0000  0.0001  0.0000  0.0001  0.0002  0.0001  0.0000  0.0512  0.0001  0.0009  0.0002  0.0000  0.0001  0.0000  0.0001  0.0001  0.0002  1.0000  0.0000  0.0000  0.0001  0.0000  0.0000  0.0000
 0.0002  0.0000  0.0001  0.0000  0.0000  0.0002  0.0001  0.0000  1.0000  0.0001  0.0012  0.0002  0.0000  0.0000  0.0000  0.0001  0.0001  0.0002  0.1599  0.0000  0.0000  0.0001  0.0000  0.0000  0.0000
 0.0000  0.0000  0.0000  0.0000  0.0000  0.0000  0.0000  0.0000  0.0000  0.0000  1.0000  0.0000  0.0000  0.0000  0.0000  0.0000  0.0000  0.0000  0.0000  0.0000  0.0000  0.0000  0.0000  0.0000  0.0000
 0.0002  0.0000  0.0001  0.0000  0.0001  0.4423  0.0000  0.0000  0.0005  0.0000  0.0011  0.0002  0.0000  0.0001  0.0000  0.0000  0.0001  0.0001  0.0004  0.0010  0.0000  1.0000  0.0000  0.0000  0.0000
 0.4137  0.0000  0.0016  0.0005  0.0012  0.0008  0.0012  0.0003  0.0072  0.0013  0.0050  0.0016  0.0007  0.0020  0.0009  0.0007  0.0023  0.1611  1.0000  0.0002  0.0000  0.0003  0.0000  0.0000  0.0000
 0.0003  0.0000  0.0001  0.0000  0.0001  0.0097  0.0001  0.0001  0.0120  0.0001  1.0000  0.1396  0.0001  0.0001  0.0001  0.0001  0.0001  0.0002  0.0007  0.0001  0.0000  0.0001  0.0000  0.0000  0.0000
 0.0008  0.0000  0.0002  0.0001  0.0002  0.0018  0.0001  0.0001  0.0149  0.0077  1.0000  0.3631  0.0002  0.0003  0.0004  0.0002  0.0002  0.0005  0.2836  0.0002  0.0000  0.0002  0.0000  0.0000  0.0000
 1.0000  0.0000  0.8800  0.0029  0.0036  0.0016  0.0219  0.0007  0.0025  0.0039  0.0043  0.0019  0.0025  0.0099  0.0027  0.0028  0.2620  0.0075  0.0867  0.0005  0.0000  0.0011  0.0000  0.0000  0.0000
 0.0698  0.0000  0.0003  0.0002  0.0002  0.0001  1.0000  0.0001  0.0001  0.0003  0.0003  0.0001  0.0002  0.0007  0.0002  0.0171  0.0013  0.0004  0.0004  0.0000  0.0000  0.0001  0.0000  0.0000  0.0000
 0.2120  0.0000  0.0687  0.0747  0.0933  0.3162  0.1113  0.1740  0.1439  0.1390  0.2118  0.0733  0.1158  0.0771  0.1019  0.2560  0.6308  0.5191  0.1703  0.0599  0.0000  1.0000  0.0000  0.0000  0.0000
 0.0000  0.0000  0.0000  0.0000  0.0000  0.0000  0.0000  0.0000  0.0000  0.0000  1.0000  0.0000  0.0000  0.0000  0.0000  0.0000  0.0000  0.0000  0.0000  0.0000  0.0000  0.0000  0.0000  0.0000  0.0000
 0.0000  0.0000  0.0000  0.0000  0.0000  0.0000  0.0000  0.0000  0.0000  0.0000  0.0000  0.0000  0.0000  1.0000  0.0000  0.0000  0.0000  0.0000  0.0000  0.0000  0.0000  0.0000  0.0000  0.0000  0.0000
 0.0000  0.0000  0.0000  0.0000  0.0000  1.0000  0.0000  0.0000  0.0000  0.0000  0.0000  0.0000  0.0000  0.0000  0.0000  0.0000  0.0000  0.0000  0.0000  0.0000  0.0000  0.0000  0.0000  0.0000  0.0000
 0.0028  0.0000  0.0054  1.0000  0.1762  0.0004  0.0045  0.2075  0.0005  0.0036  0.0067  0.0003  0.0193  0.0156  0.0873  0.0161  0.0182  0.0022  0.0007  0.0002  0.0000  0.0008  0.0000  0.0000  0.0000
 0.0023  0.0000  0.0131  1.0000  0.2224  0.0003  0.2023  0.0013  0.0002  0.0021  0.0004  0.0002  0.0067  0.0013  0.0017  0.0010  0.0036  0.0015  0.0004  0.0001  0.0000  0.0007  0.0000  0.0000  0.0000
 0.2517  0.0000  0.0077  0.3334  1.0000  0.0072  0.0550  0.0390  0.0596  0.1947  0.0592  0.0320  0.0971  0.2726  0.4493  0.1161  0.5126  0.3358  0.1015  0.0025  0.0000  0.0055  0.0000  0.0000  0.0000
 0.0015  0.0000  0.0004  0.2350  0.0021  0.0381  0.0051  0.1979  0.0002  0.0021  0.0004  0.0001  1.0000  0.0012  0.0014  0.0010  0.1037  0.0417  0.0003  0.0002  0.0000  0.0238  0.0000  0.0000  0.0000
 0.0007  0.0000  0.0002  0.0002  0.0002  0.0013  0.0003  0.0000  0.6735  0.0003  1.0000  0.0013  0.0002  0.0002  0.0002  0.0003  0.0003  0.0007  0.2685  0.0002  0.0000  0.0004  0.0000  0.0000  0.0000
 0.3693  0.0000  0.0628  0.0521  0.1170  0.0433  0.0359  0.0367  0.4018  0.3870  0.2371  0.6326  0.0663  1.0000  0.1322  0.1492  0.1452  0.3377  0.7066  0.0106  0.0000  0.0300  0.0000  0.0000  0.0000
 0.6206  0.0000  0.0092  0.1523  1.0000  0.0086  0.0903  0.0450  0.0432  0.4094  0.0647  0.0337  0.8061  0.0475  0.1021  0.1208  0.4338  0.9637  0.2958  0.0030  0.0000  0.0066  0.0000  0.0000  0.0000
 0.0003  0.0000  0.0001  0.0000  0.0001  0.0009  0.0001  0.0001  0.0017  0.0001  1.0000  0.3127  0.0001  0.0001  0.0002  0.0001  0.0001  0.0002  0.0102  0.0001  0.0000  0.0001  0.0000  0.0000  0.0000
 0.0047  0.0000  0.0093  0.0009  0.0017  0.7392  0.0017  0.0021  0.0165  0.0027  0.1652  0.0109  0.0017  0.0020  0.0026  0.3013  0.0021  0.0029  0.0099  0.0016  0.0000  1.0000  0.0000  0.0000  0.0000
 0.0782  0.0000  0.0010  0.0417  0.2782  0.0010  0.0274  0.0023  0.0036  1.0000  0.0109  0.0020  0.0095  0.0053  0.0990  0.5712  0.0464  0.0240  0.0200  0.1202  0.0000  0.0007  0.0000  0.0000  0.0000
 0.0005  0.0000  0.0000  0.0001  0.0007  0.0001  0.0004  0.0004  0.0002  1.0000  0.0057  0.0002  0.0266  0.0004  0.0714  0.2012  0.0004  0.0005  0.0003  0.0001  0.0000  0.0002  0.0000  0.0000  0.0000
 0.0010  0.0000  0.0002  0.0001  0.0002  0.0006  0.0002  0.0000  1.0000  0.0002  0.0187  0.0210  0.0001  0.0002  0.0725  0.0002  0.0002  0.0068  0.2332  0.0001  0.0000  0.0002  0.0000  0.0000  0.0000
 0.8093  0.0000  0.2133  0.4629  0.6813  0.7135  0.4713  0.5653  0.4581  0.7736  0.8101  0.2510  0.4969  0.3053  0.5498  0.5625  0.7298  0.6187  0.5896  0.1808  0.0000  1.0000  0.0000  0.0000  0.0000
 0.2575  0.0000  0.0470  0.1833  0.2734  0.0093  0.5953  0.0784  0.0348  1.0000  0.0561  0.0197  0.3493  0.0511  0.1229  0.8396  0.6452  0.1483  0.0531  0.0032  0.0000  0.0071  0.0000  0.0000  0.0000
 0.0991  0.0000  0.0002  0.0036  0.0496  0.0002  1.0000  0.0007  0.0001  0.0791  0.0003  0.0001  0.0307  0.0009  0.0067  0.0008  0.0078  0.0009  0.0003  0.0001  0.0000  0.0004  0.0000  0.0000  0.0000
 1.0000  0.0000  0.0370  0.0558  0.0350  0.1152  0.0621  0.0614  0.8035  0.0394  0.2417  0.1354  0.0391  0.0255  0.0351  0.0448  0.0520  0.0610  0.7830  0.0238  0.0000  0.1612  0.0000  0.0000  0.0000
 0.0331  0.0000  0.0023  0.4225  1.0000  0.0997  0.0167  0.0181  0.0082  0.4637  0.0132  0.0249  0.0712  0.0120  0.1890  0.0985  0.2693  0.0967  0.0125  0.0008  0.0000  0.0017  0.0000  0.0000  0.0000
 0.0004  0.0000  0.0002  0.0001  0.0001  1.0000  0.0001  0.0000  0.0181  0.0000  0.0159  0.0005  0.0000  0.0002  0.0000  0.0000  0.0003  0.0003  0.0562  0.0021  0.0000  0.9147  0.0000  0.0000  0.0000
 0.5813  0.0000  0.0454  0.4660  0.7618  0.0615  0.2902  0.1311  0.1772  0.9880  0.2553  0.1046  0.3958  0.4287  0.4867  0.9102  0.9172  1.0000  0.2516  0.0192  0.0000  0.0688  0.0000  0.0000  0.0000
 0.0429  0.0000  1.0000  0.0285  0.0228  0.2280  0.0276  0.0450  0.6433  0.0244  0.6429  0.0304  0.0257  0.0171  0.0245  0.0291  0.0492  0.1958  0.1509  0.0569  0.0000  0.1306  0.0000  0.0000  0.0000
 0.0068  0.0000  0.0003  0.0006  0.0005  0.0002  0.0023  0.0652  0.0002  0.0006  0.0005  0.0002  0.0005  1.0000  0.0004  0.0005  0.0017  0.0007  0.0006  0.0001  0.0000  0.0002  0.0000  0.0000  0.0000
 0.8228  0.0000  0.0993  0.6292  1.0000  0.3601  0.4382  0.2745  0.2809  0.9242  0.4911  0.1567  0.5876  0.4005  0.6284  0.6128  0.9407  0.6283  0.3956  0.0683  0.0000  0.3387  0.0000  0.0000  0.0000
 0.0208  0.0000  0.0040  0.0047  0.0062  0.1907  0.1095  0.4179  0.0181  0.0066  0.0148  0.0050  0.0070  0.0047  0.0067  0.0079  0.0602  0.0190  0.0115  1.0000  0.0000  0.4922  0.0000  0.0000  0.0000
 0.0047  0.0000  0.0012  0.0006  0.0012  1.0000  0.0009  0.0009  0.1671  0.0117  0.9373  0.4140  0.0011  0.0019  0.0023  0.0015  0.0013  0.0470  0.0342  0.0014  0.0000  0.0015  0.0000  0.0000  0.0000
 0.0164  0.0000  0.0003  0.0017  0.0057  0.0002  0.0012  0.0086  0.0003  0.0008  0.0004  0.0002  0.0870  0.0774  0.0006  0.0005  1.0000  0.0135  0.0006  0.0001  0.0000  0.0003  0.0000  0.0000  0.0000
 0.4741  0.0000  0.0445  0.0626  0.2498  0.1534  0.0991  0.0555  0.0546  0.3158  0.1128  0.0168  0.0683  1.0000  0.2215  0.1855  0.6218  0.9011  0.0634  0.0077  0.0000  0.0499  0.0000  0.0000  0.0000
 0.2712  0.0000  0.0154  0.7862  0.8914  0.0355  1.0000  0.0354  0.0536  0.2632  0.2417  0.0472  0.1519  0.1286  0.2680  0.1489  0.4867  0.1713  0.1018  0.0052  0.0000  0.0128  0.0000  0.0000  0.0000
 1.0000  0.0000  0.3901  0.0050  0.0059  0.0027  0.0556  0.0013  0.0204  0.0065  0.1608  0.0031  0.0047  0.0226  0.0045  0.0047  0.0985  0.0411  0.3172  0.0010  0.0000  0.0022  0.0000  0.0000  0.0000
 0.2026  0.0000  0.0027  0.0302  0.4455  0.0026  0.0188  0.0065  0.0508  0.7827  0.0153  0.0423  0.0245  0.0138  0.1842  1.0000  0.0847  0.1433  0.2015  0.0009  0.0000  0.0021  0.0000  0.0000  0.0000
 0.1824  0.0000  0.0093  1.0000  0.1790  0.0299  0.1294  0.1406  0.0322  0.6499  0.0520  0.0182  0.6274  0.0475  0.1237  0.6570  0.5566  0.2590  0.0491  0.0030  0.0000  0.0068  0.0000  0.0000  0.0000
 0.0002  0.0000  0.0001  0.0000  0.0001  0.0300  0.0000  0.0000  0.0174  0.0001  1.0000  0.0053  0.0001  0.0001  0.0001  0.0001  0.0001  0.0001  0.0080  0.0001  0.0000  0.0001  0.0000  0.0000  0.0000
 0.0008  0.0000  0.0002  0.0001  0.0002  0.0017  0.0003  0.0001  1.0000  0.0003  0.9041  0.0209  0.0002  0.0002  0.0003  0.0003  0.0003  0.0007  0.1419  0.0002  0.0000  0.0004  0.0000  0.0000  0.0000
 0.5134  0.0000  0.2310  0.2434  0.3000  0.4926  0.2631  0.5095  0.2993  1.0000  0.5295  0.2412  0.3398  0.6096  0.3582  0.5678  0.6371  0.6331  0.4243  0.1243  0.0000  0.6984  0.0000  0.0000  0.0000
 0.0066  0.0000  0.0001  0.0002  0.0195  0.0002  0.0072  0.1000  0.0066  0.4447  0.0010  0.0050  0.0010  0.0008  0.0757  1.0000  0.0144  0.0011  0.0006  0.0002  0.0000  0.0004  0.0000  0.0000  0.0000
 0.0032  0.0000  0.0008  0.0004  0.0008  0.2770  0.0006  0.0006  1.0000  0.0011  0.4693  0.9528  0.0008  0.0013  0.0017  0.0011  0.0009  0.0104  0.0090  0.0010  0.0000  0.0011  0.0000  0.0000  0.0000
 0.0002  0.0000  0.0001  0.0000  0.0001  0.0006  0.0000  0.0000  0.0116  0.0001  1.0000  0.0098  0.0001  0.0001  0.0001  0.0001  0.0001  0.0001  0.0006  0.0001  0.0000  0.0001  0.0000  0.0000  0.0000
 0.4768  0.0000  0.1458  1.0000  0.4908  0.5524  0.2766  0.4490  0.4953  0.2902  0.6130  0.2323  0.3254  0.1848  0.4172  0.3016  0.3583  0.3712  0.9902  0.1433  0.0000  0.7690  0.0000  0.0000  0.0000
 0.3629  0.0000  0.0719  0.0235  0.0556  0.0374  0.0062  0.0152  0.3576  0.0577  0.3144  0.0744  0.0452  0.3920  0.0471  0.0328  0.1188  0.3621  1.0000  0.0072  0.0000  0.0133  0.0000  0.0000  0.0000
 0.0008  0.0000  0.0002  0.7160  0.0325  0.0002  0.0028  0.0130  0.0001  0.0123  0.0002  0.0001  1.0000  0.0006  0.0008  0.0006  0.0074  0.0008  0.0001  0.0001  0.0000  0.0004  0.0000  0.0000  0.0000
 0.0065  0.0000  0.0004  0.0003  0.0004  0.0002  0.0020  0.0001  0.0005  0.0004  0.0008  0.0577  0.0002  1.0000  0.0003  0.0003  0.0019  0.0008  0.0035  0.0001  0.0000  0.0001  0.0000  0.0000  0.0000
 0.8143  0.0000  0.0602  0.6047  1.0000  0.0457  0.3482  0.1111  0.2848  0.9561  0.4493  0.3760  0.5906  0.2511  0.5925  0.5441  0.8241  0.5785  0.3889  0.0157  0.0000  0.0347  0.0000  0.0000  0.0000
 0.0348  0.0000  0.0035  0.0091  0.0467  0.0074  0.0234  0.0430  0.0284  1.0000  0.1412  0.0317  0.1347  0.0252  0.1073  0.2518  0.0663  0.8562  0.0192  0.0050  0.0000  0.0148  0.0000  0.0000  0.0000
 0.0000  0.0000  0.0000  0.0000  0.0000  0.0000  0.0000  0.0000  0.0000  0.0000  0.0000  0.0000  0.0000  0.0000  0.0000  1.0000  0.0000  0.0000  0.0000  0.0000  0.0000  0.0000  0.0000  0.0000  0.0000
 0.1840  0.0000  0.0243  0.0042  0.0055  0.0203  0.1134  0.0087  1.0000  0.0061  0.0482  0.0738  0.0058  0.0874  0.0056  0.0066  0.0267  0.0147  0.0721  0.0033  0.0000  0.0167  0.0000  0.0000  0.0000
 0.0018  0.0000  0.0004  0.0013  0.0009  0.0002  0.0203  0.0005  0.0006  0.0344  0.0007  0.0003  0.0387  0.0087  0.0234  0.0335  0.4156  1.0000  0.0009  0.0002  0.0000  0.0004  0.0000  0.0000  0.0000
 0.0195  0.0000  0.0002  0.0001  0.0001  0.0099  0.0001  0.0001  1.0000  0.0002  0.1738  0.0654  0.0001  0.0063  0.0002  0.0002  0.0002  0.0005  0.1149  0.0001  0.0000  0.0002  0.0000  0.0000  0.0000
 0.7069  0.0000  0.0214  0.3374  1.0000  0.0308  0.1678  0.1314  0.0750  0.4665  0.1210  0.0424  0.1984  0.5894  0.2919  0.2991  0.4613  0.2722  0.1190  0.0069  0.0000  0.0152  0.0000  0.0000  0.0000
 0.0277  0.0000  0.0006  0.1285  1.0000  0.0071  0.1045  0.0013  0.0020  0.2086  0.0031  0.0011  0.0239  0.0029  0.3953  0.0712  0.0123  0.0363  0.0106  0.0002  0.0000  0.0004  0.0000  0.0000  0.0000
 0.0002  0.0000  0.0001  0.0000  0.0001  0.0003  0.0001  0.0000  1.0000  0.0001  0.1063  0.0003  0.0001  0.0000  0.0000  0.0001  0.0001  0.0041  0.1194  0.0000  0.0000  0.0001  0.0000  0.0000  0.0000
 0.2996  0.0000  0.1456  0.1213  0.1614  0.4272  0.2022  0.3205  0.3221  0.5648  0.6282  0.8199  0.1816  0.1207  0.1858  1.0000  0.3745  0.2402  0.3739  0.1093  0.0000  0.6277  0.0000  0.0000  0.0000
 0.0501  0.0000  0.0208  0.1393  1.0000  0.0022  0.0228  0.0119  0.0081  0.5684  0.0506  0.0227  0.1226  0.0118  0.3893  0.1917  0.0503  0.0378  0.0365  0.1378  0.0000  0.0017  0.0000  0.0000  0.0000
 0.0622  0.0000  0.0245  0.9301  0.0802  0.0190  0.0932  1.0000  0.0181  0.0753  0.0549  0.0103  0.5103  0.0349  0.0436  0.0371  0.2834  0.1499  0.0772  0.0069  0.0000  0.0312  0.0000  0.0000  0.0000
 0.1510  0.0000  0.0242  0.2132  0.7116  0.0184  0.0494  0.0211  0.0182  0.2166  0.0379  0.0180  0.0482  1.0000  0.1704  0.4377  0.2517  0.1158  0.0318  0.0017  0.0000  0.0037  0.0000  0.0000  0.0000
 0.0000  0.0000  0.0000  0.0000  0.0000  0.0000  0.0000  0.0000  0.0000  0.0000  0.0000  0.0000  0.0000  0.0000  0.0000  0.0000  0.0000  0.0000  0.0000  1.0000  0.0000  0.0000  0.0000  0.0000  0.0000
 0.0006  0.0000  0.0002  0.0001  0.0001  1.0000  0.0001  0.0001  0.0509  0.0002  0.0834  0.1390  0.0001  0.0002  0.0003  0.0002  0.0002  0.0003  0.0100  0.0004  0.0000  0.0356  0.0000  0.0000  0.0000
 0.1569  0.0000  0.0011  0.0187  0.0199  0.0010  0.0155  0.0024  0.0037  1.0000  0.0216  0.0021  0.3511  0.0054  0.5277  0.3666  0.0371  0.1117  0.0341  0.0003  0.0000  0.0008  0.0000  0.0000  0.0000
 0.1701  0.0000  0.0011  0.0126  0.0485  0.0010  0.0077  0.0025  0.0190  1.0000  0.0202  0.0021  0.0347  0.0055  0.0482  0.0334  0.1586  0.0960  0.0167  0.0004  0.0000  0.0008  0.0000  0.0000  0.0000
 0.0374  0.0000  0.0079  0.0235  0.0121  0.0041  0.0158  0.0062  0.0112  0.0171  0.0105  0.0057  1.0000  0.0198  0.0131  0.0105  0.5093  0.8471  0.0177  0.0027  0.0000  0.0052  0.0000  0.0000  0.0000
//
