ID   UNK_ID; MATRIX
AC   UNK_AC
DE   UNK_DE
MA   UNK_BL
  A   B   C   D   E   F   G   H   I   K   L   M   N   P   Q   R   S   T   V   W   X   Y   Z   *   -
 0.0027  0.0000  0.0010  0.0005  0.0007  0.1927  0.0009  0.0003  0.0089  0.0006  0.0257  1.0000  0.0004  0.0011  0.0008  0.0006  0.0013  0.0016  0.0059  0.0052  0.0000  0.0198  0.0000  0.0000  0.0000
 0.0132  0.0000  0.0013  0.0029  0.0017  0.0006  1.0000  0.0007  0.0006  0.0018  0.0014  0.0006  0.0029  0.0036  0.0012  0.0013  0.0443  0.0027  0.0021  0.0003  0.0000  0.0006  0.0000  0.0000  0.0000
 1.0000  0.0000  0.0111  0.0097  0.0102  0.0042  0.6534  0.0022  0.0053  0.0114  0.0108  0.0051  0.0094  0.0276  0.0079  0.0080  0.0914  0.3449  0.0184  0.0016  0.0000  0.0034  0.0000  0.0000  0.0000
 0.4087  0.0000  0.0458  0.0647  0.0778  0.0732  0.3710  0.0539  0.1247  0.0826  0.2057  0.0399  1.0000  0.0991  0.0629  0.0663  0.2878  0.1463  0.1260  0.0202  0.0000  0.0910  0.0000  0.0000  0.0000
 0.3746  0.0000  0.0224  0.2386  0.3315  0.0235  0.2899  0.3769  0.0661  0.4258  0.1050  0.0375  0.2839  0.1004  0.3391  0.1825  1.0000  0.7477  0.1004  0.0085  0.0000  0.0248  0.0000  0.0000  0.0000
 1.0000  0.0000  0.0971  0.1112  0.1420  0.0606  0.5761  0.0416  0.2318  0.1605  0.1487  0.0568  0.1073  0.2433  0.3503  0.1148  0.9998  0.2800  0.1816  0.0200  0.0000  0.0603  0.0000  0.0000  0.0000
 0.1704  0.0000  0.0285  0.4491  0.2407  0.0346  0.9410  0.4509  0.0431  1.0000  0.0975  0.0329  0.7002  0.1287  0.2586  0.6853  0.6387  0.1777  0.0608  0.0207  0.0000  0.0809  0.0000  0.0000  0.0000
 0.0413  0.0000  0.0041  0.0071  0.0560  0.0085  0.0283  0.0357  0.1682  1.0000  0.0418  0.0137  0.0388  0.0317  0.1722  0.4359  0.0330  0.0438  0.0848  0.0063  0.0000  0.0181  0.0000  0.0000  0.0000
 0.3801  0.0000  0.0217  0.0457  0.0617  0.0107  0.3341  0.0122  0.0188  0.0740  0.0337  0.0142  0.0443  1.0000  0.0973  0.2118  0.3158  0.1579  0.0454  0.0043  0.0000  0.0101  0.0000  0.0000  0.0000
 0.3521  0.0000  0.0726  0.0257  0.0686  0.1899  0.0304  0.0352  0.5835  0.1148  1.0000  0.2330  0.0435  0.1824  0.0753  0.0789  0.0746  0.2385  0.8615  0.0252  0.0000  0.0482  0.0000  0.0000  0.0000
 0.2898  0.0000  0.1240  0.0095  0.0241  0.0158  0.0214  0.0060  0.1604  0.0243  0.0987  0.0307  0.0126  0.0877  0.0180  0.0142  0.2543  0.1084  1.0000  0.0030  0.0000  0.0057  0.0000  0.0000  0.0000
 0.2851  0.0000  0.1222  0.0957  0.3318  1.0000  0.1536  0.2528  0.2212  0.1355  0.3362  0.1038  0.1432  0.0954  0.1477  0.1621  0.1869  0.1829  0.2363  0.0863  0.0000  0.5774  0.0000  0.0000  0.0000
 0.2052  0.0000  0.0300  1.0000  0.0607  0.0163  0.0742  0.0264  0.0436  0.0744  0.0426  0.0219  0.5025  0.0767  0.0558  0.0447  0.5831  0.8049  0.2842  0.0100  0.0000  0.0209  0.0000  0.0000  0.0000
 0.0711  0.0000  0.0511  0.4686  1.0000  0.0048  0.0358  0.0117  0.0175  0.2272  0.0283  0.0099  0.0465  0.0262  0.0812  0.2624  0.2127  0.0537  0.1104  0.0017  0.0000  0.0038  0.0000  0.0000  0.0000
 0.2748  0.0000  0.0104  0.1209  0.1939  0.0099  0.1164  0.0466  0.0363  0.6496  0.0588  0.0206  1.0000  0.0689  0.2519  0.1562  0.2942  0.2410  0.0552  0.0035  0.0000  0.0080  0.0000  0.0000  0.0000
 0.1212  0.0000  0.0083  0.3959  1.0000  0.0084  0.3056  0.0214  0.0291  0.7887  0.0475  0.0167  0.0814  0.0466  0.1227  0.2910  0.1395  0.1172  0.0446  0.0031  0.0000  0.0073  0.0000  0.0000  0.0000
 0.1509  0.0000  0.0058  0.6222  1.0000  0.0056  0.0418  0.2315  0.0204  0.5146  0.0330  0.0116  0.0542  0.1292  0.6617  0.1122  0.3404  0.0627  0.0312  0.0020  0.0000  0.0044  0.0000  0.0000  0.0000
 0.0050  0.0000  0.0014  0.0007  0.0013  0.1354  0.0011  0.0009  0.0277  0.0016  0.4773  0.0744  0.0011  0.0020  0.0023  0.0016  0.0017  0.0031  1.0000  0.0036  0.0000  0.0820  0.0000  0.0000  0.0000
 0.1044  0.0000  0.0796  0.2842  0.0975  0.0156  0.5625  0.0632  0.0185  0.3180  0.0266  0.0113  1.0000  0.0654  0.0836  0.0616  0.3125  0.3836  0.0302  0.0084  0.0000  0.0342  0.0000  0.0000  0.0000
 0.0650  0.0000  0.0166  0.0078  0.0164  0.2375  0.0126  0.0125  0.3528  0.0217  1.0000  0.2204  0.0155  0.0731  0.0323  0.0214  0.0179  0.0387  0.2039  0.0196  0.0000  0.0216  0.0000  0.0000  0.0000
 0.1494  0.0000  0.0024  1.0000  0.5505  0.0026  0.0534  0.0119  0.0020  0.0213  0.0039  0.0015  0.7466  0.0121  0.0188  0.0744  0.0297  0.0135  0.0035  0.0013  0.0000  0.0060  0.0000  0.0000  0.0000
 0.1600  0.0000  0.0090  1.0000  0.3578  0.0117  0.1339  0.6837  0.0105  0.1035  0.0207  0.0081  0.2022  0.0610  0.2342  0.0401  0.1156  0.0593  0.0200  0.0058  0.0000  0.0238  0.0000  0.0000  0.0000
 0.0000  0.0000  0.0000  0.0000  0.0000  1.0000  0.0000  0.0000  0.0000  0.0000  0.0000  0.0000  0.0000  0.0000  0.0000  0.0000  0.0000  0.0000  0.0000  0.0000  0.0000  0.0000  0.0000  0.0000  0.0000
 0.0146  0.0000  0.0002  0.2450  1.0000  0.0013  0.0055  0.0036  0.0019  0.0166  0.0178  0.0014  0.0062  0.0088  0.8305  0.3505  0.0076  0.0188  0.0035  0.0006  0.0000  0.0018  0.0000  0.0000  0.0000
 0.0033  0.0000  0.0009  0.0005  0.0009  0.0606  0.0009  0.0005  1.0000  0.0012  0.8588  0.0096  0.0009  0.0012  0.0014  0.0012  0.0011  0.0025  0.0687  0.0010  0.0000  0.0015  0.0000  0.0000  0.0000
 0.0000  0.0000  0.0000  0.0000  0.0000  0.0000  0.0000  0.0000  0.0000  0.0000  1.0000  0.0000  0.0000  0.0000  0.0000  0.0000  0.0000  0.0000  0.0000  0.0000  0.0000  0.0000  0.0000  0.0000  0.0000
 0.0037  0.0000  0.0004  0.0008  0.0052  0.0008  0.0027  0.0033  0.0016  0.8154  0.0037  0.0012  0.0754  0.0029  0.0088  1.0000  0.0031  0.0158  0.0021  0.0006  0.0000  0.0017  0.0000  0.0000  0.0000
 0.8440  0.0000  0.0137  0.0038  0.0105  0.0168  0.0057  0.0031  0.0839  0.0109  0.7149  0.0254  0.0055  0.0162  0.0090  0.0068  0.0140  0.0456  1.0000  0.0024  0.0000  0.0036  0.0000  0.0000  0.0000
 0.0012  0.0000  0.0004  0.0003  0.0003  0.0016  0.0005  0.0000  1.0000  0.0005  0.0084  0.0015  0.0003  0.0002  0.0002  0.0004  0.0005  0.0014  0.6432  0.0002  0.0000  0.0008  0.0000  0.0000  0.0000
 0.0000  0.0000  0.0000  0.0000  0.0000  0.0000  1.0000  0.0000  0.0000  0.0000  0.0000  0.0000  0.0000  0.0000  0.0000  0.0000  0.0000  0.0000  0.0000  0.0000  0.0000  0.0000  0.0000  0.0000  0.0000
 0.0012  0.0000  0.0001  0.0003  0.0016  0.0003  0.0010  0.0010  0.0005  1.0000  0.0012  0.0004  0.0011  0.0010  0.0027  0.0710  0.0010  0.0012  0.0007  0.0002  0.0000  0.0005  0.0000  0.0000  0.0000
 0.0000  0.0000  0.0000  0.0000  0.0000  0.0000  1.0000  0.0000  0.0000  0.0000  0.0000  0.0000  0.0000  0.0000  0.0000  0.0000  0.0000  0.0000  0.0000  0.0000  0.0000  0.0000  0.0000  0.0000  0.0000
 0.3255  0.0000  0.0015  0.0024  0.0017  0.0007  0.0043  0.0007  0.0016  0.0024  0.0018  0.0009  0.0040  0.0037  0.0018  0.0016  1.0000  0.4031  0.0031  0.0004  0.0000  0.0007  0.0000  0.0000  0.0000
 0.0000  0.0000  0.0000  0.0000  0.0000  1.0000  0.0000  0.0000  0.0000  0.0000  0.0000  0.0000  0.0000  0.0000  0.0000  0.0000  0.0000  0.0000  0.0000  0.0000  0.0000  0.0000  0.0000  0.0000  0.0000
 0.0000  0.0000  0.0000  0.0000  0.0000  0.0000  1.0000  0.0000  0.0000  0.0000  0.0000  0.0000  0.0000  0.0000  0.0000  0.0000  0.0000  0.0000  0.0000  0.0000  0.0000  0.0000  0.0000  0.0000  0.0000
 0.0021  0.0000  0.0002  0.0004  0.0029  0.0004  0.0015  0.0019  0.0009  1.0000  0.0021  0.0007  0.0020  0.0016  0.2629  0.0656  0.0017  0.0022  0.0012  0.0003  0.0000  0.0009  0.0000  0.0000  0.0000
 0.0000  0.0000  0.0000  0.0000  0.0000  0.0000  0.0000  0.0000  0.0000  0.0000  0.0000  0.0000  0.0000  0.0000  0.0000  0.0000  0.0000  0.0000  1.0000  0.0000  0.0000  0.0000  0.0000  0.0000  0.0000
 0.4180  0.0000  0.2788  0.1570  0.2135  0.6327  0.2529  0.4104  0.5073  0.2356  1.0000  0.3581  0.2377  0.1679  0.2383  0.3342  0.3093  0.3160  0.4930  0.1482  0.0000  0.8261  0.0000  0.0000  0.0000
 0.2855  0.0000  0.0599  0.0217  0.0520  0.1080  0.0241  0.0149  0.7965  0.0630  0.6257  0.1439  0.0300  0.0661  0.0585  0.0439  0.0577  0.2057  1.0000  0.0146  0.0000  0.0297  0.0000  0.0000  0.0000
 0.0000  0.0000  0.0000  0.0000  0.0000  0.0000  0.0000  0.0000  0.0000  0.0000  0.0000  0.0000  0.0000  0.0000  0.0000  0.0000  0.0000  0.0000  1.0000  0.0000  0.0000  0.0000  0.0000  0.0000  0.0000
 0.0288  0.0000  0.0027  0.0063  0.4257  0.0059  0.0201  0.0252  0.0121  0.3513  0.0449  0.3495  0.0275  0.0224  0.9401  1.0000  0.0234  0.0305  0.0161  0.0044  0.0000  0.0127  0.0000  0.0000  0.0000
 0.0012  0.0000  0.0001  0.0003  0.0016  0.0003  0.0009  0.0010  0.0005  1.0000  0.0012  0.0004  0.0011  0.0010  0.0027  0.0740  0.0010  0.0012  0.0007  0.0002  0.0000  0.0005  0.0000  0.0000  0.0000
 0.0042  0.0000  0.0004  0.0012  0.0059  0.0009  0.0033  0.0038  0.0018  1.0000  0.0042  0.0014  0.2694  0.0033  0.0099  0.4691  0.0036  0.0045  0.0024  0.0007  0.0000  0.0019  0.0000  0.0000  0.0000
 0.0000  0.0000  0.0000  1.0000  0.0000  0.0000  0.0000  0.0000  0.0000  0.0000  0.0000  0.0000  0.0000  0.0000  0.0000  0.0000  0.0000  0.0000  0.0000  0.0000  0.0000  0.0000  0.0000  0.0000  0.0000
 0.0023  0.0000  0.0004  0.0009  0.0006  0.0002  0.0008  0.0003  0.0006  0.0009  0.0006  0.0003  0.0016  0.0011  0.0007  0.0005  0.0506  1.0000  0.0010  0.0001  0.0000  0.0003  0.0000  0.0000  0.0000
 0.3385  0.0000  0.0251  0.2776  0.5413  0.0266  0.5688  0.1130  0.0880  1.0000  0.1504  0.0522  0.2940  0.1351  0.4485  0.4284  0.3711  0.2723  0.1320  0.0114  0.0000  0.0290  0.0000  0.0000  0.0000
 0.0977  0.0000  0.0027  0.0055  0.1089  0.0057  0.0196  0.0244  0.0118  0.7580  0.2952  0.0092  0.0266  0.0217  0.0652  1.0000  0.0227  0.0295  0.0157  0.0043  0.0000  0.0123  0.0000  0.0000  0.0000
 0.0233  0.0000  0.0051  0.0017  0.0040  0.0078  0.0016  0.0009  1.0000  0.0044  0.0448  0.7030  0.0024  0.0050  0.0029  0.0029  0.0046  0.3101  0.1813  0.0010  0.0000  0.0028  0.0000  0.0000  0.0000
 0.0024  0.0000  0.0008  0.0047  0.0018  0.1771  0.0044  0.0016  0.0013  0.0019  0.0029  0.0008  0.0172  0.0014  0.0014  0.0015  0.0032  0.0018  0.0013  0.0006  0.0000  1.0000  0.0000  0.0000  0.0000
 1.0000  0.0000  0.0000  0.0000  0.0000  0.0000  0.0000  0.0000  0.0000  0.0000  0.0000  0.0000  0.0000  0.0000  0.0000  0.0000  0.0000  0.0000  0.0000  0.0000  0.0000  0.0000  0.0000  0.0000  0.0000
 0.0018  0.0000  0.0004  0.0002  0.0004  0.0046  0.0003  0.0003  0.0273  0.0006  0.5176  1.0000  0.0004  0.0007  0.0009  0.0006  0.0005  0.0010  0.0184  0.0005  0.0000  0.0006  0.0000  0.0000  0.0000
 0.0000  0.0000  0.0000  0.0000  0.0000  0.0000  0.0000  0.0000  0.0000  1.0000  0.0000  0.0000  0.0000  0.0000  0.0000  0.0000  0.0000  0.0000  0.0000  0.0000  0.0000  0.0000  0.0000  0.0000  0.0000
 0.1436  0.0000  0.0310  0.0192  0.0258  0.2556  0.0227  0.0083  0.1441  0.0280  0.1403  0.0372  0.0274  0.0403  0.0203  0.0182  0.1064  0.5509  0.6669  0.0552  0.0000  1.0000  0.0000  0.0000  0.0000
 0.0056  0.0000  0.0014  0.0007  0.0014  0.0150  0.0011  0.0011  0.9428  0.0019  0.8990  1.0000  0.0014  0.0023  0.0029  0.0019  0.0016  0.0033  0.0163  0.0018  0.0000  0.0019  0.0000  0.0000  0.0000
 0.0651  0.0000  0.0101  0.1278  0.0832  0.0123  0.1117  0.0561  0.0181  0.2969  0.0408  0.0139  0.9081  0.0484  0.1039  1.0000  0.6566  0.0803  0.0255  0.0081  0.0000  0.0286  0.0000  0.0000  0.0000
 0.0000  0.0000  0.0000  0.0000  0.0000  0.0000  0.0000  0.0000  0.0000  1.0000  0.0000  0.0000  0.0000  0.0000  0.0000  0.0000  0.0000  0.0000  0.0000  0.0000  0.0000  0.0000  0.0000  0.0000  0.0000
 0.7485  0.0000  0.0087  0.0994  0.6109  0.0140  0.0669  0.0499  0.0346  1.0000  0.0695  0.0238  0.0867  0.0640  0.9888  0.3626  0.2040  0.0979  0.0503  0.0085  0.0000  0.0233  0.0000  0.0000  0.0000
 0.2652  0.0000  0.0128  0.4336  1.0000  0.0335  0.1195  0.1892  0.0629  0.7760  0.1241  0.0437  0.1478  0.1578  0.4109  0.5008  0.1593  0.1671  0.1589  0.0192  0.0000  0.0564  0.0000  0.0000  0.0000
 0.0221  0.0000  0.6102  0.0021  0.0041  0.0100  0.0028  0.0007  1.0000  0.0049  0.0550  0.0112  0.0027  0.0045  0.0026  0.0033  0.0049  0.0182  0.4052  0.0013  0.0000  0.0044  0.0000  0.0000  0.0000
 0.1173  0.0000  0.0017  0.0006  0.0013  0.0025  0.0007  0.0002  1.0000  0.0015  0.0143  0.0031  0.0008  0.0016  0.0009  0.0010  0.0015  0.0060  0.8952  0.0003  0.0000  0.0011  0.0000  0.0000  0.0000
 0.0452  0.0000  0.0038  0.0234  1.0000  0.0075  0.0287  0.0306  0.0164  0.3396  0.1097  0.0123  0.0387  0.0305  0.6830  0.5843  0.5884  0.0431  0.0225  0.0053  0.0000  0.0151  0.0000  0.0000  0.0000
 0.0066  0.0000  0.0006  0.0014  0.0092  0.0014  0.0048  0.0728  0.0028  0.5059  0.0066  0.0022  0.0066  0.0052  0.0156  1.0000  0.2634  0.0071  0.0037  0.0010  0.0000  0.0030  0.0000  0.0000  0.0000
 0.1255  0.0000  0.0250  0.9621  0.5401  0.0222  0.4280  0.1124  0.0151  0.6410  0.0308  0.0111  1.0000  0.0924  0.1219  0.0854  0.7270  0.1217  0.0250  0.0113  0.0000  0.0562  0.0000  0.0000  0.0000
 0.0658  0.0000  0.0016  0.0113  1.0000  0.0009  0.0100  0.0012  0.0011  0.0052  0.0023  0.0010  0.0030  0.0060  0.0058  0.0021  0.1880  0.0050  0.0034  0.0004  0.0000  0.0009  0.0000  0.0000  0.0000
 0.0013  0.0000  0.0003  0.0001  0.0003  0.0007  0.0002  0.0000  0.0559  0.0003  0.0038  0.0008  0.0002  0.0003  0.0002  0.0002  0.0003  0.0011  1.0000  0.0001  0.0000  0.0003  0.0000  0.0000  0.0000
 0.7547  0.0000  0.0197  0.3025  0.6619  0.0189  0.1055  0.0379  0.0463  0.1965  0.0637  0.0250  0.0948  0.1032  0.1698  1.0000  0.2068  0.4750  0.1017  0.0085  0.0000  0.0219  0.0000  0.0000  0.0000
 0.0054  0.0000  0.0018  0.0247  0.0076  0.0014  0.0191  0.9826  0.0009  0.0076  0.0019  0.0006  1.0000  0.0051  0.0050  0.0045  0.0133  0.0057  0.0014  0.0009  0.0000  0.0031  0.0000  0.0000  0.0000
 0.0718  0.0000  0.0154  0.0050  0.0118  0.0176  0.0039  0.0025  0.5792  0.0129  0.1023  0.0238  0.0070  0.0151  0.0082  0.0080  0.0145  1.0000  0.9974  0.0025  0.0000  0.0072  0.0000  0.0000  0.0000
 0.0077  0.0000  0.0020  0.0010  0.0020  0.6116  0.0017  0.0015  0.3275  0.0027  1.0000  0.0777  0.0019  0.0032  0.0039  0.0027  0.0023  0.0048  0.1168  0.0024  0.0000  0.0028  0.0000  0.0000  0.0000
 1.0000  0.0000  0.0814  0.0930  0.1896  0.0453  0.6199  0.0908  0.0676  0.7551  0.1546  0.0608  0.1537  0.2497  0.2502  0.7595  0.4772  0.2221  0.1670  0.0233  0.0000  0.0604  0.0000  0.0000  0.0000
 0.0000  0.0000  0.0000  0.0000  1.0000  0.0000  0.0000  0.0000  0.0000  0.0000  0.0000  0.0000  0.0000  0.0000  0.0000  0.0000  0.0000  0.0000  0.0000  0.0000  0.0000  0.0000  0.0000  0.0000  0.0000
 0.0958  0.0000  0.0238  0.0374  0.0640  0.1247  0.1005  0.0418  0.2252  0.2095  1.0000  0.1471  0.0485  0.0835  0.0933  0.7997  0.0521  0.0672  0.1419  0.0277  0.0000  0.0358  0.0000  0.0000  0.0000
 0.2028  0.0000  0.0155  0.1609  0.6369  0.0173  0.1114  0.0527  0.0545  0.4875  0.0957  0.0332  0.9280  0.0859  1.0000  0.7615  0.8209  0.3395  0.0810  0.0083  0.0000  0.0214  0.0000  0.0000  0.0000
 0.0017  0.0000  0.0005  0.0003  0.0005  0.0022  0.0007  0.0000  1.0000  0.0007  0.0116  0.2355  0.0004  0.0003  0.0002  0.0005  0.0007  0.0019  0.4055  0.0003  0.0000  0.0010  0.0000  0.0000  0.0000
 0.0013  0.0000  0.0003  0.0002  0.0003  0.0035  0.0003  0.0003  0.0065  0.0004  1.0000  0.3174  0.0003  0.0006  0.0007  0.0004  0.0004  0.0007  0.0036  0.0004  0.0000  0.0005  0.0000  0.0000  0.0000
 0.7431  0.0000  0.0497  0.4426  1.0000  0.0337  0.2627  0.0470  0.0887  0.2176  0.1091  0.0430  0.0995  0.1964  0.5247  0.0873  0.3379  0.1964  0.3376  0.0129  0.0000  0.0319  0.0000  0.0000  0.0000
 0.2050  0.0000  0.0181  0.0888  0.3004  0.0337  0.1907  0.1641  0.0742  1.0000  0.1678  0.0536  0.1739  0.1278  0.4136  0.8457  0.1793  0.2109  0.1021  0.0222  0.0000  0.0640  0.0000  0.0000  0.0000
 0.0879  0.0000  0.0146  0.0043  0.0111  0.0128  0.0019  0.0028  0.9193  0.0116  1.0000  0.0202  0.0064  0.0154  0.0084  0.0069  0.0803  0.5047  0.3249  0.0019  0.0000  0.0043  0.0000  0.0000  0.0000
 0.2167  0.0000  0.0081  0.4455  0.9910  0.0106  0.1253  0.0436  0.0091  0.0924  0.0180  0.0071  1.0000  0.0546  0.0939  0.0348  0.1397  0.0548  0.0170  0.0052  0.0000  0.0221  0.0000  0.0000  0.0000
 0.0219  0.0000  0.0555  0.0873  0.0257  0.0038  0.0631  1.0000  0.0025  0.0255  0.0047  0.0018  0.5380  0.0155  0.0171  0.0132  0.4157  0.0292  0.0044  0.0020  0.0000  0.0097  0.0000  0.0000  0.0000
 0.0115  0.0000  0.0018  0.0023  0.0022  0.0015  0.0086  0.0009  0.0031  0.0024  0.0041  0.0011  0.0015  1.0000  0.0016  0.0022  0.0054  0.0038  0.0815  0.0009  0.0000  0.0012  0.0000  0.0000  0.0000
 0.0000  0.0000  0.0000  0.0000  0.0000  1.0000  0.0000  0.0000  0.0000  0.0000  0.0000  0.0000  0.0000  0.0000  0.0000  0.0000  0.0000  0.0000  0.0000  0.0000  0.0000  0.0000  0.0000  0.0000  0.0000
 0.0036  0.0000  0.0009  0.0005  0.0009  0.0095  0.0008  0.0007  0.8721  0.0012  1.0000  0.0116  0.0009  0.0015  0.0018  0.0012  0.0010  0.0022  0.0119  0.0011  0.0000  0.0013  0.0000  0.0000  0.0000
 0.0103  0.0000  0.1730  0.0013  0.0017  0.0018  0.0032  0.0007  0.0090  0.0014  0.0067  0.0020  0.0011  0.0027  0.0013  0.0013  0.0026  0.0062  1.0000  0.0007  0.0000  0.0012  0.0000  0.0000  0.0000
 0.1670  0.0000  0.0263  0.3693  0.1129  0.0180  0.5379  0.0788  0.0111  0.1103  0.0246  0.0098  1.0000  0.3336  0.0740  0.0579  0.2511  0.0944  0.0269  0.0088  0.0000  0.0416  0.0000  0.0000  0.0000
 0.0000  0.0000  0.0000  0.0000  0.0000  0.0000  0.0000  0.0000  0.0000  0.0000  1.0000  0.0000  0.0000  0.0000  0.0000  0.0000  0.0000  0.0000  0.0000  0.0000  0.0000  0.0000  0.0000  0.0000  0.0000
 0.1274  0.0000  0.0124  0.0291  0.1773  0.0264  0.0942  0.1139  0.0539  1.0000  0.1278  0.0422  0.1395  0.1001  0.3005  0.7849  0.1069  0.1366  0.0715  0.1026  0.0000  0.0574  0.0000  0.0000  0.0000
 0.0014  0.0000  0.0007  0.0002  0.0004  1.0000  0.0002  0.0000  0.0030  0.0000  0.0073  0.0015  0.0000  0.0005  0.0000  0.0000  0.0010  0.0009  0.0028  0.0068  0.0000  0.9896  0.0000  0.0000  0.0000
 0.0120  0.0000  0.0005  0.0009  0.0006  0.0002  0.0016  0.0002  0.0006  0.0009  0.0006  0.0003  0.0014  0.0013  0.0007  0.0006  1.0000  0.0552  0.0011  0.0001  0.0000  0.0003  0.0000  0.0000  0.0000
 0.0000  0.0000  0.0000  0.0000  0.0000  1.0000  0.0000  0.0000  0.0000  0.0000  0.0000  0.0000  0.0000  0.0000  0.0000  0.0000  0.0000  0.0000  0.0000  0.0000  0.0000  0.0000  0.0000  0.0000  0.0000
 0.0000  0.0000  0.0000  0.0000  0.0000  0.0000  0.0000  0.0000  0.0000  0.0000  0.0000  0.0000  0.0000  0.0000  1.0000  0.0000  0.0000  0.0000  0.0000  0.0000  0.0000  0.0000  0.0000  0.0000  0.0000
 0.0277  0.0000  0.0061  1.0000  0.0152  0.0036  0.0278  0.0093  0.0074  0.0177  0.0075  0.0039  0.0902  0.0162  0.0130  0.0101  0.5485  0.5828  0.0116  0.0022  0.0000  0.0060  0.0000  0.0000  0.0000
 0.2038  0.0000  0.0229  0.2094  1.0000  0.0544  0.0559  0.0256  0.3278  0.1081  0.2852  0.0998  0.0433  0.6763  0.1196  0.0459  0.0775  0.1024  0.2175  0.0099  0.0000  0.0189  0.0000  0.0000  0.0000
 0.0341  0.0000  0.0015  0.1507  1.0000  0.0019  0.0291  0.0051  0.0027  0.0172  0.0045  0.0019  0.0163  0.0115  0.0200  0.0058  0.1021  0.2440  0.0052  0.0009  0.0000  0.0028  0.0000  0.0000  0.0000
 0.0651  0.0000  0.0029  1.0000  0.3630  0.0070  0.0520  0.0234  0.0079  0.4802  0.0152  0.0061  0.0747  0.0413  0.0837  0.0264  0.0520  0.0343  0.0147  0.0034  0.0000  0.2286  0.0000  0.0000  0.0000
 0.0029  0.0000  0.0008  0.0004  0.0008  0.0079  0.0006  0.0006  0.3697  0.0010  1.0000  0.6046  0.0007  0.0012  0.0015  0.0010  0.0008  0.0017  0.0084  0.0009  0.0000  0.0010  0.0000  0.0000  0.0000
 0.0010  0.0000  0.0005  0.0002  0.0003  0.6202  0.0002  0.0000  0.0022  0.0000  0.0053  0.0011  0.0000  0.0004  0.0000  0.0000  0.0007  0.0006  0.0020  0.0049  0.0000  1.0000  0.0000  0.0000  0.0000
 0.0071  0.0000  0.0018  0.0009  0.0018  0.4214  0.0014  0.0014  0.4170  0.0024  1.0000  0.9281  0.0017  0.0030  0.0037  0.0024  0.0020  0.0041  0.0199  0.0023  0.0000  0.0025  0.0000  0.0000  0.0000
 0.0007  0.0000  0.0002  0.0002  0.0002  0.0009  0.0109  0.0000  0.0524  0.0003  0.0046  0.0008  0.0002  0.0002  0.0001  0.0002  0.0004  0.0007  1.0000  0.0001  0.0000  0.0004  0.0000  0.0000  0.0000
 0.0188  0.0000  0.0040  0.0011  0.0031  0.0098  0.0007  0.0012  0.0361  0.0034  0.5295  0.0688  0.0019  0.0046  0.0033  0.0024  0.0033  0.4424  1.0000  0.0012  0.0000  0.0016  0.0000  0.0000  0.0000
 0.3478  0.0000  0.0081  1.0000  0.0194  0.0036  0.0528  0.0053  0.0038  0.0134  0.0081  0.0037  0.0258  0.0217  0.0101  0.0079  0.0860  0.0198  0.0130  0.0014  0.0000  0.0042  0.0000  0.0000  0.0000
 0.0083  0.0000  0.0041  0.0013  0.0021  0.6344  0.0014  0.0001  0.0196  0.0002  1.0000  0.0100  0.0001  0.0032  0.0003  0.0002  0.0055  0.0052  0.0170  0.0382  0.0000  0.6564  0.0000  0.0000  0.0000
 0.0109  0.0000  0.0027  0.0012  0.0025  0.0197  0.0018  0.0015  0.1069  0.0733  1.0000  0.8967  0.0021  0.0037  0.0039  0.0029  0.0028  0.0074  0.6975  0.0023  0.0000  0.0030  0.0000  0.0000  0.0000
 0.5695  0.0000  0.0909  0.7210  0.2592  0.1234  0.6569  0.1656  0.2025  0.2901  0.6186  0.1330  1.0000  0.2497  0.2003  0.1722  0.9631  0.7432  0.2083  0.0352  0.0000  0.1030  0.0000  0.0000  0.0000
 0.0000  0.0000  0.0000  0.0000  0.0000  0.0000  1.0000  0.0000  0.0000  0.0000  0.0000  0.0000  0.0000  0.0000  0.0000  0.0000  0.0000  0.0000  0.0000  0.0000  0.0000  0.0000  0.0000  0.0000  0.0000
 0.0000  0.0000  0.0000  0.0000  0.0000  0.0000  1.0000  0.0000  0.0000  0.0000  0.0000  0.0000  0.0000  0.0000  0.0000  0.0000  0.0000  0.0000  0.0000  0.0000  0.0000  0.0000  0.0000  0.0000  0.0000
 0.0090  0.0000  0.0002  0.9708  1.0000  0.0009  0.0040  0.0023  0.0011  0.0091  0.0020  0.0008  0.0045  0.0056  0.0117  0.0025  0.0048  0.0040  0.0021  0.0004  0.0000  0.0012  0.0000  0.0000  0.0000
 0.0009  0.0000  0.0002  0.0001  0.0002  0.0024  0.0002  0.0002  0.0439  0.0003  1.0000  0.0029  0.0002  0.0004  0.0005  0.0003  0.0002  0.0005  0.0024  0.0003  0.0000  0.0003  0.0000  0.0000  0.0000
 0.3783  0.0000  0.2029  0.3269  0.3026  0.5219  0.8348  0.2066  0.2362  0.7039  0.5375  0.1265  0.2519  0.4850  0.3241  1.0000  0.2552  0.2738  0.2590  0.1466  0.0000  0.1946  0.0000  0.0000  0.0000
 0.0131  0.0000  0.0046  0.0056  0.0071  0.3647  0.0087  0.4995  0.0107  0.0077  0.0185  0.0060  0.0082  0.0053  0.0076  0.0090  0.0104  0.0101  0.0132  0.5277  0.0000  1.0000  0.0000  0.0000  0.0000
 0.0000  0.0000  0.0000  0.0000  0.0000  0.0000  0.0000  1.0000  0.0000  0.0000  0.0000  0.0000  0.0000  0.0000  0.0000  0.0000  0.0000  0.0000  0.0000  0.0000  0.0000  0.0000  0.0000  0.0000  0.0000
 0.0012  0.0000  0.0003  0.0002  0.0003  0.0033  0.0003  0.0002  0.1764  0.0004  1.0000  0.0040  0.0003  0.0005  0.0006  0.0004  0.0003  0.0007  0.0035  0.0004  0.0000  0.0004  0.0000  0.0000  0.0000
 0.0150  0.0000  0.0016  0.0035  0.0039  0.0012  0.0087  0.0012  0.0021  0.0060  0.0165  0.0015  0.0038  0.0046  1.0000  0.0046  0.1863  0.0086  0.0037  0.0005  0.0000  0.0010  0.0000  0.0000  0.0000
 0.0140  0.0000  0.0013  0.0025  0.0196  0.0029  0.0099  0.0125  0.0060  0.8934  0.0142  0.0047  0.0136  0.0110  0.9580  1.0000  0.0115  0.0150  0.0080  0.0022  0.0000  0.0063  0.0000  0.0000  0.0000
 0.0537  0.0000  0.0081  0.3486  1.0000  0.0085  0.1982  0.0403  0.0058  0.4005  0.0121  0.0046  0.7498  0.0391  0.0593  0.0296  0.0993  0.0438  0.0104  0.0043  0.0000  0.0203  0.0000  0.0000  0.0000
 0.1957  0.0000  0.0248  0.0572  0.2293  0.0642  0.1437  0.1530  0.0813  1.0000  0.1796  0.0604  0.1666  0.1287  0.3551  0.8426  0.1556  0.1777  0.1159  0.0312  0.0000  0.1114  0.0000  0.0000  0.0000
 0.0621  0.0000  0.2006  0.0111  0.0864  0.0129  0.0441  0.2512  0.0265  0.5538  0.0629  0.0208  0.0606  0.0488  0.2334  1.0000  0.0509  0.0666  0.0352  0.0098  0.0000  0.0280  0.0000  0.0000  0.0000
 0.0008  0.0000  0.0004  0.0002  0.0002  1.0000  0.0003  0.0001  0.0015  0.0001  0.0036  0.0008  0.0001  0.0003  0.0001  0.0001  0.0005  0.0005  0.0410  0.0025  0.0000  0.0101  0.0000  0.0000  0.0000
 0.7207  0.0000  0.0510  0.8788  1.0000  0.0480  0.3628  0.1271  0.1785  0.9536  0.3054  0.1010  0.5091  0.2619  0.7876  0.5001  0.7769  0.8754  0.2830  0.0165  0.0000  0.0368  0.0000  0.0000  0.0000
 0.0935  0.0000  0.0165  0.0365  1.0000  0.0102  0.0052  0.0062  0.2240  0.0265  0.0622  0.0189  0.0110  0.0247  0.0603  0.0120  0.0196  0.0783  0.2750  0.0021  0.0000  0.0044  0.0000  0.0000  0.0000
 0.5106  0.0000  0.0294  1.0000  0.9326  0.0318  0.5333  0.1262  0.0464  0.3812  0.0821  0.0299  0.8898  0.1818  0.2672  0.1612  0.3764  0.2086  0.0755  0.0146  0.0000  0.0756  0.0000  0.0000  0.0000
 0.4728  0.0000  0.0286  0.0431  0.0358  0.0132  0.0953  0.0141  0.0300  0.0630  0.0363  0.0181  0.0705  0.0721  0.0392  1.0000  0.3565  0.8851  0.0598  0.0073  0.0000  0.0140  0.0000  0.0000  0.0000
 0.8137  0.0000  0.0201  0.0131  0.0173  0.0082  0.0911  0.0035  0.0265  0.0187  0.0289  0.0114  0.0120  0.0448  0.0131  0.0130  0.2686  0.0454  1.0000  0.0026  0.0000  0.0054  0.0000  0.0000  0.0000
 0.0032  0.0000  0.0003  0.0006  0.0044  0.0007  0.0024  0.0028  0.0014  1.0000  0.0032  0.0010  0.0031  0.0026  0.0074  0.9325  0.0026  0.0034  0.0018  0.0005  0.0000  0.0014  0.0000  0.0000  0.0000
 0.0021  0.0000  0.0010  0.0003  0.0005  1.0000  0.0003  0.0000  0.0050  0.0001  0.5612  0.0026  0.0000  0.0008  0.0001  0.0001  0.0014  0.0013  0.0043  0.0096  0.0000  0.0987  0.0000  0.0000  0.0000
 0.0036  0.0000  0.0012  0.0026  0.0021  0.1922  0.0031  0.0034  0.0031  0.0023  0.0061  0.0018  0.0173  0.0016  0.0021  0.0024  0.0033  0.0028  0.0035  0.2080  0.0000  1.0000  0.0000  0.0000  0.0000
 0.0786  0.0000  0.0034  0.0029  0.0031  0.0110  0.0685  0.0005  1.0000  0.0044  0.0563  0.2083  0.0034  0.0044  0.0020  0.0035  0.0119  0.3004  0.2081  0.0015  0.0000  0.0054  0.0000  0.0000  0.0000
 1.0000  0.0000  0.5127  0.0051  0.0057  0.0029  0.0351  0.0014  0.0035  0.0059  0.0067  0.0030  0.0042  0.0155  0.0043  0.0046  0.0310  0.0112  0.0116  0.0012  0.0000  0.0024  0.0000  0.0000  0.0000
 0.0000  0.0000  0.0000  0.0000  1.0000  0.0000  0.0000  0.0000  0.0000  0.0000  0.0000  0.0000  0.0000  0.0000  0.0000  0.0000  0.0000  0.0000  0.0000  0.0000  0.0000  0.0000  0.0000  0.0000  0.0000
 0.0010  0.0000  0.0003  0.0001  0.0003  0.0027  0.0002  0.0002  0.0474  0.0003  1.0000  0.0809  0.0002  0.0004  0.0005  0.0003  0.0003  0.0006  0.0028  0.0003  0.0000  0.0003  0.0000  0.0000  0.0000
 0.1352  0.0000  0.0159  0.0119  0.0143  0.0792  0.0930  0.0019  1.0000  0.0212  0.4964  0.0795  0.0142  0.0135  0.0095  0.0178  0.0289  0.0506  0.8989  0.0097  0.0000  0.0315  0.0000  0.0000  0.0000
 0.0206  0.0000  0.5514  0.0023  0.0049  0.0481  0.0036  0.0037  0.0923  0.0064  1.0000  0.2303  0.0045  0.0081  0.0095  0.0063  0.0054  0.0122  0.0720  0.0057  0.0000  0.0061  0.0000  0.0000  0.0000
 1.0000  0.0000  0.0008  0.0006  0.0007  0.0003  0.0044  0.0001  0.0004  0.0008  0.0008  0.0004  0.0005  0.0020  0.0005  0.0006  0.0281  0.0014  0.0013  0.0001  0.0000  0.0002  0.0000  0.0000  0.0000
 0.0009  0.0000  0.0002  0.0001  0.0002  0.0023  0.0002  0.0002  0.0398  0.0003  1.0000  0.0029  0.0002  0.0004  0.0004  0.0003  0.0002  0.0005  0.0024  0.0003  0.0000  0.0003  0.0000  0.0000  0.0000
 0.0235  0.0000  0.0005  0.6357  1.0000  0.0022  0.1002  0.0063  0.0028  0.0247  0.0053  0.0022  0.0138  0.0143  0.4704  0.3492  0.0135  0.0108  0.0054  0.0010  0.0000  0.0032  0.0000  0.0000  0.0000
 0.1969  0.0000  0.4688  0.2588  0.1150  0.1014  0.3559  0.6327  0.0768  0.1023  0.1234  0.0413  0.2632  0.1116  0.0912  0.1215  0.1805  0.1314  0.1114  0.0558  0.0000  1.0000  0.0000  0.0000  0.0000
 0.0014  0.0000  0.0003  0.0002  0.0003  0.0035  0.0003  0.0003  0.1780  0.0005  1.0000  0.0043  0.0003  0.0006  0.0007  0.0004  0.0075  0.0008  0.0040  0.0004  0.0000  0.0005  0.0000  0.0000  0.0000
 0.0057  0.0000  0.0006  0.0019  0.0081  0.0012  0.0045  1.0000  0.0024  0.0383  0.0056  0.0018  0.0061  0.0045  0.3842  0.1989  0.0049  0.0060  0.0031  0.0009  0.0000  0.0025  0.0000  0.0000  0.0000
 0.5504  0.0000  0.0391  0.5691  0.8680  0.0366  0.6501  0.0902  0.1359  0.7273  0.2730  0.0770  0.4456  0.2008  0.4554  0.5087  1.0000  0.4179  0.2073  0.0127  0.0000  0.0286  0.0000  0.0000  0.0000
 0.5262  0.0000  0.1723  0.2133  0.3228  0.7344  0.3509  0.5946  0.3919  0.6009  0.6602  0.2239  0.3547  0.2295  0.4629  0.5968  0.4308  0.4199  0.5008  0.1823  0.0000  1.0000  0.0000  0.0000  0.0000
 0.1396  0.0000  0.0329  0.9385  0.2071  0.0282  0.7904  0.4111  0.0152  0.4287  0.0334  0.0119  1.0000  0.1116  0.1360  0.2604  0.4109  0.1476  0.0249  0.0146  0.0000  0.0749  0.0000  0.0000  0.0000
 0.0009  0.0000  0.0003  0.0002  0.0003  0.0012  0.0004  0.0000  1.0000  0.0004  0.0063  0.0011  0.0002  0.0002  0.0001  0.0003  0.0004  0.0011  0.3926  0.0001  0.0000  0.0006  0.0000  0.0000  0.0000
 0.0011  0.0000  0.0003  0.0002  0.0003  0.0013  0.0004  0.0000  1.0000  0.0004  0.0071  0.0013  0.0003  0.0002  0.0001  0.0003  0.0004  0.0012  0.4914  0.0002  0.0000  0.0006  0.0000  0.0000  0.0000
 0.0115  0.0000  0.0128  0.0207  0.0106  0.0082  0.0374  0.9932  0.0070  0.0094  0.0116  0.0032  0.0164  0.0153  0.0081  0.0131  0.0099  0.0102  0.0092  0.0066  0.0000  1.0000  0.0000  0.0000  0.0000
 0.0000  0.0000  0.0000  0.0000  0.0000  0.0000  0.0000  0.0000  0.0000  0.0000  0.0000  0.0000  0.0000  0.0000  0.0000  1.0000  0.0000  0.0000  0.0000  0.0000  0.0000  0.0000  0.0000  0.0000  0.0000
 0.0000  0.0000  0.0000  1.0000  0.0000  0.0000  0.0000  0.0000  0.0000  0.0000  0.0000  0.0000  0.0000  0.0000  0.0000  0.0000  0.0000  0.0000  0.0000  0.0000  0.0000  0.0000  0.0000  0.0000  0.0000
 0.0025  0.0000  0.0007  0.0004  0.0007  0.0057  0.0007  0.0004  0.2416  0.0009  1.0000  0.1769  0.0006  0.0009  0.0010  0.0008  0.0008  0.0019  0.2667  0.0007  0.0000  0.0011  0.0000  0.0000  0.0000
 0.0000  0.0000  0.0000  0.0000  0.0000  0.0000  0.0000  0.0000  0.0000  1.0000  0.0000  0.0000  0.0000  0.0000  0.0000  0.0000  0.0000  0.0000  0.0000  0.0000  0.0000  0.0000  0.0000  0.0000  0.0000
 0.0000  0.0000  0.0000  0.0000  0.0000  0.0000  0.0000  0.0000  0.0000  0.0000  0.0000  0.0000  0.0000  1.0000  0.0000  0.0000  0.0000  0.0000  0.0000  0.0000  0.0000  0.0000  0.0000  0.0000  0.0000
 0.0090  0.0000  0.0002  0.9708  1.0000  0.0009  0.0040  0.0023  0.0011  0.0091  0.0020  0.0008  0.0045  0.0056  0.0117  0.0025  0.0048  0.0040  0.0021  0.0004  0.0000  0.0012  0.0000  0.0000  0.0000
 0.0000  0.0000  0.0000  0.0000  0.0000  0.0000  0.0000  0.0000  0.0000  0.0000  0.0000  0.0000  1.0000  0.0000  0.0000  0.0000  0.0000  0.0000  0.0000  0.0000  0.0000  0.0000  0.0000  0.0000  0.0000
 0.0008  0.0000  0.0003  0.0002  0.0003  0.0015  0.0004  0.0000  1.0000  0.0004  0.0577  0.0516  0.0003  0.0002  0.0002  0.0003  0.0004  0.0010  0.2356  0.0002  0.0000  0.0006  0.0000  0.0000  0.0000
 0.0000  0.0000  0.0000  0.0000  0.0000  0.0000  0.0000  0.0000  0.0000  0.0000  1.0000  0.0000  0.0000  0.0000  0.0000  0.0000  0.0000  0.0000  0.0000  0.0000  0.0000  0.0000  0.0000  0.0000  0.0000
 0.0000  0.0000  0.0000  0.0000  0.0000  0.0000  0.0000  0.0000  0.0000  0.0000  1.0000  0.0000  0.0000  0.0000  0.0000  0.0000  0.0000  0.0000  0.0000  0.0000  0.0000  0.0000  0.0000  0.0000  0.0000
 0.0021  0.0000  0.0006  1.0000  0.0028  0.0004  0.0041  0.0011  0.0004  0.0017  0.0007  0.0002  0.0047  0.0016  0.0013  0.0011  0.0034  0.0421  0.0007  0.0003  0.0000  0.0007  0.0000  0.0000  0.0000
 0.7021  0.0000  0.0670  0.8877  1.0000  0.0596  0.6157  0.1633  0.0536  0.3228  0.0994  0.0412  0.7568  0.2480  0.2860  0.1525  0.6862  0.3446  0.1171  0.0257  0.0000  0.2358  0.0000  0.0000  0.0000
 0.4926  0.0000  0.0352  0.4800  1.0000  0.0332  0.2553  0.6873  0.1215  0.7171  0.1966  0.0690  0.8522  0.1809  0.8252  0.4474  0.5771  0.8503  0.1854  0.0116  0.0000  0.0267  0.0000  0.0000  0.0000
 0.0000  0.0000  0.0000  0.0000  0.0000  0.0000  1.0000  0.0000  0.0000  0.0000  0.0000  0.0000  0.0000  0.0000  0.0000  0.0000  0.0000  0.0000  0.0000  0.0000  0.0000  0.0000  0.0000  0.0000  0.0000
 0.0000  0.0000  0.0000  0.0000  0.0000  0.0000  0.0000  1.0000  0.0000  0.0000  0.0000  0.0000  0.0000  0.0000  0.0000  0.0000  0.0000  0.0000  0.0000  0.0000  0.0000  0.0000  0.0000  0.0000  0.0000
 0.1518  0.0000  0.0020  0.0007  0.0016  0.0029  0.0008  0.0003  1.0000  0.0018  0.0167  0.0036  0.0010  0.0019  0.0011  0.0012  0.0018  0.0072  0.9725  0.0004  0.0000  0.0013  0.0000  0.0000  0.0000
 1.0000  0.0000  0.0995  0.0818  0.0795  0.0346  0.4555  0.1984  0.0509  0.0869  0.0903  0.0397  0.0763  0.2019  0.0598  0.0639  0.4124  0.1554  0.1610  0.0134  0.0000  0.0286  0.0000  0.0000  0.0000
 0.0019  0.0000  0.0005  0.0002  0.0005  0.0050  0.0004  0.0004  0.3175  0.0006  1.0000  0.0579  0.0005  0.0008  0.0010  0.0006  0.0005  0.0203  0.0057  0.0006  0.0000  0.0006  0.0000  0.0000  0.0000
 0.3661  0.0000  1.0000  0.0048  0.0050  0.0022  0.0236  0.0013  0.0057  0.0059  0.0068  0.0030  0.0059  0.0126  0.0042  0.0040  0.0343  0.8631  0.0144  0.0009  0.0000  0.0017  0.0000  0.0000  0.0000
 0.0000  0.0000  0.0000  1.0000  0.0000  0.0000  0.0000  0.0000  0.0000  0.0000  0.0000  0.0000  0.0000  0.0000  0.0000  0.0000  0.0000  0.0000  0.0000  0.0000  0.0000  0.0000  0.0000  0.0000  0.0000
 0.0000  0.0000  0.0000  0.0000  0.0000  1.0000  0.0000  0.0000  0.0000  0.0000  0.0000  0.0000  0.0000  0.0000  0.0000  0.0000  0.0000  0.0000  0.0000  0.0000  0.0000  0.0000  0.0000  0.0000  0.0000
 0.0122  0.0000  0.0028  0.0387  0.0119  0.0022  0.9926  0.0085  0.0014  0.0116  0.0030  0.0010  1.0000  0.0087  0.0078  0.0066  0.0225  0.0091  0.0025  0.0014  0.0000  0.0047  0.0000  0.0000  0.0000
 0.0031  0.0000  0.0010  0.0007  0.0009  0.0055  0.0013  0.0002  0.7333  0.0013  1.0000  0.0058  0.0009  0.0007  0.0007  0.0011  0.0012  0.0032  0.3366  0.0007  0.0000  0.0019  0.0000  0.0000  0.0000
 1.0000  0.0000  0.5207  0.0053  0.0062  0.0027  0.0391  0.0012  0.0032  0.0068  0.0068  0.0032  0.0046  0.0175  0.0047  0.0049  0.4542  0.0134  0.0117  0.0010  0.0000  0.0020  0.0000  0.0000  0.0000
 0.3001  0.0000  0.0193  0.0346  0.0251  0.0093  0.0480  0.0105  0.0238  1.0000  0.0252  0.0131  0.0596  0.0483  0.0282  0.0278  0.5441  0.8218  0.0423  0.0056  0.0000  0.0103  0.0000  0.0000  0.0000
 0.2011  0.0000  0.0459  0.1199  0.0921  0.1613  0.0358  0.0265  0.9748  0.0644  0.8574  0.2102  0.0813  0.0545  0.0546  0.0469  0.0600  0.1537  1.0000  0.0223  0.0000  0.0598  0.0000  0.0000  0.0000
 0.0065  0.0000  0.0018  0.0011  0.0019  0.1863  0.0019  0.0018  0.1872  0.0025  1.0000  0.4790  0.0227  0.0026  0.0032  0.0025  0.0024  0.0045  0.2173  0.0020  0.0000  0.1320  0.0000  0.0000  0.0000
 0.2569  0.0000  0.0142  0.1655  0.2926  0.0134  0.1561  0.0329  0.0498  1.0000  0.0806  0.0487  0.1315  0.2838  0.2342  0.3536  0.3193  0.6114  0.0758  0.0047  0.0000  0.0104  0.0000  0.0000  0.0000
 0.5493  0.0000  0.0318  1.0000  0.9752  0.0344  0.4417  0.0866  0.1150  0.9124  0.1883  0.0667  0.3144  0.4973  0.5362  0.4235  0.4527  0.3564  0.1779  0.0128  0.0000  0.0304  0.0000  0.0000  0.0000
 0.3262  0.0000  0.0477  0.9054  0.5932  0.0410  0.6852  0.1811  0.0489  0.3687  0.0861  0.0318  1.0000  0.1828  0.2595  0.1893  0.5813  0.3378  0.0803  0.0199  0.0000  0.0894  0.0000  0.0000  0.0000
 0.1424  0.0000  0.0030  1.0000  0.7317  0.0060  0.0323  0.0154  0.0136  0.4254  0.0232  0.0582  0.0393  0.0373  0.2196  0.0358  0.0545  0.4352  0.0227  0.0025  0.0000  0.0067  0.0000  0.0000  0.0000
 0.1006  0.0000  0.0096  0.0181  0.1400  0.0209  0.0709  0.0984  0.0429  0.8563  0.1784  0.0335  0.0972  0.2503  0.3425  1.0000  0.0826  0.3488  0.0569  0.0157  0.0000  0.0451  0.0000  0.0000  0.0000
 0.5559  0.0000  0.0449  0.0108  0.0336  0.0304  0.0015  0.0087  0.4561  0.0337  0.4583  0.0553  0.0162  0.0476  0.0257  0.0192  0.0340  1.0000  0.5616  0.0047  0.0000  0.0084  0.0000  0.0000  0.0000
 0.0427  0.0000  0.0087  0.0608  0.0220  0.0051  0.1212  0.0138  0.0097  0.0255  0.0104  0.0053  1.0000  0.0233  0.0184  0.0145  0.3034  0.9556  0.0159  0.0030  0.0000  0.0087  0.0000  0.0000  0.0000
 0.1136  0.0000  0.0010  0.0019  0.0013  0.0005  0.0024  0.0005  0.0013  0.0018  0.0013  0.0007  0.0033  0.0026  0.0014  0.0012  0.4539  1.0000  0.0023  0.0003  0.0000  0.0005  0.0000  0.0000  0.0000
 0.0505  0.0000  0.0129  0.0061  0.0126  1.0000  0.0099  0.0093  0.3178  0.2752  0.8250  0.4719  0.0118  0.0200  0.0239  0.0163  0.0140  0.0311  0.3008  0.0145  0.0000  0.0168  0.0000  0.0000  0.0000
 0.6658  0.0000  1.0000  0.0033  0.0038  0.0016  0.0241  0.0007  0.0020  0.0042  0.0042  0.0020  0.0029  0.0108  0.0029  0.0030  0.3925  0.0083  0.0072  0.0006  0.0000  0.0013  0.0000  0.0000  0.0000
 0.0000  0.0000  0.0000  0.0000  0.0000  0.0000  1.0000  0.0000  0.0000  0.0000  0.0000  0.0000  0.0000  0.0000  0.0000  0.0000  0.0000  0.0000  0.0000  0.0000  0.0000  0.0000  0.0000  0.0000  0.0000
 0.0000  0.0000  0.0000  0.0000  0.0000  0.0000  0.0000  0.0000  0.0000  0.0000  0.0000  0.0000  0.0000  0.0000  0.0000  0.0000  0.0000  1.0000  0.0000  0.0000  0.0000  0.0000  0.0000  0.0000  0.0000
 0.3417  0.0000  0.0470  0.0753  0.2144  0.0604  0.1623  0.1208  0.1575  1.0000  0.3406  0.0886  0.1931  0.2627  0.3223  0.7318  0.4216  0.6176  0.2330  0.0284  0.0000  0.0697  0.0000  0.0000  0.0000
 0.4971  0.0000  0.0279  0.3152  1.0000  0.0198  0.1877  0.0306  0.0258  0.1359  0.0504  0.0220  0.0620  0.3977  0.1601  0.0489  0.1886  0.0938  0.0709  0.0083  0.0000  0.0209  0.0000  0.0000  0.0000
 0.0000  0.0000  0.0000  0.0000  0.0000  0.0000  0.0000  0.0000  0.0000  0.0000  0.0000  0.0000  0.0000  0.0000  0.0000  0.0000  0.0000  0.0000  0.0000  0.0000  0.0000  1.0000  0.0000  0.0000  0.0000
 0.0018  0.0000  0.0005  0.0002  0.0005  0.0050  0.0004  0.0004  0.0549  0.0006  1.0000  0.5560  0.0005  0.0008  0.0010  0.0006  0.0005  0.0011  0.0051  0.0006  0.0000  0.0006  0.0000  0.0000  0.0000
 1.0000  0.0000  0.0008  0.0006  0.0007  0.0003  0.0043  0.0001  0.0003  0.0008  0.0007  0.0003  0.0005  0.0019  0.0005  0.0005  0.0143  0.0014  0.0013  0.0001  0.0000  0.0002  0.0000  0.0000  0.0000
 0.0000  0.0000  0.0000  0.0000  0.0000  0.0000  0.0000  0.0000  0.0000  0.0000  0.0000  0.0000  0.0000  1.0000  0.0000  0.0000  0.0000  0.0000  0.0000  0.0000  0.0000  0.0000  0.0000  0.0000  0.0000
 0.0000  0.0000  0.0000  0.0000  1.0000  0.0000  0.0000  0.0000  0.0000  0.0000  0.0000  0.0000  0.0000  0.0000  0.0000  0.0000  0.0000  0.0000  0.0000  0.0000  0.0000  0.0000  0.0000  0.0000  0.0000
 0.0033  0.0000  0.0010  0.0006  0.0009  0.0061  0.0012  0.0003  0.3248  0.0013  0.5153  0.3146  0.0009  0.0009  0.0009  0.0011  0.0012  0.0031  1.0000  0.0007  0.0000  0.0018  0.0000  0.0000  0.0000
 0.0073  0.0000  0.0036  0.0011  0.0018  0.8273  0.0012  0.0001  0.0174  0.0002  1.0000  0.0090  0.0001  0.0028  0.0003  0.0002  0.0049  0.0046  0.0151  0.0335  0.0000  0.4176  0.0000  0.0000  0.0000
 0.6365  0.0000  0.1968  0.3236  0.4738  0.6739  0.3906  0.6287  0.4116  0.4682  1.0000  0.2646  0.4396  0.2527  0.5052  0.4400  0.6190  0.5463  0.5353  0.1785  0.0000  0.9540  0.0000  0.0000  0.0000
 0.3142  0.0000  0.0455  0.4168  0.1179  0.0248  0.0988  0.0344  0.0711  0.1365  0.0741  0.0364  0.2174  0.1477  0.0988  0.0821  1.0000  0.9628  0.2041  0.0147  0.0000  0.0282  0.0000  0.0000  0.0000
 0.2554  0.0000  0.0087  0.4319  1.0000  0.0096  0.0687  0.0244  0.0311  0.1640  0.0508  0.0181  0.3248  0.0545  0.1775  0.4796  0.1247  0.1778  0.0483  0.0036  0.0000  0.0088  0.0000  0.0000  0.0000
 0.1910  0.0000  0.0511  0.0944  0.4202  0.0295  0.2440  0.1164  0.0668  1.0000  0.1452  0.0486  0.1675  0.1191  0.4326  0.7947  0.1677  0.1785  0.0925  0.0200  0.0000  0.0570  0.0000  0.0000  0.0000
 0.0194  0.0000  0.0018  0.0172  0.1013  0.0011  1.0000  0.0027  0.0012  0.0073  0.0025  0.0011  0.0112  0.0471  0.0387  0.0035  0.0279  0.0056  0.0033  0.0005  0.0000  0.0016  0.0000  0.0000  0.0000
 0.8518  0.0000  0.0604  0.6242  1.0000  0.0806  0.5022  0.1982  0.2431  0.9515  0.3424  0.1388  0.6058  0.3594  0.6682  0.5305  0.7711  0.6844  0.3025  0.0252  0.0000  0.0823  0.0000  0.0000  0.0000
 0.0069  0.0000  0.0226  0.0017  0.0011  0.0009  1.0000  0.0007  0.0008  0.0007  0.0013  0.0005  0.0013  0.0022  0.0008  0.0011  0.0035  0.0017  0.0017  0.0006  0.0000  0.0010  0.0000  0.0000  0.0000
 0.0000  0.0000  0.0000  0.0000  0.0000  0.0000  0.0000  0.0000  0.0000  0.0000  0.0000  0.0000  0.0000  0.0000  0.0000  0.0000  0.0000  0.0000  0.0000  0.0000  0.0000  1.0000  0.0000  0.0000  0.0000
 0.1031  0.0000  0.0239  0.3551  0.1049  0.0186  0.3853  0.0747  0.0193  0.1071  0.0266  0.0116  0.4991  0.0719  0.0907  0.0567  0.9569  1.0000  0.0307  0.0098  0.0000  0.2819  0.0000  0.0000  0.0000
 0.5701  0.0000  0.1119  0.2077  0.3145  0.3570  0.3924  0.3287  0.2734  1.0000  0.5597  0.1707  0.3519  0.2433  0.4232  0.8520  0.4173  0.3546  0.3440  0.0991  0.0000  0.4607  0.0000  0.0000  0.0000
 0.8548  0.0000  0.0543  0.5135  1.0000  0.0539  0.3161  0.1069  0.1894  0.7553  0.2969  0.2545  0.4091  0.3088  0.5135  0.4285  0.6747  0.6386  0.3191  0.0176  0.0000  0.0462  0.0000  0.0000  0.0000
 0.0000  0.0000  0.0000  0.0000  0.0000  0.0000  0.0000  0.0000  0.0000  0.0000  0.0000  0.0000  0.0000  0.0000  0.0000  0.0000  0.0000  0.0000  1.0000  0.0000  0.0000  0.0000  0.0000  0.0000  0.0000
 0.0000  0.0000  0.0000  1.0000  0.0000  0.0000  0.0000  0.0000  0.0000  0.0000  0.0000  0.0000  0.0000  0.0000  0.0000  0.0000  0.0000  0.0000  0.0000  0.0000  0.0000  0.0000  0.0000  0.0000  0.0000
 0.0009  0.0000  0.0005  0.0002  0.0003  0.3321  0.0003  0.0000  0.0020  0.0000  0.0048  0.0010  0.0000  0.0004  0.0000  0.0000  0.0007  0.0006  0.0019  1.0000  0.0000  0.0181  0.0000  0.0000  0.0000
 0.0000  0.0000  0.0000  0.0000  0.0000  0.0000  0.0000  0.0000  0.0000  0.0000  0.0000  0.0000  0.0000  0.0000  0.0000  0.0000  0.0000  0.0000  0.0000  1.0000  0.0000  0.0000  0.0000  0.0000  0.0000
 0.0076  0.0000  0.0011  0.0022  0.0014  0.0005  0.0560  0.0006  0.0012  0.0019  0.0013  0.0007  0.0034  0.0028  0.0014  0.0012  1.0000  0.3412  0.0023  0.0003  0.0000  0.0006  0.0000  0.0000  0.0000
 0.0012  0.0000  0.0003  0.0002  0.0003  0.0458  0.0002  0.0002  0.0062  0.0004  1.0000  0.0040  0.0003  0.0005  0.0006  0.0004  0.0004  0.0007  0.0809  0.0005  0.0000  0.0008  0.0000  0.0000  0.0000
 0.0000  0.0000  0.0000  0.0000  0.0000  0.0000  1.0000  0.0000  0.0000  0.0000  0.0000  0.0000  0.0000  0.0000  0.0000  0.0000  0.0000  0.0000  0.0000  0.0000  0.0000  0.0000  0.0000  0.0000  0.0000
 0.0015  0.0000  0.0004  0.0002  0.0003  0.0013  0.0004  0.0000  0.1333  0.0005  0.0530  0.0014  0.0003  0.0003  0.0002  0.0004  0.0460  0.0014  1.0000  0.0002  0.0000  0.0006  0.0000  0.0000  0.0000
 0.0244  0.0000  0.0640  0.0028  0.0053  0.0422  0.0040  0.0035  0.0844  0.0068  1.0000  0.1593  0.0052  0.0088  0.0092  0.0062  0.0099  0.6099  0.0582  0.0051  0.0000  0.0057  0.0000  0.0000  0.0000
 0.1886  0.0000  0.0360  0.0126  0.0307  0.1961  0.0172  0.0157  0.4152  0.0355  1.0000  0.2189  0.0218  0.0478  0.0419  0.0289  0.0357  0.1056  0.4117  0.0241  0.0000  0.0387  0.0000  0.0000  0.0000
 0.0007  0.0000  0.0004  0.0001  0.0002  0.3020  0.0001  0.0000  0.0015  0.0000  0.0036  0.0007  0.0000  0.0003  0.0000  0.0000  0.0005  0.0004  0.0014  0.0034  0.0000  1.0000  0.0000  0.0000  0.0000
 0.0000  0.0000  0.0000  0.0000  1.0000  0.0000  0.0000  0.0000  0.0000  0.0000  0.0000  0.0000  0.0000  0.0000  0.0000  0.0000  0.0000  0.0000  0.0000  0.0000  0.0000  0.0000  0.0000  0.0000  0.0000
 0.0102  0.0000  0.2674  0.0012  0.0025  0.0263  0.0021  0.0020  0.0489  0.0034  0.7087  1.0000  0.0024  0.0042  0.0051  0.0033  0.0029  0.0058  0.0273  0.0031  0.0000  0.0035  0.0000  0.0000  0.0000
 0.0082  0.0000  0.3384  0.0010  0.0021  0.0213  0.0016  0.0016  0.2792  0.0027  1.0000  0.0701  0.0020  0.0034  0.0041  0.0027  0.0023  0.0048  0.0233  0.0025  0.0000  0.0027  0.0000  0.0000  0.0000
 0.4377  0.0000  0.0892  0.1528  0.1842  0.0673  0.2250  0.1167  0.1207  0.6124  0.1735  0.0697  0.2831  0.2010  0.2560  0.5268  0.7895  1.0000  0.1988  0.0337  0.0000  0.1097  0.0000  0.0000  0.0000
 0.0565  0.0000  0.0025  0.0071  0.0036  0.0011  1.0000  0.0015  0.0011  0.0038  0.0507  0.0011  0.1923  0.0064  0.0025  0.0024  0.0142  0.0050  0.0038  0.0004  0.0000  0.0012  0.0000  0.0000  0.0000
 0.1361  0.0000  0.0135  0.0234  0.1854  0.0352  0.0949  0.1191  0.0711  1.0000  0.2937  0.0539  0.1294  0.1058  0.3169  0.8706  0.1096  0.1441  0.0833  0.1827  0.0000  0.0608  0.0000  0.0000  0.0000
 0.6881  0.0000  0.0701  0.1183  0.1419  0.0375  0.4073  0.0647  0.0559  0.3945  0.1147  0.0463  0.1605  0.5888  0.1639  1.0000  0.7665  0.2987  0.1372  0.0198  0.0000  0.0464  0.0000  0.0000  0.0000
 0.0000  0.0000  0.0000  0.0000  0.0000  0.0000  0.0000  0.0000  0.0000  0.0000  0.0000  0.0000  0.0000  1.0000  0.0000  0.0000  0.0000  0.0000  0.0000  0.0000  0.0000  0.0000  0.0000  0.0000  0.0000
 0.0009  0.0000  0.0005  0.0001  0.0002  1.0000  0.0002  0.0000  0.0019  0.0000  0.0047  0.0009  0.0000  0.0003  0.0000  0.0000  0.0006  0.0006  0.0018  0.0044  0.0000  0.5011  0.0000  0.0000  0.0000
 0.1793  0.0000  0.0084  0.5767  1.0000  0.0204  0.1463  0.1251  0.0217  0.1916  0.0410  0.0165  0.2111  0.1135  0.2277  0.0604  0.1452  0.0939  0.0405  0.0095  0.0000  0.2322  0.0000  0.0000  0.0000
 0.6958  0.0000  0.1004  0.9500  0.4316  0.0746  0.9189  0.1991  0.1441  0.3205  0.1571  0.0499  1.0000  0.3031  0.2306  0.1814  0.7077  0.2925  0.1917  0.0375  0.0000  0.1202  0.0000  0.0000  0.0000
 0.0453  0.0000  0.0051  0.0105  0.0581  0.0148  0.0327  0.6555  0.0281  0.2844  0.1876  0.0204  0.0425  0.0342  0.0972  1.0000  0.0362  0.0461  0.0301  0.0074  0.0000  0.0204  0.0000  0.0000  0.0000
 0.1014  0.0000  0.0018  0.0017  0.0017  0.0007  0.0099  0.0004  0.0009  0.0019  0.0018  0.0008  0.0016  0.0046  0.0013  0.0014  1.0000  0.0049  0.0031  0.0003  0.0000  0.0006  0.0000  0.0000  0.0000
 1.0000  0.0000  0.0496  0.0880  0.0751  0.0226  0.2345  0.0220  0.0472  0.0834  0.0630  0.0282  0.3169  0.1235  0.3645  0.0551  0.8011  0.3087  0.2137  0.0096  0.0000  0.0220  0.0000  0.0000  0.0000
 0.0495  0.0000  0.0015  0.3041  1.0000  0.0048  0.0290  0.0146  0.0059  0.0512  0.0110  0.0045  0.1431  0.0305  0.1204  0.0149  0.0336  0.4405  0.0113  0.0023  0.0000  0.0074  0.0000  0.0000  0.0000
 0.7476  0.0000  0.0475  1.0000  0.5801  0.0364  0.2447  0.0795  0.1174  0.4873  0.1705  0.0650  0.7654  0.4282  0.3216  0.2741  0.9802  0.7804  0.3193  0.0158  0.0000  0.0357  0.0000  0.0000  0.0000
 0.3283  0.0000  0.0592  0.0175  0.0452  0.0371  0.0051  0.0117  0.6166  0.0466  0.4903  0.0673  0.0270  0.0642  0.0344  0.0267  0.2543  1.0000  0.9652  0.0063  0.0000  0.0128  0.0000  0.0000  0.0000
 0.1805  0.0000  0.0137  0.4801  0.5119  0.0139  0.1210  0.0402  0.0410  0.5185  0.0671  0.0238  0.9130  0.0748  1.0000  0.1185  0.5534  0.2493  0.0635  0.0054  0.0000  0.0157  0.0000  0.0000  0.0000
 0.0082  0.0000  0.0001  0.1670  1.0000  0.0007  0.0033  0.0020  0.0010  0.0083  0.0018  0.0008  0.0038  0.0050  0.3766  0.0023  0.1189  0.0514  0.0019  0.0004  0.0000  0.0010  0.0000  0.0000  0.0000
 0.1796  0.0000  0.0073  0.0031  0.0069  0.0601  0.0048  0.0048  0.5699  0.0089  0.4735  1.0000  0.2007  0.0111  0.0124  0.0083  0.0078  0.0188  0.0830  0.0071  0.0000  0.0078  0.0000  0.0000  0.0000
 0.2213  0.0000  0.1028  0.0118  0.0245  0.0543  0.0134  0.0092  0.8436  0.0277  0.4430  0.0600  0.0162  0.0285  0.0180  0.0196  0.0283  0.1033  1.0000  0.0080  0.0000  0.9759  0.0000  0.0000  0.0000
 0.0338  0.0000  0.0033  0.0062  0.0469  0.0072  0.0238  0.3187  0.0710  1.0000  0.0341  0.0113  0.3153  0.0264  0.4049  0.7978  0.0277  0.0361  0.0623  0.0053  0.0000  0.0153  0.0000  0.0000  0.0000
 0.1261  0.0000  0.0152  0.0284  0.1447  0.0302  0.0724  0.0872  0.0691  1.0000  0.1931  0.1660  0.2986  0.0816  0.2267  0.5705  0.1001  0.2166  0.1439  0.0167  0.0000  0.0502  0.0000  0.0000  0.0000
 0.3120  0.0000  0.0072  0.0030  0.0056  0.7491  0.0096  0.0020  1.0000  0.0055  0.1228  0.0273  0.0034  0.0098  0.0055  0.0043  0.0129  0.0174  0.0652  0.0184  0.0000  0.0682  0.0000  0.0000  0.0000
 0.7877  0.0000  0.0685  0.6183  1.0000  0.1045  0.3919  0.1624  0.2120  0.9305  0.3657  0.1235  0.5001  0.2803  0.6053  0.5338  0.7483  0.5828  0.3172  0.0314  0.0000  0.1170  0.0000  0.0000  0.0000
 0.5050  0.0000  0.1762  0.2045  0.2718  0.7234  0.3288  0.5418  0.3945  0.2893  0.6469  0.2236  0.3059  0.2181  0.3050  0.3461  0.4093  0.4143  0.5066  0.1842  0.0000  1.0000  0.0000  0.0000  0.0000
 0.5976  0.0000  0.0365  0.5357  1.0000  0.0360  0.4058  0.0882  0.1296  0.7462  0.2098  0.0739  0.3452  0.2010  0.4607  0.3620  0.5094  0.4328  0.2423  0.0127  0.0000  0.0287  0.0000  0.0000  0.0000
 0.5809  0.0000  0.1752  0.2411  0.3767  0.6613  0.3585  0.5436  0.4267  0.7146  0.6764  0.2281  0.3616  0.3350  0.4077  0.6285  0.5241  0.5124  0.5654  0.1783  0.0000  1.0000  0.0000  0.0000  0.0000
 0.0047  0.0000  0.0016  0.0011  0.0014  0.0421  0.0023  0.0003  0.2141  0.0021  0.5447  0.0095  0.0014  0.0011  0.0011  0.0018  0.0022  0.0052  1.0000  0.0017  0.0000  0.2399  0.0000  0.0000  0.0000
 0.7686  0.0000  0.0559  0.6253  1.0000  0.0614  0.3819  0.1718  0.1919  0.9347  0.3098  0.1175  0.5006  0.2752  0.6113  0.5899  0.7564  0.6467  0.3213  0.0202  0.0000  0.0548  0.0000  0.0000  0.0000
 0.0037  0.0000  0.0019  0.0006  0.0009  1.0000  0.0006  0.0000  0.0080  0.0000  0.0194  0.0039  0.0000  0.0014  0.0000  0.0000  0.0027  0.2721  0.0074  0.0181  0.0000  0.7139  0.0000  0.0000  0.0000
 0.0744  0.0000  0.0079  0.0265  0.0125  0.0035  0.0665  0.0058  0.0040  0.0133  0.0078  0.0036  0.2493  1.0000  0.0091  0.0082  0.2179  0.0279  0.1166  0.0015  0.0000  0.0044  0.0000  0.0000  0.0000
 0.6527  0.0000  0.0910  1.0000  0.8650  0.0614  0.5317  0.2009  0.1497  0.7767  0.2457  0.0863  0.7587  0.4867  0.4980  0.4595  0.9909  0.4972  0.2281  0.0225  0.0000  0.0798  0.0000  0.0000  0.0000
 1.0000  0.0000  0.0144  0.1855  0.2090  0.1023  0.1313  0.1016  0.0668  0.1757  0.0721  0.0251  0.1199  0.1015  0.1604  0.1041  0.3106  0.5201  0.1630  0.0081  0.0000  0.0340  0.0000  0.0000  0.0000
 0.0775  0.0000  0.0223  0.0129  0.0208  0.1726  0.0235  0.0100  0.8831  0.0292  1.0000  0.2046  0.0201  0.0258  0.0290  0.0267  0.0263  0.0630  0.7919  0.0776  0.0000  0.0366  0.0000  0.0000  0.0000
 0.0653  0.0000  0.1227  0.0393  0.0150  0.0055  0.0267  0.0068  0.0144  0.0213  0.0144  0.0077  0.0415  0.2724  0.0163  0.0134  1.0000  0.2447  0.0247  0.0034  0.0000  0.0064  0.0000  0.0000  0.0000
 0.7387  0.0000  0.0447  0.5624  0.9726  0.0417  0.3668  0.1015  0.2146  1.0000  0.2995  0.0885  0.4139  0.4700  0.6179  0.4389  0.6603  0.6369  0.3943  0.0144  0.0000  0.0317  0.0000  0.0000  0.0000
 0.2688  0.0000  0.0042  0.4336  1.0000  0.0137  0.1236  0.0360  0.0181  0.1533  0.0338  0.0139  0.0715  0.1755  0.1883  0.0414  0.0861  0.0673  0.0360  0.0064  0.0000  0.0185  0.0000  0.0000  0.0000
 1.0000  0.0000  0.1020  0.0677  0.0821  0.0393  0.5348  0.0158  0.0492  0.0898  0.1115  0.0661  0.0577  0.2326  0.0622  0.0649  0.4757  0.1607  0.1569  0.0132  0.0000  0.0278  0.0000  0.0000  0.0000
 0.2207  0.0000  0.0307  0.0290  0.2060  0.0644  0.1009  0.1286  0.2304  1.0000  0.3600  0.0943  0.1418  0.1278  0.3421  0.8743  0.1271  0.2067  0.3458  0.0264  0.0000  0.0706  0.0000  0.0000  0.0000
 0.8106  0.0000  0.0327  0.8937  0.5824  0.0325  0.2283  0.1019  0.1103  0.5398  0.1774  0.1302  0.8174  0.1620  0.4151  0.6928  1.0000  0.4531  0.1679  0.0112  0.0000  0.0279  0.0000  0.0000  0.0000
 0.2364  0.0000  0.0034  0.0014  0.0032  0.3662  0.0021  0.0021  0.1174  0.0040  1.0000  0.0343  0.0028  0.0050  0.0056  0.0038  0.0034  0.0087  0.0850  0.0033  0.0000  0.0039  0.0000  0.0000  0.0000
 0.0031  0.0000  0.0008  0.0004  0.0008  0.0072  0.0006  0.0005  0.0609  0.0010  1.0000  0.2602  0.0007  0.0012  0.0014  0.0010  0.0009  0.0020  0.3766  0.0008  0.0000  0.0010  0.0000  0.0000  0.0000
 0.2726  0.0000  0.0080  0.0938  0.2334  0.0076  0.1028  0.0625  0.0473  1.0000  0.0455  0.0160  0.0744  0.0413  0.1932  0.3498  0.3572  0.4066  0.0429  0.0026  0.0000  0.0059  0.0000  0.0000  0.0000
 0.2183  0.0000  0.0103  0.0197  0.1396  0.0207  0.2722  0.0875  0.0425  1.0000  0.1080  0.0333  0.0966  0.0794  0.2622  0.6729  0.0861  0.1075  0.0574  0.0155  0.0000  0.0442  0.0000  0.0000  0.0000
 0.0000  0.0000  0.0000  0.0000  0.0000  0.0000  0.0000  0.0000  0.0000  0.0000  1.0000  0.0000  0.0000  0.0000  0.0000  0.0000  0.0000  0.0000  0.0000  0.0000  0.0000  0.0000  0.0000  0.0000  0.0000
 0.0009  0.0000  0.0002  0.0001  0.0002  0.0026  0.0002  0.0002  0.0048  0.0003  1.0000  0.1113  0.0002  0.0004  0.0005  0.0003  0.0003  0.0005  0.0026  0.0003  0.0000  0.0003  0.0000  0.0000  0.0000
 0.1015  0.0000  0.0043  0.5187  1.0000  0.0105  0.0773  0.0347  0.0121  0.1075  0.0227  0.0092  0.5453  0.0637  0.2658  0.0332  0.0810  0.3199  0.0229  0.0051  0.0000  0.0175  0.0000  0.0000  0.0000
 0.0285  0.0000  0.0028  0.0051  0.0391  0.0058  0.0198  0.0248  0.0123  0.5761  0.0480  0.0094  0.0271  0.1722  0.1278  1.0000  0.0232  0.0718  0.1291  0.0044  0.0000  0.0125  0.0000  0.0000  0.0000
 0.0274  0.0000  0.0013  1.0000  0.0096  0.0011  0.0194  0.0059  0.0006  0.0246  0.0013  0.0005  0.9005  0.0045  0.0055  0.0040  0.0149  0.0059  0.0010  0.0006  0.0000  0.0030  0.0000  0.0000  0.0000
 0.0147  0.0000  0.0016  0.0032  0.0057  0.0013  0.0095  0.0030  0.0023  0.0203  0.0045  0.0016  0.0054  1.0000  0.0076  0.1934  0.0119  0.0350  0.0043  0.0008  0.0000  0.0018  0.0000  0.0000  0.0000
 0.2344  0.0000  0.0106  0.6270  1.0000  0.0099  0.0755  0.0998  0.0371  0.9252  0.0599  0.0210  0.1714  0.0545  0.3740  0.1897  0.7041  0.1460  0.0771  0.0034  0.0000  0.0075  0.0000  0.0000  0.0000
 0.1256  0.0000  0.0589  0.0573  0.2411  0.0202  0.0788  0.7152  0.0448  1.0000  0.0957  0.0321  0.1063  0.0765  0.5402  0.7543  0.3233  0.1353  0.0619  0.0131  0.0000  0.0378  0.0000  0.0000  0.0000
 0.0000  0.0000  0.0000  0.0000  0.0000  0.0000  0.0000  0.0000  0.0000  0.0000  0.0000  0.0000  0.0000  0.0000  0.0000  1.0000  0.0000  0.0000  0.0000  0.0000  0.0000  0.0000  0.0000  0.0000  0.0000
 0.0035  0.0000  0.0009  0.0005  0.0009  0.2938  0.0008  0.0006  0.2531  0.0012  1.0000  0.0108  0.0009  0.0014  0.0016  0.0012  0.0011  0.0024  0.0915  0.0011  0.0000  0.0015  0.0000  0.0000  0.0000
 0.0934  0.0000  0.0030  0.0030  0.0029  0.0012  1.0000  0.0007  0.0013  0.0031  0.0029  0.0014  0.0028  0.0076  0.0641  0.0022  0.5184  0.0056  0.0049  0.0004  0.0000  0.0009  0.0000  0.0000  0.0000
 0.3142  0.0000  0.0075  0.4914  0.0832  0.0095  1.0000  0.1470  0.0172  0.0753  0.0612  0.0099  0.0686  0.0283  0.2174  0.0433  0.5557  0.1625  0.0266  0.0032  0.0000  0.0122  0.0000  0.0000  0.0000
 1.0000  0.0000  0.1579  0.4420  0.6669  0.6928  0.4513  0.4636  0.4188  0.6924  0.9246  0.2147  0.4637  0.3339  0.5018  0.5035  0.6911  0.5802  0.5091  0.1470  0.0000  0.7719  0.0000  0.0000  0.0000
 0.8219  0.0000  0.0285  0.6397  1.0000  0.0266  0.2993  0.1655  0.1000  0.6350  0.1613  0.0566  0.3695  0.1467  0.5488  0.3329  0.5547  0.3708  0.1525  0.0092  0.0000  0.0202  0.0000  0.0000  0.0000
 0.0256  0.0000  0.0012  1.0000  0.7818  0.0024  0.0111  0.0061  0.0037  0.0238  0.0832  0.0025  0.0149  0.0151  0.0296  0.0071  0.0667  0.3220  0.0068  0.0012  0.0000  0.0033  0.0000  0.0000  0.0000
 0.1603  0.0000  0.0020  0.0013  0.0019  0.2293  0.0024  0.0008  1.0000  0.0026  0.4792  0.0809  0.0018  0.0019  0.0020  0.0024  0.0025  0.0060  0.2836  0.0016  0.0000  0.0464  0.0000  0.0000  0.0000
 0.0202  0.0000  0.0025  0.0039  0.0225  0.0042  0.0113  0.0137  0.0446  1.0000  0.0211  0.0920  0.0162  0.0135  0.6029  0.0894  0.0188  0.2607  0.0166  0.0026  0.0000  0.0071  0.0000  0.0000  0.0000
 0.7589  0.0000  0.0098  0.3243  0.5552  0.0092  0.1208  0.0226  0.0341  0.1700  0.0551  0.0193  0.4221  0.0504  0.1293  0.3405  1.0000  0.1985  0.0520  0.0032  0.0000  0.0071  0.0000  0.0000  0.0000
 0.1921  0.0000  0.0287  0.0329  0.0998  0.3212  0.0536  1.0000  0.0676  0.0464  0.1046  0.0621  0.0471  0.0345  0.0459  0.0534  0.0993  0.0666  0.1610  0.0276  0.0000  0.1486  0.0000  0.0000  0.0000
 0.2901  0.0000  0.0423  0.0291  0.0548  0.0597  0.0394  0.2891  0.2358  0.0808  0.1584  0.1823  0.0429  1.0000  0.0793  0.0660  0.0967  0.2081  0.3430  0.0150  0.0000  0.0651  0.0000  0.0000  0.0000
 0.0575  0.0000  0.0011  0.0006  0.0008  1.0000  0.0009  0.0007  0.0042  0.0004  0.0671  0.0021  0.0004  0.0010  0.0004  0.0005  0.0513  0.0016  0.0040  0.0080  0.0000  0.3919  0.0000  0.0000  0.0000
 0.0038  0.0000  0.0010  0.0005  0.0010  1.0000  0.0008  0.0007  0.0191  0.0013  0.3719  0.2325  0.0009  0.0016  0.0019  0.0013  0.0011  0.0022  0.0105  0.0018  0.0000  0.0037  0.0000  0.0000  0.0000
 1.0000  0.0000  0.0560  0.6507  0.7036  0.0831  0.4201  0.3330  0.1450  0.7155  0.2394  0.0839  0.6780  0.2248  0.4368  0.4942  0.7236  0.4544  0.2385  0.0279  0.0000  0.1115  0.0000  0.0000  0.0000
 0.1192  0.0000  0.0026  1.0000  0.1806  0.0023  0.0982  0.0863  0.0031  0.0740  0.0055  0.0020  0.2683  0.0103  0.0159  0.0122  0.1648  0.0157  0.0049  0.0011  0.0000  0.0050  0.0000  0.0000  0.0000
 0.0017  0.0000  0.0006  0.0004  0.0005  0.0028  0.0008  0.0000  1.0000  0.0008  0.0444  0.2566  0.0005  0.0003  0.0003  0.0006  0.0008  0.0020  0.5337  0.0003  0.0000  0.0012  0.0000  0.0000  0.0000
 0.0085  0.0000  0.0020  1.0000  0.0134  0.0018  0.0283  0.0085  0.0012  0.0115  0.1017  0.0009  0.3956  0.0067  0.0079  0.0058  0.0216  0.0087  0.0017  0.0009  0.0000  0.0043  0.0000  0.0000  0.0000
 0.0007  0.0000  0.0004  0.0002  0.0002  0.1884  0.0002  0.0000  0.0015  0.0000  0.0036  0.0007  0.0000  0.0003  0.0000  0.0000  0.0005  0.0005  0.0014  1.0000  0.0000  0.0135  0.0000  0.0000  0.0000
 0.2656  0.0000  0.0174  1.0000  0.8664  0.0197  0.1608  0.0525  0.0606  0.3765  0.1003  0.0357  0.2944  0.1094  0.2645  0.5141  0.2469  0.1912  0.2979  0.0077  0.0000  0.0199  0.0000  0.0000  0.0000
 1.0000  0.0000  0.0094  0.1330  0.2083  0.0097  0.0654  0.0781  0.0326  0.4691  0.0829  0.0773  0.0943  0.0472  0.1596  0.1048  0.1258  0.1078  0.0980  0.0033  0.0000  0.0082  0.0000  0.0000  0.0000
 0.0029  0.0000  0.0007  0.0003  0.0007  0.0066  0.0005  0.0005  0.0135  0.0009  1.0000  0.0230  0.0006  0.0011  0.0013  0.0009  0.0008  0.0017  0.4013  0.0008  0.0000  0.0009  0.0000  0.0000  0.0000
 0.5335  0.0000  0.1811  0.2018  0.3326  0.7588  0.3368  0.5409  0.3860  0.2856  0.7870  0.2205  0.3039  0.2003  0.2915  0.3457  0.4465  0.3839  0.4923  0.1813  0.0000  1.0000  0.0000  0.0000  0.0000
 0.1684  0.0000  0.0029  0.0165  0.3454  0.0050  0.0211  0.0925  0.0119  0.5110  0.0793  0.0085  0.0707  0.0205  1.0000  0.8568  0.0303  0.0318  0.0165  0.0033  0.0000  0.0094  0.0000  0.0000  0.0000
 0.0016  0.0000  0.0001  0.0003  0.0021  0.0003  0.0012  0.0014  0.0007  1.0000  0.0016  0.0005  0.0015  0.0013  0.0036  0.2487  0.0013  0.0016  0.0009  0.0003  0.0000  0.0007  0.0000  0.0000  0.0000
 0.3884  0.0000  0.0092  0.1678  0.7916  0.0087  0.1120  0.0212  0.0324  1.0000  0.1301  0.0184  0.3873  0.0477  0.2122  0.6557  0.1271  0.0993  0.0494  0.0030  0.0000  0.0067  0.0000  0.0000  0.0000
 0.0089  0.0000  0.0032  0.0025  0.0029  0.0165  0.0050  0.0002  0.8511  0.0044  0.6507  0.0154  0.0029  0.0017  0.0014  0.0037  0.0044  0.0113  1.0000  0.0020  0.0000  0.4653  0.0000  0.0000  0.0000
 0.7357  0.0000  0.0519  0.6125  1.0000  0.0488  0.3691  0.1181  0.1995  0.9054  0.2932  0.1104  0.4801  0.2814  0.5754  0.5090  0.7139  0.5615  0.2799  0.0168  0.0000  0.0373  0.0000  0.0000  0.0000
 0.0000  0.0000  0.0000  0.0000  0.0000  0.0000  0.0000  0.0000  0.0000  0.0000  0.0000  0.0000  0.0000  1.0000  0.0000  0.0000  0.0000  0.0000  0.0000  0.0000  0.0000  0.0000  0.0000  0.0000  0.0000
 1.0000  0.0000  0.1001  0.1963  0.2989  0.0537  0.7134  0.0496  0.1118  0.2600  0.1503  0.0652  0.1943  0.5050  0.1757  0.1620  0.8931  0.6377  0.3356  0.0208  0.0000  0.0508  0.0000  0.0000  0.0000
 0.0000  0.0000  0.0000  0.0000  0.0000  1.0000  0.0000  0.0000  0.0000  0.0000  0.0000  0.0000  0.0000  0.0000  0.0000  0.0000  0.0000  0.0000  0.0000  0.0000  0.0000  0.0000  0.0000  0.0000  0.0000
 0.3895  0.0000  0.0674  0.0358  0.2020  0.0663  0.0873  0.1125  0.5997  1.0000  0.3776  0.1080  0.1341  0.1485  0.3029  0.7893  0.1466  0.3653  0.9551  0.0246  0.0000  0.0674  0.0000  0.0000  0.0000
 0.0000  0.0000  0.0000  0.0000  0.0000  0.0000  0.0000  0.0000  0.0000  0.0000  0.0000  0.0000  0.0000  1.0000  0.0000  0.0000  0.0000  0.0000  0.0000  0.0000  0.0000  0.0000  0.0000  0.0000  0.0000
 0.0275  0.0000  0.0052  0.2897  0.0317  0.0040  0.0512  0.0160  0.0055  0.2364  0.0081  0.0033  1.0000  0.1016  0.0341  0.0168  0.5921  0.2741  0.0087  0.0021  0.0000  0.0304  0.0000  0.0000  0.0000
 0.2114  0.0000  0.0205  0.1168  0.2841  0.0261  0.1133  0.0842  0.0712  1.0000  0.1272  0.0906  0.1588  0.1082  0.2622  0.5803  0.4052  0.3552  0.2923  0.0154  0.0000  0.0416  0.0000  0.0000  0.0000
 0.0347  0.0000  0.0057  1.0000  0.1345  0.0051  0.5778  0.0239  0.0033  0.0371  0.0069  0.0026  0.1246  0.0227  0.0296  0.0171  0.1054  0.0414  0.0063  0.0026  0.0000  0.0122  0.0000  0.0000  0.0000
 0.1751  0.0000  0.0200  0.0453  0.2245  0.0430  0.1096  0.1416  0.0830  1.0000  0.1624  0.0562  0.1481  0.1176  0.3354  0.8877  0.1397  0.2765  0.1467  0.0248  0.0000  0.0791  0.0000  0.0000  0.0000
 0.8305  0.0000  0.0535  0.6190  1.0000  0.0509  0.3747  0.1197  0.1821  0.9176  0.5465  0.1031  0.4820  0.2697  0.5766  0.5046  0.8917  0.7092  0.2781  0.0177  0.0000  0.0408  0.0000  0.0000  0.0000
 0.0056  0.0000  0.0013  0.0268  0.0083  0.0013  0.0191  0.1047  0.0007  0.0094  0.0016  0.0005  1.0000  0.0045  0.0528  0.0054  0.0146  0.0059  0.0011  0.0006  0.0000  0.1186  0.0000  0.0000  0.0000
 0.0369  0.0000  0.3357  0.0055  0.0084  1.0000  0.0094  0.0024  0.1209  0.0040  0.2162  0.0459  0.0032  0.0132  0.0052  0.0041  0.0186  0.0217  0.0735  0.0939  0.0000  0.3731  0.0000  0.0000  0.0000
 0.0000  0.0000  0.0000  1.0000  0.0000  0.0000  0.0000  0.0000  0.0000  0.0000  0.0000  0.0000  0.0000  0.0000  0.0000  0.0000  0.0000  0.0000  0.0000  0.0000  0.0000  0.0000  0.0000  0.0000  0.0000
 0.2394  0.0000  0.0032  0.0029  0.0040  0.0031  0.0043  0.0177  0.0195  0.0058  0.0089  0.0031  0.0045  1.0000  0.0038  0.0510  0.0483  0.0506  0.0707  0.0009  0.0000  0.0033  0.0000  0.0000  0.0000
 0.1316  0.0000  0.0054  0.3489  1.0000  0.0120  0.0480  0.0289  0.0220  0.1187  0.0318  0.0132  0.0591  0.0755  0.1518  0.0339  0.1006  0.5645  0.0777  0.0057  0.0000  0.0155  0.0000  0.0000  0.0000
 0.0006  0.0000  0.0003  0.0001  0.0002  1.0000  0.0001  0.0000  0.0014  0.0000  0.0034  0.0007  0.0000  0.0002  0.0000  0.0000  0.0004  0.0004  0.0013  0.0032  0.0000  0.2409  0.0000  0.0000  0.0000
 0.1531  0.0000  0.0049  0.4858  1.0000  0.0140  0.0582  0.0357  0.0258  0.1459  0.0352  0.0148  0.0723  0.0909  0.1874  0.0410  0.1136  0.4351  0.0405  0.0068  0.0000  0.0188  0.0000  0.0000  0.0000
 0.3871  0.0000  0.0713  0.5242  0.2852  0.0722  0.4261  0.1755  0.1031  0.5793  0.5402  0.0624  0.8173  0.2174  0.2866  0.4413  1.0000  0.9707  0.1570  0.0353  0.0000  0.1233  0.0000  0.0000  0.0000
 0.0119  0.0000  0.0001  0.0068  1.0000  0.0002  0.0010  0.0006  0.0003  0.0026  0.0006  0.0002  0.0010  0.0015  0.0162  0.0007  0.0013  0.0011  0.0006  0.0001  0.0000  0.0003  0.0000  0.0000  0.0000
 0.0294  0.0000  0.0001  0.0180  1.0000  0.0006  0.0026  0.0017  0.0009  0.0192  0.0016  0.0123  0.0028  0.0522  0.0369  0.0026  0.0035  0.0031  0.0017  0.0003  0.0000  0.0009  0.0000  0.0000  0.0000
 0.3169  0.0000  0.0161  0.0084  0.0152  0.0906  0.0353  0.0080  0.1787  0.0186  0.8778  1.0000  0.0122  0.2140  0.0220  0.0162  0.0376  0.0374  0.1274  0.0112  0.0000  0.0130  0.0000  0.0000  0.0000
 0.0686  0.0000  0.0021  0.0009  0.0018  0.0086  0.0012  0.0006  1.0000  0.0022  0.7464  0.0104  0.0013  0.0023  0.0019  0.0017  0.0021  0.0068  0.1039  0.0010  0.0000  0.0020  0.0000  0.0000  0.0000
 0.0319  0.0000  0.0077  0.1059  0.0147  0.0658  0.0160  0.0085  0.1814  0.0143  1.0000  0.0810  0.0870  0.0140  0.0167  0.0115  0.0176  0.0222  0.0806  0.0081  0.0000  0.0106  0.0000  0.0000  0.0000
 0.0318  0.0000  0.0009  0.0967  1.0000  0.0011  0.0516  0.0325  0.0011  0.0101  0.0021  0.0008  0.0478  0.0056  0.0097  0.0041  0.0117  0.0442  0.0019  0.0005  0.0000  0.0023  0.0000  0.0000  0.0000
 0.0235  0.0000  0.0043  0.0472  0.5309  0.0030  0.0298  0.0095  0.0047  0.0181  0.0057  0.0027  0.1962  0.0138  0.0143  0.0093  1.0000  0.0781  0.0079  0.0017  0.0000  0.0055  0.0000  0.0000  0.0000
 0.5245  0.0000  0.0206  0.1837  0.3555  0.0272  0.2167  0.0847  0.0763  1.0000  0.1758  0.0484  0.2133  0.1202  0.3043  0.5643  0.2499  0.2391  0.1115  0.0140  0.0000  0.0382  0.0000  0.0000  0.0000
 0.0106  0.0000  0.0013  0.0599  0.0045  0.0007  0.0096  0.0018  0.0007  0.0033  0.0014  0.0006  0.0091  1.0000  0.0024  0.0018  0.2279  0.0062  0.0019  0.0003  0.0000  0.0011  0.0000  0.0000  0.0000
 0.0192  0.0000  0.0025  0.0564  0.0077  0.0051  0.0151  0.0028  0.0085  0.0058  1.0000  0.0057  0.0131  0.0067  0.0046  0.0035  0.0776  0.0116  0.0076  0.0010  0.0000  0.0023  0.0000  0.0000  0.0000
 0.1339  0.0000  0.0058  0.1433  0.6034  0.0126  0.0595  1.0000  0.0120  0.0734  0.1285  0.0078  0.4104  0.0337  0.0623  0.0392  0.0566  0.0360  0.0191  0.0047  0.0000  0.0202  0.0000  0.0000  0.0000
 0.5947  0.0000  0.0114  0.4395  0.6844  0.0166  0.0984  0.0415  0.0429  1.0000  0.0709  0.0856  0.1196  0.0976  0.2071  0.1191  0.1732  0.2249  0.0704  0.0068  0.0000  0.0177  0.0000  0.0000  0.0000
 0.0071  0.0000  0.0007  0.0012  0.0098  0.0015  0.0050  0.0063  0.0030  1.0000  0.0072  0.0985  0.0068  0.0056  0.0167  0.7072  0.0058  0.0076  0.0040  0.0011  0.0000  0.0032  0.0000  0.0000  0.0000
 0.5396  0.0000  0.0115  0.0189  0.1178  0.0183  0.0788  0.0730  0.0365  1.0000  0.0858  0.0288  0.0821  0.0732  0.1949  0.5800  0.0860  0.0939  0.0527  0.0133  0.0000  0.0375  0.0000  0.0000  0.0000
 0.2945  0.0000  0.0113  0.0186  0.1175  0.0184  0.1348  0.0728  0.0365  1.0000  0.1915  0.0288  0.0818  0.0724  0.1946  0.7388  0.0852  0.0935  0.0520  0.0132  0.0000  0.0376  0.0000  0.0000  0.0000
 0.4480  0.0000  0.0085  0.0520  0.2003  0.0117  0.0559  0.0364  0.0238  0.2694  0.0952  0.0170  0.0549  0.0474  0.1241  1.0000  0.1270  0.0665  0.0370  0.0068  0.0000  0.0196  0.0000  0.0000  0.0000
 0.5137  0.0000  0.1379  0.1298  0.2318  0.1504  0.1828  0.1186  0.2966  0.4841  1.0000  0.1212  0.1542  0.1508  0.4376  0.2880  0.3321  0.3274  0.4783  0.0382  0.0000  0.1586  0.0000  0.0000  0.0000
 1.0000  0.0000  0.0077  0.0394  0.0227  0.0042  0.0568  0.0104  0.0052  0.0840  0.0104  0.0043  0.1929  0.0223  0.0173  0.0245  0.0514  0.0238  0.0137  0.0020  0.0000  0.0065  0.0000  0.0000  0.0000
 0.0059  0.0000  0.0006  0.0012  0.0082  0.0012  0.0043  0.0052  0.0025  1.0000  0.0760  0.0020  0.0491  0.0046  0.0139  0.0586  0.0049  0.0063  0.0033  0.0009  0.0000  0.0026  0.0000  0.0000  0.0000
 0.1638  0.0000  0.0160  0.0741  0.2134  0.0280  0.1161  0.1105  0.0595  1.0000  0.1309  0.0832  0.2756  0.2587  0.2986  0.7233  0.2308  0.1775  0.0818  0.0193  0.0000  0.0560  0.0000  0.0000  0.0000
 0.2574  0.0000  0.0204  0.2298  0.7326  0.0207  0.2359  0.0510  0.0606  0.3276  0.1003  0.0353  0.3116  0.2138  0.1987  1.0000  0.3826  0.1920  0.1556  0.0077  0.0000  0.0219  0.0000  0.0000  0.0000
 0.8101  0.0000  0.0394  0.5806  0.7412  0.0375  0.2800  0.0914  0.1373  1.0000  0.2225  0.0780  0.3630  0.2027  0.5020  0.4308  0.6853  0.4212  0.2574  0.0132  0.0000  0.0298  0.0000  0.0000  0.0000
 0.0280  0.0000  0.0013  1.0000  0.9637  0.0026  0.0183  0.0078  0.0044  0.1962  0.0078  0.0030  0.1834  0.0153  0.1956  0.0123  0.1656  0.0164  0.0076  0.0011  0.0000  0.0037  0.0000  0.0000  0.0000
 0.4194  0.0000  0.0974  0.1822  0.2366  0.3570  0.2464  0.2114  0.4374  0.2628  1.0000  0.2941  0.2422  0.1720  0.2392  0.2211  0.6209  0.7022  0.3700  0.0823  0.0000  0.3576  0.0000  0.0000  0.0000
 0.0299  0.0000  0.0029  0.0061  0.0413  0.0061  0.0788  0.0261  0.0125  0.3978  0.0296  0.0098  0.0291  0.0231  0.1474  1.0000  0.0249  0.3573  0.0167  0.0046  0.0000  0.0131  0.0000  0.0000  0.0000
 0.0982  0.0000  0.0030  0.8486  0.7845  0.0095  0.0569  0.0287  0.0119  1.0000  0.0224  0.0091  0.0757  0.0600  0.1257  0.0321  0.1369  0.0481  0.0226  0.0045  0.0000  0.0145  0.0000  0.0000  0.0000
 0.2132  0.0000  0.1666  1.0000  0.2795  0.1613  0.5367  0.2413  0.0645  0.2321  0.1139  0.0395  0.8022  0.1359  0.1692  0.1426  0.5772  0.1972  0.0893  0.0368  0.0000  0.1946  0.0000  0.0000  0.0000
 0.9440  0.0000  0.0210  0.8487  0.8378  0.0216  0.1802  0.0594  0.0556  0.2987  0.0910  0.0332  0.6226  0.1169  0.2241  0.1531  1.0000  0.2092  0.1882  0.0087  0.0000  0.0258  0.0000  0.0000  0.0000
 0.7395  0.0000  0.2236  0.5797  1.0000  0.0481  0.4273  0.1138  0.1738  0.8564  0.2797  0.0983  0.5029  0.2549  0.6785  0.5374  0.9440  0.8310  0.2650  0.0166  0.0000  0.0381  0.0000  0.0000  0.0000
 1.0000  0.0000  0.0733  0.0610  0.0677  0.0811  0.4323  0.0154  0.0364  0.0756  0.0729  0.0344  0.0602  0.3525  0.0529  0.0539  0.6675  0.2305  0.1233  0.0111  0.0000  0.0247  0.0000  0.0000  0.0000
 0.5623  0.0000  0.0370  0.4363  0.8456  0.0358  0.2618  0.0875  0.1293  1.0000  0.4214  0.0736  0.3406  0.1922  0.6675  0.3817  0.5798  0.4742  0.1972  0.0128  0.0000  0.0292  0.0000  0.0000  0.0000
 0.3529  0.0000  0.0595  0.2108  0.4466  0.1058  0.1537  0.1046  0.1159  0.2301  0.1587  0.0838  0.4969  0.1425  0.1707  0.1541  0.6821  1.0000  0.1689  0.0347  0.0000  0.1965  0.0000  0.0000  0.0000
 0.2954  0.0000  0.0550  0.0772  0.0620  0.1104  0.1706  0.0391  1.0000  0.0742  0.3986  0.0839  0.0881  0.0835  0.0490  0.0593  0.2568  0.2558  0.9807  0.0222  0.0000  0.0927  0.0000  0.0000  0.0000
 0.5224  0.0000  0.1716  0.2087  0.3009  0.6789  0.3285  0.5820  0.3843  0.3521  0.6797  0.2163  0.3203  0.2334  0.3103  0.4577  0.4017  0.3923  0.4909  0.1794  0.0000  1.0000  0.0000  0.0000  0.0000
 0.1983  0.0000  0.0141  0.4291  0.9762  0.1265  0.0675  0.0450  0.2310  0.1666  1.0000  0.1891  0.0743  0.1090  0.2173  0.0572  0.0910  0.0933  0.1573  0.0198  0.0000  0.0336  0.0000  0.0000  0.0000
 0.0542  0.0000  0.0073  0.5747  0.1308  0.0069  0.0931  0.0288  0.0058  0.0523  0.0109  0.0044  0.1414  0.0329  1.0000  0.0231  0.2526  0.0469  0.0111  0.0035  0.0000  0.0149  0.0000  0.0000  0.0000
 0.0548  0.0000  0.0014  0.3122  1.0000  0.0047  0.0215  0.1368  0.0082  0.1812  0.0145  0.0056  0.0251  0.0876  0.1786  0.0206  0.0330  0.0278  0.1163  0.0021  0.0000  0.0059  0.0000  0.0000  0.0000
 0.3835  0.0000  0.0797  0.1380  0.1073  0.1244  0.1571  0.0993  0.1688  0.1478  0.2367  0.0830  0.2253  0.1581  0.1174  0.1156  0.7740  1.0000  0.2578  0.0393  0.0000  0.1512  0.0000  0.0000  0.0000
 0.0537  0.0000  0.0129  0.0082  0.0147  0.1194  0.0145  0.1420  0.2202  0.0226  1.0000  0.1647  0.0149  0.0218  0.0264  0.0215  0.0454  0.0337  0.1251  0.0147  0.0000  0.0198  0.0000  0.0000  0.0000
 0.1465  0.0000  0.0037  0.8147  1.0000  0.0136  0.0702  0.0389  0.0191  0.1593  0.0353  0.0141  0.0884  0.0873  0.2308  0.4223  0.1439  0.0712  0.0353  0.0064  0.0000  0.0194  0.0000  0.0000  0.0000
 0.6160  0.0000  0.0801  0.1462  0.2370  0.0573  0.1132  0.0485  0.3198  0.1964  0.3661  0.0821  0.1846  0.1564  0.1392  0.1186  0.7551  1.0000  0.5316  0.0191  0.0000  0.0470  0.0000  0.0000  0.0000
 0.0057  0.0000  0.0019  0.0013  0.0016  0.0080  0.0026  0.0001  1.0000  0.0024  0.1319  0.0076  0.0766  0.0011  0.0008  0.0019  0.0024  0.0066  0.9203  0.0010  0.0000  0.0037  0.0000  0.0000  0.0000
 0.0337  0.0000  0.0019  0.0489  0.8306  0.0978  0.0185  0.0189  0.0093  0.1322  0.0209  0.0072  0.0237  0.0231  1.0000  0.6476  0.0226  0.0253  0.0135  0.0034  0.0000  0.0098  0.0000  0.0000  0.0000
 0.1860  0.0000  0.0080  0.0705  0.4397  0.0117  0.0583  0.0417  0.0312  1.0000  0.0614  0.0209  0.0773  0.0527  0.4037  0.4242  0.0937  0.6503  0.0449  0.0070  0.0000  0.0190  0.0000  0.0000  0.0000
 0.2037  0.0000  0.0078  0.5485  1.0000  0.0175  0.1194  0.0475  0.0328  0.2492  0.0571  0.1634  0.1242  0.1077  0.2297  0.0870  0.1446  0.1522  0.0565  0.0077  0.0000  0.0224  0.0000  0.0000  0.0000
 0.0000  0.0000  0.0000  0.0000  0.0000  1.0000  0.0000  0.0000  0.0000  0.0000  0.0000  0.0000  0.0000  0.0000  0.0000  0.0000  0.0000  0.0000  0.0000  0.0000  0.0000  0.0000  0.0000  0.0000  0.0000
 0.5388  0.0000  0.0847  0.1407  0.4476  0.0815  0.1355  0.1305  0.6818  0.9487  0.4335  0.1292  0.1984  0.1942  0.3777  0.7469  0.2470  0.4487  1.0000  0.0283  0.0000  0.0808  0.0000  0.0000  0.0000
 0.0638  0.0000  0.0150  0.0119  0.0143  0.0852  0.0601  0.0052  1.0000  0.0202  0.3241  0.0609  0.0142  0.1471  0.0099  0.0174  0.0328  0.0454  0.7353  0.0089  0.0000  0.0328  0.0000  0.0000  0.0000
 0.0014  0.0000  0.0007  0.0002  0.0003  1.0000  0.0002  0.0000  0.0029  0.0000  0.0069  0.0014  0.0000  0.0005  0.0000  0.0000  0.0010  0.0449  0.0026  0.0064  0.0000  0.1041  0.0000  0.0000  0.0000
 0.0044  0.0000  0.0010  0.5053  0.0064  0.0009  0.0153  0.0046  0.0004  0.0060  0.0010  0.0003  1.0000  0.0035  0.0041  0.0031  0.0909  0.0048  0.0007  0.0005  0.0000  0.0023  0.0000  0.0000  0.0000
 0.0729  0.0000  0.0075  0.0201  0.0991  0.0159  0.0551  0.0627  0.0302  0.4787  0.0711  0.0234  0.0736  0.0558  0.2007  1.0000  0.0611  0.0755  0.0402  0.0113  0.0000  0.3398  0.0000  0.0000  0.0000
 0.0941  0.0000  0.0140  0.0865  1.0000  0.0086  0.0384  0.0138  0.0207  0.0483  0.0224  0.0113  0.0631  0.0459  0.0466  0.0237  0.2686  0.7212  0.0353  0.0051  0.0000  0.0106  0.0000  0.0000  0.0000
 0.0271  0.0000  0.0035  0.0054  0.0281  0.0067  0.0137  0.0165  0.0591  1.0000  0.0856  0.0100  0.0194  0.0165  0.1464  0.1052  0.0211  0.2018  0.0266  0.0033  0.0000  0.0089  0.0000  0.0000  0.0000
 0.0491  0.0000  0.1534  0.0025  0.0076  0.0116  0.0008  0.0023  0.0676  0.0078  0.6660  0.0989  0.0039  0.0108  0.0064  0.0048  0.0076  0.1138  1.0000  0.0016  0.0000  0.0026  0.0000  0.0000  0.0000
 0.2833  0.0000  0.0310  0.4822  0.3524  0.0271  0.2487  0.0867  0.0693  1.0000  0.1109  0.0405  0.8154  0.1292  0.2328  0.8526  0.5285  0.7996  0.1055  0.0127  0.0000  0.0397  0.0000  0.0000  0.0000
 0.1525  0.0000  0.0294  0.0632  0.1653  0.0971  0.1176  0.1928  0.0826  0.6794  0.1645  0.0551  0.1497  0.0980  0.2925  1.0000  0.1601  0.1475  0.1077  0.0351  0.0000  0.4229  0.0000  0.0000  0.0000
 0.0539  0.0000  0.0100  0.6835  0.1207  0.0097  0.1466  0.0475  0.0068  0.0877  0.0146  0.0053  0.3159  0.0406  1.0000  0.1264  0.1160  0.0511  0.0112  0.0051  0.0000  0.0240  0.0000  0.0000  0.0000
 0.5514  0.0000  0.1305  0.8395  0.4725  0.3956  0.7749  0.4439  0.2275  0.6448  0.4119  0.1383  1.0000  0.2759  0.4170  0.5160  0.6594  0.3999  0.3038  0.1084  0.0000  0.5567  0.0000  0.0000  0.0000
 0.2026  0.0000  0.0301  0.6240  0.2596  0.0331  0.5559  0.1258  0.0245  0.1970  0.0463  0.0164  1.0000  0.1014  0.1335  0.1043  0.3875  0.1438  0.0380  0.0143  0.0000  0.1477  0.0000  0.0000  0.0000
 0.7771  0.0000  0.0593  0.5348  0.9341  0.1026  0.3415  0.2314  0.1932  1.0000  0.3457  0.1095  0.4348  0.2536  0.7217  0.5635  0.6269  0.5086  0.3437  0.0324  0.0000  0.1230  0.0000  0.0000  0.0000
 0.7919  0.0000  0.0559  0.6216  1.0000  0.0585  0.4089  0.1306  0.2029  0.9634  0.3098  0.1086  0.5065  0.2863  0.5949  0.6040  0.7471  0.5768  0.2903  0.0200  0.0000  0.0515  0.0000  0.0000  0.0000
 0.7560  0.0000  0.0551  0.4554  1.0000  0.0360  0.5251  0.0645  0.0622  0.3132  0.1145  0.0463  0.2197  0.2176  0.7933  0.1566  0.8373  0.2329  0.1401  0.0144  0.0000  0.0384  0.0000  0.0000  0.0000
 0.5035  0.0000  0.0419  0.0996  0.3055  0.0598  0.2254  0.1400  0.1132  1.0000  0.2862  0.0741  0.1779  0.2783  0.7504  0.8636  0.2593  0.2343  0.1799  0.0291  0.0000  0.0890  0.0000  0.0000  0.0000
 0.4914  0.0000  0.0583  0.9799  1.0000  0.1006  0.5484  0.2140  0.1175  0.5806  0.1988  0.0706  0.8268  0.2464  0.4393  0.3094  0.6166  0.3954  0.1772  0.0349  0.0000  0.1567  0.0000  0.0000  0.0000
 0.6030  0.0000  0.0684  0.1523  0.1379  0.1242  0.1958  0.0545  0.3065  0.1247  1.0000  0.1267  0.1015  0.1347  0.0990  0.0875  0.4220  0.3174  0.3770  0.0256  0.0000  0.0811  0.0000  0.0000  0.0000
 1.0000  0.0000  0.0616  0.1601  0.0881  0.0254  0.3779  0.0171  0.0313  0.0837  0.0656  0.0849  0.0673  0.2190  0.0577  0.0557  0.3730  0.1274  0.1056  0.0092  0.0000  0.0216  0.0000  0.0000  0.0000
 0.3146  0.0000  0.0661  0.1014  0.1067  0.1117  0.0849  0.0639  0.3831  0.1892  0.6350  0.1186  0.1761  0.1334  0.1201  0.2011  0.7243  1.0000  0.3815  0.0294  0.0000  0.0827  0.0000  0.0000  0.0000
 0.4525  0.0000  0.0670  0.5738  1.0000  0.0195  0.1650  0.0443  0.0269  0.1610  0.0484  0.0201  0.1289  0.1190  0.1834  0.0570  0.1728  0.1008  0.0620  0.0085  0.0000  0.0255  0.0000  0.0000  0.0000
 0.8311  0.0000  0.0599  0.6653  1.0000  0.0547  0.4464  0.1334  0.1862  0.9530  0.3028  0.1068  0.5622  0.3320  0.6416  0.5343  0.8142  0.5857  0.2884  0.0194  0.0000  0.0478  0.0000  0.0000  0.0000
 0.5752  0.0000  0.1210  0.1769  0.2261  0.1916  0.1717  0.1541  0.3572  0.2616  0.3623  0.1255  0.2472  0.2041  0.1952  0.2044  0.7204  1.0000  0.6691  0.0553  0.0000  0.2406  0.0000  0.0000  0.0000
 0.7306  0.0000  0.0504  0.5829  0.9625  0.0482  0.4027  0.1162  0.1939  1.0000  0.2841  0.0996  0.4624  0.3261  0.5539  0.5290  0.7057  0.5360  0.2675  0.0167  0.0000  0.0384  0.0000  0.0000  0.0000
 0.3059  0.0000  0.0114  0.7399  0.0642  0.0090  1.0000  0.0449  0.0051  0.0613  0.0110  0.0041  0.8327  0.0372  0.0412  0.0314  0.2805  0.0482  0.0097  0.0046  0.0000  0.0229  0.0000  0.0000  0.0000
 0.4166  0.0000  0.0349  0.3264  0.5861  0.0423  0.4360  0.0744  0.0990  0.4556  0.2707  0.0572  0.2552  1.0000  0.4055  0.2636  0.4911  0.3957  0.1535  0.0140  0.0000  0.0450  0.0000  0.0000  0.0000
 0.0702  0.0000  0.0049  0.1332  1.0000  0.0338  0.0254  0.0189  0.0624  0.0894  0.2841  0.1602  0.0287  0.0388  0.7471  0.0477  0.0352  0.0369  0.0497  0.0063  0.0000  0.0130  0.0000  0.0000  0.0000
 0.7701  0.0000  0.0488  0.5866  1.0000  0.0498  0.3677  0.1648  0.1686  0.8246  0.2721  0.0954  0.4407  0.2939  0.5239  0.4665  0.7782  0.6197  0.3109  0.0167  0.0000  0.0416  0.0000  0.0000  0.0000
 0.2971  0.0000  0.0214  0.2402  0.8852  0.0222  0.1526  0.0601  0.0763  0.6739  0.1283  0.0447  0.1996  0.1155  1.0000  0.5964  0.7601  0.4524  0.1150  0.0091  0.0000  0.0219  0.0000  0.0000  0.0000
 0.0084  0.0000  0.0019  1.0000  0.0126  0.0016  0.0250  0.0076  0.0011  0.0106  0.0019  0.0008  0.1465  0.0063  0.0074  0.0053  0.0225  0.1071  0.0018  0.0008  0.0000  0.0039  0.0000  0.0000  0.0000
 0.2003  0.0000  0.0038  0.0036  0.0036  0.0015  1.0000  0.0008  0.0017  0.0039  0.0037  0.0017  0.0032  0.0095  0.0027  0.0028  0.0193  0.0066  0.0061  0.0006  0.0000  0.0012  0.0000  0.0000  0.0000
 0.3323  0.0000  0.0916  0.1152  0.2658  0.0646  0.1892  0.1531  0.1209  1.0000  0.2065  0.0727  0.2410  0.1763  0.4804  0.8676  0.4149  0.5255  0.1912  0.0332  0.0000  0.1054  0.0000  0.0000  0.0000
 0.0000  0.0000  0.0000  0.0000  0.0000  0.0000  0.0000  0.0000  0.0000  0.0000  0.0000  0.0000  1.0000  0.0000  0.0000  0.0000  0.0000  0.0000  0.0000  0.0000  0.0000  0.0000  0.0000  0.0000  0.0000
 0.0000  0.0000  0.0000  0.0000  0.0000  0.0000  0.0000  0.0000  0.0000  0.0000  0.0000  0.0000  1.0000  0.0000  0.0000  0.0000  0.0000  0.0000  0.0000  0.0000  0.0000  0.0000  0.0000  0.0000  0.0000
 0.0000  0.0000  0.0000  0.0000  0.0000  0.0000  0.0000  0.0000  0.0000  0.0000  0.0000  0.0000  1.0000  0.0000  0.0000  0.0000  0.0000  0.0000  0.0000  0.0000  0.0000  0.0000  0.0000  0.0000  0.0000
 0.0060  0.0000  0.0015  0.0007  0.0015  0.0150  0.0012  0.0011  0.1434  0.0020  1.0000  0.0183  0.0014  0.0024  0.0029  0.0020  0.0017  0.0037  0.0194  0.0018  0.0000  0.0022  0.0000  0.0000  0.0000
//
