WARNING! H329 not allowed! score: 0.04 median: 2.83 # of sequence: 325
WARNING! H398 not allowed! score: 0.02 median: 2.82 # of sequence: 324
ID   UNK_ID; MATRIX
AC   UNK_AC
DE   UNK_DE
MA   UNK_BL
  A   B   C   D   E   F   G   H   I   K   L   M   N   P   Q   R   S   T   V   W   X   Y   Z   *   -
 0.0014  0.0000  0.0004  0.0002  0.0003  0.0037  0.0003  0.0003  0.0067  0.0005  0.2059  1.0000  0.0003  0.0006  0.0007  0.0005  0.0004  0.0008  0.0037  0.0004  0.0000  0.0005  0.0000  0.0000  0.0000
 0.0299  0.0000  0.0063  1.0000  0.1789  0.0056  0.0945  0.0290  0.0032  0.0414  0.0068  0.0025  0.8657  0.0232  0.0298  0.3180  0.2915  0.0300  0.0054  0.0029  0.0000  0.0146  0.0000  0.0000  0.0000
 0.0039  0.0000  0.0004  0.0008  0.0054  0.0008  0.0029  0.0034  0.0016  1.0000  0.0039  0.0013  0.0038  0.0031  0.0091  0.9223  0.0032  0.0041  0.0022  0.0006  0.0000  0.0017  0.0000  0.0000  0.0000
 0.0011  0.0000  0.0003  0.0001  0.0003  0.0028  0.0002  0.0002  0.0053  0.0004  0.1649  1.0000  0.0003  0.0005  0.0005  0.0004  0.0003  0.0007  0.0482  0.0003  0.0000  0.0004  0.0000  0.0000  0.0000
 0.0027  0.0000  0.0003  0.0008  0.0039  0.0006  0.0020  0.0793  0.0011  1.0000  0.0027  0.0009  0.0028  0.0021  0.2320  0.0155  0.0023  0.0029  0.0015  0.0004  0.0000  0.0012  0.0000  0.0000  0.0000
 0.0056  0.0000  0.0007  0.0048  0.0076  0.0011  0.0062  0.0050  0.0021  1.0000  0.0049  0.0016  0.3595  0.0043  0.0117  0.1144  0.1286  0.0062  0.0028  0.0008  0.0000  0.0025  0.0000  0.0000  0.0000
 0.0112  0.0000  0.0030  0.0014  0.0029  1.0000  0.0023  0.0022  0.6928  0.0037  0.5122  0.0369  0.0027  0.0047  0.0056  0.0037  0.0033  0.0066  0.0337  0.0051  0.0000  0.0106  0.0000  0.0000  0.0000
 0.0646  0.0000  0.0027  0.0028  0.0090  0.0048  0.0132  0.0047  0.0098  1.0000  0.1637  0.0064  0.0061  0.0088  0.0129  0.0288  0.0131  0.0096  0.0114  0.0014  0.0000  0.0030  0.0000  0.0000  0.0000
 0.0032  0.0000  0.0003  0.0008  0.0045  0.0007  0.0024  0.0369  0.0014  0.3047  0.0032  0.0011  0.0954  0.0025  0.0633  1.0000  0.0549  0.0035  0.0018  0.0005  0.0000  0.0015  0.0000  0.0000  0.0000
 0.0122  0.0000  0.0013  0.0024  0.0137  0.0610  0.0082  0.0088  0.0053  0.0667  0.0128  0.1066  0.0099  0.0082  0.5243  1.0000  0.0719  0.0119  0.0066  0.0017  0.0000  0.0048  0.0000  0.0000  0.0000
 0.0020  0.0000  0.0009  0.0003  0.0005  0.3667  0.0003  0.0001  0.0050  0.0001  1.0000  0.0026  0.0001  0.0008  0.0001  0.0001  0.0013  0.0012  0.0041  0.0085  0.0000  0.1180  0.0000  0.0000  0.0000
 0.0053  0.0000  0.0011  0.0023  0.0014  0.0005  0.0017  0.0007  0.0016  0.0021  0.0015  0.0008  0.0430  0.0026  0.0016  0.0013  1.0000  0.0482  0.0712  0.0003  0.0000  0.0006  0.0000  0.0000  0.0000
 0.1996  0.0000  0.0392  0.0694  0.0777  0.1648  0.1497  0.2981  0.2034  0.1526  1.0000  0.5102  0.0984  0.0741  0.1135  0.1367  0.2583  0.1167  0.1612  0.0339  0.0000  0.1328  0.0000  0.0000  0.0000
 0.1000  0.0000  0.0040  0.0077  0.0051  0.0750  0.0077  0.0022  0.0054  0.0078  0.0053  0.0028  0.0137  0.0099  0.0059  0.1339  1.0000  0.9552  0.0091  0.0012  0.0000  0.0022  0.0000  0.0000  0.0000
 0.0112  0.0000  0.0028  0.0013  0.0028  0.2486  0.0021  0.0021  0.0556  0.0038  1.0000  0.0332  0.0026  0.0044  0.0053  0.1127  0.0031  0.0068  0.5396  0.0031  0.0000  0.0035  0.0000  0.0000  0.0000
 1.0000  0.0000  0.0974  0.1585  0.1282  0.0413  0.6803  0.0472  0.0484  0.2172  0.1071  0.0477  0.1749  0.4586  0.1128  0.5597  0.5710  0.2048  0.1624  0.0169  0.0000  0.0426  0.0000  0.0000  0.0000
 1.0000  0.0000  0.1009  0.2580  0.1594  0.0461  0.7992  0.0708  0.0519  0.2596  0.1146  0.0495  0.2914  0.2743  0.1362  0.3710  0.6296  0.2312  0.1650  0.0205  0.0000  0.0546  0.0000  0.0000  0.0000
 1.0000  0.0000  0.1065  0.1172  0.1163  0.0462  0.7327  0.0327  0.0727  0.1488  0.2045  0.0562  0.1480  0.3757  0.1014  0.1283  0.9147  0.7603  0.1930  0.0199  0.0000  0.0423  0.0000  0.0000  0.0000
 0.0298  0.0000  0.0024  0.0277  0.6353  0.0042  0.0173  0.1812  0.0091  0.1080  0.0186  0.0064  0.0237  0.0447  0.2988  1.0000  0.1119  0.2337  0.0130  0.0026  0.0000  0.0075  0.0000  0.0000  0.0000
 0.3745  0.0000  0.0477  0.1890  0.1465  0.0250  0.2983  0.0341  0.1462  0.1313  0.0710  0.0344  0.1832  0.1288  0.0968  0.0781  0.6964  1.0000  0.1079  0.0136  0.0000  0.0280  0.0000  0.0000  0.0000
 0.0296  0.0000  0.0068  0.0534  0.0058  0.0123  0.0038  0.0016  1.0000  0.0071  0.1198  0.0433  0.0059  0.0073  0.0045  0.0048  0.2826  0.1234  0.1928  0.0018  0.0000  0.0053  0.0000  0.0000  0.0000
 0.0611  0.0000  0.0055  1.0000  0.9614  0.0079  0.4436  0.0782  0.0070  0.0724  0.0139  0.0054  0.1379  0.0412  0.0737  0.3123  0.0761  0.0395  0.0129  0.0039  0.0000  0.0162  0.0000  0.0000  0.0000
 0.0075  0.0000  0.0006  0.0067  1.0000  0.0012  0.0421  0.0049  0.0023  0.4641  0.0053  0.0018  0.0073  0.0051  0.0136  0.0887  0.0387  0.0063  0.0033  0.0008  0.0000  0.0025  0.0000  0.0000  0.0000
 0.0358  0.0000  0.0065  0.2446  0.1105  0.0474  0.0375  0.0126  0.0090  0.0305  0.0109  0.0049  0.1509  0.0198  0.0216  0.2206  1.0000  0.6682  0.0141  0.0025  0.0000  0.0075  0.0000  0.0000  0.0000
 0.5345  0.0000  0.0564  0.1984  0.0917  0.0269  0.5011  0.0438  0.0294  0.0977  1.0000  0.0271  0.2401  0.2393  0.0657  0.0611  0.4930  0.1592  0.0883  0.0107  0.0000  0.0327  0.0000  0.0000  0.0000
 0.8547  0.0000  0.0646  0.8166  1.0000  0.0708  0.4809  0.1702  0.1955  0.9303  0.3128  0.1852  0.6702  0.2939  0.5941  0.6782  0.9742  0.7682  0.2965  0.0245  0.0000  0.0745  0.0000  0.0000  0.0000
 0.0279  0.0000  0.0005  0.2023  1.0000  0.0026  0.0118  0.0070  0.0033  0.0282  0.0062  0.0025  0.0141  0.0169  0.0698  0.0076  0.6076  0.0126  0.0064  0.0012  0.0000  0.0036  0.0000  0.0000  0.0000
 0.5754  0.0000  0.1616  0.1873  0.2489  0.9846  0.3180  0.6646  0.4574  0.2650  0.7970  0.2015  0.2803  0.1864  0.2679  0.4575  0.5479  0.3570  0.5298  0.1689  0.0000  1.0000  0.0000  0.0000  0.0000
 0.3492  0.0000  0.0732  0.0738  0.0656  0.0217  0.0760  0.0254  0.0544  0.1011  0.0955  0.0276  0.1208  0.0891  0.1228  0.2775  0.6134  1.0000  0.0926  0.0116  0.0000  0.0252  0.0000  0.0000  0.0000
 0.2448  0.0000  0.0539  0.9163  0.7100  0.0959  0.7795  0.2858  0.0566  0.3219  0.1045  0.0367  1.0000  0.1709  0.2603  0.1824  0.4899  0.2904  0.0817  0.0345  0.0000  0.2127  0.0000  0.0000  0.0000
 0.9522  0.0000  0.1921  0.5590  0.2680  0.0684  0.7587  0.2459  0.0847  0.3843  0.1453  0.0634  0.6705  0.5265  0.5268  0.2646  1.0000  0.6739  0.1995  0.0311  0.0000  0.1030  0.0000  0.0000  0.0000
 0.0903  0.0000  0.0315  0.0363  0.0483  1.0000  0.0584  0.3132  0.2282  0.0515  0.6274  0.5338  0.1437  0.0364  0.0522  0.0616  0.0710  0.1606  0.1814  0.0329  0.0000  0.2704  0.0000  0.0000  0.0000
 0.6069  0.0000  0.1485  0.3163  0.4208  0.6600  0.4606  0.6318  0.3384  0.7210  0.7629  0.1899  1.0000  0.2232  0.3525  0.3838  0.9718  0.7693  0.4431  0.1438  0.0000  0.7635  0.0000  0.0000  0.0000
 0.1836  0.0000  0.0175  0.0900  0.2435  0.0354  0.2281  0.3416  0.1164  1.0000  0.1355  0.0889  0.1481  0.2112  0.7625  0.9513  0.5556  0.1677  0.0912  0.0190  0.0000  0.0606  0.0000  0.0000  0.0000
 0.3348  0.0000  0.0215  0.4588  1.0000  0.0479  0.1627  0.1274  0.0768  0.7710  0.1642  0.0535  0.1655  0.1907  0.4205  0.5550  0.1972  0.1892  0.1238  0.0240  0.0000  0.0751  0.0000  0.0000  0.0000
 0.2709  0.0000  0.0337  0.6969  0.9166  0.0435  0.4253  0.7587  0.0574  0.6803  0.1189  0.0416  0.9309  1.0000  0.4792  0.5261  0.7226  0.2418  0.0865  0.0239  0.0000  0.0920  0.0000  0.0000  0.0000
 1.0000  0.0000  0.2075  0.5478  0.8333  0.6152  0.4942  0.5235  0.5671  0.7956  0.8016  0.2707  0.5897  0.3752  0.5979  0.5995  0.9485  0.9921  0.8487  0.1652  0.0000  0.8432  0.0000  0.0000  0.0000
 0.3114  0.0000  0.0485  0.3277  0.3708  0.1174  0.3150  0.2301  0.1449  1.0000  0.2341  0.0794  0.4530  0.1852  0.4264  0.8292  0.3852  0.3051  0.1646  0.0453  0.0000  0.1909  0.0000  0.0000  0.0000
 0.2744  0.0000  0.0481  0.0739  0.2296  0.0714  0.1395  0.1661  0.1300  1.0000  0.2089  0.0735  0.2119  0.1629  0.3613  0.8711  0.4124  0.5427  0.2529  0.0353  0.0000  0.1164  0.0000  0.0000  0.0000
 0.3460  0.0000  0.0293  0.4893  0.5711  0.0319  0.4673  1.0000  0.1542  0.4258  0.1371  0.0481  0.6132  0.3033  0.4455  0.2385  0.4399  0.3066  0.1279  0.0114  0.0000  0.0374  0.0000  0.0000  0.0000
 0.0076  0.0000  0.0002  0.0606  1.0000  0.0007  0.0969  0.1387  0.0009  0.0078  0.0017  0.0007  0.0055  0.0047  0.0515  0.0022  0.0047  0.0036  0.0017  0.0003  0.0000  0.0011  0.0000  0.0000  0.0000
 0.1081  0.0000  0.0072  1.0000  0.0424  0.0060  0.1765  0.3345  0.0034  0.0411  0.0069  0.0026  0.4796  0.0239  0.0276  0.0209  0.5945  0.1475  0.0057  0.0031  0.0000  0.0157  0.0000  0.0000  0.0000
 0.4523  0.0000  0.1151  0.2221  0.5179  0.4423  0.3880  0.4258  0.3095  0.7747  1.0000  0.4883  0.2860  0.2901  0.3899  0.6253  0.3568  0.3506  0.6079  0.1202  0.0000  0.6090  0.0000  0.0000  0.0000
 0.3197  0.0000  0.0224  0.1970  0.4210  0.0305  0.2290  0.1175  0.2002  1.0000  0.1580  0.0540  0.2102  0.1544  0.3757  0.5954  0.2694  0.2401  0.1226  0.0162  0.0000  0.0443  0.0000  0.0000  0.0000
 0.0510  0.0000  0.0131  0.0063  0.0132  0.1371  0.0820  0.1727  0.3067  0.0178  1.0000  0.5146  0.0127  0.0216  0.0267  0.0178  0.0146  0.0294  0.1397  0.0161  0.0000  0.0177  0.0000  0.0000  0.0000
 0.0066  0.0000  0.0012  0.0190  0.0057  0.0009  1.0000  0.1026  0.0005  0.0056  0.0011  0.0004  0.0784  0.0037  0.0038  0.0029  0.1046  0.0050  0.0423  0.0004  0.0000  0.0021  0.0000  0.0000  0.0000
 0.0293  0.0000  0.0063  0.0381  0.0157  0.0038  0.0269  0.1603  0.0081  0.0240  0.0087  0.0043  0.1587  0.1562  0.0150  0.0602  1.0000  0.1512  0.0127  0.0023  0.0000  0.0063  0.0000  0.0000  0.0000
 0.0660  0.0000  0.0159  1.0000  0.0990  0.0136  0.2849  0.1541  0.0066  0.0941  0.2076  0.0053  0.4274  0.0535  0.0633  0.0477  0.1803  0.0699  0.0110  0.0070  0.0000  0.0363  0.0000  0.0000  0.0000
 0.0039  0.0000  0.0004  0.0022  0.0014  0.0005  1.0000  0.0007  0.0005  0.0534  0.0012  0.0003  0.0019  0.0028  0.0011  0.0016  0.0026  0.0013  0.0009  0.0004  0.0000  0.0005  0.0000  0.0000  0.0000
 0.6215  0.0000  0.0652  0.8930  0.9087  0.0702  0.7140  0.2205  0.1407  0.9399  0.2934  0.0862  1.0000  0.2829  0.5313  0.7092  0.8447  0.5006  0.2156  0.0301  0.0000  0.1113  0.0000  0.0000  0.0000
 0.3619  0.0000  0.0774  0.9794  0.5509  0.2121  0.6477  0.3032  0.1138  0.4631  0.1971  0.0690  1.0000  0.2334  0.3070  0.2693  0.6286  0.3441  0.1593  0.0555  0.0000  0.2834  0.0000  0.0000  0.0000
 0.5265  0.0000  0.1800  0.2141  0.2819  0.7112  0.3333  0.5410  0.4305  0.2978  0.7185  0.2387  0.3148  0.2134  0.2988  0.3510  0.4087  0.4065  0.5482  0.1853  0.0000  1.0000  0.0000  0.0000  0.0000
 0.6469  0.0000  0.0486  0.9159  0.8533  0.0472  0.3393  0.1111  0.1613  0.7919  0.3385  0.0913  0.6749  0.9073  0.6800  0.6099  1.0000  0.5855  0.2457  0.0166  0.0000  0.0408  0.0000  0.0000  0.0000
 1.0000  0.0000  0.1185  0.6117  0.2817  0.0988  0.9743  0.1678  0.0767  0.3044  0.1523  0.0626  0.6937  0.3696  0.2507  0.2008  0.7817  0.3272  0.1902  0.0355  0.0000  0.2107  0.0000  0.0000  0.0000
 0.0122  0.0000  0.0025  0.1124  1.0000  0.0024  0.0881  0.0636  0.0014  0.0166  0.0029  0.0011  0.1851  0.0094  0.0657  0.0080  0.0925  0.0117  0.0023  0.0012  0.0000  0.0772  0.0000  0.0000  0.0000
 0.0752  0.0000  0.0484  0.0065  0.0068  0.0028  0.1436  0.0015  0.0033  0.0502  0.0070  0.0033  0.0063  0.0181  0.0052  0.0055  1.0000  0.0165  0.1024  0.0010  0.0000  0.0023  0.0000  0.0000  0.0000
 0.4717  0.0000  0.1008  0.7437  0.1205  0.2290  0.1278  0.1549  0.6034  0.1249  0.4150  0.1663  0.1132  0.1213  0.1121  0.1210  0.3423  0.3283  1.0000  0.0564  0.0000  0.3861  0.0000  0.0000  0.0000
 0.0309  0.0000  0.0038  0.1052  0.4956  0.0044  0.1363  0.0464  0.0042  0.0411  0.0082  0.0031  0.2460  0.1571  1.0000  0.0197  0.0478  0.1605  0.0072  0.0022  0.0000  0.0094  0.0000  0.0000  0.0000
 1.0000  0.0000  0.0576  0.0226  0.0461  0.2761  0.0920  0.0134  0.2590  0.0480  0.3395  0.0785  0.0269  0.0849  0.0375  0.0312  0.2811  0.1751  0.8285  0.0111  0.0000  0.0259  0.0000  0.0000  0.0000
 0.0024  0.0000  0.0004  0.0067  0.0969  0.0003  0.0047  0.0014  0.0003  0.0021  0.0005  0.0002  0.0458  0.0014  0.0016  0.0011  1.0000  0.0030  0.0005  0.0002  0.0000  0.0007  0.0000  0.0000  0.0000
 0.9761  0.0000  0.0222  0.4495  0.8251  0.0169  0.7313  0.0329  0.0200  0.1215  0.0404  0.0176  0.0920  1.0000  0.1414  0.0430  0.1640  0.0806  0.0540  0.0073  0.0000  0.0205  0.0000  0.0000  0.0000
 0.4331  0.0000  0.3523  0.1795  0.3209  0.5876  0.3252  0.4540  0.3308  0.2534  0.6052  0.1854  0.2995  0.1746  0.3235  0.2965  0.3509  1.0000  0.5226  0.1546  0.0000  0.9853  0.0000  0.0000  0.0000
 0.2624  0.0000  0.0168  0.3429  0.1291  0.0128  0.0604  0.0221  0.0370  0.1906  0.1736  0.0200  0.1530  0.1126  0.0838  0.0734  1.0000  0.5072  0.0570  0.0606  0.0000  0.0134  0.0000  0.0000  0.0000
 0.0896  0.0000  0.0013  0.0970  0.0020  0.0007  0.0038  0.0009  0.0016  0.0026  0.0017  0.0009  0.0051  0.0034  0.0020  0.0764  1.0000  0.0649  0.0028  0.0004  0.0000  0.0008  0.0000  0.0000  0.0000
 0.2196  0.0000  0.0128  1.0000  0.4375  0.0196  0.3045  0.0955  0.0409  0.3081  0.2064  0.0253  0.1512  0.0816  0.1765  0.2691  0.1636  0.1262  0.0628  0.0081  0.0000  0.0265  0.0000  0.0000  0.0000
 0.0970  0.0000  0.0025  0.1058  1.0000  0.0049  0.0259  0.0129  0.0106  0.1347  0.1747  0.0069  0.0298  0.1340  0.2767  0.0355  0.1165  0.0343  0.0177  0.0022  0.0000  0.0059  0.0000  0.0000  0.0000
 0.6026  0.0000  0.0893  0.4110  0.6477  0.0435  0.2604  0.0779  0.1441  0.5048  0.1957  0.0767  0.3485  0.2692  0.3327  0.2883  0.9129  1.0000  0.2535  0.0192  0.0000  0.0396  0.0000  0.0000  0.0000
 0.1674  0.0000  0.0082  0.4588  0.1362  0.0114  0.1038  0.1121  0.0088  0.0653  0.0574  0.0060  0.3089  1.0000  0.1138  0.0321  0.0883  0.0433  0.0142  0.0047  0.0000  0.0223  0.0000  0.0000  0.0000
 0.3193  0.0000  0.0447  0.7342  0.7926  0.0369  1.0000  0.1373  0.1674  0.3671  0.1031  0.0392  0.9845  0.1680  0.2495  0.1971  0.7113  0.7148  0.1041  0.0177  0.0000  0.0678  0.0000  0.0000  0.0000
 0.8876  0.0000  0.2043  0.4227  0.6218  0.7085  0.5764  0.5872  0.4630  0.7286  0.7588  0.2605  0.5123  0.3346  0.5601  0.6376  0.7379  0.6452  0.6978  0.1954  0.0000  1.0000  0.0000  0.0000  0.0000
 0.6181  0.0000  0.1261  0.1616  0.3215  0.2657  0.1825  0.2201  0.5907  0.6368  0.7290  0.1959  0.2712  0.2154  0.4981  0.5282  0.3626  0.5324  1.0000  0.0689  0.0000  0.3049  0.0000  0.0000  0.0000
 0.0720  0.0000  0.0146  0.0844  0.0199  0.0073  0.0231  0.0088  0.1394  0.0287  0.0195  0.0106  0.0558  0.2563  0.0224  0.0180  1.0000  0.3507  0.0338  0.0047  0.0000  0.0085  0.0000  0.0000  0.0000
 0.0772  0.0000  0.0011  0.0455  0.0029  0.0005  0.0062  0.0006  0.0007  0.0021  0.0012  0.0006  0.0025  1.0000  0.0015  0.0536  0.0075  0.0327  0.0020  0.0002  0.0000  0.0005  0.0000  0.0000  0.0000
 0.7602  0.0000  0.1011  0.4272  0.4412  0.1282  0.4592  0.1548  0.1621  0.4471  0.2410  0.0950  0.4661  0.2724  0.3050  0.2915  0.9869  1.0000  0.2921  0.0435  0.0000  0.1682  0.0000  0.0000  0.0000
 0.5309  0.0000  0.1737  0.2473  0.3092  0.6837  0.3664  0.5372  0.3896  0.3359  0.6459  0.2233  0.3195  0.2100  0.3109  0.4202  0.4321  0.4044  0.5268  0.1799  0.0000  1.0000  0.0000  0.0000  0.0000
 0.1559  0.0000  0.0204  0.0630  0.2134  0.0205  0.0540  0.0404  0.3552  0.4752  0.2877  0.0325  0.0750  0.1187  0.3577  0.2618  0.0965  0.1691  1.0000  0.0079  0.0000  0.0234  0.0000  0.0000  0.0000
 0.5066  0.0000  0.1895  0.2079  0.2771  0.7013  0.3287  0.5390  0.3920  0.2918  0.6505  0.2196  0.3070  0.2040  0.2936  0.3676  0.4096  0.4013  0.5069  0.1838  0.0000  1.0000  0.0000  0.0000  0.0000
 0.1332  0.0000  0.0423  0.0501  0.0856  0.1657  0.0874  0.1975  0.1180  0.2714  0.6981  1.0000  0.2603  0.0599  0.3650  0.2366  0.1056  0.1076  0.1251  0.0452  0.0000  0.5804  0.0000  0.0000  0.0000
 0.1051  0.0000  0.1244  0.0272  0.0375  0.1424  0.0450  0.1726  0.0519  0.0463  0.0853  0.0290  0.0411  0.0728  0.1065  1.0000  0.0964  0.0533  0.1249  0.0239  0.0000  0.1291  0.0000  0.0000  0.0000
 0.0453  0.0000  0.0058  0.1127  0.0669  0.0089  0.0624  0.0402  0.0152  0.5887  0.0352  0.0117  1.0000  0.0347  0.3670  0.5556  0.0589  0.1051  0.0207  0.0061  0.0000  0.0202  0.0000  0.0000  0.0000
 0.1406  0.0000  0.0196  0.0485  0.2704  0.0573  0.0927  0.7061  0.0648  1.0000  0.1335  0.0447  0.3392  0.0892  0.5030  0.9702  0.1184  0.3443  0.1746  0.0242  0.0000  0.2664  0.0000  0.0000  0.0000
 0.6157  0.0000  0.1817  0.2739  0.3832  0.7041  0.4178  0.5587  0.4805  0.3922  0.7014  0.2309  0.4255  0.4045  0.3752  0.4036  0.5073  0.4931  0.5722  0.2112  0.0000  1.0000  0.0000  0.0000  0.0000
 0.3092  0.0000  0.0438  0.8609  0.2564  0.0561  0.6222  0.3061  0.0295  0.2369  0.0579  0.0204  1.0000  0.2757  0.2834  0.1265  0.4431  0.1809  0.0442  0.0229  0.0000  0.1483  0.0000  0.0000  0.0000
 0.0061  0.0000  0.0007  0.0051  0.0071  0.0011  0.0067  0.0046  0.0019  0.0299  0.0045  0.0015  0.0562  0.0468  0.0105  1.0000  0.0064  0.0058  0.0027  0.0835  0.0000  0.0023  0.0000  0.0000  0.0000
 0.0156  0.0000  0.0015  0.0027  0.0216  0.0032  0.0110  0.0139  0.0067  0.8703  0.0158  0.0052  0.0151  0.0122  0.0855  1.0000  0.0873  0.0167  0.1846  0.0520  0.0000  0.0070  0.0000  0.0000  0.0000
 0.0834  0.0000  0.0253  0.0268  0.0352  0.3917  0.0729  0.0595  1.0000  0.0399  0.5430  0.0894  0.0416  0.0335  0.0420  0.0444  0.3334  0.1284  0.1531  0.2842  0.0000  0.1173  0.0000  0.0000  0.0000
 0.0050  0.0000  0.0011  0.0765  0.0051  0.0489  0.0654  0.0036  0.0009  0.0052  0.0012  0.0005  0.0788  0.0035  0.0036  0.0027  1.0000  0.1052  0.0014  0.0005  0.0000  0.0019  0.0000  0.0000  0.0000
 0.5229  0.0000  0.0805  0.5292  1.0000  0.1815  0.2068  0.2290  0.2397  0.4794  0.3007  0.1620  0.2769  0.2297  0.3902  0.3029  0.5428  0.7067  0.4150  0.0547  0.0000  0.2435  0.0000  0.0000  0.0000
 0.0027  0.0000  0.0000  0.1839  1.0000  0.0002  0.0010  0.0007  0.0003  0.0027  0.0006  0.0002  0.0012  0.0016  0.0840  0.0007  0.0583  0.0012  0.0006  0.0001  0.0000  0.0003  0.0000  0.0000  0.0000
 0.0245  0.0000  0.0025  1.0000  0.2126  0.0030  0.0790  0.0122  0.0026  0.0259  0.0051  0.0020  0.0548  0.0651  0.0256  0.3306  0.0632  0.0152  0.0049  0.0015  0.0000  0.0062  0.0000  0.0000  0.0000
 0.0022  0.0000  0.0007  0.0456  0.0006  0.0026  0.0008  0.0000  1.0000  0.0008  0.3807  0.0025  0.0005  0.0004  0.0003  0.0007  0.0008  0.0334  0.7157  0.0003  0.0000  0.0012  0.0000  0.0000  0.0000
 0.0114  0.0000  0.0023  0.0435  0.0167  0.0023  0.0320  0.1003  0.0020  0.1094  0.0045  0.0016  1.0000  0.0704  0.5763  0.0211  0.4325  0.0133  0.0030  0.0013  0.0000  0.0058  0.0000  0.0000  0.0000
 0.0012  0.0000  0.0001  0.0003  0.0017  0.0003  0.0010  0.0011  0.0005  1.0000  0.0012  0.0004  0.0012  0.0010  0.0028  0.3856  0.0010  0.0013  0.0007  0.0002  0.0000  0.0005  0.0000  0.0000  0.0000
 0.0466  0.0000  0.0184  0.0008  0.0037  0.0008  0.0042  0.0022  0.0018  0.0168  0.0334  0.0012  0.0026  0.0031  0.3234  1.0000  0.0043  0.0036  0.0030  0.0005  0.0000  0.0012  0.0000  0.0000  0.0000
 0.0011  0.0000  0.0003  0.0001  0.0003  0.0029  0.0002  0.0002  0.0053  0.0004  1.0000  0.0327  0.0003  0.0475  0.0006  0.0004  0.0003  0.0006  0.0029  0.0003  0.0000  0.0004  0.0000  0.0000  0.0000
 0.0019  0.0000  0.0004  0.0417  0.0008  0.0002  0.0012  0.0004  0.0005  0.0247  0.0005  0.0003  0.0023  0.0010  0.0007  0.0006  1.0000  0.0367  0.0008  0.0001  0.0000  0.0003  0.0000  0.0000  0.0000
 0.0020  0.0000  0.0005  0.0002  0.0004  0.0026  0.0003  0.0002  0.0413  0.0005  1.0000  0.0032  0.0003  0.0006  0.0005  0.0005  0.0236  0.0015  0.2815  0.0003  0.0000  0.0005  0.0000  0.0000  0.0000
 0.0429  0.0000  0.0011  0.0009  0.0010  0.0004  0.0059  0.0002  0.0243  0.0011  0.0011  0.0005  0.0008  1.0000  0.0008  0.0008  0.3691  0.0029  0.0020  0.0002  0.0000  0.0003  0.0000  0.0000  0.0000
 1.0000  0.0000  0.0099  0.0119  0.1037  0.0043  0.0547  0.0024  0.0051  0.0118  0.0104  0.2492  0.0083  0.0253  0.0088  0.0079  0.4574  0.0227  0.0172  0.0016  0.0000  0.0490  0.0000  0.0000  0.0000
 0.0022  0.0000  0.0005  1.0000  0.0029  0.0004  0.0055  0.0017  0.0659  0.0024  0.0006  0.0002  0.0520  0.0016  0.0017  0.0012  0.0060  0.0236  0.0007  0.0002  0.0000  0.0009  0.0000  0.0000  0.0000
 0.0135  0.0000  0.0036  0.0019  0.0034  0.0453  0.0034  0.0021  1.0000  0.0043  0.4674  0.0358  0.0032  0.0051  0.0055  0.0041  0.4457  0.0094  0.0595  0.0069  0.0000  0.0480  0.0000  0.0000  0.0000
 0.0273  0.0000  0.0004  0.0005  0.0040  0.0007  0.0021  0.0025  0.0410  0.3812  0.0035  0.0011  0.0028  0.0024  0.0067  1.0000  0.0025  0.0036  0.0349  0.0005  0.0000  0.0013  0.0000  0.0000  0.0000
 0.0050  0.0000  0.0011  0.0004  0.0271  0.0032  0.0005  0.0004  0.1975  0.0233  1.0000  0.0041  0.0006  0.0012  0.0010  0.0010  0.0497  0.0036  0.0531  0.0004  0.0000  0.0007  0.0000  0.0000  0.0000
 0.0801  0.0000  0.0098  0.0293  0.0772  0.0162  0.0338  0.0062  0.0393  0.0271  0.3417  0.0208  0.0164  1.0000  0.0216  0.0171  0.0540  0.0943  0.0527  0.0033  0.0000  0.0058  0.0000  0.0000  0.0000
 0.1196  0.0000  0.0057  1.0000  0.9103  0.0094  0.0990  0.0232  0.0236  0.1712  0.1201  0.0686  0.0658  0.2038  0.3691  0.0631  0.0931  0.0751  0.2072  0.0038  0.0000  0.0099  0.0000  0.0000  0.0000
 0.3384  0.0000  0.0113  0.3539  0.8348  0.0106  1.0000  0.1175  0.0373  0.2484  0.0605  0.0212  0.1897  0.1195  0.1210  0.1061  0.2424  0.1547  0.0571  0.0038  0.0000  0.0094  0.0000  0.0000  0.0000
 0.2837  0.0000  0.0961  0.3731  0.1495  0.6460  0.1744  0.2813  0.3074  0.1775  0.6332  0.1634  0.1642  0.1133  0.1606  0.1865  0.2127  0.2158  0.4797  0.0995  0.0000  1.0000  0.0000  0.0000  0.0000
 0.0050  0.0000  0.0011  0.0004  0.0010  0.0069  0.0005  0.0413  0.3948  0.0257  1.0000  0.0087  0.0008  0.0016  0.0016  0.0011  0.0011  0.0032  0.1892  0.0008  0.0000  0.0009  0.0000  0.0000  0.0000
 0.1241  0.0000  0.0038  0.2832  1.0000  0.0524  0.0875  0.0453  0.0134  0.1276  0.0216  0.0076  0.0353  0.0196  0.2862  0.4893  0.1566  0.0409  0.0549  0.0013  0.0000  0.0029  0.0000  0.0000  0.0000
 0.0040  0.0000  0.0004  0.0008  0.1778  0.0008  0.0028  0.0894  0.0017  1.0000  0.0462  0.0013  0.0039  0.0264  0.0095  0.0969  0.0033  0.0043  0.0023  0.0006  0.0000  0.0018  0.0000  0.0000  0.0000
 0.0183  0.0000  0.0039  0.0023  0.0053  0.0705  0.0040  0.0044  0.0311  0.0598  1.0000  0.0162  0.0042  0.0575  0.0391  0.0099  0.0479  0.0125  0.4086  0.0024  0.0000  0.0064  0.0000  0.0000  0.0000
 0.8159  0.0000  0.0637  0.6157  1.0000  0.0594  0.3754  0.1263  0.2648  0.9157  0.3198  0.1130  0.5807  0.2854  0.8139  0.5322  0.8296  0.8246  0.4466  0.0207  0.0000  0.0496  0.0000  0.0000  0.0000
 0.0074  0.0000  0.0019  0.0011  0.0021  0.0378  0.0018  0.0020  0.2610  0.0029  1.0000  0.5732  0.0021  0.0625  0.0866  0.0364  0.0378  0.0044  0.0194  0.0023  0.0000  0.0035  0.0000  0.0000  0.0000
 0.2341  0.0000  0.0115  0.0958  0.4229  0.0091  0.0888  0.0201  0.0289  0.1340  0.0450  0.0166  0.7759  0.0475  0.0843  1.0000  0.4451  0.2086  0.0955  0.0036  0.0000  0.0085  0.0000  0.0000  0.0000
 0.0958  0.0000  0.0199  0.0470  0.0323  0.0106  0.0312  0.0149  0.0301  0.0878  0.1352  0.0153  0.1768  0.3698  0.0592  0.0390  1.0000  0.6086  0.0470  0.0069  0.0000  0.0130  0.0000  0.0000  0.0000
 0.0047  0.0000  0.0004  0.0021  0.1246  0.0009  0.0032  0.0037  0.0017  0.3575  0.0041  0.0014  0.0042  1.0000  0.0100  0.1022  0.0274  0.0045  0.0024  0.0006  0.0000  0.0018  0.0000  0.0000  0.0000
 0.7583  0.0000  0.0536  0.6416  1.0000  0.0517  0.3881  0.1297  0.2283  0.9786  0.3077  0.1057  0.4988  0.3192  0.5911  0.5218  0.7375  0.6053  0.2847  0.0176  0.0000  0.0407  0.0000  0.0000  0.0000
 0.5572  0.0000  0.1806  0.3688  0.4244  0.8824  0.4161  0.5692  0.3959  0.3600  0.7802  0.2230  0.4335  0.3444  0.3445  0.3863  0.5068  0.4281  0.5085  0.1851  0.0000  1.0000  0.0000  0.0000  0.0000
 0.0757  0.0000  0.0042  1.0000  0.3958  0.0084  0.1022  0.0298  0.0092  0.1299  0.0180  0.0071  0.1032  0.6312  0.0949  0.0609  0.0673  0.0417  0.0171  0.0042  0.0000  0.0151  0.0000  0.0000  0.0000
 0.0130  0.0000  0.0012  0.0318  0.0178  0.0017  0.1313  0.0067  0.0041  1.0000  0.0084  0.0029  0.0133  0.0582  0.6531  0.5952  0.0532  0.0502  0.0058  0.0011  0.0000  0.0032  0.0000  0.0000  0.0000
 0.0361  0.0000  0.0005  0.0004  0.0005  0.0002  0.0027  0.0001  0.0003  0.0005  0.0005  0.0002  0.0004  1.0000  0.0004  0.0004  0.0027  0.0182  0.0009  0.0001  0.0000  0.0002  0.0000  0.0000  0.0000
 0.1429  0.0000  0.0238  0.0333  0.0668  0.1146  0.0690  0.0814  0.0661  0.4927  1.0000  0.1460  0.0585  0.0865  0.1013  0.1773  0.0701  0.0719  0.1072  0.0254  0.0000  0.1274  0.0000  0.0000  0.0000
 0.0320  0.0000  0.0436  0.0037  0.0233  0.0273  0.0041  0.0027  0.0036  0.0039  0.0272  0.0019  0.0064  0.0193  0.0033  0.0031  1.0000  0.2766  0.0056  0.0367  0.0000  0.0043  0.0000  0.0000  0.0000
 0.0279  0.0000  0.0003  0.0023  0.2569  0.0006  0.0025  0.0175  0.0014  0.1052  0.0028  0.0010  0.0033  0.0178  0.0290  1.0000  0.0209  0.0470  0.0019  0.0004  0.0000  0.0010  0.0000  0.0000  0.0000
 0.6694  0.0000  0.1483  0.2980  0.4614  0.5319  0.3301  0.4190  0.4049  0.7018  0.6542  0.3573  0.3502  0.2711  0.4243  1.0000  0.5240  0.4668  0.8278  0.1353  0.0000  0.7092  0.0000  0.0000  0.0000
 0.3927  0.0000  0.0800  0.0900  0.0823  0.0443  0.0567  0.0326  0.2668  0.1078  0.2079  0.0733  0.1631  0.1444  0.0835  0.0664  0.6655  1.0000  0.5438  0.0170  0.0000  0.0327  0.0000  0.0000  0.0000
 0.0018  0.0000  0.0002  0.0003  0.0024  0.0004  0.0013  0.0207  0.0008  0.0510  0.0018  0.0006  0.0188  0.0418  0.0283  1.0000  0.0014  0.0338  0.0010  0.0003  0.0000  0.0131  0.0000  0.0000  0.0000
 0.0300  0.0000  0.0001  0.0004  0.0355  0.0003  0.0010  0.0012  0.0006  0.0326  0.0014  0.0005  0.0013  0.0140  0.0196  1.0000  0.0011  0.0015  0.0181  0.0002  0.0000  0.0006  0.0000  0.0000  0.0000
 1.0000  0.0000  0.0242  0.0409  0.0682  0.0822  0.0919  0.0723  0.0529  0.5190  0.0908  0.0757  0.1122  0.1323  0.1131  0.1105  0.0813  0.0708  0.6257  0.0228  0.0000  0.1890  0.0000  0.0000  0.0000
 0.0232  0.0000  0.0023  0.0353  0.0038  0.0012  0.0053  0.0019  0.0031  0.0052  0.0030  0.0016  0.0276  0.0266  0.0039  0.2489  1.0000  0.1128  0.0050  0.0008  0.0000  0.0016  0.0000  0.0000  0.0000
 0.0591  0.0000  0.0028  0.0014  0.0027  0.2750  0.0018  0.0026  0.0437  0.0327  1.0000  0.0447  0.0023  0.0436  0.0035  0.0029  0.0464  0.0079  0.0688  0.0018  0.0000  0.0045  0.0000  0.0000  0.0000
 0.0187  0.0000  0.0008  0.0243  0.0009  0.0003  0.0494  0.0003  0.0004  0.0010  0.0008  0.0004  0.0016  0.0180  0.0007  0.0007  1.0000  0.0208  0.0013  0.0001  0.0000  0.0003  0.0000  0.0000  0.0000
 0.3670  0.0000  0.0014  0.3906  1.0000  0.0021  0.0127  0.0053  0.0057  0.0874  0.0094  0.0034  0.0158  0.0125  0.0720  0.0341  0.0435  0.0616  0.0091  0.0008  0.0000  0.0021  0.0000  0.0000  0.0000
 0.0211  0.0000  0.0013  0.0007  0.0013  0.2746  0.0009  0.0012  1.0000  0.0015  0.0476  0.0555  0.0011  0.0017  0.0191  0.0014  0.0504  0.0108  0.0126  0.0009  0.0000  0.0020  0.0000  0.0000  0.0000
 0.0172  0.0000  0.0005  0.0303  0.0122  0.0003  1.0000  0.0005  0.0003  0.0013  0.0006  0.0003  0.0025  0.0384  0.0011  0.0007  0.0035  0.0145  0.0009  0.0001  0.0000  0.0004  0.0000  0.0000  0.0000
 0.0025  0.0000  0.0003  0.0005  0.0031  1.0000  0.0018  0.0022  0.0013  0.0733  0.0030  0.0131  0.0022  0.0295  0.0052  0.0210  0.0020  0.0025  0.0016  0.0004  0.0000  0.0122  0.0000  0.0000  0.0000
 0.0016  0.0000  0.0003  0.0173  0.0021  0.0003  1.0000  0.0013  0.0002  0.0109  0.0005  0.0002  0.0065  0.0011  0.0332  0.0565  0.0106  0.0014  0.0003  0.0001  0.0000  0.0007  0.0000  0.0000  0.0000
 0.0013  0.0000  0.0001  0.0010  0.0395  0.0002  0.0009  0.0458  0.0005  1.0000  0.0011  0.0004  0.0013  0.0010  0.0940  0.0061  0.0200  0.0202  0.0006  0.0002  0.0000  0.0005  0.0000  0.0000  0.0000
 0.1629  0.0000  0.0073  0.0046  0.0065  0.0081  0.0158  0.0021  0.0287  0.0076  0.8295  1.0000  0.0064  0.1895  0.1931  0.0051  0.1025  0.0526  0.0534  0.0015  0.0000  0.0026  0.0000  0.0000  0.0000
 0.0145  0.0000  0.0002  0.2376  1.0000  0.0002  0.0040  0.0008  0.0004  0.0028  0.0007  0.0003  0.0156  0.0013  0.0182  0.0120  0.1364  0.0099  0.0006  0.0001  0.0000  0.0029  0.0000  0.0000  0.0000
 0.3533  0.0000  0.0035  0.3420  0.0972  0.0032  0.0246  0.0078  0.0121  0.1583  0.0195  0.0171  0.2639  0.0178  0.2962  0.0762  0.4300  1.0000  0.0184  0.0011  0.0000  0.0024  0.0000  0.0000  0.0000
 0.0002  0.0000  0.0001  0.0000  0.0001  0.2339  0.0000  0.0000  0.0004  0.0000  0.0010  0.0002  0.0000  0.0001  0.0000  0.0000  0.0001  0.0001  0.0004  0.0010  0.0000  1.0000  0.0000  0.0000  0.0000
 0.5419  0.0000  0.1025  0.1174  0.2544  0.1092  0.0772  0.0798  0.5025  0.2096  0.3769  0.1176  0.1174  0.1380  0.1844  0.1354  0.1869  0.4018  1.0000  0.0254  0.0000  0.1052  0.0000  0.0000  0.0000
 0.0005  0.0000  0.0000  0.0001  0.0036  0.0001  0.0003  0.0004  0.0002  1.0000  0.0005  0.0002  0.0035  0.0004  0.1120  0.0463  0.0004  0.0005  0.0003  0.0001  0.0000  0.0002  0.0000  0.0000  0.0000
 0.0019  0.0000  0.0004  0.0001  0.0069  0.0015  0.0001  0.0001  0.2464  0.0004  1.0000  0.0129  0.0002  0.0005  0.0202  0.0003  0.0004  0.0100  0.1730  0.0002  0.0000  0.0003  0.0000  0.0000  0.0000
 0.0016  0.0000  0.0000  0.4055  1.0000  0.0002  0.0241  0.0005  0.0002  0.0017  0.0004  0.0001  0.0012  0.0010  0.0021  0.0005  0.0010  0.0008  0.0004  0.0001  0.0000  0.0002  0.0000  0.0000  0.0000
 0.0009  0.0000  0.0001  0.0004  0.0013  0.0002  0.0007  0.0008  0.0003  1.0000  0.0008  0.0003  0.0031  0.0887  0.0443  0.0047  0.0008  0.0009  0.0005  0.0001  0.0000  0.0004  0.0000  0.0000  0.0000
 0.0006  0.0000  0.0002  0.0001  0.0002  0.0013  0.0002  0.0001  0.5113  0.0002  1.0000  0.0015  0.0002  0.0002  0.0002  0.0002  0.0002  0.0005  0.0725  0.0002  0.0000  0.0003  0.0000  0.0000  0.0000
 0.0000  0.0000  0.0000  0.0000  0.0000  0.0000  1.0000  0.0000  0.0000  0.0000  0.0000  0.0000  0.0000  0.0000  0.0000  0.0000  0.0000  0.0000  0.0000  0.0000  0.0000  0.0000  0.0000  0.0000  0.0000
 0.0060  0.0000  0.0001  0.0012  1.0000  0.0001  0.0006  0.0001  0.0001  0.0005  0.0002  0.0001  0.0002  0.0005  0.0006  0.0002  0.0004  0.0003  0.0002  0.0001  0.0000  0.0001  0.0000  0.0000  0.0000
 0.0000  0.0000  0.0000  0.0000  0.0000  0.0000  1.0000  0.0000  0.0000  0.0000  0.0000  0.0000  0.0000  0.0000  0.0000  0.0000  0.0000  0.0000  0.0000  0.0000  0.0000  0.0000  0.0000  0.0000  0.0000
 0.0009  0.0000  0.0002  0.0004  0.0002  0.0001  0.0003  0.0001  0.0003  0.0003  0.0002  0.0023  0.0007  0.0004  0.0003  0.0002  0.1925  1.0000  0.0004  0.0001  0.0000  0.0001  0.0000  0.0000  0.0000
 0.0000  0.0000  0.0000  0.0000  0.0000  0.0000  0.0000  0.0000  0.0000  0.0000  0.0000  0.0000  0.0000  0.0000  0.0000  0.0000  0.0000  0.0000  0.0000  0.0000  0.0000  1.0000  0.0000  0.0000  0.0000
 1.0000  0.0000  0.0008  0.0006  0.0007  0.0003  0.6013  0.0002  0.0004  0.0008  0.0008  0.0004  0.0005  0.0020  0.0005  0.0006  0.0039  0.0013  0.0013  0.0001  0.0000  0.0003  0.0000  0.0000  0.0000
 0.0078  0.0000  0.0016  0.0004  0.0012  0.0010  0.0001  0.0003  0.0227  0.0012  0.0063  0.0185  0.0006  0.0017  0.0009  0.0007  0.0013  1.0000  0.5771  0.0002  0.0000  0.0003  0.0000  0.0000  0.0000
 0.0000  0.0000  0.0000  0.0000  0.0000  0.0000  0.0000  0.0000  0.0000  0.0000  0.0000  0.0000  0.0000  0.0000  0.0000  0.0000  0.0000  0.0000  1.0000  0.0000  0.0000  0.0000  0.0000  0.0000  0.0000
 0.0003  0.0000  0.0001  0.0000  0.0001  0.4458  0.0000  0.0000  0.0006  0.0000  0.0014  0.0003  0.0000  0.0001  0.0000  0.0000  0.0002  0.0002  0.0005  0.0013  0.0000  1.0000  0.0000  0.0000  0.0000
 0.0004  0.0000  0.0000  0.0001  0.0005  0.0001  0.0004  0.0003  0.0002  1.0000  0.0004  0.0001  0.0003  0.0004  0.0008  0.0479  0.0003  0.0004  0.0002  0.0001  0.0000  0.0002  0.0000  0.0000  0.0000
 0.3505  0.0000  0.0004  0.0003  0.0004  0.0002  1.0000  0.0001  0.0002  0.0004  0.0004  0.0002  0.0003  0.0010  0.0003  0.0003  0.0020  0.0007  0.0007  0.0001  0.0000  0.0001  0.0000  0.0000  0.0000
 0.0066  0.0000  0.0007  0.0012  0.0089  0.1562  0.0047  0.0060  0.0030  0.4262  0.0431  0.0023  0.0063  0.0051  0.0504  1.0000  0.0054  0.0114  0.0159  0.0011  0.0000  0.0355  0.0000  0.0000  0.0000
 0.0086  0.0000  0.0020  0.3711  0.0356  0.0017  0.0293  0.1158  0.0009  0.0120  0.0019  0.0007  0.4554  0.0069  0.0084  0.0060  1.0000  0.0092  0.0081  0.0009  0.0000  0.0045  0.0000  0.0000  0.0000
 0.0114  0.0000  0.0097  0.0010  0.0067  0.0013  0.0033  0.0042  0.0834  1.0000  0.0970  0.0066  0.0824  0.0039  0.0111  0.4841  0.0042  0.0276  0.0053  0.0008  0.0000  0.0023  0.0000  0.0000  0.0000
 0.1612  0.0000  0.0078  0.0891  0.1771  0.0108  0.0589  0.1228  0.0485  0.1662  1.0000  0.0146  0.0899  0.0356  0.2567  0.0750  0.1316  0.1689  0.2484  0.0034  0.0000  0.0135  0.0000  0.0000  0.0000
 0.0012  0.0000  0.0003  0.0026  0.0009  0.0002  0.0048  0.0283  0.0003  0.0010  0.0003  0.0002  0.1047  0.0008  0.0266  0.0005  0.0329  1.0000  0.0005  0.0001  0.0000  0.0003  0.0000  0.0000  0.0000
 0.0389  0.0000  0.0093  0.6193  0.4207  0.0080  1.0000  0.0680  0.0039  0.0556  0.0087  0.0031  0.7465  0.0316  0.0378  0.0280  0.1058  0.0477  0.0065  0.0041  0.0000  0.2057  0.0000  0.0000  0.0000
 0.0884  0.0000  0.0065  0.0951  0.9319  0.0112  0.0533  0.0578  0.0261  0.6395  0.0598  0.0183  1.0000  0.0503  0.7620  0.4737  0.0764  0.0882  0.0376  0.0070  0.0000  0.0196  0.0000  0.0000  0.0000
 0.0047  0.0000  0.0015  0.0009  0.0014  0.1801  0.0018  0.0006  0.4374  0.0020  1.0000  0.1116  0.0014  0.0014  0.0015  0.1789  0.0018  0.2320  0.3411  0.0012  0.0000  0.0132  0.0000  0.0000  0.0000
 0.0173  0.0000  0.0089  0.0001  0.0002  0.0054  0.0000  0.0000  0.1081  0.0002  0.0039  0.0004  0.0001  0.0003  0.0001  0.0001  0.0110  0.0009  1.0000  0.0000  0.0000  0.0001  0.0000  0.0000  0.0000
 1.0000  0.0000  0.0002  0.0002  0.0002  0.0001  0.0013  0.0000  0.0001  0.0002  0.0002  0.0001  0.0002  0.0006  0.0002  0.0002  0.0154  0.0025  0.0004  0.0000  0.0000  0.0001  0.0000  0.0000  0.0000
 0.0004  0.0000  0.0001  0.0000  0.0001  0.0010  0.0001  0.0001  0.0018  0.0001  1.0000  0.1208  0.0001  0.0002  0.0002  0.0001  0.0159  0.0002  0.0010  0.0001  0.0000  0.0001  0.0000  0.0000  0.0000
 0.0004  0.0000  0.0000  0.0002  0.0005  0.0001  0.0006  0.0003  0.0002  1.0000  0.0004  0.0001  0.0003  0.0005  0.0148  0.0016  0.0003  0.0003  0.0002  0.0001  0.0000  0.0002  0.0000  0.0000  0.0000
 0.0037  0.0000  0.0003  0.0016  1.0000  0.0007  0.0024  0.0030  0.0015  0.6569  0.0034  0.0011  0.0033  0.0028  0.0082  0.0642  0.0029  0.0092  0.0802  0.0005  0.0000  0.0015  0.0000  0.0000  0.0000
 0.0006  0.0000  0.0001  0.0000  0.0001  0.0002  0.0001  0.0000  1.0000  0.0001  0.0011  0.0002  0.0001  0.0001  0.0001  0.0001  0.0001  0.0148  0.0142  0.0000  0.0000  0.0001  0.0000  0.0000  0.0000
 0.0005  0.0000  0.0001  0.0001  0.0007  0.0001  0.0004  0.1076  0.0002  0.0235  0.0005  0.0002  0.0005  0.0004  0.0013  1.0000  0.0004  0.0006  0.0003  0.0001  0.0000  0.0002  0.0000  0.0000  0.0000
 0.0147  0.0000  0.0001  0.0000  0.0001  0.0007  0.0001  0.0001  0.0014  0.0001  1.0000  0.0009  0.0001  0.0002  0.0001  0.0001  0.0001  0.0002  0.0086  0.0001  0.0000  0.0001  0.0000  0.0000  0.0000
 0.0013  0.0000  0.0000  0.2418  1.0000  0.0001  0.0005  0.0003  0.0002  0.0013  0.0003  0.0001  0.0005  0.0008  0.2355  0.0003  0.0006  0.0006  0.0003  0.0001  0.0000  0.0002  0.0000  0.0000  0.0000
 0.4639  0.0000  0.0177  0.2761  1.0000  0.0311  0.1259  0.9865  0.0548  0.2300  0.1648  0.0310  0.1891  0.0723  0.5979  0.1340  0.6150  0.2710  0.0811  0.0092  0.0000  0.0825  0.0000  0.0000  0.0000
 0.0006  0.0000  0.0000  0.0520  1.0000  0.0001  0.0002  0.0002  0.0001  0.0076  0.0001  0.0001  0.0003  0.0004  0.0008  0.0002  0.0003  0.0003  0.0001  0.0000  0.0000  0.0001  0.0000  0.0000  0.0000
 0.0005  0.0000  0.0001  0.0014  1.0000  0.0001  0.0008  0.0002  0.0001  0.0006  0.0002  0.0001  0.0147  0.0005  0.0006  0.0003  0.0004  0.0003  0.0002  0.0001  0.0000  0.0001  0.0000  0.0000  0.0000
 0.0028  0.0000  0.0003  0.0004  0.0022  0.0001  1.0000  0.0001  0.0002  0.0003  0.0003  0.0001  0.0003  0.0008  0.0002  0.0003  0.0014  0.0005  0.0147  0.0001  0.0000  0.0001  0.0000  0.0000  0.0000
 1.0000  0.0000  0.0061  0.0014  0.0045  0.0033  0.0001  0.0011  0.1349  0.0045  0.0512  0.0065  0.0160  0.0064  0.0034  0.0025  0.0045  0.3230  0.7585  0.0005  0.0000  0.0010  0.0000  0.0000  0.0000
 0.0015  0.0000  0.0002  0.0004  0.0003  0.0002  0.0014  0.0001  0.0002  0.0004  0.0004  0.0001  0.0003  1.0000  0.0002  0.0004  0.0150  0.0004  0.0003  0.0001  0.0000  0.0001  0.0000  0.0000  0.0000
 1.0000  0.0000  0.2892  0.1081  0.0989  0.1218  0.5364  0.0261  0.0536  0.1207  0.1021  0.0479  0.1170  0.2510  0.0795  0.0825  0.8465  0.3408  0.1712  0.0157  0.0000  0.0339  0.0000  0.0000  0.0000
 0.0078  0.0000  0.0002  0.0003  0.0146  0.0001  0.0004  0.0001  0.0002  0.0003  0.0002  0.0001  0.0005  0.0004  0.0002  0.0002  0.0135  1.0000  0.0004  0.0000  0.0000  0.0001  0.0000  0.0000  0.0000
 1.0000  0.0000  0.0146  0.0002  0.0002  0.0001  0.0016  0.0000  0.0001  0.0003  0.0003  0.0069  0.0002  0.0007  0.0002  0.0002  0.0072  0.0005  0.0005  0.0000  0.0000  0.0001  0.0000  0.0000  0.0000
 0.0002  0.0000  0.0001  0.0000  0.0001  0.0003  0.0001  0.0000  1.0000  0.0001  0.0200  0.0003  0.0001  0.0000  0.0000  0.0001  0.0148  0.0002  0.0252  0.0000  0.0000  0.0001  0.0000  0.0000  0.0000
 0.0007  0.0000  0.0001  0.0003  0.0148  0.0001  0.0006  0.0003  0.0001  0.0018  0.0003  0.0001  0.0005  0.0004  0.0007  1.0000  0.0072  0.0004  0.0002  0.0001  0.0000  0.0001  0.0000  0.0000  0.0000
 0.0010  0.0000  0.0001  0.0013  1.0000  0.0003  0.0023  0.0002  0.0073  0.0006  0.0159  0.0004  0.0003  0.0005  0.0007  0.0002  0.0005  0.0003  0.0005  0.0001  0.0000  0.0001  0.0000  0.0000  0.0000
 0.3483  0.0000  0.0013  0.0004  0.0010  0.0016  0.0004  0.0002  1.0000  0.0011  0.0092  0.0021  0.0006  0.0013  0.0007  0.0007  0.0011  0.0046  0.8494  0.0002  0.0000  0.0007  0.0000  0.0000  0.0000
 0.0060  0.0000  0.0113  0.0002  0.0002  0.0001  0.0015  0.0000  0.0001  0.0003  0.0003  0.0001  0.0002  0.0007  0.0002  0.0002  1.0000  0.0006  0.0004  0.0000  0.0000  0.0001  0.0000  0.0000  0.0000
 0.0003  0.0000  0.0001  0.0000  0.0001  0.0007  0.0001  0.0001  0.0257  0.0001  1.0000  0.0009  0.0001  0.0001  0.0001  0.0001  0.0001  0.0001  0.0007  0.0001  0.0000  0.0001  0.0000  0.0000  0.0000
 0.0003  0.0000  0.0001  0.0000  0.0001  0.0008  0.0001  0.0001  0.0015  0.0001  1.0000  0.1059  0.0001  0.0001  0.0002  0.0001  0.0001  0.0002  0.0008  0.0001  0.0000  0.0001  0.0000  0.0000  0.0000
 0.0004  0.0000  0.0000  0.0001  0.0005  0.0001  0.0003  0.0003  0.0002  1.0000  0.0004  0.0001  0.0004  0.0003  0.0150  0.0749  0.0003  0.0004  0.0002  0.0001  0.0000  0.0002  0.0000  0.0000  0.0000
 0.0041  0.0000  0.0007  0.4509  1.0000  0.0007  0.0977  0.0034  0.0004  0.0053  0.0009  0.0003  0.1995  0.0031  0.0044  0.0024  0.0084  0.0035  0.0008  0.0004  0.0000  0.0017  0.0000  0.0000  0.0000
 0.0003  0.0000  0.0001  0.0000  0.0001  0.0009  0.0001  0.0001  0.0017  0.0001  1.0000  0.1800  0.0001  0.0001  0.0002  0.0001  0.0001  0.0002  0.0009  0.0001  0.0000  0.0001  0.0000  0.0000  0.0000
 0.0095  0.0000  0.0002  0.0064  0.0068  0.0004  0.0015  0.0860  0.0008  1.0000  0.0017  0.0006  0.0774  0.0013  0.1740  0.1830  0.0303  0.0022  0.0043  0.0002  0.0000  0.0069  0.0000  0.0000  0.0000
 0.0007  0.0000  0.0057  0.0827  0.0010  0.0001  0.0024  1.0000  0.0001  0.0009  0.0001  0.0001  0.0118  0.0005  0.0006  0.0005  0.0018  0.0007  0.0001  0.0001  0.0000  0.0004  0.0000  0.0000  0.0000
 1.0000  0.0000  0.0151  0.1803  0.3920  0.0074  0.1386  0.0188  0.0267  0.1644  0.0433  0.0152  0.1063  0.4726  0.0852  0.1544  0.3788  0.0831  0.0409  0.0026  0.0000  0.0062  0.0000  0.0000  0.0000
 0.0005  0.0000  0.0001  0.0016  0.0005  0.0001  0.0012  0.0003  0.0001  0.0005  0.0001  0.0000  1.0000  0.0003  0.0003  0.0003  0.0460  0.0033  0.0001  0.0000  0.0000  0.0056  0.0000  0.0000  0.0000
 0.0002  0.0000  0.0001  0.0000  0.0001  0.0002  0.0001  0.0000  1.0000  0.0001  0.0013  0.0002  0.0001  0.0000  0.0000  0.0001  0.0001  0.0002  0.0873  0.0000  0.0000  0.0001  0.0000  0.0000  0.0000
 0.0006  0.0000  0.0001  0.0000  0.0001  0.0003  0.0000  0.0000  0.0044  0.0001  0.0066  0.0003  0.0001  0.0001  0.0001  0.0001  0.0001  0.0005  1.0000  0.0000  0.0000  0.0001  0.0000  0.0000  0.0000
 0.1719  0.0000  0.0827  0.1130  0.1854  0.0318  0.0875  0.0408  0.0460  0.2863  0.1713  0.0342  0.1013  0.0562  0.1187  0.5167  0.3534  1.0000  0.0667  0.0231  0.0000  0.0402  0.0000  0.0000  0.0000
 0.0000  0.0000  0.0000  0.0000  0.0000  0.0000  0.0000  0.0000  0.0000  0.0000  1.0000  0.0000  0.0000  0.0000  0.0000  0.0000  0.0000  0.0000  0.0000  0.0000  0.0000  0.0000  0.0000  0.0000  0.0000
 0.0139  0.0000  0.0183  0.0056  0.0813  0.0468  0.0090  1.0000  0.0108  0.0127  0.1928  0.0198  0.0084  0.0056  0.1828  0.0439  0.0110  0.0107  0.0137  0.0051  0.0000  0.2113  0.0000  0.0000  0.0000
 0.0004  0.0000  0.0001  1.0000  0.0094  0.0001  0.0012  0.0004  0.0000  0.0005  0.0001  0.0000  0.0570  0.0003  0.0004  0.0003  0.0009  0.0004  0.0001  0.0000  0.0000  0.0002  0.0000  0.0000  0.0000
 0.0004  0.0000  0.0001  0.0001  0.0001  0.0006  0.0002  0.0000  1.0000  0.0002  0.0846  0.0006  0.0001  0.0001  0.0001  0.0001  0.0002  0.0103  0.6795  0.0001  0.0000  0.0003  0.0000  0.0000  0.0000
 0.0005  0.0000  0.0002  0.0001  0.0001  0.0009  0.0002  0.0000  1.0000  0.0002  0.2410  0.0104  0.0001  0.0001  0.0001  0.0002  0.0002  0.0006  0.7281  0.0001  0.0000  0.0004  0.0000  0.0000  0.0000
 0.0010  0.0000  0.0002  0.0002  0.0005  0.0018  0.0004  1.0000  0.0034  0.0017  0.0155  0.1212  0.0004  0.0005  0.0009  0.0032  0.0005  0.0007  0.0020  0.0003  0.0000  0.0003  0.0000  0.0000  0.0000
 0.0717  0.0000  0.0025  0.0032  0.0689  0.0003  0.0051  0.0033  0.0010  0.0129  0.0013  0.0005  0.0201  0.0016  0.1186  0.0021  0.1960  1.0000  0.0015  0.0002  0.0000  0.0004  0.0000  0.0000  0.0000
 0.0035  0.0000  0.0000  0.5173  1.0000  0.0003  0.0013  0.0009  0.0004  0.0873  0.0008  0.0003  0.0014  0.0096  0.0736  0.2165  0.0018  0.0016  0.0074  0.0002  0.0000  0.0004  0.0000  0.0000  0.0000
 0.0495  0.0000  0.0015  0.0132  0.4808  0.0025  0.0204  0.1865  0.0047  1.0000  0.0103  0.0034  0.4803  0.0091  0.0238  0.5805  0.2618  0.0134  0.0065  0.0016  0.0000  0.0433  0.0000  0.0000  0.0000
 0.1622  0.0000  0.1459  0.0575  0.0909  0.0222  0.0621  0.0523  0.1028  0.9065  0.1703  0.0336  0.1324  0.0934  0.1379  0.6870  1.0000  0.9810  0.0942  0.0148  0.0000  0.0335  0.0000  0.0000  0.0000
 0.0003  0.0000  0.0037  0.0000  0.0001  0.0008  0.0001  0.0001  0.0565  0.0001  1.0000  0.0010  0.0001  0.0001  0.0001  0.0001  0.0001  0.0002  0.0008  0.0001  0.0000  0.0001  0.0000  0.0000  0.0000
 0.0606  0.0000  0.0258  0.0153  0.0214  0.8085  0.0245  0.0243  0.1057  0.0146  0.2423  0.1460  0.0158  0.0239  0.0149  0.0167  0.0489  0.5781  0.0964  0.1730  0.0000  1.0000  0.0000  0.0000  0.0000
 0.0004  0.0000  0.0001  0.0001  0.0001  0.1314  0.0001  0.0001  0.0018  0.0001  1.0000  0.0012  0.0001  0.0002  0.0002  0.0001  0.0001  0.0002  0.0010  0.0004  0.0000  0.0011  0.0000  0.0000  0.0000
 0.0004  0.0000  0.0001  0.0000  0.0001  0.0002  0.0001  0.0000  0.1046  0.0001  0.0013  0.0003  0.0001  0.0001  0.0000  0.0001  0.0039  0.0004  1.0000  0.0000  0.0000  0.0001  0.0000  0.0000  0.0000
 0.0002  0.0000  0.0022  0.0000  0.0000  1.0000  0.0001  0.0000  0.0003  0.0000  0.0009  0.0023  0.0000  0.0001  0.0000  0.0000  0.0001  0.0001  0.0003  0.0006  0.0000  0.0026  0.0000  0.0000  0.0000
 0.0000  0.0000  0.0000  0.0000  1.0000  0.0000  0.0000  0.0000  0.0000  0.0000  0.0000  0.0000  0.0000  0.0000  0.0000  0.0000  0.0000  0.0000  0.0000  0.0000  0.0000  0.0000  0.0000  0.0000  0.0000
 0.0006  0.0000  0.0002  0.0002  0.0003  0.4113  0.0004  0.0420  0.0016  0.0003  0.0069  0.0010  0.0003  0.0003  0.0003  0.0003  0.0004  0.0004  0.0011  0.0006  0.0000  1.0000  0.0000  0.0000  0.0000
 0.0010  0.0000  0.0279  0.0001  0.0002  0.0022  0.0002  0.0002  0.0043  0.0003  1.0000  0.1527  0.0002  0.0004  0.0004  0.0003  0.0003  0.0006  0.3160  0.0003  0.0000  0.0003  0.0000  0.0000  0.0000
 0.0016  0.0000  0.0003  1.0000  0.0637  0.0003  0.0049  0.1227  0.0002  0.0022  0.0004  0.0001  0.1681  0.0013  0.0085  0.0010  0.1432  0.0205  0.0003  0.0002  0.0000  0.0008  0.0000  0.0000  0.0000
 0.2575  0.0000  0.0205  0.1787  0.3408  0.0272  0.1601  0.0798  0.0741  1.0000  0.3749  0.2134  0.2042  0.1151  0.3995  0.5751  0.3457  0.4535  0.1224  0.0135  0.0000  0.0375  0.0000  0.0000  0.0000
 0.0000  0.0000  0.0000  1.0000  0.0000  0.0000  0.0000  0.0000  0.0000  0.0000  0.0000  0.0000  0.0000  0.0000  0.0000  0.0000  0.0000  0.0000  0.0000  0.0000  0.0000  0.0000  0.0000  0.0000  0.0000
 0.0002  0.0000  0.0001  0.0000  0.0001  0.0050  0.0001  0.0000  0.0011  0.0001  1.0000  0.0008  0.0001  0.0001  0.0001  0.0001  0.0001  0.0001  0.0006  0.0001  0.0000  0.0003  0.0000  0.0000  0.0000
 0.0036  0.0000  0.0531  0.0007  0.0018  0.0003  0.0023  0.0011  0.0006  1.0000  0.0013  0.0005  0.0016  0.0015  0.0028  0.0103  0.1390  0.0021  0.0010  0.0002  0.0000  0.0006  0.0000  0.0000  0.0000
 0.0018  0.0000  0.0002  0.0003  0.0025  0.0004  0.0013  0.0284  0.0008  0.8143  0.0018  0.0006  0.0087  0.0014  1.0000  0.1121  0.0014  0.0019  0.0010  0.0003  0.0000  0.0008  0.0000  0.0000  0.0000
 0.0007  0.0000  0.0002  0.0002  0.0003  0.0657  0.0004  0.0958  0.0073  0.0004  0.0279  0.0009  0.0004  0.0003  0.0004  0.0004  0.0005  0.0005  0.0011  0.0045  0.0000  1.0000  0.0000  0.0000  0.0000
 0.0006  0.0000  0.0001  0.0001  0.0001  0.0187  0.0001  0.0001  0.0142  0.0002  0.5580  1.0000  0.0001  0.0002  0.0003  0.0002  0.0002  0.0003  0.0016  0.0002  0.0000  0.0002  0.0000  0.0000  0.0000
 0.0007  0.0000  0.0000  1.0000  0.2327  0.0001  0.0007  0.0003  0.0001  0.0008  0.0002  0.0001  0.0071  0.0005  0.0009  0.0003  0.0007  0.0048  0.0002  0.0000  0.0000  0.0001  0.0000  0.0000  0.0000
 0.2846  0.0000  0.0084  0.7734  0.1729  0.0078  0.0680  0.1447  0.0294  0.4877  0.0593  0.0166  0.2030  0.0432  0.1179  0.1869  1.0000  0.3660  0.0803  0.0027  0.0000  0.0059  0.0000  0.0000  0.0000
 0.4069  0.0000  1.0000  0.1679  0.2274  0.5295  0.2560  0.7621  0.3694  0.3055  0.6324  0.1681  0.2638  0.2164  0.2463  0.3921  0.5700  0.3261  0.3951  0.1393  0.0000  0.7574  0.0000  0.0000  0.0000
 0.1107  0.0000  0.0051  0.0992  0.1011  0.0047  1.0000  0.0131  0.0196  0.0789  0.0249  0.0088  0.1943  0.6118  0.0875  0.0667  0.1329  0.0530  0.0236  0.0018  0.0000  0.0049  0.0000  0.0000  0.0000
 0.1475  0.0000  0.0105  0.4363  0.4186  0.0197  0.6239  0.0574  0.0510  0.3653  0.0859  0.0484  1.0000  0.0536  0.2838  0.1211  0.1794  0.1475  0.1539  0.0035  0.0000  0.0082  0.0000  0.0000  0.0000
 0.5057  0.0000  0.1760  0.2043  0.2719  0.7045  0.3399  0.5405  0.3961  0.2888  0.6515  0.2198  0.3053  0.2034  0.2924  0.3485  0.3991  0.3889  0.5023  0.1839  0.0000  1.0000  0.0000  0.0000  0.0000
 0.0186  0.0000  0.0018  0.0020  0.0127  0.0101  0.0291  0.0038  0.5683  0.1786  1.0000  0.6994  0.0032  0.0031  0.0098  0.0071  0.0184  0.0049  0.0608  0.0018  0.0000  0.0062  0.0000  0.0000  0.0000
 0.0462  0.0000  0.0393  1.0000  0.1718  0.0024  0.2401  0.1547  0.0068  0.0658  0.0111  0.0039  0.5360  0.0985  0.1474  0.0204  0.5639  0.0232  0.0104  0.0009  0.0000  0.0031  0.0000  0.0000  0.0000
 0.9629  0.0000  0.1652  0.6523  1.0000  0.5275  0.5334  0.5167  0.4255  0.9506  0.7217  0.3522  0.6077  0.4516  0.6794  0.6618  0.8789  0.7338  0.5884  0.1419  0.0000  0.7332  0.0000  0.0000  0.0000
 0.7346  0.0000  0.0370  0.5980  0.7045  0.0280  0.2201  1.0000  0.1048  0.6304  0.1751  0.1779  0.4797  0.2780  0.3708  0.8709  0.5136  0.3926  0.2127  0.0096  0.0000  0.0212  0.0000  0.0000  0.0000
 0.2018  0.0000  0.0435  0.0143  0.0368  0.1520  0.0120  0.0173  0.4532  0.0444  1.0000  0.2422  0.3525  0.0539  0.0574  0.0348  0.0424  0.2084  0.5173  0.0189  0.0000  0.0246  0.0000  0.0000  0.0000
 0.0128  0.0000  0.0003  0.0001  0.0002  0.0003  0.0001  0.0000  0.2952  0.0002  0.0060  0.0004  0.0001  0.0003  0.0001  0.0001  0.0002  0.0175  1.0000  0.0000  0.0000  0.0001  0.0000  0.0000  0.0000
 0.0006  0.0000  0.0001  0.0001  0.0008  0.0001  0.0004  0.0005  0.0003  1.0000  0.0006  0.0143  0.0006  0.0005  0.0102  0.2631  0.0005  0.0006  0.0052  0.0001  0.0000  0.0003  0.0000  0.0000  0.0000
 0.2755  0.0000  0.0943  0.1189  0.1645  0.2720  0.1677  0.2086  0.4674  0.3215  1.0000  0.1793  0.1611  0.1090  0.1562  0.2220  0.8527  0.3288  0.3078  0.0713  0.0000  0.3706  0.0000  0.0000  0.0000
 0.0003  0.0000  0.0001  0.0001  0.0001  1.0000  0.0216  0.0000  0.0006  0.0000  0.0014  0.0003  0.0000  0.0001  0.0000  0.0000  0.0002  0.0002  0.0005  0.0013  0.0000  0.2363  0.0000  0.0000  0.0000
 0.0137  0.0000  0.0101  0.0002  0.0004  0.0006  0.0001  0.0001  0.0032  0.0004  1.0000  0.4089  0.0002  0.0006  0.0004  0.0003  0.0090  0.0288  0.0407  0.0001  0.0000  0.0001  0.0000  0.0000  0.0000
 0.0662  0.0000  0.0136  0.0045  0.0060  1.0000  0.0452  0.1878  0.0179  0.0064  0.0259  0.0136  0.0306  0.0045  0.0450  0.0077  0.0576  0.0086  0.0539  0.0041  0.0000  0.7714  0.0000  0.0000  0.0000
 0.0000  0.0000  0.0000  0.0000  0.0000  0.0000  0.0000  0.0000  0.0000  0.0000  0.0000  0.0000  0.0000  0.0000  1.0000  0.0000  0.0000  0.0000  0.0000  0.0000  0.0000  0.0000  0.0000  0.0000  0.0000
 0.0007  0.0000  0.0002  0.0001  0.0240  0.0020  0.0001  0.0001  0.3622  0.0002  1.0000  0.0199  0.0002  0.0003  0.0004  0.0002  0.0002  0.0004  0.0021  0.0002  0.0000  0.0002  0.0000  0.0000  0.0000
 0.0227  0.0000  0.0310  0.0001  0.0004  0.0085  0.0001  0.0001  0.0329  0.0004  1.0000  0.0117  0.0161  0.0005  0.0004  0.0003  0.0004  0.0347  0.0525  0.0001  0.0000  0.0002  0.0000  0.0000  0.0000
 0.0355  0.0000  0.0375  0.0219  0.0938  0.0004  0.0287  0.0141  0.0015  0.1193  0.0025  0.0009  0.0227  0.0022  0.1246  1.0000  0.0407  0.0081  0.0023  0.0001  0.0000  0.0003  0.0000  0.0000  0.0000
 0.0587  0.0000  0.0003  0.0002  0.0002  0.0001  1.0000  0.0001  0.0001  0.0003  0.0003  0.0001  0.0002  0.0007  0.0002  0.0002  0.0013  0.0004  0.0004  0.0001  0.0000  0.0001  0.0000  0.0000  0.0000
 0.0100  0.0000  0.0004  0.0002  0.0004  0.0028  0.0002  0.0002  0.6026  0.0004  1.0000  0.0125  0.0003  0.0005  0.0302  0.0004  0.0004  0.0011  0.1059  0.0003  0.0000  0.0004  0.0000  0.0000  0.0000
 1.0000  0.0000  0.0074  0.1022  0.0566  0.0213  0.0619  0.0204  0.0267  0.0899  0.1756  0.0111  0.1014  0.0189  0.0367  0.1193  0.5288  0.0521  0.0768  0.0058  0.0000  0.1002  0.0000  0.0000  0.0000
 0.0017  0.0000  0.0003  0.0026  0.0010  0.3552  0.0265  0.0288  0.0004  0.0010  0.0007  0.0003  0.0031  0.0007  0.0008  0.0007  0.0046  0.0010  0.0006  0.0002  0.0000  1.0000  0.0000  0.0000  0.0000
 0.0026  0.0000  1.0000  0.0004  0.0004  0.0004  0.0016  0.0002  0.0482  0.0003  0.0010  0.0003  0.0003  0.0190  0.0003  0.0003  0.0011  0.0008  0.0014  0.0002  0.0000  0.0003  0.0000  0.0000  0.0000
 0.0000  0.0000  0.0000  0.0000  0.0000  0.0000  0.0000  1.0000  0.0000  0.0000  0.0000  0.0000  0.0000  0.0000  0.0000  0.0000  0.0000  0.0000  0.0000  0.0000  0.0000  0.0000  0.0000  0.0000  0.0000
 0.3898  0.0000  0.0748  0.3612  0.6181  0.0208  0.2037  0.1131  0.0782  0.8578  0.1262  0.0443  0.2071  0.1148  0.6528  0.8613  1.0000  0.2563  0.1193  0.0072  0.0000  0.0158  0.0000  0.0000  0.0000
 0.0092  0.0000  0.0005  0.0027  0.0061  0.0009  0.0264  0.4669  0.0017  0.0326  0.0041  0.0014  0.1722  0.0341  0.1348  1.0000  0.0043  0.0047  0.0023  0.0007  0.0000  0.0020  0.0000  0.0000  0.0000
 0.0011  0.0000  0.0001  0.0002  0.0016  0.0002  0.0008  0.0201  0.0005  0.4413  0.0012  0.0004  0.0179  0.0009  0.0027  1.0000  0.0009  0.0276  0.0006  0.0002  0.0000  0.0500  0.0000  0.0000  0.0000
 0.0006  0.0000  0.0002  0.0001  0.0001  0.0028  0.0001  0.0000  0.3078  0.0002  0.0022  0.0004  0.0001  0.0228  0.0001  0.0001  0.0002  0.0006  1.0000  0.0001  0.0000  0.0002  0.0000  0.0000  0.0000
 0.0004  0.0000  0.0001  0.0000  0.0001  0.0007  0.0001  0.0001  0.0095  0.0001  1.0000  0.0009  0.0001  0.0001  0.0001  0.0001  0.0001  0.0179  0.0077  0.0001  0.0000  0.0001  0.0000  0.0000  0.0000
 0.0000  0.0000  0.0000  0.0000  0.0000  0.0000  0.0000  1.0000  0.0000  0.0000  0.0000  0.0000  0.0000  0.0000  0.0000  0.0000  0.0000  0.0000  0.0000  0.0000  0.0000  0.0000  0.0000  0.0000  0.0000
 0.0000  0.0000  0.0000  0.0000  0.0000  0.0000  0.0000  0.0000  0.0000  0.0000  0.0000  0.0000  0.0000  0.0000  0.0000  1.0000  0.0000  0.0000  0.0000  0.0000  0.0000  0.0000  0.0000  0.0000  0.0000
 0.0187  0.0000  0.0003  1.0000  0.0007  0.0002  0.0015  0.0002  0.0002  0.0004  0.0003  0.0001  0.0007  0.0007  0.0003  0.0004  0.0009  0.0004  0.0003  0.0001  0.0000  0.0002  0.0000  0.0000  0.0000
 0.0004  0.0000  0.0001  0.0001  0.0001  0.0010  0.0001  0.0001  0.0019  0.0001  1.0000  0.0012  0.0001  0.0002  0.0002  0.0001  0.0001  0.0003  0.1305  0.0001  0.0000  0.0002  0.0000  0.0000  0.0000
 0.0007  0.0000  0.0001  0.0007  0.0005  0.0002  0.0191  0.0003  0.0002  1.0000  0.0005  0.0001  0.0004  0.0012  0.0004  0.0008  0.0005  0.0004  0.0003  0.0002  0.0000  0.0002  0.0000  0.0000  0.0000
 0.0000  0.0000  0.0000  0.0000  0.0000  0.0000  0.0000  0.0000  0.0000  0.0000  0.0000  0.0000  0.0000  1.0000  0.0000  0.0000  0.0000  0.0000  0.0000  0.0000  0.0000  0.0000  0.0000  0.0000  0.0000
 0.0008  0.0000  0.0184  0.0008  0.0004  0.0005  0.0019  0.0004  0.0004  0.0001  0.0006  0.0002  0.0005  0.0006  1.0000  0.0005  0.0004  0.0005  0.0006  0.0004  0.0000  0.0006  0.0000  0.0000  0.0000
 0.0005  0.0000  0.0002  0.0011  0.0005  0.0002  0.0017  0.0003  0.0002  0.0006  0.0004  0.0001  1.0000  0.0183  0.0004  0.0005  0.0007  0.0004  0.0002  0.0002  0.0000  0.0002  0.0000  0.0000  0.0000
 0.0000  0.0000  0.0000  0.0000  0.0000  0.0000  0.0000  0.0000  0.0000  0.0000  1.0000  0.0000  0.0000  0.0000  0.0000  0.0000  0.0000  0.0000  0.0000  0.0000  0.0000  0.0000  0.0000  0.0000  0.0000
 0.0000  0.0000  0.0000  0.0000  0.0000  0.0000  0.0000  0.0000  0.0000  0.0000  1.0000  0.0000  0.0000  0.0000  0.0000  0.0000  0.0000  0.0000  0.0000  0.0000  0.0000  0.0000  0.0000  0.0000  0.0000
 0.0004  0.0000  0.0177  0.0000  0.0001  0.0003  0.0001  0.0000  1.0000  0.0001  0.0079  0.0004  0.0001  0.0001  0.0001  0.0001  0.0001  0.0003  0.0075  0.0000  0.0000  0.0001  0.0000  0.0000  0.0000
 0.0015  0.0000  0.0004  0.5700  0.0020  0.0003  0.0118  0.0015  0.0002  0.0020  0.0003  0.0001  1.0000  0.0012  0.0013  0.0010  0.3449  0.0827  0.0003  0.0002  0.0000  0.0008  0.0000  0.0000  0.0000
 0.2241  0.0000  0.0030  0.5716  1.0000  0.0028  0.0286  0.0068  0.0104  0.4925  0.0168  0.0335  0.1817  0.0153  0.0329  0.5552  0.1412  0.0797  0.0159  0.0010  0.0000  0.0021  0.0000  0.0000  0.0000
 0.1006  0.0000  0.2334  0.2151  0.4242  0.0066  0.0506  0.0162  0.0763  1.0000  0.0514  0.0345  0.1609  0.0365  0.1108  0.9687  0.1656  0.2863  0.0379  0.0023  0.0000  0.0050  0.0000  0.0000  0.0000
 0.0005  0.0000  0.0001  0.0082  0.0007  0.0001  1.0000  0.0005  0.0001  0.0007  0.0001  0.0000  0.0741  0.0004  0.0005  0.0004  0.0038  0.0346  0.0001  0.0001  0.0000  0.0003  0.0000  0.0000  0.0000
 0.2586  0.0000  0.0048  0.0601  1.0000  0.0124  0.0313  0.0169  0.0647  0.0783  0.0494  0.0134  0.2471  0.0225  0.1866  0.0429  0.0770  0.0847  0.1217  0.0020  0.0000  0.0063  0.0000  0.0000  0.0000
 0.0004  0.0000  0.0001  0.0001  0.0001  0.0009  0.0001  0.0001  0.1817  0.0001  1.0000  0.0012  0.0001  0.0001  0.0002  0.0001  0.0001  0.0003  0.0248  0.0001  0.0000  0.0001  0.0000  0.0000  0.0000
 0.0003  0.0000  0.0000  0.0001  0.0005  0.0001  0.0004  0.0003  0.0001  1.0000  0.0004  0.0001  0.0003  0.0004  0.0007  0.0192  0.0003  0.0003  0.0002  0.0001  0.0000  0.0001  0.0000  0.0000  0.0000
 0.0190  0.0000  0.0001  0.0000  0.0001  0.0008  0.0001  0.0001  0.0247  0.0001  1.0000  0.0010  0.0001  0.0002  0.0002  0.0001  0.0001  0.0004  0.0404  0.0001  0.0000  0.0001  0.0000  0.0000  0.0000
 1.0000  0.0000  0.0003  0.0002  0.0003  0.0001  0.0873  0.0001  0.0001  0.0003  0.0003  0.0001  0.0002  0.0008  0.0002  0.0002  0.0205  0.0005  0.0005  0.0000  0.0000  0.0001  0.0000  0.0000  0.0000
 0.0005  0.0000  0.0002  1.0000  0.0005  0.0002  0.0190  0.0003  0.0002  0.0005  0.0004  0.0001  0.0010  0.0008  0.0003  0.0004  0.0006  0.0004  0.0002  0.0002  0.0000  0.0003  0.0000  0.0000  0.0000
 0.0000  0.0000  0.0000  0.0000  0.0000  1.0000  0.0000  0.0000  0.0000  0.0000  0.0000  0.0000  0.0000  0.0000  0.0000  0.0000  0.0000  0.0000  0.0000  0.0000  0.0000  0.0000  0.0000  0.0000  0.0000
 0.0000  0.0000  0.0000  0.0000  0.0000  0.0000  1.0000  0.0000  0.0000  0.0000  0.0000  0.0000  0.0000  0.0000  0.0000  0.0000  0.0000  0.0000  0.0000  0.0000  0.0000  0.0000  0.0000  0.0000  0.0000
 0.0000  0.0000  0.0000  0.0000  0.0000  0.0000  0.0000  0.0000  0.0000  0.0000  1.0000  0.0000  0.0000  0.0000  0.0000  0.0000  0.0000  0.0000  0.0000  0.0000  0.0000  0.0000  0.0000  0.0000  0.0000
 1.0000  0.0000  0.0003  0.0002  0.0002  0.0001  0.0391  0.0000  0.0001  0.0003  0.0003  0.0001  0.0002  0.0007  0.0002  0.0002  0.0049  0.0005  0.0048  0.0000  0.0000  0.0001  0.0000  0.0000  0.0000
 0.0004  0.0000  0.0004  0.0005  0.0004  0.0003  0.0013  0.0003  0.0003  0.0007  0.0005  0.0001  0.0003  0.0007  0.0004  1.0000  0.0003  0.0004  0.0003  0.0003  0.0000  0.0065  0.0000  0.0000  0.0000
 1.0000  0.0000  0.0003  0.0002  0.0002  0.0001  0.0013  0.0000  0.0001  0.0003  0.0002  0.0001  0.0002  0.0006  0.0002  0.0002  0.0307  0.0211  0.0004  0.0000  0.0000  0.0001  0.0000  0.0000  0.0000
 0.3225  0.0000  0.0556  0.3794  0.3269  0.1950  1.0000  0.1892  0.1699  0.7287  0.4170  0.0697  0.2292  0.7304  0.2979  0.5960  0.2698  0.2398  0.1826  0.1462  0.0000  0.1328  0.0000  0.0000  0.0000
 0.1685  0.0000  0.0154  0.0322  0.0189  0.0063  0.9125  0.0070  0.0067  0.0199  0.0147  0.0068  0.0430  0.0392  0.0136  0.0130  1.0000  0.0314  0.0243  0.0024  0.0000  0.0064  0.0000  0.0000  0.0000
 0.0004  0.0000  0.0001  0.0001  0.0001  0.0006  0.0045  0.0000  0.9027  0.0002  0.0034  0.0006  0.0001  0.0001  0.0000  0.0002  0.0002  0.0005  1.0000  0.0001  0.0000  0.0003  0.0000  0.0000  0.0000
 0.0000  0.0000  0.0000  0.0000  0.0000  0.0000  0.0000  0.0000  0.0000  0.0000  0.0000  0.0000  0.0000  1.0000  0.0000  0.0000  0.0000  0.0000  0.0000  0.0000  0.0000  0.0000  0.0000  0.0000  0.0000
 0.0380  0.0000  0.0080  0.0027  0.0062  0.0099  0.0017  0.0016  0.1666  0.0068  0.2589  0.0262  0.0040  0.0084  0.0048  0.0042  0.3921  0.8922  1.0000  0.0014  0.0000  0.0032  0.0000  0.0000  0.0000
 0.0060  0.0000  0.0006  0.0015  0.0084  0.0012  0.0045  0.4075  0.0025  1.0000  0.0060  0.0020  0.2464  0.0047  0.0142  0.9543  0.0051  0.0064  0.0034  0.0009  0.0000  0.0027  0.0000  0.0000  0.0000
 0.0360  0.0000  0.0136  0.0007  0.0004  0.0002  0.0066  0.0002  0.0252  0.0006  0.0004  0.0002  0.0103  0.0009  0.0005  0.0004  0.0426  1.0000  0.1011  0.0001  0.0000  0.0002  0.0000  0.0000  0.0000
 0.0002  0.0000  0.0001  0.0000  0.0001  0.2529  0.0000  0.0000  0.0004  0.0000  0.0011  0.0002  0.0000  0.0001  0.0000  0.0000  0.0001  0.0001  0.0004  0.0010  0.0000  1.0000  0.0000  0.0000  0.0000
 0.0014  0.0000  0.0003  0.0006  0.0004  0.0001  0.0005  0.0002  0.0004  0.0005  0.0004  0.0002  0.0010  0.0007  0.0004  0.0003  1.0000  0.5649  0.0006  0.0001  0.0000  0.0002  0.0000  0.0000  0.0000
 0.0248  0.0000  0.0008  0.0132  0.0040  0.0006  0.0100  0.9307  0.0004  0.0039  0.0008  0.0003  1.0000  0.0025  0.0026  0.0021  0.0076  0.0030  0.0007  0.0003  0.0000  0.0015  0.0000  0.0000  0.0000
 0.0000  0.0000  0.0000  0.0000  1.0000  0.0000  0.0000  0.0000  0.0000  0.0000  0.0000  0.0000  0.0000  0.0000  0.0000  0.0000  0.0000  0.0000  0.0000  0.0000  0.0000  0.0000  0.0000  0.0000  0.0000
 0.0041  0.0000  0.0002  0.0001  0.0001  0.0002  0.0000  0.0000  0.0347  0.0001  0.0010  0.0002  0.0001  0.0002  0.0001  0.0001  0.0002  0.0007  1.0000  0.0000  0.0000  0.0001  0.0000  0.0000  0.0000
 0.0008  0.0000  0.0002  0.0001  0.0001  0.0002  0.0002  0.0001  0.0046  0.0001  0.0010  0.0002  0.0001  0.0002  0.0001  0.0001  0.0002  0.0006  1.0000  0.0001  0.0000  0.0001  0.0000  0.0000  0.0000
 0.0008  0.0000  0.0001  0.0003  0.0002  0.0001  0.0004  0.0001  0.0003  0.0022  0.0063  0.0001  0.0004  0.0004  0.0002  0.0003  0.0017  1.0000  0.0004  0.0001  0.0000  0.0001  0.0000  0.0000  0.0000
 0.0000  0.0000  0.0000  0.0000  0.0000  0.0000  0.0000  0.0000  0.0000  0.0000  1.0000  0.0000  0.0000  0.0000  0.0000  0.0000  0.0000  0.0000  0.0000  0.0000  0.0000  0.0000  0.0000  0.0000  0.0000
 0.0000  0.0000  0.0000  0.0000  0.0000  0.0000  0.0000  0.0000  0.0000  0.0000  0.0000  0.0000  0.0000  0.0000  0.0000  0.0000  0.0000  0.0000  0.0000  1.0000  0.0000  0.0000  0.0000  0.0000  0.0000
 0.0000  0.0000  0.0000  0.0000  0.0000  0.0000  0.0000  0.0000  0.0000  0.0000  0.0000  0.0000  0.0000  0.0000  0.0000  0.0000  0.0000  0.0000  0.0000  0.0000  0.0000  1.0000  0.0000  0.0000  0.0000
 0.0005  0.0000  0.0002  0.0004  0.0004  0.0002  0.0012  0.0003  0.0002  0.0009  0.0004  0.0001  0.0003  0.0007  0.0004  1.0000  0.0003  0.0028  0.0003  0.0002  0.0000  0.0002  0.0000  0.0000  0.0000
 0.7958  0.0000  0.0011  0.0008  0.0009  0.0004  0.0059  0.0002  0.0005  0.0010  0.0010  0.0005  0.0007  1.0000  0.0007  0.0007  0.0706  0.0018  0.0017  0.0001  0.0000  0.0003  0.0000  0.0000  0.0000
 0.0012  0.0000  0.0001  0.0004  0.0003  0.0002  0.0014  0.0002  0.0002  0.0004  0.0004  0.0001  0.0003  1.0000  0.0002  0.0004  0.0032  0.0004  0.0003  0.0001  0.0000  0.0001  0.0000  0.0000  0.0000
 0.0011  0.0000  0.0000  1.0000  0.4960  0.0001  0.0042  0.0003  0.0001  0.0011  0.0002  0.0001  0.0008  0.0007  0.0014  0.0003  0.0007  0.0005  0.0003  0.0001  0.0000  0.0002  0.0000  0.0000  0.0000
 0.0003  0.0000  0.0001  0.0001  0.0001  0.0004  0.0001  0.0000  0.5164  0.0001  0.0023  0.0004  0.0001  0.0001  0.0000  0.0001  0.0001  0.0004  1.0000  0.0001  0.0000  0.0002  0.0000  0.0000  0.0000
 0.0000  0.0000  0.0000  0.0000  0.0000  0.0000  0.0000  0.0000  0.0000  0.0000  1.0000  0.0000  0.0000  0.0000  0.0000  0.0000  0.0000  0.0000  0.0000  0.0000  0.0000  0.0000  0.0000  0.0000  0.0000
 0.0003  0.0000  0.0001  0.0000  0.0001  0.0121  0.0001  0.0001  0.0038  0.0001  1.0000  0.0359  0.0001  0.0001  0.0001  0.0001  0.0001  0.0002  0.0008  0.0001  0.0000  0.0001  0.0000  0.0000  0.0000
 0.0000  0.0000  0.0000  0.0000  0.0000  0.0000  1.0000  0.0000  0.0000  0.0000  0.0000  0.0000  0.0000  0.0000  0.0000  0.0000  0.0000  0.0000  0.0000  0.0000  0.0000  0.0000  0.0000  0.0000  0.0000
 0.0696  0.0000  0.0381  0.0006  0.0007  0.0003  0.0877  0.0001  0.0003  0.0008  0.0007  0.0003  0.0005  0.0019  0.0048  0.0005  1.0000  0.0036  0.0013  0.0001  0.0000  0.0002  0.0000  0.0000  0.0000
 0.2245  0.0000  0.0176  0.1418  0.2308  0.0166  0.0903  0.0503  0.0471  0.3980  0.0813  0.0270  0.1310  0.1351  0.1623  0.6261  0.3134  1.0000  0.0896  0.0060  0.0000  0.0170  0.0000  0.0000  0.0000
 0.0555  0.0000  0.0075  0.5948  1.0000  0.0620  0.0221  0.3011  0.0187  0.1294  0.0676  0.0106  0.0246  0.0154  0.2936  0.3286  0.0342  0.3370  0.0252  0.0069  0.0000  0.1038  0.0000  0.0000  0.0000
 0.0000  0.0000  0.0000  0.0000  0.0000  0.0000  0.0000  0.0000  0.0000  0.0000  0.0000  0.0000  0.0000  0.0000  0.0000  0.0000  0.0000  0.0000  0.0000  0.0000  0.0000  1.0000  0.0000  0.0000  0.0000
 0.0239  0.0000  0.0002  0.0005  0.0003  0.0023  0.0005  0.0001  0.0003  0.0004  0.0003  0.0001  0.1134  0.0005  0.0003  0.0003  1.0000  0.0187  0.0005  0.0001  0.0000  0.0001  0.0000  0.0000  0.0000
 0.0034  0.0000  0.0607  0.0006  0.0004  0.0002  0.0086  0.0002  0.0003  0.0005  0.0005  0.0002  0.0006  0.0010  0.0004  0.0004  0.0028  1.0000  0.0007  0.0001  0.0000  0.0002  0.0000  0.0000  0.0000
 0.4278  0.0000  0.1555  0.0268  0.0250  0.0102  0.3402  0.2275  0.0129  0.0281  0.0254  0.0120  0.0280  1.0000  0.5744  0.0196  0.8415  0.0924  0.0431  0.0040  0.0000  0.0088  0.0000  0.0000  0.0000
 0.0005  0.0000  0.0002  0.0001  0.0001  0.0008  0.0003  0.0000  1.0000  0.0002  0.3364  0.0008  0.0002  0.0001  0.0001  0.0002  0.0002  0.0006  0.6256  0.0001  0.0000  0.0004  0.0000  0.0000  0.0000
 0.0000  0.0000  0.0000  1.0000  0.0000  0.0000  0.0000  0.0000  0.0000  0.0000  0.0000  0.0000  0.0000  0.0000  0.0000  0.0000  0.0000  0.0000  0.0000  0.0000  0.0000  0.0000  0.0000  0.0000  0.0000
 0.0007  0.0000  0.0002  0.0001  0.0002  0.0010  0.0002  0.0000  0.4305  0.0003  0.0083  1.0000  0.0002  0.0002  0.0001  0.0002  0.0003  0.0007  0.1908  0.0001  0.0000  0.0004  0.0000  0.0000  0.0000
 0.0000  0.0000  0.0000  0.0000  0.0000  0.0000  0.0000  0.0000  0.0000  0.0000  0.0000  0.0000  0.0000  0.0000  0.0000  0.0000  0.0000  0.0000  0.0000  1.0000  0.0000  0.0000  0.0000  0.0000  0.0000
 0.0103  0.0000  0.0011  0.0017  0.0013  0.0006  1.0000  0.0005  0.0006  0.0014  0.0013  0.0005  0.0015  0.0032  0.0010  0.0011  0.9476  0.0020  0.0017  0.0003  0.0000  0.0005  0.0000  0.0000  0.0000
 0.1551  0.0000  0.0137  0.0002  0.0005  0.0004  0.0000  0.0001  0.1785  0.0005  0.0540  0.0008  0.0002  0.0007  0.0004  0.0003  0.0005  0.0207  1.0000  0.0001  0.0000  0.0001  0.0000  0.0000  0.0000
 0.0000  0.0000  0.0000  0.0000  0.0000  0.0000  1.0000  0.0000  0.0000  0.0000  0.0000  0.0000  0.0000  0.0000  0.0000  0.0000  0.0000  0.0000  0.0000  0.0000  0.0000  0.0000  0.0000  0.0000  0.0000
 0.0301  0.0000  1.0000  0.0002  0.0003  0.0001  0.0015  0.0001  0.0002  0.0003  0.0003  0.0001  0.0002  0.0007  0.0002  0.0002  0.0016  0.0632  0.0006  0.0000  0.0000  0.0001  0.0000  0.0000  0.0000
 0.0002  0.0000  0.0001  0.0000  0.0001  0.0003  0.0001  0.0000  1.0000  0.0001  0.0033  0.0003  0.0000  0.0000  0.0000  0.0001  0.0001  0.0002  0.0106  0.0000  0.0000  0.0001  0.0000  0.0000  0.0000
 0.0009  0.0000  0.0002  0.0001  0.0002  1.0000  0.0002  0.0440  0.0116  0.0003  0.1567  0.1228  0.0002  0.0004  0.0098  0.0003  0.0003  0.0005  0.0100  0.0003  0.0000  0.0003  0.0000  0.0000  0.0000
 0.3652  0.0000  0.0408  0.0196  0.0279  1.0000  0.0950  0.0062  0.1159  0.0190  0.2483  0.0554  0.0126  0.0589  0.0138  0.0141  0.1144  0.0673  0.1984  0.2065  0.0000  0.9188  0.0000  0.0000  0.0000
 0.0000  0.0000  0.0000  0.0000  1.0000  0.0000  0.0000  0.0000  0.0000  0.0000  0.0000  0.0000  0.0000  0.0000  0.0000  0.0000  0.0000  0.0000  0.0000  0.0000  0.0000  0.0000  0.0000  0.0000  0.0000
 0.0003  0.0000  0.0001  0.0000  0.0001  0.0008  0.0001  0.0001  0.0129  0.0001  0.0932  1.0000  0.0001  0.0001  0.0002  0.0001  0.0001  0.0002  0.0008  0.0001  0.0000  0.0001  0.0000  0.0000  0.0000
 1.0000  0.0000  0.2002  0.0664  0.0983  0.2613  0.1012  0.1689  0.5945  0.1053  0.2530  0.0947  0.0993  0.0785  0.0983  0.1127  0.1895  0.1855  0.8771  0.0580  0.0000  0.4755  0.0000  0.0000  0.0000
 0.1069  0.0000  0.0006  0.0012  0.0007  0.0003  0.0008  0.0003  0.0008  0.0011  0.0057  0.0084  0.2252  0.0014  0.0775  0.0007  0.1489  1.0000  0.0013  0.0002  0.0000  0.0003  0.0000  0.0000  0.0000
 0.0068  0.0000  0.0007  0.0014  0.0094  0.0014  1.0000  0.0128  0.0029  0.1791  0.0068  0.0023  0.0068  0.0053  0.1350  0.2576  0.0056  0.0072  0.0038  0.0011  0.0000  0.0030  0.0000  0.0000  0.0000
 0.0218  0.0000  0.0005  0.0009  0.0069  0.0011  0.0092  0.0436  0.0021  0.4293  0.0050  0.2015  0.0048  0.0062  0.0238  1.0000  0.0041  0.0100  0.0933  0.0008  0.0000  0.0023  0.0000  0.0000  0.0000
 0.2023  0.0000  0.0004  0.0004  0.0004  0.0002  0.0022  0.0001  0.0002  0.0004  0.0004  0.0002  0.0003  1.0000  0.0003  0.0003  0.0018  0.0007  0.0006  0.0001  0.0000  0.0001  0.0000  0.0000  0.0000
 0.0564  0.0000  0.0003  0.0001  0.0002  0.0021  0.0002  0.0002  0.0319  0.0003  1.0000  0.0532  0.0002  0.0004  0.0004  0.0003  0.0003  0.1217  0.0027  0.0003  0.0000  0.0003  0.0000  0.0000  0.0000
 0.0003  0.0000  0.0001  0.0001  0.0001  1.0000  0.0003  0.0000  0.0003  0.0001  0.0007  0.0001  0.0001  0.0002  0.0000  0.0001  0.0027  0.0001  0.0003  0.0006  0.0000  0.0023  0.0000  0.0000  0.0000
 0.0122  0.0000  0.0004  0.0010  0.0013  0.0002  0.0024  0.0774  0.0003  0.0036  0.0008  0.0003  0.0013  1.0000  0.0473  0.0055  0.0068  0.0013  0.0008  0.0001  0.0000  0.0004  0.0000  0.0000  0.0000
 0.0013  0.0000  0.0004  0.0005  0.0003  0.0002  1.0000  0.0002  0.0002  0.0003  0.0004  0.0001  0.0003  0.0007  0.0002  0.0004  0.0007  0.0004  0.0027  0.0002  0.0000  0.0002  0.0000  0.0000  0.0000
 0.1449  0.0000  0.0156  0.8401  0.0763  0.0094  0.1498  0.0173  0.0442  0.1912  0.0339  0.0147  0.0835  0.0478  0.0554  0.3217  1.0000  0.5270  0.0431  0.0051  0.0000  0.0107  0.0000  0.0000  0.0000
 0.0669  0.0000  0.0038  0.3708  0.0050  0.0058  0.0438  0.0022  0.0040  0.0066  0.0045  0.0023  0.0129  0.0095  0.0050  0.0042  0.7858  1.0000  0.0076  0.0010  0.0000  0.0020  0.0000  0.0000  0.0000
 0.5249  0.0000  0.0779  0.4716  1.0000  0.0530  0.0871  0.0593  0.3692  0.2290  0.2661  0.0887  0.1872  0.2032  0.2556  0.0857  0.3467  0.6194  0.8596  0.0165  0.0000  0.0377  0.0000  0.0000  0.0000
 0.2037  0.0000  0.0061  0.4814  1.0000  0.0217  0.0793  0.0490  0.0685  0.2259  0.0552  0.0216  0.0925  0.1145  0.2536  0.0758  0.1259  0.1163  0.0551  0.0092  0.0000  0.0413  0.0000  0.0000  0.0000
 0.0010  0.0000  0.0000  1.0000  0.4010  0.0001  0.0005  0.0003  0.0001  0.0010  0.0002  0.0001  0.0005  0.0006  0.0013  0.0003  0.0005  0.0004  0.0002  0.0001  0.0000  0.0001  0.0000  0.0000  0.0000
 0.0012  0.0000  0.0001  0.0031  0.5712  0.0002  0.0007  0.0003  0.0002  0.0012  0.0004  0.0001  0.0005  0.0009  1.0000  0.0004  0.0006  0.0006  0.0003  0.0001  0.0000  0.0002  0.0000  0.0000  0.0000
 0.0003  0.0000  0.0001  0.0000  0.0001  0.0009  0.0001  0.0001  0.1094  0.0001  1.0000  0.0011  0.0001  0.0001  0.0002  0.0001  0.0001  0.0002  0.0040  0.0001  0.0000  0.0001  0.0000  0.0000  0.0000
 0.5060  0.0000  0.1759  0.2925  0.3069  0.9390  0.3583  0.7608  0.4088  0.3010  0.6680  0.2264  0.3067  0.2037  0.3340  0.3510  0.4031  0.3918  0.5124  0.1837  0.0000  1.0000  0.0000  0.0000  0.0000
 0.1205  0.0000  0.0134  0.0201  0.1541  0.1452  0.0794  0.0994  0.1051  1.0000  0.4445  0.0754  0.1081  0.0905  0.2643  0.8429  0.0921  0.1231  0.0937  0.0208  0.0000  0.0528  0.0000  0.0000  0.0000
 0.0003  0.0000  0.0001  0.0001  0.0001  0.0007  0.0002  0.0001  1.0000  0.0001  0.0032  0.0294  0.0001  0.0002  0.0001  0.0001  0.0001  0.0002  0.0010  0.0001  0.0000  0.0002  0.0000  0.0000  0.0000
 0.0003  0.0000  0.0001  0.0001  0.0001  1.0000  0.0003  0.0000  0.0003  0.0001  0.0007  0.0001  0.0001  0.0002  0.0000  0.0001  0.0037  0.0001  0.0003  0.0006  0.0000  0.0023  0.0000  0.0000  0.0000
 0.0011  0.0000  0.0001  0.0002  0.0064  0.0002  0.0008  0.0278  0.0005  0.2865  0.0627  0.0004  0.0011  0.0009  0.0049  1.0000  0.0164  0.0012  0.0006  0.0002  0.0000  0.0005  0.0000  0.0000  0.0000
 0.0823  0.0000  0.0036  0.0010  0.0027  0.0036  0.0005  0.0007  0.7814  0.0028  1.0000  0.0815  0.0014  0.0037  0.0020  0.0017  0.0365  0.3095  0.4380  0.0005  0.0000  0.0012  0.0000  0.0000  0.0000
 0.0004  0.0000  0.0001  0.0000  0.0001  0.0010  0.0001  0.0001  0.0019  0.0001  1.0000  0.1751  0.0001  0.0002  0.0002  0.0064  0.0001  0.0052  0.0040  0.0042  0.0000  0.0001  0.0000  0.0000  0.0000
 0.0010  0.0000  0.0001  0.0004  0.0006  0.0001  1.0000  0.0004  0.0002  0.0292  0.0004  0.0001  0.0007  0.0005  0.0009  0.0205  0.0007  0.0073  0.0003  0.0001  0.0000  0.0002  0.0000  0.0000  0.0000
 0.0007  0.0000  0.0001  0.0003  0.0002  0.0001  0.0002  0.0001  0.0002  0.0003  0.0002  0.0001  0.0005  0.0003  0.0002  0.0002  0.0446  1.0000  0.0003  0.0000  0.0000  0.0001  0.0000  0.0000  0.0000
 0.0063  0.0000  0.0002  0.0003  0.0003  0.0001  0.0014  0.0001  0.0002  0.0003  0.0003  0.0001  0.0002  1.0000  0.0002  0.0003  0.0009  0.0004  0.0003  0.0001  0.0000  0.0001  0.0000  0.0000  0.0000
 0.0278  0.0000  0.0021  0.1565  0.0051  0.0012  0.0089  0.0030  0.0026  0.0061  0.0026  0.0014  0.4648  0.0055  0.0231  0.0842  0.3333  1.0000  0.0041  0.0007  0.0000  0.0078  0.0000  0.0000  0.0000
 0.0026  0.0000  0.0000  0.0539  1.0000  0.0002  0.0011  0.0007  0.0003  0.0026  0.0006  0.0002  0.0643  0.0583  0.0380  0.0007  0.0255  0.0012  0.0297  0.0001  0.0000  0.0003  0.0000  0.0000  0.0000
 0.0680  0.0000  0.0018  1.0000  0.9989  0.0017  0.0214  0.0041  0.0119  0.0463  0.0102  0.0036  0.0451  0.0093  0.0776  0.3317  0.0664  0.1014  0.0681  0.0006  0.0000  0.0013  0.0000  0.0000  0.0000
 0.0264  0.0000  0.0012  0.0534  0.0497  0.0013  0.0124  0.0026  0.1730  0.0185  0.0122  0.0108  0.0711  0.0056  0.0118  0.0853  0.2968  1.0000  0.1635  0.0004  0.0000  0.0012  0.0000  0.0000  0.0000
 0.0006  0.0000  0.0008  0.0010  0.0006  0.0005  0.0021  0.0547  0.0004  0.0004  0.0007  0.0002  0.0007  0.0009  0.0004  0.0007  0.0004  0.0006  0.0006  1.0000  0.0000  0.0252  0.0000  0.0000  0.0000
 0.0211  0.0000  0.0002  0.0003  0.0003  0.0001  0.0012  0.0001  0.0002  0.0004  0.0003  0.0001  0.0003  1.0000  0.0165  0.0034  0.0077  0.0144  0.0005  0.0000  0.0000  0.0001  0.0000  0.0000  0.0000
 0.0119  0.0000  0.0002  0.0411  0.0553  0.0002  1.0000  0.0006  0.0002  0.0017  0.0004  0.0002  0.0024  0.0011  0.0517  0.0006  0.0116  0.0538  0.0005  0.0001  0.0000  0.0003  0.0000  0.0000  0.0000
 0.0004  0.0000  0.0052  0.0001  0.0001  0.0075  0.0002  0.0000  0.6554  0.0002  0.0314  0.0438  0.0001  0.0001  0.0001  0.0001  0.0002  0.0005  1.0000  0.0001  0.0000  0.0003  0.0000  0.0000  0.0000
 0.1487  0.0000  0.1861  0.0640  0.2423  0.0450  0.0507  0.1274  0.0479  0.0941  0.3157  0.0546  0.0812  0.0348  0.0956  0.0768  0.6448  1.0000  0.0789  0.0122  0.0000  0.0613  0.0000  0.0000  0.0000
 0.0923  0.0000  0.0141  0.0361  0.1489  0.0051  0.0229  0.1816  0.0075  0.0286  0.0164  0.0042  0.0812  0.0091  0.2478  0.0488  1.0000  0.0677  0.0109  0.0015  0.0000  0.0419  0.0000  0.0000  0.0000
 0.2077  0.0000  0.0715  0.0817  0.1112  0.5532  0.1320  0.2158  0.2538  0.1875  1.0000  0.1505  0.4458  0.0845  0.1228  0.1641  0.1969  0.1595  0.2179  0.0751  0.0000  0.4277  0.0000  0.0000  0.0000
 0.0239  0.0000  0.0001  0.0837  0.3361  0.0005  0.0019  0.0012  0.0007  0.0340  0.0012  0.0005  0.0022  1.0000  0.0687  0.0015  0.0666  0.0602  0.0013  0.0002  0.0000  0.0006  0.0000  0.0000  0.0000
 0.0548  0.0000  0.0007  0.8121  1.0000  0.0025  0.2599  0.1225  0.0031  0.0267  0.0163  0.0024  0.0176  0.0161  0.0337  0.0076  0.0163  0.1407  0.0060  0.0012  0.0000  0.0037  0.0000  0.0000  0.0000
 0.0004  0.0000  0.0002  0.0001  0.0001  1.0000  0.0001  0.0000  0.0009  0.0000  0.0021  0.0004  0.0000  0.0002  0.0000  0.0000  0.0003  0.0003  0.0008  0.0341  0.0000  0.8253  0.0000  0.0000  0.0000
 0.0019  0.0000  0.0002  0.0003  0.0060  0.0004  0.0014  0.0017  0.0346  1.0000  0.0020  0.0007  0.0122  0.0015  0.0046  0.2260  0.0016  0.0021  0.0370  0.0003  0.0000  0.0561  0.0000  0.0000  0.0000
 0.4102  0.0000  0.0048  0.0754  0.0890  0.0043  0.0940  0.0105  0.0156  0.0890  0.2197  0.0088  0.3975  1.0000  0.0641  0.0432  0.7138  0.5400  0.0239  0.0016  0.0000  0.0036  0.0000  0.0000  0.0000
 0.0386  0.0000  0.0767  0.0158  0.1454  0.0519  0.0408  0.3247  0.0294  0.0300  0.0489  0.0166  0.0242  0.0160  0.0767  0.0941  0.0306  0.0301  0.0509  0.0138  0.0000  1.0000  0.0000  0.0000  0.0000
 0.4581  0.0000  0.0110  0.2585  0.2075  0.0104  0.1304  0.0555  0.0386  0.5165  0.1023  0.0788  1.0000  0.0566  0.1347  0.2928  0.4199  0.6518  0.0588  0.0036  0.0000  0.0079  0.0000  0.0000  0.0000
 0.0012  0.0000  0.0003  0.0002  0.0004  1.0000  0.0003  0.0004  0.0306  0.0004  0.1722  0.0033  0.0595  0.0005  0.0006  0.0005  0.0004  0.0007  0.0028  0.0101  0.0000  0.1999  0.0000  0.0000  0.0000
 0.0152  0.0000  0.0077  0.0100  0.0060  0.0014  0.1802  0.0646  0.0023  0.0152  0.0038  0.0016  0.0136  1.0000  0.0777  0.0711  0.0316  0.1053  0.0042  0.0008  0.0000  0.0024  0.0000  0.0000  0.0000
 0.3091  0.0000  0.1739  0.1369  0.1666  0.6304  0.2009  0.4546  0.2678  1.0000  0.4735  0.1795  0.2043  0.1245  0.4399  0.4080  0.2622  0.2567  0.4640  0.1127  0.0000  0.6268  0.0000  0.0000  0.0000
 0.0007  0.0000  0.0004  0.0004  0.0003  0.0617  0.0007  0.0086  0.0011  0.0003  0.0026  0.0006  0.0004  0.0004  0.0003  0.0003  0.0005  0.0005  0.0010  0.5279  0.0000  1.0000  0.0000  0.0000  0.0000
 0.6927  0.0000  0.0244  0.2702  0.4688  0.0275  0.2267  0.0726  0.1033  0.9081  0.2761  0.0514  0.3788  0.3934  0.3678  1.0000  0.5146  0.3105  0.1576  0.0090  0.0000  0.0850  0.0000  0.0000  0.0000
 0.5557  0.0000  0.0015  0.0390  0.0466  0.0014  0.0691  0.0034  0.0052  0.0966  0.0083  0.0029  0.0137  1.0000  0.0420  0.2375  0.2906  0.3584  0.0141  0.0005  0.0000  0.0010  0.0000  0.0000  0.0000
 0.0720  0.0000  0.0054  0.3546  0.5509  0.0243  0.2067  0.0286  0.0184  0.5060  0.0684  0.0204  0.2368  0.0385  1.0000  0.4332  0.0861  0.0719  0.0899  0.0020  0.0000  0.0326  0.0000  0.0000  0.0000
 0.5878  0.0000  0.0629  1.0000  0.3942  0.0155  0.1635  0.0377  0.0580  0.6995  0.0936  0.0621  0.6059  0.9534  0.2890  0.2194  0.4262  0.1867  0.1577  0.0053  0.0000  0.0348  0.0000  0.0000  0.0000
 0.0016  0.0000  0.0005  0.0006  0.0037  0.0439  0.0010  0.0016  0.0483  0.0009  1.0000  0.0007  0.0093  0.0054  0.0009  0.0039  0.0074  0.0187  0.0148  0.0325  0.0000  0.0029  0.0000  0.0000  0.0000
 0.8025  0.0000  0.0686  0.6239  1.0000  0.0508  0.4358  0.1307  0.2284  0.9313  0.3429  0.1059  0.4918  0.2715  0.6013  0.5665  0.7728  0.5787  0.2878  0.0173  0.0000  0.0396  0.0000  0.0000  0.0000
 0.5115  0.0000  0.0328  0.4248  0.6904  0.0306  0.2436  0.2874  0.1321  0.7400  0.4291  0.0769  0.8074  0.1956  0.5476  0.4508  1.0000  0.5664  0.2024  0.0105  0.0000  0.0233  0.0000  0.0000  0.0000
 0.5239  0.0000  0.1806  0.2051  0.2728  0.7038  0.3287  0.6134  0.4248  0.2903  0.6610  0.2250  0.3265  0.2043  0.3100  0.3492  0.4074  0.3915  0.5347  0.1843  0.0000  1.0000  0.0000  0.0000  0.0000
 0.6009  0.0000  0.1086  0.0037  0.0106  0.2404  0.0015  0.0034  0.2304  0.0110  0.3334  0.0386  0.0056  0.0146  0.0086  0.0068  0.0106  0.1446  1.0000  0.1456  0.0000  0.0048  0.0000  0.0000  0.0000
 0.0283  0.0000  0.0003  0.0061  0.0016  0.0002  0.0028  0.0096  0.0002  0.1336  0.0004  0.0001  0.0615  1.0000  0.0200  0.0011  0.0106  0.0215  0.0004  0.0001  0.0000  0.0005  0.0000  0.0000  0.0000
 0.0269  0.0000  0.0017  0.0187  0.0409  0.0017  0.1245  0.0045  0.0060  0.1708  0.0099  0.0099  0.3721  0.0614  0.2188  1.0000  0.0786  0.0926  0.0090  0.0007  0.0000  0.0016  0.0000  0.0000  0.0000
 0.0004  0.0000  0.0001  0.0001  0.0001  0.0083  0.0001  0.0001  0.2139  0.0002  1.0000  0.0343  0.0001  0.0002  0.0002  0.0002  0.0001  0.0003  0.0110  0.0001  0.0000  0.0002  0.0000  0.0000  0.0000
 0.0030  0.0000  0.0007  1.0000  0.1269  0.0006  0.0391  0.0284  0.0003  0.0042  0.0007  0.0002  0.0381  0.0100  0.0029  0.0021  0.1034  0.0031  0.0005  0.0003  0.0000  0.1410  0.0000  0.0000  0.0000
 0.5746  0.0000  0.0314  0.6144  0.5144  0.0090  0.1294  0.0357  0.0339  0.3092  0.0547  0.0192  0.3807  0.3942  0.2947  0.1551  1.0000  0.3507  0.0565  0.0031  0.0000  0.0068  0.0000  0.0000  0.0000
 0.5197  0.0000  0.0176  1.0000  0.9385  0.0215  0.1169  0.3868  0.0914  0.2999  0.2842  0.0583  0.3877  0.0879  0.1851  0.1983  0.3251  0.2228  0.1616  0.0069  0.0000  0.0423  0.0000  0.0000  0.0000
 0.0784  0.0000  0.0003  0.0002  0.0003  0.0001  1.0000  0.0001  0.0001  0.0003  0.0003  0.0001  0.0002  0.0007  0.0002  0.0002  0.0013  0.0005  0.0004  0.0001  0.0000  0.0001  0.0000  0.0000  0.0000
 0.6249  0.0000  0.0809  0.1424  0.6403  0.3932  0.1656  0.2245  0.9324  0.2207  1.0000  0.1569  0.2226  0.1137  0.1886  0.2975  0.2324  0.2577  0.4613  0.0744  0.0000  0.3953  0.0000  0.0000  0.0000
 0.0571  0.0000  0.0003  1.0000  0.1985  0.0003  0.0025  0.0213  0.0011  0.0283  0.0019  0.0116  0.0930  0.0020  0.0140  0.0032  0.0240  0.1444  0.0018  0.0001  0.0000  0.0003  0.0000  0.0000  0.0000
 0.0003  0.0000  0.0001  0.0000  0.0001  0.0009  0.0001  0.0001  0.1004  0.0001  1.0000  0.0438  0.0001  0.0001  0.0002  0.0001  0.0001  0.0002  0.0009  0.0001  0.0000  0.0001  0.0000  0.0000  0.0000
 0.2039  0.0000  0.0003  0.0002  0.0003  0.0033  0.0003  0.0002  0.0854  0.0004  1.0000  0.0041  0.0003  0.0006  0.0006  0.0004  0.0004  0.0008  0.0037  0.0004  0.0000  0.0004  0.0000  0.0000  0.0000
 0.2246  0.0000  0.0523  0.1787  0.2986  0.0144  0.0948  0.0752  0.0372  0.1257  0.1258  0.2077  0.3957  0.0325  0.3433  0.0834  1.0000  0.6473  0.0350  0.0028  0.0000  0.0122  0.0000  0.0000  0.0000
 0.2605  0.0000  0.0201  0.0512  0.0511  0.0023  0.1375  0.0056  0.0086  1.0000  0.0325  0.0330  0.0706  0.0127  0.1303  0.3552  0.2596  0.0265  0.0132  0.0008  0.0000  0.0018  0.0000  0.0000  0.0000
 0.0033  0.0000  0.0455  0.0004  0.0008  0.6187  0.0007  0.0007  0.0261  0.0011  0.9382  1.0000  0.0008  0.0014  0.0017  0.0011  0.0009  0.0832  0.0092  0.0010  0.0000  0.0011  0.0000  0.0000  0.0000
 0.0004  0.0000  0.0021  0.0000  0.0001  0.0006  0.0001  0.0001  0.0053  0.0001  1.0000  0.0008  0.0001  0.0001  0.0001  0.0001  0.0018  0.0002  0.0115  0.0001  0.0000  0.0001  0.0000  0.0000  0.0000
 0.1637  0.0000  0.1103  0.0652  0.1403  0.2276  0.1042  0.2171  0.2773  0.1514  0.3410  0.0782  0.0972  0.0646  1.0000  0.2572  0.1362  0.1706  0.2731  0.0602  0.0000  0.3184  0.0000  0.0000  0.0000
 0.0053  0.0000  0.1164  0.0007  0.0014  0.3906  0.0010  0.0007  0.0204  0.0011  0.6927  0.0247  0.0008  0.0021  0.0017  0.0011  0.0024  0.0032  0.0180  0.0114  0.0000  1.0000  0.0000  0.0000  0.0000
 0.0294  0.0000  0.0014  0.8994  1.0000  0.0413  0.0145  0.0057  0.0036  0.0207  0.0061  0.0022  0.3283  0.0089  0.0366  0.2381  0.0917  0.0266  0.0057  0.0009  0.0000  0.0157  0.0000  0.0000  0.0000
 0.0691  0.0000  0.0038  0.0244  0.0035  0.0014  0.3356  0.0008  0.0018  0.0039  0.0037  0.0018  0.0033  1.0000  0.0027  0.0027  0.2269  0.0331  0.0153  0.0006  0.0000  0.0012  0.0000  0.0000  0.0000
 0.5462  0.0000  0.0102  0.2094  0.7278  0.0095  0.0727  0.0378  0.0538  1.0000  0.1140  0.0464  0.2719  0.1241  0.1126  0.5846  0.4311  0.1716  0.1798  0.0033  0.0000  0.0072  0.0000  0.0000  0.0000
 0.1187  0.0000  0.0060  0.1888  0.1528  0.0057  0.1258  0.0981  0.0212  1.0000  0.1180  0.1913  0.4719  0.0311  0.3090  0.2195  0.2814  0.0649  0.0392  0.0019  0.0000  0.0043  0.0000  0.0000  0.0000
 0.0000  0.0000  0.0000  0.0000  0.0000  0.0000  0.0000  0.0000  0.0000  0.0000  0.0000  0.0000  0.0000  0.0000  0.0000  1.0000  0.0000  0.0000  0.0000  0.0000  0.0000  0.0000  0.0000  0.0000  0.0000
 0.0069  0.0000  0.0002  0.0001  0.0002  0.0006  0.0001  0.0000  1.0000  0.0002  0.2055  0.0732  0.0001  0.0002  0.0001  0.0002  0.0002  0.0053  0.1638  0.0001  0.0000  0.0002  0.0000  0.0000  0.0000
 0.0314  0.0000  0.0006  0.0011  0.0007  0.0003  0.1287  0.0003  0.0006  0.0010  0.0007  0.0004  0.0207  0.0199  0.0007  0.0006  1.0000  0.1429  0.0012  0.0001  0.0000  0.0003  0.0000  0.0000  0.0000
 1.0000  0.0000  0.0003  0.0002  0.0002  0.0001  0.0255  0.0000  0.0001  0.0003  0.0002  0.0001  0.0002  0.0007  0.0002  0.0002  0.0158  0.0023  0.0004  0.0000  0.0000  0.0001  0.0000  0.0000  0.0000
 0.4602  0.0000  0.0037  0.5565  1.0000  0.0035  0.0264  0.1092  0.0130  0.7842  0.0210  0.0074  0.0794  0.0193  0.2475  0.5394  0.0508  0.0556  0.0377  0.0012  0.0000  0.0027  0.0000  0.0000  0.0000
 0.5728  0.0000  0.0072  1.0000  0.8021  0.0067  0.0600  0.0202  0.0363  0.2028  0.0407  0.1011  0.1286  0.0370  0.3219  0.1740  0.1672  0.1147  0.0810  0.0023  0.0000  0.0051  0.0000  0.0000  0.0000
 1.0000  0.0000  0.0004  0.0003  0.0003  0.0001  0.0165  0.0001  0.0305  0.0004  0.0004  0.0002  0.0002  0.0009  0.0002  0.0003  0.0464  0.0006  0.0006  0.0001  0.0000  0.0001  0.0000  0.0000  0.0000
 0.0012  0.0000  0.0786  0.0001  0.0003  0.0028  0.0002  0.0002  0.0054  0.0004  1.0000  0.4442  0.0003  0.0005  0.0006  0.0397  0.0003  0.0007  0.0741  0.0003  0.0000  0.0004  0.0000  0.0000  0.0000
 0.2161  0.0000  0.0145  0.1185  0.5844  0.0068  0.0516  0.0842  0.0800  1.0000  0.1193  0.0986  0.2933  0.0372  0.6308  0.6947  0.3854  0.2476  0.1812  0.0023  0.0000  0.0051  0.0000  0.0000  0.0000
 0.0004  0.0000  0.0001  0.0004  0.0005  0.0001  0.0007  1.0000  0.0001  0.0016  0.0003  0.0001  0.0005  0.0004  0.0068  0.0038  0.0004  0.0003  0.0002  0.0001  0.0000  0.0002  0.0000  0.0000  0.0000
 0.0791  0.0000  0.0302  0.0629  0.2192  0.0010  0.0070  0.0093  0.0035  0.0333  0.0406  0.0020  0.0091  1.0000  0.0108  0.0711  0.1389  0.0218  0.0511  0.0003  0.0000  0.0008  0.0000  0.0000  0.0000
 0.0003  0.0000  0.0001  0.0000  0.0001  0.2603  0.0000  0.0000  0.0006  0.0000  0.0014  0.0003  0.0000  0.0001  0.0000  0.0000  0.0002  0.0002  0.0005  0.1392  0.0000  1.0000  0.0000  0.0000  0.0000
 0.0002  0.0000  0.0001  0.0000  0.0001  1.0000  0.0001  0.0000  0.0007  0.0000  0.0717  0.0004  0.0000  0.0001  0.0000  0.0000  0.0001  0.0001  0.0005  0.0007  0.0000  0.0026  0.0000  0.0000  0.0000
 0.7976  0.0000  0.0339  0.6980  0.6605  0.0488  0.2832  0.2211  0.1170  1.0000  0.5006  0.0662  0.6159  0.1686  0.7216  0.8232  0.6619  0.3593  0.1776  0.0119  0.0000  0.0482  0.0000  0.0000  0.0000
 0.0216  0.0000  0.0829  1.0000  0.1226  0.0020  0.1190  0.0071  0.0048  0.0269  0.0079  0.0028  0.1122  0.0272  0.2220  0.0227  0.6725  0.1801  0.0074  0.0008  0.0000  0.0031  0.0000  0.0000  0.0000
 0.0005  0.0000  0.0001  0.0027  0.0001  0.0243  0.0001  0.0001  0.1483  0.0002  1.0000  0.0221  0.0001  0.0002  0.0002  0.0002  0.0002  0.0004  0.0808  0.0001  0.0000  0.0183  0.0000  0.0000  0.0000
 0.2430  0.0000  0.0083  0.3136  0.1686  0.0077  1.0000  0.0568  0.0226  0.1427  0.0371  0.0130  0.2105  0.6654  0.0844  0.0671  0.1382  0.1507  0.0347  0.0030  0.0000  0.0093  0.0000  0.0000  0.0000
 0.2805  0.0000  0.0187  0.4218  0.9833  0.0174  0.1333  0.0425  0.0737  1.0000  0.1265  0.0965  0.2288  0.5137  0.2931  0.3674  0.2839  0.2533  0.2433  0.0060  0.0000  0.0132  0.0000  0.0000  0.0000
 0.1410  0.0000  0.0020  0.0435  0.0368  0.0020  0.0140  0.0217  0.0413  0.5827  0.0238  0.0040  0.1293  0.1382  0.0945  1.0000  0.0634  0.0212  0.0106  0.0007  0.0000  0.0017  0.0000  0.0000  0.0000
 0.1327  0.0000  0.2313  0.0225  0.0072  0.0057  0.0006  0.0025  1.0000  0.0071  0.9434  0.0187  0.0036  0.0428  0.0713  0.0042  0.0546  0.0586  0.8495  0.0011  0.0000  0.0029  0.0000  0.0000  0.0000
 0.3821  0.0000  0.2306  0.1513  0.1884  0.5329  0.2418  1.0000  0.2721  0.3143  0.5673  0.1905  0.2122  0.2040  0.2157  0.2401  0.2834  0.2702  0.3470  0.2345  0.0000  0.9377  0.0000  0.0000  0.0000
 0.3507  0.0000  0.0107  0.1373  1.0000  0.0100  0.0762  0.2994  0.0473  0.8199  0.0857  0.0212  0.2503  0.0674  0.3175  0.1682  0.1935  0.3636  0.1157  0.0034  0.0000  0.0076  0.0000  0.0000  0.0000
 0.0004  0.0000  0.0001  0.0001  0.0001  0.0012  0.0001  0.0001  0.0022  0.0002  1.0000  0.0364  0.0001  0.0002  0.0002  0.0002  0.0001  0.0101  0.0012  0.0001  0.0000  0.0002  0.0000  0.0000  0.0000
 0.0339  0.0000  0.0014  0.0423  0.1025  0.0014  0.0247  0.0417  0.0205  0.0240  0.0078  0.0028  0.0128  1.0000  0.0551  0.1711  0.1033  0.1003  0.0074  0.0005  0.0000  0.0011  0.0000  0.0000  0.0000
 0.0015  0.0000  0.0000  1.0000  0.1333  0.0001  0.0064  0.0004  0.0002  0.0015  0.0003  0.0001  0.0008  0.0093  0.0251  0.0004  0.0008  0.0007  0.0003  0.0001  0.0000  0.0002  0.0000  0.0000  0.0000
 0.1662  0.0000  0.0874  0.1998  0.7318  0.0136  0.0812  0.0278  0.0579  0.1936  0.0876  0.1929  0.2769  0.0624  0.1656  0.1101  0.3657  1.0000  0.0653  0.0049  0.0000  0.0123  0.0000  0.0000  0.0000
 0.5234  0.0000  0.0056  0.0840  0.1805  0.0069  0.0367  0.0616  0.1128  0.0881  0.1172  0.0107  0.0474  0.0264  0.2420  0.0678  0.3310  1.0000  0.2376  0.0022  0.0000  0.0068  0.0000  0.0000  0.0000
 0.0151  0.0000  0.0007  0.0009  0.0007  0.0003  0.0220  0.0002  0.0003  0.0009  0.0007  0.0003  0.0010  0.0017  0.0006  0.0211  1.0000  0.0014  0.0011  0.0001  0.0000  0.0117  0.0000  0.0000  0.0000
 0.0220  0.0000  0.0002  0.0001  0.0002  0.0008  0.0002  0.0000  1.0000  0.0002  0.0330  0.0007  0.0002  0.0001  0.0001  0.0002  0.0002  0.0006  0.1905  0.0001  0.0000  0.0247  0.0000  0.0000  0.0000
 0.0006  0.0000  0.0129  0.0001  0.0002  1.0000  0.0001  0.0001  0.0021  0.0001  0.0934  0.0630  0.0001  0.0002  0.0001  0.0001  0.0003  0.0004  0.0014  0.0019  0.0000  0.0163  0.0000  0.0000  0.0000
 0.6505  0.0000  0.0038  0.0798  0.1664  0.0023  0.0092  0.0035  0.0057  0.0118  0.0060  0.0030  0.0182  0.0110  0.0098  0.0549  0.9674  1.0000  0.0093  0.0013  0.0000  0.0334  0.0000  0.0000  0.0000
 0.1559  0.0000  0.0038  0.0010  0.0030  0.0063  0.0005  0.0009  0.0387  0.0031  1.0000  0.0091  0.0016  0.0042  0.0027  0.0335  0.0030  0.0130  0.6799  0.0008  0.0000  0.0012  0.0000  0.0000  0.0000
 0.0425  0.0000  0.0011  0.2145  0.7337  0.0040  0.0174  0.0114  0.0065  1.0000  0.0123  0.0047  0.0206  0.3805  0.1076  0.1070  0.0483  0.0218  0.0114  0.0020  0.0000  0.0056  0.0000  0.0000  0.0000
 0.1257  0.0000  0.0147  0.4989  1.0000  0.0179  0.5729  0.0786  0.0138  0.1507  0.0279  0.0108  0.4533  0.0879  0.1633  0.0595  0.1906  0.0903  0.0252  0.0089  0.0000  0.0397  0.0000  0.0000  0.0000
 0.0009  0.0000  0.0003  0.0002  0.0003  0.0012  0.0004  0.0000  0.9542  0.0004  0.0065  0.0012  0.0002  0.0002  0.0001  0.0003  0.0004  0.0011  1.0000  0.0002  0.0000  0.0006  0.0000  0.0000  0.0000
 0.0039  0.0000  0.0004  0.0008  0.0054  0.0008  0.0028  0.1633  0.0017  0.0611  0.0039  0.0013  0.0038  0.0030  1.0000  0.1795  0.0613  0.0041  0.0022  0.0006  0.0000  0.0558  0.0000  0.0000  0.0000
 0.0009  0.0000  0.0002  0.0001  0.0002  0.0023  0.0002  0.0002  0.0899  0.0003  1.0000  0.0029  0.0002  0.0004  0.0432  0.0003  0.0002  0.0005  0.0024  0.0003  0.0000  0.0003  0.0000  0.0000  0.0000
 0.0403  0.0000  0.0090  0.0498  0.3285  0.0346  0.0547  0.0884  0.0209  0.0432  0.0356  0.0123  0.0280  0.0199  1.0000  0.0334  0.0305  0.0452  0.0881  0.0096  0.0000  0.3286  0.0000  0.0000  0.0000
 0.0261  0.0000  0.0015  0.0028  0.0220  0.0033  0.0112  0.0140  0.0067  1.0000  0.0159  0.0053  0.0153  0.2835  0.1720  0.2871  0.0132  0.2634  0.0090  0.0025  0.0000  0.0071  0.0000  0.0000  0.0000
 0.0046  0.0000  0.0001  0.5117  1.0000  0.0004  0.0017  0.0011  0.0005  0.0046  0.0010  0.0591  0.0019  0.0028  0.0061  0.0012  0.0023  0.0020  0.0011  0.0002  0.0000  0.0006  0.0000  0.0000  0.0000
 0.5141  0.0000  0.0029  0.0025  0.0027  0.0012  0.0132  0.0006  0.0797  0.0031  0.0034  0.0015  0.0029  1.0000  0.0022  0.0021  0.1081  0.0243  0.0069  0.0005  0.0000  0.0009  0.0000  0.0000  0.0000
 0.0520  0.0000  0.0061  0.0368  0.0155  0.0034  1.0000  0.0090  0.0037  0.1129  0.0072  0.0431  0.6601  0.0172  0.0123  0.0147  0.2223  0.0255  0.0927  0.0016  0.0000  0.0056  0.0000  0.0000  0.0000
 0.4939  0.0000  0.1723  0.1997  0.2773  0.6942  0.3212  0.5402  0.3957  0.2894  0.6471  0.2182  0.2995  0.1992  0.2897  0.3667  0.3904  0.3813  0.4890  0.1801  0.0000  1.0000  0.0000  0.0000  0.0000
 0.0131  0.0000  0.0014  0.0055  0.0067  0.0012  0.0481  0.0040  0.0019  0.0252  0.0043  0.0016  0.0087  0.0054  0.2775  1.0000  0.2303  0.0065  0.0034  0.0007  0.0000  0.0022  0.0000  0.0000  0.0000
 0.2531  0.0000  0.0409  0.1062  0.0594  0.0214  0.4337  0.0283  0.0480  0.0800  0.0822  0.1680  0.6713  0.1838  0.0598  0.0505  1.0000  0.7116  0.0851  0.0120  0.0000  0.0259  0.0000  0.0000  0.0000
 0.5645  0.0000  0.1765  0.2266  0.2918  0.6547  0.3272  0.5087  0.3923  0.3187  0.7767  0.2511  0.3779  0.2232  0.3038  0.4946  1.0000  0.7674  0.5819  0.1742  0.0000  0.9595  0.0000  0.0000  0.0000
 0.8010  0.0000  0.0450  0.0130  0.0342  0.0237  0.0086  0.0089  0.3742  0.0348  0.1533  0.0797  0.0195  0.0505  0.0260  0.0198  1.0000  0.1930  0.6778  0.0043  0.0000  0.0080  0.0000  0.0000  0.0000
 0.0142  0.0000  0.0057  0.0023  0.0039  1.0000  0.0030  0.0022  0.0449  0.0024  0.2013  0.5353  0.0019  0.1246  0.0034  0.0025  0.0078  0.0088  0.0316  0.0408  0.0000  0.4842  0.0000  0.0000  0.0000
 0.0282  0.0000  0.0037  0.2079  0.0896  0.0042  0.0542  0.0908  0.0036  0.0704  0.0073  0.0028  0.0863  1.0000  0.4864  0.0208  0.1165  0.0233  0.0062  0.0022  0.0000  0.0095  0.0000  0.0000  0.0000
 0.0329  0.0000  0.0010  0.7863  1.0000  0.0032  0.0182  0.2756  0.0042  0.0357  0.0078  0.0031  0.0672  0.1308  0.4506  0.1667  0.0214  0.0162  0.0078  0.0015  0.0000  0.0047  0.0000  0.0000  0.0000
 0.2996  0.0000  0.0397  0.0530  0.0426  0.0192  0.0763  0.0161  0.0845  0.0579  0.1342  0.0299  0.0905  0.4429  0.0443  0.0367  1.0000  0.8445  0.2137  0.0092  0.0000  0.0166  0.0000  0.0000  0.0000
 0.3133  0.0000  0.0093  0.0068  0.0082  0.0035  1.0000  0.0015  0.0040  0.0089  0.0089  0.0042  0.0058  0.0232  0.0061  0.0064  0.1607  0.0161  0.1710  0.0013  0.0000  0.0027  0.0000  0.0000  0.0000
 0.0086  0.0000  0.0009  0.0032  0.0119  0.0019  0.0395  0.2142  0.0036  0.1603  0.0085  0.0028  0.1428  0.0067  0.0691  1.0000  0.0077  0.0092  0.0048  0.0014  0.0000  0.0327  0.0000  0.0000  0.0000
 0.0930  0.0000  0.0104  0.0289  0.0151  0.0055  1.0000  0.0070  0.0914  0.0171  0.0131  0.0055  0.1547  0.0263  0.0118  0.0111  0.2649  0.0518  0.0731  0.0022  0.0000  0.0063  0.0000  0.0000  0.0000
 0.0124  0.0000  0.0014  0.0075  0.0167  0.0023  0.0106  0.0097  0.0869  1.0000  0.0105  0.0035  0.1384  0.0090  0.1588  0.0576  0.0478  0.0151  0.0064  0.0017  0.0000  0.0049  0.0000  0.0000  0.0000
 0.1661  0.0000  0.0057  0.0284  0.0115  0.0028  0.0387  0.0062  0.0035  0.0122  0.0059  0.0027  1.0000  0.0153  0.0084  0.0072  0.8014  0.0320  0.0090  0.0013  0.0000  0.0041  0.0000  0.0000  0.0000
 0.0045  0.0000  0.0004  0.0011  0.0062  0.0010  0.0033  0.0039  0.0019  0.0306  0.0415  0.0015  0.0357  0.0035  0.0988  1.0000  0.0038  0.0048  0.0025  0.0007  0.0000  0.0020  0.0000  0.0000  0.0000
 0.0081  0.0000  0.0009  0.0026  0.0034  0.0008  0.0063  0.0019  0.0012  0.0117  0.0026  0.0009  0.0038  0.0037  0.0044  1.0000  0.0695  0.0045  0.0022  0.0005  0.0000  0.0012  0.0000  0.0000  0.0000
 0.0278  0.0000  0.0064  0.0101  0.0135  0.0901  0.0113  0.0088  0.1040  0.0260  0.4682  0.0688  0.0539  0.0126  1.0000  0.0225  0.0134  0.0183  0.0601  0.0074  0.0000  0.0112  0.0000  0.0000  0.0000
 0.0000  0.0000  0.0000  0.0000  0.0000  0.0000  0.0000  0.0000  0.0000  0.0000  0.0000  0.0000  0.0000  0.0000  0.0000  0.0000  1.0000  0.0000  0.0000  0.0000  0.0000  0.0000  0.0000  0.0000  0.0000
 0.0133  0.0000  0.0034  0.0016  0.0034  0.0354  0.0027  0.0026  1.0000  0.0045  0.9533  0.5491  0.0033  0.0055  0.0068  0.0045  0.0037  0.0079  0.0417  0.0041  0.0000  0.0046  0.0000  0.0000  0.0000
 0.0209  0.0000  0.0055  0.0025  0.0052  0.7549  0.0040  0.0038  0.1032  0.0066  1.0000  0.0631  0.0047  0.0084  0.0098  0.0065  0.0061  0.0125  0.2827  0.0096  0.0000  0.0217  0.0000  0.0000  0.0000
//
