ID   UNK_ID; MATRIX
AC   UNK_AC
DE   UNK_DE
MA   UNK_BL
  A   B   C   D   E   F   G   H   I   K   L   M   N   P   Q   R   S   T   V   W   X   Y   Z   *   -
 0.0052  0.0000  0.0013  0.0006  0.0013  0.0126  0.0010  0.0010  0.0244  0.0017  0.3457  1.0000  0.0012  0.0021  0.0025  0.0016  0.0014  0.0031  0.0499  0.0015  0.0000  0.0017  0.0000  0.0000  0.0000
 0.5878  0.0000  0.0525  0.1553  0.1026  0.0257  0.2887  0.0391  0.0399  0.1304  0.0644  0.0294  0.2542  0.4680  0.0807  0.1160  1.0000  0.3432  0.0963  0.0117  0.0000  0.0309  0.0000  0.0000  0.0000
 0.2651  0.0000  0.0226  0.1504  0.3557  0.0381  0.1550  0.1221  0.0867  1.0000  0.2008  0.1667  0.2737  0.3576  0.8748  0.8932  0.2413  0.2560  0.1225  0.0214  0.0000  0.0632  0.0000  0.0000  0.0000
 0.9675  0.0000  0.0432  0.0492  0.0503  0.0178  0.2671  0.0123  0.0282  0.0590  0.0468  0.0224  0.0584  0.4423  0.0410  0.0965  1.0000  0.5263  0.0777  0.0076  0.0000  0.0155  0.0000  0.0000  0.0000
 0.0146  0.0000  0.0014  0.0028  0.0202  0.0030  0.0103  0.0129  0.0062  0.9906  0.0146  0.1149  0.1464  0.0114  0.0342  1.0000  0.0122  0.0771  0.0082  0.0023  0.0000  0.0065  0.0000  0.0000  0.0000
 0.2996  0.0000  0.0790  0.7351  0.3699  0.0927  1.0000  0.3185  0.0801  0.6324  0.1524  0.0525  0.9195  0.2846  0.3074  0.6646  0.5474  0.2779  0.1144  0.0360  0.0000  0.1679  0.0000  0.0000  0.0000
 0.0156  0.0000  0.0020  0.0571  0.0214  0.0023  0.0559  0.0097  0.0040  1.0000  0.0082  0.1259  0.0669  0.0094  0.0198  0.2402  0.0419  0.0146  0.0058  0.0013  0.0000  0.0048  0.0000  0.0000  0.0000
 0.0752  0.0000  0.0072  0.0138  0.1044  0.0156  0.0535  0.0669  0.0321  1.0000  0.1661  0.0251  0.1068  0.3198  0.1778  0.7183  0.0617  0.0805  0.0425  0.0118  0.0000  0.0337  0.0000  0.0000  0.0000
 0.5367  0.0000  0.0442  0.3845  0.6569  0.0740  0.3044  0.1650  0.1465  1.0000  0.2973  0.0863  0.4862  0.2463  0.4803  0.8521  0.4820  0.3971  0.3546  0.0257  0.0000  0.0919  0.0000  0.0000  0.0000
 0.2363  0.0000  0.0240  0.1398  0.3132  0.0477  0.1666  0.1434  0.0851  1.0000  0.1796  0.0596  0.2304  0.1412  0.3781  0.8087  0.2244  0.2256  0.1174  0.0260  0.0000  0.0844  0.0000  0.0000  0.0000
 0.0394  0.0000  0.0025  0.0055  0.0275  0.0058  0.0581  0.0803  0.0091  0.3309  0.1009  0.0068  0.0193  1.0000  0.0436  0.1394  0.0180  0.0362  0.0122  0.0033  0.0000  0.0109  0.0000  0.0000  0.0000
 0.8930  0.0000  0.0287  0.7109  0.5402  0.0268  0.9773  0.0652  0.1004  1.0000  0.2681  0.0568  0.3446  0.2408  0.4256  0.4545  0.7833  0.3077  0.1865  0.0092  0.0000  0.0204  0.0000  0.0000  0.0000
 0.0188  0.0000  0.0018  0.0010  0.0019  0.0462  0.0015  0.0019  0.1653  0.0624  1.0000  0.0400  0.0018  0.0026  0.0433  0.0025  0.0022  0.0506  0.0170  0.0018  0.0000  0.0032  0.0000  0.0000  0.0000
 0.3447  0.0000  0.0243  0.3325  0.4955  0.0227  0.2788  0.0553  0.1381  1.0000  0.2049  0.0482  0.3122  0.2060  0.4083  0.4812  0.3687  0.6322  0.1301  0.0078  0.0000  0.0172  0.0000  0.0000  0.0000
 0.0175  0.0000  0.0046  0.0026  0.0046  0.1524  0.0039  0.0041  1.0000  0.0287  0.6204  0.1694  0.0042  0.0998  0.0064  0.0054  0.0633  0.0124  0.1716  0.0038  0.0000  0.0084  0.0000  0.0000  0.0000
 0.0728  0.0000  0.0104  0.1090  0.0262  0.0059  0.0372  0.0127  0.0138  0.0293  0.0139  0.0072  0.5503  1.0000  0.0802  0.0170  0.8994  0.3533  0.0219  0.0036  0.0000  0.0088  0.0000  0.0000  0.0000
 0.7688  0.0000  0.0894  0.6333  1.0000  0.1079  0.3960  0.1517  0.2177  0.9568  0.3408  0.1258  0.5024  0.3484  0.6033  0.5624  0.7386  0.5956  0.3161  0.0282  0.0000  0.0992  0.0000  0.0000  0.0000
 0.6896  0.0000  0.0452  0.5694  1.0000  0.0422  0.3222  0.1028  0.1688  0.7940  0.2601  0.0896  0.4192  0.3076  0.5086  0.5196  0.6492  0.6158  0.2854  0.0145  0.0000  0.0321  0.0000  0.0000  0.0000
 1.0000  0.0000  0.1814  0.6209  0.9751  0.5779  0.5593  0.4981  0.5430  0.9106  0.7235  0.2674  0.5993  0.4072  0.6633  0.6756  0.9353  0.7529  0.6324  0.1518  0.0000  0.7827  0.0000  0.0000  0.0000
 0.6237  0.0000  0.1817  0.2794  0.3857  0.7323  0.3730  0.5540  0.4120  0.3964  0.6840  0.2454  0.3612  0.2360  0.3596  0.4048  0.4914  0.4536  0.5389  0.1855  0.0000  1.0000  0.0000  0.0000  0.0000
 0.3100  0.0000  0.0173  0.2848  1.0000  0.0162  0.1235  0.0772  0.0607  0.6544  0.0980  0.0344  0.2254  0.2906  0.4637  0.2260  0.4961  0.2319  0.1952  0.0056  0.0000  0.0123  0.0000  0.0000  0.0000
 0.6844  0.0000  0.0484  0.6075  1.0000  0.0452  0.4811  0.1103  0.1692  0.8620  0.3300  0.0957  0.5794  0.3968  0.6282  0.4748  0.7703  0.5324  0.2581  0.0156  0.0000  0.0345  0.0000  0.0000  0.0000
 0.0333  0.0000  0.0059  0.0141  0.0518  0.0038  0.0405  0.0043  0.1260  0.0141  0.0090  0.0044  0.0321  1.0000  0.0105  0.0089  0.1142  0.2453  0.0550  0.0020  0.0000  0.0045  0.0000  0.0000  0.0000
 0.6969  0.0000  0.0446  0.5366  1.0000  0.0418  0.3485  0.2151  0.1697  0.7847  0.2760  0.0884  0.4313  0.2605  0.6168  0.4651  0.7271  0.5068  0.3104  0.0144  0.0000  0.0318  0.0000  0.0000  0.0000
 0.8299  0.0000  0.0605  0.5645  0.9004  0.0941  0.3970  0.1453  0.5759  0.8363  0.3498  0.1090  0.4870  1.0000  0.6327  0.5336  0.8141  0.8736  0.3539  0.0285  0.0000  0.1050  0.0000  0.0000  0.0000
 0.8610  0.0000  0.0266  0.5764  0.9351  0.0259  0.2418  0.0608  0.0929  0.4585  0.2176  0.0525  0.5880  0.2561  0.2908  0.3952  1.0000  0.8051  0.2091  0.0088  0.0000  0.0662  0.0000  0.0000  0.0000
 0.8514  0.0000  0.1963  0.4840  0.7299  0.7147  0.4985  0.5825  0.4932  0.7044  0.7790  0.2665  0.5384  0.3609  0.5886  0.6267  0.7779  0.6593  0.6335  0.1877  0.0000  1.0000  0.0000  0.0000  0.0000
 0.5516  0.0000  0.0357  0.3958  0.7595  0.0335  0.2241  0.0737  0.1727  0.6910  0.4765  0.0664  0.2936  0.1660  0.3481  0.3096  0.5807  1.0000  0.4201  0.0112  0.0000  0.0264  0.0000  0.0000  0.0000
 0.5550  0.0000  0.1088  0.2710  0.4478  0.3898  0.4688  0.3697  0.2929  0.4152  0.5763  0.1462  0.2939  1.0000  0.3152  0.5732  0.4064  0.4084  0.3866  0.1038  0.0000  0.5475  0.0000  0.0000  0.0000
 0.2577  0.0000  0.0039  0.0123  0.0454  0.0021  0.0140  0.0025  0.0052  0.0117  0.0216  0.0029  0.0112  1.0000  0.2244  0.0069  0.0907  0.2772  0.0102  0.0011  0.0000  0.0022  0.0000  0.0000  0.0000
 0.1882  0.0000  0.0075  0.0769  0.3030  0.0091  0.0513  0.2823  0.0263  0.2393  0.1835  0.0156  0.0668  0.0656  0.0881  1.0000  0.3198  0.1142  0.0394  0.0036  0.0000  0.0101  0.0000  0.0000  0.0000
 0.0301  0.0000  0.0054  0.6850  0.1296  0.0050  0.0775  0.0243  0.2242  0.0692  0.0071  0.0027  1.0000  0.0219  0.0305  0.0183  0.7679  0.0310  0.0061  0.0026  0.0000  0.0123  0.0000  0.0000  0.0000
 0.0024  0.0000  0.0006  0.0191  0.0006  0.0770  0.0005  0.0004  0.1711  0.0008  1.0000  0.1733  0.0006  0.0009  0.0011  0.0008  0.0007  0.0352  0.0386  0.0007  0.0000  0.0008  0.0000  0.0000  0.0000
 0.0136  0.0000  0.0008  1.0000  0.3492  0.0014  0.0127  0.0681  0.0019  0.2978  0.0035  0.0013  0.0436  0.0081  0.1328  0.0060  0.2141  0.0082  0.0034  0.0007  0.0000  0.0025  0.0000  0.0000  0.0000
 0.0494  0.0000  0.0021  0.0925  0.1172  0.0020  0.0148  0.0048  0.0073  0.3247  0.0117  0.0041  0.1046  0.0108  0.1652  0.0204  1.0000  0.0855  0.0229  0.0007  0.0000  0.0015  0.0000  0.0000  0.0000
 0.0701  0.0000  0.0054  0.0484  0.2746  0.0068  0.0381  0.0220  0.0201  1.0000  0.0746  0.0127  0.0505  0.0317  0.1098  0.7532  0.5900  0.5003  0.0709  0.0036  0.0000  0.0095  0.0000  0.0000  0.0000
 0.9899  0.0000  0.0042  0.0455  0.0470  0.0019  1.0000  0.0027  0.0021  0.0077  0.0044  0.0020  0.0126  0.0118  0.0063  0.0043  0.0257  0.3327  0.0070  0.0008  0.0000  0.0022  0.0000  0.0000  0.0000
 0.5042  0.0000  0.1818  0.2036  0.2724  0.7075  0.3268  0.5377  0.4007  0.3007  0.6468  0.2192  0.3047  0.2028  0.2915  0.3472  0.3976  0.4008  0.5029  0.1834  0.0000  1.0000  0.0000  0.0000  0.0000
 0.0138  0.0000  0.0041  0.1154  0.0037  0.0218  0.0049  0.0009  0.9259  0.0052  1.0000  0.0235  0.0901  0.0034  0.0031  0.0044  0.0051  0.0136  0.2689  0.0026  0.0000  0.0072  0.0000  0.0000  0.0000
 0.7521  0.0000  0.0859  0.5736  0.9473  0.3582  0.4051  0.2493  0.2483  1.0000  0.4321  0.1400  0.5231  0.2779  0.6729  0.5233  0.7725  0.9284  0.3836  0.0573  0.0000  0.2644  0.0000  0.0000  0.0000
 0.0374  0.0000  0.0082  0.0028  0.0064  0.0144  0.0025  0.0017  1.0000  0.0072  0.1604  0.0379  0.0040  0.0082  0.1382  0.0048  0.2386  0.0385  0.3208  0.0019  0.0000  0.0047  0.0000  0.0000  0.0000
 0.0634  0.0000  0.0020  0.1441  0.0966  0.0019  1.0000  0.0053  0.0062  0.2209  0.0100  0.0035  0.2960  0.0099  0.0479  0.0178  0.4611  0.0406  0.0094  0.0007  0.0000  0.0019  0.0000  0.0000  0.0000
 0.2552  0.0000  0.0129  0.8444  0.6992  0.0114  1.0000  0.0567  0.0069  0.0838  0.0146  0.0054  0.4935  0.0488  0.0631  0.0401  0.2809  0.0597  0.0124  0.0058  0.0000  0.0287  0.0000  0.0000  0.0000
 0.0962  0.0000  0.0048  0.0547  0.1233  0.0048  0.0809  0.1135  0.0170  0.6472  0.0280  0.0098  0.1370  0.0252  1.0000  0.4973  0.3000  0.0516  0.0903  0.0018  0.0000  0.0043  0.0000  0.0000  0.0000
 0.6021  0.0000  0.0428  0.5130  0.9461  0.0410  0.3031  0.3000  0.2717  0.7804  0.2413  0.0846  0.8166  0.2186  0.5797  0.5879  1.0000  0.9806  0.4593  0.0140  0.0000  0.0321  0.0000  0.0000  0.0000
 0.0920  0.0000  0.0938  0.0372  0.0495  1.0000  0.2353  0.2140  0.1083  0.0935  0.1179  0.0400  0.0557  0.0370  0.0532  0.0630  0.2336  0.0710  0.0911  0.1527  0.0000  0.6000  0.0000  0.0000  0.0000
 0.2202  0.0000  0.0156  0.9101  1.0000  0.0147  0.1108  0.0961  0.0773  0.2708  0.0880  0.0309  0.2491  0.1803  0.4183  0.3482  0.2922  0.3101  0.3024  0.0050  0.0000  0.0113  0.0000  0.0000  0.0000
 0.3197  0.0000  0.0987  0.0051  0.0145  0.6103  0.0021  0.0036  0.7670  0.0150  0.3801  0.0257  0.0074  0.0195  0.0106  0.0089  0.0146  0.1730  1.0000  0.0024  0.0000  0.0059  0.0000  0.0000  0.0000
 0.4110  0.0000  0.0293  0.6073  1.0000  0.0292  0.2330  0.0941  0.0968  0.7917  0.1573  0.0557  0.3671  0.1608  0.3902  0.2743  0.5704  0.7438  0.1491  0.0108  0.0000  0.0277  0.0000  0.0000  0.0000
 1.0000  0.0000  0.0567  0.1475  0.0693  0.0281  0.2926  0.0197  0.1500  0.0770  0.2061  0.0310  0.0798  0.1415  0.0552  0.0526  0.4811  0.3278  0.1045  0.0110  0.0000  0.0267  0.0000  0.0000  0.0000
 0.0018  0.0000  0.0004  1.0000  0.1767  0.0003  0.0053  0.0308  0.0002  0.0024  0.0004  0.0001  0.1255  0.0014  0.0018  0.0011  0.0292  0.0017  0.0003  0.0002  0.0000  0.0008  0.0000  0.0000  0.0000
 0.0024  0.0000  0.0003  1.0000  0.1803  0.0003  0.0044  0.0220  0.0003  0.0029  0.0005  0.0002  0.0418  0.0017  0.0284  0.0011  0.1136  0.0017  0.0005  0.0002  0.0000  0.0008  0.0000  0.0000  0.0000
 0.0012  0.0000  0.0003  0.0001  0.0003  0.1293  0.0002  0.0002  0.0059  0.0004  1.0000  0.0039  0.0003  0.0005  0.0006  0.0004  0.0003  0.0007  0.0570  0.0005  0.0000  0.0009  0.0000  0.0000  0.0000
 0.0342  0.0000  0.0024  0.1013  1.0000  0.0023  0.0171  0.0057  0.0275  0.2057  0.0390  0.0048  0.0222  0.0126  0.1450  0.0480  0.0328  0.0799  0.1421  0.0008  0.0000  0.0019  0.0000  0.0000  0.0000
 0.7038  0.0000  0.0528  0.8056  0.9438  0.1521  0.3559  0.1434  0.1801  1.0000  0.2967  0.1019  0.5405  0.3229  0.5832  0.6243  0.6812  0.6188  0.2893  0.0198  0.0000  0.0568  0.0000  0.0000  0.0000
 0.0099  0.0000  0.0026  0.0013  0.1243  0.0256  0.0022  0.0021  0.9684  0.0040  1.0000  0.0531  0.0025  0.0041  0.0052  0.0263  0.0029  0.0060  0.0320  0.0030  0.0000  0.0283  0.0000  0.0000  0.0000
 0.4074  0.0000  0.3738  0.4802  0.5902  0.0267  1.0000  0.0582  0.0872  0.4236  0.1410  0.0591  0.2269  0.1278  0.3064  0.2729  0.6616  0.2637  0.2026  0.0089  0.0000  0.0229  0.0000  0.0000  0.0000
 0.0032  0.0000  0.0000  0.2380  1.0000  0.0003  0.0012  0.0008  0.0004  0.0032  0.0235  0.0003  0.0013  0.0019  0.0042  0.0008  0.0016  0.0014  0.0007  0.0001  0.0000  0.0004  0.0000  0.0000  0.0000
 0.0015  0.0000  0.0004  0.0002  0.0004  0.0039  0.0003  0.0003  0.3587  0.0005  1.0000  0.1061  0.0004  0.0006  0.0008  0.0005  0.0004  0.0008  0.0041  0.0005  0.0000  0.0005  0.0000  0.0000  0.0000
 0.0000  0.0000  0.0000  0.0000  0.0000  0.0000  1.0000  0.0000  0.0000  0.0000  0.0000  0.0000  0.0000  0.0000  0.0000  0.0000  0.0000  0.0000  0.0000  0.0000  0.0000  0.0000  0.0000  0.0000  0.0000
 0.1768  0.0000  0.0012  0.0062  0.0147  0.0022  0.0101  0.1498  0.0042  0.1392  0.0099  0.0033  0.0945  0.0083  0.0235  1.0000  0.1538  0.0117  0.0057  0.0016  0.0000  0.0048  0.0000  0.0000  0.0000
 0.0000  0.0000  0.0000  0.0000  0.0000  0.0000  1.0000  0.0000  0.0000  0.0000  0.0000  0.0000  0.0000  0.0000  0.0000  0.0000  0.0000  0.0000  0.0000  0.0000  0.0000  0.0000  0.0000  0.0000  0.0000
 1.0000  0.0000  0.0279  0.0778  0.0398  0.0121  0.1857  0.0172  0.0145  0.0427  0.0276  0.0129  0.3966  0.0720  0.0295  0.0271  0.1870  0.2676  0.0449  0.0051  0.0000  0.0140  0.0000  0.0000  0.0000
 0.1624  0.0000  0.1421  0.0337  0.0278  0.3990  0.2315  0.0255  0.0384  0.0273  0.0806  0.0228  0.0376  0.0446  0.0222  0.0239  0.1457  0.0465  0.0564  0.0498  0.0000  1.0000  0.0000  0.0000  0.0000
 0.0000  0.0000  0.0000  0.0000  0.0000  0.0000  1.0000  0.0000  0.0000  0.0000  0.0000  0.0000  0.0000  0.0000  0.0000  0.0000  0.0000  0.0000  0.0000  0.0000  0.0000  0.0000  0.0000  0.0000  0.0000
 0.4855  0.0000  0.0936  0.1173  0.1499  0.3421  0.1694  0.3107  0.6616  0.1620  0.3305  0.1136  0.3332  0.1174  0.3829  0.1804  0.5387  0.6990  1.0000  0.0910  0.0000  0.5248  0.0000  0.0000  0.0000
 0.0000  0.0000  0.0000  0.0000  0.0000  0.0000  0.0000  0.0000  0.0000  0.0000  0.0000  0.0000  0.0000  0.0000  0.0000  0.0000  0.0000  0.0000  1.0000  0.0000  0.0000  0.0000  0.0000  0.0000  0.0000
 0.6178  0.0000  0.1335  0.5474  1.0000  0.4248  0.4013  0.3776  0.3037  0.5344  0.4883  0.1703  0.7916  0.2562  0.4121  0.4263  0.8134  0.8243  0.4605  0.2346  0.0000  0.6775  0.0000  0.0000  0.0000
 0.0009  0.0000  0.0001  0.0002  0.0183  0.0002  0.0007  0.0008  0.0004  1.0000  0.0009  0.0003  0.0134  0.0007  0.0134  0.0180  0.0008  0.0010  0.0005  0.0001  0.0000  0.0004  0.0000  0.0000  0.0000
 0.0763  0.0000  0.0027  0.0007  0.0020  0.0015  0.0008  0.0005  0.0132  0.0020  0.0094  1.0000  0.0010  0.0030  0.0015  0.0012  0.0026  0.0199  0.4491  0.0003  0.0000  0.0005  0.0000  0.0000  0.0000
 0.3428  0.0000  0.1234  0.1340  0.1809  0.4538  0.2084  0.3526  0.3342  0.2414  0.6204  0.1384  0.1960  0.1302  0.2534  1.0000  0.2824  0.2569  0.4407  0.1147  0.0000  0.6213  0.0000  0.0000  0.0000
 0.0056  0.0000  0.0061  0.0081  0.0048  0.2130  0.0184  1.0000  0.0044  0.0039  0.0086  0.0021  0.0051  0.0087  0.0036  0.0061  0.0037  0.0047  0.0051  0.0035  0.0000  0.0046  0.0000  0.0000  0.0000
 0.3719  0.0000  0.0165  0.1870  0.3886  0.0161  0.1158  0.0397  0.1041  1.0000  0.0943  0.0578  0.2094  0.0847  0.2142  0.6934  0.2214  0.2520  0.4039  0.0058  0.0000  0.0136  0.0000  0.0000  0.0000
 0.0118  0.0000  0.0011  0.0022  0.0158  0.0023  0.0082  0.0099  0.0048  0.4282  0.0113  0.0038  0.0109  1.0000  0.3707  0.1075  0.0747  0.0123  0.0271  0.0018  0.0000  0.0050  0.0000  0.0000  0.0000
 0.0104  0.0000  0.0022  0.0047  0.0029  0.0011  0.0030  0.0013  0.0033  0.0044  0.1039  0.0016  0.0311  0.0054  0.0034  0.0028  1.0000  0.7191  0.0051  0.0007  0.0000  0.0013  0.0000  0.0000  0.0000
 0.0057  0.0000  0.0013  0.2371  0.0587  0.0011  1.0000  0.0060  0.0006  0.0081  0.0013  0.0005  0.3160  0.0046  0.0201  0.0222  0.0579  0.0059  0.0010  0.0006  0.0000  0.0030  0.0000  0.0000  0.0000
 0.5852  0.0000  0.1569  0.1486  0.2387  0.4809  0.2221  0.4645  0.4885  0.4128  0.7552  0.1983  0.2304  0.1921  0.4427  0.3454  0.3136  0.8407  1.0000  0.1221  0.0000  0.6368  0.0000  0.0000  0.0000
 0.0022  0.0000  0.0006  0.0003  0.0197  0.0015  0.0005  0.0001  1.0000  0.0006  0.0618  0.0016  0.0004  0.0004  0.0003  0.0004  0.0006  0.0174  0.6443  0.0002  0.0000  0.0007  0.0000  0.0000  0.0000
 0.0011  0.0000  0.0003  0.0001  0.0003  0.0027  0.0002  0.0002  0.1760  0.0004  0.1106  1.0000  0.0003  0.0004  0.0005  0.0004  0.0003  0.0007  0.0190  0.0003  0.0000  0.0004  0.0000  0.0000  0.0000
 1.0000  0.0000  0.0000  0.0000  0.0000  0.0000  0.0000  0.0000  0.0000  0.0000  0.0000  0.0000  0.0000  0.0000  0.0000  0.0000  0.0000  0.0000  0.0000  0.0000  0.0000  0.0000  0.0000  0.0000  0.0000
 0.0228  0.0000  0.0045  0.0013  0.0038  0.0028  0.0007  0.0011  0.0243  0.0054  0.0177  0.1181  0.0021  0.0051  0.0033  0.1382  0.0047  0.0710  1.0000  0.0005  0.0000  0.0009  0.0000  0.0000  0.0000
 0.0000  0.0000  0.0000  0.0000  0.0000  0.0000  0.0000  0.0000  0.0000  1.0000  0.0000  0.0000  0.0000  0.0000  0.0000  0.0000  0.0000  0.0000  0.0000  0.0000  0.0000  0.0000  0.0000  0.0000  0.0000
 0.0101  0.0000  0.0009  0.0026  0.2433  0.0020  0.0070  0.0088  0.0042  0.0946  0.1792  0.0033  0.0096  0.0079  0.2330  1.0000  0.0081  0.0106  0.0056  0.0015  0.0000  0.0044  0.0000  0.0000  0.0000
 0.0009  0.0000  0.0003  0.0002  0.0002  0.0011  0.0003  0.0000  1.0000  0.0003  0.0061  0.1718  0.0002  0.0002  0.0001  0.0003  0.0003  0.0009  0.1411  0.0001  0.0000  0.0005  0.0000  0.0000  0.0000
 0.0478  0.0000  0.0020  0.0039  0.0128  0.0022  0.0109  0.1545  0.0046  0.0576  0.0095  0.0033  0.0109  0.1304  0.0202  1.0000  0.0175  0.1354  0.0072  0.0015  0.0000  0.0042  0.0000  0.0000  0.0000
 0.2334  0.0000  0.0363  0.0214  0.0385  0.1951  0.0437  0.0392  0.3578  0.0468  1.0000  0.2302  0.0344  0.0524  0.0519  0.0789  0.1183  0.0963  0.3101  0.0276  0.0000  0.0679  0.0000  0.0000  0.0000
 0.0226  0.0000  0.0047  0.0144  0.3783  0.0025  0.0088  0.0036  0.0068  0.0105  0.0064  0.0034  0.0455  0.0120  0.0083  0.0063  0.2493  1.0000  0.0107  0.0016  0.0000  0.0031  0.0000  0.0000  0.0000
 0.0129  0.0000  0.0048  0.0037  0.0273  0.0385  0.2076  0.0003  0.4806  0.0066  0.3145  0.0238  0.0044  0.0025  0.0022  0.0055  0.0066  0.0165  1.0000  0.0030  0.0000  0.0108  0.0000  0.0000  0.0000
 0.0064  0.0000  0.0398  0.8095  0.0098  0.0013  0.0229  0.0069  0.0007  0.2337  0.0015  0.0005  1.0000  0.0052  0.0911  0.0048  0.0174  0.0068  0.0011  0.0007  0.0000  0.0035  0.0000  0.0000  0.0000
 0.4446  0.0000  0.0276  0.3479  1.0000  0.0573  0.2056  0.0629  0.1615  0.5996  0.1561  0.0547  0.2556  0.2542  0.3044  0.2792  0.5819  0.4791  0.1475  0.0089  0.0000  0.0200  0.0000  0.0000  0.0000
 0.6604  0.0000  0.0111  0.1300  0.6544  0.0105  0.0795  0.0260  0.0392  0.9814  0.1087  0.0222  0.1569  0.0576  1.0000  0.5103  0.3390  0.1741  0.0596  0.0037  0.0000  0.0083  0.0000  0.0000  0.0000
 0.0192  0.0000  0.0027  0.0158  1.0000  0.0024  0.0033  0.0029  0.0759  0.2037  0.0130  0.0039  0.0044  0.0070  0.0117  0.0104  0.0059  0.0124  0.1118  0.0007  0.0000  0.0018  0.0000  0.0000  0.0000
 0.0497  0.0000  0.0060  0.0157  0.0626  0.1931  0.0365  0.0411  0.0407  0.2975  0.1708  0.0290  0.2480  0.0365  1.0000  0.4102  0.0408  0.0503  0.0375  0.0086  0.0000  0.0240  0.0000  0.0000  0.0000
 0.0275  0.0000  0.0004  0.0009  0.0062  0.0009  0.0032  0.0762  0.0019  1.0000  0.0045  0.0015  0.1591  0.0035  0.0453  0.1412  0.0037  0.0750  0.0025  0.0007  0.0000  0.0020  0.0000  0.0000  0.0000
 0.0048  0.0000  0.0005  0.0010  0.0063  0.0011  0.0035  0.0040  0.0258  0.0312  0.0051  0.0016  0.0044  0.0037  0.8853  1.0000  0.0038  0.0049  0.0028  0.0007  0.0000  0.0020  0.0000  0.0000  0.0000
 0.0020  0.0000  0.0005  0.0003  0.0005  0.0053  0.0004  0.0004  0.6187  0.0007  1.0000  0.0064  0.0005  0.0008  0.0010  0.0007  0.0006  0.0012  0.0061  0.0006  0.0000  0.0007  0.0000  0.0000  0.0000
 0.0011  0.0000  0.0003  0.0002  0.0003  0.0024  0.0003  0.0001  0.2603  0.0004  1.0000  0.0028  0.0003  0.0004  0.0004  0.0004  0.0004  0.0009  0.0837  0.0003  0.0000  0.0005  0.0000  0.0000  0.0000
 0.0057  0.0000  0.0007  0.0010  0.0029  0.0012  0.0033  0.0017  0.0024  0.0122  0.0056  1.0000  0.0024  0.0025  0.0044  0.1320  0.0044  0.0169  0.0030  0.0005  0.0000  0.0010  0.0000  0.0000  0.0000
 0.0022  0.0000  0.0001  1.0000  0.3471  0.0002  0.0011  0.0006  0.0003  0.0022  0.0005  0.0002  0.0012  0.0014  0.0029  0.0006  0.0012  0.0010  0.0005  0.0001  0.0000  0.0003  0.0000  0.0000  0.0000
 0.0000  0.0000  0.0000  0.0000  0.0000  0.0000  0.0000  0.0000  0.0000  0.0000  1.0000  0.0000  0.0000  0.0000  0.0000  0.0000  0.0000  0.0000  0.0000  0.0000  0.0000  0.0000  0.0000  0.0000  0.0000
 0.0036  0.0000  0.0000  1.0000  0.3183  0.0003  0.0013  0.0009  0.0004  0.0330  0.0008  0.0003  0.0015  0.0022  0.1307  0.0010  0.0018  0.0016  0.0008  0.0002  0.0000  0.0004  0.0000  0.0000  0.0000
 0.0009  0.0000  0.0003  0.0002  0.0003  0.0011  0.0004  0.0000  0.6232  0.0004  0.0061  0.0011  0.0002  0.0002  0.0001  0.0003  0.0004  0.0010  1.0000  0.0001  0.0000  0.0005  0.0000  0.0000  0.0000
 0.4528  0.0000  0.0754  0.0865  0.0781  0.0733  0.1365  0.0295  0.3663  0.0966  0.4332  0.1043  0.2055  0.1305  0.0715  0.0627  0.7584  0.5504  1.0000  0.0163  0.0000  0.0314  0.0000  0.0000  0.0000
 0.0025  0.0000  0.0006  0.0003  0.0006  0.0067  0.0005  0.0746  0.0126  0.0009  0.5860  1.0000  0.0006  0.0011  0.0013  0.0009  0.0007  0.0014  0.0069  0.0008  0.0000  0.0008  0.0000  0.0000  0.0000
 0.0044  0.0000  0.0097  0.0008  0.0062  0.0009  0.0032  0.3765  0.0019  0.4812  0.0045  0.0015  0.0044  0.0035  0.0105  1.0000  0.0037  0.0048  0.0025  0.0007  0.0000  0.0020  0.0000  0.0000  0.0000
 0.1298  0.0000  0.0930  0.0117  0.2172  0.0026  0.0112  0.0031  0.0084  0.2027  0.0085  0.0040  0.0173  0.0128  0.0097  0.0083  1.0000  0.4589  0.0461  0.0015  0.0000  0.0027  0.0000  0.0000  0.0000
 0.2903  0.0000  0.0966  0.8318  0.2655  0.0705  0.6400  0.2223  0.0440  0.2596  0.0798  0.0298  1.0000  0.1687  0.1785  0.1448  0.6156  0.2891  0.1137  0.0279  0.0000  0.1385  0.0000  0.0000  0.0000
 0.0327  0.0000  0.0003  1.0000  0.1171  0.0004  0.0048  0.0017  0.0004  0.0037  0.0007  0.0003  0.3168  0.0022  0.0038  0.0014  0.0041  0.0021  0.0007  0.0002  0.0000  0.0009  0.0000  0.0000  0.0000
 0.0156  0.0000  1.0000  0.0146  0.0054  0.0014  0.0158  0.0238  0.0015  0.0059  0.0025  0.0011  0.0174  0.0057  0.0040  0.0036  0.3787  0.0130  0.0033  0.0006  0.0000  0.0517  0.0000  0.0000  0.0000
 0.0973  0.0000  0.0323  0.0391  0.0577  0.2858  0.0632  0.1568  0.1490  0.1450  0.1303  0.0413  0.0937  1.0000  0.1176  0.1126  0.0773  0.0896  0.1005  0.0339  0.0000  0.1819  0.0000  0.0000  0.0000
 0.0050  0.0000  0.0364  0.0024  0.0027  0.2010  0.0035  0.0248  0.0038  0.0029  0.0062  0.0021  0.0272  0.0020  0.0029  0.0034  0.0042  0.0336  0.0048  0.0018  0.0000  1.0000  0.0000  0.0000  0.0000
 0.0193  0.0000  0.0049  0.0050  0.0045  0.0056  0.0077  0.0021  1.0000  0.0053  0.0210  0.0056  0.0064  0.0079  0.0042  0.0043  0.0223  0.6514  0.0339  0.0019  0.0000  0.0034  0.0000  0.0000  0.0000
 0.0009  0.0000  0.0002  0.0001  0.0002  0.0005  0.0002  0.0000  0.0547  0.0002  0.0028  0.0006  0.0001  0.0002  0.0001  0.0002  0.0002  0.0008  1.0000  0.0001  0.0000  0.0002  0.0000  0.0000  0.0000
 0.2488  0.0000  0.0199  1.0000  0.9949  0.0297  0.4807  0.3539  0.0344  0.4042  0.0653  0.0249  0.4584  0.1564  0.8689  0.1374  0.2818  0.4982  0.0601  0.0145  0.0000  0.0566  0.0000  0.0000  0.0000
 0.0027  0.0000  0.1513  0.0015  0.0010  1.0000  0.0035  0.0007  0.0035  0.0002  0.0079  0.0017  0.0008  0.0015  0.0006  0.0009  0.0015  0.0017  0.0036  0.0067  0.0000  0.0256  0.0000  0.0000  0.0000
 0.0005  0.0000  0.0002  0.0001  0.0001  0.1077  0.0001  0.0000  0.0011  0.0000  0.0483  0.0005  0.0000  0.0002  0.0000  0.0000  0.0003  0.0003  0.0010  0.0024  0.0000  1.0000  0.0000  0.0000  0.0000
 0.0000  0.0000  0.0000  0.0000  0.0000  0.0000  1.0000  0.0000  0.0000  0.0000  0.0000  0.0000  0.0000  0.0000  0.0000  0.0000  0.0000  0.0000  0.0000  0.0000  0.0000  0.0000  0.0000  0.0000  0.0000
 1.0000  0.0000  0.0471  0.0008  0.0009  0.0004  0.0051  0.0002  0.0008  0.0010  0.0011  0.0005  0.0007  0.0024  0.0007  0.0007  0.0054  0.1086  0.0023  0.0001  0.0000  0.0003  0.0000  0.0000  0.0000
 0.0054  0.0000  0.0014  0.0007  0.0014  0.7035  0.0011  0.0011  0.0574  0.0018  1.0000  0.1708  0.0013  0.0023  0.0028  0.0018  0.0015  0.0031  0.0150  0.0018  0.0000  0.0020  0.0000  0.0000  0.0000
 0.0011  0.0000  0.0006  0.0002  0.0003  1.0000  0.0002  0.0000  0.1616  0.0000  0.0061  0.0012  0.0000  0.0004  0.0000  0.0000  0.0008  0.0007  0.0336  0.0052  0.0000  0.2804  0.0000  0.0000  0.0000
 0.0406  0.0000  0.0045  0.0106  0.0489  0.0074  0.0248  0.0286  0.1289  0.4473  0.0349  0.0118  0.0361  0.0282  0.1522  1.0000  0.2220  0.2424  0.0738  0.0053  0.0000  0.0148  0.0000  0.0000  0.0000
 0.0038  0.0000  0.0002  0.2033  1.0000  0.0004  0.0037  0.0015  0.0004  0.0041  0.0008  0.0003  0.1253  0.0024  0.0048  0.0013  0.0035  0.0021  0.0008  0.0002  0.0000  0.0008  0.0000  0.0000  0.0000
 0.0427  0.0000  0.0014  0.0011  0.0013  0.0005  1.0000  0.0003  0.0006  0.0014  0.0014  0.0006  0.0010  0.0286  0.0010  0.0010  0.0075  0.1094  0.0023  0.0002  0.0000  0.0004  0.0000  0.0000  0.0000
 0.1996  0.0000  0.0002  1.0000  0.1913  0.0009  0.0042  0.0023  0.0011  0.0093  0.0021  0.0009  0.0045  0.0058  0.0121  0.0026  0.0053  0.0042  0.0022  0.0004  0.0000  0.0012  0.0000  0.0000  0.0000
 0.0229  0.0000  0.3339  0.0008  0.0023  0.0021  0.0003  0.0006  0.1803  0.0024  0.0135  0.0037  0.0011  0.0032  0.0017  0.0014  0.0024  0.0109  1.0000  0.0003  0.0000  0.0008  0.0000  0.0000  0.0000
 0.0027  0.0000  0.0014  0.0004  0.0007  0.2029  0.0004  0.0000  0.0059  0.0000  0.0144  0.0029  0.0000  0.0010  0.0000  0.0000  0.1638  0.0017  0.0055  1.0000  0.0000  0.2728  0.0000  0.0000  0.0000
 0.0011  0.0000  0.0003  0.0002  0.0003  0.0024  0.0004  0.0002  1.0000  0.0004  0.0121  0.1495  0.0003  0.0005  0.0004  0.0004  0.0003  0.0007  0.0044  0.0003  0.0000  0.0006  0.0000  0.0000  0.0000
 0.1101  0.0000  1.0000  0.0004  0.0006  0.0003  0.0032  0.0001  0.0010  0.0006  0.0011  0.0004  0.0004  0.0016  0.0005  0.0005  0.0030  0.0015  0.0157  0.0001  0.0000  0.0002  0.0000  0.0000  0.0000
 0.0015  0.0000  0.0003  0.0001  0.0003  0.0014  0.0001  0.0001  0.0245  0.0003  0.0078  1.0000  0.0002  0.0004  0.0003  0.0003  0.0003  0.0010  0.0536  0.0002  0.0000  0.0003  0.0000  0.0000  0.0000
 0.0013  0.0000  0.0000  0.0035  1.0000  0.0001  0.0006  0.0003  0.0002  0.0014  0.0003  0.0001  0.0006  0.0009  0.0144  0.0004  0.0007  0.0006  0.0003  0.0001  0.0000  0.0002  0.0000  0.0000  0.0000
 0.0185  0.0000  0.0047  0.0026  0.0050  0.0381  0.0039  0.1631  0.0872  0.0062  1.0000  0.0450  0.0047  0.0070  0.0083  0.0062  0.0058  0.0116  0.3334  0.0049  0.0000  0.2215  0.0000  0.0000  0.0000
 0.0000  0.0000  0.0000  0.0000  0.0000  0.0000  0.0000  0.0000  0.0000  0.0000  0.0000  1.0000  0.0000  0.0000  0.0000  0.0000  0.0000  0.0000  0.0000  0.0000  0.0000  0.0000  0.0000  0.0000  0.0000
 0.0776  0.0000  0.0018  1.0000  0.0100  0.0014  0.1552  0.0069  0.0009  0.0326  0.0018  0.0007  0.0722  0.0057  0.0064  0.0049  0.1892  0.0363  0.0016  0.0007  0.0000  0.0035  0.0000  0.0000  0.0000
 0.1819  0.0000  0.0234  0.0319  0.0259  0.0191  0.3562  0.0094  0.0533  0.0358  0.0766  0.0591  0.0485  0.0574  0.0265  0.0246  0.2291  1.0000  0.0539  0.0062  0.0000  0.0112  0.0000  0.0000  0.0000
 0.0608  0.0000  0.1712  0.0063  0.0057  0.0023  0.1419  0.0014  0.0026  0.0061  0.0056  0.0026  0.0061  0.0147  0.0042  0.0043  1.0000  0.0116  0.0096  0.0009  0.0000  0.0019  0.0000  0.0000  0.0000
 0.1560  0.0000  0.0219  0.0007  0.0019  0.2008  0.0008  0.0009  0.0927  0.0022  1.0000  0.0123  0.0013  0.0028  0.0024  0.0017  0.0019  0.0068  0.0987  0.0012  0.0000  0.0015  0.0000  0.0000  0.0000
 0.0021  0.0000  0.0001  1.0000  0.1254  0.0002  0.0014  0.0007  0.0002  0.0022  0.0005  0.0002  0.0020  0.0013  0.0027  0.0007  0.0015  0.0010  0.0005  0.0001  0.0000  0.0204  0.0000  0.0000  0.0000
 0.0011  0.0000  0.0002  0.0217  0.0017  0.0002  0.0022  0.0011  0.0003  1.0000  0.0007  0.0002  0.0256  0.0009  0.0020  0.0392  0.0018  0.0012  0.0004  0.0001  0.0000  0.0005  0.0000  0.0000  0.0000
 0.0075  0.0000  0.0020  0.0010  0.0019  1.0000  0.0017  0.0012  0.1843  0.0025  0.4161  0.0205  0.0017  0.0027  0.0031  0.0024  0.1454  0.0051  0.1045  0.0022  0.0000  0.0035  0.0000  0.0000  0.0000
 0.0069  0.0000  0.0012  0.0013  0.0065  0.0077  0.0037  0.0046  0.0135  0.1503  0.1822  0.0357  0.0047  0.0043  0.0353  0.0244  0.0044  0.0060  0.0091  0.0015  0.0000  1.0000  0.0000  0.0000  0.0000
 0.0502  0.0000  0.0028  0.3103  0.0535  0.0050  0.0215  0.0374  0.0112  1.0000  0.0244  0.0082  0.0294  0.2287  0.0866  0.2372  0.0288  0.0480  0.0156  0.0034  0.0000  0.0098  0.0000  0.0000  0.0000
 0.4684  0.0000  0.1520  0.2120  0.3416  0.6741  0.2984  0.4707  0.3679  0.5319  0.5858  0.1917  0.3006  0.1870  0.4565  0.4157  0.4021  0.3609  0.4539  0.1568  0.0000  1.0000  0.0000  0.0000  0.0000
 0.0352  0.0000  0.0035  0.0011  0.0027  0.0021  0.0004  0.0007  0.2357  0.0028  0.0130  0.1176  0.0229  0.0038  0.0021  0.0016  0.1152  0.0507  1.0000  0.0004  0.0000  0.0008  0.0000  0.0000  0.0000
 0.2629  0.0000  0.2071  0.1064  0.1414  0.7357  0.1709  0.3082  0.4050  0.2035  0.6862  0.1145  0.1593  0.1341  0.1522  0.1803  0.3437  0.2029  0.2605  0.0960  0.0000  1.0000  0.0000  0.0000  0.0000
 0.3099  0.0000  0.0138  0.5939  1.0000  0.0147  0.1046  0.0367  0.0498  0.9027  0.1564  0.0288  0.1345  0.0830  0.1791  0.1704  0.5588  0.1544  0.0770  0.0054  0.0000  0.0127  0.0000  0.0000  0.0000
 0.4736  0.0000  0.0465  0.4009  0.7237  0.0931  0.2452  0.2288  0.2250  1.0000  0.3366  0.0993  0.4019  0.1738  0.4399  0.3580  0.4971  0.3599  0.2693  0.0268  0.0000  0.1303  0.0000  0.0000  0.0000
 0.4786  0.0000  0.0101  0.7083  0.2545  0.0094  1.0000  0.1038  0.0289  0.3899  0.0472  0.0166  0.5684  0.0490  0.5729  0.0849  0.1991  0.0954  0.0443  0.0036  0.0000  0.0107  0.0000  0.0000  0.0000
 0.7308  0.0000  0.0517  0.6359  1.0000  0.0498  0.4344  0.1232  0.1819  0.9931  0.3275  0.1328  0.4805  0.2691  0.6166  0.5791  0.7103  0.5556  0.2769  0.0177  0.0000  0.0405  0.0000  0.0000  0.0000
 0.5339  0.0000  0.1800  0.2160  0.3161  0.6964  0.3681  0.5571  0.4111  0.4903  0.6658  0.2261  0.3324  0.2866  0.3523  0.6266  0.4274  0.5320  0.5631  0.1854  0.0000  1.0000  0.0000  0.0000  0.0000
 0.0029  0.0000  0.0006  0.0002  0.0006  0.0035  0.0002  0.0238  1.0000  0.0007  0.0264  0.1594  0.0004  0.0009  0.0008  0.0006  0.0006  0.0019  0.0774  0.0004  0.0000  0.0005  0.0000  0.0000  0.0000
 0.0054  0.0000  0.0003  0.1412  0.1278  0.0006  0.0046  0.0177  0.0006  0.0056  0.0012  0.0005  0.0067  1.0000  0.0066  0.0018  0.0159  0.0172  0.0012  0.0003  0.0000  0.0010  0.0000  0.0000  0.0000
 0.0000  0.0000  0.0000  0.0000  1.0000  0.0000  0.0000  0.0000  0.0000  0.0000  0.0000  0.0000  0.0000  0.0000  0.0000  0.0000  0.0000  0.0000  0.0000  0.0000  0.0000  0.0000  0.0000  0.0000  0.0000
 0.3200  0.0000  0.0180  1.0000  0.7723  0.0328  0.1036  0.0799  0.0554  0.2278  0.0900  0.0314  0.2567  0.4483  0.1483  0.3213  0.5963  0.1790  0.0817  0.0283  0.0000  0.0804  0.0000  0.0000  0.0000
 0.0078  0.0000  0.0262  0.0005  0.0013  0.0022  0.0004  0.0003  1.0000  0.0014  0.0126  0.0171  0.0007  0.0016  0.1051  0.0009  0.0014  0.0059  0.2155  0.0003  0.0000  0.0008  0.0000  0.0000  0.0000
 0.0006  0.0000  0.0002  0.0001  0.0002  0.0017  0.0001  0.0001  0.0305  0.0002  1.0000  0.0021  0.0002  0.0003  0.0003  0.0002  0.0002  0.0004  0.0017  0.0002  0.0000  0.0002  0.0000  0.0000  0.0000
 0.2211  0.0000  0.0175  0.0015  0.0017  0.0007  1.0000  0.0003  0.0008  0.0019  0.0019  0.0009  0.0013  0.0048  0.0013  0.0797  0.0099  0.0033  0.0032  0.0003  0.0000  0.0006  0.0000  0.0000  0.0000
 0.0078  0.0000  0.0010  0.0018  0.0928  0.0717  0.0115  0.0071  0.0037  1.0000  0.0081  0.0139  0.0072  0.0058  0.0636  0.0545  0.0064  0.0081  0.0048  0.0014  0.0000  0.0579  0.0000  0.0000  0.0000
 0.0009  0.0000  0.0003  0.0002  0.0002  0.0012  0.0004  0.0000  1.0000  0.0004  0.0063  0.1464  0.0002  0.0002  0.0001  0.0003  0.0004  0.0010  0.2680  0.0001  0.0000  0.0005  0.0000  0.0000  0.0000
 0.8928  0.0000  0.0020  0.0029  0.0022  0.0009  0.0064  0.0008  0.0020  0.0030  0.0023  0.0012  0.0047  0.0049  0.0023  0.0020  0.1995  1.0000  0.0040  0.0005  0.0000  0.0009  0.0000  0.0000  0.0000
 0.0185  0.0000  0.0062  0.0061  0.0907  0.0892  0.0102  0.0126  0.3508  0.0093  0.4268  0.1710  0.1164  0.0062  0.0079  0.0101  0.0118  0.0403  1.0000  0.0054  0.0000  0.0620  0.0000  0.0000  0.0000
 1.0000  0.0000  0.0323  0.0013  0.0015  0.0007  0.0096  0.0003  0.0008  0.0017  0.0017  0.0008  0.0011  0.0111  0.0012  0.0214  0.5827  0.0035  0.0108  0.0002  0.0000  0.0005  0.0000  0.0000  0.0000
 0.0136  0.0000  0.0031  0.0011  0.0024  0.0047  0.0012  0.0004  0.7286  0.0027  0.0264  0.0057  0.0015  0.0028  0.0016  0.0018  0.0029  0.7592  1.0000  0.0006  0.0000  0.0020  0.0000  0.0000  0.0000
 0.0007  0.0000  0.0002  0.0001  0.0002  0.0010  0.0003  0.0000  0.1911  0.0003  0.1343  0.0010  0.0002  0.0001  0.0001  0.0002  0.0003  0.0007  1.0000  0.0001  0.0000  0.0004  0.0000  0.0000  0.0000
 0.0306  0.0000  0.0030  0.0612  0.0422  0.0048  0.0256  0.1304  0.0102  1.0000  0.0219  0.1262  0.3900  0.0190  0.0834  0.8199  0.3842  0.0292  0.0142  0.0031  0.0000  0.0094  0.0000  0.0000  0.0000
 1.0000  0.0000  0.0012  0.0010  0.0011  0.0005  0.3400  0.0002  0.0005  0.0012  0.0012  0.0006  0.0008  0.0031  0.0008  0.0009  0.0062  0.0021  0.0020  0.0002  0.0000  0.0004  0.0000  0.0000  0.0000
 0.0000  0.0000  0.0000  0.0000  0.0000  0.0000  0.0000  0.0000  0.0000  0.0000  1.0000  0.0000  0.0000  0.0000  0.0000  0.0000  0.0000  0.0000  0.0000  0.0000  0.0000  0.0000  0.0000  0.0000  0.0000
 0.7136  0.0000  0.0442  0.4729  1.0000  0.0569  0.2876  0.3050  0.1481  0.8156  0.2394  0.1171  0.7210  0.2065  0.4544  0.4339  0.5779  0.4585  0.2230  0.0179  0.0000  0.2049  0.0000  0.0000  0.0000
 0.0300  0.0000  0.0082  0.0687  0.1802  0.0545  0.0252  0.4669  0.0177  0.0220  0.0294  0.0101  0.0305  0.0143  0.0226  0.0183  0.0273  0.0987  0.0231  0.0084  0.0000  1.0000  0.0000  0.0000  0.0000
 0.0000  0.0000  0.0000  0.0000  0.0000  0.0000  0.0000  0.0000  0.0000  0.0000  1.0000  0.0000  0.0000  0.0000  0.0000  0.0000  0.0000  0.0000  0.0000  0.0000  0.0000  0.0000  0.0000  0.0000  0.0000
 0.0324  0.0000  0.0031  0.0057  0.0452  0.0068  0.0230  0.5189  0.0139  1.0000  0.0329  0.0109  0.0315  0.0255  0.1051  0.3572  0.0265  0.0348  0.0184  0.0051  0.0000  0.0870  0.0000  0.0000  0.0000
 0.2128  0.0000  0.0058  0.3194  1.0000  0.0055  0.0865  0.0197  0.0083  0.0520  0.0136  0.0053  0.1055  0.0278  0.0437  0.0243  0.4789  0.1653  0.0142  0.0027  0.0000  0.0099  0.0000  0.0000  0.0000
 0.0297  0.0000  0.0021  0.1144  0.2504  0.0020  0.0397  0.0174  0.0074  1.0000  0.0119  0.0042  0.3116  0.0108  0.2522  0.0598  0.0810  0.0226  0.0363  0.0007  0.0000  0.0131  0.0000  0.0000  0.0000
 0.0645  0.0000  0.0249  0.0306  0.0285  0.1350  0.0699  0.1907  0.2425  0.0362  1.0000  0.1583  0.0259  0.0545  0.0369  0.0390  0.0266  0.0412  0.1407  0.0247  0.0000  0.0273  0.0000  0.0000  0.0000
 0.0495  0.0000  0.0059  0.0533  0.0695  0.0098  0.3098  0.0834  0.0177  1.0000  0.0412  0.0137  0.4518  0.0376  0.3186  0.4468  0.4417  0.0520  0.0240  0.0069  0.0000  0.0217  0.0000  0.0000  0.0000
 0.0011  0.0000  0.0004  0.0002  0.0003  0.0014  0.0005  0.0000  0.8407  0.0004  0.0074  0.0013  0.0003  0.0002  0.0001  0.0004  0.0004  0.0013  1.0000  0.0002  0.0000  0.0007  0.0000  0.0000  0.0000
 0.0010  0.0000  0.0003  0.0002  0.0003  0.0022  0.0004  0.0002  1.0000  0.0003  0.0111  0.1222  0.0002  0.0004  0.0004  0.0003  0.0003  0.0007  0.0041  0.0003  0.0000  0.0005  0.0000  0.0000  0.0000
 0.0000  0.0000  0.0000  0.0000  0.0000  0.0000  0.0000  1.0000  0.0000  0.0000  0.0000  0.0000  0.0000  0.0000  0.0000  0.0000  0.0000  0.0000  0.0000  0.0000  0.0000  0.0000  0.0000  0.0000  0.0000
 0.0000  0.0000  0.0000  0.0000  0.0000  0.0000  0.0000  0.0000  0.0000  0.0000  0.0000  0.0000  0.0000  0.0000  0.0000  1.0000  0.0000  0.0000  0.0000  0.0000  0.0000  0.0000  0.0000  0.0000  0.0000
 0.0000  0.0000  0.0000  1.0000  0.0000  0.0000  0.0000  0.0000  0.0000  0.0000  0.0000  0.0000  0.0000  0.0000  0.0000  0.0000  0.0000  0.0000  0.0000  0.0000  0.0000  0.0000  0.0000  0.0000  0.0000
 0.0007  0.0000  0.0002  0.0001  0.0002  0.0006  0.0002  0.0000  0.1236  0.0002  0.0032  0.0006  0.0001  0.0002  0.0001  0.0002  0.0002  0.0007  1.0000  0.0001  0.0000  0.0003  0.0000  0.0000  0.0000
 0.0000  0.0000  0.0000  0.0000  0.0000  0.0000  0.0000  0.0000  0.0000  1.0000  0.0000  0.0000  0.0000  0.0000  0.0000  0.0000  0.0000  0.0000  0.0000  0.0000  0.0000  0.0000  0.0000  0.0000  0.0000
 0.0000  0.0000  0.0000  0.0000  0.0000  0.0000  0.0000  0.0000  0.0000  0.0000  0.0000  0.0000  0.0000  1.0000  0.0000  0.0000  0.0000  0.0000  0.0000  0.0000  0.0000  0.0000  0.0000  0.0000  0.0000
 0.0021  0.0000  0.0004  0.0008  0.0005  0.0002  0.0007  0.0002  0.0006  0.0008  0.0005  0.0003  0.0015  0.0010  0.0006  0.0005  1.0000  0.1766  0.0009  0.0001  0.0000  0.0002  0.0000  0.0000  0.0000
 0.0000  0.0000  0.0000  0.0000  0.0000  0.0000  0.0000  0.0000  0.0000  0.0000  0.0000  0.0000  1.0000  0.0000  0.0000  0.0000  0.0000  0.0000  0.0000  0.0000  0.0000  0.0000  0.0000  0.0000  0.0000
 0.0006  0.0000  0.0002  0.0001  0.0002  0.0007  0.0002  0.0000  1.0000  0.0002  0.0039  0.0007  0.0002  0.0001  0.0001  0.0002  0.0002  0.0007  0.2531  0.0001  0.0000  0.0004  0.0000  0.0000  0.0000
 0.0000  0.0000  0.0000  0.0000  0.0000  0.0000  0.0000  0.0000  0.0000  0.0000  1.0000  0.0000  0.0000  0.0000  0.0000  0.0000  0.0000  0.0000  0.0000  0.0000  0.0000  0.0000  0.0000  0.0000  0.0000
 0.0811  0.0000  0.1854  0.0010  0.0022  0.0062  0.0010  0.0006  1.0000  0.0026  0.7669  0.0423  0.0014  0.0028  0.0018  0.0018  0.0025  0.0098  0.3802  0.0008  0.0000  0.0018  0.0000  0.0000  0.0000
 0.0031  0.0000  0.0007  0.6048  0.0046  0.0006  0.0111  0.1123  0.0003  0.0478  0.0007  0.0002  1.0000  0.0025  0.0029  0.0022  0.1807  0.0033  0.0005  0.0003  0.0000  0.0017  0.0000  0.0000  0.0000
 0.3036  0.0000  0.0080  0.1371  0.4183  0.0075  0.0562  0.0182  0.0277  0.3990  0.0447  0.0444  0.0732  0.0409  0.0877  1.0000  0.4186  0.4129  0.0422  0.0026  0.0000  0.0058  0.0000  0.0000  0.0000
 0.2453  0.0000  0.0082  0.0967  0.3886  0.0077  0.1358  0.0670  0.0289  0.3624  0.1620  0.0164  0.3897  0.0424  0.4256  1.0000  0.2586  0.1165  0.0441  0.0027  0.0000  0.0059  0.0000  0.0000  0.0000
 0.0000  0.0000  0.0000  0.0000  0.0000  0.0000  1.0000  0.0000  0.0000  0.0000  0.0000  0.0000  0.0000  0.0000  0.0000  0.0000  0.0000  0.0000  0.0000  0.0000  0.0000  0.0000  0.0000  0.0000  0.0000
 0.1235  0.0000  0.0089  0.4684  0.6306  0.0085  0.0671  0.2258  0.0300  0.2381  0.0487  0.0171  0.6373  0.0464  1.0000  0.1267  0.1541  0.3212  0.0459  0.0030  0.0000  0.0074  0.0000  0.0000  0.0000
 0.0011  0.0000  0.0004  0.0003  0.0003  0.0337  0.0006  0.0000  1.0000  0.0005  0.0091  0.0016  0.0003  0.0002  0.0001  0.0004  0.0005  0.0013  0.9840  0.0002  0.0000  0.0009  0.0000  0.0000  0.0000
 0.0000  0.0000  0.0000  0.0000  0.0000  0.0000  0.0000  0.0000  0.0000  1.0000  0.0000  0.0000  0.0000  0.0000  0.0000  0.0000  0.0000  0.0000  0.0000  0.0000  0.0000  0.0000  0.0000  0.0000  0.0000
 0.0018  0.0000  0.0005  0.0002  0.0005  0.0049  0.0004  0.0004  0.2619  0.0006  1.0000  0.5364  0.0004  0.0008  0.0010  0.0006  0.0005  0.0011  0.0051  0.0006  0.0000  0.0006  0.0000  0.0000  0.0000
 0.0000  0.0000  1.0000  0.0000  0.0000  0.0000  0.0000  0.0000  0.0000  0.0000  0.0000  0.0000  0.0000  0.0000  0.0000  0.0000  0.0000  0.0000  0.0000  0.0000  0.0000  0.0000  0.0000  0.0000  0.0000
 0.0000  0.0000  0.0000  1.0000  0.0000  0.0000  0.0000  0.0000  0.0000  0.0000  0.0000  0.0000  0.0000  0.0000  0.0000  0.0000  0.0000  0.0000  0.0000  0.0000  0.0000  0.0000  0.0000  0.0000  0.0000
 0.0000  0.0000  0.0000  0.0000  0.0000  1.0000  0.0000  0.0000  0.0000  0.0000  0.0000  0.0000  0.0000  0.0000  0.0000  0.0000  0.0000  0.0000  0.0000  0.0000  0.0000  0.0000  0.0000  0.0000  0.0000
 0.0000  0.0000  0.0000  0.0000  0.0000  0.0000  1.0000  0.0000  0.0000  0.0000  0.0000  0.0000  0.0000  0.0000  0.0000  0.0000  0.0000  0.0000  0.0000  0.0000  0.0000  0.0000  0.0000  0.0000  0.0000
 0.0006  0.0000  0.0002  0.0001  0.0002  0.0008  0.0003  0.0000  1.0000  0.0003  0.0045  0.0008  0.0002  0.0001  0.0001  0.0002  0.0003  0.0007  0.3452  0.0001  0.0000  0.0004  0.0000  0.0000  0.0000
 0.0000  0.0000  0.0000  0.0000  0.0000  0.0000  0.0000  0.0000  0.0000  0.0000  0.0000  0.0000  0.0000  0.0000  0.0000  0.0000  1.0000  0.0000  0.0000  0.0000  0.0000  0.0000  0.0000  0.0000  0.0000
 0.0000  0.0000  0.0000  0.0000  0.0000  0.0000  1.0000  0.0000  0.0000  0.0000  0.0000  0.0000  0.0000  0.0000  0.0000  0.0000  0.0000  0.0000  0.0000  0.0000  0.0000  0.0000  0.0000  0.0000  0.0000
 0.1749  0.0000  0.0234  0.2045  0.2429  0.0436  0.2245  0.1690  0.0655  1.0000  0.1515  0.0503  0.3920  0.1361  0.4783  0.8735  0.2099  0.1856  0.0878  0.0270  0.0000  0.2163  0.0000  0.0000  0.0000
 0.0000  0.0000  0.0000  0.0000  0.0000  0.0000  0.0000  0.0000  0.0000  0.0000  1.0000  0.0000  0.0000  0.0000  0.0000  0.0000  0.0000  0.0000  0.0000  0.0000  0.0000  0.0000  0.0000  0.0000  0.0000
 0.0007  0.0000  0.0002  0.0001  0.0002  0.0006  0.0002  0.0000  0.1279  0.0002  0.0032  0.0006  0.0001  0.0001  0.0001  0.0002  0.0002  0.0007  1.0000  0.0001  0.0000  0.0003  0.0000  0.0000  0.0000
 0.1787  0.0000  0.0004  1.0000  0.0583  0.0007  0.0050  0.0020  0.0009  0.0073  0.0017  0.0007  0.0049  0.0048  0.0091  0.0022  0.0054  0.0036  0.0019  0.0003  0.0000  0.0011  0.0000  0.0000  0.0000
 0.0000  0.0000  0.0000  0.0000  0.0000  0.0000  0.0000  0.0000  0.0000  0.0000  0.0000  0.0000  0.0000  0.0000  0.0000  0.0000  1.0000  0.0000  0.0000  0.0000  0.0000  0.0000  0.0000  0.0000  0.0000
 0.0103  0.0000  0.0032  0.0021  0.0028  0.0150  0.0040  0.0004  1.0000  0.2663  0.3451  0.2618  0.0455  0.0022  0.0019  0.0034  0.0040  0.0110  0.8216  0.0018  0.0000  0.0059  0.0000  0.0000  0.0000
 1.0000  0.0000  0.0000  0.0000  0.0000  0.0000  0.0000  0.0000  0.0000  0.0000  0.0000  0.0000  0.0000  0.0000  0.0000  0.0000  0.0000  0.0000  0.0000  0.0000  0.0000  0.0000  0.0000  0.0000  0.0000
 0.0017  0.0000  0.0002  0.0006  0.0024  0.0004  0.0014  0.0015  0.0007  1.0000  0.0017  0.0006  0.1615  0.0013  0.0039  0.0967  0.0015  0.0018  0.0009  0.0003  0.0000  0.0008  0.0000  0.0000  0.0000
 0.0019  0.0000  0.0004  0.0008  0.0005  0.0002  0.0006  0.0002  0.0005  0.0007  0.0005  0.0003  0.0014  0.0009  0.0006  0.0005  0.1254  1.0000  0.0009  0.0001  0.0000  0.0002  0.0000  0.0000  0.0000
 0.0807  0.0000  0.0212  0.0116  0.0237  0.1824  0.0202  0.0177  0.5301  0.0446  1.0000  0.2190  0.0219  0.0311  0.0398  0.0468  0.0262  0.0555  0.3907  0.0220  0.0000  0.0345  0.0000  0.0000  0.0000
 0.0028  0.0000  0.0007  1.0000  0.0130  0.0006  0.0098  0.0030  0.0003  0.0039  0.0006  0.0002  0.2880  0.0022  0.0027  0.0020  0.2294  0.0030  0.0005  0.0003  0.0000  0.0015  0.0000  0.0000  0.0000
 1.0000  0.0000  0.0050  0.0013  0.0038  0.0032  0.0013  0.0009  0.2206  0.0038  0.0199  0.0057  0.0018  0.0055  0.0028  0.0022  0.0045  0.0173  0.2001  0.0005  0.0000  0.0011  0.0000  0.0000  0.0000
 0.0000  0.0000  0.0000  0.0000  0.0000  0.0000  1.0000  0.0000  0.0000  0.0000  0.0000  0.0000  0.0000  0.0000  0.0000  0.0000  0.0000  0.0000  0.0000  0.0000  0.0000  0.0000  0.0000  0.0000  0.0000
 0.0038  0.0000  1.0000  0.0014  0.0009  0.0009  0.0037  0.0006  0.0010  0.0006  0.0013  0.0005  0.0012  0.0016  0.0007  0.0010  0.0033  0.1239  0.0017  0.0006  0.0000  0.0010  0.0000  0.0000  0.0000
 0.3280  0.0000  0.0011  0.0020  0.0156  0.0023  0.0080  0.0100  0.0048  1.0000  0.0113  0.0037  0.0108  0.0088  0.3710  0.8641  0.0092  0.0120  0.0064  0.0018  0.0000  0.0050  0.0000  0.0000  0.0000
 0.2317  0.0000  0.0015  0.0012  0.0014  0.0006  0.0085  0.0003  0.0007  0.0015  0.0015  0.0007  0.0010  1.0000  0.0010  0.0011  0.4168  0.0029  0.0025  0.0002  0.0000  0.0004  0.0000  0.0000  0.0000
 0.0000  0.0000  0.0000  0.0000  0.0000  0.0000  0.0000  0.0000  0.0000  0.0000  0.0000  0.0000  0.0000  0.0000  0.0000  0.0000  0.0000  0.0000  0.0000  0.0000  0.0000  1.0000  0.0000  0.0000  0.0000
 0.0000  0.0000  0.0000  0.0000  0.0000  0.0000  0.0000  0.0000  0.0000  0.0000  0.0000  1.0000  0.0000  0.0000  0.0000  0.0000  0.0000  0.0000  0.0000  0.0000  0.0000  0.0000  0.0000  0.0000  0.0000
 1.0000  0.0000  0.0007  0.0005  0.0006  0.0003  0.0038  0.0001  0.0003  0.0007  0.0007  0.0003  0.0005  0.0017  0.0005  0.0005  0.1099  0.0013  0.0011  0.0001  0.0000  0.0002  0.0000  0.0000  0.0000
 0.0000  0.0000  0.0000  0.0000  0.0000  0.0000  0.0000  0.0000  0.0000  0.0000  0.0000  0.0000  0.0000  1.0000  0.0000  0.0000  0.0000  0.0000  0.0000  0.0000  0.0000  0.0000  0.0000  0.0000  0.0000
 0.0000  0.0000  0.0000  0.0000  1.0000  0.0000  0.0000  0.0000  0.0000  0.0000  0.0000  0.0000  0.0000  0.0000  0.0000  0.0000  0.0000  0.0000  0.0000  0.0000  0.0000  0.0000  0.0000  0.0000  0.0000
 0.0000  0.0000  0.0000  0.0000  0.0000  0.0000  0.0000  0.0000  0.0000  0.0000  0.0000  0.0000  0.0000  0.0000  0.0000  1.0000  0.0000  0.0000  0.0000  0.0000  0.0000  0.0000  0.0000  0.0000  0.0000
 0.0000  0.0000  0.0000  0.0000  0.0000  0.0000  0.0000  0.0000  1.0000  0.0000  0.0000  0.0000  0.0000  0.0000  0.0000  0.0000  0.0000  0.0000  0.0000  0.0000  0.0000  0.0000  0.0000  0.0000  0.0000
 0.0658  0.0000  0.0018  1.0000  0.0114  0.0015  0.0525  0.0079  0.0008  0.1487  0.0018  0.0006  0.4550  0.0060  0.0073  0.0503  0.0200  0.0079  0.0013  0.0008  0.0000  0.0040  0.0000  0.0000  0.0000
 0.0130  0.0000  0.0013  0.0016  0.0013  0.0005  0.0683  0.0004  0.0007  0.0015  0.0013  0.0006  0.0018  1.0000  0.0011  0.0010  0.1230  0.0216  0.0022  0.0002  0.0000  0.0005  0.0000  0.0000  0.0000
 0.3248  0.0000  0.0161  0.5898  1.0000  0.0150  0.2517  0.0366  0.0564  0.3442  0.1462  0.0586  0.3837  0.0828  0.6417  0.1583  0.5169  0.2859  0.0861  0.0052  0.0000  0.0114  0.0000  0.0000  0.0000
 0.8229  0.0000  0.0713  0.6226  1.0000  0.1083  0.4244  0.1675  0.2173  0.9689  0.3596  0.1241  0.5113  0.3015  0.6083  0.5779  0.7784  0.6177  0.3270  0.0334  0.0000  0.1224  0.0000  0.0000  0.0000
 0.0704  0.0000  0.0063  0.3412  0.0905  0.0056  0.1738  0.0155  0.0170  0.0844  0.0270  0.0527  1.0000  0.1398  0.2942  0.0788  0.4433  0.3812  0.0261  0.0022  0.0000  0.0063  0.0000  0.0000  0.0000
 0.7766  0.0000  0.0498  0.5886  0.9269  0.0489  0.4787  0.1317  0.1740  1.0000  0.2827  0.1298  0.4588  0.3684  0.6964  0.6316  0.6867  0.5298  0.2647  0.0172  0.0000  0.0404  0.0000  0.0000  0.0000
 0.6753  0.0000  0.0359  0.4427  0.6743  0.0338  0.3812  0.0968  0.1393  1.0000  0.2248  0.0710  0.3455  0.2964  0.5150  0.3516  0.5430  0.5282  0.1914  0.0116  0.0000  0.0260  0.0000  0.0000  0.0000
 0.0554  0.0000  0.0078  0.3557  0.1867  0.0088  1.0000  0.1955  0.0085  0.0695  0.0157  0.0058  0.1908  0.0355  0.2980  0.0331  0.0937  0.2787  0.0482  0.0040  0.0000  0.0186  0.0000  0.0000  0.0000
 0.0000  0.0000  0.0000  0.0000  0.0000  0.0000  0.0000  0.0000  0.0000  0.0000  0.0000  0.0000  0.0000  0.0000  0.0000  0.0000  0.0000  0.0000  0.0000  0.0000  0.0000  1.0000  0.0000  0.0000  0.0000
 0.0079  0.0000  0.0018  1.0000  0.0066  0.0012  0.0143  0.0045  0.0017  0.0070  0.0020  0.0009  0.2435  0.0052  0.0049  0.0037  0.4589  0.1832  0.0027  0.0007  0.0000  0.0025  0.0000  0.0000  0.0000
 0.0008  0.0000  0.0003  0.0002  0.0002  0.0010  0.0003  0.0000  0.4814  0.0003  0.0052  0.0009  0.0002  0.0002  0.0001  0.0003  0.0003  0.0009  1.0000  0.0001  0.0000  0.0005  0.0000  0.0000  0.0000
 0.0032  0.0000  0.0003  0.0005  0.0044  0.0007  0.0022  0.0416  0.0014  0.4700  0.0032  0.0011  0.0031  0.0025  0.4507  1.0000  0.0026  0.0034  0.0018  0.0005  0.0000  0.0014  0.0000  0.0000  0.0000
 0.1614  0.0000  0.0008  0.0007  0.0008  0.0003  0.0046  0.0002  0.0004  0.0008  0.0008  0.0004  0.0006  0.0021  0.0006  0.0006  1.0000  0.0018  0.0014  0.0001  0.0000  0.0003  0.0000  0.0000  0.0000
 0.0000  0.0000  0.0000  1.0000  0.0000  0.0000  0.0000  0.0000  0.0000  0.0000  0.0000  0.0000  0.0000  0.0000  0.0000  0.0000  0.0000  0.0000  0.0000  0.0000  0.0000  0.0000  0.0000  0.0000  0.0000
 0.0009  0.0000  0.0003  0.0002  0.0002  0.0011  0.0004  0.0000  0.5882  0.0004  0.0059  0.0011  0.0002  0.0002  0.0001  0.0003  0.0004  0.0010  1.0000  0.0001  0.0000  0.0005  0.0000  0.0000  0.0000
 0.0000  0.0000  0.0000  0.0000  0.0000  0.0000  0.0000  0.0000  0.0000  0.0000  0.0000  0.0000  0.0000  0.0000  0.0000  0.0000  0.0000  0.0000  0.0000  1.0000  0.0000  0.0000  0.0000  0.0000  0.0000
 0.0000  0.0000  0.0000  0.0000  0.0000  0.0000  0.0000  0.0000  0.0000  0.0000  0.0000  0.0000  0.0000  0.0000  0.0000  0.0000  1.0000  0.0000  0.0000  0.0000  0.0000  0.0000  0.0000  0.0000  0.0000
 0.0008  0.0000  0.0002  0.0001  0.0002  0.0246  0.0002  0.0002  0.0038  0.0003  1.0000  0.0991  0.0002  0.0003  0.0004  0.0003  0.0002  0.0004  0.0021  0.0003  0.0000  0.0003  0.0000  0.0000  0.0000
 0.0000  0.0000  0.0000  0.0000  0.0000  0.0000  1.0000  0.0000  0.0000  0.0000  0.0000  0.0000  0.0000  0.0000  0.0000  0.0000  0.0000  0.0000  0.0000  0.0000  0.0000  0.0000  0.0000  0.0000  0.0000
 0.0013  0.0000  0.0003  0.0002  0.0003  0.0034  0.0003  0.0003  1.0000  0.0004  0.3277  0.0312  0.0003  0.0005  0.0007  0.0004  0.0004  0.0008  0.0040  0.0004  0.0000  0.0004  0.0000  0.0000  0.0000
 0.0081  0.0000  0.0013  0.0025  0.0016  0.0006  0.0463  0.0007  0.0015  0.0023  0.0016  0.0008  0.0041  0.0032  0.0017  0.0014  1.0000  0.9891  0.0027  0.0004  0.0000  0.0007  0.0000  0.0000  0.0000
 0.0020  0.0000  0.0005  0.0003  0.0005  0.0052  0.0004  0.0004  0.2246  0.0007  1.0000  0.6218  0.0005  0.0008  0.0010  0.0007  0.0006  0.0012  0.0630  0.0006  0.0000  0.0007  0.0000  0.0000  0.0000
 0.0030  0.0000  0.0011  0.0008  0.0010  0.0057  0.0017  0.0001  1.0000  0.0015  0.2709  0.2517  0.0010  0.0006  0.0005  0.0012  0.0015  0.0037  0.6206  0.0007  0.0000  0.1966  0.0000  0.0000  0.0000
 0.0000  0.0000  0.0000  0.0000  1.0000  0.0000  0.0000  0.0000  0.0000  0.0000  0.0000  0.0000  0.0000  0.0000  0.0000  0.0000  0.0000  0.0000  0.0000  0.0000  0.0000  0.0000  0.0000  0.0000  0.0000
 0.0038  0.0000  0.0878  0.0004  0.0009  0.0071  0.0006  0.0005  0.0827  0.0011  1.0000  0.5702  0.0007  0.0013  0.0014  0.0010  0.0009  0.0025  0.2339  0.0008  0.0000  0.0010  0.0000  0.0000  0.0000
 1.0000  0.0000  0.0007  0.0005  0.0006  0.0003  0.0037  0.0001  0.0003  0.0006  0.0006  0.0003  0.0004  0.0016  0.0004  0.0005  0.0877  0.0012  0.0011  0.0001  0.0000  0.0002  0.0000  0.0000  0.0000
 0.1966  0.0000  0.0690  0.0103  0.0302  0.0307  0.0026  0.0078  0.7525  0.0771  0.3156  0.0522  0.0154  0.0421  0.0230  0.0180  0.0331  1.0000  0.5179  0.0047  0.0000  0.0093  0.0000  0.0000  0.0000
 0.1809  0.0000  0.0150  0.0116  0.0135  0.0074  1.0000  0.0028  0.0096  0.0148  0.2239  0.0087  0.0101  0.0375  0.0103  0.0108  0.0757  0.0258  0.0260  0.0023  0.0000  0.0047  0.0000  0.0000  0.0000
 0.0068  0.0000  0.0006  0.0024  0.0092  0.0012  0.0044  0.0260  0.0026  0.2781  0.0058  0.0335  0.0951  0.0045  0.2170  1.0000  0.0463  0.0571  0.0349  0.0008  0.0000  0.0024  0.0000  0.0000  0.0000
 0.0008  0.0000  0.0004  0.0001  0.0002  1.0000  0.0001  0.0000  0.0018  0.0000  0.0043  0.0009  0.0000  0.0003  0.0000  0.0000  0.0329  0.0005  0.0017  0.0041  0.0000  0.4939  0.0000  0.0000  0.0000
 0.0000  0.0000  0.0000  0.0000  0.0000  0.0000  0.0000  0.0000  0.0000  0.0000  0.0000  0.0000  0.0000  1.0000  0.0000  0.0000  0.0000  0.0000  0.0000  0.0000  0.0000  0.0000  0.0000  0.0000  0.0000
 0.0009  0.0000  0.0005  0.0003  0.0003  0.0165  0.0005  0.0001  0.1205  0.0001  0.0041  0.0008  0.0001  0.0004  0.0001  0.0001  0.0006  0.0006  0.0016  0.0036  0.0000  1.0000  0.0000  0.0000  0.0000
 0.1257  0.0000  0.0065  0.4037  0.3769  0.0061  0.0470  0.0151  0.0228  0.3559  0.0368  0.0129  0.1247  1.0000  0.0726  0.2591  0.1652  0.1059  0.0347  0.0021  0.0000  0.0048  0.0000  0.0000  0.0000
 0.3853  0.0000  0.0304  0.3854  0.5085  0.0278  0.3244  0.0753  0.0943  1.0000  0.1522  0.0537  0.6459  0.3908  0.3400  0.3551  0.9084  0.7876  0.1439  0.0104  0.0000  0.0272  0.0000  0.0000  0.0000
 0.0090  0.0000  0.2180  0.0014  0.0023  0.2796  0.0015  0.0001  0.0192  0.0001  0.0464  0.0093  0.0001  0.1759  0.0001  0.0001  0.0063  0.0056  0.0178  1.0000  0.0000  0.3623  0.0000  0.0000  0.0000
 0.2001  0.0000  0.0213  1.0000  0.2695  0.0213  0.9038  0.0745  0.0456  0.5987  0.1156  0.0276  0.8567  0.0932  0.1748  0.4628  0.2895  0.1657  0.1175  0.0093  0.0000  0.0348  0.0000  0.0000  0.0000
 0.1608  0.0000  0.0016  0.0035  0.0021  0.0008  0.0026  0.0010  0.0023  0.0032  0.0022  0.0012  0.3833  0.0040  0.0025  0.0020  0.5875  1.0000  0.0037  0.0005  0.0000  0.0009  0.0000  0.0000  0.0000
 0.2830  0.0000  0.0573  0.0387  0.0527  0.0583  0.0226  0.0104  0.7302  0.0490  0.3417  0.0827  0.0264  0.1055  0.0334  0.0296  0.0569  0.2025  1.0000  0.0085  0.0000  0.0233  0.0000  0.0000  0.0000
 0.0000  0.0000  0.0000  0.0000  0.0000  1.0000  0.0000  0.0000  0.0000  0.0000  0.0000  0.0000  0.0000  0.0000  0.0000  0.0000  0.0000  0.0000  0.0000  0.0000  0.0000  0.0000  0.0000  0.0000  0.0000
 0.0344  0.0000  0.0001  0.2412  1.0000  0.0008  0.0035  0.0023  0.0011  0.0095  0.0021  0.0009  0.0040  0.0057  0.3186  0.0025  0.2576  0.0041  0.0022  0.0004  0.0000  0.0011  0.0000  0.0000  0.0000
 0.0576  0.0000  0.0125  0.0052  0.0123  0.0700  0.0080  0.0066  0.1568  0.0166  0.5416  0.0893  0.0089  0.0181  1.0000  0.0140  0.0136  0.0359  0.3070  0.0085  0.0000  0.0097  0.0000  0.0000  0.0000
 0.0000  0.0000  0.0000  0.0000  0.0000  0.0000  0.0000  0.0000  0.0000  0.0000  1.0000  0.0000  0.0000  0.0000  0.0000  0.0000  0.0000  0.0000  0.0000  0.0000  0.0000  0.0000  0.0000  0.0000  0.0000
 0.2384  0.0000  0.1553  0.6146  0.2502  0.0297  0.2713  0.2119  0.0585  0.9229  0.0845  0.0336  0.4796  0.1254  0.1761  0.3347  0.7883  1.0000  0.0899  0.0150  0.0000  0.0506  0.0000  0.0000  0.0000
 0.2063  0.0000  0.0016  0.0326  0.1445  0.0045  0.0141  0.0438  0.0072  0.2825  0.0161  0.0055  0.0183  0.0169  1.0000  0.0791  0.0169  0.0190  0.0104  0.0027  0.0000  0.1788  0.0000  0.0000  0.0000
 0.0008  0.0000  0.0002  0.0001  0.0002  0.0008  0.0003  0.0000  0.3455  0.0003  0.0044  0.0008  0.0002  0.0001  0.0001  0.0002  0.0003  0.0008  1.0000  0.0001  0.0000  0.0004  0.0000  0.0000  0.0000
 0.0010  0.0000  0.0003  0.0001  0.0002  0.0011  0.0002  0.0001  0.0306  0.0003  0.1615  0.0012  0.0002  0.0002  0.0002  0.0002  0.0003  0.0008  1.0000  0.0001  0.0000  0.0003  0.0000  0.0000  0.0000
 0.0563  0.0000  0.0036  0.3982  1.0000  0.0043  0.0311  0.1884  0.0126  0.5733  0.0211  0.0075  0.3804  0.0239  0.5100  0.0573  0.0519  0.1799  0.0197  0.0017  0.0000  0.0046  0.0000  0.0000  0.0000
 0.1602  0.0000  0.0074  0.5851  1.0000  0.0167  0.3408  0.0561  0.0184  0.1674  0.0350  0.0142  0.1861  0.1001  0.2109  0.0520  0.1519  0.0826  0.0352  0.0081  0.0000  0.0284  0.0000  0.0000  0.0000
 0.0883  0.0000  0.0073  1.0000  0.9491  0.0109  0.1185  0.0434  0.0100  0.0993  0.0195  0.0077  0.2406  0.9652  0.1059  0.0354  0.1776  0.0560  0.0186  0.0054  0.0000  0.0220  0.0000  0.0000  0.0000
 0.0253  0.0000  0.0009  0.0007  0.0008  0.0003  0.0050  0.0002  0.0004  0.0009  0.0009  0.0004  0.0006  1.0000  0.0006  0.0006  0.2673  0.0019  0.0015  0.0001  0.0000  0.0003  0.0000  0.0000  0.0000
 0.0000  0.0000  0.0000  0.0000  0.0000  0.0000  0.0000  0.0000  0.0000  0.0000  0.0000  0.0000  0.0000  1.0000  0.0000  0.0000  0.0000  0.0000  0.0000  0.0000  0.0000  0.0000  0.0000  0.0000  0.0000
 0.1037  0.0000  0.0629  0.0825  0.1346  0.0119  0.0529  0.0216  0.0599  0.4527  0.2196  0.0161  0.0970  0.0561  0.8312  1.0000  0.1685  0.1962  0.0840  0.0039  0.0000  0.0131  0.0000  0.0000  0.0000
 0.0006  0.0000  0.0002  0.0001  0.0002  0.0016  0.0002  0.0001  0.0030  0.0002  1.0000  0.0019  0.0002  0.0003  0.0003  0.0002  0.0002  0.0004  0.0104  0.0002  0.0000  0.0003  0.0000  0.0000  0.0000
 0.0072  0.0000  0.0006  0.0338  0.0480  0.0005  0.0046  0.0209  0.0017  0.0504  0.0028  0.0010  0.0542  1.0000  0.0124  0.0182  0.1723  0.0381  0.0026  0.0002  0.0000  0.0006  0.0000  0.0000  0.0000
 1.0000  0.0000  0.0291  0.3708  0.7988  0.0271  0.4748  0.1063  0.1017  0.5424  0.1641  0.0575  0.5260  0.3189  0.4313  0.2854  0.9112  0.3978  0.1551  0.0093  0.0000  0.0206  0.0000  0.0000  0.0000
 0.1442  0.0000  0.0183  1.0000  0.2704  0.0169  0.7893  0.2377  0.0290  0.2264  0.0499  0.0864  0.4476  0.0739  0.1224  0.1271  0.5011  0.1234  0.0448  0.0075  0.0000  0.0320  0.0000  0.0000  0.0000
 0.5853  0.0000  0.0402  0.5035  1.0000  0.0375  0.4512  0.1058  0.1639  0.8997  0.2274  0.0797  0.4484  0.2266  0.6128  0.4794  0.5680  0.4924  0.3212  0.0129  0.0000  0.0285  0.0000  0.0000  0.0000
 0.0003  0.0000  0.0002  0.0001  0.0001  1.0000  0.0001  0.0000  0.0007  0.0000  0.0017  0.0003  0.0000  0.0001  0.0000  0.0000  0.0002  0.0002  0.0007  0.0016  0.0000  0.0227  0.0000  0.0000  0.0000
 0.0034  0.0000  0.0005  0.0009  0.0006  0.0002  0.0122  0.0002  0.0005  0.0008  0.0006  0.0003  0.0014  0.0012  0.0006  0.0005  1.0000  0.1404  0.0010  0.0001  0.0000  0.0002  0.0000  0.0000  0.0000
 0.5694  0.0000  0.0154  0.3311  0.3488  0.0144  0.3219  0.0684  0.0676  0.4886  0.1869  0.1349  0.2135  1.0000  0.3278  0.1518  0.5570  0.2175  0.0825  0.0050  0.0000  0.0110  0.0000  0.0000  0.0000
 0.0220  0.0000  0.0012  0.6549  1.0000  0.0016  0.0103  0.0041  0.0046  0.1054  0.0395  0.0028  0.0743  0.0096  0.0625  0.0125  0.1113  0.0146  0.0565  0.0006  0.0000  0.0016  0.0000  0.0000  0.0000
 0.1700  0.0000  0.0007  0.0002  0.0004  1.0000  0.0003  0.0000  0.0032  0.0000  0.0149  0.0016  0.0000  0.0006  0.0000  0.0000  0.0010  0.0009  0.0029  0.0070  0.0000  0.0497  0.0000  0.0000  0.0000
 0.7126  0.0000  0.0512  0.5976  1.0000  0.0530  0.3572  0.1319  0.2113  0.9087  0.2884  0.1010  0.4636  0.2599  0.6685  0.5291  0.6847  0.5439  0.3840  0.0181  0.0000  0.0454  0.0000  0.0000  0.0000
 0.0739  0.0000  0.0009  1.0000  0.2891  0.0128  0.0098  0.0035  0.0027  0.0160  0.0045  0.0016  0.2937  0.0063  0.0726  0.0323  0.2869  0.0094  0.0043  0.0005  0.0000  0.0015  0.0000  0.0000  0.0000
 0.0004  0.0000  0.0002  0.0001  0.0001  1.0000  0.0001  0.0000  0.0011  0.0000  0.0235  0.0006  0.0000  0.0002  0.0001  0.0001  0.0002  0.0003  0.0009  0.0015  0.0000  0.0059  0.0000  0.0000  0.0000
 0.0096  0.0000  0.0240  0.0006  0.0015  0.0013  0.0002  0.0004  0.3053  0.0015  0.0083  0.0023  0.0008  0.0021  0.0011  0.0009  0.0134  0.2580  1.0000  0.0002  0.0000  0.0005  0.0000  0.0000  0.0000
 0.6312  0.0000  0.0228  0.3185  0.4285  0.0216  0.1621  0.0639  0.1588  0.6319  0.1288  0.0452  1.0000  0.1169  0.2985  0.3884  0.9751  0.3579  0.2014  0.0074  0.0000  0.0166  0.0000  0.0000  0.0000
 0.7652  0.0000  0.0570  0.6339  1.0000  0.0550  0.3796  0.1246  0.1909  0.9464  0.3284  0.1069  0.4931  0.2739  0.6059  0.5242  0.7348  0.5916  0.2958  0.0185  0.0000  0.0454  0.0000  0.0000  0.0000
 0.0057  0.0000  1.0000  0.0008  0.0007  0.0004  0.0036  0.0003  0.0004  0.0006  0.0008  0.0003  0.0007  0.0015  0.0005  0.0006  0.0392  0.0015  0.0011  0.0002  0.0000  0.0004  0.0000  0.0000  0.0000
 0.0000  0.0000  0.0000  0.0000  0.0000  0.0000  0.0000  0.0000  0.0000  0.0000  1.0000  0.0000  0.0000  0.0000  0.0000  0.0000  0.0000  0.0000  0.0000  0.0000  0.0000  0.0000  0.0000  0.0000  0.0000
 0.2719  0.0000  0.0237  0.1795  0.3693  0.0380  0.1723  0.1348  0.1444  1.0000  0.1774  0.0601  0.2454  0.1478  0.4526  0.7904  0.2597  0.3091  0.1245  0.0224  0.0000  0.0655  0.0000  0.0000  0.0000
 0.0000  0.0000  0.0000  0.0000  0.0000  0.0000  0.0000  0.0000  0.0000  1.0000  0.0000  0.0000  0.0000  0.0000  0.0000  0.0000  0.0000  0.0000  0.0000  0.0000  0.0000  0.0000  0.0000  0.0000  0.0000
 0.0899  0.0000  0.0032  0.9647  0.5883  0.0077  0.0407  0.0206  0.1582  0.4201  0.0258  0.0098  1.0000  0.0476  0.1502  0.0408  0.0614  0.0499  0.1096  0.0034  0.0000  0.0096  0.0000  0.0000  0.0000
 0.4565  0.0000  0.1653  0.1827  0.4027  0.6308  0.2928  0.5567  0.3425  0.2545  0.5653  0.1921  0.2708  0.4306  0.2566  0.3032  0.4269  0.3436  0.4377  0.1608  0.0000  1.0000  0.0000  0.0000  0.0000
 0.8568  0.0000  0.0472  0.6024  0.9632  0.0441  0.3367  0.1201  0.1656  1.0000  0.2671  0.1407  0.4847  0.2429  0.6208  0.5639  0.8175  0.6115  0.2525  0.0152  0.0000  0.0334  0.0000  0.0000  0.0000
 0.4416  0.0000  0.0129  0.5550  1.0000  0.0120  0.1048  0.0293  0.0451  0.7476  0.1937  0.0255  0.2227  0.0662  0.2273  0.3349  0.2485  0.1383  0.0984  0.0041  0.0000  0.0091  0.0000  0.0000  0.0000
 0.0000  0.0000  0.0000  0.0000  0.0000  0.0000  0.0000  0.0000  0.0000  0.0000  0.0000  0.0000  0.0000  0.0000  0.0000  1.0000  0.0000  0.0000  0.0000  0.0000  0.0000  0.0000  0.0000  0.0000  0.0000
 0.1660  0.0000  0.0035  0.0026  0.0032  0.0020  0.0186  0.0008  0.0025  0.0036  0.0115  0.0869  0.0024  1.0000  0.0025  0.0026  0.0315  0.0069  0.0068  0.0006  0.0000  0.0341  0.0000  0.0000  0.0000
 0.0961  0.0000  0.0165  0.4271  0.0549  0.0104  0.1016  0.0327  0.0186  1.0000  0.0207  0.0101  0.8805  0.0465  0.0419  0.0330  0.5196  0.6282  0.0295  0.0061  0.0000  0.0194  0.0000  0.0000  0.0000
 0.0007  0.0000  0.0004  0.0002  0.0002  0.0135  0.0003  0.0000  0.0016  0.0001  0.1247  0.0008  0.0001  0.0003  0.0001  0.0001  0.0005  0.0004  0.0014  0.0029  0.0000  1.0000  0.0000  0.0000  0.0000
 0.7277  0.0000  0.0435  0.5650  0.9814  0.0407  0.3369  0.0989  0.1523  1.0000  0.3311  0.0862  0.5478  0.3525  0.4796  0.4485  0.7270  0.5111  0.2322  0.0140  0.0000  0.0552  0.0000  0.0000  0.0000
 0.3234  0.0000  0.0116  0.2108  1.0000  0.0109  0.1168  0.0624  0.0408  0.5197  0.1766  0.1696  0.1833  0.0598  0.5232  0.2830  0.2173  0.1250  0.0622  0.0037  0.0000  0.0082  0.0000  0.0000  0.0000
 0.0000  0.0000  0.0000  0.0000  0.0000  0.0000  0.0000  0.0000  0.0000  0.0000  1.0000  0.0000  0.0000  0.0000  0.0000  0.0000  0.0000  0.0000  0.0000  0.0000  0.0000  0.0000  0.0000  0.0000  0.0000
 0.0033  0.0000  0.0008  0.0005  0.0008  0.0057  0.0006  0.0006  0.0112  0.0010  1.0000  0.3691  0.0009  0.0012  0.0013  0.0009  0.0327  0.1007  0.0293  0.0007  0.0000  0.0206  0.0000  0.0000  0.0000
 0.1648  0.0000  0.0047  0.0863  1.0000  0.0044  0.0337  0.0108  0.0165  0.5491  0.0267  0.0094  0.3766  0.0244  0.4530  0.3797  0.0947  0.0798  0.0252  0.0015  0.0000  0.0034  0.0000  0.0000  0.0000
 0.0044  0.0000  0.0010  0.0271  0.0066  0.0032  0.0045  1.0000  0.0022  0.0359  0.0041  0.0932  0.0062  0.0026  0.0317  0.0093  0.0048  0.0225  0.0029  0.0010  0.0000  0.0238  0.0000  0.0000  0.0000
 0.1428  0.0000  0.0006  0.0387  0.0288  0.0006  0.0144  0.0092  0.0022  0.0106  0.0035  0.0156  0.0160  1.0000  0.0324  0.0060  0.2454  0.0786  0.0033  0.0002  0.0000  0.0006  0.0000  0.0000  0.0000
 0.0005  0.0000  0.0003  0.0001  0.0001  1.0000  0.0001  0.0000  0.0011  0.0000  0.0027  0.0005  0.0000  0.0002  0.0000  0.0000  0.0004  0.0003  0.0010  0.1720  0.0000  0.0100  0.0000  0.0000  0.0000
 0.0028  0.0000  0.0199  0.0005  0.0008  0.2941  0.0009  0.0004  1.0000  0.0011  0.4404  0.0071  0.0007  0.0009  0.0010  0.0010  0.0011  0.0024  0.0503  0.0013  0.0000  0.0285  0.0000  0.0000  0.0000
 0.7213  0.0000  0.0505  0.5834  0.9473  0.0500  0.3637  0.1158  0.1891  1.0000  0.3535  0.1060  0.4615  0.2561  0.6170  0.5322  0.6877  0.6328  0.3551  0.0169  0.0000  0.0405  0.0000  0.0000  0.0000
 0.4890  0.0000  0.0400  0.4108  0.8984  0.0583  0.2490  0.1633  0.1752  0.9057  0.5095  0.3194  0.3193  0.1785  0.3783  1.0000  0.5463  0.4268  0.2726  0.0179  0.0000  0.0625  0.0000  0.0000  0.0000
 0.3115  0.0000  0.0618  0.0893  0.0991  0.2372  0.2403  0.7989  0.1332  0.1068  0.2204  0.0751  0.1267  0.0757  0.1381  0.1224  0.3701  0.1394  0.1717  0.1006  0.0000  1.0000  0.0000  0.0000  0.0000
 0.1081  0.0000  0.0056  0.1822  1.0000  0.0052  0.0398  0.0127  0.0312  0.2586  0.1667  0.0405  0.0776  0.0287  0.0831  0.2540  0.1456  0.1063  0.0298  0.0018  0.0000  0.0040  0.0000  0.0000  0.0000
 0.6393  0.0000  0.0588  0.4724  1.0000  0.0361  0.4105  0.1210  0.1475  0.7338  0.2182  0.0886  0.5233  0.1983  0.6163  0.3906  0.7247  0.8162  0.2871  0.0124  0.0000  0.0274  0.0000  0.0000  0.0000
 0.3347  0.0000  0.0192  0.3493  0.8321  0.0179  0.1367  0.0436  0.1046  1.0000  0.3471  0.0663  0.2311  0.0986  0.4046  0.7315  0.5226  0.2605  0.1572  0.0062  0.0000  0.0136  0.0000  0.0000  0.0000
 0.4469  0.0000  0.0247  0.6327  1.0000  0.0231  0.1877  0.2510  0.0867  0.7165  0.1688  0.0490  0.5831  0.1417  0.3033  0.2797  0.4298  0.5225  0.1814  0.0079  0.0000  0.0175  0.0000  0.0000  0.0000
 0.1198  0.0000  0.0480  0.0027  0.0081  0.0058  0.0003  0.0023  0.0976  0.0081  0.0372  0.0114  0.0040  0.0115  0.0377  0.0046  0.0089  0.8496  1.0000  0.0010  0.0000  0.0247  0.0000  0.0000  0.0000
 0.0031  0.0000  0.0002  1.0000  0.1156  0.0003  0.0028  0.0814  0.0004  0.0183  0.0007  0.0003  0.0283  0.0020  0.0370  0.0011  0.0027  0.0017  0.0007  0.0002  0.0000  0.0006  0.0000  0.0000  0.0000
 0.0021  0.0000  0.0007  0.0005  0.0006  0.1729  0.0010  0.0001  0.3926  0.0009  0.0178  0.1802  0.0006  0.0004  0.0003  0.0007  0.0009  0.0024  1.0000  0.0004  0.0000  0.0015  0.0000  0.0000  0.0000
 1.0000  0.0000  0.0013  0.0009  0.0011  0.0005  0.0689  0.0002  0.0005  0.0012  0.0012  0.0006  0.0008  0.0335  0.0008  0.0009  0.2687  0.0022  0.0021  0.0002  0.0000  0.0004  0.0000  0.0000  0.0000
 0.7134  0.0000  0.1052  0.4368  1.0000  0.0545  0.5322  0.0787  0.1212  0.6477  0.2352  0.0686  0.3668  0.2026  0.4108  0.3629  0.9624  0.4456  0.2899  0.0112  0.0000  0.0248  0.0000  0.0000  0.0000
 0.0022  0.0000  0.0011  0.0003  0.0005  1.0000  0.0003  0.0000  0.0047  0.0000  0.0114  0.0023  0.0000  0.0008  0.0000  0.0000  0.0015  0.0014  0.0043  0.7440  0.0000  0.9369  0.0000  0.0000  0.0000
 0.0021  0.0000  0.0007  0.0005  0.0006  0.2281  0.0010  0.0001  0.3034  0.0010  0.1955  0.0040  0.0006  0.0005  0.0004  0.0008  0.0010  0.0024  1.0000  0.0005  0.0000  0.0016  0.0000  0.0000  0.0000
 0.7913  0.0000  0.1195  0.6217  0.9922  0.0491  0.3823  0.1195  0.1839  1.0000  0.2967  0.1040  0.4869  0.2699  0.5952  0.5236  0.7608  0.5933  0.2804  0.0169  0.0000  0.0374  0.0000  0.0000  0.0000
 0.2557  0.0000  0.0126  0.6549  1.0000  0.0118  0.0901  0.0287  0.0661  0.6291  0.1605  0.0251  0.2707  0.0650  0.1396  0.7272  0.2510  0.1503  0.1228  0.0041  0.0000  0.0090  0.0000  0.0000  0.0000
 0.0086  0.0000  0.0022  0.0011  0.0018  0.0060  0.0018  0.0002  1.0000  0.0024  0.0426  0.0328  0.0014  0.0017  0.0011  0.1441  0.0023  0.1523  0.3844  0.0007  0.0000  0.0027  0.0000  0.0000  0.0000
 0.0010  0.0000  0.0002  0.0001  0.0002  0.0177  0.0002  0.0002  0.0216  0.0003  1.0000  0.1972  0.0002  0.0004  0.0005  0.0003  0.0003  0.0006  0.0027  0.0003  0.0000  0.0003  0.0000  0.0000  0.0000
 0.8109  0.0000  0.0031  0.2517  0.0142  0.0021  1.0000  0.0093  0.0013  0.0131  0.0029  0.0012  0.1199  0.0095  0.0089  0.0068  0.0285  0.0109  0.0032  0.0010  0.0000  0.0049  0.0000  0.0000  0.0000
 0.0236  0.0000  0.0012  0.6784  1.0000  0.0026  0.0217  0.0090  0.0027  0.0255  0.0052  0.0021  0.1150  0.0151  0.0297  0.0082  0.0208  0.0128  0.0052  0.0013  0.0000  0.0046  0.0000  0.0000  0.0000
//
