WARNING! L24 not allowed! score: 0.02 median: 2.88 # of sequence: 396
WARNING! V156 not allowed! score: 0.04 median: 2.88 # of sequence: 397
WARNING! V327 not allowed! score: 0.03 median: 2.88 # of sequence: 398
ID   UNK_ID; MATRIX
AC   UNK_AC
DE   UNK_DE
MA   UNK_BL
  A   B   C   D   E   F   G   H   I   K   L   M   N   P   Q   R   S   T   V   W   X   Y   Z   *   -
 0.0014  0.0000  0.0004  0.0002  0.0003  0.0030  0.0005  0.0002  0.0315  0.0004  0.0146  1.0000  0.0003  0.0006  0.0006  0.0004  0.0004  0.0008  0.0032  0.0004  0.0000  0.0008  0.0000  0.0000  0.0000
 0.2293  0.0000  0.0029  0.0027  0.0142  0.0011  0.1116  0.0006  0.0013  0.0029  0.0028  0.0013  0.0024  0.0072  0.0020  0.0021  1.0000  0.0053  0.0047  0.0004  0.0000  0.0009  0.0000  0.0000  0.0000
 0.4591  0.0000  0.0166  0.2487  0.3092  0.0155  0.7419  0.0381  0.0574  0.4375  0.0927  0.0325  0.1874  0.0848  0.4994  0.2579  1.0000  0.4086  0.0876  0.0054  0.0000  0.0121  0.0000  0.0000  0.0000
 0.5296  0.0000  0.0407  0.2952  0.5967  0.0168  0.1658  0.2234  0.1109  0.3651  0.1403  0.0345  0.2409  1.0000  0.2041  0.1898  0.3464  0.1863  0.1818  0.0057  0.0000  0.0131  0.0000  0.0000  0.0000
 0.0319  0.0000  0.0026  0.0185  0.0431  0.0041  0.1490  0.0856  0.0102  0.8567  0.0206  0.0696  0.2407  0.0757  0.1730  1.0000  0.0512  0.1433  0.0145  0.0025  0.0000  0.0070  0.0000  0.0000  0.0000
 0.8267  0.0000  0.0420  0.0653  0.3157  0.0073  0.2379  0.0142  0.0387  0.3494  0.0331  0.0116  0.0520  1.0000  0.0617  0.2457  0.2349  0.2565  0.0600  0.0023  0.0000  0.0347  0.0000  0.0000  0.0000
 0.0924  0.0000  0.0065  0.1755  0.5651  0.0061  1.0000  0.0261  0.0229  0.2690  0.0525  0.0129  0.0605  0.0336  0.0871  0.1359  0.1689  0.2087  0.0526  0.0021  0.0000  0.0047  0.0000  0.0000  0.0000
 0.0064  0.0000  0.0022  0.0033  0.0036  1.0000  0.0193  0.0066  0.0047  0.1437  0.0321  0.0026  0.0173  0.0027  0.0038  0.0047  0.0504  0.0326  0.0060  0.0022  0.0000  0.4434  0.0000  0.0000  0.0000
 0.1519  0.0000  0.0397  0.0460  0.0612  0.1746  0.1473  0.4016  0.4667  0.0651  0.1938  0.0495  0.1133  0.0458  0.0811  0.0958  0.1005  0.1421  0.7686  0.0415  0.0000  1.0000  0.0000  0.0000  0.0000
 0.1141  0.0000  0.0251  0.0173  0.0523  0.0240  0.0173  0.0701  0.0161  0.5426  0.1065  0.0276  0.0185  0.0237  0.7631  1.0000  0.1195  0.0851  0.0699  0.0064  0.0000  0.2156  0.0000  0.0000  0.0000
 0.2802  0.0000  0.0646  0.0498  0.1552  0.2527  0.0800  0.1382  0.1354  0.0847  0.3356  0.0768  0.0745  0.0495  0.3971  0.0843  0.0972  0.2213  0.2608  0.0566  0.0000  1.0000  0.0000  0.0000  0.0000
 0.1354  0.0000  0.0080  0.5761  1.0000  0.0075  0.0572  0.0182  0.0281  0.1513  0.0969  0.1570  0.8843  0.0413  0.5267  0.0935  0.3201  0.1481  0.1161  0.0026  0.0000  0.0057  0.0000  0.0000  0.0000
 0.0056  0.0000  0.0003  0.0002  0.0002  0.0013  0.0003  0.0000  1.0000  0.0003  0.5017  0.1254  0.0002  0.0002  0.0002  0.0003  0.0003  0.0009  0.6933  0.0002  0.0000  0.0005  0.0000  0.0000  0.0000
 0.3213  0.0000  0.1439  0.1177  0.1565  1.0000  0.1955  0.3256  0.2260  0.1666  0.4185  0.1267  0.7240  0.1172  0.1966  0.2777  0.2299  0.2650  0.3039  0.2473  0.0000  0.7783  0.0000  0.0000  0.0000
 0.0115  0.0000  0.0011  0.0032  0.0270  0.0024  1.0000  0.0103  0.0048  0.6656  0.0114  0.0038  0.0316  0.0090  0.1172  0.2664  0.0098  0.0252  0.0064  0.0018  0.0000  0.0052  0.0000  0.0000  0.0000
 0.0041  0.0000  0.0009  0.0017  0.0011  0.0005  0.0011  0.0005  0.0333  0.0017  0.0131  0.0007  0.4956  0.0081  0.0762  0.0010  0.1346  1.0000  0.0391  0.0003  0.0000  0.0005  0.0000  0.0000  0.0000
 0.5161  0.0000  0.0637  0.2008  0.4676  0.2086  0.1321  0.1184  0.4501  0.3191  1.0000  0.0560  0.1975  0.0970  0.2206  0.2193  0.3148  0.5839  0.8150  0.0313  0.0000  0.1628  0.0000  0.0000  0.0000
 0.0004  0.0000  0.0002  0.0001  0.0001  1.0000  0.0001  0.0000  0.0008  0.0000  0.0065  0.0004  0.0000  0.0001  0.0000  0.0000  0.0002  0.0002  0.0060  0.5290  0.0000  0.0227  0.0000  0.0000  0.0000
 0.0053  0.0000  0.0000  0.0531  1.0000  0.0001  0.0005  0.0003  0.0099  0.0186  0.0003  0.0001  0.0484  0.0008  0.0168  0.0004  0.0007  0.0116  0.0161  0.0001  0.0000  0.0001  0.0000  0.0000  0.0000
 0.0198  0.0000  0.0200  0.0001  0.0002  0.0056  0.0001  0.0000  0.5806  0.0003  0.0755  0.0005  0.0001  0.0003  0.0001  0.0002  0.0002  0.0045  1.0000  0.0001  0.0000  0.0002  0.0000  0.0000  0.0000
 0.0406  0.0000  0.0039  0.3036  0.0368  0.0040  0.2048  0.0072  0.0092  0.0551  0.0284  0.0052  0.0274  1.0000  0.0364  0.0752  0.4828  0.9330  0.0140  0.0016  0.0000  0.0138  0.0000  0.0000  0.0000
 0.7474  0.0000  0.0110  0.3532  0.9287  0.0103  0.0785  0.0459  0.1064  0.3687  0.0911  0.0315  0.4873  0.2387  0.3095  0.3708  1.0000  0.5961  0.1506  0.0035  0.0000  0.0078  0.0000  0.0000  0.0000
 0.0060  0.0000  0.0166  0.0018  0.0057  0.0049  0.0041  0.0462  0.0676  0.9593  0.0069  0.0117  0.0220  0.0035  0.1129  1.0000  0.0048  0.1531  0.0475  0.0016  0.0000  0.0305  0.0000  0.0000  0.0000
 0.0001  0.0000  0.0001  0.0000  0.0000  0.0027  0.0001  0.0000  0.0003  0.0000  0.0236  0.0001  0.0000  0.0001  0.0000  0.0000  0.0001  0.0001  0.0003  0.0006  0.0000  1.0000  0.0000  0.0000  0.0000
 0.8074  0.0000  0.0515  0.6174  0.9945  0.0481  0.3672  0.1171  0.1979  1.0000  0.3122  0.1021  0.4883  0.2844  0.8946  0.6077  0.8022  0.6995  0.5328  0.0165  0.0000  0.0364  0.0000  0.0000  0.0000
 0.2037  0.0000  0.0120  0.6264  0.2940  0.0379  0.1434  0.0373  0.1545  0.2217  0.0677  0.0750  0.4527  1.0000  0.1495  0.1499  0.2920  0.1411  0.1167  0.0040  0.0000  0.0093  0.0000  0.0000  0.0000
 0.0017  0.0000  0.0004  0.0002  0.0004  0.0038  0.0003  0.0003  0.5763  0.0005  1.0000  0.0111  0.0004  0.0423  0.0537  0.0005  0.0004  0.0010  0.0653  0.0004  0.0000  0.0005  0.0000  0.0000  0.0000
 0.3552  0.0000  0.0495  0.4491  0.4493  0.0206  0.1565  0.1046  0.1245  0.9776  0.2491  0.4486  0.4612  0.1129  1.0000  0.8469  0.8977  0.5595  0.1360  0.0071  0.0000  0.0157  0.0000  0.0000  0.0000
 0.0385  0.0000  0.0140  0.0025  0.0033  0.0085  0.0040  0.0467  0.0051  0.0035  0.0376  0.0111  0.0037  1.0000  0.0229  0.0042  0.0113  0.0049  0.0709  0.0022  0.0000  0.0654  0.0000  0.0000  0.0000
 0.0004  0.0000  0.0001  0.0001  0.0001  0.0005  0.0002  0.0000  0.8599  0.0002  0.0026  0.0005  0.0001  0.0001  0.0000  0.0001  0.0002  0.0004  1.0000  0.0001  0.0000  0.0002  0.0000  0.0000  0.0000
 0.0000  0.0000  0.0000  0.0000  0.0000  0.0000  1.0000  0.0000  0.0000  0.0000  0.0000  0.0000  0.0000  0.0000  0.0000  0.0000  0.0000  0.0000  0.0000  0.0000  0.0000  0.0000  0.0000  0.0000  0.0000
 0.1396  0.0000  0.0255  0.0988  0.4439  0.0083  0.0705  0.0506  0.0731  0.5325  0.0480  0.5025  0.0782  0.0434  0.2105  1.0000  0.9298  0.2669  0.0696  0.0028  0.0000  0.0066  0.0000  0.0000  0.0000
 0.0000  0.0000  0.0000  0.0000  0.0000  0.0000  1.0000  0.0000  0.0000  0.0000  0.0000  0.0000  0.0000  0.0000  0.0000  0.0000  0.0000  0.0000  0.0000  0.0000  0.0000  0.0000  0.0000  0.0000  0.0000
 1.0000  0.0000  0.0000  0.0000  0.0000  0.0000  0.0000  0.0000  0.0000  0.0000  0.0000  0.0000  0.0000  0.0000  0.0000  0.0000  0.0000  0.0000  0.0000  0.0000  0.0000  0.0000  0.0000  0.0000  0.0000
 0.0011  0.0000  0.0127  0.0005  0.0004  0.1879  0.0007  0.0007  0.0042  0.0005  0.0010  0.0003  0.0052  0.0004  0.0004  0.0005  0.0079  0.0009  0.0007  0.0002  0.0000  1.0000  0.0000  0.0000  0.0000
 0.0004  0.0000  0.0002  0.0043  0.0003  0.0002  1.0000  0.0002  0.0002  0.0003  0.0003  0.0001  0.0004  0.0007  0.0002  0.0004  0.0004  0.0003  0.0002  0.0002  0.0000  0.0002  0.0000  0.0000  0.0000
 0.1649  0.0000  0.0184  0.0050  0.0142  0.0379  0.0020  0.0045  1.0000  0.0147  0.4943  0.1504  0.0076  0.0198  0.3261  0.0091  0.3295  0.2143  0.4552  0.0032  0.0000  0.0061  0.0000  0.0000  0.0000
 0.0004  0.0000  0.0001  0.0001  0.0001  0.0002  0.0001  0.0000  0.0153  0.0001  0.0008  0.0002  0.0001  0.0001  0.0001  0.0001  0.0001  0.0003  1.0000  0.0000  0.0000  0.0001  0.0000  0.0000  0.0000
 0.0013  0.0000  1.0000  0.0001  0.0002  0.0002  0.0001  0.0001  0.0130  0.0002  0.0012  0.0025  0.0001  0.0003  0.0001  0.0028  0.0187  0.0009  0.0373  0.0030  0.0000  0.0001  0.0000  0.0000  0.0000
 0.1973  0.0000  0.0362  0.0006  0.0008  0.0201  0.0123  0.0001  0.0004  0.0711  0.0008  0.0004  0.0006  0.0074  0.0006  0.0006  1.0000  0.0015  0.0014  0.0001  0.0000  0.0003  0.0000  0.0000  0.0000
 1.0000  0.0000  0.0004  0.0003  0.0004  0.0002  0.0053  0.0001  0.0096  0.0004  0.0167  0.0002  0.0003  0.0010  0.0003  0.0003  0.1012  0.0072  0.0817  0.0001  0.0000  0.0001  0.0000  0.0000  0.0000
 0.1977  0.0000  0.0834  0.0997  0.2006  0.4811  0.1285  0.2299  0.5593  0.4892  0.8215  0.2483  0.1392  0.0796  0.1323  0.3743  0.1563  0.4080  1.0000  0.0922  0.0000  0.6754  0.0000  0.0000  0.0000
 0.0050  0.0000  0.0330  1.0000  0.0211  0.0011  0.0150  0.0977  0.0277  0.0189  0.0015  0.0005  0.7781  0.0037  0.0046  0.0034  0.0117  0.0050  0.0887  0.0005  0.0000  0.0025  0.0000  0.0000  0.0000
 0.4539  0.0000  0.0220  0.1353  0.2230  0.0921  0.1373  0.0541  0.1016  0.5528  0.1640  0.0260  0.2181  0.0612  0.5919  0.6643  1.0000  0.9632  0.1484  0.0067  0.0000  0.0249  0.0000  0.0000  0.0000
 0.2796  0.0000  0.0179  0.3186  1.0000  0.0169  0.2406  0.0408  0.0774  0.5065  0.3987  0.0355  0.1771  0.1863  0.2806  0.4508  0.2573  0.1923  0.1132  0.0058  0.0000  0.0309  0.0000  0.0000  0.0000
 0.0436  0.0000  0.0068  0.0013  0.0017  0.0040  0.0020  0.0199  0.0023  0.0018  0.0835  0.0013  0.0591  0.0061  0.0096  0.0081  0.1682  1.0000  0.0067  0.0011  0.0000  0.0210  0.0000  0.0000  0.0000
 0.0904  0.0000  0.0033  0.0765  0.0704  0.0034  1.0000  0.0729  0.0254  0.2663  0.0182  0.0064  0.8484  0.0164  0.0823  0.3098  0.1837  0.0596  0.0171  0.0011  0.0000  0.0276  0.0000  0.0000  0.0000
 0.1033  0.0000  0.0042  0.0698  1.0000  0.0111  0.0414  0.0305  0.0592  0.0859  0.0980  0.0913  0.0621  0.0314  0.4539  0.0878  0.1092  0.1950  0.1437  0.0014  0.0000  0.0032  0.0000  0.0000  0.0000
 0.0945  0.0000  0.0026  0.0527  0.4144  0.0025  0.0355  0.1056  0.0092  1.0000  0.0692  0.1374  0.1846  0.1279  0.1255  0.3390  0.1025  0.0423  0.0140  0.0008  0.0000  0.0063  0.0000  0.0000  0.0000
 0.0001  0.0000  0.0000  0.0000  0.0000  0.0002  0.0038  0.0000  0.0390  0.0001  0.0011  0.0055  0.0000  0.0000  0.0000  0.0000  0.0001  0.0001  1.0000  0.0000  0.0000  0.0001  0.0000  0.0000  0.0000
 1.0000  0.0000  0.0002  0.0002  0.0002  0.0001  0.0011  0.0001  0.0001  0.0002  0.0002  0.0001  0.0001  0.0042  0.0001  0.0002  0.0009  0.0003  0.0003  0.0000  0.0000  0.0001  0.0000  0.0000  0.0000
 0.0003  0.0000  0.0001  0.0001  0.0001  0.0003  0.0001  0.0000  1.0000  0.0001  0.0248  0.0112  0.0001  0.0000  0.0000  0.0001  0.0075  0.0031  0.2983  0.0000  0.0000  0.0001  0.0000  0.0000  0.0000
 0.0000  0.0000  0.0000  0.0000  0.0000  0.0000  0.0000  0.0000  0.0000  1.0000  0.0000  0.0000  0.0000  0.0000  0.0000  0.0000  0.0000  0.0000  0.0000  0.0000  0.0000  0.0000  0.0000  0.0000  0.0000
 0.0000  0.0000  0.0000  0.0000  0.0000  0.0000  0.0000  0.0000  0.0000  1.0000  0.0000  0.0000  0.0000  0.0000  0.0000  0.0000  0.0000  0.0000  0.0000  0.0000  0.0000  0.0000  0.0000  0.0000  0.0000
 0.0005  0.0000  0.0002  0.0001  0.0001  0.0268  0.0002  0.0001  1.0000  0.0002  0.5511  0.0015  0.0001  0.0002  0.0002  0.0002  0.0002  0.0004  0.0379  0.0002  0.0000  0.0003  0.0000  0.0000  0.0000
 1.0000  0.0000  0.0399  0.0272  0.0361  0.0926  0.4864  0.1480  0.0668  0.0384  0.0856  0.4855  0.1351  0.0270  0.0595  0.0458  0.8060  0.1952  0.0863  0.0244  0.0000  0.2839  0.0000  0.0000  0.0000
 0.0537  0.0000  0.0111  0.2220  0.0786  0.0110  0.1556  0.0558  0.0096  0.4720  0.0223  0.0076  1.0000  0.0432  0.0700  0.8324  0.1272  0.0575  0.0142  0.0064  0.0000  0.0282  0.0000  0.0000  0.0000
 0.6448  0.0000  0.0009  0.0004  0.0008  0.0004  0.0022  0.0002  0.0082  0.0008  0.0023  0.0008  0.0005  1.0000  0.0006  0.0005  0.0079  0.0128  0.0447  0.0001  0.0000  0.0002  0.0000  0.0000  0.0000
 0.0001  0.0000  0.0001  0.0000  0.0000  1.0000  0.0001  0.0000  0.0003  0.0000  0.0071  0.0001  0.0000  0.0001  0.0000  0.0000  0.0001  0.0001  0.0002  0.0005  0.0000  0.0021  0.0000  0.0000  0.0000
 0.0628  0.0000  0.0041  1.0000  0.4881  0.0048  0.1007  0.0316  0.0037  0.0405  0.0075  0.0029  0.1254  0.0234  0.9345  0.0164  0.4158  0.0247  0.0068  0.0024  0.0000  0.0108  0.0000  0.0000  0.0000
 0.0070  0.0000  0.0015  0.0349  0.0031  0.0009  0.0052  0.2065  0.0073  0.0040  0.0020  0.0010  1.0000  0.0040  0.0030  0.0189  0.8003  0.5023  0.0032  0.0005  0.0000  0.0013  0.0000  0.0000  0.0000
 0.8316  0.0000  0.0756  0.6091  1.0000  0.1535  0.3987  0.2160  0.2627  0.9286  0.4102  0.1313  0.5071  0.3272  0.6115  0.5917  0.7648  0.5965  0.3497  0.0435  0.0000  0.1974  0.0000  0.0000  0.0000
 0.0016  0.0000  0.0004  0.0002  0.0004  0.0014  0.0004  0.0000  1.0000  0.0220  0.0968  0.3016  0.0003  0.0003  0.0002  0.0004  0.0005  0.1977  0.7292  0.0002  0.0000  0.0006  0.0000  0.0000  0.0000
 0.1435  0.0000  0.0420  0.2672  0.0896  0.2938  0.1257  0.1846  0.3358  0.0877  1.0000  0.2183  0.1704  0.0674  0.0885  0.0795  0.1222  0.1044  0.2229  0.0441  0.0000  0.1707  0.0000  0.0000  0.0000
 1.0000  0.0000  0.1063  0.0003  0.0003  0.0001  0.0143  0.0001  0.0002  0.0004  0.0004  0.0002  0.0003  0.0010  0.0003  0.0003  0.0698  0.0119  0.0006  0.0001  0.0000  0.0001  0.0000  0.0000  0.0000
 0.0015  0.0000  0.0001  0.0003  0.0021  0.0003  0.0011  0.0014  0.0007  1.0000  0.1184  0.0005  0.0015  0.0012  0.0566  0.1036  0.0013  0.0016  0.0009  0.0002  0.0000  0.0007  0.0000  0.0000  0.0000
 0.0000  0.0000  0.0000  0.0000  0.0000  0.0000  0.0000  0.0000  0.0000  0.0000  0.0000  0.0000  0.0000  0.0000  0.0000  1.0000  0.0000  0.0000  0.0000  0.0000  0.0000  0.0000  0.0000  0.0000  0.0000
 0.1144  0.0000  0.0002  0.0003  0.0002  0.0001  0.0004  0.0001  0.0125  0.0003  0.0002  0.0001  0.0005  0.0004  0.0002  0.0002  0.0064  1.0000  0.0005  0.0000  0.0000  0.0001  0.0000  0.0000  0.0000
 0.0046  0.0000  0.0012  0.0006  0.0012  0.0531  0.0010  0.0128  0.0232  0.0016  1.0000  0.0154  0.0012  0.0020  0.0024  0.0016  0.0014  0.0027  0.0127  0.0015  0.0000  0.8823  0.0000  0.0000  0.0000
 0.0000  0.0000  0.0000  0.0000  0.0000  0.0000  0.0000  0.0000  0.0000  0.0000  0.0000  0.0000  0.0000  0.0000  0.0000  1.0000  0.0000  0.0000  0.0000  0.0000  0.0000  0.0000  0.0000  0.0000  0.0000
 0.0000  0.0000  0.0000  0.0000  1.0000  0.0000  0.0000  0.0000  0.0000  0.0000  0.0000  0.0000  0.0000  0.0000  0.0000  0.0000  0.0000  0.0000  0.0000  0.0000  0.0000  0.0000  0.0000  0.0000  0.0000
 0.0008  0.0000  0.0002  0.0001  0.0002  0.0094  0.0002  0.0002  0.7429  0.0003  1.0000  0.0608  0.0002  0.0004  0.0004  0.0003  0.0002  0.0005  0.0023  0.0003  0.0000  0.0003  0.0000  0.0000  0.0000
 0.0012  0.0000  0.0072  0.0002  0.0099  0.0002  0.0008  0.0154  0.0005  1.0000  0.0464  0.0169  0.0011  0.0009  0.0028  0.4440  0.0010  0.0197  0.0007  0.0002  0.0000  0.0005  0.0000  0.0000  0.0000
 0.0003  0.0000  0.0001  0.0000  0.0001  0.0007  0.0001  0.0001  0.0480  0.0001  1.0000  0.0453  0.0001  0.0001  0.0001  0.0001  0.0001  0.0002  0.0007  0.0001  0.0000  0.0179  0.0000  0.0000  0.0000
 0.0002  0.0000  0.0001  0.0000  0.0001  0.0031  0.0000  0.0000  0.0011  0.0001  1.0000  0.0054  0.0001  0.0042  0.0001  0.0001  0.0001  0.0001  0.0073  0.0001  0.0000  0.0001  0.0000  0.0000  0.0000
 0.0028  0.0000  0.0608  0.0005  0.0038  0.0006  0.0019  0.0024  0.0012  1.0000  0.0518  0.0220  0.0027  0.0022  0.0417  0.8839  0.0413  0.0179  0.0100  0.0004  0.0000  0.0012  0.0000  0.0000  0.0000
 0.0010  0.0000  0.0111  0.0004  0.0005  0.0195  0.0006  1.0000  0.0007  0.0008  0.0066  0.0004  0.0006  0.0004  0.0065  0.0546  0.0079  0.0008  0.0009  0.0003  0.0000  0.0219  0.0000  0.0000  0.0000
 0.0009  0.0000  0.0002  0.0001  0.0002  0.1924  0.0002  0.0002  0.0633  0.0003  0.7075  1.0000  0.0002  0.0004  0.0005  0.0003  0.0002  0.0005  0.0095  0.0003  0.0000  0.0003  0.0000  0.0000  0.0000
 0.1063  0.0000  0.0200  1.0000  0.1950  0.0257  0.0549  0.0679  0.0239  0.6853  0.0385  0.0135  0.3322  0.0339  0.2647  0.5794  0.1529  0.0776  0.0361  0.0026  0.0000  0.0225  0.0000  0.0000  0.0000
 0.0004  0.0000  0.0000  0.0011  0.0185  0.0001  0.0005  1.0000  0.0001  0.0007  0.0002  0.0001  0.0005  0.0004  0.0110  0.0004  0.0004  0.0003  0.0001  0.0000  0.0000  0.0001  0.0000  0.0000  0.0000
 0.0030  0.0000  0.0000  0.0810  1.0000  0.0001  0.0002  0.0001  0.0001  0.0006  0.0001  0.0001  0.0002  0.0049  0.0008  0.0002  0.0003  0.0003  0.0001  0.0000  0.0000  0.0001  0.0000  0.0000  0.0000
 0.0003  0.0000  0.0001  0.0010  0.0004  0.0001  0.0011  0.0003  0.0001  0.0004  0.0002  0.0000  1.0000  0.0004  0.0105  0.0003  0.0005  0.0003  0.0001  0.0001  0.0000  0.0002  0.0000  0.0000  0.0000
 0.0003  0.0000  0.0001  0.0001  0.0001  0.0005  0.0002  0.0000  0.6545  0.0001  0.1055  0.0005  0.0001  0.0001  0.0000  0.0001  0.0001  0.0004  1.0000  0.0001  0.0000  0.0002  0.0000  0.0000  0.0000
 0.0003  0.0000  0.0001  0.0000  0.0001  0.0003  0.0001  0.0000  1.0000  0.0001  0.0078  0.0064  0.0001  0.0044  0.0000  0.0001  0.0001  0.0002  0.1279  0.0000  0.0000  0.0001  0.0000  0.0000  0.0000
 0.6532  0.0000  0.1529  0.0924  0.0471  0.0011  1.0000  0.0028  0.0043  0.0920  0.0221  0.0024  0.0542  0.0063  0.0517  0.0324  0.4898  0.0946  0.0266  0.0004  0.0000  0.0009  0.0000  0.0000  0.0000
 0.0008  0.0000  0.0002  0.0001  0.0002  0.0013  0.0002  0.0001  0.6037  0.0003  1.0000  0.0211  0.0002  0.0002  0.0002  0.0002  0.0052  0.0084  0.0411  0.0002  0.0000  0.0003  0.0000  0.0000  0.0000
 0.6599  0.0000  0.0467  0.5626  0.8861  0.0441  0.3322  0.1066  0.1718  1.0000  0.6057  0.1086  0.4564  0.2397  0.5385  0.6012  0.7268  0.5150  0.2662  0.0152  0.0000  0.0340  0.0000  0.0000  0.0000
 0.0082  0.0000  0.0001  1.0000  0.0005  0.0001  0.0011  0.0003  0.0000  0.0004  0.0001  0.0000  0.0304  0.0003  0.0003  0.0002  0.0008  0.0003  0.0001  0.0000  0.0000  0.0002  0.0000  0.0000  0.0000
 0.0076  0.0000  0.0598  0.0002  0.0004  0.0005  0.0001  0.0001  1.0000  0.0004  0.0169  0.0007  0.0002  0.0005  0.0003  0.0003  0.0004  0.0222  0.8880  0.0001  0.0000  0.0002  0.0000  0.0000  0.0000
 0.0066  0.0000  0.0019  0.0013  0.0021  1.0000  0.0022  0.0023  0.6948  0.0026  0.1226  0.1610  0.0021  0.0022  0.0520  0.0026  0.0095  0.0128  0.1217  0.0017  0.0000  0.0167  0.0000  0.0000  0.0000
 0.6327  0.0000  0.1874  0.3131  0.4482  0.7039  0.3921  0.5852  0.4252  0.5037  0.7200  0.2621  0.3902  0.3383  0.3947  0.5428  0.5448  0.6228  0.5459  0.1858  0.0000  1.0000  0.0000  0.0000  0.0000
 0.0276  0.0000  0.0003  0.0003  0.0003  0.0001  0.0011  0.0001  0.0002  0.0004  0.0042  0.0001  0.0004  1.0000  0.0003  0.0082  0.0839  0.0319  0.0005  0.0001  0.0000  0.0001  0.0000  0.0000  0.0000
 0.5733  0.0000  0.0140  0.1875  0.0691  0.0018  0.0420  0.0223  0.0468  0.0443  0.0108  0.0261  0.1193  1.0000  0.0315  0.0274  0.0978  0.1217  0.0774  0.0006  0.0000  0.0014  0.0000  0.0000  0.0000
 0.7453  0.0000  0.0551  0.6403  1.0000  0.0592  0.3724  0.1448  0.1999  0.9304  0.3550  0.1034  0.4841  0.2874  0.6381  0.5306  0.7637  0.6242  0.3035  0.0173  0.0000  0.0400  0.0000  0.0000  0.0000
 0.2119  0.0000  0.0621  0.1863  0.2177  0.0121  0.1546  0.0471  0.0410  0.4245  0.0655  0.0232  0.2384  0.1547  0.1289  0.9698  1.0000  0.5245  0.0626  0.0045  0.0000  0.0114  0.0000  0.0000  0.0000
 0.1581  0.0000  0.0506  0.0355  0.0471  0.2924  0.0861  0.0938  0.7656  0.0575  1.0000  0.0757  0.0745  0.0353  0.0507  0.6171  0.0693  0.0979  0.1452  0.0320  0.0000  0.2773  0.0000  0.0000  0.0000
 0.0269  0.0000  0.0010  0.3870  1.0000  0.0009  0.0176  0.0242  0.0035  0.0351  0.0184  0.0020  0.0880  0.0052  0.0613  0.0762  0.3527  0.0500  0.0054  0.0003  0.0000  0.0007  0.0000  0.0000  0.0000
 0.7940  0.0000  0.0233  0.7627  0.8324  0.0217  0.2510  0.0785  0.0871  0.5583  0.1381  0.0462  1.0000  0.6215  0.7285  0.2779  0.8814  0.3355  0.1424  0.0075  0.0000  0.0165  0.0000  0.0000  0.0000
 0.0004  0.0000  0.0001  0.0001  0.0001  1.0000  0.0001  0.0001  0.0167  0.0001  0.1500  0.0552  0.0001  0.0002  0.0002  0.0001  0.0001  0.0002  0.0011  0.0004  0.0000  0.0069  0.0000  0.0000  0.0000
 0.0458  0.0000  0.0033  0.1511  0.5405  0.0031  0.0231  0.0883  0.0114  0.3469  0.0183  0.0210  1.0000  0.0166  0.2989  0.0834  0.2400  0.1360  0.0337  0.0011  0.0000  0.0259  0.0000  0.0000  0.0000
 0.0008  0.0000  0.0000  1.0000  0.1130  0.0001  0.0007  0.0117  0.0001  0.0008  0.0002  0.0001  0.0124  0.0005  0.0652  0.0003  0.0007  0.0186  0.0002  0.0000  0.0000  0.0001  0.0000  0.0000  0.0000
 0.0004  0.0000  0.0001  0.0001  0.0001  0.1355  0.0002  0.0000  0.2145  0.0002  0.0432  0.0104  0.0001  0.0001  0.0001  0.0001  0.0002  0.0004  1.0000  0.0001  0.0000  0.0003  0.0000  0.0000  0.0000
 0.0003  0.0000  0.0005  0.0005  0.0003  0.0003  0.0012  0.0060  0.0002  0.0002  0.0004  0.0001  0.0003  0.0005  0.0002  0.0004  0.0002  0.0003  0.0003  0.0002  0.0000  1.0000  0.0000  0.0000  0.0000
 0.0020  0.0000  0.0005  0.0003  0.0005  0.3855  0.0005  0.0004  0.8754  0.0007  1.0000  0.1534  0.0005  0.0008  0.0010  0.0007  0.0073  0.0013  0.0602  0.0006  0.0000  0.0007  0.0000  0.0000  0.0000
 0.1537  0.0000  0.0002  0.0002  0.0002  0.0048  0.0127  0.0000  0.0796  0.0002  0.0026  0.0141  0.0002  0.0003  0.0001  0.0002  0.0094  0.0070  1.0000  0.0001  0.0000  0.0003  0.0000  0.0000  0.0000
 0.1611  0.0000  0.0351  0.0661  0.0479  0.0531  0.0523  0.0423  0.0579  0.0671  0.0671  0.1345  0.1309  0.0751  0.1363  0.0503  0.5128  1.0000  0.0855  0.0177  0.0000  0.3160  0.0000  0.0000  0.0000
 0.0098  0.0000  0.0268  0.1301  1.0000  0.0018  0.0285  0.2728  0.0013  0.0123  0.0024  0.0279  0.0694  0.2209  0.0089  0.0061  0.0313  0.0598  0.0022  0.0009  0.0000  0.0043  0.0000  0.0000  0.0000
 0.0002  0.0000  0.0001  0.0000  0.0001  0.1050  0.0000  0.0000  0.0006  0.0000  1.0000  0.0003  0.0000  0.0001  0.0000  0.0000  0.0061  0.0001  0.0005  0.0009  0.0000  0.0170  0.0000  0.0000  0.0000
 0.0004  0.0000  0.0001  0.0000  0.0001  0.0009  0.0001  0.0001  0.0017  0.0001  0.1244  1.0000  0.0001  0.0001  0.0548  0.0001  0.0001  0.0002  0.0187  0.0001  0.0000  0.0001  0.0000  0.0000  0.0000
 0.0644  0.0000  0.0008  1.0000  0.3774  0.0031  0.8206  0.0090  0.0040  0.0341  0.0074  0.0031  0.0204  0.0205  0.1216  0.0202  0.0197  0.0153  0.0077  0.0015  0.0000  0.0046  0.0000  0.0000  0.0000
 0.3230  0.0000  0.0003  0.0005  0.0003  0.0001  0.0005  0.0002  0.0096  0.0005  0.0004  0.0002  0.0010  0.0007  0.0210  0.0003  0.0379  1.0000  0.0007  0.0001  0.0000  0.0002  0.0000  0.0000  0.0000
 0.0000  0.0000  0.0000  1.0000  0.0000  0.0000  0.0000  0.0000  0.0000  0.0000  0.0000  0.0000  0.0000  0.0000  0.0000  0.0000  0.0000  0.0000  0.0000  0.0000  0.0000  0.0000  0.0000  0.0000  0.0000
 0.0002  0.0000  0.0001  0.0000  0.0001  0.0006  0.0000  0.0000  0.0011  0.0001  1.0000  0.0421  0.0001  0.0001  0.0001  0.0001  0.0001  0.0001  0.0006  0.0001  0.0000  0.0001  0.0000  0.0000  0.0000
 0.0022  0.0000  0.0168  0.0112  0.0032  0.0005  0.1003  1.0000  0.0002  0.0031  0.0005  0.0002  0.4378  0.0018  0.0775  0.0016  0.0334  0.0024  0.0004  0.0002  0.0000  0.0877  0.0000  0.0000  0.0000
 0.0085  0.0000  0.0009  0.0043  0.0119  0.0018  0.0236  0.2000  0.0035  0.4317  0.0082  0.0027  0.6122  0.0067  1.0000  0.6167  0.0429  0.0376  0.0046  0.0013  0.0000  0.0039  0.0000  0.0000  0.0000
 0.0003  0.0000  0.0001  0.0001  0.0001  0.0005  0.0001  0.0000  1.0000  0.0001  0.3177  0.0005  0.0001  0.0001  0.0001  0.0001  0.0001  0.0003  0.0990  0.0001  0.0000  0.0002  0.0000  0.0000  0.0000
 0.0006  0.0000  0.0002  0.0001  0.0002  0.0097  0.0002  0.0000  1.0000  0.0002  0.4373  0.1791  0.0002  0.0002  0.0002  0.0002  0.0002  0.0117  0.2141  0.0001  0.0000  0.0004  0.0000  0.0000  0.0000
 0.0050  0.0000  0.0042  0.0013  0.0064  0.0017  0.0958  0.0346  0.0023  0.7553  0.0051  0.0058  0.0286  0.0036  0.0792  1.0000  0.0123  0.2637  0.0030  0.0009  0.0000  0.0273  0.0000  0.0000  0.0000
 0.0223  0.0000  0.1886  0.0095  0.0086  0.0316  0.0094  0.0741  0.0396  0.0117  0.0153  0.1344  0.0164  0.0107  0.0384  0.0369  1.0000  0.4293  0.0157  0.0041  0.0000  0.0187  0.0000  0.0000  0.0000
 0.0006  0.0000  0.0001  0.0002  0.0865  0.0001  0.0004  0.0092  0.0002  0.0235  0.0006  0.0002  0.0006  0.0005  1.0000  0.1936  0.0005  0.0006  0.0003  0.0001  0.0000  0.0003  0.0000  0.0000  0.0000
 0.4653  0.0000  0.0081  0.1872  0.2861  0.0075  0.3090  0.1574  0.0283  0.6064  0.0524  0.0160  0.1360  1.0000  0.1958  0.3691  0.2332  0.2319  0.0979  0.0026  0.0000  0.0057  0.0000  0.0000  0.0000
 0.0002  0.0000  0.0001  0.0000  0.0001  0.0392  0.0000  0.0000  0.0012  0.0001  1.0000  0.0041  0.0001  0.0001  0.0001  0.0001  0.0001  0.0001  0.0006  0.0001  0.0000  0.0001  0.0000  0.0000  0.0000
 0.0030  0.0000  0.0006  0.0018  0.2699  0.0003  0.0126  0.0005  0.0108  0.0014  0.0009  0.0005  0.0683  0.0016  0.0011  0.0085  1.0000  0.5031  0.0014  0.0002  0.0000  0.0004  0.0000  0.0000  0.0000
 0.0045  0.0000  0.0002  1.0000  0.4691  0.0004  0.0024  0.0049  0.0009  0.2906  0.0015  0.0005  0.2240  0.0138  0.0149  0.0024  0.0342  0.0113  0.0207  0.0001  0.0000  0.0004  0.0000  0.0000  0.0000
 0.0017  0.0000  0.0000  1.0000  0.4230  0.0002  0.0008  0.0005  0.0002  0.0017  0.0004  0.0002  0.0261  0.0010  0.2474  0.0005  0.0010  0.0008  0.0004  0.0001  0.0000  0.0002  0.0000  0.0000  0.0000
 0.0027  0.0000  0.0003  0.0005  0.0037  0.1931  0.0019  1.0000  0.0012  0.0898  0.0027  0.0009  0.0026  0.0021  0.0063  0.0533  0.0022  0.0028  0.0212  0.0004  0.0000  0.0012  0.0000  0.0000  0.0000
 0.0580  0.0000  1.0000  0.0008  0.0025  0.0162  0.0002  0.0006  0.6771  0.0026  0.0233  0.0039  0.0012  0.0035  0.0019  0.0015  0.0638  0.0266  0.7942  0.0003  0.0000  0.0008  0.0000  0.0000  0.0000
 0.0008  0.0000  0.0475  0.0002  0.0011  0.0002  0.0006  0.0007  0.0004  0.0224  0.0008  0.0003  0.0008  0.0006  1.0000  0.0476  0.0007  0.0176  0.0005  0.0001  0.0000  0.0004  0.0000  0.0000  0.0000
 0.0002  0.0000  0.0001  0.0000  0.0001  0.4306  0.0000  0.0000  0.0005  0.0000  0.0011  0.0002  0.0000  0.0001  0.0000  0.0000  0.0001  0.0001  0.0004  0.0010  0.0000  1.0000  0.0000  0.0000  0.0000
 0.0007  0.0000  0.0003  0.0001  0.0002  1.0000  0.0002  0.0001  0.0028  0.0002  0.5552  0.0018  0.0001  0.0003  0.0003  0.0002  0.0003  0.0004  0.0017  0.0013  0.0000  0.0046  0.0000  0.0000  0.0000
 0.0018  0.0000  0.0004  0.0002  0.0004  0.0330  0.0003  0.0038  0.3249  0.0005  1.0000  0.0404  0.0004  0.0007  0.0008  0.0005  0.0005  0.0362  0.5532  0.0005  0.0000  0.0005  0.0000  0.0000  0.0000
 0.0001  0.0000  0.0001  0.0000  0.0000  0.0516  0.0000  0.0000  0.0003  0.0000  0.0006  0.0001  0.0000  0.0000  0.0000  0.0000  0.0001  0.0001  0.0002  0.0006  0.0000  1.0000  0.0000  0.0000  0.0000
 0.0000  0.0000  0.0000  0.0000  0.0000  0.0000  0.0000  0.0000  0.0000  0.0000  0.0000  0.0000  0.0000  0.0000  1.0000  0.0000  0.0000  0.0000  0.0000  0.0000  0.0000  0.0000  0.0000  0.0000  0.0000
 0.0010  0.0000  0.0003  0.0001  0.0002  0.0016  0.0003  0.0001  1.0000  0.0003  0.5063  0.1549  0.0002  0.0003  0.0003  0.0003  0.0003  0.0945  0.0655  0.0002  0.0000  0.0004  0.0000  0.0000  0.0000
 0.0002  0.0000  0.0001  0.0000  0.0001  0.0006  0.0000  0.0000  0.0011  0.0001  1.0000  0.0439  0.0001  0.0001  0.0001  0.0001  0.0001  0.0001  0.0006  0.0001  0.0000  0.0001  0.0000  0.0000  0.0000
 0.0004  0.0000  0.0072  0.0001  0.0005  0.0001  0.0003  0.0003  0.0001  0.0665  0.0003  0.0001  0.0003  0.0003  0.0008  1.0000  0.0003  0.0004  0.0002  0.0001  0.0000  0.0001  0.0000  0.0000  0.0000
 0.0675  0.0000  0.0002  0.0002  0.0002  0.0001  1.0000  0.0001  0.0001  0.0002  0.0002  0.0001  0.0002  0.0006  0.0002  0.0002  0.0010  0.0004  0.0003  0.0000  0.0000  0.0001  0.0000  0.0000  0.0000
 0.0002  0.0000  0.0001  0.0000  0.0001  0.0006  0.0000  0.0000  0.0115  0.0001  1.0000  0.0100  0.0001  0.0001  0.0001  0.0001  0.0001  0.0001  0.0006  0.0001  0.0000  0.0001  0.0000  0.0000  0.0000
 0.0003  0.0000  0.0000  0.0001  0.0004  0.0001  0.0004  0.0002  0.0001  1.0000  0.0003  0.0001  0.0003  0.0004  0.0006  0.0099  0.0002  0.0003  0.0002  0.0001  0.0000  0.0001  0.0000  0.0000  0.0000
 0.0525  0.0000  0.0003  0.0006  0.0004  0.0121  0.0016  0.0103  0.0003  0.0005  0.0008  0.0002  0.0006  0.0007  0.0003  0.0004  0.0014  0.0006  0.0006  0.0001  0.0000  1.0000  0.0000  0.0000  0.0000
 0.0003  0.0000  0.0001  0.0001  0.0001  0.0156  0.0002  0.0000  1.0000  0.0001  0.1342  0.0299  0.0001  0.0001  0.0001  0.0001  0.0001  0.0003  0.4684  0.0001  0.0000  0.0002  0.0000  0.0000  0.0000
 0.0000  0.0000  0.0000  0.0000  0.0000  0.0000  0.0000  1.0000  0.0000  0.0000  0.0000  0.0000  0.0000  0.0000  0.0000  0.0000  0.0000  0.0000  0.0000  0.0000  0.0000  0.0000  0.0000  0.0000  0.0000
 0.0268  0.0000  0.0002  0.0002  0.0002  0.0001  0.0007  0.0000  0.0001  0.0002  0.0002  0.0001  0.0003  0.0004  0.0002  0.0001  1.0000  0.0130  0.0003  0.0000  0.0000  0.0001  0.0000  0.0000  0.0000
 1.0000  0.0000  0.0105  0.0001  0.0002  0.0001  0.0011  0.0000  0.0002  0.0002  0.0002  0.0001  0.0001  0.0005  0.0001  0.0001  0.0010  0.0004  0.0067  0.0000  0.0000  0.0001  0.0000  0.0000  0.0000
 0.0469  0.0000  0.0009  0.1799  0.0261  0.0008  1.0000  0.0264  0.0004  0.0277  0.0009  0.0003  0.9447  0.0031  0.0167  0.0255  0.0099  0.0040  0.0007  0.0004  0.0000  0.0020  0.0000  0.0000  0.0000
 0.0002  0.0000  0.0001  0.0001  0.0001  0.0004  0.0001  0.0000  0.5430  0.0001  0.0190  0.0004  0.0001  0.0000  0.0000  0.0001  0.0001  0.0003  1.0000  0.0000  0.0000  0.0002  0.0000  0.0000  0.0000
 0.0007  0.0000  0.0002  0.0002  0.0002  0.0013  0.0003  0.0000  1.0000  0.0003  0.9747  0.0013  0.0002  0.0002  0.0001  0.0003  0.0003  0.0008  0.3585  0.0002  0.0000  0.0005  0.0000  0.0000  0.0000
 0.0000  0.0000  0.0000  0.0000  0.0000  0.0000  0.0000  1.0000  0.0000  0.0000  0.0000  0.0000  0.0000  0.0000  0.0000  0.0000  0.0000  0.0000  0.0000  0.0000  0.0000  0.0000  0.0000  0.0000  0.0000
 0.0003  0.0000  0.0002  0.0004  0.0003  0.0002  0.0010  0.0060  0.0002  0.0007  0.0004  0.0001  0.0003  0.0006  0.0003  1.0000  0.0002  0.0003  0.0002  0.0002  0.0000  0.0002  0.0000  0.0000  0.0000
 0.0000  0.0000  0.0000  1.0000  0.0000  0.0000  0.0000  0.0000  0.0000  0.0000  0.0000  0.0000  0.0000  0.0000  0.0000  0.0000  0.0000  0.0000  0.0000  0.0000  0.0000  0.0000  0.0000  0.0000  0.0000
 0.0002  0.0000  0.0001  0.0000  0.0001  0.0005  0.0001  0.0000  0.0036  0.0001  1.0000  0.0007  0.0001  0.0001  0.0001  0.0001  0.0001  0.0001  0.0005  0.0001  0.0000  0.0001  0.0000  0.0000  0.0000
 0.0003  0.0000  0.0000  0.0001  0.0004  0.0001  0.0004  0.0002  0.0001  1.0000  0.0003  0.0001  0.0003  0.0003  0.0006  0.0148  0.0002  0.0003  0.0002  0.0001  0.0000  0.0001  0.0000  0.0000  0.0000
 0.0000  0.0000  0.0000  0.0000  0.0000  0.0000  0.0000  0.0000  0.0000  0.0000  0.0000  0.0000  0.0000  1.0000  0.0000  0.0000  0.0000  0.0000  0.0000  0.0000  0.0000  0.0000  0.0000  0.0000  0.0000
 0.0029  0.0000  0.0110  0.0028  0.0010  0.0002  0.1692  0.0006  0.0003  0.0011  0.0005  0.0002  0.0214  0.0012  0.0008  0.0031  1.0000  0.0105  0.0007  0.0001  0.0000  0.0004  0.0000  0.0000  0.0000
 0.0004  0.0000  0.0001  0.0011  0.0003  0.0001  0.0010  0.0002  0.0001  0.0003  0.0001  0.0000  1.0000  0.0003  0.0002  0.0002  0.0033  0.0003  0.0001  0.0001  0.0000  0.0001  0.0000  0.0000  0.0000
 0.0005  0.0000  0.0001  0.0001  0.0001  0.0011  0.0001  0.0001  0.4591  0.0002  1.0000  0.0013  0.0001  0.0002  0.0002  0.0002  0.0002  0.0004  0.0443  0.0001  0.0000  0.0002  0.0000  0.0000  0.0000
 0.5547  0.0000  0.0026  0.0014  0.0024  0.0856  0.0060  0.0012  0.0278  0.0029  1.0000  0.0177  0.0019  0.0048  0.0034  0.0025  0.0142  0.0059  0.0288  0.0020  0.0000  0.0029  0.0000  0.0000  0.0000
 0.0007  0.0000  0.0002  0.0002  0.0002  0.0015  0.0003  0.0001  0.3163  0.0003  0.9106  0.0152  0.0002  0.0002  0.0002  0.0003  0.0003  0.0007  1.0000  0.0002  0.0000  0.0005  0.0000  0.0000  0.0000
 0.0003  0.0000  0.0001  0.0167  0.0004  0.0001  0.0010  0.0003  0.0000  0.0036  0.0001  0.0000  1.0000  0.0002  0.0003  0.0002  0.0110  0.0003  0.0000  0.0000  0.0000  0.0001  0.0000  0.0000  0.0000
 0.8615  0.0000  0.0150  0.0595  1.0000  0.0072  0.0952  0.0073  0.0095  0.0326  0.0182  0.0084  0.0219  0.0468  0.0509  0.0157  0.1531  0.1403  0.0286  0.0029  0.0000  0.0067  0.0000  0.0000  0.0000
 0.0009  0.0000  0.0002  0.6129  0.0012  0.0002  0.0029  0.0009  0.0001  0.0244  0.0002  0.0001  1.0000  0.0007  0.0008  0.0006  0.0447  0.0754  0.0002  0.0001  0.0000  0.0004  0.0000  0.0000  0.0000
 0.0000  0.0000  1.0000  0.0000  0.0000  0.0000  0.0000  0.0000  0.0000  0.0000  0.0000  0.0000  0.0000  0.0000  0.0000  0.0000  0.0000  0.0000  0.0000  0.0000  0.0000  0.0000  0.0000  0.0000  0.0000
 0.0012  0.0000  0.0000  1.0000  0.5510  0.0001  0.0004  0.0003  0.0001  0.0012  0.0149  0.0001  0.0005  0.0007  0.0099  0.0003  0.0006  0.0005  0.0003  0.0001  0.0000  0.0001  0.0000  0.0000  0.0000
 0.0000  0.0000  0.0000  0.0000  0.0000  0.0000  0.0000  0.0000  0.0000  0.0000  1.0000  0.0000  0.0000  0.0000  0.0000  0.0000  0.0000  0.0000  0.0000  0.0000  0.0000  0.0000  0.0000  0.0000  0.0000
 0.0003  0.0000  0.0000  0.0001  0.0005  0.0001  0.0003  0.0003  0.0001  1.0000  0.0003  0.0001  0.0003  0.0003  0.0007  0.1280  0.0003  0.0003  0.0002  0.0001  0.0000  0.0001  0.0000  0.0000  0.0000
 0.0001  0.0000  0.0000  0.0000  0.0000  0.0002  0.0001  0.0000  1.0000  0.0001  0.0093  0.0002  0.0000  0.0000  0.0000  0.0000  0.0001  0.0002  0.0549  0.0000  0.0000  0.0001  0.0000  0.0000  0.0000
 0.1414  0.0000  1.0000  0.0056  0.0178  0.0052  0.1781  0.0015  0.0311  0.0076  0.6963  0.0063  0.0050  0.0190  0.0055  0.0056  0.0389  0.0261  0.0148  0.0013  0.0000  0.0026  0.0000  0.0000  0.0000
 0.0003  0.0000  0.0001  1.0000  0.0004  0.0001  0.0093  0.0003  0.0001  0.0004  0.0001  0.0000  0.0014  0.0003  0.0003  0.0002  0.0007  0.0003  0.0001  0.0001  0.0000  0.0034  0.0000  0.0000  0.0000
 0.0001  0.0000  0.0001  0.0000  0.0000  1.0000  0.0001  0.0000  0.0003  0.0000  0.0102  0.0002  0.0000  0.0001  0.0000  0.0000  0.0001  0.0001  0.0003  0.0005  0.0000  0.0021  0.0000  0.0000  0.0000
 0.0004  0.0000  0.0003  0.0005  0.0003  0.0002  1.0000  0.0002  0.0002  0.0003  0.0004  0.0001  0.0003  0.0007  0.0002  0.0004  0.0003  0.0003  0.0003  0.0040  0.0000  0.0003  0.0000  0.0000  0.0000
 0.0000  0.0000  0.0000  0.0000  0.0000  0.0000  0.0000  0.0000  0.0000  0.0000  1.0000  0.0000  0.0000  0.0000  0.0000  0.0000  0.0000  0.0000  0.0000  0.0000  0.0000  0.0000  0.0000  0.0000  0.0000
 1.0000  0.0000  0.0002  0.0001  0.0002  0.0001  0.0011  0.0000  0.0001  0.0002  0.0002  0.0001  0.0001  0.0005  0.0001  0.0001  0.0120  0.0003  0.0003  0.0000  0.0000  0.0001  0.0000  0.0000  0.0000
 0.0004  0.0000  0.0000  0.0001  0.0004  0.0001  0.0004  0.0002  0.0001  0.0016  0.0003  0.0001  0.0003  0.0035  0.0031  1.0000  0.0003  0.0003  0.0002  0.0001  0.0000  0.0001  0.0000  0.0000  0.0000
 0.7489  0.0000  0.1810  0.3971  0.5828  0.6596  0.4462  0.7364  0.6283  0.5943  0.7425  0.2467  0.4504  0.5134  0.6179  0.4952  0.7284  1.0000  0.7203  0.1751  0.0000  0.9291  0.0000  0.0000  0.0000
 0.4765  0.0000  0.0093  0.0266  0.0431  0.0011  0.0449  0.0027  0.0041  0.0682  0.0183  0.0023  0.1217  0.0060  0.3491  0.0171  0.1702  1.0000  0.0674  0.0004  0.0000  0.0008  0.0000  0.0000  0.0000
 0.0966  0.0000  0.0007  1.0000  0.2455  0.0006  0.0208  0.0016  0.0023  0.0470  0.0037  0.0124  0.1520  0.0034  0.0073  0.0160  0.5981  0.0740  0.0035  0.0002  0.0000  0.0005  0.0000  0.0000  0.0000
 0.2456  0.0000  0.0097  0.3941  1.0000  0.0416  0.0648  0.0235  0.0327  0.1555  0.0527  0.0186  0.1487  0.4927  0.1814  0.0869  0.3926  0.2361  0.0726  0.0039  0.0000  0.0225  0.0000  0.0000  0.0000
 0.0987  0.0000  0.0054  0.1898  1.0000  0.2051  0.0451  0.0177  0.0191  0.1783  0.0311  0.0114  0.1492  0.0403  0.4432  0.0510  0.1836  0.5637  0.0304  0.0028  0.0000  0.0072  0.0000  0.0000  0.0000
 0.0002  0.0000  0.0001  0.0000  0.0001  0.0006  0.0000  0.0000  0.0012  0.0001  0.0754  1.0000  0.0001  0.0001  0.0001  0.0001  0.0001  0.0001  0.0075  0.0001  0.0000  0.0001  0.0000  0.0000  0.0000
 0.0006  0.0000  0.0002  0.0003  0.0002  0.0002  0.0006  0.0001  0.0002  0.0002  0.0003  0.0136  0.0003  0.0004  0.0002  0.0002  0.0011  1.0000  0.0003  0.0001  0.0000  0.0002  0.0000  0.0000  0.0000
 0.1153  0.0000  0.0073  0.1291  1.0000  0.0065  0.8163  0.0129  0.0080  0.0519  0.0160  0.0069  0.0297  0.0430  0.0682  0.0174  0.0577  0.0310  0.0205  0.0029  0.0000  0.0078  0.0000  0.0000  0.0000
 0.0000  0.0000  0.0000  0.0000  0.0000  0.0000  0.0000  0.0000  0.0000  0.0000  0.0000  0.0000  0.0000  0.0000  0.0000  0.0000  0.0000  0.0000  0.0000  0.0000  0.0000  1.0000  0.0000  0.0000  0.0000
 0.0043  0.0000  0.0002  0.0001  0.0002  0.0001  0.0005  0.0001  0.0006  0.0002  0.0005  0.0002  0.0001  0.0003  0.0001  0.0001  0.0004  0.0005  1.0000  0.0001  0.0000  0.0001  0.0000  0.0000  0.0000
 0.7747  0.0000  0.0083  0.0053  0.0071  0.0075  0.0376  0.0014  0.0112  0.0077  0.0122  0.0048  0.0048  0.0185  0.0054  0.0053  0.3216  0.0180  1.0000  0.0011  0.0000  0.0024  0.0000  0.0000  0.0000
 0.0000  0.0000  0.0000  0.0000  0.0000  0.0000  0.0000  0.0000  0.0000  0.0000  0.0000  0.0000  0.0000  0.0000  0.0000  0.0000  0.0000  1.0000  0.0000  0.0000  0.0000  0.0000  0.0000  0.0000  0.0000
 0.0000  0.0000  0.0000  0.0000  0.0000  0.0000  0.0000  0.0000  0.0000  0.0000  0.0000  0.0000  0.0000  0.0000  0.0000  1.0000  0.0000  0.0000  0.0000  0.0000  0.0000  0.0000  0.0000  0.0000  0.0000
 0.0002  0.0000  0.0001  0.0001  0.0001  0.0034  0.0001  0.0000  0.0003  0.0000  0.0008  0.0002  0.0000  0.0001  0.0000  0.0000  0.0001  0.0001  0.0003  1.0000  0.0000  0.1962  0.0000  0.0000  0.0000
 0.0003  0.0000  0.0005  0.0005  0.0003  0.0003  0.0012  0.0067  0.0002  0.0002  0.0004  0.0001  0.0003  0.0005  0.0002  0.0004  0.0002  0.0003  0.0003  0.0167  0.0000  1.0000  0.0000  0.0000  0.0000
 0.0000  0.0000  0.0000  0.0000  0.0000  0.0000  0.0000  0.0000  0.0000  0.0000  0.0000  0.0000  0.0000  0.0000  0.0000  1.0000  0.0000  0.0000  0.0000  0.0000  0.0000  0.0000  0.0000  0.0000  0.0000
 1.0000  0.0000  0.0002  0.0002  0.0002  0.0001  0.0032  0.0000  0.0001  0.0002  0.0002  0.0001  0.0001  0.0153  0.0001  0.0002  0.0011  0.0004  0.0004  0.0000  0.0000  0.0001  0.0000  0.0000  0.0000
 0.0000  0.0000  0.0000  0.0000  0.0000  0.0000  0.0000  0.0000  0.0000  0.0000  0.0000  0.0000  0.0000  1.0000  0.0000  0.0000  0.0000  0.0000  0.0000  0.0000  0.0000  0.0000  0.0000  0.0000  0.0000
 0.0005  0.0000  0.0000  0.0012  1.0000  0.0000  0.0039  0.0001  0.0001  0.0005  0.0001  0.0000  0.0002  0.0003  0.0045  0.0001  0.0003  0.0002  0.0001  0.0000  0.0000  0.0001  0.0000  0.0000  0.0000
 0.0008  0.0000  0.0002  0.0001  0.0002  0.0013  0.0002  0.0001  1.0000  0.0003  0.7746  0.0015  0.0002  0.0043  0.0002  0.0002  0.0003  0.0008  0.2257  0.0002  0.0000  0.0004  0.0000  0.0000  0.0000
 0.0007  0.0000  0.0002  0.0001  0.0002  0.0020  0.0001  0.0001  0.2252  0.0003  0.8029  1.0000  0.0002  0.0003  0.0004  0.0003  0.0002  0.0004  0.0109  0.0002  0.0000  0.0003  0.0000  0.0000  0.0000
 0.0002  0.0000  0.0001  0.0000  0.0001  0.0159  0.0001  0.0000  0.0009  0.0001  1.0000  0.0006  0.0000  0.0001  0.0001  0.0001  0.0001  0.0001  0.0005  0.0001  0.0000  0.0004  0.0000  0.0000  0.0000
 0.0046  0.0000  0.0730  0.0024  0.0014  0.0005  0.0016  0.0007  0.0014  0.0020  0.0013  0.0007  1.0000  0.0024  0.0015  0.0012  0.1947  0.3185  0.0022  0.0003  0.0000  0.0006  0.0000  0.0000  0.0000
 0.0254  0.0000  0.4418  0.0034  0.0044  0.3728  0.0092  0.0004  0.0277  0.0014  0.0669  0.0138  0.0015  0.0081  0.0011  0.0011  0.3939  0.0123  0.0272  1.0000  0.0000  0.2483  0.0000  0.0000  0.0000
 0.7365  0.0000  0.0512  0.6624  0.9975  0.0480  0.3648  0.1172  0.1791  0.9902  0.2891  0.4788  0.4852  0.2642  0.7278  0.5174  1.0000  0.5852  0.2732  0.0167  0.0000  0.0369  0.0000  0.0000  0.0000
 0.1030  0.0000  0.0065  0.4741  0.7747  0.0066  0.1964  1.0000  0.0211  0.5851  0.0346  0.0122  0.2008  0.0342  0.1777  0.1162  0.0883  0.0828  0.0323  0.0024  0.0000  0.0151  0.0000  0.0000  0.0000
 0.0000  0.0000  0.0000  0.0000  0.0000  0.0000  0.0000  0.0000  0.0000  0.0000  0.0000  0.0000  0.0000  0.0000  0.0000  0.0000  0.0000  0.0000  0.0000  0.0000  0.0000  1.0000  0.0000  0.0000  0.0000
 0.0165  0.0000  0.0039  0.3628  0.0216  0.0032  0.1844  0.0157  0.0021  0.0212  0.0038  0.0015  0.5604  0.0127  0.0323  0.0108  0.1265  1.0000  0.0035  0.0017  0.0000  0.0081  0.0000  0.0000  0.0000
 1.0000  0.0000  0.0451  0.5357  0.8493  0.0421  0.3393  0.1022  0.1575  0.9655  0.2539  0.1414  0.4326  0.2312  0.9165  0.4412  0.7019  0.6093  0.4380  0.0145  0.0000  0.0320  0.0000  0.0000  0.0000
 1.0000  0.0000  0.0020  0.0119  0.3200  0.0013  0.0055  0.0019  0.0030  0.0466  0.0034  0.0017  0.0079  0.0068  0.0192  0.0040  0.2647  0.8244  0.0052  0.0007  0.0000  0.0015  0.0000  0.0000  0.0000
 0.0057  0.0000  0.0002  0.0001  0.0002  0.0005  0.0002  0.0000  1.0000  0.0002  0.0028  0.0005  0.0001  0.0002  0.0001  0.0002  0.0002  0.0008  0.9994  0.0001  0.0000  0.0002  0.0000  0.0000  0.0000
 0.0000  0.0000  0.0000  1.0000  0.0000  0.0000  0.0000  0.0000  0.0000  0.0000  0.0000  0.0000  0.0000  0.0000  0.0000  0.0000  0.0000  0.0000  0.0000  0.0000  0.0000  0.0000  0.0000  0.0000  0.0000
 0.0003  0.0000  0.0001  0.0001  0.0001  0.0005  0.0002  0.0000  1.0000  0.0001  0.0431  0.0736  0.0001  0.0001  0.0000  0.0001  0.0001  0.0004  0.5489  0.0001  0.0000  0.0002  0.0000  0.0000  0.0000
 0.0000  0.0000  0.0000  0.0000  0.0000  0.0000  0.0000  0.0000  0.0000  0.0000  0.0000  0.0000  0.0000  0.0000  0.0000  0.0000  0.0000  0.0000  0.0000  1.0000  0.0000  0.0000  0.0000  0.0000  0.0000
 0.0007  0.0000  0.0001  0.0002  0.0002  0.0001  0.0003  0.0001  0.0001  0.0002  0.0002  0.0001  0.0004  0.0003  0.0002  0.0001  1.0000  0.0170  0.0002  0.0000  0.0000  0.0001  0.0000  0.0000  0.0000
 0.1553  0.0000  0.0005  0.0001  0.0004  0.0002  0.0000  0.0001  0.0167  0.0004  0.0017  0.0005  0.0002  0.0005  0.0003  0.0002  0.0004  0.0322  1.0000  0.0000  0.0000  0.0001  0.0000  0.0000  0.0000
 0.0081  0.0000  0.0033  0.0002  0.0002  0.0001  1.0000  0.0000  0.0001  0.0002  0.0002  0.0001  0.0001  0.0005  0.0001  0.0001  0.0010  0.0003  0.0003  0.0000  0.0000  0.0001  0.0000  0.0000  0.0000
 0.0000  0.0000  1.0000  0.0000  0.0000  0.0000  0.0000  0.0000  0.0000  0.0000  0.0000  0.0000  0.0000  0.0000  0.0000  0.0000  0.0000  0.0000  0.0000  0.0000  0.0000  0.0000  0.0000  0.0000  0.0000
 0.0002  0.0000  0.0001  0.0001  0.0001  0.0002  0.0002  0.0000  1.0000  0.0001  0.0010  0.0002  0.0001  0.0001  0.0001  0.0001  0.0001  0.0002  0.0068  0.0001  0.0000  0.0001  0.0000  0.0000  0.0000
 0.0034  0.0000  0.0010  0.0004  0.0009  1.0000  0.0007  0.0006  0.0158  0.0010  0.5930  0.8002  0.0007  0.0014  0.0015  0.0010  0.0049  0.0020  0.0216  0.0032  0.0000  0.0283  0.0000  0.0000  0.0000
 1.0000  0.0000  0.0022  0.0016  0.0020  0.0009  0.1523  0.0004  0.0086  0.0021  0.0054  0.2558  0.0014  0.0055  0.0015  0.0015  0.0310  0.0038  0.0037  0.0003  0.0000  0.0006  0.0000  0.0000  0.0000
 0.0004  0.0000  0.0000  0.0056  1.0000  0.0001  0.0003  0.0001  0.0001  0.0004  0.0001  0.0000  0.0002  0.0003  0.0005  0.0002  0.0002  0.0002  0.0001  0.0000  0.0000  0.0001  0.0000  0.0000  0.0000
 0.0009  0.0000  0.0002  0.0001  0.0002  0.0021  0.0002  0.0002  0.2641  0.0003  1.0000  0.7826  0.0002  0.0003  0.0004  0.0003  0.0002  0.0165  0.0151  0.0002  0.0000  0.0003  0.0000  0.0000  0.0000
 0.0005  0.0000  0.0001  0.0001  0.0001  0.0012  0.0001  0.0001  0.2764  0.0002  1.0000  0.2903  0.0001  0.0002  0.0002  0.0002  0.0002  0.0036  0.0693  0.0001  0.0000  0.0095  0.0000  0.0000  0.0000
 0.2524  0.0000  0.0356  0.3519  0.5798  0.0152  0.3871  0.0371  0.0632  0.3582  0.1030  0.0408  0.3512  0.0838  0.2495  0.1976  0.3794  1.0000  0.0871  0.0052  0.0000  0.0115  0.0000  0.0000  0.0000
 0.0637  0.0000  0.0114  0.1891  0.0774  0.0112  1.0000  0.0544  0.0111  0.1901  0.0258  0.0089  0.3045  0.0450  0.0747  0.8341  0.1497  0.0586  0.0171  0.0066  0.0000  0.0277  0.0000  0.0000  0.0000
 0.0103  0.0000  0.0001  0.0003  0.1918  0.0002  0.0007  0.0009  0.0004  1.0000  0.0010  0.0003  0.0010  0.0008  0.1219  0.3605  0.0097  0.0292  0.0006  0.0002  0.0000  0.0005  0.0000  0.0000  0.0000
 0.0725  0.0000  0.0013  0.0004  0.0010  0.0007  0.0003  0.0003  0.0147  0.0010  0.0044  0.0013  0.0005  1.0000  0.0008  0.0006  0.0015  0.3620  0.0666  0.0001  0.0000  0.0002  0.0000  0.0000  0.0000
 0.0003  0.0000  0.0001  0.0000  0.0001  0.0007  0.0001  0.0000  0.0923  0.0001  1.0000  0.0008  0.0001  0.0001  0.0001  0.0001  0.0001  0.0002  0.0120  0.0001  0.0000  0.0001  0.0000  0.0000  0.0000
 0.0001  0.0000  0.0001  0.0000  0.0000  1.0000  0.0000  0.0000  0.0004  0.0000  0.0050  0.0002  0.0000  0.0001  0.0000  0.0000  0.0001  0.0001  0.0046  0.0005  0.0000  0.0019  0.0000  0.0000  0.0000
 0.0265  0.0000  0.0002  0.0002  0.0005  0.0001  0.0034  0.0003  0.0002  0.0923  0.0004  0.0001  0.0004  1.0000  0.0149  0.0054  0.0058  0.0005  0.0004  0.0001  0.0000  0.0002  0.0000  0.0000  0.0000
 0.0005  0.0000  0.0002  0.0005  0.0003  0.0002  1.0000  0.0002  0.0002  0.0004  0.0004  0.0001  0.0003  0.0008  0.0002  0.0047  0.0003  0.0003  0.0002  0.0002  0.0000  0.0002  0.0000  0.0000  0.0000
 0.0246  0.0000  0.0019  0.0368  0.0057  0.0011  0.0042  0.0021  0.0237  1.0000  0.0037  0.0017  0.1943  0.0054  0.0058  0.4070  0.2048  0.4600  0.0049  0.0007  0.0000  0.0015  0.0000  0.0000  0.0000
 0.0005  0.0000  0.0001  1.0000  0.0531  0.0001  0.0011  0.0471  0.0001  0.0006  0.0001  0.0000  0.0123  0.0003  0.0005  0.0003  0.0009  0.0004  0.0001  0.0000  0.0000  0.0002  0.0000  0.0000  0.0000
 0.0020  0.0000  0.0862  0.0080  0.0024  0.0004  0.0058  1.0000  0.0002  0.0023  0.0005  0.0002  0.0150  0.0014  0.0016  0.0012  0.0321  0.0021  0.0004  0.0002  0.0000  0.7213  0.0000  0.0000  0.0000
 0.0246  0.0000  0.0012  0.0003  0.0009  0.0041  0.0003  0.1091  0.7920  0.0011  0.4117  0.0555  0.0006  0.0014  0.0012  0.0008  0.0010  0.0036  1.0000  0.0005  0.0000  0.0006  0.0000  0.0000  0.0000
 0.0124  0.0000  0.0027  0.7433  0.0453  0.0024  0.0403  1.0000  0.0013  0.0171  0.0027  0.0010  0.4459  0.0098  0.1497  0.0083  0.0456  0.0123  0.0021  0.0012  0.0000  0.0062  0.0000  0.0000  0.0000
 0.0003  0.0000  0.0000  0.0002  0.0004  0.0001  0.0004  0.0034  0.0001  0.0072  0.0003  0.0001  0.0004  0.0003  1.0000  0.0013  0.0003  0.0003  0.0001  0.0001  0.0000  0.0001  0.0000  0.0000  0.0000
 0.0005  0.0000  0.0001  0.0001  0.0001  0.1919  0.0001  0.0001  0.0340  0.0002  1.0000  0.0923  0.0001  0.0002  0.0003  0.0002  0.0001  0.0003  0.0014  0.0002  0.0000  0.0002  0.0000  0.0000  0.0000
 0.0965  0.0000  0.0062  0.0661  0.1110  0.0063  0.0836  0.0170  0.0217  1.0000  0.0483  0.0282  0.6086  0.0326  0.2082  0.9960  0.7917  0.7837  0.0415  0.0026  0.0000  0.0063  0.0000  0.0000  0.0000
 0.0232  0.0000  0.0023  0.0043  0.1028  0.0054  0.0163  0.0840  0.2969  0.1976  1.0000  0.0201  0.0222  0.0180  0.1764  0.3837  0.0282  0.0247  0.0134  0.0037  0.0000  0.0110  0.0000  0.0000  0.0000
 0.0003  0.0000  0.0001  0.0000  0.0001  0.0004  0.0001  0.0000  1.0000  0.0001  0.1250  0.0004  0.0001  0.0001  0.0001  0.0001  0.0001  0.0068  0.0140  0.0000  0.0000  0.0001  0.0000  0.0000  0.0000
 0.3525  0.0000  0.0913  0.0165  0.0519  0.0519  0.0018  0.0138  0.5219  0.0521  0.7697  0.6701  0.0358  0.0737  0.0404  0.0299  0.0512  1.0000  0.8575  0.0078  0.0000  0.0131  0.0000  0.0000  0.0000
 0.0458  0.0000  0.0009  0.1701  1.0000  0.0065  0.0697  0.0019  0.0030  0.2105  0.0048  0.0161  0.1679  0.0044  0.0579  0.1137  0.0656  0.0180  0.0046  0.0003  0.0000  0.0006  0.0000  0.0000  0.0000
 0.0012  0.0000  0.0004  0.0002  0.0003  0.0282  0.0004  0.0001  0.2458  0.0207  1.0000  0.0491  0.0003  0.0003  0.0003  0.0004  0.0004  0.0389  0.5229  0.0003  0.0000  0.0006  0.0000  0.0000  0.0000
 0.0269  0.0000  0.0359  0.0006  0.0018  0.0018  0.0002  0.0004  0.5667  0.0018  1.0000  0.0030  0.0009  0.0025  0.0013  0.0011  0.0018  0.3206  0.3340  0.0003  0.0000  0.0006  0.0000  0.0000  0.0000
 0.0073  0.0000  0.0002  0.0002  0.0002  0.0001  1.0000  0.0001  0.0001  0.0002  0.0002  0.0001  0.0002  0.0005  0.0001  0.0002  0.0008  0.0003  0.0003  0.0001  0.0000  0.0001  0.0000  0.0000  0.0000
 0.0134  0.0000  0.0172  0.0008  0.0005  0.0002  0.0005  0.0090  0.0099  0.0208  0.0006  0.0003  0.0046  0.0101  0.0006  0.0005  0.5298  1.0000  0.0649  0.0001  0.0000  0.0002  0.0000  0.0000  0.0000
 0.0020  0.0000  0.0002  0.0004  0.0005  0.0002  0.0015  0.0002  0.0003  0.0006  0.0008  0.0206  0.0003  1.0000  0.0291  0.0005  0.0010  0.0005  0.0005  0.0001  0.0000  0.0001  0.0000  0.0000  0.0000
 0.2596  0.0000  0.0724  0.9154  0.3615  0.0192  0.3451  0.0251  0.0387  0.2424  0.0625  0.0219  0.4190  0.9593  0.1456  0.1953  1.0000  0.7278  0.0591  0.0036  0.0000  0.0078  0.0000  0.0000  0.0000
 0.2960  0.0000  0.0035  1.0000  0.9655  0.0033  0.0428  0.0080  0.0123  0.1493  0.0830  0.0843  0.0412  0.1989  0.2138  0.0467  0.1446  0.0696  0.0352  0.0011  0.0000  0.0025  0.0000  0.0000  0.0000
 0.3958  0.0000  0.0034  0.7061  1.0000  0.0089  0.0467  0.0298  0.0116  0.0684  0.0188  0.0066  0.0348  0.0311  0.0357  0.0550  0.4278  0.1223  0.0176  0.0012  0.0000  0.0240  0.0000  0.0000  0.0000
 0.3963  0.0000  0.0867  0.0742  0.0958  0.1818  0.0375  0.0577  0.6435  0.0828  0.6864  0.1697  0.0552  0.0965  0.0728  0.0639  0.1061  0.2869  1.0000  0.0281  0.0000  0.0989  0.0000  0.0000  0.0000
 0.0008  0.0000  0.0002  0.0001  0.0002  0.0504  0.0002  0.0001  0.3978  0.0003  1.0000  0.1730  0.0002  0.0003  0.0003  0.0003  0.0003  0.0006  0.1811  0.0002  0.0000  0.0450  0.0000  0.0000  0.0000
 0.5795  0.0000  0.0598  0.5986  1.0000  0.0286  0.9601  0.1524  0.1009  0.7006  0.2206  0.1013  0.5554  0.1470  0.7862  0.3563  0.5683  0.3420  0.1725  0.0097  0.0000  0.1766  0.0000  0.0000  0.0000
 0.6496  0.0000  0.1145  0.4523  0.7337  0.5105  0.3560  0.2280  0.2251  1.0000  0.3803  0.1284  0.4192  0.2420  0.4845  0.5578  0.6117  0.6232  0.3183  0.0603  0.0000  0.2836  0.0000  0.0000  0.0000
 0.0005  0.0000  0.0002  0.0001  0.0001  0.0081  0.0002  0.0001  1.0000  0.0002  0.4826  0.0653  0.0001  0.0002  0.0002  0.0002  0.0002  0.0221  0.1231  0.0001  0.0000  0.0003  0.0000  0.0000  0.0000
 0.7914  0.0000  0.1845  0.6876  1.0000  0.0484  0.3809  0.1323  0.2410  0.9848  0.3051  0.1029  0.5210  0.2957  0.6786  0.7658  0.9062  0.6350  0.2910  0.0167  0.0000  0.0367  0.0000  0.0000  0.0000
 0.0013  0.0000  0.0003  0.0662  0.0012  0.0002  0.0026  0.0008  0.0003  0.0012  0.0003  0.0002  0.3488  0.0009  0.0008  0.0006  1.0000  0.0270  0.0004  0.0001  0.0000  0.0004  0.0000  0.0000  0.0000
 0.0506  0.0000  0.0011  0.3631  1.0000  0.0010  0.0115  0.0541  0.0494  0.1273  0.0170  0.0193  0.0571  0.1045  0.0748  0.0889  0.0147  0.0281  0.0155  0.0003  0.0000  0.0008  0.0000  0.0000  0.0000
 0.1960  0.0000  0.0026  0.3993  0.2537  0.0024  0.0186  0.1149  0.0091  0.4250  0.0147  0.0051  1.0000  0.0134  0.0536  0.1787  0.2828  0.0707  0.0138  0.0008  0.0000  0.0019  0.0000  0.0000  0.0000
 1.0000  0.0000  0.0003  0.0003  0.0003  0.0001  0.0014  0.0001  0.0002  0.0004  0.0003  0.0002  0.0004  0.0008  0.0003  0.0003  0.0389  0.1904  0.0006  0.0001  0.0000  0.0001  0.0000  0.0000  0.0000
 0.0042  0.0000  0.0091  0.0007  0.0057  0.0009  0.0029  0.0037  0.0019  0.3560  0.2327  0.0014  0.0040  0.0033  0.0407  1.0000  0.0034  0.0045  0.0115  0.0007  0.0000  0.0019  0.0000  0.0000  0.0000
 0.0695  0.0000  0.0017  0.0731  0.0913  0.0016  0.0121  0.0231  0.0060  0.3610  0.0315  0.0130  0.4954  0.0087  0.0730  1.0000  0.2451  0.1429  0.0091  0.0005  0.0000  0.0012  0.0000  0.0000  0.0000
 0.0002  0.0000  0.0001  0.0000  0.0000  0.2773  0.0000  0.0000  0.0004  0.0000  0.0009  0.0002  0.0000  0.0001  0.0000  0.0000  0.0001  0.0001  0.0003  0.0009  0.0000  1.0000  0.0000  0.0000  0.0000
 0.0003  0.0000  0.0001  0.0001  0.0001  0.0127  0.0002  0.0000  1.0000  0.0002  0.0939  0.1202  0.0001  0.0001  0.0001  0.0001  0.0002  0.0004  0.4988  0.0001  0.0000  0.0003  0.0000  0.0000  0.0000
 0.0634  0.0000  0.0009  0.0178  0.1154  0.0008  0.0061  0.0020  0.0030  0.6495  0.1333  0.0198  0.0476  0.0044  0.4666  1.0000  0.0453  0.0801  0.0046  0.0003  0.0000  0.0006  0.0000  0.0000  0.0000
 0.0538  0.0000  0.0008  0.0117  0.0195  0.0006  0.0722  0.0564  0.0005  0.0038  0.0008  0.0003  0.0742  0.0024  0.4052  0.0020  1.0000  0.0382  0.0009  0.0003  0.0000  0.0013  0.0000  0.0000  0.0000
 0.0003  0.0000  0.0001  0.0000  0.0001  0.0052  0.0001  0.0001  0.0069  0.0001  1.0000  0.0509  0.0001  0.0001  0.0184  0.0001  0.0001  0.0002  0.0007  0.0001  0.0000  0.0001  0.0000  0.0000  0.0000
 0.0202  0.0000  0.0047  0.0054  0.0003  0.0001  0.0119  0.0001  0.0002  0.0003  0.0045  0.0001  0.0003  1.0000  0.0275  0.0002  0.0060  0.0126  0.0005  0.0000  0.0000  0.0001  0.0000  0.0000  0.0000
 0.4810  0.0000  0.1650  0.2081  0.2983  0.7291  0.3015  0.6147  0.3707  0.6020  0.6727  0.2267  0.3288  0.3041  0.6490  0.4177  0.3906  0.3647  0.5663  0.1637  0.0000  1.0000  0.0000  0.0000  0.0000
 0.4603  0.0000  0.1575  0.1826  0.2426  0.6829  0.2933  0.5207  0.3665  0.2944  0.5971  0.3288  0.2742  0.1817  0.2852  0.4586  0.4050  0.3992  0.4811  0.1678  0.0000  1.0000  0.0000  0.0000  0.0000
 0.0776  0.0000  0.0208  0.1088  0.3360  0.0012  0.0206  0.0029  0.0045  0.2481  0.0133  0.0026  0.0197  1.0000  0.0616  0.1214  0.0727  0.0362  0.0331  0.0004  0.0000  0.0009  0.0000  0.0000  0.0000
 0.0174  0.0000  0.0005  0.0009  0.0071  0.0011  0.1412  0.0479  0.0022  0.8573  0.0051  0.0017  0.0049  0.1400  0.0838  1.0000  0.0042  0.0054  0.0029  0.0008  0.0000  0.0023  0.0000  0.0000  0.0000
 0.2684  0.0000  0.0467  0.1619  0.2570  0.0865  0.1268  0.0920  0.2399  0.7766  0.1690  0.1045  0.1455  0.0850  1.0000  0.5345  0.2368  0.2385  0.4436  0.0239  0.0000  0.1163  0.0000  0.0000  0.0000
 0.1005  0.0000  0.0043  0.7288  0.1126  0.0040  0.0306  0.0144  0.0219  0.1231  0.0243  0.0085  0.4088  1.0000  0.1662  0.0575  0.4102  0.0669  0.0229  0.0014  0.0000  0.0031  0.0000  0.0000  0.0000
 0.0004  0.0000  0.0002  0.0001  0.0001  1.0000  0.0001  0.0000  0.0089  0.0000  0.3797  0.0005  0.0000  0.0002  0.0000  0.0000  0.0003  0.0003  0.0008  0.0629  0.0000  0.0149  0.0000  0.0000  0.0000
 0.9599  0.0000  0.0060  0.1185  0.1521  0.0056  0.0885  0.0402  0.0210  0.5152  0.0386  0.0296  0.1895  0.1117  0.1819  0.4948  1.0000  0.3161  0.1074  0.0019  0.0000  0.0042  0.0000  0.0000  0.0000
 0.5069  0.0000  0.0195  0.4840  1.0000  0.0354  0.2020  0.0682  0.0685  0.5517  0.2459  0.0577  0.5152  0.1004  0.6093  0.5900  0.6327  0.4019  0.2121  0.0063  0.0000  0.0138  0.0000  0.0000  0.0000
 0.2967  0.0000  0.1036  0.1201  0.1598  0.4434  0.2157  0.3240  0.3404  0.6762  1.0000  0.2742  0.1863  0.1196  0.1855  0.5533  0.2345  0.2424  0.8470  0.1083  0.0000  0.6805  0.0000  0.0000  0.0000
 0.0002  0.0000  0.0001  0.0000  0.0000  1.0000  0.0000  0.0000  0.0003  0.0000  0.0415  0.0002  0.0000  0.0001  0.0000  0.0000  0.0001  0.0001  0.0003  0.0144  0.0000  0.1237  0.0000  0.0000  0.0000
 0.1016  0.0000  0.0094  0.0259  0.0620  0.0030  0.0160  0.0557  0.0801  0.2732  0.0703  0.0046  0.0207  1.0000  0.0466  0.1876  0.1298  0.0788  0.0758  0.0010  0.0000  0.0030  0.0000  0.0000  0.0000
 0.1007  0.0000  0.0189  0.1876  0.1354  0.0089  0.7178  0.3937  0.0243  0.2509  0.0524  0.0137  1.0000  0.0342  0.1779  0.2412  0.1573  0.2326  0.0366  0.0028  0.0000  0.0246  0.0000  0.0000  0.0000
 1.0000  0.0000  0.0040  0.0106  0.0060  0.0273  0.0070  0.0115  0.0399  0.0118  0.0263  0.2111  0.0142  0.0046  0.0064  0.0075  0.0181  0.0524  0.3335  0.0039  0.0000  0.0292  0.0000  0.0000  0.0000
 0.0144  0.0000  0.0007  0.4631  0.1735  0.0007  0.0121  0.3015  0.0025  0.0223  0.0253  0.0014  1.0000  0.0087  0.0939  0.0070  0.6198  0.0525  0.0038  0.0002  0.0000  0.0006  0.0000  0.0000  0.0000
 0.0456  0.0000  0.0001  0.0338  0.0215  0.0001  0.0052  0.0002  0.0028  0.0091  0.0005  0.0002  0.0008  1.0000  0.0010  0.0099  0.0376  0.0030  0.0091  0.0000  0.0000  0.0001  0.0000  0.0000  0.0000
 0.7505  0.0000  0.0510  0.6469  1.0000  0.0511  0.3970  0.1161  0.1846  0.9120  0.4737  0.1137  0.4846  0.2620  0.6128  0.5046  0.7229  0.5541  0.2816  0.0164  0.0000  0.0365  0.0000  0.0000  0.0000
 1.0000  0.0000  0.0002  0.0002  0.0002  0.0001  0.0012  0.0000  0.0001  0.0002  0.0002  0.0001  0.0001  0.0064  0.0001  0.0001  0.0138  0.0004  0.0101  0.0000  0.0000  0.0001  0.0000  0.0000  0.0000
 0.0512  0.0000  0.0004  0.0002  0.0003  0.0009  0.0002  0.0001  1.0000  0.0004  0.3101  0.0568  0.0002  0.0004  0.0002  0.0003  0.0004  0.0174  0.7116  0.0001  0.0000  0.0003  0.0000  0.0000  0.0000
 0.0004  0.0000  0.0057  1.0000  0.0112  0.0001  0.0037  0.0101  0.0000  0.0006  0.0001  0.0000  0.0568  0.0003  0.0075  0.0003  0.0206  0.0004  0.0001  0.0000  0.0000  0.0002  0.0000  0.0000  0.0000
 0.0003  0.0000  0.0001  0.0000  0.0001  0.0179  0.0001  0.0057  0.0073  0.0001  1.0000  0.0029  0.0001  0.0001  0.0001  0.0001  0.0042  0.0002  0.0249  0.0001  0.0000  0.0001  0.0000  0.0000  0.0000
 0.0334  0.0000  0.0043  0.0001  0.0002  0.0048  0.0001  0.0001  0.0935  0.0002  1.0000  0.0480  0.0001  0.0002  0.0003  0.0002  0.0002  0.0005  0.1637  0.0001  0.0000  0.0002  0.0000  0.0000  0.0000
 0.0338  0.0000  0.0002  0.2222  1.0000  0.0002  0.0532  0.0006  0.0008  0.0178  0.0054  0.0004  0.0021  0.0013  0.0852  0.0059  0.0203  0.0142  0.0012  0.0001  0.0000  0.0084  0.0000  0.0000  0.0000
 0.0007  0.0000  0.0001  0.0001  0.0041  0.0002  0.0221  0.0061  0.0003  1.0000  0.0095  0.0002  0.0152  0.0006  0.0376  0.3638  0.0033  0.0046  0.0004  0.0001  0.0000  0.0003  0.0000  0.0000  0.0000
 0.0008  0.0000  0.0064  0.0001  0.0001  0.0005  0.0003  0.0001  0.0010  0.0002  0.0541  1.0000  0.0002  0.0003  0.0002  0.0001  0.0055  0.0206  0.0008  0.0001  0.0000  0.0001  0.0000  0.0000  0.0000
 0.0000  0.0000  0.0000  0.0000  0.0000  0.0000  0.0000  0.0000  0.0000  0.0000  1.0000  0.0000  0.0000  0.0000  0.0000  0.0000  0.0000  0.0000  0.0000  0.0000  0.0000  0.0000  0.0000  0.0000  0.0000
 0.0960  0.0000  0.0118  0.0763  0.3017  0.0420  0.0305  0.0547  0.1372  0.0449  0.0907  0.0265  0.0576  0.0201  0.0686  0.0409  0.0777  0.5012  1.0000  0.0112  0.0000  0.0782  0.0000  0.0000  0.0000
 0.0010  0.0000  0.0003  0.0001  0.0003  1.0000  0.0002  0.0002  0.0200  0.0004  0.6062  0.0213  0.0003  0.0004  0.0005  0.0004  0.0003  0.0006  0.0080  0.0003  0.0000  0.0004  0.0000  0.0000  0.0000
 0.0004  0.0000  0.0001  1.0000  0.0006  0.0001  0.0047  0.0004  0.0000  0.0005  0.0001  0.0000  0.1320  0.0003  0.0004  0.0003  0.0076  0.0004  0.0031  0.0000  0.0000  0.0002  0.0000  0.0000  0.0000
 0.1488  0.0000  0.0072  0.0087  0.0007  0.0004  0.0011  0.0003  0.0076  0.0009  0.0016  0.0006  0.0013  1.0000  0.0007  0.0006  0.1024  0.0945  0.0788  0.0001  0.0000  0.0003  0.0000  0.0000  0.0000
 0.3900  0.0000  0.0232  1.0000  0.6818  0.0155  0.1150  0.1484  0.0567  0.8011  0.1683  0.0377  0.3738  0.0829  0.1845  0.5839  0.7363  0.3926  0.1945  0.0053  0.0000  0.0250  0.0000  0.0000  0.0000
 0.0091  0.0000  0.0083  0.0026  0.0131  0.0006  0.0117  0.0097  0.0010  1.0000  0.0038  0.0005  0.0237  0.0012  0.1646  0.2512  0.0260  0.0431  0.0273  0.0002  0.0000  0.0107  0.0000  0.0000  0.0000
 0.0000  0.0000  0.0000  0.0000  0.0000  0.0000  0.0000  0.0000  0.0000  0.0000  0.0000  0.0000  0.0000  0.0000  0.0000  1.0000  0.0000  0.0000  0.0000  0.0000  0.0000  0.0000  0.0000  0.0000  0.0000
 0.0153  0.0000  0.0004  0.0001  0.0003  0.0003  0.0000  0.0001  1.0000  0.0003  0.1489  0.0006  0.0002  0.0386  0.0002  0.0002  0.0003  0.0042  0.1019  0.0000  0.0000  0.0001  0.0000  0.0000  0.0000
 0.0068  0.0000  0.0003  0.0315  0.0424  0.0003  0.0207  0.0008  0.0007  0.0198  0.0011  0.0004  0.0290  0.0070  0.0023  0.0464  0.2255  1.0000  0.0011  0.0001  0.0000  0.0003  0.0000  0.0000  0.0000
 1.0000  0.0000  0.0030  0.0086  0.0023  0.0016  0.0013  0.0006  0.0297  0.0023  0.0100  0.0031  0.0011  0.0035  0.0017  0.0013  0.0031  0.0102  0.9892  0.0003  0.0000  0.0005  0.0000  0.0000  0.0000
 0.4068  0.0000  0.0064  0.2775  1.0000  0.0060  0.1242  0.0387  0.0482  0.1635  0.0470  0.0216  0.0590  0.0327  0.0735  0.0626  0.2061  0.3433  0.0607  0.0021  0.0000  0.0046  0.0000  0.0000  0.0000
 0.0201  0.0000  0.0001  0.1772  1.0000  0.0002  0.0492  0.0007  0.0002  0.0019  0.0004  0.0002  0.0339  0.0011  0.2738  0.0069  0.0073  0.0010  0.0004  0.0001  0.0000  0.0003  0.0000  0.0000  0.0000
 1.0000  0.0000  0.0002  0.0002  0.0002  0.0001  0.0340  0.0000  0.0001  0.0002  0.0002  0.0001  0.0001  0.0006  0.0001  0.0002  0.0280  0.0004  0.0030  0.0000  0.0000  0.0001  0.0000  0.0000  0.0000
 0.0002  0.0000  0.0001  0.0000  0.0001  0.0005  0.0000  0.0000  0.0010  0.0001  1.0000  0.0168  0.0001  0.0001  0.0001  0.0001  0.0001  0.0001  0.0006  0.0001  0.0000  0.0001  0.0000  0.0000  0.0000
 1.0000  0.0000  0.1337  0.0432  0.2367  0.0016  0.0184  0.0392  0.0058  0.0889  0.0094  0.0033  0.0681  0.0086  0.0832  0.0164  0.1806  0.0856  0.0367  0.0005  0.0000  0.0012  0.0000  0.0000  0.0000
 0.0004  0.0000  0.0001  0.0042  0.0005  0.0004  0.0004  1.0000  0.0006  0.0006  0.0124  0.0057  0.0006  0.0002  0.0063  0.0005  0.0004  0.0003  0.0004  0.0001  0.0000  0.0037  0.0000  0.0000  0.0000
 0.0630  0.0000  0.0001  0.0187  0.1144  0.0001  0.0007  0.0003  0.0003  0.0017  0.0058  0.0002  0.0037  1.0000  0.0129  0.0149  0.0104  0.0009  0.0064  0.0001  0.0000  0.0002  0.0000  0.0000  0.0000
 0.0001  0.0000  0.0001  0.0000  0.0000  0.0625  0.0000  0.0000  0.0003  0.0000  0.0041  0.0001  0.0000  0.0000  0.0000  0.0000  0.0001  0.0001  0.0003  0.0065  0.0000  1.0000  0.0000  0.0000  0.0000
 0.0009  0.0000  0.0002  0.0001  0.0002  0.3111  0.0002  0.0002  0.0046  0.0003  1.0000  0.1915  0.0002  0.0004  0.0005  0.0003  0.0137  0.0005  0.0437  0.0003  0.0000  0.0003  0.0000  0.0000  0.0000
 1.0000  0.0000  0.0041  0.0765  0.7183  0.0038  0.0290  0.0092  0.0340  0.1286  0.0283  0.0081  0.0625  0.0209  0.1032  0.0488  0.5184  0.1364  0.0742  0.0013  0.0000  0.0029  0.0000  0.0000  0.0000
 0.1930  0.0000  0.0029  0.0339  0.2174  0.0027  0.0206  0.0066  0.0102  0.4165  0.0334  0.0469  0.1193  1.0000  0.6980  0.1876  0.8276  0.0625  0.0155  0.0009  0.0000  0.0021  0.0000  0.0000  0.0000
 0.0021  0.0000  0.0011  0.0003  0.0005  0.2262  0.0003  0.0000  0.0047  0.0000  0.8905  0.0023  0.0000  0.0008  0.0000  0.0000  0.0015  0.0014  0.0043  0.0238  0.0000  1.0000  0.0000  0.0000  0.0000
 0.1265  0.0000  0.0008  0.0011  0.0018  0.0095  0.0019  1.0000  0.0017  0.0044  0.0030  0.0010  0.0019  0.0012  0.0068  0.0873  0.0242  0.0021  0.0022  0.0008  0.0000  0.1261  0.0000  0.0000  0.0000
 0.0034  0.0000  0.0001  1.0000  0.1038  0.0001  0.0140  0.0003  0.0000  0.0005  0.0001  0.0000  0.0216  0.0003  0.0005  0.0002  0.0008  0.0004  0.0001  0.0000  0.0000  0.0002  0.0000  0.0000  0.0000
 0.1861  0.0000  0.0248  0.0073  0.0671  0.0169  0.0026  0.0081  0.4909  0.0255  0.1169  0.0264  0.0152  1.0000  0.0156  0.0129  0.0211  0.1277  0.3364  0.0033  0.0000  0.0149  0.0000  0.0000  0.0000
 0.4473  0.0000  0.0134  0.7425  0.8205  0.0125  0.1539  0.0327  0.0391  0.1936  0.0622  0.0223  0.9322  0.0643  0.1459  0.1075  0.9947  1.0000  0.0861  0.0048  0.0000  0.0546  0.0000  0.0000  0.0000
 0.0404  0.0000  0.0112  1.0000  0.2044  0.0002  0.0038  0.0004  0.0007  0.0066  0.0146  0.0004  0.0216  0.0010  0.0070  0.0018  0.0104  0.0114  0.0212  0.0001  0.0000  0.0001  0.0000  0.0000  0.0000
 0.0005  0.0000  0.0000  0.0220  1.0000  0.0001  0.0004  0.0002  0.0001  0.0006  0.0001  0.0000  0.0320  0.0003  0.0007  0.0002  0.0004  0.0003  0.0001  0.0000  0.0000  0.0001  0.0000  0.0000  0.0000
 0.0087  0.0000  0.0002  0.0003  0.0005  0.0001  0.0005  0.0045  0.0003  0.0018  0.0067  0.0002  0.0007  1.0000  0.0419  0.0051  0.0057  0.0766  0.0005  0.0001  0.0000  0.0002  0.0000  0.0000  0.0000
 0.2526  0.0000  0.0451  0.1934  0.7135  0.0147  0.1487  0.0357  0.3487  0.2947  0.0886  0.0311  0.1721  0.1882  0.1948  0.1539  0.3924  0.5455  1.0000  0.0051  0.0000  0.0112  0.0000  0.0000  0.0000
 1.0000  0.0000  0.6124  0.0017  0.0020  0.0009  0.0464  0.0004  0.0010  0.0022  0.0022  0.0010  0.0014  0.0163  0.0015  0.0016  0.2036  0.0039  0.0151  0.0003  0.0000  0.0007  0.0000  0.0000  0.0000
 0.2663  0.0000  0.0093  0.2903  1.0000  0.0087  0.0666  0.0549  0.0328  0.2013  0.0752  0.0185  0.0867  0.6802  0.4044  0.1220  0.2771  0.2275  0.0574  0.0030  0.0000  0.0066  0.0000  0.0000  0.0000
 0.0250  0.0000  0.0006  0.0040  0.0291  0.0059  0.0031  0.0070  0.0019  0.2513  0.0941  0.0011  0.0039  1.0000  0.0351  0.0156  0.0212  0.0129  0.0176  0.0004  0.0000  0.0018  0.0000  0.0000  0.0000
 0.0010  0.0000  0.0046  0.0003  0.0004  1.0000  0.0005  0.0007  0.0666  0.0005  0.0708  0.0168  0.0005  0.0054  0.0005  0.0006  0.0033  0.0007  0.0076  0.0004  0.0000  0.4475  0.0000  0.0000  0.0000
 0.0117  0.0000  0.0004  1.0000  0.0736  0.0058  0.0030  0.0170  0.0086  0.0548  0.0062  0.0008  0.1274  0.0021  0.0046  0.0213  0.3806  0.0397  0.0288  0.0002  0.0000  0.0004  0.0000  0.0000  0.0000
 0.2981  0.0000  0.0998  0.3167  0.2904  1.0000  0.1904  0.3485  0.2386  0.1862  0.4814  0.1256  0.1784  0.1308  0.3829  0.2015  0.2325  0.2308  0.2859  0.3152  0.0000  0.5663  0.0000  0.0000  0.0000
 0.0280  0.0000  0.0009  1.0000  0.0936  0.0008  0.0451  0.0446  0.0004  0.0053  0.0009  0.0003  0.0912  0.0030  0.0036  0.0026  0.9745  0.0599  0.0007  0.0004  0.0000  0.0020  0.0000  0.0000  0.0000
 0.0029  0.0000  0.0010  0.0142  0.0016  1.0000  0.0019  0.0031  0.0753  0.0209  0.1170  0.0682  0.0018  0.0074  0.0017  0.0162  0.0110  0.0174  0.0334  0.0011  0.0000  0.0127  0.0000  0.0000  0.0000
 0.0030  0.0000  0.0001  0.1907  1.0000  0.0087  0.0021  0.0393  0.0003  0.0032  0.0007  0.0003  0.2247  0.0088  0.0098  0.0064  0.0022  0.0015  0.0007  0.0001  0.0000  0.0005  0.0000  0.0000  0.0000
 0.2028  0.0000  0.0062  1.0000  0.4685  0.0305  0.1137  0.1143  0.0216  0.3517  0.1487  0.0122  0.2040  0.0317  0.8773  0.1368  0.3261  0.0913  0.0643  0.0020  0.0000  0.0044  0.0000  0.0000  0.0000
 0.8447  0.0000  0.0827  0.6416  1.0000  0.1835  0.4146  0.2357  0.2463  0.9229  0.4121  0.1594  0.5181  0.3232  0.6154  0.5622  0.7503  0.6035  0.3631  0.0539  0.0000  0.2294  0.0000  0.0000  0.0000
 0.2695  0.0000  0.0017  1.0000  0.4021  0.0016  0.0664  0.0483  0.0058  0.1171  0.0094  0.0106  0.1280  0.0510  0.0392  0.0223  0.3072  0.0655  0.0089  0.0005  0.0000  0.0137  0.0000  0.0000  0.0000
 0.0031  0.0000  0.0280  0.0141  0.0017  0.0960  0.0020  0.0088  0.0955  0.0018  1.0000  0.0094  0.0050  0.0012  0.0165  0.0771  0.0108  0.0024  0.0031  0.0011  0.0000  0.0172  0.0000  0.0000  0.0000
 0.5428  0.0000  0.0348  0.5485  0.6909  0.0325  0.3974  0.0791  0.1271  0.6286  0.2411  0.0690  0.3642  0.6931  0.3843  0.3530  0.8073  1.0000  0.1978  0.0112  0.0000  0.0247  0.0000  0.0000  0.0000
 0.6818  0.0000  0.0489  0.5646  1.0000  0.0495  0.3442  0.1131  0.2027  0.8542  0.2924  0.0975  0.4446  0.2506  0.5359  0.4884  0.6582  0.5154  0.3385  0.0168  0.0000  0.0411  0.0000  0.0000  0.0000
 0.0359  0.0000  0.0002  0.7006  1.0000  0.0004  0.0020  0.0061  0.0007  0.0050  0.0295  0.0005  0.0134  0.0196  0.0385  0.0019  0.1000  0.0148  0.0013  0.0002  0.0000  0.0005  0.0000  0.0000  0.0000
 0.1609  0.0000  0.0083  0.2915  1.0000  0.0077  0.1319  0.2097  0.0291  0.4326  0.0810  0.1364  0.2500  0.0427  0.9799  0.1434  0.1363  0.7584  0.0865  0.0027  0.0000  0.0059  0.0000  0.0000  0.0000
 0.0178  0.0000  0.0048  0.0024  0.0047  0.0464  0.0041  0.0032  0.6126  0.0063  0.5248  0.2419  0.0045  0.0071  0.0086  0.0062  0.0053  0.0115  0.1410  1.0000  0.0000  0.0068  0.0000  0.0000  0.0000
 0.0004  0.0000  0.0000  0.0001  0.0005  0.0001  0.0004  0.0003  0.0002  1.0000  0.0004  0.0001  0.0004  0.0004  0.0009  0.2342  0.0003  0.0004  0.0002  0.0001  0.0000  0.0002  0.0000  0.0000  0.0000
 0.0791  0.0000  0.0040  0.2100  1.0000  0.0038  0.0451  0.0091  0.1502  0.1757  0.0305  0.0153  0.0372  0.0206  0.1886  0.1909  0.1342  0.0640  0.1846  0.0013  0.0000  0.0058  0.0000  0.0000  0.0000
 0.0041  0.0000  0.0014  0.0016  0.0024  0.0055  0.0027  0.0791  0.0719  0.0419  1.0000  0.5257  0.0026  0.0018  0.0123  0.0460  0.0075  0.0033  0.0488  0.0014  0.0000  0.0462  0.0000  0.0000  0.0000
 0.0135  0.0000  0.0008  0.0003  0.0006  0.0111  0.0004  0.0001  1.0000  0.0007  0.0416  0.3846  0.0138  0.0007  0.0004  0.0005  0.0007  0.2517  0.3422  0.0002  0.0000  0.0006  0.0000  0.0000  0.0000
 0.0019  0.0000  0.0007  0.0008  0.0010  0.2492  0.0012  0.0610  0.0100  0.0011  0.0400  0.0052  0.0012  0.0008  0.0011  0.0112  0.0015  0.0015  0.0138  0.3917  0.0000  1.0000  0.0000  0.0000  0.0000
 0.1421  0.0000  0.0078  0.4575  0.9111  0.0073  0.0557  0.0795  0.0274  0.8476  0.0752  0.1129  0.5063  0.0402  0.6780  1.0000  0.9033  0.2415  0.0418  0.0025  0.0000  0.0055  0.0000  0.0000  0.0000
 0.0071  0.0000  0.0071  0.0139  1.0000  0.0001  0.0003  0.0002  0.0001  0.0007  0.0066  0.0001  0.0003  0.0004  0.0115  0.0002  0.0004  0.0003  0.0044  0.0000  0.0000  0.0001  0.0000  0.0000  0.0000
 0.3453  0.0000  0.0025  0.0021  0.0023  0.0102  0.0543  0.0002  1.0000  0.0034  0.1016  0.2007  0.0026  0.0022  0.0013  0.0028  0.2884  0.1454  0.5838  0.0013  0.0000  0.0049  0.0000  0.0000  0.0000
 0.1012  0.0000  0.0365  0.0102  0.0598  0.0121  0.0362  0.0287  0.2065  0.0232  1.0000  0.1541  0.0104  0.0063  0.0606  0.0248  0.0505  0.1377  0.2554  0.0032  0.0000  0.0168  0.0000  0.0000  0.0000
 1.0000  0.0000  0.0612  0.9291  0.5343  0.1184  0.1541  0.3183  0.1042  0.5679  0.2131  0.0738  0.7594  0.1070  0.2120  0.5370  0.9922  0.3007  0.1667  0.0278  0.0000  0.2028  0.0000  0.0000  0.0000
 0.0006  0.0000  0.0002  0.0001  0.0002  1.0000  0.0002  0.0099  0.0181  0.0002  0.1032  0.0178  0.0002  0.0002  0.0003  0.0002  0.0002  0.0003  0.0013  0.0098  0.0000  0.2284  0.0000  0.0000  0.0000
 0.0813  0.0000  0.0059  0.1504  0.2107  0.0058  0.0654  0.9278  0.0202  0.7154  0.0327  0.0115  1.0000  0.0297  0.3040  0.1308  0.2111  0.0856  0.1895  0.0020  0.0000  0.0113  0.0000  0.0000  0.0000
 0.0083  0.0000  0.0064  0.0082  0.0212  0.0003  0.0024  0.0007  0.0006  0.0018  0.0120  0.0003  0.0932  1.0000  0.0013  0.0361  0.0207  0.0126  0.0010  0.0002  0.0000  0.0005  0.0000  0.0000  0.0000
 0.4197  0.0000  0.0300  0.6280  1.0000  0.0294  0.2294  0.0794  0.1805  0.5155  0.2149  0.0646  0.3166  0.4697  0.3576  0.3178  0.4189  0.3682  0.2311  0.0100  0.0000  0.0236  0.0000  0.0000  0.0000
 0.3687  0.0000  0.0159  1.0000  0.9190  0.0178  0.2038  0.0970  0.0543  0.2608  0.1072  0.0307  0.5754  0.4681  0.6661  0.1480  0.2449  0.1620  0.1186  0.0058  0.0000  0.0325  0.0000  0.0000  0.0000
 0.1427  0.0000  0.0070  0.0809  0.1580  0.0070  0.1132  0.0162  0.0244  0.1206  0.1128  0.0138  0.2018  1.0000  0.2840  0.1245  0.1340  0.1106  0.0371  0.0024  0.0000  0.0057  0.0000  0.0000  0.0000
 0.8251  0.0000  0.0428  0.5021  0.9221  0.0400  0.3886  0.0974  0.1830  0.7713  0.2419  0.0848  0.3965  0.5666  0.6197  0.5195  1.0000  0.5762  0.2286  0.0138  0.0000  0.0305  0.0000  0.0000  0.0000
 0.8008  0.0000  0.0520  0.6064  1.0000  0.0495  0.3684  0.1184  0.1816  0.9042  0.3123  0.1255  0.5189  0.2657  0.6093  0.5200  0.7296  0.5593  0.3126  0.0169  0.0000  0.0385  0.0000  0.0000  0.0000
 0.7451  0.0000  0.0644  0.7606  1.0000  0.1058  0.3817  0.1590  0.2067  0.9867  0.4703  0.1168  0.5447  0.7991  0.6304  0.5168  0.8179  0.5653  0.3430  0.0316  0.0000  0.2043  0.0000  0.0000  0.0000
 0.9061  0.0000  0.0779  0.6147  1.0000  0.1304  0.3965  0.1768  0.2904  0.9121  0.5258  0.1324  0.5170  0.5209  0.6354  0.5357  0.7753  0.6141  0.4188  0.0378  0.0000  0.1502  0.0000  0.0000  0.0000
 0.4156  0.0000  0.0240  1.0000  0.6942  0.0252  0.6846  0.0668  0.0793  0.5635  0.1298  0.0461  0.2618  0.1402  0.4635  0.2238  0.6917  0.2528  0.1234  0.0094  0.0000  0.0247  0.0000  0.0000  0.0000
 0.1753  0.0000  0.0093  0.1089  0.2695  0.0093  0.1451  0.1333  0.0288  0.1406  0.0461  0.0163  0.2273  0.0441  0.6664  0.0795  1.0000  0.5102  0.0439  0.0033  0.0000  0.0093  0.0000  0.0000  0.0000
 0.5480  0.0000  0.1791  0.2364  0.3556  0.7084  0.3473  0.5718  0.4031  0.3369  0.7200  0.2302  0.3366  0.2175  0.3277  0.3728  0.4364  0.4308  0.5476  0.1849  0.0000  1.0000  0.0000  0.0000  0.0000
 0.0783  0.0000  0.0011  0.2704  1.0000  0.0070  0.0285  0.0185  0.0096  0.0794  0.1518  0.0072  0.0318  0.0947  0.3058  0.0217  0.0396  0.0345  0.0183  0.0033  0.0000  0.0094  0.0000  0.0000  0.0000
 0.2181  0.0000  0.0382  0.0137  0.0324  0.0695  0.0112  0.0162  1.0000  0.0348  0.4489  0.5621  0.0775  0.0412  0.1649  0.0248  0.0346  0.1281  0.8745  0.0105  0.0000  0.0285  0.0000  0.0000  0.0000
 0.0052  0.0000  0.0001  0.0139  1.0000  0.0005  0.0021  0.0013  0.0007  0.0055  0.0012  0.0005  0.0022  0.0032  0.0946  0.0017  0.0027  0.0023  0.0012  0.0002  0.0000  0.0007  0.0000  0.0000  0.0000
 0.0101  0.0000  0.0004  0.0235  0.1213  0.0011  0.0054  0.0030  0.0015  0.0138  0.0030  0.0011  0.0058  0.0061  1.0000  0.0069  0.0061  0.0051  0.0027  0.0006  0.0000  0.0016  0.0000  0.0000  0.0000
//
