WARNING! C222 not allowed! score: 0.04 median: 2.79 # of sequence: 359
WARNING! Q226 not allowed! score: 0.05 median: 2.79 # of sequence: 359
ID   UNK_ID; MATRIX
AC   UNK_AC
DE   UNK_DE
MA   UNK_BL
  A   B   C   D   E   F   G   H   I   K   L   M   N   P   Q   R   S   T   V   W   X   Y   Z   *   -
 0.0010  0.0000  0.0003  0.0002  0.0003  0.0022  0.0005  0.0002  0.0184  0.0003  0.0104  1.0000  0.0002  0.0005  0.0004  0.0003  0.0003  0.0006  0.0023  0.0003  0.0000  0.0006  0.0000  0.0000  0.0000
 0.1727  0.0000  0.0012  0.0033  0.0017  0.0005  0.0280  0.0007  0.0008  0.0019  0.0013  0.0006  0.1195  0.0031  0.0014  0.0012  1.0000  0.0211  0.0021  0.0002  0.0000  0.0006  0.0000  0.0000  0.0000
 0.4675  0.0000  0.0245  1.0000  0.4527  0.0232  0.1953  0.0587  0.0840  0.8110  0.1367  0.0479  0.2315  0.1257  0.3750  0.6296  0.3827  0.3442  0.1280  0.0084  0.0000  0.0195  0.0000  0.0000  0.0000
 0.1411  0.0000  0.0356  0.0909  0.1330  0.0676  0.0977  0.0616  0.0691  0.1301  0.3192  0.0522  0.2150  0.1054  0.1218  0.1002  1.0000  0.2829  0.0820  0.0190  0.0000  0.0924  0.0000  0.0000  0.0000
 0.0781  0.0000  0.0035  0.0411  0.1041  0.0033  0.1392  0.0197  0.0332  1.0000  0.0198  0.0070  0.0325  0.0406  0.3388  0.1830  0.5135  0.1314  0.0284  0.0011  0.0000  0.0025  0.0000  0.0000  0.0000
 0.9040  0.0000  0.1396  0.6298  1.0000  0.3859  0.5154  0.4062  0.3531  0.9320  0.5756  0.1972  0.5734  0.3386  0.6419  0.6440  0.8253  0.6819  0.5069  0.1048  0.0000  0.5288  0.0000  0.0000  0.0000
 0.3784  0.0000  0.0255  1.0000  0.6797  0.0630  0.4306  0.0780  0.0891  0.4771  0.1776  0.0899  0.3868  0.1303  0.3663  0.7826  0.3835  0.2822  0.1358  0.0084  0.0000  0.0191  0.0000  0.0000  0.0000
 0.2484  0.0000  0.0017  0.0196  0.0315  0.0017  1.0000  0.0330  0.0060  0.3855  0.0097  0.0034  0.3038  0.1537  0.0275  0.0418  0.1813  0.0977  0.0226  0.0006  0.0000  0.0014  0.0000  0.0000  0.0000
 0.1798  0.0000  0.0127  0.3005  0.7008  0.0119  0.2456  0.2706  0.1302  0.7388  0.1384  0.0436  0.3601  0.0652  0.9695  1.0000  0.1954  0.3241  0.2678  0.0041  0.0000  0.0091  0.0000  0.0000  0.0000
 0.0018  0.0000  0.0006  0.0010  0.0010  1.0000  0.0013  0.0622  0.0013  0.0060  0.0022  0.0139  0.0182  0.0007  0.0011  0.0013  0.0125  0.0014  0.0017  0.0006  0.0000  0.4159  0.0000  0.0000  0.0000
 0.0460  0.0000  0.0265  0.0114  0.0152  0.0531  0.0184  0.0775  0.2864  0.0162  0.0916  0.0123  0.0468  0.0114  0.0164  0.0194  0.0535  0.0671  0.4014  0.0103  0.0000  1.0000  0.0000  0.0000  0.0000
 0.1454  0.0000  0.0107  0.1150  0.2277  0.0115  0.0748  0.0747  0.0377  0.6022  0.1741  0.0471  0.1274  0.0562  0.9889  0.6450  1.0000  0.4537  0.0876  0.0046  0.0000  0.0117  0.0000  0.0000  0.0000
 0.1248  0.0000  0.0203  0.0233  0.0311  0.2641  0.0374  0.0713  0.0979  0.0331  0.2664  0.1179  0.0349  0.0234  0.2513  0.0395  0.0456  0.1178  0.7775  0.0210  0.0000  1.0000  0.0000  0.0000  0.0000
 0.1221  0.0000  0.0091  0.4248  1.0000  0.0419  0.0617  0.0213  0.0312  0.3610  0.0941  0.0642  0.8245  0.0444  0.4641  0.0847  0.2347  0.1080  0.1056  0.1035  0.0000  0.0097  0.0000  0.0000  0.0000
 0.0047  0.0000  0.0002  0.0001  0.0002  0.0009  0.0003  0.0000  0.7838  0.0003  0.2427  0.0405  0.0002  0.0001  0.0001  0.0002  0.0003  0.0007  1.0000  0.0001  0.0000  0.0004  0.0000  0.0000  0.0000
 0.4950  0.0000  0.1849  0.1730  0.2298  1.0000  0.5146  0.4572  0.3320  0.2447  0.5804  0.1861  0.4518  0.1722  0.2474  0.2929  0.3640  0.3352  0.4268  0.1883  0.0000  0.9705  0.0000  0.0000  0.0000
 0.0130  0.0000  0.0030  0.7207  0.0196  0.0027  1.0000  0.0140  0.0016  0.2564  0.0037  0.0013  0.2289  0.0105  0.1320  0.1810  0.0337  0.0138  0.0026  0.0014  0.0000  0.0070  0.0000  0.0000  0.0000
 0.0095  0.0000  0.0020  0.0046  0.0027  0.0010  0.0029  0.0329  0.0030  0.0042  0.0027  0.0015  0.7645  0.0119  0.1881  0.0026  0.7247  1.0000  0.0871  0.0007  0.0000  0.0012  0.0000  0.0000  0.0000
 0.8231  0.0000  0.1979  0.5643  0.7992  0.7115  0.4836  0.5650  0.5819  0.7266  1.0000  0.2549  0.5618  0.3210  0.5655  0.5781  0.7218  0.9170  0.7505  0.1805  0.0000  0.9554  0.0000  0.0000  0.0000
 0.0002  0.0000  0.0001  0.0000  0.0001  1.0000  0.0000  0.0000  0.0005  0.0000  0.0046  0.0002  0.0000  0.0001  0.0000  0.0000  0.0001  0.0001  0.0035  0.1953  0.0000  0.0041  0.0000  0.0000  0.0000
 0.0265  0.0000  0.0006  0.1023  1.0000  0.0021  0.0077  0.0051  0.0675  0.0270  0.0057  0.0023  0.0087  0.0132  0.0545  0.0060  0.0114  0.3995  0.0480  0.0009  0.0000  0.0026  0.0000  0.0000  0.0000
 0.0004  0.0000  0.0214  0.0001  0.0001  0.0046  0.0001  0.0000  0.4086  0.0001  0.0292  0.0004  0.0001  0.0001  0.0001  0.0001  0.0001  0.0097  1.0000  0.0001  0.0000  0.0002  0.0000  0.0000  0.0000
 0.3666  0.0000  0.0874  0.7254  0.2829  0.1307  0.5238  0.2198  0.1152  0.2877  0.1757  0.0646  0.8809  0.2276  0.2149  0.1800  0.9804  1.0000  0.1686  0.0477  0.0000  0.2114  0.0000  0.0000  0.0000
 0.6370  0.0000  0.0098  0.3211  0.8000  0.0092  0.0782  0.0426  0.0344  1.0000  0.0556  0.0268  0.2042  0.0505  0.2250  0.3051  0.7494  0.4288  0.0754  0.0032  0.0000  0.0069  0.0000  0.0000  0.0000
 0.0018  0.0000  0.0002  0.0003  0.0599  0.0004  0.0013  0.0016  0.0545  0.7412  0.0018  0.0122  0.0066  0.0014  0.0121  1.0000  0.0015  0.0435  0.0010  0.0003  0.0000  0.0008  0.0000  0.0000  0.0000
 0.0002  0.0000  0.0001  0.0001  0.0001  0.0030  0.0001  0.0000  0.0003  0.0000  0.0224  0.0002  0.0000  0.0001  0.0000  0.0000  0.0001  0.0001  0.0003  0.0006  0.0000  1.0000  0.0000  0.0000  0.0000
 0.4012  0.0000  0.0261  0.3062  0.5508  0.0244  0.1859  0.0594  0.1410  0.6130  0.1633  0.0517  0.2816  0.2114  1.0000  0.3427  0.4136  0.4377  0.4659  0.0084  0.0000  0.0186  0.0000  0.0000  0.0000
 0.3300  0.0000  0.0283  0.4744  0.4330  0.0803  0.2240  0.0904  0.1845  0.4115  0.1477  0.0893  0.7807  1.0000  0.3700  0.2588  0.3706  0.2657  0.2912  0.0137  0.0000  0.0514  0.0000  0.0000  0.0000
 0.0013  0.0000  0.0004  0.0002  0.0003  0.0022  0.0003  0.0001  0.6607  0.0004  1.0000  0.0115  0.0003  0.0004  0.0004  0.0004  0.0004  0.1257  0.0759  0.0003  0.0000  0.0005  0.0000  0.0000  0.0000
 0.0317  0.0000  0.0023  0.0259  0.1441  0.0023  0.0161  0.0298  0.0250  1.0000  0.0824  0.2634  0.0803  0.0117  0.3330  0.5679  0.1677  0.1272  0.0172  0.0008  0.0000  0.0020  0.0000  0.0000  0.0000
 0.0289  0.0000  0.0131  0.0004  0.0817  0.0003  0.0014  0.0001  0.0020  0.0006  0.0136  0.0005  0.0005  1.0000  0.0004  0.0004  0.0143  0.0390  0.0225  0.0001  0.0000  0.0002  0.0000  0.0000  0.0000
 0.0003  0.0000  0.0001  0.0001  0.0001  0.0005  0.0002  0.0000  1.0000  0.0087  0.1075  0.0005  0.0001  0.0001  0.0000  0.0001  0.0001  0.0004  0.4445  0.0001  0.0000  0.0002  0.0000  0.0000  0.0000
 0.0000  0.0000  0.0000  0.0000  0.0000  0.0000  1.0000  0.0000  0.0000  0.0000  0.0000  0.0000  0.0000  0.0000  0.0000  0.0000  0.0000  0.0000  0.0000  0.0000  0.0000  0.0000  0.0000  0.0000  0.0000
 0.0800  0.0000  0.0084  0.0173  0.1082  0.0307  0.0556  0.0893  0.0347  0.7140  0.0795  0.1589  0.1337  0.0679  0.3731  1.0000  0.8095  0.0839  0.0543  0.0127  0.0000  0.0395  0.0000  0.0000  0.0000
 0.0000  0.0000  0.0000  0.0000  0.0000  0.0000  1.0000  0.0000  0.0000  0.0000  0.0000  0.0000  0.0000  0.0000  0.0000  0.0000  0.0000  0.0000  0.0000  0.0000  0.0000  0.0000  0.0000  0.0000  0.0000
 1.0000  0.0000  0.0000  0.0000  0.0000  0.0000  0.0000  0.0000  0.0000  0.0000  0.0000  0.0000  0.0000  0.0000  0.0000  0.0000  0.0000  0.0000  0.0000  0.0000  0.0000  0.0000  0.0000  0.0000  0.0000
 0.0108  0.0000  0.0367  0.0049  0.0057  0.1324  0.0073  0.0108  0.0123  0.0062  0.0132  0.0045  0.0123  0.0044  0.4140  0.0072  0.0182  0.0089  0.0101  0.0037  0.0000  1.0000  0.0000  0.0000  0.0000
 0.0000  0.0000  0.0000  0.0000  0.0000  0.0000  1.0000  0.0000  0.0000  0.0000  0.0000  0.0000  0.0000  0.0000  0.0000  0.0000  0.0000  0.0000  0.0000  0.0000  0.0000  0.0000  0.0000  0.0000  0.0000
 0.0031  0.0000  0.0008  0.0004  0.0007  0.0146  0.0007  0.0003  1.0000  0.0009  0.1314  0.0564  0.0006  0.0008  0.1287  0.0008  0.1184  0.0061  0.1696  0.0005  0.0000  0.0010  0.0000  0.0000  0.0000
 0.0005  0.0000  0.0001  0.0001  0.0001  0.0002  0.0001  0.0000  0.0146  0.0001  0.0009  0.0002  0.0001  0.0001  0.0001  0.0001  0.0001  0.0004  1.0000  0.0000  0.0000  0.0001  0.0000  0.0000  0.0000
 0.0019  0.0000  1.0000  0.0002  0.0002  0.0003  0.0008  0.0001  0.0169  0.0004  0.0014  0.0030  0.0003  0.0005  0.0002  0.0034  0.0546  0.0013  0.0009  0.0027  0.0000  0.0001  0.0000  0.0000  0.0000
 0.8419  0.0000  0.0614  0.0014  0.0017  0.0007  0.0108  0.0003  0.0009  0.1142  0.0019  0.0009  0.0013  0.0119  0.0013  0.0014  1.0000  0.0036  0.0032  0.0003  0.0000  0.0006  0.0000  0.0000  0.0000
 1.0000  0.0000  0.0004  0.0003  0.0004  0.0002  0.0089  0.0001  0.0035  0.0004  0.0143  0.0002  0.0003  0.0011  0.0003  0.0003  0.0772  0.0007  0.0816  0.0001  0.0000  0.0001  0.0000  0.0000  0.0000
 0.2270  0.0000  0.1027  0.0919  0.1609  0.5679  0.1476  0.3061  0.2620  0.3012  0.6569  0.2273  0.1452  0.0914  0.1314  0.3543  0.1794  0.3474  0.7158  0.0978  0.0000  1.0000  0.0000  0.0000  0.0000
 0.0052  0.0000  0.0011  1.0000  0.0062  0.0009  0.0123  0.0038  0.0205  0.0061  0.0020  0.0006  0.9011  0.0033  0.0039  0.0649  0.0100  0.0051  0.0930  0.0004  0.0000  0.0020  0.0000  0.0000  0.0000
 0.8753  0.0000  0.0210  0.1094  0.1829  0.1157  0.1325  0.1225  0.1089  0.3035  0.1136  0.0616  0.3116  0.0519  0.3503  0.5910  1.0000  0.9322  0.1626  0.0093  0.0000  0.0412  0.0000  0.0000  0.0000
 0.5805  0.0000  0.0404  0.5010  1.0000  0.0379  0.3289  0.0970  0.1947  0.7437  0.3146  0.0801  0.3888  0.2076  0.5111  0.4211  0.5615  0.4338  0.3339  0.0130  0.0000  0.0289  0.0000  0.0000  0.0000
 0.0558  0.0000  0.0060  0.0128  0.0079  0.0030  0.0087  0.0155  0.0088  0.0119  0.3183  0.0044  0.0408  0.0235  0.0093  0.0075  0.1362  1.0000  0.0139  0.0020  0.0000  0.0035  0.0000  0.0000  0.0000
 0.1742  0.0000  0.0092  0.3493  0.4758  0.0086  1.0000  0.0957  0.0493  0.2747  0.0519  0.0182  0.9789  0.0471  0.2719  0.3826  0.2195  0.1434  0.0490  0.0030  0.0000  0.0263  0.0000  0.0000  0.0000
 0.0359  0.0000  0.0041  0.0527  1.0000  0.0188  0.0189  0.0455  0.1086  0.0456  0.0991  0.0687  0.0232  0.0133  0.4584  0.3098  0.0488  0.1503  0.0300  0.0028  0.0000  0.0130  0.0000  0.0000  0.0000
 0.3148  0.0000  0.0224  0.2877  0.8107  0.0218  0.3718  0.2646  0.0783  1.0000  0.1861  0.1921  0.9830  0.1772  0.4314  0.3451  0.3796  0.2388  0.1193  0.0074  0.0000  0.0233  0.0000  0.0000  0.0000
 0.0002  0.0000  0.0001  0.0000  0.0000  0.0002  0.0033  0.0000  0.0232  0.0001  0.0011  0.0002  0.0000  0.0001  0.0000  0.0001  0.0001  0.0002  1.0000  0.0000  0.0000  0.0001  0.0000  0.0000  0.0000
 1.0000  0.0000  0.0002  0.0002  0.0002  0.0001  0.0012  0.0000  0.0001  0.0002  0.0002  0.0001  0.0001  0.0037  0.0001  0.0002  0.0011  0.0004  0.0046  0.0000  0.0000  0.0001  0.0000  0.0000  0.0000
 0.0004  0.0000  0.0001  0.0001  0.0001  0.0003  0.0001  0.0000  1.0000  0.0001  0.0016  0.0113  0.0001  0.0001  0.0001  0.0001  0.0068  0.0032  0.2784  0.0000  0.0000  0.0001  0.0000  0.0000  0.0000
 0.0000  0.0000  0.0000  0.0000  0.0000  0.0000  0.0000  0.0000  0.0000  1.0000  0.0000  0.0000  0.0000  0.0000  0.0000  0.0000  0.0000  0.0000  0.0000  0.0000  0.0000  0.0000  0.0000  0.0000  0.0000
 0.0000  0.0000  0.0000  0.0000  0.0000  0.0000  0.0000  0.0000  0.0000  1.0000  0.0000  0.0000  0.0000  0.0000  0.0000  0.0000  0.0000  0.0000  0.0000  0.0000  0.0000  0.0000  0.0000  0.0000  0.0000
 0.0007  0.0000  0.0002  0.0001  0.0002  0.0013  0.0003  0.0000  1.0000  0.0003  0.8463  0.0014  0.0002  0.0002  0.0002  0.0003  0.0003  0.0007  0.1651  0.0002  0.0000  0.0004  0.0000  0.0000  0.0000
 0.6153  0.0000  0.0302  0.0186  0.0133  0.0057  0.3360  0.0679  0.0109  0.0173  0.0123  0.1810  0.0670  0.0928  0.0344  0.0113  1.0000  0.3485  0.0189  0.0028  0.0000  0.0069  0.0000  0.0000  0.0000
 0.0469  0.0000  0.0079  0.1347  0.0680  0.0097  0.1017  0.0566  0.0123  0.3571  0.0290  0.0097  1.0000  0.0375  0.0898  0.9628  0.0890  0.0502  0.0172  0.0062  0.0000  0.0235  0.0000  0.0000  0.0000
 0.8138  0.0000  0.0035  0.0012  0.0027  0.0017  0.0041  0.0006  0.0202  0.0028  0.0100  0.0032  0.0015  1.0000  0.0020  0.0017  0.0119  0.0226  0.2424  0.0003  0.0000  0.0006  0.0000  0.0000  0.0000
 0.0000  0.0000  0.0000  0.0000  0.0000  1.0000  0.0000  0.0000  0.0000  0.0000  0.0000  0.0000  0.0000  0.0000  0.0000  0.0000  0.0000  0.0000  0.0000  0.0000  0.0000  0.0000  0.0000  0.0000  0.0000
 0.0440  0.0000  0.0034  0.8771  0.2639  0.0038  0.0658  0.0255  0.0028  0.0316  0.0058  0.0022  0.1009  0.0182  1.0000  0.0130  0.3555  0.0196  0.0051  0.0019  0.0000  0.0088  0.0000  0.0000  0.0000
 0.0037  0.0000  0.0008  0.0257  0.0013  0.0004  0.0017  0.0036  0.0043  0.1056  0.0011  0.0006  1.0000  0.0020  0.0014  0.0011  0.2511  0.1312  0.0480  0.0003  0.0000  0.0006  0.0000  0.0000  0.0000
 1.0000  0.0000  0.1922  0.5578  0.8349  0.6784  0.5199  0.6311  0.5508  0.9706  0.8465  0.2655  0.5731  0.4438  0.8531  0.8018  0.8123  0.7254  0.7553  0.1786  0.0000  0.9677  0.0000  0.0000  0.0000
 0.0108  0.0000  0.0024  0.0008  0.0018  0.0031  0.0007  0.0004  1.0000  0.0286  0.0178  0.1952  0.0011  0.0023  0.0012  0.0013  0.0021  0.7732  0.6534  0.0004  0.0000  0.0013  0.0000  0.0000  0.0000
 0.1008  0.0000  0.0183  1.0000  0.2749  0.0178  0.2791  0.6683  0.0107  0.1336  0.2100  0.0085  0.4977  0.0765  0.1067  0.0613  0.2174  0.0907  0.0185  0.0090  0.0000  0.0442  0.0000  0.0000  0.0000
 1.0000  0.0000  0.0002  0.0002  0.0002  0.0001  0.0012  0.0000  0.0001  0.0002  0.0002  0.0001  0.0002  0.0006  0.0002  0.0002  0.0335  0.0115  0.0004  0.0000  0.0000  0.0001  0.0000  0.0000  0.0000
 0.0007  0.0000  0.0001  0.0001  0.0010  0.0002  0.0005  0.0006  0.0003  1.0000  0.0569  0.0002  0.0007  0.0006  0.0017  0.0475  0.0006  0.0008  0.0004  0.0001  0.0000  0.0003  0.0000  0.0000  0.0000
 0.0000  0.0000  0.0000  0.0000  0.0000  0.0000  0.0000  0.0000  0.0000  0.0000  0.0000  0.0000  0.0000  0.0000  0.0000  1.0000  0.0000  0.0000  0.0000  0.0000  0.0000  0.0000  0.0000  0.0000  0.0000
 0.5185  0.0000  0.0005  0.0007  0.0005  0.0002  0.0013  0.0002  0.0325  0.0008  0.0007  0.0003  0.0012  0.0012  0.0006  0.0005  0.0124  1.0000  0.0013  0.0001  0.0000  0.0002  0.0000  0.0000  0.0000
 0.0033  0.0000  0.0018  0.0010  0.0011  0.0543  0.0018  0.0004  0.0084  0.0005  1.0000  0.0046  0.0005  0.0018  0.0006  0.0007  0.0020  0.0021  0.0066  0.0116  0.0000  0.9940  0.0000  0.0000  0.0000
 0.0000  0.0000  0.0000  0.0000  0.0000  0.0000  0.0000  0.0000  0.0000  0.0000  0.0000  0.0000  0.0000  0.0000  0.0000  1.0000  0.0000  0.0000  0.0000  0.0000  0.0000  0.0000  0.0000  0.0000  0.0000
 0.0000  0.0000  0.0000  0.0000  1.0000  0.0000  0.0000  0.0000  0.0000  0.0000  0.0000  0.0000  0.0000  0.0000  0.0000  0.0000  0.0000  0.0000  0.0000  0.0000  0.0000  0.0000  0.0000  0.0000  0.0000
 0.0013  0.0000  0.0003  0.0002  0.0003  0.1331  0.0003  0.0003  0.8158  0.0004  1.0000  0.0200  0.0003  0.0005  0.0007  0.0004  0.0004  0.0007  0.0036  0.0004  0.0000  0.0004  0.0000  0.0000  0.0000
 0.0128  0.0000  0.0091  0.0022  0.0274  0.0026  0.0089  0.0270  0.0056  1.0000  0.0129  0.0207  0.0122  0.0099  0.0299  0.3139  0.0103  0.0136  0.3207  0.0020  0.0000  0.0057  0.0000  0.0000  0.0000
 0.0002  0.0000  0.0001  0.0000  0.0001  0.0007  0.0000  0.0000  0.0329  0.0001  1.0000  0.0199  0.0001  0.0001  0.0001  0.0001  0.0001  0.0001  0.0007  0.0001  0.0000  0.0001  0.0000  0.0000  0.0000
 0.0004  0.0000  0.0001  0.0000  0.0001  0.0010  0.0001  0.0001  0.0018  0.0001  1.0000  0.2914  0.0001  0.0002  0.0002  0.0001  0.0001  0.0002  0.0107  0.0001  0.0000  0.0001  0.0000  0.0000  0.0000
 0.0018  0.0000  0.0560  0.0003  0.0025  0.0004  0.0013  0.0016  0.0107  1.0000  0.0018  0.0006  0.0018  0.0014  0.1639  0.6954  0.0263  0.0020  0.0010  0.0003  0.0000  0.0008  0.0000  0.0000  0.0000
 0.1317  0.0000  0.2427  0.0112  0.0127  0.0280  0.0511  1.0000  0.0506  0.0163  0.2215  0.0322  0.0126  0.0266  0.0129  0.0132  0.0488  0.0260  0.0501  0.0046  0.0000  0.0167  0.0000  0.0000  0.0000
 0.0031  0.0000  0.0008  0.0004  0.0008  0.4054  0.0006  0.0006  0.0468  0.0011  0.7892  1.0000  0.0008  0.0013  0.0016  0.0011  0.0009  0.0019  0.7852  0.0010  0.0000  0.0011  0.0000  0.0000  0.0000
 0.0259  0.0000  0.0024  1.0000  0.1068  0.0289  0.0223  0.0345  0.0085  0.4992  0.0270  0.0065  0.8646  0.0181  0.0934  0.5896  0.0245  0.0240  0.0119  0.0030  0.0000  0.0093  0.0000  0.0000  0.0000
 0.0000  0.0000  0.0000  0.0000  0.0000  0.0000  0.0000  1.0000  0.0000  0.0000  0.0000  0.0000  0.0000  0.0000  0.0000  0.0000  0.0000  0.0000  0.0000  0.0000  0.0000  0.0000  0.0000  0.0000  0.0000
 0.0059  0.0000  0.0000  0.1396  1.0000  0.0003  0.0011  0.0007  0.0004  0.4425  0.0007  0.0003  0.0012  0.0078  0.0039  0.1151  0.0015  0.0013  0.0007  0.0001  0.0000  0.0004  0.0000  0.0000  0.0000
 0.0000  0.0000  0.0000  0.0000  0.0000  0.0000  0.0000  0.0000  0.0000  0.0000  0.0000  0.0000  1.0000  0.0000  0.0000  0.0000  0.0000  0.0000  0.0000  0.0000  0.0000  0.0000  0.0000  0.0000  0.0000
 0.0003  0.0000  0.0001  0.0001  0.0001  0.0005  0.0002  0.0000  1.0000  0.0001  0.0605  0.0005  0.0001  0.0001  0.0000  0.0001  0.0002  0.0004  0.6852  0.0001  0.0000  0.0002  0.0000  0.0000  0.0000
 0.0011  0.0000  0.0002  0.0001  0.0002  0.0003  0.0001  0.0000  1.0000  0.0002  0.0077  0.0063  0.0001  0.0046  0.0001  0.0001  0.0002  0.0857  0.1569  0.0000  0.0000  0.0001  0.0000  0.0000  0.0000
 0.7002  0.0000  0.1876  0.0066  0.0090  0.0020  1.0000  0.0020  0.0034  0.0874  0.0061  0.0027  0.0070  0.0121  0.0501  0.0689  0.4337  0.1168  0.0294  0.0009  0.0000  0.0019  0.0000  0.0000  0.0000
 0.0008  0.0000  0.0002  0.0001  0.0002  0.0013  0.0002  0.0001  0.4899  0.0002  1.0000  0.0104  0.0002  0.0002  0.0002  0.0002  0.0051  0.0082  0.0328  0.0002  0.0000  0.0002  0.0000  0.0000  0.0000
 0.3407  0.0000  0.1130  0.1631  0.1953  0.4419  0.2161  0.3469  0.2810  0.5751  1.0000  0.1533  0.2076  0.1400  0.2138  0.5085  0.3402  0.2931  0.3711  0.1169  0.0000  0.7201  0.0000  0.0000  0.0000
 0.0007  0.0000  0.0002  1.0000  0.0010  0.0002  0.0024  0.0007  0.0001  0.0009  0.0002  0.0001  0.3764  0.0006  0.0006  0.0005  0.0017  0.0007  0.0001  0.0001  0.0000  0.0004  0.0000  0.0000  0.0000
 0.1398  0.0000  0.0004  0.0002  0.0003  0.0010  0.0003  0.0000  0.7816  0.0004  0.0525  0.1425  0.0002  0.0003  0.0002  0.0003  0.0004  0.0012  1.0000  0.0001  0.0000  0.0004  0.0000  0.0000  0.0000
 0.0111  0.0000  0.0031  0.1385  0.0028  1.0000  0.0031  0.0010  0.6862  0.0038  0.2091  0.1524  0.0025  0.0030  0.0029  0.0033  0.0173  0.0163  0.1812  0.0021  0.0000  0.0049  0.0000  0.0000  0.0000
 0.6609  0.0000  0.0585  0.5297  0.8556  0.0962  0.3398  0.2472  0.2860  0.9346  0.3232  0.1817  0.4367  0.3813  0.5300  0.7593  0.7030  1.0000  0.2765  0.0304  0.0000  0.1129  0.0000  0.0000  0.0000
 0.0022  0.0000  0.0002  0.0003  0.0003  0.0001  0.0014  0.0001  0.0001  0.0003  0.0042  0.0001  0.0002  1.0000  0.0002  0.0002  0.0065  0.0005  0.0004  0.0001  0.0000  0.0001  0.0000  0.0000  0.0000
 0.9152  0.0000  0.0538  0.6199  1.0000  0.0535  0.3862  0.1610  0.2069  0.9319  0.3019  0.1195  0.5017  0.6343  0.9569  0.6175  0.7565  0.6307  0.3323  0.0181  0.0000  0.0436  0.0000  0.0000  0.0000
 0.4871  0.0000  0.0338  0.4536  0.6496  0.0316  0.2557  0.1597  0.1498  1.0000  0.2899  0.0671  0.3414  0.5531  0.5060  0.4260  0.5051  0.4790  0.2470  0.0109  0.0000  0.0241  0.0000  0.0000  0.0000
 0.1509  0.0000  0.0779  0.1607  0.2079  0.0100  0.0759  0.0243  0.0445  0.3488  0.0869  0.0211  0.1976  0.2654  0.2544  0.7113  1.0000  0.6738  0.0570  0.0035  0.0000  0.0077  0.0000  0.0000  0.0000
 0.0879  0.0000  0.0266  0.0309  0.0410  0.1278  0.0668  0.0945  0.2472  0.0724  1.0000  0.0392  0.0536  0.0357  0.0442  0.5465  0.0603  0.0688  0.0978  0.0278  0.0000  0.2701  0.0000  0.0000  0.0000
 0.0206  0.0000  0.0005  0.2420  1.0000  0.0005  0.0625  0.0116  0.0016  0.0290  0.0027  0.0009  0.0282  0.0030  0.0437  0.0047  0.2160  0.0329  0.0025  0.0002  0.0000  0.0006  0.0000  0.0000  0.0000
 0.3432  0.0000  0.0090  0.3099  1.0000  0.0084  0.0822  0.0205  0.0349  0.1873  0.0549  0.0332  0.5643  0.2294  0.2407  0.1065  0.2479  0.1792  0.0660  0.0029  0.0000  0.0064  0.0000  0.0000  0.0000
 0.0002  0.0000  0.0001  0.0000  0.0000  1.0000  0.0000  0.0000  0.0036  0.0000  0.0717  0.0002  0.0000  0.0001  0.0000  0.0000  0.0001  0.0001  0.0004  0.0008  0.0000  0.0119  0.0000  0.0000  0.0000
 0.0351  0.0000  0.0025  0.0789  0.2980  0.0023  0.0179  0.0120  0.0087  0.2139  0.0141  0.0049  1.0000  0.0129  0.8285  0.1161  0.2074  0.0524  0.0307  0.0008  0.0000  0.0019  0.0000  0.0000  0.0000
 0.0010  0.0000  0.0001  1.0000  0.1311  0.0001  0.0012  0.0400  0.0001  0.0011  0.0002  0.0001  0.0055  0.0006  0.0730  0.0004  0.0399  0.0006  0.0002  0.0001  0.0000  0.0002  0.0000  0.0000  0.0000
 0.0006  0.0000  0.0001  0.0001  0.0001  0.0003  0.0001  0.0000  0.0915  0.0001  0.0443  0.0003  0.0001  0.0001  0.0001  0.0001  0.0001  0.0825  1.0000  0.0000  0.0000  0.0001  0.0000  0.0000  0.0000
 0.0004  0.0000  0.0005  0.0006  0.0003  0.0003  0.0013  0.0061  0.0003  0.0002  0.0004  0.0001  0.0003  0.0006  0.0002  0.0004  0.0002  0.0003  0.0004  0.0003  0.0000  1.0000  0.0000  0.0000  0.0000
 0.0013  0.0000  0.0004  0.0002  0.0004  0.1472  0.0004  0.0002  0.8121  0.0005  1.0000  0.0501  0.0003  0.0005  0.0006  0.0005  0.0004  0.0009  0.1339  0.0004  0.0000  0.0006  0.0000  0.0000  0.0000
 0.1521  0.0000  0.0008  0.0009  0.0012  0.0120  0.0161  0.0022  0.0249  0.0013  0.0040  0.0117  0.0013  0.0010  0.0012  0.0015  0.0124  0.0085  1.0000  0.0008  0.0000  0.0927  0.0000  0.0000  0.0000
 0.4402  0.0000  0.1435  0.1739  0.2769  0.5501  0.2638  0.4206  0.3148  0.2384  0.5378  0.4003  0.2790  0.1756  0.2373  0.2764  0.4589  0.7080  0.4045  0.1445  0.0000  1.0000  0.0000  0.0000  0.0000
 0.0013  0.0000  0.0001  0.0667  1.0000  0.0002  0.0040  0.1608  0.0001  0.0016  0.0003  0.0001  0.0157  0.0064  0.0016  0.0006  0.0018  0.0277  0.0003  0.0001  0.0000  0.0004  0.0000  0.0000  0.0000
 0.0003  0.0000  0.0001  0.0000  0.0001  0.0062  0.0001  0.0000  0.0011  0.0001  1.0000  0.0008  0.0001  0.0001  0.0001  0.0001  0.0067  0.0001  0.0006  0.0001  0.0000  0.0003  0.0000  0.0000  0.0000
 0.0003  0.0000  0.0001  0.0000  0.0001  0.0007  0.0001  0.0001  0.0014  0.0001  0.0571  1.0000  0.0001  0.0001  0.0208  0.0001  0.0001  0.0002  0.0007  0.0001  0.0000  0.0001  0.0000  0.0000  0.0000
 0.0031  0.0000  0.0002  1.0000  0.2012  0.0004  0.2684  0.0013  0.0004  0.0032  0.0007  0.0003  0.0051  0.0020  0.0036  0.0011  0.0031  0.0017  0.0007  0.0002  0.0000  0.0007  0.0000  0.0000  0.0000
 0.8964  0.0000  0.1446  0.0024  0.0020  0.0252  0.0070  0.0007  0.0017  0.0026  0.0021  0.0011  0.0037  0.0046  0.0019  0.0017  0.0912  1.0000  0.0038  0.0004  0.0000  0.0008  0.0000  0.0000  0.0000
 0.0006  0.0000  0.0002  1.0000  0.0009  0.0001  0.0023  0.0007  0.0001  0.0009  0.0001  0.0001  0.3281  0.0005  0.0006  0.0005  0.0308  0.0007  0.0001  0.0001  0.0000  0.0003  0.0000  0.0000  0.0000
 0.0003  0.0000  0.0001  0.0002  0.0002  0.0005  0.0006  0.0001  0.0008  0.0002  1.0000  0.0005  0.0001  0.0036  0.0002  0.0002  0.0002  0.0002  0.0005  0.0001  0.0000  0.0001  0.0000  0.0000  0.0000
 0.3605  0.0000  0.4969  0.6139  0.1869  0.0321  0.4947  0.9451  0.0198  0.1858  0.0418  0.0162  1.0000  0.1269  0.1237  0.0991  0.3900  0.1544  0.0433  0.0152  0.0000  0.0953  0.0000  0.0000  0.0000
 0.1117  0.0000  0.0003  0.0010  0.0046  0.0007  0.0025  0.0876  0.0014  0.0323  0.0032  0.0011  0.2525  0.0026  1.0000  0.1712  0.0028  0.0035  0.0018  0.0005  0.0000  0.0015  0.0000  0.0000  0.0000
 0.0003  0.0000  0.0001  0.0001  0.0001  0.0005  0.0002  0.0000  1.0000  0.0001  0.1271  0.0004  0.0001  0.0001  0.0000  0.0001  0.0001  0.0183  0.4092  0.0001  0.0000  0.0002  0.0000  0.0000  0.0000
 0.0002  0.0000  0.0001  0.0000  0.0001  0.0003  0.0001  0.0000  1.0000  0.0001  0.1158  0.0003  0.0001  0.0000  0.0000  0.0001  0.0001  0.0002  0.1247  0.0000  0.0000  0.0001  0.0000  0.0000  0.0000
 0.0029  0.0000  0.0003  0.0005  0.0041  0.0006  0.0021  0.1887  0.0012  0.3754  0.0029  0.0010  0.0205  0.0023  0.4898  1.0000  0.0024  0.1768  0.0016  0.0005  0.0000  0.0013  0.0000  0.0000  0.0000
 0.0499  0.0000  0.0475  0.0159  0.0106  0.0042  0.0183  0.0045  0.0114  0.0157  0.0114  0.5382  0.0279  0.0212  1.0000  0.0101  0.3611  0.1941  0.0195  0.0025  0.0000  0.0046  0.0000  0.0000  0.0000
 0.1963  0.0000  0.0061  0.3593  0.7304  0.0058  0.2301  0.0141  0.0214  0.3877  0.0346  0.0122  0.2089  1.0000  0.3304  0.0602  0.1567  0.1545  0.0327  0.0020  0.0000  0.0045  0.0000  0.0000  0.0000
 0.0002  0.0000  0.0001  0.0000  0.0001  0.0006  0.0001  0.0000  0.0012  0.0001  1.0000  0.0037  0.0001  0.0053  0.0001  0.0001  0.0001  0.0001  0.0007  0.0001  0.0000  0.0001  0.0000  0.0000  0.0000
 0.0209  0.0000  0.0043  0.7742  0.2110  0.0024  0.0106  0.0042  0.0250  0.0111  0.0059  0.0031  0.0977  0.0115  0.0089  0.0168  0.9929  1.0000  0.0097  0.0015  0.0000  0.0032  0.0000  0.0000  0.0000
 0.0292  0.0000  0.0010  1.0000  0.4844  0.0028  0.0150  0.6209  0.0043  0.2015  0.0776  0.0030  0.1626  0.0292  0.0358  0.0119  0.0195  0.0230  0.0260  0.0013  0.0000  0.0040  0.0000  0.0000  0.0000
 0.1587  0.0000  0.0001  1.0000  0.9907  0.0004  0.0067  0.0012  0.0006  0.0048  0.0011  0.0004  0.0020  0.0029  0.1617  0.0013  0.0024  0.0021  0.0011  0.0002  0.0000  0.0006  0.0000  0.0000  0.0000
 0.0033  0.0000  0.0012  0.0026  0.0038  0.1035  0.0059  1.0000  0.0017  0.0143  0.0038  0.0010  0.0034  0.0039  0.0053  0.4023  0.0027  0.0031  0.0021  0.0010  0.0000  0.0018  0.0000  0.0000  0.0000
 0.0111  0.0000  1.0000  0.0033  0.0042  0.1977  0.0231  0.0035  0.4019  0.0056  0.2202  0.6049  0.0044  0.0030  0.0035  0.0054  0.0624  0.0119  0.7207  0.0031  0.0000  0.0203  0.0000  0.0000  0.0000
 0.0052  0.0000  0.0005  0.0010  0.0036  0.0006  0.0032  0.0021  0.0012  0.0163  0.0027  0.0185  0.0028  0.0026  1.0000  0.1167  0.3995  0.0043  0.0018  0.0004  0.0000  0.0011  0.0000  0.0000  0.0000
 0.0004  0.0000  0.0002  0.0001  0.0001  0.2393  0.0001  0.0000  0.0008  0.0000  0.0020  0.0004  0.0000  0.0001  0.0000  0.0000  0.0894  0.0002  0.0008  0.0018  0.0000  1.0000  0.0000  0.0000  0.0000
 0.0011  0.0000  0.0004  0.0002  0.0003  1.0000  0.0003  0.0002  0.0046  0.0003  0.7421  0.0029  0.0002  0.0005  0.0004  0.0003  0.0004  0.0007  0.0028  0.0018  0.0000  0.0064  0.0000  0.0000  0.0000
 0.0007  0.0000  0.0002  0.0001  0.0002  0.0011  0.0002  0.0001  0.2378  0.0002  1.0000  0.0453  0.0002  0.0002  0.0002  0.0002  0.0002  0.0290  0.1849  0.0001  0.0000  0.0003  0.0000  0.0000  0.0000
 0.0001  0.0000  0.0001  0.0000  0.0000  0.0570  0.0000  0.0000  0.0003  0.0000  0.0007  0.0001  0.0000  0.0001  0.0000  0.0000  0.0001  0.0001  0.0003  0.0007  0.0000  1.0000  0.0000  0.0000  0.0000
 0.0000  0.0000  0.0000  0.0000  0.0000  0.0000  0.0000  0.0000  0.0000  0.0000  0.0000  0.0000  0.0000  0.0000  1.0000  0.0000  0.0000  0.0000  0.0000  0.0000  0.0000  0.0000  0.0000  0.0000  0.0000
 0.0019  0.0000  0.0005  0.0003  0.0005  0.0040  0.0005  0.0003  1.0000  0.0006  0.7466  0.5669  0.0004  0.0006  0.0007  0.0006  0.0006  0.0096  0.0620  0.0005  0.0000  0.0007  0.0000  0.0000  0.0000
 0.0002  0.0000  0.0001  0.0000  0.0001  0.0006  0.0001  0.0000  0.0011  0.0001  1.0000  0.0122  0.0001  0.0001  0.0001  0.0001  0.0001  0.0001  0.0006  0.0001  0.0000  0.0001  0.0000  0.0000  0.0000
 1.0000  0.0000  0.4999  0.1336  0.1341  0.0557  0.6022  0.0550  0.0643  0.2535  0.1302  0.0550  0.1398  0.2687  0.1287  0.9869  0.5320  0.2323  0.1831  0.0290  0.0000  0.0583  0.0000  0.0000  0.0000
 0.0317  0.0000  0.0002  0.0002  0.0002  0.0001  1.0000  0.0001  0.0001  0.0002  0.0002  0.0001  0.0002  0.0006  0.0002  0.0002  0.0011  0.0004  0.0004  0.0001  0.0000  0.0001  0.0000  0.0000  0.0000
 0.0005  0.0000  0.0001  0.0001  0.0001  0.0014  0.0001  0.0001  0.3561  0.0002  1.0000  0.0100  0.0001  0.0002  0.0003  0.0002  0.0001  0.0060  0.0015  0.0002  0.0000  0.0002  0.0000  0.0000  0.0000
 0.0003  0.0000  0.0000  0.0001  0.0004  0.0001  0.0004  0.0003  0.0001  1.0000  0.0003  0.0001  0.0003  0.0004  0.0006  0.0159  0.0003  0.0003  0.0002  0.0001  0.0000  0.0001  0.0000  0.0000  0.0000
 0.0011  0.0000  0.0016  0.0017  0.0010  0.0010  0.0040  0.3744  0.0008  0.0006  0.0013  0.0003  0.0010  0.0017  0.0007  0.0013  0.0007  0.0010  0.0011  0.0008  0.0000  1.0000  0.0000  0.0000  0.0000
 0.0008  0.0000  0.0002  0.0002  0.0002  0.0146  0.0003  0.0001  1.0000  0.0003  0.6722  0.0660  0.0002  0.0002  0.0002  0.0003  0.0003  0.0007  0.4001  0.0002  0.0000  0.0005  0.0000  0.0000  0.0000
 0.0000  0.0000  0.0000  0.0000  0.0000  0.0000  0.0000  1.0000  0.0000  0.0000  0.0000  0.0000  0.0000  0.0000  0.0000  0.0000  0.0000  0.0000  0.0000  0.0000  0.0000  0.0000  0.0000  0.0000  0.0000
 0.0177  0.0000  0.0003  0.0002  0.0002  0.0001  0.0015  0.0000  0.0001  0.0003  0.0113  0.0001  0.0002  0.0007  0.0002  0.0002  1.0000  0.0006  0.0005  0.0000  0.0000  0.0001  0.0000  0.0000  0.0000
 1.0000  0.0000  0.0000  0.0000  0.0000  0.0000  0.0000  0.0000  0.0000  0.0000  0.0000  0.0000  0.0000  0.0000  0.0000  0.0000  0.0000  0.0000  0.0000  0.0000  0.0000  0.0000  0.0000  0.0000  0.0000
 0.0296  0.0000  0.0008  0.1074  0.0321  0.0007  1.0000  0.0247  0.0004  0.0153  0.0008  0.0003  0.8822  0.0030  0.0668  0.0026  0.0095  0.0038  0.0006  0.0004  0.0000  0.0019  0.0000  0.0000  0.0000
 0.0004  0.0000  0.0001  0.0001  0.0001  0.0006  0.0002  0.0000  0.9089  0.0002  0.0030  0.0005  0.0001  0.0001  0.0001  0.0001  0.0002  0.0005  1.0000  0.0001  0.0000  0.0003  0.0000  0.0000  0.0000
 0.0006  0.0000  0.0002  0.0001  0.0002  0.0012  0.0002  0.0001  1.0000  0.0003  0.7483  0.0014  0.0002  0.0002  0.0002  0.0002  0.0002  0.0006  0.0927  0.0001  0.0000  0.0004  0.0000  0.0000  0.0000
 0.0000  0.0000  0.0000  0.0000  0.0000  0.0000  0.0000  1.0000  0.0000  0.0000  0.0000  0.0000  0.0000  0.0000  0.0000  0.0000  0.0000  0.0000  0.0000  0.0000  0.0000  0.0000  0.0000  0.0000  0.0000
 0.0003  0.0000  0.0002  0.0004  0.0004  0.0002  0.0011  0.0057  0.0002  0.0008  0.0004  0.0001  0.0003  0.0007  0.0004  1.0000  0.0003  0.0003  0.0002  0.0002  0.0000  0.0002  0.0000  0.0000  0.0000
 0.0000  0.0000  0.0000  1.0000  0.0000  0.0000  0.0000  0.0000  0.0000  0.0000  0.0000  0.0000  0.0000  0.0000  0.0000  0.0000  0.0000  0.0000  0.0000  0.0000  0.0000  0.0000  0.0000  0.0000  0.0000
 0.0002  0.0000  0.0001  0.0000  0.0001  0.0006  0.0001  0.0000  0.0037  0.0001  1.0000  0.0007  0.0001  0.0001  0.0001  0.0001  0.0001  0.0001  0.0006  0.0001  0.0000  0.0001  0.0000  0.0000  0.0000
 0.0003  0.0000  0.0000  0.0001  0.0004  0.0001  0.0004  0.0003  0.0001  1.0000  0.0003  0.0001  0.0003  0.0004  0.0006  0.0141  0.0003  0.0003  0.0002  0.0001  0.0000  0.0001  0.0000  0.0000  0.0000
 0.0000  0.0000  0.0000  0.0000  0.0000  0.0000  0.0000  0.0000  0.0000  0.0000  0.0000  0.0000  0.0000  1.0000  0.0000  0.0000  0.0000  0.0000  0.0000  0.0000  0.0000  0.0000  0.0000  0.0000  0.0000
 0.0065  0.0000  0.0114  0.0008  0.0007  0.0003  0.1481  0.0002  0.0004  0.0008  0.0007  0.0003  0.0009  0.0017  0.0005  0.0031  1.0000  0.0077  0.0011  0.0001  0.0000  0.0002  0.0000  0.0000  0.0000
 0.0004  0.0000  0.0001  0.0012  0.0004  0.0001  0.0011  0.0003  0.0001  0.0004  0.0001  0.0000  1.0000  0.0003  0.0003  0.0002  0.0032  0.0003  0.0001  0.0001  0.0000  0.0002  0.0000  0.0000  0.0000
 0.0007  0.0000  0.0002  0.0001  0.0002  0.0017  0.0002  0.0001  0.7119  0.0003  1.0000  0.0020  0.0002  0.0002  0.0003  0.0003  0.0002  0.0006  0.0433  0.0002  0.0000  0.0003  0.0000  0.0000  0.0000
 0.2975  0.0000  0.0014  0.0005  0.0012  0.0832  0.0008  0.0007  0.0190  0.0015  1.0000  0.0111  0.0010  0.0020  0.0019  0.0013  0.0014  0.0039  0.4982  0.0011  0.0000  0.0016  0.0000  0.0000  0.0000
 0.0005  0.0000  0.0002  0.0001  0.0001  0.0010  0.0002  0.0000  0.1386  0.0002  0.5149  0.0112  0.0001  0.0001  0.0001  0.0002  0.0002  0.0005  1.0000  0.0001  0.0000  0.0003  0.0000  0.0000  0.0000
 0.0024  0.0000  0.0003  0.0029  0.0030  0.0005  0.0030  0.0020  0.0008  0.3509  0.0018  0.0006  1.0000  0.0018  0.0042  0.0397  0.0288  0.0111  0.0011  0.0003  0.0000  0.0010  0.0000  0.0000  0.0000
 1.0000  0.0000  0.0075  0.0075  0.6146  0.0029  0.0527  0.0016  0.0036  0.0080  0.0074  0.0035  0.0063  0.0190  0.0059  0.0055  0.6303  0.0594  0.0126  0.0011  0.0000  0.0023  0.0000  0.0000  0.0000
 0.0015  0.0000  0.0004  1.0000  0.0023  0.0003  0.0054  0.0016  0.0002  0.0262  0.0003  0.0001  0.8893  0.0012  0.0240  0.0011  0.0209  0.0016  0.0003  0.0002  0.0000  0.0008  0.0000  0.0000  0.0000
 0.0000  0.0000  1.0000  0.0000  0.0000  0.0000  0.0000  0.0000  0.0000  0.0000  0.0000  0.0000  0.0000  0.0000  0.0000  0.0000  0.0000  0.0000  0.0000  0.0000  0.0000  0.0000  0.0000  0.0000  0.0000
 0.0078  0.0000  0.0001  1.0000  0.5961  0.0007  0.0030  0.0019  0.0010  0.0078  0.0237  0.0007  0.0035  0.0047  0.0101  0.0021  0.0044  0.5550  0.0018  0.0003  0.0000  0.0010  0.0000  0.0000  0.0000
 0.0000  0.0000  0.0000  0.0000  0.0000  0.0000  0.0000  0.0000  0.0000  0.0000  1.0000  0.0000  0.0000  0.0000  0.0000  0.0000  0.0000  0.0000  0.0000  0.0000  0.0000  0.0000  0.0000  0.0000  0.0000
 0.0003  0.0000  0.0000  0.0001  0.0005  0.0001  0.0003  0.0003  0.0002  1.0000  0.0004  0.0001  0.0003  0.0003  0.0008  0.0975  0.0003  0.0004  0.0002  0.0001  0.0000  0.0002  0.0000  0.0000  0.0000
 0.0002  0.0000  0.0000  0.0000  0.0000  0.0002  0.0001  0.0000  1.0000  0.0001  0.0094  0.0002  0.0000  0.0000  0.0000  0.0001  0.0001  0.0002  0.0226  0.0000  0.0000  0.0001  0.0000  0.0000  0.0000
 0.2662  0.0000  0.9717  0.0145  0.0297  0.0141  0.3264  0.0039  0.0444  0.0196  1.0000  0.0170  0.0130  0.0489  0.0142  0.0144  0.1001  0.0518  0.0386  0.0035  0.0000  0.0067  0.0000  0.0000  0.0000
 0.0004  0.0000  0.0001  1.0000  0.0005  0.0001  0.0077  0.0003  0.0001  0.0004  0.0001  0.0000  0.0015  0.0003  0.0003  0.0002  0.0008  0.0003  0.0001  0.0001  0.0000  0.0026  0.0000  0.0000  0.0000
 0.0001  0.0000  0.0001  0.0000  0.0000  1.0000  0.0001  0.0000  0.0003  0.0000  0.0114  0.0002  0.0000  0.0001  0.0000  0.0000  0.0001  0.0001  0.0003  0.0006  0.0000  0.0023  0.0000  0.0000  0.0000
 0.0004  0.0000  0.0003  0.0005  0.0004  0.0003  1.0000  0.0002  0.0002  0.0004  0.0004  0.0001  0.0003  0.0008  0.0003  0.0005  0.0003  0.0003  0.0003  0.0038  0.0000  0.0003  0.0000  0.0000  0.0000
 0.0002  0.0000  0.0001  0.0000  0.0001  0.0006  0.0001  0.0000  0.0012  0.0001  1.0000  0.0319  0.0001  0.0001  0.0001  0.0001  0.0001  0.0001  0.0006  0.0001  0.0000  0.0001  0.0000  0.0000  0.0000
 1.0000  0.0000  0.0002  0.0002  0.0002  0.0001  0.0012  0.0000  0.0001  0.0002  0.0002  0.0001  0.0001  0.0006  0.0001  0.0002  0.0164  0.0004  0.0004  0.0000  0.0000  0.0001  0.0000  0.0000  0.0000
 0.0004  0.0000  0.0001  0.0005  0.0004  0.0002  0.0014  0.0002  0.0002  0.0007  0.0005  0.0001  0.0003  0.0046  0.0003  1.0000  0.0003  0.0003  0.0002  0.0002  0.0000  0.0002  0.0000  0.0000  0.0000
 0.1304  0.0000  0.0213  0.0346  0.0322  0.0359  0.2177  0.0402  0.0418  0.0407  0.0519  0.0187  0.0552  0.2572  0.0789  0.0329  0.2111  1.0000  0.1286  0.0116  0.0000  0.0487  0.0000  0.0000  0.0000
 1.0000  0.0000  0.0271  0.0708  0.1357  0.2366  0.1045  0.0491  0.0453  0.1398  0.1660  0.0255  0.2170  0.0413  0.0732  0.0711  0.2458  0.7316  0.1032  0.0148  0.0000  0.0742  0.0000  0.0000  0.0000
 0.5067  0.0000  0.1766  0.4256  0.6242  0.0612  0.5903  0.1565  0.2567  0.5488  0.2491  0.0799  0.3697  0.1877  0.3528  0.3323  1.0000  0.3918  0.1929  0.0184  0.0000  0.0681  0.0000  0.0000  0.0000
 0.2418  0.0000  0.0149  0.2769  0.9572  0.0139  0.1670  0.0340  0.0969  0.2737  0.0844  0.0296  0.1441  0.0919  0.3235  0.1468  0.2769  1.0000  0.1856  0.0048  0.0000  0.0106  0.0000  0.0000  0.0000
 0.1618  0.0000  0.0194  0.9910  0.5599  0.0168  0.3458  0.0701  0.0261  0.3162  0.0434  0.0160  0.7502  0.0767  0.1171  0.0896  0.9370  1.0000  0.0411  0.0080  0.0000  0.0338  0.0000  0.0000  0.0000
 0.6967  0.0000  0.0993  0.7967  1.0000  0.4664  0.4245  0.2871  0.2643  0.7247  0.4504  0.1603  0.4916  0.3867  0.5366  0.4637  0.6465  0.5189  0.3722  0.0803  0.0000  0.3972  0.0000  0.0000  0.0000
 0.4215  0.0000  0.1490  0.1683  0.4975  1.0000  0.2702  0.4445  0.3337  0.2382  0.6073  0.5126  0.2703  0.1675  0.3276  0.2850  0.3386  0.3209  0.4130  0.1517  0.0000  0.8300  0.0000  0.0000  0.0000
 0.0002  0.0000  0.0001  0.0001  0.0001  0.0006  0.0001  0.0001  0.0011  0.0001  0.0257  1.0000  0.0001  0.0001  0.0001  0.0001  0.0001  0.0001  0.0006  0.0001  0.0000  0.0001  0.0000  0.0000  0.0000
 0.0007  0.0000  0.0003  0.0003  0.0002  0.0002  0.0006  0.0001  0.0003  0.0002  0.0004  0.0127  0.0004  0.0004  0.0002  0.0002  0.0012  1.0000  0.0004  0.0001  0.0000  0.0002  0.0000  0.0000  0.0000
 0.1583  0.0000  0.0074  0.2934  1.0000  0.0118  0.2795  0.0285  0.0147  0.1121  0.0284  0.0118  0.0635  0.3046  0.1417  0.0346  0.0856  0.0560  0.0322  0.0055  0.0000  0.0155  0.0000  0.0000  0.0000
 0.0000  0.0000  0.0000  0.0000  0.0000  0.0000  0.0000  0.0000  0.0000  0.0000  0.0000  0.0000  0.0000  0.0000  0.0000  0.0000  0.0000  0.0000  0.0000  0.0000  0.0000  1.0000  0.0000  0.0000  0.0000
 0.0042  0.0000  0.0002  0.0001  0.0002  0.0001  0.0005  0.0001  0.0007  0.0002  0.0006  0.0002  0.0001  0.0004  0.0001  0.0001  0.0004  0.0006  1.0000  0.0001  0.0000  0.0001  0.0000  0.0000  0.0000
 0.4241  0.0000  0.0022  0.0006  0.0017  0.0042  0.0010  0.0004  0.0409  0.0017  0.0081  0.0024  0.0008  0.0026  0.0012  0.0010  0.1068  0.0077  1.0000  0.0002  0.0000  0.0005  0.0000  0.0000  0.0000
 0.0006  0.0000  0.0003  0.0004  0.0002  0.0002  0.0007  0.0002  0.0192  0.0003  0.0005  0.0001  0.0004  0.0005  0.0002  0.0003  0.0012  1.0000  0.0005  0.0001  0.0000  0.0002  0.0000  0.0000  0.0000
 0.0008  0.0000  0.0002  0.0004  0.0004  0.0002  0.0012  0.0002  0.0002  0.0008  0.0004  0.0001  0.0003  0.0008  0.0004  1.0000  0.0194  0.0004  0.0003  0.0002  0.0000  0.0002  0.0000  0.0000  0.0000
 0.0003  0.0000  0.0001  0.0000  0.0001  0.0062  0.0000  0.0000  0.0006  0.0000  0.0291  0.0003  0.0000  0.0001  0.0000  0.0000  0.0002  0.0002  0.0005  1.0000  0.0000  0.4702  0.0000  0.0000  0.0000
 0.0002  0.0000  0.0001  0.0001  0.0001  0.0030  0.0001  0.0000  0.0003  0.0000  0.0196  0.0001  0.0000  0.0001  0.0000  0.0000  0.0001  0.0001  0.0003  0.0006  0.0000  1.0000  0.0000  0.0000  0.0000
 0.0005  0.0000  0.0004  0.0007  0.0005  0.0193  0.0017  0.0003  0.0003  0.0006  0.0006  0.0001  0.0004  0.0010  0.0004  1.0000  0.0003  0.0004  0.0004  0.0003  0.0000  0.0004  0.0000  0.0000  0.0000
 1.0000  0.0000  0.0003  0.0002  0.0003  0.0001  0.0035  0.0001  0.0001  0.0003  0.0195  0.0001  0.0002  0.0162  0.0002  0.0002  0.0016  0.0005  0.0005  0.0000  0.0000  0.0001  0.0000  0.0000  0.0000
 0.0000  0.0000  0.0000  0.0000  0.0000  0.0000  0.0000  0.0000  0.0000  0.0000  0.0000  0.0000  0.0000  1.0000  0.0000  0.0000  0.0000  0.0000  0.0000  0.0000  0.0000  0.0000  0.0000  0.0000  0.0000
 0.0006  0.0000  0.0000  0.0014  1.0000  0.0001  0.0036  0.0001  0.0001  0.0005  0.0001  0.0000  0.0003  0.0003  0.0043  0.0002  0.0003  0.0002  0.0001  0.0000  0.0000  0.0001  0.0000  0.0000  0.0000
 0.0020  0.0000  0.0006  0.0003  0.0005  0.0027  0.0006  0.0001  0.7683  0.0007  1.0000  0.0030  0.0004  0.0052  0.0004  0.0006  0.0006  0.0018  0.6796  0.0003  0.0000  0.0009  0.0000  0.0000  0.0000
 0.0017  0.0000  0.0004  0.0002  0.0004  0.0047  0.0003  0.0004  0.6569  0.0006  1.0000  0.8723  0.0004  0.0478  0.0009  0.0006  0.0005  0.0010  0.0048  0.0006  0.0000  0.0006  0.0000  0.0000  0.0000
 0.0003  0.0000  0.0001  0.0000  0.0001  0.0041  0.0001  0.0001  0.0015  0.0001  1.0000  0.0010  0.0001  0.0190  0.0002  0.0001  0.0001  0.0002  0.0008  0.0001  0.0000  0.0002  0.0000  0.0000  0.0000
 0.0437  0.0000  0.1150  0.0542  0.0193  0.0043  0.6183  0.0121  0.0072  0.0217  0.0087  0.0043  1.0000  0.0206  0.0154  0.0122  0.4354  0.2432  0.0130  0.0024  0.0000  0.0075  0.0000  0.0000  0.0000
 0.1273  0.0000  0.2637  0.0304  0.0334  0.3737  0.0342  0.0255  0.3344  0.0436  1.0000  0.6395  0.0540  0.0551  0.0500  0.0374  0.3427  0.2946  0.2132  0.1391  0.0000  0.1496  0.0000  0.0000  0.0000
 0.1187  0.0000  0.0282  0.6612  0.2285  0.0241  0.8878  0.5104  0.0123  0.3275  0.0273  0.0097  0.8634  0.0956  0.1149  0.1190  1.0000  0.1257  0.0204  0.0125  0.0000  0.0643  0.0000  0.0000  0.0000
 0.0000  0.0000  0.0000  0.0000  0.0000  0.0000  0.0000  0.0000  0.0000  0.0000  0.0000  0.0000  0.0000  0.0000  0.0000  0.0000  0.0000  0.0000  0.0000  0.0000  0.0000  1.0000  0.0000  0.0000  0.0000
 0.0215  0.0000  0.0051  0.2543  0.0292  0.0042  0.1880  0.0210  0.0027  0.4014  0.0050  0.0019  0.4085  0.0167  0.1290  0.0147  0.1305  1.0000  0.0044  0.0022  0.0000  0.0107  0.0000  0.0000  0.0000
 1.0000  0.0000  0.0145  0.1676  0.8703  0.0134  0.1456  0.0325  0.0498  0.5316  0.0804  0.1423  0.1317  0.0739  0.6228  0.1400  0.3329  0.4057  0.2365  0.0047  0.0000  0.0103  0.0000  0.0000  0.0000
 1.0000  0.0000  0.0200  0.0436  0.1244  0.0103  0.0356  0.0122  0.0286  0.0389  0.0270  0.0143  0.4984  0.0491  0.0304  0.0245  0.4045  0.7294  0.0884  0.0064  0.0000  0.0474  0.0000  0.0000  0.0000
 0.0052  0.0000  0.0002  0.0001  0.0002  0.0006  0.0002  0.0000  1.0000  0.0002  0.0033  0.0466  0.0001  0.0002  0.0001  0.0002  0.0002  0.0008  0.9384  0.0001  0.0000  0.0003  0.0000  0.0000  0.0000
 0.0000  0.0000  0.0000  1.0000  0.0000  0.0000  0.0000  0.0000  0.0000  0.0000  0.0000  0.0000  0.0000  0.0000  0.0000  0.0000  0.0000  0.0000  0.0000  0.0000  0.0000  0.0000  0.0000  0.0000  0.0000
 0.0004  0.0000  0.0001  0.0001  0.0001  0.0008  0.0002  0.0000  1.0000  0.0002  0.1747  0.0514  0.0001  0.0001  0.0001  0.0002  0.0002  0.0005  0.6981  0.0001  0.0000  0.0003  0.0000  0.0000  0.0000
 0.0000  0.0000  0.0000  0.0000  0.0000  0.0000  0.0000  0.0000  0.0000  0.0000  0.0000  0.0000  0.0000  0.0000  0.0000  0.0000  0.0000  0.0000  0.0000  1.0000  0.0000  0.0000  0.0000  0.0000  0.0000
 0.0000  0.0000  0.0000  0.0000  0.0000  0.0000  0.0000  0.0000  0.0000  0.0000  0.0000  0.0000  0.0000  0.0000  0.0000  0.0000  1.0000  0.0000  0.0000  0.0000  0.0000  0.0000  0.0000  0.0000  0.0000
 0.0407  0.0000  0.0003  0.0001  0.0002  0.0002  0.0000  0.0001  0.0086  0.0002  0.0011  0.0003  0.0001  0.0003  0.0002  0.0001  0.0002  0.0311  1.0000  0.0000  0.0000  0.0000  0.0000  0.0000  0.0000
 0.0009  0.0000  0.0039  0.0005  0.0003  0.0003  1.0000  0.0002  0.0002  0.0001  0.0004  0.0001  0.0003  0.0004  0.0002  0.0003  0.0005  0.0004  0.0004  0.0002  0.0000  0.0003  0.0000  0.0000  0.0000
 0.0000  0.0000  1.0000  0.0000  0.0000  0.0000  0.0000  0.0000  0.0000  0.0000  0.0000  0.0000  0.0000  0.0000  0.0000  0.0000  0.0000  0.0000  0.0000  0.0000  0.0000  0.0000  0.0000  0.0000  0.0000
 0.0003  0.0000  0.0001  0.0001  0.0001  0.0003  0.0002  0.0000  1.0000  0.0001  0.0011  0.0002  0.0001  0.0001  0.0001  0.0001  0.0001  0.0002  0.0075  0.0001  0.0000  0.0001  0.0000  0.0000  0.0000
 0.0043  0.0000  0.0012  0.0005  0.0011  1.0000  0.0008  0.0008  0.0207  0.0013  0.5252  0.9478  0.0010  0.0018  0.0020  0.0013  0.0053  0.0025  0.0274  0.0034  0.0000  0.0167  0.0000  0.0000  0.0000
 1.0000  0.0000  0.0060  0.0044  0.0053  0.0025  0.6841  0.0010  0.0161  0.0058  0.0133  0.3809  0.0037  0.0150  0.0040  0.0042  0.0429  0.0104  0.0101  0.0008  0.0000  0.0017  0.0000  0.0000  0.0000
 0.0005  0.0000  0.0000  0.0065  1.0000  0.0001  0.0003  0.0001  0.0001  0.0005  0.0001  0.0000  0.0002  0.0004  0.0006  0.0002  0.0003  0.0002  0.0001  0.0000  0.0000  0.0001  0.0000  0.0000  0.0000
 0.0008  0.0000  0.0002  0.0001  0.0002  0.0021  0.0002  0.0002  0.2435  0.0003  1.0000  0.6437  0.0002  0.0003  0.0004  0.0003  0.0002  0.0154  0.0065  0.0002  0.0000  0.0003  0.0000  0.0000  0.0000
 0.0010  0.0000  0.0003  0.0002  0.0003  0.0022  0.0004  0.0001  0.4667  0.0004  1.0000  0.4254  0.0003  0.0003  0.0003  0.0004  0.0004  0.0010  0.4596  0.0003  0.0000  0.0212  0.0000  0.0000  0.0000
 0.7473  0.0000  0.0615  0.6315  1.0000  0.0483  0.4399  0.1176  0.1825  0.9296  0.2983  0.1026  0.5147  0.2660  0.5791  0.5734  0.7115  0.6396  0.2765  0.0166  0.0000  0.0366  0.0000  0.0000  0.0000
 0.2228  0.0000  0.0285  0.2724  0.2170  0.0369  0.6360  0.2170  0.0526  0.7423  0.1202  0.0404  0.3757  0.1307  0.2758  1.0000  0.2618  0.1995  0.0781  0.0220  0.0000  0.0767  0.0000  0.0000  0.0000
 0.0484  0.0000  0.0433  0.0123  0.2722  0.0012  0.1725  0.0033  0.0041  1.0000  0.0069  0.0024  0.0106  0.0062  0.1873  0.5451  0.0922  0.0783  0.0061  0.0005  0.0000  0.0012  0.0000  0.0000  0.0000
 0.1853  0.0000  0.0205  0.0050  0.0154  0.0105  0.0009  0.0039  0.2400  0.0158  0.0699  0.0214  0.0075  1.0000  0.0671  0.0252  0.0170  0.3300  0.5336  0.0018  0.0000  0.0033  0.0000  0.0000  0.0000
 0.0005  0.0000  0.0001  0.0001  0.0001  0.0832  0.0001  0.0001  0.0973  0.0002  1.0000  0.0126  0.0001  0.0002  0.0002  0.0119  0.0001  0.0110  0.0050  0.0002  0.0000  0.0002  0.0000  0.0000  0.0000
 0.0007  0.0000  0.0001  0.0001  0.0001  1.0000  0.0001  0.0001  0.0013  0.0093  0.0061  0.0007  0.0001  0.0002  0.0002  0.0002  0.0002  0.0104  0.0047  0.0001  0.0000  0.0001  0.0000  0.0000  0.0000
 0.0321  0.0000  0.0004  0.0004  0.0004  0.0002  0.0045  0.0001  0.0002  0.0794  0.0004  0.0002  0.0003  1.0000  0.0474  0.0005  0.0058  0.0007  0.0006  0.0001  0.0000  0.0001  0.0000  0.0000  0.0000
 0.0022  0.0000  0.0002  0.0004  0.0003  0.0001  1.0000  0.0001  0.0001  0.0003  0.0002  0.0001  0.0004  0.0006  0.0002  0.0126  0.0111  0.0004  0.0003  0.0000  0.0000  0.0001  0.0000  0.0000  0.0000
 0.0312  0.0000  0.0051  0.0681  0.0234  0.0042  0.0148  0.0113  0.0290  0.9400  0.0455  0.0064  0.2059  0.0182  0.0306  1.0000  0.1462  0.9935  0.0155  0.0028  0.0000  0.0067  0.0000  0.0000  0.0000
 0.0006  0.0000  0.0000  1.0000  0.0603  0.0001  0.0007  0.0003  0.0001  0.0007  0.0001  0.0001  0.0440  0.0103  0.0117  0.0002  0.0045  0.0004  0.0001  0.0000  0.0000  0.0001  0.0000  0.0000  0.0000
 0.0025  0.0000  0.1046  0.0069  0.0031  0.0011  0.0055  1.0000  0.0008  0.0070  0.0016  0.0005  0.0338  0.0018  0.0267  0.0158  0.0045  0.0025  0.0011  0.0004  0.0000  0.8686  0.0000  0.0000  0.0000
 0.0202  0.0000  0.0002  0.0001  0.0002  0.0008  0.0002  0.0000  1.0000  0.0003  0.1114  0.0512  0.0002  0.0001  0.0001  0.0002  0.0003  0.0007  0.9273  0.0001  0.0000  0.0004  0.0000  0.0000  0.0000
 0.0188  0.0000  0.0035  1.0000  0.0660  0.0033  0.0526  0.9169  0.0020  0.0250  0.0042  0.0016  0.3966  0.0143  0.1645  0.0115  0.0409  0.0170  0.0034  0.0017  0.0000  0.0083  0.0000  0.0000  0.0000
 0.0003  0.0000  0.0003  0.0006  0.0004  0.0002  0.0013  0.0041  0.0002  0.0005  0.0004  0.0001  0.0003  0.0008  1.0000  0.0005  0.0003  0.0003  0.0003  0.0002  0.0000  0.0002  0.0000  0.0000  0.0000
 0.0052  0.0000  0.0014  0.0006  0.0013  0.1229  0.0010  0.0011  0.0661  0.0018  1.0000  0.1128  0.0013  0.0022  0.0027  0.0018  0.0015  0.0030  0.0146  0.4135  0.0000  0.0025  0.0000  0.0000  0.0000
 0.0596  0.0000  0.0042  0.0366  0.0719  0.0055  0.0564  0.0240  0.0156  0.5017  0.0356  0.0099  1.0000  0.0247  0.2272  0.6324  0.2527  0.0925  0.0284  0.0029  0.0000  0.0079  0.0000  0.0000  0.0000
 0.0756  0.0000  0.0078  0.0128  0.1013  0.0242  0.0516  0.0652  0.1915  0.9591  1.0000  0.0357  0.0707  0.0582  0.3342  0.5160  0.0599  0.0794  0.0507  0.0124  0.0000  0.0336  0.0000  0.0000  0.0000
 0.0002  0.0000  0.0001  0.0001  0.0001  0.0004  0.0001  0.0000  1.0000  0.0001  0.1631  0.0004  0.0001  0.0000  0.0000  0.0001  0.0001  0.0003  0.2610  0.0001  0.0000  0.0002  0.0000  0.0000  0.0000
 0.3527  0.0000  0.0992  0.0162  0.0507  0.0462  0.0019  0.0130  1.0000  0.0508  0.4986  0.5696  0.0378  0.0714  0.0385  0.0290  0.0499  0.9186  0.8439  0.0072  0.0000  0.0130  0.0000  0.0000  0.0000
 0.0243  0.0000  0.0003  0.0265  1.0000  0.0058  0.0025  0.0935  0.0010  0.0217  0.0017  0.0521  0.0693  0.0019  0.0041  0.0857  0.0194  0.0030  0.0015  0.0002  0.0000  0.0006  0.0000  0.0000  0.0000
 0.0203  0.0000  0.0056  0.0037  0.0060  0.0656  0.0060  0.0063  0.3182  0.0389  1.0000  0.1012  0.0059  0.0071  0.5314  0.0075  0.0077  0.0364  0.4646  0.0053  0.0000  0.0548  0.0000  0.0000  0.0000
 0.0077  0.0000  0.0230  0.0002  0.0005  0.0006  0.0001  0.0001  0.4183  0.0005  1.0000  0.0010  0.0003  0.0007  0.0004  0.0003  0.0005  0.0432  0.0991  0.0001  0.0000  0.0002  0.0000  0.0000  0.0000
 0.0000  0.0000  0.0000  0.0000  0.0000  0.0000  1.0000  0.0000  0.0000  0.0000  0.0000  0.0000  0.0000  0.0000  0.0000  0.0000  0.0000  0.0000  0.0000  0.0000  0.0000  0.0000  0.0000  0.0000  0.0000
 0.0009  0.0000  0.0002  0.0004  0.0002  0.0001  0.0003  0.0001  0.0003  0.0031  0.0003  0.0001  0.0056  0.0005  0.0003  0.0002  0.3148  1.0000  0.0004  0.0001  0.0000  0.0001  0.0000  0.0000  0.0000
 0.0024  0.0000  0.0003  0.0005  0.0005  0.0003  0.0017  0.0002  0.0004  0.0007  0.0009  0.0265  0.0003  1.0000  0.0282  0.0006  0.0012  0.0006  0.0006  0.0001  0.0000  0.0002  0.0000  0.0000  0.0000
 0.2369  0.0000  0.3162  0.5061  0.3014  0.0167  0.1363  0.0283  0.0435  0.2321  0.0803  0.0246  0.4084  0.3871  0.1369  0.1591  1.0000  0.3488  0.0664  0.0040  0.0000  0.0090  0.0000  0.0000  0.0000
 0.2735  0.0000  0.0038  0.6532  1.0000  0.0050  0.0489  0.0128  0.0143  0.0795  0.0447  0.0086  0.0501  0.5190  0.1979  0.0391  0.0903  0.0604  0.0229  0.0020  0.0000  0.0050  0.0000  0.0000  0.0000
 0.4153  0.0000  0.0038  0.3767  1.0000  0.0098  0.0446  0.0195  0.0113  0.0503  0.0184  0.0064  0.0424  0.0162  0.0374  0.0380  0.4393  0.0567  0.0168  0.0018  0.0000  0.0246  0.0000  0.0000  0.0000
 0.4376  0.0000  0.0950  0.1694  0.1537  0.1869  0.0973  0.0879  0.2945  0.1395  0.2780  0.0942  0.1900  0.1578  0.1170  0.1014  0.6942  1.0000  0.5917  0.0354  0.0000  0.1339  0.0000  0.0000  0.0000
 0.0008  0.0000  0.0002  0.0001  0.0002  0.0023  0.0002  0.0002  0.3510  0.0003  1.0000  0.6375  0.0002  0.0004  0.0004  0.0003  0.0002  0.0005  0.0125  0.0003  0.0000  0.0003  0.0000  0.0000  0.0000
 0.4009  0.0000  0.0562  0.3421  0.7262  0.0167  1.0000  0.1278  0.0627  0.9914  0.1435  0.1473  0.3787  0.0920  0.5958  0.2868  0.6523  0.2290  0.0956  0.0057  0.0000  0.0127  0.0000  0.0000  0.0000
 0.1762  0.0000  0.0205  0.0397  0.1922  0.1281  0.1066  0.1235  0.0680  1.0000  0.1479  0.0498  0.1552  0.1194  0.3189  0.8208  0.2138  0.2920  0.0930  0.0239  0.0000  0.0703  0.0000  0.0000  0.0000
 0.0011  0.0000  0.0003  0.0002  0.0003  0.0099  0.0004  0.0001  0.8477  0.0004  1.0000  0.0573  0.0003  0.0003  0.0004  0.0004  0.0004  0.0301  0.1997  0.0003  0.0000  0.0006  0.0000  0.0000  0.0000
 0.0264  0.0000  0.0128  0.0406  0.0304  0.0046  0.1216  0.0200  0.0070  0.1135  0.0159  0.0304  0.6617  0.0180  0.6874  0.4859  1.0000  0.0270  0.0100  0.0030  0.0000  0.0103  0.0000  0.0000  0.0000
 0.0152  0.0000  0.0003  0.0829  0.9324  0.0014  0.0058  0.0807  0.0019  0.0151  0.0034  0.0089  0.0070  1.0000  0.0932  0.0042  0.8950  0.0358  0.0036  0.0007  0.0000  0.0019  0.0000  0.0000  0.0000
 0.0976  0.0000  0.0251  0.3341  0.3673  0.0067  0.0534  0.0172  0.0241  0.4409  0.0389  0.0137  1.0000  0.0363  0.1110  0.4419  0.4317  0.8557  0.0367  0.0024  0.0000  0.0262  0.0000  0.0000  0.0000
 1.0000  0.0000  0.0013  0.0008  0.0011  0.0006  0.0037  0.0003  0.0032  0.0012  0.0026  0.0009  0.0009  0.0024  0.0009  0.0008  0.0098  0.1255  0.4674  0.0002  0.0000  0.0003  0.0000  0.0000  0.0000
 0.0013  0.0000  0.0001  0.0002  0.0017  0.0003  0.0009  0.0011  0.0005  0.1960  0.0950  0.0004  0.0012  0.0010  0.0958  1.0000  0.0010  0.0013  0.0007  0.0002  0.0000  0.0006  0.0000  0.0000  0.0000
 0.1058  0.0000  0.0021  0.0196  0.2128  0.0026  0.0152  0.0330  0.0078  0.3163  0.0144  0.0049  0.7288  0.0124  0.0573  1.0000  0.0990  0.3192  0.0114  0.0014  0.0000  0.0036  0.0000  0.0000  0.0000
 0.0001  0.0000  0.0001  0.0000  0.0000  0.1155  0.0000  0.0000  0.0003  0.0000  0.0008  0.0002  0.0000  0.0001  0.0000  0.0000  0.0001  0.0001  0.0003  0.0007  0.0000  1.0000  0.0000  0.0000  0.0000
 0.0004  0.0000  0.0001  0.0001  0.0001  0.0122  0.0002  0.0000  0.8289  0.0002  0.0204  0.1104  0.0001  0.0001  0.0001  0.0002  0.0002  0.0005  1.0000  0.0001  0.0000  0.0003  0.0000  0.0000  0.0000
 0.0095  0.0000  0.0007  0.0163  0.6617  0.0009  0.0051  0.0029  0.0026  0.4327  0.0943  0.0253  0.0518  0.0043  0.3676  1.0000  0.0456  0.0077  0.0039  0.0005  0.0000  0.0012  0.0000  0.0000  0.0000
 0.0057  0.0000  0.0013  0.0215  0.0351  0.0010  0.0149  0.1004  0.0009  0.0069  0.0014  0.0006  1.0000  0.0041  0.6554  0.0036  0.9866  0.0366  0.0015  0.0005  0.0000  0.0024  0.0000  0.0000  0.0000
 0.0071  0.0000  0.0013  0.0010  0.0058  0.0153  0.0032  0.0038  0.0198  0.0378  1.0000  0.0294  0.0042  0.0043  0.0302  0.3577  0.0038  0.0058  0.0120  0.0017  0.0000  0.0028  0.0000  0.0000  0.0000
 0.0091  0.0000  0.0002  0.0064  0.0003  0.0001  0.0123  0.0001  0.0001  0.0003  0.0002  0.0001  0.0005  1.0000  0.0078  0.0002  0.0057  0.0119  0.0004  0.0000  0.0000  0.0001  0.0000  0.0000  0.0000
 0.4371  0.0000  0.1612  0.1742  0.2316  0.8080  0.2795  0.5582  0.3338  0.7683  0.6327  0.2215  0.2998  0.3936  0.7108  0.6078  0.3646  0.3524  0.5044  0.1568  0.0000  1.0000  0.0000  0.0000  0.0000
 0.0817  0.0000  0.0221  0.0256  0.0340  0.2296  0.0411  0.2157  0.0491  0.0362  0.1242  0.5421  0.0416  0.0255  0.1359  0.3287  0.1530  0.1675  0.1551  0.0231  0.0000  1.0000  0.0000  0.0000  0.0000
 0.3217  0.0000  0.0009  0.0416  0.1724  0.0009  0.0173  0.0201  0.0033  0.1132  0.0116  0.0019  0.0088  1.0000  0.0836  0.1367  0.0455  0.1209  0.0129  0.0003  0.0000  0.0007  0.0000  0.0000  0.0000
 0.1001  0.0000  0.0096  0.0183  0.1394  0.0208  0.4745  0.0971  0.0427  1.0000  0.1014  0.0335  0.0981  0.1504  0.2720  0.9917  0.0822  0.1073  0.0567  0.0157  0.0000  0.0451  0.0000  0.0000  0.0000
 0.4661  0.0000  0.1610  0.1867  0.2482  0.6416  0.3011  0.5149  0.4148  0.3226  0.6259  0.2153  0.2793  0.1857  0.4520  0.3999  0.3685  0.3691  0.5466  0.1682  0.0000  1.0000  0.0000  0.0000  0.0000
 0.0483  0.0000  0.0027  0.3119  0.0329  0.0021  0.0150  0.0129  0.0146  0.1704  0.0105  0.0039  0.3858  1.0000  0.1479  0.0176  0.8184  0.2146  0.0109  0.0009  0.0000  0.0021  0.0000  0.0000  0.0000
 0.0005  0.0000  0.0002  0.0001  0.0001  1.0000  0.0001  0.0001  0.0369  0.0001  0.2209  0.0012  0.0001  0.0002  0.0002  0.0001  0.0002  0.0003  0.0011  0.0397  0.0000  0.0029  0.0000  0.0000  0.0000
 0.9789  0.0000  0.0311  0.4886  1.0000  0.0290  0.2338  0.1242  0.1089  0.6882  0.1796  0.0756  0.3008  0.4375  0.4452  0.4679  0.8561  0.4866  0.2100  0.0100  0.0000  0.0220  0.0000  0.0000  0.0000
 0.4599  0.0000  0.0098  0.3875  0.9831  0.0091  0.1260  0.0546  0.0343  1.0000  0.1591  0.0194  0.3499  0.0503  0.3416  0.6686  0.4935  0.3353  0.1248  0.0031  0.0000  0.0069  0.0000  0.0000  0.0000
 0.0795  0.0000  0.0277  0.0321  0.0429  0.1146  0.0709  0.0912  0.1219  0.3847  1.0000  0.1444  0.0534  0.0321  0.0591  0.2830  0.0628  0.0739  0.4931  0.0290  0.0000  0.1794  0.0000  0.0000  0.0000
 0.0002  0.0000  0.0001  0.0000  0.0000  1.0000  0.0000  0.0000  0.0004  0.0000  0.0009  0.0002  0.0000  0.0001  0.0000  0.0000  0.0001  0.0001  0.0003  0.0177  0.0000  0.1467  0.0000  0.0000  0.0000
 0.0293  0.0000  0.0003  0.0003  0.0141  0.0001  0.0018  0.0001  0.0002  0.0003  0.0033  0.0002  0.0002  1.0000  0.0003  0.0002  0.0179  0.0006  0.0006  0.0000  0.0000  0.0001  0.0000  0.0000  0.0000
 0.0151  0.0000  0.0030  1.0000  0.0481  0.0026  0.1358  0.3722  0.0021  0.1190  0.0041  0.0015  0.6161  0.0106  0.1452  0.0876  0.1160  0.0148  0.0033  0.0013  0.0000  0.0064  0.0000  0.0000  0.0000
 0.2130  0.0000  0.0996  0.0198  0.0240  0.0335  0.1797  0.0153  0.2173  0.0271  0.0906  0.2495  0.0212  0.0508  0.0198  0.0229  0.3257  0.0560  1.0000  0.1385  0.0000  0.0324  0.0000  0.0000  0.0000
 0.0631  0.0000  0.0059  0.0084  0.0105  0.0190  0.0256  0.0251  0.1612  0.0129  1.0000  0.0075  0.0124  0.0091  0.1449  0.0126  0.0541  0.1098  0.0165  0.0051  0.0000  0.0258  0.0000  0.0000  0.0000
 0.0032  0.0000  0.0004  0.0019  0.0044  1.0000  0.0027  0.0520  0.0014  0.0361  0.0031  0.0010  0.0038  0.0023  0.0303  0.0144  0.0031  0.0125  0.0018  0.0005  0.0000  0.0018  0.0000  0.0000  0.0000
 0.0124  0.0000  0.0018  0.0011  0.0016  0.0009  0.0039  0.0004  0.0058  0.0018  0.0046  0.0015  0.0013  1.0000  0.0013  0.0012  0.0058  0.0261  0.0863  0.0002  0.0000  0.0005  0.0000  0.0000  0.0000
 1.0000  0.0000  0.0062  0.0173  0.1305  0.0031  0.0195  0.0041  0.0074  0.0138  0.0083  0.0042  0.1354  0.0714  0.0106  0.0083  0.4583  0.1725  0.0135  0.0018  0.0000  0.0035  0.0000  0.0000  0.0000
 0.0024  0.0000  0.0001  1.0000  0.1810  0.0002  0.0013  0.0007  0.0003  0.0025  0.0006  0.0002  0.0016  0.0016  0.0032  0.0007  0.0015  0.0011  0.0006  0.0001  0.0000  0.0004  0.0000  0.0000  0.0000
 0.0030  0.0000  0.0005  0.0052  0.0017  0.0003  0.0045  0.0011  0.0004  0.0018  0.0006  0.0002  0.0978  0.0015  0.0012  0.0010  1.0000  0.0042  0.0007  0.0002  0.0000  0.0007  0.0000  0.0000  0.0000
 0.0036  0.0000  0.0003  0.0757  1.0000  0.0005  0.0055  0.0020  0.0004  0.0042  0.0008  0.0003  0.0962  0.0025  0.0043  0.0016  0.0290  0.0024  0.0008  0.0002  0.0000  0.0010  0.0000  0.0000  0.0000
 0.0080  0.0000  0.0008  0.0018  0.0112  0.0017  0.0058  1.0000  0.0034  0.0945  0.0080  0.0027  0.0081  0.0063  0.1570  0.2319  0.1247  0.0086  0.0045  0.0013  0.0000  0.0036  0.0000  0.0000  0.0000
 0.0034  0.0000  0.0008  0.2314  0.0054  0.0007  0.0115  0.0035  0.0004  0.0047  0.0361  0.0003  1.0000  0.0027  0.0491  0.0024  0.0804  0.0039  0.0006  0.0003  0.0000  0.0018  0.0000  0.0000  0.0000
 0.0246  0.0000  0.0200  0.0112  0.0400  0.0104  0.0499  0.0987  0.1626  1.0000  0.0406  0.0071  0.0192  0.0136  0.0621  0.5737  0.0213  0.0487  0.0241  0.0039  0.0000  0.0161  0.0000  0.0000  0.0000
 0.7117  0.0000  0.1939  0.3804  0.5295  0.7073  0.4798  0.5733  0.4562  0.5737  0.7901  0.2488  0.4794  0.2846  0.4558  0.5252  0.6427  0.6140  0.5811  0.1883  0.0000  1.0000  0.0000  0.0000  0.0000
 1.0000  0.0000  0.0041  0.0033  0.0210  0.0287  0.0103  0.0132  0.0308  0.6618  0.0281  0.0786  0.0143  0.0137  0.0391  0.1606  0.0136  0.0240  0.0605  0.0027  0.0000  0.0078  0.0000  0.0000  0.0000
 0.6087  0.0000  0.0053  0.3704  0.0808  0.0045  0.0611  0.3301  0.0056  0.0377  0.0090  0.0035  1.0000  0.0599  0.0380  0.0189  0.5244  0.1723  0.0090  0.0023  0.0000  0.0098  0.0000  0.0000  0.0000
 0.0675  0.0000  0.0005  0.0006  0.0191  0.0004  0.0019  0.0006  0.0062  0.0107  0.0016  0.0155  0.0009  1.0000  0.0017  0.0599  0.4534  0.0025  0.0162  0.0001  0.0000  0.0004  0.0000  0.0000  0.0000
 0.7507  0.0000  0.0524  0.6394  1.0000  0.0489  0.3858  0.1191  0.1840  0.9140  0.3530  0.1075  0.4865  0.2691  0.6331  0.5149  0.7263  0.5640  0.2856  0.0168  0.0000  0.0372  0.0000  0.0000  0.0000
 1.0000  0.0000  0.0002  0.0002  0.0002  0.0001  0.0013  0.0000  0.0001  0.0002  0.0002  0.0001  0.0001  0.0061  0.0002  0.0002  0.0193  0.0004  0.0086  0.0000  0.0000  0.0001  0.0000  0.0000  0.0000
 0.0458  0.0000  0.0087  0.0045  0.0074  0.0389  0.0076  0.0020  1.0000  0.0099  0.5594  0.1009  0.0062  0.0080  0.0068  0.5050  0.0094  0.0283  0.6258  0.0047  0.0000  0.0116  0.0000  0.0000  0.0000
 0.0004  0.0000  0.0001  1.0000  0.0079  0.0001  0.0011  0.0003  0.0000  0.0005  0.0001  0.0000  0.0248  0.0003  0.0097  0.0002  0.0332  0.0004  0.0001  0.0000  0.0000  0.0002  0.0000  0.0000  0.0000
 0.0003  0.0000  0.0001  0.0002  0.0001  0.0005  0.0004  0.0067  0.0010  0.0002  1.0000  0.0006  0.0001  0.0003  0.0002  0.0002  0.0001  0.0002  0.0006  0.0001  0.0000  0.0001  0.0000  0.0000  0.0000
 0.0365  0.0000  0.0055  0.0001  0.0002  0.0044  0.0001  0.0001  0.0968  0.0002  1.0000  0.0052  0.0002  0.0003  0.0003  0.0002  0.0002  0.0006  0.1659  0.0002  0.0000  0.0002  0.0000  0.0000  0.0000
 0.0952  0.0000  0.0013  0.3585  1.0000  0.0019  0.1387  0.0052  0.0048  0.0401  0.0135  0.0029  0.0284  0.0114  0.1593  0.0131  0.5288  0.0158  0.0078  0.0008  0.0000  0.0022  0.0000  0.0000  0.0000
 0.0005  0.0000  0.0001  0.0001  0.0007  0.0001  0.0004  0.0044  0.0002  1.0000  0.0048  0.0002  0.0005  0.0004  0.0095  0.3249  0.0004  0.0042  0.0003  0.0001  0.0000  0.0002  0.0000  0.0000  0.0000
 0.0003  0.0000  0.0001  0.0001  0.0001  0.0006  0.0002  0.0001  0.0010  0.0001  0.0098  1.0000  0.0001  0.0002  0.0001  0.0001  0.0001  0.0002  0.0006  0.0001  0.0000  0.0002  0.0000  0.0000  0.0000
 0.0000  0.0000  0.0000  0.0000  0.0000  0.0000  0.0000  0.0000  0.0000  0.0000  1.0000  0.0000  0.0000  0.0000  0.0000  0.0000  0.0000  0.0000  0.0000  0.0000  0.0000  0.0000  0.0000  0.0000  0.0000
 0.1436  0.0000  0.0045  0.0011  0.1312  0.0026  0.0001  0.0009  0.1253  0.0035  0.0164  0.0140  0.0016  0.0048  0.0026  0.0557  0.0034  0.2594  1.0000  0.0004  0.0000  0.0179  0.0000  0.0000  0.0000
 0.0022  0.0000  0.0006  0.0003  0.0006  1.0000  0.0006  0.0003  0.4453  0.0008  0.3445  0.0065  0.0006  0.0008  0.0009  0.0008  0.0007  0.0016  0.0815  0.0007  0.0000  0.0012  0.0000  0.0000  0.0000
 0.0004  0.0000  0.0001  1.0000  0.0334  0.0001  0.0009  0.0003  0.0000  0.0005  0.0001  0.0000  0.0341  0.0003  0.0004  0.0002  0.0007  0.0003  0.0001  0.0000  0.0000  0.0001  0.0000  0.0000  0.0000
 0.2114  0.0000  0.0004  0.0004  0.0004  0.0002  0.0021  0.0001  0.0002  0.0005  0.0004  0.0002  0.0004  1.0000  0.0003  0.0003  0.0682  0.0481  0.0007  0.0001  0.0000  0.0001  0.0000  0.0000  0.0000
 0.4524  0.0000  0.0191  0.6169  0.5496  0.0119  0.0909  0.0290  0.1069  0.3649  0.1419  0.0299  0.2659  0.0656  0.1469  0.4065  1.0000  0.3509  0.1485  0.0041  0.0000  0.0090  0.0000  0.0000  0.0000
 0.0587  0.0000  0.0162  0.0053  0.0119  0.0004  0.0434  0.0184  0.0016  1.0000  0.0051  0.0009  0.0268  0.0023  0.2322  0.2349  0.1088  0.0244  0.0052  0.0002  0.0000  0.0004  0.0000  0.0000  0.0000
 0.0000  0.0000  0.0000  0.0000  0.0000  0.0000  0.0000  0.0000  0.0000  0.0000  0.0000  0.0000  0.0000  0.0000  0.0000  1.0000  0.0000  0.0000  0.0000  0.0000  0.0000  0.0000  0.0000  0.0000  0.0000
 0.0003  0.0000  0.0001  0.0000  0.0001  0.0003  0.0001  0.0000  1.0000  0.0001  0.0256  0.0003  0.0001  0.0046  0.0001  0.0001  0.0001  0.0003  0.0416  0.0000  0.0000  0.0001  0.0000  0.0000  0.0000
 0.0068  0.0000  0.0004  0.0010  0.0006  0.0002  0.0072  0.0003  0.0006  0.0066  0.0006  0.0003  0.0090  0.0011  0.0007  0.0251  0.9106  1.0000  0.0010  0.0001  0.0000  0.0003  0.0000  0.0000  0.0000
 0.3616  0.0000  0.0011  0.0047  0.0010  0.0005  0.0039  0.0002  0.0025  0.0010  0.0021  0.0008  0.0006  0.0022  0.0007  0.0007  0.0038  0.0027  1.0000  0.0001  0.0000  0.0003  0.0000  0.0000  0.0000
 0.3119  0.0000  0.0023  0.8488  1.0000  0.0022  0.0359  0.0263  0.0081  0.0721  0.0385  0.0046  0.0214  0.0121  0.0298  0.0225  0.0795  0.2316  0.0277  0.0008  0.0000  0.0017  0.0000  0.0000  0.0000
 0.0613  0.0000  0.0000  0.2482  1.0000  0.0002  0.0477  0.0007  0.0003  0.0102  0.0006  0.0002  0.0043  0.0016  0.2410  0.0129  0.0014  0.0012  0.0006  0.0001  0.0000  0.0003  0.0000  0.0000  0.0000
 1.0000  0.0000  0.0002  0.0002  0.0002  0.0001  0.0097  0.0000  0.0001  0.0002  0.0002  0.0001  0.0001  0.0006  0.0001  0.0002  0.0083  0.0004  0.0004  0.0000  0.0000  0.0001  0.0000  0.0000  0.0000
 0.0000  0.0000  0.0000  0.0000  0.0000  0.0000  0.0000  0.0000  0.0000  0.0000  1.0000  0.0000  0.0000  0.0000  0.0000  0.0000  0.0000  0.0000  0.0000  0.0000  0.0000  0.0000  0.0000  0.0000  0.0000
 1.0000  0.0000  0.1610  0.2883  0.7320  0.0207  0.1577  0.0861  0.0776  0.4536  0.1463  0.0718  0.2906  0.1138  0.6250  0.3518  0.4450  0.2521  0.1393  0.0071  0.0000  0.0157  0.0000  0.0000  0.0000
 0.0004  0.0000  0.0002  0.0008  0.0004  0.0002  0.0010  1.0000  0.0001  0.0006  0.0003  0.0001  0.0008  0.0004  0.0072  0.0006  0.0004  0.0003  0.0002  0.0001  0.0000  0.0042  0.0000  0.0000  0.0000
 0.0500  0.0000  0.0001  0.0017  0.0953  0.0001  0.0007  0.0037  0.0002  0.0030  0.0078  0.0002  0.0006  1.0000  0.0126  0.0151  0.0214  0.0007  0.0004  0.0001  0.0000  0.0002  0.0000  0.0000  0.0000
 0.0001  0.0000  0.0001  0.0000  0.0000  0.0715  0.0000  0.0000  0.0003  0.0000  0.0007  0.0001  0.0000  0.0001  0.0000  0.0000  0.0001  0.0001  0.0003  0.0007  0.0000  1.0000  0.0000  0.0000  0.0000
 0.0011  0.0000  0.0003  0.0001  0.0003  0.1707  0.0002  0.0002  0.4978  0.0004  1.0000  0.2275  0.0003  0.0005  0.0006  0.0004  0.0003  0.0007  0.0166  0.0004  0.0000  0.0004  0.0000  0.0000  0.0000
 1.0000  0.0000  0.0287  0.3361  0.7426  0.0271  0.2041  0.1744  0.1174  0.5381  0.1666  0.0569  0.6431  0.1472  0.3665  0.2897  0.6442  0.4470  0.1709  0.0093  0.0000  0.0209  0.0000  0.0000  0.0000
 0.7202  0.0000  0.0549  0.5685  0.9201  0.0571  0.3509  0.1225  0.2771  1.0000  0.3015  0.1118  0.4627  0.4033  0.6328  0.5499  0.8693  0.5572  0.5197  0.0192  0.0000  0.0503  0.0000  0.0000  0.0000
 0.0197  0.0000  0.0101  0.0030  0.0050  0.4672  0.0032  0.0000  0.0434  0.0001  1.0000  0.0212  0.0001  0.0075  0.0001  0.0001  0.0137  0.0124  0.0398  0.8348  0.0000  0.9395  0.0000  0.0000  0.0000
 0.0692  0.0000  0.0007  0.0011  0.0012  0.0222  0.0019  1.0000  0.0014  0.0016  0.0023  0.0008  0.0015  0.0010  0.0012  0.0075  0.0240  0.0016  0.0018  0.0006  0.0000  0.4971  0.0000  0.0000  0.0000
 0.0034  0.0000  0.0001  1.0000  0.1039  0.0001  0.0122  0.0004  0.0001  0.0006  0.0001  0.0000  0.0230  0.0004  0.0005  0.0003  0.0009  0.0004  0.0001  0.0000  0.0000  0.0002  0.0000  0.0000  0.0000
 0.3837  0.0000  0.0364  0.0088  0.1011  0.0196  0.0009  0.0073  0.6036  0.0325  0.1423  0.0385  0.0128  1.0000  0.0205  0.0155  0.0267  0.1380  0.5032  0.0033  0.0000  0.0119  0.0000  0.0000  0.0000
 0.4954  0.0000  0.0023  0.3405  0.1294  0.0027  0.0497  0.0054  0.0079  0.0374  0.0858  0.0045  0.4740  0.0113  0.0239  0.0475  1.0000  0.4040  0.0274  0.0009  0.0000  0.0300  0.0000  0.0000  0.0000
 0.0015  0.0000  0.0000  1.0000  0.6549  0.0001  0.0047  0.0004  0.0002  0.0074  0.0003  0.0001  0.0061  0.0009  0.0105  0.0004  0.0008  0.0007  0.0131  0.0001  0.0000  0.0002  0.0000  0.0000  0.0000
 1.0000  0.0000  0.0988  0.2097  0.5516  0.0397  0.4317  0.0281  0.1125  0.1313  0.1317  0.0530  0.0827  0.2277  0.1196  0.0712  0.4310  0.2174  0.4380  0.0135  0.0000  0.0301  0.0000  0.0000  0.0000
 0.0109  0.0000  0.0003  0.1052  1.0000  0.0011  0.0063  0.0092  0.0013  0.0115  0.0062  0.0010  0.1274  0.2993  0.0701  0.0081  0.0123  0.0053  0.0025  0.0005  0.0000  0.0016  0.0000  0.0000  0.0000
 0.5205  0.0000  0.0015  0.0731  0.2139  0.0011  0.0727  0.0020  0.0196  0.0139  0.0151  0.0019  0.0079  1.0000  0.0091  0.0079  0.0452  0.1331  0.0567  0.0004  0.0000  0.0010  0.0000  0.0000  0.0000
 1.0000  0.0000  0.1618  0.1727  0.0864  0.0363  0.4200  0.0244  0.2186  0.1058  0.0921  0.0452  0.1224  0.8112  0.0769  0.0724  0.8434  0.6771  0.5738  0.0162  0.0000  0.0326  0.0000  0.0000  0.0000
 1.0000  0.0000  0.7267  0.1127  0.1602  0.0218  0.3504  0.0123  0.0268  0.0634  0.0665  0.0262  0.0499  0.5130  0.0446  0.0435  0.3338  0.1532  0.0942  0.0081  0.0000  0.0176  0.0000  0.0000  0.0000
 0.0639  0.0000  0.0011  0.0467  0.0993  0.0013  0.0343  0.0106  0.0083  0.0173  0.0412  0.0686  0.0093  1.0000  0.0958  0.0098  0.0970  0.0690  0.0490  0.0004  0.0000  0.0012  0.0000  0.0000  0.0000
 0.6640  0.0000  0.0474  0.4562  1.0000  0.0513  0.3361  0.1095  0.1859  0.8718  0.2289  0.1224  0.3653  0.1966  0.6442  0.4513  0.6698  0.7478  0.3635  0.0120  0.0000  0.0267  0.0000  0.0000  0.0000
 0.3035  0.0000  0.0960  0.0377  0.0676  0.1288  0.0454  0.0955  0.6228  0.2031  0.3236  0.0727  0.0564  1.0000  0.0627  0.0643  0.0979  0.3410  0.5861  0.0287  0.0000  0.1429  0.0000  0.0000  0.0000
 0.0092  0.0000  0.0032  0.0440  0.0049  1.0000  0.0059  0.0096  0.0991  0.0052  0.0178  0.0040  0.0055  0.1069  0.0052  0.0062  0.0274  0.0518  0.0154  0.0033  0.0000  0.5844  0.0000  0.0000  0.0000
 0.0049  0.0000  0.0004  1.0000  0.0389  0.0006  0.0397  0.0162  0.0092  0.0059  0.0055  0.0007  0.2069  0.0019  0.0038  0.0084  0.3721  0.0193  0.0197  0.0002  0.0000  0.0007  0.0000  0.0000  0.0000
 0.3156  0.0000  0.0869  0.1437  0.2552  1.0000  0.2015  0.3879  0.1951  0.3828  0.4172  0.1098  0.1609  0.1099  0.3320  0.1881  0.2080  0.2016  0.2500  0.1929  0.0000  0.4909  0.0000  0.0000  0.0000
 0.1063  0.0000  0.0009  1.0000  0.1258  0.0013  0.0136  0.0634  0.0013  0.0116  0.0024  0.0010  0.0467  0.0066  0.4412  0.0044  0.7666  0.0227  0.0023  0.0006  0.0000  0.0025  0.0000  0.0000  0.0000
 0.0023  0.0000  0.0005  0.0002  0.0005  1.0000  0.0003  0.0111  0.1272  0.0006  0.3328  0.0053  0.0004  0.0008  0.0009  0.0006  0.0005  0.0133  0.1406  0.0005  0.0000  0.0005  0.0000  0.0000  0.0000
 0.0022  0.0000  0.0002  0.5478  1.0000  0.0003  0.0140  0.0010  0.0003  0.0025  0.0005  0.0002  0.1123  0.0015  0.0082  0.0009  0.0025  0.0013  0.0005  0.0001  0.0000  0.0005  0.0000  0.0000  0.0000
 0.1215  0.0000  0.0019  0.4202  1.0000  0.0017  0.0349  0.0260  0.0065  0.0918  0.0105  0.0037  0.0510  0.0095  0.6573  0.1133  0.1815  0.0274  0.1914  0.0006  0.0000  0.0013  0.0000  0.0000  0.0000
 0.6003  0.0000  0.0281  0.3477  0.6916  0.0302  0.2134  0.2683  0.0968  0.5719  0.1563  0.1679  0.3010  0.4027  0.4466  1.0000  0.3984  0.3324  0.3581  0.0362  0.0000  0.0417  0.0000  0.0000  0.0000
 0.3780  0.0000  0.0039  0.6933  1.0000  0.0038  0.0789  0.0517  0.0135  0.0672  0.0218  0.0151  0.1162  0.0870  0.0933  0.0378  0.3434  0.0943  0.0206  0.0013  0.0000  0.0107  0.0000  0.0000  0.0000
 0.1006  0.0000  0.0682  0.0407  0.0541  0.2635  0.0653  0.5304  0.1388  0.0576  1.0000  0.0614  0.0662  0.0405  0.0582  0.1234  0.0914  0.0776  0.0998  0.0367  0.0000  0.2419  0.0000  0.0000  0.0000
 0.1852  0.0000  0.0088  0.3293  0.1682  0.0078  0.1820  0.0193  0.0274  0.1491  0.0758  0.0155  0.1250  0.2771  0.0849  0.0747  0.3438  1.0000  0.0420  0.0029  0.0000  0.0068  0.0000  0.0000  0.0000
 0.8692  0.0000  0.0963  0.5303  1.0000  0.2019  0.4619  0.2319  0.3291  0.9425  0.4139  0.1378  0.3791  0.3195  0.5544  0.6627  0.6363  0.4787  0.4499  0.0613  0.0000  0.2641  0.0000  0.0000  0.0000
 0.0324  0.0000  0.0001  0.3460  1.0000  0.0003  0.0732  0.0073  0.0004  0.0034  0.0145  0.0003  0.0017  0.0021  0.0449  0.0009  0.0245  0.0015  0.0008  0.0001  0.0000  0.0004  0.0000  0.0000  0.0000
 0.0666  0.0000  0.0029  0.1914  1.0000  0.0027  0.0408  0.1445  0.0102  0.3164  0.0472  0.1388  0.1666  0.0149  0.7226  0.1919  0.0399  0.2321  0.0584  0.0009  0.0000  0.0021  0.0000  0.0000  0.0000
 0.0232  0.0000  0.0062  0.0032  0.0061  0.0747  0.0054  0.0043  0.7142  0.0083  0.4165  0.4056  0.0059  0.0093  0.0113  0.0081  0.0070  0.0150  0.1706  1.0000  0.0000  0.0099  0.0000  0.0000  0.0000
 0.0004  0.0000  0.0000  0.0001  0.0006  0.0001  0.0004  0.0004  0.0002  1.0000  0.0005  0.0001  0.0004  0.0004  0.0010  0.2619  0.0004  0.0005  0.0003  0.0001  0.0000  0.0002  0.0000  0.0000  0.0000
 0.0082  0.0000  0.0006  0.1010  1.0000  0.0006  0.0246  0.0014  0.0364  0.0796  0.0033  0.0143  0.0053  0.0030  0.0489  0.0563  0.0517  0.0062  0.0770  0.0002  0.0000  0.0029  0.0000  0.0000  0.0000
 0.0501  0.0000  0.0006  0.0007  0.0009  0.0173  0.0011  0.0018  0.0441  0.0101  1.0000  0.3962  0.0010  0.0007  0.0112  0.0150  0.0049  0.0014  0.0507  0.0007  0.0000  0.0130  0.0000  0.0000  0.0000
 0.0011  0.0000  0.0003  0.0001  0.0002  0.0006  0.0002  0.0000  1.0000  0.0003  0.0031  0.1677  0.0001  0.0002  0.0001  0.0002  0.0003  0.1145  0.1265  0.0001  0.0000  0.0002  0.0000  0.0000  0.0000
 0.0018  0.0000  0.0006  0.0006  0.0008  0.1413  0.0010  0.0292  0.0034  0.0009  0.1145  0.0071  0.0009  0.0007  0.0010  0.0011  0.0012  0.0013  0.0539  0.3670  0.0000  1.0000  0.0000  0.0000  0.0000
 0.2004  0.0000  0.0462  0.3205  0.4861  0.0034  0.0261  0.0440  0.0128  1.0000  0.0455  0.0254  0.2689  0.0188  0.4643  0.6821  0.3332  0.1815  0.0195  0.0012  0.0000  0.0026  0.0000  0.0000  0.0000
 0.0074  0.0000  0.0000  0.0164  1.0000  0.0001  0.0002  0.0001  0.0001  0.0006  0.0001  0.0001  0.0002  0.0003  0.0007  0.0001  0.0003  0.0002  0.0001  0.0000  0.0000  0.0001  0.0000  0.0000  0.0000
 0.3066  0.0000  0.0013  0.0011  0.0012  0.0051  0.0419  0.0001  0.3158  0.0018  0.0564  0.1707  0.0013  0.0013  0.0007  0.0014  0.2328  0.0377  1.0000  0.0007  0.0000  0.0025  0.0000  0.0000  0.0000
 0.0476  0.0000  0.0255  0.0044  0.0759  0.0138  0.0067  0.0106  0.2198  0.0561  1.0000  0.4796  0.0063  0.0042  0.0268  0.0232  0.0241  0.1023  0.2749  0.0036  0.0000  0.0477  0.0000  0.0000  0.0000
 0.7935  0.0000  0.0379  1.0000  0.6701  0.0340  0.1572  0.2180  0.0780  0.5632  0.2025  0.0586  0.5500  0.1133  0.2428  0.5318  0.6308  0.2557  0.1358  0.0076  0.0000  0.0186  0.0000  0.0000  0.0000
 0.0009  0.0000  0.0004  0.0001  0.0002  1.0000  0.0002  0.0001  0.0299  0.0001  0.2294  0.0235  0.0001  0.0004  0.0001  0.0001  0.0814  0.0006  0.0019  0.1712  0.0000  0.2956  0.0000  0.0000  0.0000
 0.0954  0.0000  0.0090  0.1551  1.0000  0.0163  0.0761  0.7059  0.0266  0.5344  0.0509  0.0175  0.9471  0.0509  0.1260  0.3920  0.1132  0.0770  0.0714  0.0074  0.0000  0.0534  0.0000  0.0000  0.0000
 0.1600  0.0000  0.0007  0.0438  0.4040  0.0011  0.0071  0.0140  0.0027  0.0333  0.0045  0.0016  0.1440  1.0000  0.1726  0.0073  0.0217  0.0191  0.0043  0.0004  0.0000  0.0012  0.0000  0.0000  0.0000
 0.2408  0.0000  0.0170  0.3047  1.0000  0.0159  0.1404  0.1497  0.1315  0.4654  0.1926  0.0742  0.1845  0.2373  0.2667  0.7498  0.3241  0.2501  0.1554  0.0055  0.0000  0.0121  0.0000  0.0000  0.0000
 1.0000  0.0000  0.1349  0.6719  0.9203  0.4316  0.4893  0.4232  0.4126  0.8400  0.5725  0.2301  0.6790  0.3407  0.6372  0.6475  0.8660  0.9445  0.7157  0.1128  0.0000  0.7869  0.0000  0.0000  0.0000
 0.6682  0.0000  0.0140  0.1954  0.3962  0.0954  0.1297  0.0553  0.0492  1.0000  0.0794  0.0416  0.2131  0.1378  0.4286  0.5183  0.2870  0.2402  0.1250  0.0045  0.0000  0.0100  0.0000  0.0000  0.0000
 0.1835  0.0000  0.0087  0.2866  0.1992  0.0315  0.1073  0.0199  0.0304  0.1501  0.1146  0.0409  1.0000  0.0660  0.1701  0.3159  0.2409  0.2008  0.0934  0.0029  0.0000  0.0068  0.0000  0.0000  0.0000
 0.1461  0.0000  0.0025  0.0299  0.0810  0.0024  1.0000  0.0058  0.0089  0.0815  0.0144  0.0051  0.1071  0.0974  0.1916  0.0624  0.1297  0.1501  0.0309  0.0008  0.0000  0.0018  0.0000  0.0000  0.0000
 0.6861  0.0000  0.0488  0.6778  1.0000  0.0505  0.3355  0.1113  0.2174  0.8158  0.3909  0.1102  0.4355  0.3801  0.6500  0.5257  0.6705  0.5289  0.9734  0.0168  0.0000  0.0427  0.0000  0.0000  0.0000
 0.7013  0.0000  0.0508  0.6297  1.0000  0.0677  0.4244  0.1467  0.7327  0.8234  0.3954  0.1684  0.4696  0.2604  0.4979  0.4465  0.6214  0.5921  0.7172  0.0211  0.0000  0.0691  0.0000  0.0000  0.0000
 0.0706  0.0000  0.0050  0.0577  0.3055  0.0050  0.1145  0.0764  0.0178  0.8303  0.0675  0.2095  0.0466  0.0657  0.1594  1.0000  0.2043  0.1987  0.0269  0.0018  0.0000  0.0042  0.0000  0.0000  0.0000
 0.2914  0.0000  0.0196  0.4479  0.5271  0.1988  1.0000  0.0446  0.0683  0.3381  0.1103  0.0387  0.2273  0.1291  0.3493  0.2349  0.4462  0.4012  0.1213  0.0064  0.0000  0.0147  0.0000  0.0000  0.0000
 0.2708  0.0000  0.0130  0.1233  0.1344  0.0100  0.1032  0.0216  0.0284  0.1252  0.0439  0.0165  0.1933  0.0724  1.0000  0.0712  0.2621  0.1649  0.1857  0.0040  0.0000  0.0102  0.0000  0.0000  0.0000
 0.0624  0.0000  0.0001  0.0278  0.0659  0.0006  0.0026  0.0225  0.0008  0.0068  0.0015  0.0547  0.0029  1.0000  0.0753  0.0019  0.0035  0.0030  0.0016  0.0003  0.0000  0.0009  0.0000  0.0000  0.0000
 0.2651  0.0000  0.0019  0.0220  0.1003  0.0018  0.1315  0.0043  0.0066  0.0327  0.0424  0.0037  0.1258  0.0097  0.1161  0.0587  1.0000  0.0508  0.0100  0.0006  0.0000  0.0014  0.0000  0.0000  0.0000
 0.4383  0.0000  0.0251  0.6658  0.5224  0.0238  0.2572  0.0572  0.0879  0.4361  0.3229  0.0497  0.2321  1.0000  0.4619  0.2947  0.4146  0.2946  0.1702  0.0082  0.0000  0.0184  0.0000  0.0000  0.0000
 1.0000  0.0000  0.0772  0.0709  0.1472  0.0838  0.3467  0.1022  0.1170  0.1036  0.2764  0.0331  0.0725  0.1108  0.2703  0.0793  0.2084  0.0881  0.2412  0.0223  0.0000  0.1169  0.0000  0.0000  0.0000
 1.0000  0.0000  0.0292  0.0277  0.0362  0.0210  0.4473  0.0133  0.1325  0.0382  0.1003  0.0166  0.0253  0.2947  0.1204  0.0283  0.2221  0.0581  0.2898  0.0065  0.0000  0.0224  0.0000  0.0000  0.0000
 0.5553  0.0000  0.0819  0.1967  0.2621  0.1577  0.1187  0.1544  0.5053  0.1941  0.2976  0.0967  0.1778  0.1965  0.4034  0.1399  0.1979  0.2948  1.0000  0.0404  0.0000  0.1981  0.0000  0.0000  0.0000
 0.8356  0.0000  0.0511  0.6146  1.0000  0.0484  0.4047  0.1163  0.1982  0.8860  0.3432  0.1120  0.7126  0.2890  0.5766  0.5001  0.7947  0.5837  0.3054  0.0166  0.0000  0.0374  0.0000  0.0000  0.0000
 0.3667  0.0000  0.0112  0.1617  0.1953  0.0105  0.5294  0.0241  0.0370  0.2051  0.0595  0.0597  0.0973  0.0995  0.1902  0.1021  1.0000  0.2113  0.1144  0.0036  0.0000  0.0084  0.0000  0.0000  0.0000
 0.6138  0.0000  0.0527  0.4947  1.0000  0.1078  0.3404  0.1541  0.1956  0.8062  0.3170  0.1348  0.4946  0.3413  0.4883  0.4257  0.9544  0.5579  0.3031  0.0254  0.0000  0.0954  0.0000  0.0000  0.0000
 0.7841  0.0000  0.0376  0.4954  1.0000  0.0377  0.2843  0.1057  0.1107  0.5586  0.1812  0.0652  0.3104  0.4355  0.5444  0.3028  0.5229  0.3815  0.1771  0.0137  0.0000  0.0353  0.0000  0.0000  0.0000
 0.8567  0.0000  0.1372  0.4381  0.6319  0.3464  0.4442  0.3486  0.2965  0.6216  0.4669  0.1836  0.4558  0.3247  0.4794  0.4367  0.9939  1.0000  0.5127  0.0977  0.0000  0.4720  0.0000  0.0000  0.0000
 0.4648  0.0000  0.0348  0.0274  0.0314  0.0133  0.2613  0.0064  0.0164  0.0349  0.2659  0.0160  0.0259  1.0000  0.0243  0.0249  0.2204  0.1641  0.0580  0.0050  0.0000  0.0105  0.0000  0.0000  0.0000
 0.2774  0.0000  0.0138  0.3160  0.3974  0.0144  0.2211  0.0714  0.0477  0.2393  0.0773  0.0273  0.1300  0.3136  0.2609  0.1320  1.0000  0.1466  0.1214  0.0050  0.0000  0.0125  0.0000  0.0000  0.0000
 0.3902  0.0000  0.0526  0.1664  0.1646  0.0297  0.1380  0.0459  0.0820  0.2157  0.0942  0.0443  0.2398  0.2414  0.2714  0.1448  0.8576  1.0000  0.1330  0.0172  0.0000  0.0343  0.0000  0.0000  0.0000
 0.3930  0.0000  0.0622  0.4223  0.3458  0.0785  0.3227  0.1204  0.1126  0.3405  0.1570  0.0623  0.4749  0.2382  0.2999  0.2043  1.0000  0.8337  0.2112  0.0991  0.0000  0.1100  0.0000  0.0000  0.0000
 0.9826  0.0000  0.0552  0.0689  0.0835  0.0437  0.3297  0.0325  0.0454  0.0908  0.1735  0.0336  0.0745  0.2671  0.1361  0.0650  1.0000  0.2601  0.1073  0.0893  0.0000  0.0502  0.0000  0.0000  0.0000
 0.1302  0.0000  0.0117  0.0171  0.1944  0.0050  0.1185  0.0038  0.0084  0.0186  0.0134  0.0398  0.0179  0.2020  0.0135  0.0120  1.0000  0.1394  0.0218  0.0022  0.0000  0.0044  0.0000  0.0000  0.0000
 0.5600  0.0000  0.0755  0.0252  0.0611  0.0387  0.0545  0.0153  0.5221  0.1413  0.2388  0.0741  0.0331  0.1697  0.0461  0.0385  0.2732  0.2676  1.0000  0.0075  0.0000  0.0147  0.0000  0.0000  0.0000
 0.2622  0.0000  0.0226  0.2736  0.4499  0.0220  0.3894  0.0561  0.0630  0.3128  0.2288  0.0360  1.0000  0.1764  0.2582  0.1765  0.3871  0.2936  0.0966  0.0083  0.0000  0.0246  0.0000  0.0000  0.0000
 0.0274  0.0000  0.0027  1.0000  0.1722  0.0025  0.0438  0.0050  0.0410  0.0232  0.0082  0.0033  0.0186  0.0123  0.0194  0.0115  0.0900  0.1265  0.0972  0.0011  0.0000  0.0030  0.0000  0.0000  0.0000
 0.4389  0.0000  0.1717  0.0186  0.0601  0.0418  0.0006  0.0151  0.6225  0.0595  0.2789  0.1310  0.0278  0.2678  0.0446  0.0331  0.0586  0.3595  1.0000  0.0070  0.0000  0.0127  0.0000  0.0000  0.0000
 0.4136  0.0000  0.0175  0.0739  0.2801  0.0479  0.0679  0.1990  0.0456  0.1857  0.1204  0.0938  0.0739  0.0497  0.0994  0.2597  1.0000  0.0935  0.0646  0.0143  0.0000  0.0667  0.0000  0.0000  0.0000
 0.2367  0.0000  0.0290  0.1818  0.0841  0.0170  0.2496  0.0465  0.0209  0.2455  0.0384  0.1790  0.2467  0.2612  0.0694  0.0895  1.0000  0.1637  0.0480  0.0083  0.0000  0.0284  0.0000  0.0000  0.0000
 0.4071  0.0000  0.0468  0.4041  1.0000  0.1190  0.1525  0.2322  0.1454  0.3207  0.1939  0.9304  0.1526  0.1522  0.5569  0.1914  0.2671  0.2278  0.4084  0.0345  0.0000  0.1595  0.0000  0.0000  0.0000
 0.0962  0.0000  0.0035  0.0053  0.1452  0.0015  0.0979  0.0012  0.0023  0.0048  0.0037  0.0018  0.0058  0.0090  0.0035  0.0031  1.0000  0.1186  0.0063  0.0006  0.0000  0.0014  0.0000  0.0000  0.0000
 0.0839  0.0000  0.0168  0.0679  0.0315  0.0091  0.1045  0.0167  0.0221  0.0411  0.0219  0.0115  0.1323  0.2134  0.1509  0.0248  0.3798  1.0000  0.0357  0.0056  0.0000  0.0126  0.0000  0.0000  0.0000
 0.0381  0.0000  0.0060  1.0000  0.6091  0.0062  0.2613  0.0294  0.0040  0.0482  0.0084  0.0032  0.4115  0.3283  0.0413  0.0211  0.0727  0.0315  0.0072  0.0031  0.0000  0.0148  0.0000  0.0000  0.0000
 0.1276  0.0000  0.0143  0.1752  0.2099  0.0182  0.1440  0.2149  0.0259  0.2915  0.0575  0.0185  0.1594  1.0000  0.8679  0.2236  0.1213  0.0846  0.0407  0.0120  0.0000  0.0321  0.0000  0.0000  0.0000
 0.3429  0.0000  0.0327  0.1833  0.0724  0.0169  0.1047  0.0216  0.0391  0.0647  0.0425  0.0214  0.1207  0.0840  0.0513  0.0390  0.4128  1.0000  0.0727  0.1267  0.0000  0.0195  0.0000  0.0000  0.0000
 0.0270  0.0000  0.0055  0.0016  0.0045  0.0077  0.0009  0.0015  0.0375  0.0498  1.0000  0.0115  0.0026  0.0063  0.0042  0.0039  0.0056  0.1708  0.3051  0.0011  0.0000  0.0016  0.0000  0.0000  0.0000
 1.0000  0.0000  0.0132  0.0108  0.0127  0.0053  0.0747  0.0026  0.0065  0.0135  0.0136  0.0061  0.0088  0.3890  0.0092  0.0099  0.0667  0.0233  0.0228  0.0021  0.0000  0.0041  0.0000  0.0000  0.0000
 0.3291  0.0000  0.0153  0.0310  0.2629  0.0064  0.0866  0.0046  0.0080  0.0224  0.0163  0.0076  0.0155  0.2735  0.0194  0.0130  1.0000  0.0383  0.0270  0.0025  0.0000  0.0054  0.0000  0.0000  0.0000
 0.5551  0.0000  0.2297  1.0000  0.0602  0.0181  0.2590  0.0198  0.0216  0.0555  0.0427  0.0193  0.0938  0.1076  0.0392  0.0363  0.2328  0.0870  0.0724  0.0071  0.0000  0.0185  0.0000  0.0000  0.0000
 0.0048  0.0000  0.0010  0.0020  0.0012  0.0005  0.0016  0.0006  0.0014  0.0019  0.0013  0.0007  0.0036  0.0024  0.0015  0.0012  0.2295  1.0000  0.0022  0.0003  0.0000  0.0006  0.0000  0.0000  0.0000
 0.2426  0.0000  0.0090  1.0000  0.0241  0.0043  0.1788  0.0088  0.0040  0.0180  0.0089  0.0040  0.0449  0.0248  0.0131  0.0104  0.0567  0.0205  0.0136  0.0018  0.0000  0.0060  0.0000  0.0000  0.0000
 0.1082  0.0000  0.0118  0.0289  0.0248  0.0054  0.0629  0.0069  0.0083  0.0249  0.0138  0.0064  0.0309  0.2671  0.1837  0.0168  1.0000  0.0717  0.0214  0.0025  0.0000  0.0059  0.0000  0.0000  0.0000
 0.3794  0.0000  0.0140  0.0104  0.0125  0.0056  0.0701  0.0026  0.0122  0.0138  0.0168  0.0072  0.0099  0.0333  0.0096  0.0097  1.0000  0.0360  0.2059  0.0020  0.0000  0.0040  0.0000  0.0000  0.0000
 0.2450  0.0000  0.0379  0.0182  0.0328  0.0770  0.0697  0.0113  0.2273  0.0372  1.0000  0.1024  0.0236  0.2214  0.0325  0.0267  0.1418  0.1234  0.4234  0.0110  0.0000  0.0160  0.0000  0.0000  0.0000
 0.0179  0.0000  0.0003  0.8053  1.0000  0.0016  0.0071  0.0044  0.0021  0.2609  0.0040  0.0016  0.0083  0.0109  0.0236  0.0050  0.0093  0.0079  0.0041  0.0008  0.0000  0.0022  0.0000  0.0000  0.0000
 1.0000  0.0000  0.0036  0.0034  0.0036  0.0015  0.0168  0.0009  0.0033  0.0041  0.0044  0.0019  0.0039  0.0086  0.0029  0.0029  0.0227  0.4093  0.0086  0.0006  0.0000  0.0012  0.0000  0.0000  0.0000
 0.2064  0.0000  0.0120  0.0296  0.2506  0.0059  0.0644  0.0047  0.0095  0.0221  0.1019  0.0070  0.0150  0.0334  0.0188  0.0127  1.0000  0.0408  0.0257  0.0022  0.0000  0.0050  0.0000  0.0000  0.0000
 1.0000  0.0000  0.0075  0.0076  0.0076  0.0033  0.0328  0.0020  0.0076  0.0089  0.0095  0.0042  0.0093  0.0178  0.0063  0.0061  0.0507  0.7229  0.0190  0.0014  0.0000  0.0027  0.0000  0.0000  0.0000
 0.0330  0.0000  0.0042  0.0274  0.2053  0.0031  1.0000  0.0055  0.0030  0.0127  0.0063  0.0020  0.0201  0.0153  0.0103  0.0078  0.0227  0.0101  0.0066  0.0020  0.0000  0.0039  0.0000  0.0000  0.0000
 0.0137  0.0000  0.0018  0.0034  0.0029  0.0011  0.0091  0.0010  0.0019  0.0034  0.0029  0.0010  0.0034  1.0000  0.0022  0.0026  0.0120  0.0668  0.0041  0.0007  0.0000  0.0011  0.0000  0.0000  0.0000
 0.0000  0.0000  0.0000  0.0000  0.0000  0.0000  0.0000  0.0000  0.0000  0.0000  1.0000  0.0000  0.0000  0.0000  0.0000  0.0000  0.0000  0.0000  0.0000  0.0000  0.0000  0.0000  0.0000  0.0000  0.0000
 0.0804  0.0000  0.0101  0.3640  0.5646  0.0100  1.0000  0.0429  0.0077  0.0780  0.0156  0.0061  0.2090  0.0483  0.0704  0.0331  0.2846  0.0520  0.0152  0.0049  0.0000  0.0220  0.0000  0.0000  0.0000
 0.3397  0.0000  1.0000  0.0652  0.0447  0.0277  0.5626  0.0214  0.0259  0.0379  0.0475  0.0197  0.0563  0.0949  0.0331  0.0398  0.1740  0.0720  0.0674  0.0165  0.0000  0.0294  0.0000  0.0000  0.0000
 0.0000  0.0000  1.0000  0.0000  0.0000  0.0000  0.0000  0.0000  0.0000  0.0000  0.0000  0.0000  0.0000  0.0000  0.0000  0.0000  0.0000  0.0000  0.0000  0.0000  0.0000  0.0000  0.0000  0.0000  0.0000
 0.0000  0.0000  0.0000  0.0000  0.0000  0.0000  0.0000  0.0000  0.0000  0.0000  0.0000  0.0000  0.0000  0.0000  0.0000  1.0000  0.0000  0.0000  0.0000  0.0000  0.0000  0.0000  0.0000  0.0000  0.0000
//
