WARNING! H30 not allowed! score: 0.05 median: 2.88 # of sequence: 396
WARNING! L74 not allowed! score: 0.05 median: 2.88 # of sequence: 397
WARNING! Y101 not allowed! score: 0.03 median: 2.89 # of sequence: 395
WARNING! T244 not allowed! score: 0.05 median: 2.88 # of sequence: 397
WARNING! A282 not allowed! score: 0.05 median: 2.88 # of sequence: 397
ID   UNK_ID; MATRIX
AC   UNK_AC
DE   UNK_DE
MA   UNK_BL
  A   B   C   D   E   F   G   H   I   K   L   M   N   P   Q   R   S   T   V   W   X   Y   Z   *   -
 0.0000  0.0000  0.0000  0.0000  0.0000  0.0000  0.0000  0.0000  0.0000  0.0000  0.0000  1.0000  0.0000  0.0000  0.0000  0.0000  0.0000  0.0000  0.0000  0.0000  0.0000  0.0000  0.0000  0.0000  0.0000
 0.0301  0.0000  0.0018  0.0043  0.0499  0.0009  0.0968  0.0012  0.0024  0.0037  0.0024  0.0116  0.0493  0.0045  0.0028  0.0023  1.0000  0.6367  0.0040  0.0006  0.0000  0.0011  0.0000  0.0000  0.0000
 0.3644  0.0000  0.0491  0.1858  0.2167  0.2728  0.2235  0.1814  0.1191  0.2260  1.0000  0.4130  0.1428  0.1266  0.3221  0.1565  0.2707  0.1855  0.3298  0.0458  0.0000  0.2408  0.0000  0.0000  0.0000
 0.2091  0.0000  0.0228  0.0576  0.0912  0.0156  0.0376  0.0187  0.3380  0.1864  0.1295  0.0438  0.0739  0.1354  0.0560  0.1301  0.5083  1.0000  0.1142  0.0045  0.0000  0.0182  0.0000  0.0000  0.0000
 0.2491  0.0000  0.0151  0.1415  0.3484  0.0243  0.1212  1.0000  0.0747  0.2960  0.0786  0.0403  0.1369  0.0941  0.1937  0.5651  0.2328  0.3153  0.1307  0.0073  0.0000  0.0518  0.0000  0.0000  0.0000
 0.4219  0.0000  0.0306  0.3766  0.4399  0.0217  1.0000  0.1715  0.1067  0.7838  0.1260  0.0777  0.4323  0.1827  0.2874  0.6703  0.3832  0.3373  0.1556  0.0074  0.0000  0.0279  0.0000  0.0000  0.0000
 0.2793  0.0000  0.0412  0.2049  0.5269  0.0160  1.0000  0.0385  0.0591  0.4476  0.0954  0.0334  0.1562  0.5119  0.3712  0.2700  0.2686  0.2133  0.0901  0.0055  0.0000  0.0292  0.0000  0.0000  0.0000
 0.2168  0.0000  0.0153  0.2472  0.4250  0.0144  1.0000  0.0453  0.0537  0.4998  0.0868  0.0346  0.1421  0.0789  0.3271  0.6545  0.2621  0.2740  0.0980  0.0050  0.0000  0.0111  0.0000  0.0000  0.0000
 0.0059  0.0000  0.0008  0.0012  0.0074  1.0000  0.0041  0.0053  0.0030  0.2272  0.0300  0.0022  0.0053  0.0043  0.0123  0.0994  0.0048  0.0288  0.0038  0.0011  0.0000  0.4365  0.0000  0.0000  0.0000
 0.1125  0.0000  0.0297  0.0344  0.0457  0.1354  0.0553  0.4267  0.5244  0.0983  0.1794  0.0370  0.0841  0.0342  0.0648  0.0814  0.0938  0.1058  0.7320  0.0310  0.0000  1.0000  0.0000  0.0000  0.0000
 0.0705  0.0000  0.0324  0.0209  0.0677  0.0495  0.0271  0.0960  0.0294  0.6000  0.1250  0.0384  0.0268  0.0173  0.8899  1.0000  0.1579  0.0894  0.1708  0.0131  0.0000  0.3559  0.0000  0.0000  0.0000
 0.2144  0.0000  0.0461  0.0257  0.0729  0.2155  0.0412  0.0746  0.0952  0.0363  0.2349  0.0480  0.0384  0.0255  0.3580  0.0435  0.0501  0.1694  0.1955  0.0350  0.0000  1.0000  0.0000  0.0000  0.0000
 0.1319  0.0000  0.0076  0.5287  1.0000  0.0407  0.0544  0.0174  0.0268  0.2054  0.0664  0.0784  0.9911  0.0392  0.5146  0.0920  0.3976  0.1685  0.1149  0.0025  0.0000  0.0054  0.0000  0.0000  0.0000
 0.0055  0.0000  0.0003  0.0002  0.0002  0.0015  0.0003  0.0001  1.0000  0.0004  0.5219  0.1917  0.0002  0.0002  0.0002  0.0003  0.0003  0.0009  0.7017  0.0002  0.0000  0.0005  0.0000  0.0000  0.0000
 0.2419  0.0000  0.1265  0.0848  0.1127  1.0000  0.1418  0.2243  0.1628  0.1200  0.3290  0.0913  0.7309  0.0844  0.1213  0.2318  0.1657  0.2028  0.2237  0.2849  0.0000  0.6397  0.0000  0.0000  0.0000
 0.0126  0.0000  0.0013  0.0041  0.0292  0.0026  1.0000  0.0113  0.0053  0.6222  0.0125  0.0041  0.0886  0.0099  0.1731  0.2744  0.0110  0.0284  0.0070  0.0020  0.0000  0.0057  0.0000  0.0000  0.0000
 0.0043  0.0000  0.0009  0.0018  0.0012  0.0005  0.0012  0.0159  0.0281  0.0018  0.0145  0.0007  0.5082  0.0069  0.0594  0.0012  0.1282  1.0000  0.0274  0.0003  0.0000  0.0006  0.0000  0.0000  0.0000
 0.3737  0.0000  0.0659  0.2133  0.3934  0.2190  0.1147  0.1259  0.4453  0.2586  1.0000  0.0693  0.1716  0.0842  0.1884  0.1688  0.2738  0.4573  0.7957  0.0341  0.0000  0.1814  0.0000  0.0000  0.0000
 0.0003  0.0000  0.0002  0.0001  0.0001  1.0000  0.0001  0.0000  0.0007  0.0000  0.0061  0.0004  0.0000  0.0001  0.0000  0.0000  0.0002  0.0002  0.0047  0.4957  0.0000  0.0219  0.0000  0.0000  0.0000
 0.0045  0.0000  0.0001  0.0030  1.0000  0.0001  0.0005  0.0003  0.0315  0.0125  0.0005  0.0002  0.0365  0.0008  0.0198  0.0008  0.0007  0.0116  0.0114  0.0001  0.0000  0.0002  0.0000  0.0000  0.0000
 0.0186  0.0000  0.0208  0.0001  0.0002  0.0048  0.0001  0.0000  0.6714  0.0003  0.1077  0.0006  0.0001  0.0003  0.0002  0.0002  0.0003  0.0050  1.0000  0.0001  0.0000  0.0002  0.0000  0.0000  0.0000
 0.0444  0.0000  0.0037  0.4524  0.0381  0.0039  0.0783  0.0070  0.0092  0.0626  0.0278  0.0052  0.0260  1.0000  0.0370  0.0717  0.4967  0.9978  0.0140  0.0015  0.0000  0.0198  0.0000  0.0000  0.0000
 0.8088  0.0000  0.0098  0.3199  0.9510  0.0092  0.0701  0.0448  0.1114  0.3761  0.0938  0.0301  0.4692  0.0990  0.2977  0.4210  1.0000  0.7410  0.1530  0.0032  0.0000  0.0070  0.0000  0.0000  0.0000
 0.0045  0.0000  0.0180  0.0012  0.0046  0.0032  0.0031  0.0449  0.0600  1.0000  0.0050  0.0112  0.0100  0.0028  0.0891  0.8132  0.0036  0.1324  0.0381  0.0011  0.0000  0.0181  0.0000  0.0000  0.0000
 0.0001  0.0000  0.0001  0.0000  0.0000  0.0027  0.0001  0.0000  0.0003  0.0000  0.0210  0.0001  0.0000  0.0001  0.0000  0.0000  0.0001  0.0001  0.0003  0.0006  0.0000  1.0000  0.0000  0.0000  0.0000
 0.7931  0.0000  0.0523  0.6222  1.0000  0.0489  0.3729  0.1190  0.2074  0.9804  0.3116  0.1094  0.4934  0.2690  0.7847  0.5719  0.7642  0.6640  0.4632  0.0168  0.0000  0.0371  0.0000  0.0000  0.0000
 0.1525  0.0000  0.0083  0.5338  0.1956  0.0340  0.1065  0.0188  0.1257  0.1569  0.0466  0.0608  0.3220  1.0000  0.1071  0.1287  0.2073  0.1008  0.1037  0.0027  0.0000  0.0061  0.0000  0.0000  0.0000
 0.0887  0.0000  0.0194  0.0063  0.0164  0.0853  0.0060  0.0081  0.3358  0.0188  1.0000  0.1146  0.0113  0.3125  0.0488  0.0149  0.0168  0.0770  0.2401  0.0103  0.0000  0.0118  0.0000  0.0000  0.0000
 0.5592  0.0000  0.0536  0.5036  0.7222  0.0354  0.2688  0.1041  0.4444  1.0000  0.2339  0.0748  0.4611  0.1939  0.7695  0.6245  0.7342  0.5330  0.2266  0.0122  0.0000  0.0270  0.0000  0.0000  0.0000
 0.0375  0.0000  0.0131  0.0014  0.0241  0.0049  0.0023  0.0476  0.0028  0.0021  0.0268  0.0108  0.0022  1.0000  0.0201  0.0174  0.0052  0.0027  0.0487  0.0013  0.0000  0.0201  0.0000  0.0000  0.0000
 0.0003  0.0000  0.0001  0.0001  0.0001  0.0006  0.0002  0.0000  0.9814  0.0002  0.0389  0.0005  0.0001  0.0001  0.0000  0.0001  0.0002  0.0004  1.0000  0.0001  0.0000  0.0003  0.0000  0.0000  0.0000
 0.0000  0.0000  0.0000  0.0000  0.0000  0.0000  1.0000  0.0000  0.0000  0.0000  0.0000  0.0000  0.0000  0.0000  0.0000  0.0000  0.0000  0.0000  0.0000  0.0000  0.0000  0.0000  0.0000  0.0000  0.0000
 0.0953  0.0000  0.0206  0.0636  0.2258  0.0059  0.0391  0.0409  0.0547  0.4341  0.0316  0.4216  0.0508  0.0283  0.2131  1.0000  0.7494  0.2009  0.0507  0.0020  0.0000  0.0051  0.0000  0.0000  0.0000
 0.0000  0.0000  0.0000  0.0000  0.0000  0.0000  1.0000  0.0000  0.0000  0.0000  0.0000  0.0000  0.0000  0.0000  0.0000  0.0000  0.0000  0.0000  0.0000  0.0000  0.0000  0.0000  0.0000  0.0000  0.0000
 1.0000  0.0000  0.0000  0.0000  0.0000  0.0000  0.0000  0.0000  0.0000  0.0000  0.0000  0.0000  0.0000  0.0000  0.0000  0.0000  0.0000  0.0000  0.0000  0.0000  0.0000  0.0000  0.0000  0.0000  0.0000
 0.0013  0.0000  0.0285  0.0006  0.0005  0.1823  0.0009  0.0008  0.0043  0.0006  0.0013  0.0004  0.0053  0.0005  0.0005  0.0006  0.0083  0.0011  0.0009  0.0003  0.0000  1.0000  0.0000  0.0000  0.0000
 0.0000  0.0000  0.0000  0.0000  0.0000  0.0000  1.0000  0.0000  0.0000  0.0000  0.0000  0.0000  0.0000  0.0000  0.0000  0.0000  0.0000  0.0000  0.0000  0.0000  0.0000  0.0000  0.0000  0.0000  0.0000
 0.1389  0.0000  0.0141  0.0038  0.0109  0.0311  0.0016  0.0034  1.0000  0.0113  0.4175  0.0673  0.0058  0.0151  0.2924  0.0070  0.3129  0.1229  0.3838  0.0025  0.0000  0.0047  0.0000  0.0000  0.0000
 0.0005  0.0000  0.0001  0.0001  0.0001  0.0002  0.0001  0.0000  0.0148  0.0001  0.0008  0.0002  0.0001  0.0001  0.0001  0.0001  0.0001  0.0004  1.0000  0.0000  0.0000  0.0001  0.0000  0.0000  0.0000
 0.0013  0.0000  1.0000  0.0001  0.0002  0.0002  0.0001  0.0001  0.0142  0.0002  0.0012  0.0026  0.0001  0.0003  0.0002  0.0030  0.0187  0.0009  0.0311  0.0063  0.0000  0.0001  0.0000  0.0000  0.0000
 0.2229  0.0000  0.0431  0.0006  0.0007  0.0003  0.0118  0.0001  0.0003  0.0709  0.0007  0.0003  0.0005  0.0069  0.0005  0.0005  1.0000  0.0013  0.0012  0.0001  0.0000  0.0002  0.0000  0.0000  0.0000
 1.0000  0.0000  0.0004  0.0003  0.0004  0.0002  0.0057  0.0001  0.0100  0.0004  0.0144  0.0002  0.0003  0.0011  0.0003  0.0003  0.1386  0.0077  0.0947  0.0001  0.0000  0.0001  0.0000  0.0000  0.0000
 0.1777  0.0000  0.0620  0.0942  0.1965  0.4636  0.1155  0.2122  0.7117  0.5377  0.8658  0.3137  0.1267  0.0716  0.1029  0.3796  0.1404  0.4887  1.0000  0.0876  0.0000  0.5388  0.0000  0.0000  0.0000
 0.0033  0.0000  0.0311  0.9848  0.0195  0.0006  0.0093  0.0729  0.0289  0.0039  0.0010  0.0003  1.0000  0.0023  0.0027  0.0020  0.0072  0.0033  0.0948  0.0003  0.0000  0.0015  0.0000  0.0000  0.0000
 0.3852  0.0000  0.0171  0.1092  0.2153  0.0874  0.1079  0.0217  0.0681  0.4898  0.1426  0.0186  0.1967  0.0479  0.4985  0.5242  1.0000  0.8568  0.1341  0.0032  0.0000  0.0077  0.0000  0.0000  0.0000
 0.2250  0.0000  0.0129  0.2274  1.0000  0.0121  0.2099  0.0293  0.0451  0.3961  0.3663  0.0255  0.1293  0.1453  0.2611  0.4035  0.1879  0.1381  0.0849  0.0041  0.0000  0.0250  0.0000  0.0000  0.0000
 0.0419  0.0000  0.0063  0.0011  0.0013  0.0032  0.0016  0.0188  0.0019  0.0015  0.0741  0.0011  0.0178  0.0057  0.0090  0.0080  0.1379  1.0000  0.0064  0.0009  0.0000  0.0170  0.0000  0.0000  0.0000
 0.2092  0.0000  0.0125  0.1728  0.2248  0.0144  0.9466  0.0885  0.0556  0.3295  0.0687  0.0241  1.0000  0.0608  0.1706  0.3577  0.2830  0.1562  0.0643  0.0047  0.0000  0.0405  0.0000  0.0000  0.0000
 0.0663  0.0000  0.0022  0.0436  1.0000  0.0086  0.0259  0.0227  0.0434  0.0490  0.0789  0.0775  0.0403  0.0219  0.3680  0.0513  0.0609  0.1634  0.0651  0.0007  0.0000  0.0016  0.0000  0.0000  0.0000
 0.1096  0.0000  0.0031  0.0566  0.4024  0.0029  0.0831  0.0998  0.0109  1.0000  0.0657  0.1454  0.1574  0.1121  0.1268  0.2031  0.1118  0.0453  0.0167  0.0010  0.0000  0.0063  0.0000  0.0000  0.0000
 0.0001  0.0000  0.0000  0.0000  0.0000  0.0002  0.0038  0.0000  0.0401  0.0001  0.0011  0.0056  0.0000  0.0000  0.0000  0.0000  0.0001  0.0001  1.0000  0.0000  0.0000  0.0001  0.0000  0.0000  0.0000
 1.0000  0.0000  0.0002  0.0002  0.0002  0.0001  0.0011  0.0001  0.0001  0.0002  0.0002  0.0001  0.0001  0.0041  0.0001  0.0002  0.0009  0.0003  0.0003  0.0000  0.0000  0.0001  0.0000  0.0000  0.0000
 0.0003  0.0000  0.0001  0.0001  0.0001  0.0003  0.0001  0.0000  1.0000  0.0001  0.0235  0.0155  0.0001  0.0000  0.0000  0.0001  0.0074  0.0031  0.2696  0.0000  0.0000  0.0001  0.0000  0.0000  0.0000
 0.0000  0.0000  0.0000  0.0000  0.0000  0.0000  0.0000  0.0000  0.0000  1.0000  0.0000  0.0000  0.0000  0.0000  0.0000  0.0000  0.0000  0.0000  0.0000  0.0000  0.0000  0.0000  0.0000  0.0000  0.0000
 0.0000  0.0000  0.0000  0.0000  0.0000  0.0000  0.0000  0.0000  0.0000  1.0000  0.0000  0.0000  0.0000  0.0000  0.0000  0.0000  0.0000  0.0000  0.0000  0.0000  0.0000  0.0000  0.0000  0.0000  0.0000
 0.0005  0.0000  0.0002  0.0001  0.0001  0.0234  0.0002  0.0001  1.0000  0.0002  0.5260  0.0056  0.0001  0.0002  0.0002  0.0002  0.0002  0.0004  0.0565  0.0002  0.0000  0.0002  0.0000  0.0000  0.0000
 1.0000  0.0000  0.0482  0.0306  0.0407  0.1042  0.5169  0.2176  0.0739  0.0433  0.0963  0.5034  0.1585  0.0304  0.0683  0.0516  0.7249  0.2358  0.0957  0.0274  0.0000  0.2380  0.0000  0.0000  0.0000
 0.0355  0.0000  0.0074  0.1501  0.0521  0.0073  0.1041  0.0540  0.0063  0.4015  0.0147  0.0050  1.0000  0.0287  0.0463  0.7395  0.0900  0.0380  0.0093  0.0042  0.0000  0.0188  0.0000  0.0000  0.0000
 0.7695  0.0000  0.0020  0.0008  0.0016  0.0010  0.0030  0.0004  0.0123  0.0016  0.0056  0.0018  0.0009  1.0000  0.0012  0.0010  0.0099  0.0170  0.1561  0.0002  0.0000  0.0004  0.0000  0.0000  0.0000
 0.0001  0.0000  0.0001  0.0000  0.0000  1.0000  0.0000  0.0000  0.0002  0.0000  0.0065  0.0001  0.0000  0.0000  0.0000  0.0000  0.0001  0.0001  0.0002  0.0006  0.0000  0.0094  0.0000  0.0000  0.0000
 0.0397  0.0000  0.0010  1.0000  0.4011  0.0012  0.0582  0.0157  0.0009  0.0098  0.0018  0.0007  0.0506  0.0056  0.9211  0.0040  0.4406  0.0060  0.0016  0.0006  0.0000  0.0026  0.0000  0.0000  0.0000
 0.0054  0.0000  0.0012  0.0341  0.0030  0.0007  0.0052  0.0795  0.0061  0.0437  0.0016  0.0008  1.0000  0.0032  0.0027  0.0190  0.6742  0.4293  0.0023  0.0004  0.0000  0.0012  0.0000  0.0000  0.0000
 0.8779  0.0000  0.0718  0.5745  1.0000  0.1518  0.3743  0.2416  0.2968  0.9292  0.4219  0.1258  0.4871  0.3747  0.5794  0.6758  0.7420  0.5855  0.3496  0.0419  0.0000  0.2134  0.0000  0.0000  0.0000
 0.0012  0.0000  0.0003  0.0002  0.0003  0.0011  0.0003  0.0000  1.0000  0.0205  0.0663  0.2588  0.0002  0.0002  0.0002  0.0003  0.0004  0.1180  0.6899  0.0001  0.0000  0.0005  0.0000  0.0000  0.0000
 0.3301  0.0000  0.0713  1.0000  0.7756  0.3977  0.3147  0.4529  0.2310  0.2767  0.6576  0.1431  0.4244  0.1749  0.2902  0.1788  0.3112  0.2277  0.2368  0.0716  0.0000  0.3587  0.0000  0.0000  0.0000
 1.0000  0.0000  0.0484  0.0002  0.0003  0.0001  0.0142  0.0000  0.0001  0.0003  0.0003  0.0001  0.0002  0.0007  0.0002  0.0002  0.0653  0.0114  0.0005  0.0000  0.0000  0.0001  0.0000  0.0000  0.0000
 0.0016  0.0000  0.0002  0.0003  0.0023  0.0003  0.0011  0.0015  0.0007  1.0000  0.1273  0.0005  0.0016  0.0013  0.0166  0.0909  0.0013  0.0017  0.0009  0.0003  0.0000  0.0007  0.0000  0.0000  0.0000
 0.0000  0.0000  0.0000  0.0000  0.0000  0.0000  0.0000  0.0000  0.0000  0.0000  0.0000  0.0000  0.0000  0.0000  0.0000  1.0000  0.0000  0.0000  0.0000  0.0000  0.0000  0.0000  0.0000  0.0000  0.0000
 0.1277  0.0000  0.0002  0.0003  0.0002  0.0001  0.0005  0.0001  0.0241  0.0003  0.0003  0.0001  0.0006  0.0005  0.0003  0.0002  0.0067  1.0000  0.0005  0.0001  0.0000  0.0001  0.0000  0.0000  0.0000
 0.0041  0.0000  0.0011  0.0005  0.0011  0.0463  0.0009  0.0150  0.0205  0.0014  1.0000  0.0137  0.0010  0.0018  0.0022  0.0014  0.0012  0.0024  0.0113  0.0014  0.0000  0.8156  0.0000  0.0000  0.0000
 0.0000  0.0000  0.0000  0.0000  0.0000  0.0000  0.0000  0.0000  0.0000  0.0000  0.0000  0.0000  0.0000  0.0000  0.0000  1.0000  0.0000  0.0000  0.0000  0.0000  0.0000  0.0000  0.0000  0.0000  0.0000
 0.0000  0.0000  0.0000  0.0000  1.0000  0.0000  0.0000  0.0000  0.0000  0.0000  0.0000  0.0000  0.0000  0.0000  0.0000  0.0000  0.0000  0.0000  0.0000  0.0000  0.0000  0.0000  0.0000  0.0000  0.0000
 0.0009  0.0000  0.0002  0.0001  0.0002  0.0098  0.0002  0.0002  0.7571  0.0003  1.0000  0.0577  0.0002  0.0004  0.0004  0.0003  0.0002  0.0005  0.0024  0.0003  0.0000  0.0003  0.0000  0.0000  0.0000
 0.0012  0.0000  0.0067  0.0002  0.0097  0.0002  0.0008  0.0153  0.0005  1.0000  0.0494  0.0158  0.0011  0.0009  0.0028  0.3960  0.0010  0.0242  0.0007  0.0002  0.0000  0.0005  0.0000  0.0000  0.0000
 0.0002  0.0000  0.0001  0.0000  0.0001  0.0007  0.0000  0.0000  0.0125  0.0001  1.0000  0.0439  0.0001  0.0001  0.0001  0.0001  0.0001  0.0001  0.0007  0.0001  0.0000  0.0166  0.0000  0.0000  0.0000
 0.0002  0.0000  0.0001  0.0000  0.0001  0.0033  0.0000  0.0000  0.0010  0.0001  1.0000  0.0056  0.0001  0.0001  0.0001  0.0001  0.0001  0.0001  0.0071  0.0001  0.0000  0.0001  0.0000  0.0000  0.0000
 0.0021  0.0000  0.0659  0.0004  0.0029  0.0004  0.0015  0.0018  0.0009  1.0000  0.0021  0.0244  0.0020  0.0016  0.0819  0.9459  0.0321  0.0249  0.0012  0.0003  0.0000  0.0009  0.0000  0.0000  0.0000
 0.0007  0.0000  0.0067  0.0003  0.0004  0.0110  0.0005  1.0000  0.0005  0.0006  0.0062  0.0003  0.0004  0.0003  0.0080  0.0179  0.0089  0.0006  0.0007  0.0003  0.0000  0.0175  0.0000  0.0000  0.0000
 0.0008  0.0000  0.0002  0.0001  0.0002  0.1749  0.0002  0.0002  0.0453  0.0003  0.7149  1.0000  0.0002  0.0003  0.0004  0.0003  0.0002  0.0005  0.0091  0.0003  0.0000  0.0003  0.0000  0.0000  0.0000
 0.1114  0.0000  0.0232  1.0000  0.1970  0.0281  0.0566  0.0776  0.0261  0.5375  0.0473  0.0148  0.3055  0.0360  0.2374  0.6294  0.1382  0.0822  0.0392  0.0033  0.0000  0.0250  0.0000  0.0000  0.0000
 0.0004  0.0000  0.0000  0.0010  0.0111  0.0001  0.0005  1.0000  0.0001  0.0007  0.0002  0.0001  0.0005  0.0004  0.0118  0.0004  0.0004  0.0003  0.0001  0.0001  0.0000  0.0001  0.0000  0.0000  0.0000
 0.0028  0.0000  0.0000  0.0695  1.0000  0.0001  0.0002  0.0001  0.0001  0.0006  0.0001  0.0001  0.0003  0.0052  0.0008  0.0197  0.0003  0.0003  0.0001  0.0000  0.0000  0.0001  0.0000  0.0000  0.0000
 0.0003  0.0000  0.0001  0.0010  0.0004  0.0001  0.0011  0.0003  0.0001  0.0004  0.0002  0.0000  1.0000  0.0004  0.0115  0.0003  0.0005  0.0003  0.0001  0.0001  0.0000  0.0002  0.0000  0.0000  0.0000
 0.0003  0.0000  0.0001  0.0001  0.0001  0.0005  0.0002  0.0000  0.6369  0.0001  0.0987  0.0005  0.0001  0.0001  0.0000  0.0001  0.0001  0.0004  1.0000  0.0001  0.0000  0.0002  0.0000  0.0000  0.0000
 0.0006  0.0000  0.0001  0.0001  0.0001  0.0002  0.0001  0.0000  1.0000  0.0001  0.0073  0.0061  0.0001  0.0044  0.0001  0.0001  0.0001  0.0215  0.1400  0.0000  0.0000  0.0001  0.0000  0.0000  0.0000
 0.7149  0.0000  0.1829  0.1004  0.0498  0.0013  1.0000  0.0032  0.0049  0.1097  0.0231  0.0028  0.0328  0.0072  0.0521  0.0346  0.4563  0.0988  0.0279  0.0005  0.0000  0.0010  0.0000  0.0000  0.0000
 0.0008  0.0000  0.0002  0.0001  0.0002  0.0012  0.0002  0.0001  0.5390  0.0002  1.0000  0.0229  0.0002  0.0002  0.0002  0.0002  0.0046  0.0083  0.0399  0.0001  0.0000  0.0002  0.0000  0.0000  0.0000
 0.6808  0.0000  0.0878  0.5107  0.8007  0.2334  0.3646  0.2428  0.2619  1.0000  0.7084  0.1533  0.4406  0.2554  0.5322  0.6621  0.7213  0.5338  0.3626  0.0648  0.0000  0.3260  0.0000  0.0000  0.0000
 0.0003  0.0000  0.0001  1.0000  0.0004  0.0001  0.0010  0.0003  0.0001  0.0004  0.0001  0.0000  0.0160  0.0003  0.0002  0.0002  0.0006  0.0003  0.0001  0.0001  0.0000  0.0002  0.0000  0.0000  0.0000
 0.0080  0.0000  0.0609  0.0002  0.0004  0.0006  0.0001  0.0001  1.0000  0.0005  0.0424  0.0387  0.0002  0.0005  0.0003  0.0003  0.0004  0.0255  0.9675  0.0001  0.0000  0.0002  0.0000  0.0000  0.0000
 0.0155  0.0000  0.0052  0.0430  0.0077  1.0000  0.0092  0.0144  0.6441  0.0083  0.1150  0.2186  0.0085  0.0060  0.0553  0.0097  0.0185  0.0193  0.1305  0.0053  0.0000  0.0418  0.0000  0.0000  0.0000
 0.5973  0.0000  0.1858  0.2840  0.4014  0.7024  0.3743  0.5895  0.4969  0.4573  0.6869  0.2784  0.3670  0.3389  0.3667  0.5215  0.5134  0.6111  0.5330  0.1852  0.0000  1.0000  0.0000  0.0000  0.0000
 0.0083  0.0000  0.0003  0.0003  0.0003  0.0001  0.0012  0.0001  0.0002  0.0003  0.0043  0.0001  0.0004  1.0000  0.0002  0.0079  0.1579  0.0080  0.0005  0.0000  0.0000  0.0001  0.0000  0.0000  0.0000
 0.5297  0.0000  0.0106  0.1103  0.0471  0.0019  0.0375  0.0521  0.0914  0.0425  0.0108  0.0114  0.0787  1.0000  0.0303  0.0667  0.0847  0.1077  0.0892  0.0006  0.0000  0.0015  0.0000  0.0000  0.0000
 0.7452  0.0000  0.0567  0.6544  1.0000  0.0588  0.3787  0.1860  0.2096  0.9427  0.3590  0.1069  0.4841  0.3332  0.6951  0.5609  0.7918  0.6531  0.3094  0.0171  0.0000  0.0395  0.0000  0.0000  0.0000
 0.1299  0.0000  0.0598  0.0788  0.1183  0.0088  0.1114  0.0175  0.0345  0.3494  0.0411  0.0156  0.1408  0.1433  0.0744  1.0000  0.8092  0.4502  0.0568  0.0038  0.0000  0.0084  0.0000  0.0000  0.0000
 0.0904  0.0000  0.0260  0.0065  0.0086  0.1933  0.0383  0.0337  0.1497  0.0092  1.0000  0.0439  0.0180  0.0143  0.0093  0.0506  0.0126  0.0336  0.0828  0.0058  0.0000  0.1107  0.0000  0.0000  0.0000
 0.0359  0.0000  0.0015  0.4411  1.0000  0.0014  0.0188  0.0358  0.0052  0.0464  0.0237  0.0029  0.0962  0.0076  0.0886  0.4332  0.2539  0.0930  0.0079  0.0005  0.0000  0.0010  0.0000  0.0000  0.0000
 0.7093  0.0000  0.0161  0.6748  0.9618  0.0150  0.2356  0.0604  0.0828  0.3734  0.0981  0.0320  1.0000  0.2555  0.4629  0.1879  0.9482  0.2472  0.1152  0.0052  0.0000  0.0114  0.0000  0.0000  0.0000
 0.0004  0.0000  0.0001  0.0001  0.0001  1.0000  0.0001  0.0001  0.0122  0.0002  0.1859  0.0264  0.0052  0.0002  0.0002  0.0002  0.0001  0.0003  0.0012  0.0001  0.0000  0.0053  0.0000  0.0000  0.0000
 0.0399  0.0000  0.0028  0.0989  0.5086  0.0027  0.0201  0.0781  0.0099  0.2799  0.0160  0.0129  1.0000  0.0145  0.3049  0.0842  0.2116  0.1259  0.0305  0.0009  0.0000  0.0255  0.0000  0.0000  0.0000
 0.0007  0.0000  0.0000  1.0000  0.1095  0.0001  0.0006  0.0112  0.0001  0.0008  0.0002  0.0001  0.0140  0.0004  0.0674  0.0002  0.0006  0.0004  0.0002  0.0000  0.0000  0.0001  0.0000  0.0000  0.0000
 0.0004  0.0000  0.0001  0.0001  0.0001  0.1232  0.0002  0.0000  0.1975  0.0002  0.0439  0.0104  0.0001  0.0001  0.0001  0.0001  0.0002  0.0251  1.0000  0.0001  0.0000  0.0003  0.0000  0.0000  0.0000
 0.0003  0.0000  0.0005  0.0005  0.0003  0.0003  0.0012  0.0061  0.0002  0.0002  0.0004  0.0001  0.0003  0.0005  0.0002  0.0004  0.0002  0.0003  0.0003  0.0002  0.0000  1.0000  0.0000  0.0000  0.0000
 0.0018  0.0000  0.0005  0.0002  0.0005  0.3556  0.0004  0.0003  0.8061  0.0006  1.0000  0.1059  0.0004  0.0007  0.0009  0.0006  0.0063  0.0011  0.0556  0.0005  0.0000  0.0007  0.0000  0.0000  0.0000
 0.1604  0.0000  0.0003  0.0003  0.0004  0.0056  0.0164  0.0005  0.0639  0.0004  0.0032  0.0147  0.0004  0.0003  0.0003  0.0004  0.0097  0.0063  1.0000  0.0002  0.0000  0.0240  0.0000  0.0000  0.0000
 0.2397  0.0000  0.0641  0.1003  0.1160  0.1812  0.1094  0.1407  0.1254  0.1161  0.1824  0.1666  0.1726  0.1046  0.1457  0.1113  0.5320  1.0000  0.1699  0.0507  0.0000  0.5435  0.0000  0.0000  0.0000
 0.0070  0.0000  0.0180  0.0713  1.0000  0.0013  0.0208  0.2508  0.0010  0.0087  0.0017  0.0224  0.0512  0.1946  0.0064  0.0043  0.0229  0.0492  0.0016  0.0006  0.0000  0.0031  0.0000  0.0000  0.0000
 0.0002  0.0000  0.0001  0.0000  0.0001  0.0804  0.0000  0.0000  0.0005  0.0000  1.0000  0.0003  0.0000  0.0001  0.0000  0.0000  0.0061  0.0001  0.0004  0.0009  0.0000  0.0312  0.0000  0.0000  0.0000
 0.0003  0.0000  0.0001  0.0000  0.0001  0.0008  0.0001  0.0001  0.0016  0.0001  0.1211  1.0000  0.0001  0.0001  0.0487  0.0001  0.0001  0.0002  0.0009  0.0001  0.0000  0.0001  0.0000  0.0000  0.0000
 0.0252  0.0000  0.0010  1.0000  0.2770  0.0208  0.7279  0.0084  0.0029  0.0267  0.0056  0.0023  0.0258  0.0158  0.1152  0.0215  0.0188  0.0127  0.0056  0.0012  0.0000  0.0042  0.0000  0.0000  0.0000
 0.3145  0.0000  0.0252  0.0006  0.0005  0.0123  0.0008  0.0002  0.0122  0.0006  0.0006  0.0003  0.0011  0.0009  0.0005  0.0004  0.0381  1.0000  0.0012  0.0001  0.0000  0.0002  0.0000  0.0000  0.0000
 0.0000  0.0000  0.0000  1.0000  0.0000  0.0000  0.0000  0.0000  0.0000  0.0000  0.0000  0.0000  0.0000  0.0000  0.0000  0.0000  0.0000  0.0000  0.0000  0.0000  0.0000  0.0000  0.0000  0.0000  0.0000
 0.0002  0.0000  0.0001  0.0000  0.0001  0.0006  0.0000  0.0000  0.0011  0.0001  1.0000  0.0258  0.0001  0.0027  0.0001  0.0001  0.0001  0.0001  0.0006  0.0001  0.0000  0.0001  0.0000  0.0000  0.0000
 0.0322  0.0000  0.0157  0.0094  0.0028  0.0006  0.0546  1.0000  0.0003  0.0027  0.0007  0.0002  0.4124  0.0016  0.0941  0.0015  0.0445  0.0022  0.0005  0.0003  0.0000  0.0476  0.0000  0.0000  0.0000
 0.0545  0.0000  0.0009  0.0041  0.0119  0.0016  0.0202  0.1548  0.0034  0.3355  0.0078  0.0026  0.5300  0.0063  1.0000  0.5536  0.0440  0.0375  0.0045  0.0012  0.0000  0.0035  0.0000  0.0000  0.0000
 0.0003  0.0000  0.0001  0.0001  0.0001  0.0004  0.0001  0.0000  1.0000  0.0001  0.2411  0.0004  0.0001  0.0001  0.0000  0.0001  0.0001  0.0119  0.0808  0.0000  0.0000  0.0002  0.0000  0.0000  0.0000
 0.0006  0.0000  0.0002  0.0001  0.0002  0.0077  0.0002  0.0000  1.0000  0.0002  0.3630  0.1364  0.0002  0.0001  0.0001  0.0166  0.0002  0.0111  0.1989  0.0001  0.0000  0.0003  0.0000  0.0000  0.0000
 0.0046  0.0000  0.0004  0.0009  0.0063  0.0009  0.1295  0.0133  0.0019  0.6744  0.0046  0.0056  0.0232  0.0036  0.0791  1.0000  0.0124  0.2462  0.0026  0.0007  0.0000  0.0020  0.0000  0.0000  0.0000
 0.0040  0.0000  0.0008  0.0018  0.0012  0.0004  0.0013  0.0545  0.0012  0.0021  0.0011  0.0847  0.0032  0.0020  1.0000  0.0014  0.1952  0.0679  0.0019  0.0003  0.0000  0.0005  0.0000  0.0000  0.0000
 0.7807  0.0000  0.0378  0.4805  1.0000  0.0353  0.4312  0.1064  0.1326  0.9520  0.2139  0.0750  0.3861  0.6737  0.5791  0.8763  0.5841  0.5032  0.2602  0.0122  0.0000  0.0268  0.0000  0.0000  0.0000
 0.0025  0.0000  0.0007  0.0003  0.0006  0.0570  0.0005  0.0005  0.0128  0.0009  1.0000  0.0120  0.0006  0.1647  0.0013  0.0009  0.0007  0.0015  0.0070  0.0008  0.0000  0.0010  0.0000  0.0000  0.0000
 0.0178  0.0000  0.0038  0.0083  0.0099  0.0019  0.0120  0.0024  0.0152  0.0080  0.2546  0.0028  0.0713  0.0093  0.0061  0.0131  1.0000  0.6074  0.0087  0.0013  0.0000  0.0023  0.0000  0.0000  0.0000
 0.0019  0.0000  0.0001  1.0000  0.7763  0.0002  0.0016  0.0061  0.0002  0.0198  0.0004  0.0002  0.2029  0.0120  0.0024  0.0006  0.0178  0.0010  0.0189  0.0001  0.0000  0.0003  0.0000  0.0000  0.0000
 0.0323  0.0000  0.0000  1.0000  0.4279  0.0002  0.0008  0.0006  0.0003  0.2280  0.0005  0.0002  0.0009  0.0014  0.0148  0.0006  0.0012  0.0010  0.0005  0.0001  0.0000  0.0003  0.0000  0.0000  0.0000
 0.0009  0.0000  0.0001  0.0002  0.0013  0.0093  0.0006  1.0000  0.0004  0.0916  0.0009  0.0003  0.0009  0.0007  0.1839  0.0363  0.0007  0.0010  0.0005  0.0001  0.0000  0.0004  0.0000  0.0000  0.0000
 0.0339  0.0000  1.0000  0.0007  0.0019  0.0393  0.0004  0.0006  0.4793  0.0020  0.0117  0.0031  0.0010  0.0026  0.0014  0.0012  0.0648  0.0220  0.7395  0.0003  0.0000  0.0229  0.0000  0.0000  0.0000
 0.0004  0.0000  0.0115  0.0001  0.0006  0.0001  0.0003  0.0004  0.0002  0.0243  0.0004  0.0096  0.0004  0.0003  1.0000  0.0487  0.0004  0.0005  0.0002  0.0001  0.0000  0.0002  0.0000  0.0000  0.0000
 0.0003  0.0000  0.0001  0.0000  0.0001  0.4440  0.0000  0.0000  0.0006  0.0000  0.0014  0.0003  0.0000  0.0001  0.0000  0.0000  0.0263  0.0002  0.0005  0.0013  0.0000  1.0000  0.0000  0.0000  0.0000
 0.0007  0.0000  0.0002  0.0001  0.0002  1.0000  0.0002  0.0001  0.0027  0.0002  0.5251  0.0017  0.0001  0.0003  0.0002  0.0002  0.0003  0.0004  0.0016  0.0012  0.0000  0.0045  0.0000  0.0000  0.0000
 0.0026  0.0000  0.0006  0.0002  0.0005  0.0032  0.0002  0.0047  0.3481  0.0006  1.0000  0.0640  0.0004  0.0008  0.0007  0.0005  0.0005  0.0250  0.5433  0.0004  0.0000  0.0004  0.0000  0.0000  0.0000
 0.0001  0.0000  0.0001  0.0000  0.0000  0.0804  0.0000  0.0000  0.0003  0.0000  0.0007  0.0001  0.0000  0.0000  0.0000  0.0000  0.0001  0.0001  0.0003  0.0006  0.0000  1.0000  0.0000  0.0000  0.0000
 0.0000  0.0000  0.0000  0.0000  0.0000  0.0000  0.0000  0.0000  0.0000  0.0000  0.0000  0.0000  0.0000  0.0000  1.0000  0.0000  0.0000  0.0000  0.0000  0.0000  0.0000  0.0000  0.0000  0.0000  0.0000
 0.0010  0.0000  0.0003  0.0002  0.0003  0.0018  0.0003  0.0001  1.0000  0.0003  0.5832  0.1467  0.0002  0.0003  0.0003  0.0003  0.0003  0.0891  0.0661  0.0002  0.0000  0.0004  0.0000  0.0000  0.0000
 0.0002  0.0000  0.0001  0.0000  0.0001  0.0006  0.0000  0.0000  0.0011  0.0001  1.0000  0.0373  0.0001  0.0001  0.0001  0.0001  0.0001  0.0001  0.0006  0.0001  0.0000  0.0001  0.0000  0.0000  0.0000
 0.0007  0.0000  0.0395  0.0001  0.0008  0.0001  0.0005  0.0005  0.0003  0.0682  0.0006  0.0002  0.0006  0.0005  0.0014  1.0000  0.0005  0.0006  0.0003  0.0001  0.0000  0.0003  0.0000  0.0000  0.0000
 0.0591  0.0000  0.0002  0.0002  0.0002  0.0001  1.0000  0.0001  0.0001  0.0002  0.0002  0.0001  0.0002  0.0006  0.0002  0.0002  0.0010  0.0004  0.0003  0.0000  0.0000  0.0001  0.0000  0.0000  0.0000
 0.0002  0.0000  0.0001  0.0000  0.0001  0.0006  0.0000  0.0000  0.0122  0.0001  1.0000  0.0118  0.0001  0.0001  0.0001  0.0001  0.0001  0.0001  0.0006  0.0001  0.0000  0.0001  0.0000  0.0000  0.0000
 0.0003  0.0000  0.0000  0.0001  0.0031  0.0001  0.0002  0.0002  0.0001  1.0000  0.0003  0.0001  0.0003  0.0002  0.0006  0.0231  0.0002  0.0003  0.0002  0.0000  0.0000  0.0001  0.0000  0.0000  0.0000
 0.0358  0.0000  0.0003  0.0005  0.0004  0.0127  0.0013  0.0103  0.0003  0.0004  0.0007  0.0002  0.0005  0.0006  0.0003  0.0003  0.0011  0.0005  0.0005  0.0001  0.0000  1.0000  0.0000  0.0000  0.0000
 0.0003  0.0000  0.0001  0.0001  0.0001  0.0188  0.0002  0.0000  1.0000  0.0001  0.1482  0.0258  0.0001  0.0001  0.0001  0.0001  0.0001  0.0004  0.4887  0.0001  0.0000  0.0002  0.0000  0.0000  0.0000
 0.0000  0.0000  0.0000  0.0000  0.0000  0.0000  0.0000  1.0000  0.0000  0.0000  0.0000  0.0000  0.0000  0.0000  0.0000  0.0000  0.0000  0.0000  0.0000  0.0000  0.0000  0.0000  0.0000  0.0000  0.0000
 0.0295  0.0000  0.0002  0.0002  0.0002  0.0001  0.0006  0.0001  0.0001  0.0103  0.0002  0.0001  0.0003  0.0004  0.0002  0.0002  1.0000  0.0135  0.0003  0.0000  0.0000  0.0001  0.0000  0.0000  0.0000
 1.0000  0.0000  0.0116  0.0002  0.0002  0.0001  0.0012  0.0000  0.0001  0.0002  0.0002  0.0001  0.0001  0.0005  0.0001  0.0001  0.0110  0.0004  0.0067  0.0000  0.0000  0.0001  0.0000  0.0000  0.0000
 0.0610  0.0000  0.0064  0.2553  0.0747  0.0055  0.9340  0.0487  0.0027  0.0579  0.0061  0.0022  1.0000  0.0218  0.0264  0.0413  0.0725  0.0283  0.0046  0.0028  0.0000  0.0146  0.0000  0.0000  0.0000
 0.0002  0.0000  0.0001  0.0001  0.0001  0.0004  0.0001  0.0000  0.5731  0.0001  0.0207  0.0004  0.0001  0.0000  0.0000  0.0001  0.0001  0.0003  1.0000  0.0000  0.0000  0.0002  0.0000  0.0000  0.0000
 0.0009  0.0000  0.0003  0.0002  0.0003  0.0017  0.0004  0.0000  0.9305  0.0004  1.0000  0.0017  0.0003  0.0002  0.0002  0.0003  0.0004  0.0010  0.3518  0.0002  0.0000  0.0006  0.0000  0.0000  0.0000
 0.0000  0.0000  0.0000  0.0000  0.0000  0.0000  0.0000  1.0000  0.0000  0.0000  0.0000  0.0000  0.0000  0.0000  0.0000  0.0000  0.0000  0.0000  0.0000  0.0000  0.0000  0.0000  0.0000  0.0000  0.0000
 0.0003  0.0000  0.0001  0.0001  0.0004  0.0001  0.0004  0.0056  0.0001  0.0017  0.0003  0.0001  0.0003  0.0003  0.0006  1.0000  0.0003  0.0003  0.0027  0.0001  0.0000  0.0001  0.0000  0.0000  0.0000
 0.0000  0.0000  0.0000  1.0000  0.0000  0.0000  0.0000  0.0000  0.0000  0.0000  0.0000  0.0000  0.0000  0.0000  0.0000  0.0000  0.0000  0.0000  0.0000  0.0000  0.0000  0.0000  0.0000  0.0000  0.0000
 0.0002  0.0000  0.0001  0.0000  0.0001  0.0005  0.0001  0.0000  0.0037  0.0001  1.0000  0.0007  0.0001  0.0001  0.0001  0.0001  0.0001  0.0001  0.0005  0.0001  0.0000  0.0001  0.0000  0.0000  0.0000
 0.0003  0.0000  0.0000  0.0001  0.0004  0.0001  0.0003  0.0002  0.0001  1.0000  0.0003  0.0001  0.0003  0.0003  0.0006  0.0190  0.0002  0.0003  0.0002  0.0001  0.0000  0.0001  0.0000  0.0000  0.0000
 0.0000  0.0000  0.0000  0.0000  0.0000  0.0000  0.0000  0.0000  0.0000  0.0000  0.0000  0.0000  0.0000  1.0000  0.0000  0.0000  0.0000  0.0000  0.0000  0.0000  0.0000  0.0000  0.0000  0.0000  0.0000
 0.0107  0.0000  0.0119  0.0013  0.0011  0.0004  0.2405  0.0003  0.0006  0.0012  0.0011  0.0005  0.0015  0.0027  0.0009  0.0036  1.0000  0.0085  0.0018  0.0002  0.0000  0.0004  0.0000  0.0000  0.0000
 0.0003  0.0000  0.0001  0.0039  0.0004  0.0001  0.0009  0.0003  0.0000  0.0004  0.0001  0.0000  1.0000  0.0002  0.0002  0.0002  0.0029  0.0003  0.0000  0.0000  0.0000  0.0001  0.0000  0.0000  0.0000
 0.0005  0.0000  0.0001  0.0001  0.0001  0.0011  0.0001  0.0001  0.4456  0.0002  1.0000  0.0013  0.0001  0.0002  0.0002  0.0002  0.0002  0.0004  0.0459  0.0001  0.0000  0.0002  0.0000  0.0000  0.0000
 0.5130  0.0000  0.0015  0.0007  0.0015  0.0859  0.0013  0.0011  0.0266  0.0019  1.0000  0.0174  0.0013  0.0025  0.0028  0.0018  0.0018  0.0035  0.0253  0.0019  0.0000  0.0028  0.0000  0.0000  0.0000
 0.0007  0.0000  0.0002  0.0001  0.0002  0.0013  0.0003  0.0000  0.2957  0.0003  0.8022  0.0143  0.0002  0.0002  0.0002  0.0002  0.0003  0.0007  1.0000  0.0002  0.0000  0.0004  0.0000  0.0000  0.0000
 0.0004  0.0000  0.0001  0.0010  0.0003  0.0001  0.0007  0.0002  0.0001  0.0033  0.0001  0.0000  1.0000  0.0002  0.0002  0.0002  0.0116  0.0099  0.0001  0.0000  0.0000  0.0001  0.0000  0.0000  0.0000
 0.9885  0.0000  0.0189  0.0756  1.0000  0.0091  0.1186  0.0091  0.0116  0.0412  0.0229  0.0106  0.0266  0.0593  0.0678  0.0197  0.1838  0.1135  0.0360  0.0037  0.0000  0.0084  0.0000  0.0000  0.0000
 0.0009  0.0000  0.0068  0.6386  0.0012  0.0002  0.0029  0.0009  0.0001  0.0314  0.0002  0.0001  1.0000  0.0007  0.0161  0.0006  0.0467  0.0198  0.0002  0.0001  0.0000  0.0004  0.0000  0.0000  0.0000
 0.0004  0.0000  1.0000  0.0005  0.0003  0.0003  0.0012  0.0003  0.0003  0.0001  0.0004  0.0001  0.0049  0.0004  0.0002  0.0003  0.0002  0.0003  0.0004  0.0003  0.0000  0.0004  0.0000  0.0000  0.0000
 0.0012  0.0000  0.0000  1.0000  0.5663  0.0001  0.0004  0.0003  0.0001  0.0012  0.0154  0.0001  0.0005  0.0007  0.0127  0.0003  0.0006  0.0005  0.0003  0.0001  0.0000  0.0001  0.0000  0.0000  0.0000
 0.0000  0.0000  0.0000  0.0000  0.0000  0.0000  0.0000  0.0000  0.0000  0.0000  1.0000  0.0000  0.0000  0.0000  0.0000  0.0000  0.0000  0.0000  0.0000  0.0000  0.0000  0.0000  0.0000  0.0000  0.0000
 0.0003  0.0000  0.0000  0.0001  0.0004  0.0001  0.0003  0.0003  0.0001  1.0000  0.0003  0.0001  0.0003  0.0003  0.0007  0.1201  0.0003  0.0003  0.0002  0.0001  0.0000  0.0001  0.0000  0.0000  0.0000
 0.0001  0.0000  0.0000  0.0000  0.0000  0.0002  0.0001  0.0000  1.0000  0.0001  0.0093  0.0002  0.0000  0.0000  0.0000  0.0000  0.0001  0.0002  0.0456  0.0000  0.0000  0.0001  0.0000  0.0000  0.0000
 0.1282  0.0000  1.0000  0.0053  0.0164  0.0048  0.1840  0.0014  0.0288  0.0071  0.6440  0.0058  0.0047  0.0178  0.0051  0.0052  0.0364  0.0249  0.0138  0.0012  0.0000  0.0024  0.0000  0.0000  0.0000
 0.0003  0.0000  0.0001  1.0000  0.0004  0.0001  0.0090  0.0003  0.0001  0.0004  0.0001  0.0000  0.0014  0.0003  0.0003  0.0002  0.0007  0.0003  0.0001  0.0001  0.0000  0.0033  0.0000  0.0000  0.0000
 0.0001  0.0000  0.0001  0.0000  0.0000  1.0000  0.0001  0.0000  0.0003  0.0000  0.0104  0.0002  0.0000  0.0001  0.0000  0.0000  0.0001  0.0001  0.0003  0.0005  0.0000  0.0021  0.0000  0.0000  0.0000
 0.0004  0.0000  0.0003  0.0005  0.0003  0.0002  1.0000  0.0002  0.0002  0.0003  0.0004  0.0001  0.0003  0.0007  0.0002  0.0004  0.0003  0.0003  0.0003  0.0039  0.0000  0.0003  0.0000  0.0000  0.0000
 0.0000  0.0000  0.0000  0.0000  0.0000  0.0000  0.0000  0.0000  0.0000  0.0000  1.0000  0.0000  0.0000  0.0000  0.0000  0.0000  0.0000  0.0000  0.0000  0.0000  0.0000  0.0000  0.0000  0.0000  0.0000
 1.0000  0.0000  0.0002  0.0001  0.0002  0.0001  0.0011  0.0000  0.0001  0.0002  0.0002  0.0001  0.0001  0.0005  0.0001  0.0001  0.0131  0.0003  0.0003  0.0000  0.0000  0.0001  0.0000  0.0000  0.0000
 0.0004  0.0000  0.0000  0.0001  0.0004  0.0001  0.0004  0.0002  0.0001  0.0016  0.0003  0.0001  0.0003  0.0031  0.0030  1.0000  0.0003  0.0003  0.0002  0.0001  0.0000  0.0001  0.0000  0.0000  0.0000
 0.6306  0.0000  0.1291  0.3362  0.5020  0.4548  0.3540  0.5948  0.5433  0.5112  0.5517  0.1825  0.3592  0.4851  0.5182  0.3922  0.6416  1.0000  0.5502  0.1212  0.0000  0.6372  0.0000  0.0000  0.0000
 0.4303  0.0000  0.0082  0.0420  0.0845  0.0013  0.0474  0.0031  0.0263  0.0549  0.0159  0.0027  0.1232  0.0071  0.3440  0.0191  0.1935  1.0000  0.0750  0.0004  0.0000  0.0010  0.0000  0.0000  0.0000
 0.0979  0.0000  0.0232  1.0000  0.2284  0.0008  0.0142  0.0020  0.0029  0.0358  0.0046  0.0016  0.1836  0.0243  0.0091  0.0177  0.6804  0.0837  0.0044  0.0003  0.0000  0.0006  0.0000  0.0000  0.0000
 0.2906  0.0000  0.0108  0.3959  1.0000  0.0424  0.1051  0.0254  0.0367  0.1747  0.0593  0.0208  0.1563  0.4418  0.1288  0.0992  0.3998  0.2097  0.0836  0.0041  0.0000  0.0246  0.0000  0.0000  0.0000
 0.1270  0.0000  0.0051  0.0590  1.0000  0.1080  0.0361  0.0218  0.0179  0.2846  0.0291  0.0102  0.1511  0.0264  0.4643  0.0686  0.2124  0.6370  0.0271  0.0018  0.0000  0.0042  0.0000  0.0000  0.0000
 0.0002  0.0000  0.0001  0.0000  0.0001  0.0006  0.0000  0.0000  0.0011  0.0001  0.0421  1.0000  0.0001  0.0001  0.0001  0.0001  0.0001  0.0001  0.0067  0.0001  0.0000  0.0001  0.0000  0.0000  0.0000
 0.0006  0.0000  0.0002  0.0003  0.0002  0.0002  0.0006  0.0001  0.0002  0.0002  0.0003  0.0130  0.0003  0.0004  0.0002  0.0002  0.0011  1.0000  0.0003  0.0001  0.0000  0.0002  0.0000  0.0000  0.0000
 0.2906  0.0000  0.0187  0.3367  1.0000  0.0170  0.4770  0.0334  0.0209  0.1351  0.0415  0.0179  0.0766  0.1117  0.1651  0.0452  0.1491  0.0805  0.0533  0.0074  0.0000  0.0202  0.0000  0.0000  0.0000
 0.0000  0.0000  0.0000  0.0000  0.0000  0.0000  0.0000  0.0000  0.0000  0.0000  0.0000  0.0000  0.0000  0.0000  0.0000  0.0000  0.0000  0.0000  0.0000  0.0000  0.0000  1.0000  0.0000  0.0000  0.0000
 0.0043  0.0000  0.0002  0.0001  0.0002  0.0001  0.0005  0.0001  0.0006  0.0002  0.0005  0.0002  0.0001  0.0003  0.0001  0.0001  0.0004  0.0005  1.0000  0.0001  0.0000  0.0001  0.0000  0.0000  0.0000
 0.6382  0.0000  0.0062  0.0039  0.0053  0.0063  0.0276  0.0011  0.0086  0.0057  0.0092  0.0036  0.0036  0.0137  0.0040  0.0039  0.2840  0.0135  1.0000  0.0008  0.0000  0.0018  0.0000  0.0000  0.0000
 0.0000  0.0000  0.0000  0.0000  0.0000  0.0000  0.0000  0.0000  0.0000  0.0000  0.0000  0.0000  0.0000  0.0000  0.0000  0.0000  0.0000  1.0000  0.0000  0.0000  0.0000  0.0000  0.0000  0.0000  0.0000
 0.0000  0.0000  0.0000  0.0000  0.0000  0.0000  0.0000  0.0000  0.0000  0.0000  0.0000  0.0000  0.0000  0.0000  0.0000  1.0000  0.0000  0.0000  0.0000  0.0000  0.0000  0.0000  0.0000  0.0000  0.0000
 0.0002  0.0000  0.0001  0.0001  0.0001  0.0034  0.0001  0.0000  0.0003  0.0000  0.0008  0.0002  0.0000  0.0001  0.0000  0.0000  0.0001  0.0001  0.0003  1.0000  0.0000  0.1891  0.0000  0.0000  0.0000
 0.0003  0.0000  0.0005  0.0005  0.0003  0.0003  0.0012  0.0062  0.0002  0.0002  0.0004  0.0001  0.0003  0.0005  0.0002  0.0004  0.0002  0.0003  0.0003  0.0160  0.0000  1.0000  0.0000  0.0000  0.0000
 0.0000  0.0000  0.0000  0.0000  0.0000  0.0000  0.0000  0.0000  0.0000  0.0000  0.0000  0.0000  0.0000  0.0000  0.0000  1.0000  0.0000  0.0000  0.0000  0.0000  0.0000  0.0000  0.0000  0.0000  0.0000
 1.0000  0.0000  0.0002  0.0002  0.0002  0.0001  0.0033  0.0000  0.0001  0.0002  0.0002  0.0001  0.0001  0.0156  0.0001  0.0002  0.0011  0.0004  0.0004  0.0000  0.0000  0.0001  0.0000  0.0000  0.0000
 0.0000  0.0000  0.0000  0.0000  0.0000  0.0000  0.0000  0.0000  0.0000  0.0000  0.0000  0.0000  0.0000  1.0000  0.0000  0.0000  0.0000  0.0000  0.0000  0.0000  0.0000  0.0000  0.0000  0.0000  0.0000
 0.0005  0.0000  0.0000  0.0012  1.0000  0.0000  0.0033  0.0001  0.0001  0.0005  0.0001  0.0000  0.0002  0.0003  0.0043  0.0001  0.0003  0.0002  0.0001  0.0000  0.0000  0.0001  0.0000  0.0000  0.0000
 0.0010  0.0000  0.0003  0.0002  0.0003  0.0016  0.0003  0.0001  1.0000  0.0003  0.9465  0.0019  0.0002  0.0047  0.0003  0.0003  0.0003  0.0009  0.2265  0.0002  0.0000  0.0004  0.0000  0.0000  0.0000
 0.0008  0.0000  0.0002  0.0001  0.0002  0.0023  0.0002  0.0002  0.2265  0.0003  0.9848  1.0000  0.0002  0.0004  0.0004  0.0003  0.0002  0.0005  0.0131  0.0003  0.0000  0.0003  0.0000  0.0000  0.0000
 0.0000  0.0000  0.0000  0.0000  0.0000  0.0000  0.0000  0.0000  0.0000  0.0000  1.0000  0.0000  0.0000  0.0000  0.0000  0.0000  0.0000  0.0000  0.0000  0.0000  0.0000  0.0000  0.0000  0.0000  0.0000
 0.0073  0.0000  0.1182  0.0065  0.0027  0.0008  0.0193  0.0016  0.0017  0.0034  0.0018  0.0009  1.0000  0.0037  0.0025  0.0020  0.2376  0.3067  0.0029  0.0005  0.0000  0.0011  0.0000  0.0000  0.0000
 0.0268  0.0000  0.5231  0.0036  0.0047  0.4030  0.0096  0.0004  0.0297  0.0015  0.0716  0.0147  0.0016  0.0085  0.0011  0.0011  0.3842  0.0130  0.0291  1.0000  0.0000  0.2661  0.0000  0.0000  0.0000
 0.7389  0.0000  0.0516  0.6692  1.0000  0.0483  0.3676  0.1181  0.1805  0.9316  0.2912  0.3464  0.4860  0.2664  0.6907  0.5172  0.9217  0.5853  0.2753  0.0168  0.0000  0.0372  0.0000  0.0000  0.0000
 0.0908  0.0000  0.0057  0.5214  0.7965  0.0054  0.0952  1.0000  0.0196  0.5798  0.0317  0.0111  0.2980  0.0292  0.1467  0.1057  0.1076  0.0776  0.0299  0.0019  0.0000  0.0117  0.0000  0.0000  0.0000
 0.0000  0.0000  0.0000  0.0000  0.0000  0.0000  0.0000  0.0000  0.0000  0.0000  0.0000  0.0000  0.0000  0.0000  0.0000  0.0000  0.0000  0.0000  0.0000  0.0000  0.0000  1.0000  0.0000  0.0000  0.0000
 0.0241  0.0000  0.0058  0.4048  0.0317  0.0046  0.2630  0.0231  0.0031  0.0311  0.0056  0.0022  0.6170  0.0186  0.0433  0.0159  0.1601  1.0000  0.0051  0.0024  0.0000  0.0119  0.0000  0.0000  0.0000
 1.0000  0.0000  0.0497  0.5876  0.9349  0.0464  0.3680  0.1126  0.1736  0.9735  0.2798  0.1382  0.4708  0.2548  0.8492  0.4861  0.7536  0.6533  0.4187  0.0160  0.0000  0.0353  0.0000  0.0000  0.0000
 1.0000  0.0000  0.0017  0.0100  0.2818  0.0010  0.0046  0.0016  0.0025  0.0398  0.0028  0.0014  0.0065  0.0057  0.0192  0.0034  0.2303  0.7291  0.0043  0.0006  0.0000  0.0012  0.0000  0.0000  0.0000
 0.0055  0.0000  0.0002  0.0001  0.0002  0.0005  0.0002  0.0000  1.0000  0.0002  0.0027  0.0005  0.0001  0.0002  0.0001  0.0001  0.0002  0.0007  0.9170  0.0001  0.0000  0.0002  0.0000  0.0000  0.0000
 0.0000  0.0000  0.0000  1.0000  0.0000  0.0000  0.0000  0.0000  0.0000  0.0000  0.0000  0.0000  0.0000  0.0000  0.0000  0.0000  0.0000  0.0000  0.0000  0.0000  0.0000  0.0000  0.0000  0.0000  0.0000
 0.0003  0.0000  0.0001  0.0001  0.0001  0.0005  0.0002  0.0000  1.0000  0.0001  0.0359  0.0829  0.0001  0.0001  0.0000  0.0001  0.0001  0.0004  0.6347  0.0001  0.0000  0.0002  0.0000  0.0000  0.0000
 0.0000  0.0000  0.0000  0.0000  0.0000  0.0000  0.0000  0.0000  0.0000  0.0000  0.0000  0.0000  0.0000  0.0000  0.0000  0.0000  0.0000  0.0000  0.0000  1.0000  0.0000  0.0000  0.0000  0.0000  0.0000
 0.0008  0.0000  0.0002  0.0003  0.0002  0.0042  0.0009  0.0001  0.0002  0.0002  0.0004  0.0001  0.0002  0.0005  0.0002  0.0002  1.0000  0.0004  0.0003  0.0002  0.0000  0.0007  0.0000  0.0000  0.0000
 0.1391  0.0000  0.0004  0.0001  0.0003  0.0002  0.0000  0.0001  0.0194  0.0003  0.0016  0.0005  0.0002  0.0005  0.0002  0.0002  0.0003  0.0317  1.0000  0.0000  0.0000  0.0001  0.0000  0.0000  0.0000
 0.0072  0.0000  0.0033  0.0002  0.0002  0.0001  1.0000  0.0000  0.0001  0.0002  0.0002  0.0001  0.0001  0.0005  0.0001  0.0001  0.0010  0.0003  0.0003  0.0000  0.0000  0.0001  0.0000  0.0000  0.0000
 0.0000  0.0000  1.0000  0.0000  0.0000  0.0000  0.0000  0.0000  0.0000  0.0000  0.0000  0.0000  0.0000  0.0000  0.0000  0.0000  0.0000  0.0000  0.0000  0.0000  0.0000  0.0000  0.0000  0.0000  0.0000
 0.0002  0.0000  0.0001  0.0001  0.0001  0.0002  0.0002  0.0000  1.0000  0.0001  0.0010  0.0002  0.0001  0.0001  0.0001  0.0001  0.0001  0.0002  0.0068  0.0001  0.0000  0.0001  0.0000  0.0000  0.0000
 0.0027  0.0000  0.0008  0.0003  0.0007  1.0000  0.0005  0.0005  0.0123  0.0008  0.4396  0.7296  0.0006  0.0011  0.0012  0.0008  0.0044  0.0016  0.0186  0.0028  0.0000  0.0259  0.0000  0.0000  0.0000
 1.0000  0.0000  0.0028  0.0020  0.0024  0.0011  0.1686  0.0005  0.0091  0.0027  0.0066  0.2893  0.0017  0.0069  0.0018  0.0019  0.0352  0.0048  0.0046  0.0004  0.0000  0.0008  0.0000  0.0000  0.0000
 0.0004  0.0000  0.0000  0.0049  1.0000  0.0001  0.0003  0.0001  0.0001  0.0004  0.0001  0.0000  0.0002  0.0003  0.0005  0.0002  0.0002  0.0002  0.0001  0.0000  0.0000  0.0001  0.0000  0.0000  0.0000
 0.0009  0.0000  0.0002  0.0001  0.0002  0.0020  0.0001  0.0002  0.2817  0.0003  1.0000  0.6163  0.0002  0.0051  0.0004  0.0003  0.0002  0.0154  0.0127  0.0002  0.0000  0.0003  0.0000  0.0000  0.0000
 0.0005  0.0000  0.0001  0.0001  0.0001  0.0012  0.0002  0.0001  0.2722  0.0002  1.0000  0.3198  0.0001  0.0002  0.0002  0.0002  0.0002  0.0040  0.0661  0.0001  0.0000  0.0131  0.0000  0.0000  0.0000
 0.3668  0.0000  0.0419  0.4393  0.7112  0.0235  0.5128  0.0574  0.0944  0.5064  0.1427  0.0567  0.4445  0.1298  0.3262  0.2872  0.4289  1.0000  0.1349  0.0081  0.0000  0.0179  0.0000  0.0000  0.0000
 0.0975  0.0000  0.0158  0.2330  0.1104  0.0163  1.0000  0.0763  0.0186  0.3043  0.0434  0.0149  0.3129  0.0656  0.1177  0.9797  0.1901  0.0851  0.0285  0.0099  0.0000  0.0389  0.0000  0.0000  0.0000
 0.0112  0.0000  0.0001  0.0003  0.1924  0.0002  0.0007  0.0009  0.0004  1.0000  0.0010  0.0003  0.0010  0.0008  0.1297  0.3429  0.0070  0.0311  0.0006  0.0002  0.0000  0.0005  0.0000  0.0000  0.0000
 0.0616  0.0000  0.0011  0.0003  0.0008  0.0006  0.0004  0.0002  0.0138  0.0009  0.0036  0.0011  0.0005  1.0000  0.0006  0.0005  0.0015  0.3749  0.0399  0.0001  0.0000  0.0002  0.0000  0.0000  0.0000
 0.0003  0.0000  0.0001  0.0000  0.0001  0.0208  0.0001  0.0001  0.0958  0.0001  1.0000  0.0009  0.0001  0.0001  0.0001  0.0001  0.0001  0.0002  0.0125  0.0001  0.0000  0.0001  0.0000  0.0000  0.0000
 0.0001  0.0000  0.0001  0.0000  0.0000  1.0000  0.0000  0.0000  0.0004  0.0000  0.0052  0.0002  0.0000  0.0001  0.0000  0.0000  0.0001  0.0001  0.0047  0.0005  0.0000  0.0019  0.0000  0.0000  0.0000
 0.0278  0.0000  0.0002  0.0002  0.0006  0.0001  0.0034  0.0003  0.0002  0.1245  0.0005  0.0002  0.0004  1.0000  0.0230  0.0061  0.0062  0.0006  0.0004  0.0001  0.0000  0.0002  0.0000  0.0000  0.0000
 0.0005  0.0000  0.0002  0.0005  0.0003  0.0002  1.0000  0.0002  0.0002  0.0004  0.0004  0.0001  0.0003  0.0008  0.0002  0.0048  0.0003  0.0003  0.0002  0.0002  0.0000  0.0002  0.0000  0.0000  0.0000
 0.0286  0.0000  0.0020  0.0391  0.0062  0.0012  0.0045  0.0023  0.0279  1.0000  0.0039  0.0018  0.1809  0.0057  0.0062  0.4438  0.1527  0.5119  0.0051  0.0008  0.0000  0.0016  0.0000  0.0000  0.0000
 0.0004  0.0000  0.0001  1.0000  0.0807  0.0001  0.0008  0.0119  0.0000  0.0005  0.0001  0.0000  0.0113  0.0003  0.0005  0.0002  0.0007  0.0003  0.0001  0.0000  0.0000  0.0001  0.0000  0.0000  0.0000
 0.0026  0.0000  0.1360  0.0113  0.0035  0.0007  0.0082  1.0000  0.0004  0.0040  0.0008  0.0003  0.0192  0.0020  0.0188  0.0024  0.0063  0.0027  0.0006  0.0003  0.0000  0.7239  0.0000  0.0000  0.0000
 0.0278  0.0000  0.0009  0.0003  0.0007  0.0029  0.0002  0.0696  0.6835  0.0008  0.3534  0.0799  0.0004  0.0011  0.0008  0.0006  0.0007  0.0028  1.0000  0.0004  0.0000  0.0004  0.0000  0.0000  0.0000
 0.0105  0.0000  0.0023  0.6731  0.0408  0.0020  0.0347  1.0000  0.0011  0.0147  0.0023  0.0009  0.5230  0.0084  0.1579  0.0072  0.0434  0.0105  0.0018  0.0011  0.0000  0.0054  0.0000  0.0000  0.0000
 0.0003  0.0000  0.0000  0.0002  0.0004  0.0001  0.0004  0.0032  0.0001  0.0073  0.0003  0.0001  0.0004  0.0003  1.0000  0.0013  0.0003  0.0003  0.0001  0.0001  0.0000  0.0001  0.0000  0.0000  0.0000
 0.0005  0.0000  0.0001  0.0001  0.0001  0.1866  0.0001  0.0001  0.0345  0.0002  1.0000  0.1006  0.0001  0.0002  0.0003  0.0002  0.0001  0.0003  0.0014  0.0002  0.0000  0.0002  0.0000  0.0000  0.0000
 0.0996  0.0000  0.0058  0.0649  0.1067  0.0060  0.0895  0.0292  0.0204  0.9356  0.0450  0.0242  0.5217  0.0301  0.1982  1.0000  0.7071  0.7731  0.0390  0.0022  0.0000  0.0054  0.0000  0.0000  0.0000
 0.0146  0.0000  0.0015  0.0027  0.0704  0.0036  0.0102  0.0316  0.2772  0.1091  1.0000  0.0183  0.0139  0.0113  0.2115  0.3131  0.0209  0.0155  0.0086  0.0024  0.0000  0.0070  0.0000  0.0000  0.0000
 0.0002  0.0000  0.0001  0.0000  0.0001  0.0005  0.0001  0.0000  1.0000  0.0001  0.1397  0.0005  0.0001  0.0001  0.0001  0.0001  0.0001  0.0002  0.0141  0.0001  0.0000  0.0001  0.0000  0.0000  0.0000
 0.2662  0.0000  0.0774  0.0123  0.0387  0.0358  0.0012  0.0101  0.4499  0.0388  0.6152  0.6799  0.0299  0.0548  0.0297  0.0221  0.0380  1.0000  0.7114  0.0055  0.0000  0.0096  0.0000  0.0000  0.0000
 0.0373  0.0000  0.0007  0.1572  1.0000  0.0060  0.0244  0.0343  0.0025  0.2180  0.0040  0.0166  0.1838  0.0036  0.0526  0.1090  0.0616  0.0182  0.0038  0.0002  0.0000  0.0005  0.0000  0.0000  0.0000
 0.0010  0.0000  0.0003  0.0002  0.0003  0.0269  0.0004  0.0001  0.2039  0.0227  1.0000  0.0494  0.0003  0.0003  0.0003  0.0004  0.0004  0.0392  0.5518  0.0002  0.0000  0.0182  0.0000  0.0000  0.0000
 0.0243  0.0000  0.0378  0.0006  0.0017  0.0016  0.0002  0.0004  0.5810  0.0017  1.0000  0.0028  0.0008  0.0023  0.0012  0.0010  0.0016  0.2878  0.3095  0.0002  0.0000  0.0005  0.0000  0.0000  0.0000
 0.0075  0.0000  0.0002  0.0002  0.0002  0.0001  1.0000  0.0001  0.0001  0.0002  0.0002  0.0001  0.0002  0.0005  0.0001  0.0002  0.0009  0.0003  0.0003  0.0001  0.0000  0.0001  0.0000  0.0000  0.0000
 0.0150  0.0000  0.0191  0.0009  0.0006  0.0002  0.0006  0.0120  0.0103  0.0220  0.0007  0.0003  0.0061  0.0103  0.0007  0.0005  0.5204  1.0000  0.0909  0.0001  0.0000  0.0003  0.0000  0.0000  0.0000
 0.0027  0.0000  0.0003  0.0006  0.0006  0.0003  0.0020  0.0002  0.0004  0.0008  0.0011  0.0352  0.0004  1.0000  0.0498  0.0007  0.0014  0.0007  0.0007  0.0002  0.0000  0.0002  0.0000  0.0000  0.0000
 0.3077  0.0000  0.0660  0.9752  0.4404  0.0221  0.4421  0.0483  0.0513  0.3117  0.0991  0.0290  0.4780  0.9658  0.1616  0.2685  1.0000  0.7106  0.0783  0.0047  0.0000  0.0105  0.0000  0.0000  0.0000
 0.2258  0.0000  0.0024  0.9040  1.0000  0.0022  0.0330  0.0054  0.0084  0.1065  0.0375  0.0686  0.0415  0.1981  0.0851  0.0361  0.0780  0.0500  0.0272  0.0008  0.0000  0.0017  0.0000  0.0000  0.0000
 0.4071  0.0000  0.0035  0.6718  1.0000  0.0085  0.0468  0.0281  0.0119  0.0727  0.0193  0.0068  0.0361  0.0406  0.0369  0.0502  0.4738  0.0875  0.0181  0.0012  0.0000  0.0222  0.0000  0.0000  0.0000
 0.4698  0.0000  0.1030  0.0929  0.1122  0.1587  0.0442  0.0775  0.4969  0.1005  0.4067  0.1192  0.0765  0.1157  0.0842  0.0774  0.1770  0.4063  1.0000  0.0295  0.0000  0.1274  0.0000  0.0000  0.0000
 0.0007  0.0000  0.0002  0.0001  0.0002  0.0248  0.0002  0.0001  0.3850  0.0003  1.0000  0.1627  0.0002  0.0002  0.0003  0.0003  0.0002  0.0005  0.1534  0.0002  0.0000  0.0395  0.0000  0.0000  0.0000
 0.4719  0.0000  0.0534  0.4834  0.9207  0.0200  1.0000  0.1372  0.0721  0.5522  0.1227  0.0853  0.4235  0.1053  0.7586  0.2826  0.5325  0.2389  0.1292  0.0068  0.0000  0.1252  0.0000  0.0000  0.0000
 0.5585  0.0000  0.0833  0.3882  0.6372  0.6533  0.3150  0.2022  0.1968  1.0000  0.3377  0.1126  0.3705  0.2125  0.4266  0.5466  0.5513  0.6103  0.2778  0.0534  0.0000  0.2499  0.0000  0.0000  0.0000
 0.0005  0.0000  0.0002  0.0001  0.0002  0.0087  0.0002  0.0001  1.0000  0.0002  0.5423  0.0403  0.0002  0.0002  0.0002  0.0002  0.0002  0.0224  0.1266  0.0001  0.0000  0.0003  0.0000  0.0000  0.0000
 0.7946  0.0000  0.2061  0.7404  1.0000  0.0480  0.4057  0.1336  0.2036  0.9891  0.3051  0.1019  0.5270  0.2981  0.6667  0.8347  0.9150  0.6319  0.2926  0.0165  0.0000  0.0364  0.0000  0.0000  0.0000
 0.0013  0.0000  0.0003  0.0766  0.0013  0.0002  0.0030  0.0009  0.0002  0.0013  0.0003  0.0001  0.3497  0.0009  0.0009  0.0007  1.0000  0.0167  0.0004  0.0001  0.0000  0.0005  0.0000  0.0000  0.0000
 0.0555  0.0000  0.0011  0.3873  1.0000  0.0011  0.0123  0.0542  0.0227  0.1175  0.0104  0.0223  0.0558  0.1850  0.0665  0.0833  0.0155  0.0200  0.0145  0.0004  0.0000  0.0008  0.0000  0.0000  0.0000
 0.2233  0.0000  0.0262  0.3563  0.2810  0.0030  0.0228  0.1014  0.0112  0.4160  0.0181  0.0063  1.0000  0.0165  0.0604  0.1941  0.2840  0.0751  0.0171  0.0010  0.0000  0.0023  0.0000  0.0000  0.0000
 1.0000  0.0000  0.0003  0.0003  0.0003  0.0001  0.0015  0.0001  0.0002  0.0004  0.0003  0.0002  0.0004  0.0008  0.0003  0.0003  0.0233  0.1829  0.0006  0.0001  0.0000  0.0001  0.0000  0.0000  0.0000
 0.0044  0.0000  0.0096  0.0007  0.0060  0.0009  0.0031  0.0039  0.0019  0.4272  0.2403  0.0015  0.0042  0.0034  0.0466  1.0000  0.0036  0.0047  0.0119  0.0007  0.0000  0.0020  0.0000  0.0000  0.0000
 0.0432  0.0000  0.0012  0.0362  0.1171  0.0011  0.0088  0.0204  0.0043  0.3707  0.0271  0.0105  0.4231  0.0063  0.0727  1.0000  0.2266  0.1251  0.0066  0.0004  0.0000  0.0009  0.0000  0.0000  0.0000
 0.0002  0.0000  0.0001  0.0000  0.0000  0.2751  0.0000  0.0000  0.0004  0.0000  0.0009  0.0002  0.0000  0.0001  0.0000  0.0000  0.0001  0.0001  0.0003  0.0008  0.0000  1.0000  0.0000  0.0000  0.0000
 0.0003  0.0000  0.0001  0.0001  0.0001  0.0121  0.0002  0.0000  1.0000  0.0001  0.0254  0.1188  0.0001  0.0001  0.0001  0.0001  0.0001  0.0004  0.5240  0.0001  0.0000  0.0002  0.0000  0.0000  0.0000
 0.0609  0.0000  0.0006  0.0143  0.0901  0.0005  0.0040  0.0013  0.0020  0.6957  0.0433  0.0192  0.0443  0.0029  0.4887  1.0000  0.0421  0.0809  0.0030  0.0002  0.0000  0.0004  0.0000  0.0000  0.0000
 0.0530  0.0000  0.0009  0.0139  0.0212  0.0007  0.0662  0.0643  0.0006  0.0045  0.0010  0.0004  0.1102  0.0028  0.4636  0.0023  1.0000  0.0433  0.0010  0.0004  0.0000  0.0016  0.0000  0.0000  0.0000
 0.0003  0.0000  0.0001  0.0000  0.0001  0.0055  0.0001  0.0001  0.0079  0.0001  1.0000  0.0541  0.0001  0.0001  0.0198  0.0001  0.0001  0.0002  0.0008  0.0001  0.0000  0.0001  0.0000  0.0000  0.0000
 0.0189  0.0000  0.0047  0.0054  0.0003  0.0001  0.0117  0.0001  0.0001  0.0003  0.0003  0.0001  0.0003  1.0000  0.0137  0.0002  0.0057  0.0112  0.0004  0.0000  0.0000  0.0001  0.0000  0.0000  0.0000
 0.4365  0.0000  0.1513  0.1877  0.2709  0.6892  0.2718  0.5817  0.3389  0.6440  0.5937  0.2047  0.3054  0.2982  0.7024  0.4309  0.3551  0.3296  0.5153  0.1483  0.0000  1.0000  0.0000  0.0000  0.0000
 0.4062  0.0000  0.1360  0.1576  0.2095  0.6538  0.2532  0.4893  0.3285  0.2732  0.5456  0.4401  0.2378  0.1568  0.2544  0.5047  0.4260  0.4189  0.4543  0.1489  0.0000  1.0000  0.0000  0.0000  0.0000
 0.0694  0.0000  0.0008  0.0840  0.2854  0.0007  0.0149  0.0018  0.0027  0.1611  0.0092  0.0015  0.0071  1.0000  0.0547  0.1087  0.0320  0.0318  0.0101  0.0002  0.0000  0.0005  0.0000  0.0000  0.0000
 0.0186  0.0000  0.0006  0.0011  0.0090  0.0013  0.1960  0.0473  0.0028  0.7893  0.0066  0.0022  0.0063  0.1236  0.0754  1.0000  0.0053  0.0069  0.0037  0.0010  0.0000  0.0029  0.0000  0.0000  0.0000
 0.2633  0.0000  0.0475  0.1592  0.2523  0.0883  0.1253  0.0930  0.2351  0.7586  0.1711  0.1169  0.1437  0.0840  1.0000  0.5032  0.2318  0.2496  0.4326  0.0244  0.0000  0.1191  0.0000  0.0000  0.0000
 0.0701  0.0000  0.0046  0.7422  0.1240  0.0043  0.0327  0.0340  0.0229  0.1348  0.0258  0.0091  0.4048  1.0000  0.1927  0.0605  0.4930  0.0721  0.0244  0.0015  0.0000  0.0033  0.0000  0.0000  0.0000
 0.0004  0.0000  0.0002  0.0001  0.0001  1.0000  0.0001  0.0000  0.0085  0.0000  0.3655  0.0004  0.0000  0.0001  0.0000  0.0000  0.0002  0.0002  0.0008  0.0163  0.0000  0.0151  0.0000  0.0000  0.0000
 0.7639  0.0000  0.0047  0.0950  0.1227  0.0044  0.0891  0.0185  0.0166  0.3553  0.0312  0.0231  0.0748  0.1172  0.1669  0.4184  1.0000  0.2601  0.1148  0.0015  0.0000  0.0033  0.0000  0.0000  0.0000
 0.5180  0.0000  0.0190  0.4738  1.0000  0.0177  0.2016  0.0659  0.0666  0.5732  0.2269  0.0578  0.5291  0.0977  0.6313  0.5474  0.6996  0.4046  0.2159  0.0061  0.0000  0.0134  0.0000  0.0000  0.0000
 0.3021  0.0000  0.1054  0.1222  0.1627  0.4458  0.2159  0.3293  0.3326  0.6763  1.0000  0.2774  0.1881  0.1217  0.1893  0.5465  0.2388  0.2463  0.7716  0.1102  0.0000  0.6899  0.0000  0.0000  0.0000
 0.0002  0.0000  0.0001  0.0000  0.0000  1.0000  0.0000  0.0000  0.0004  0.0000  0.0461  0.0002  0.0000  0.0001  0.0000  0.0000  0.0001  0.0001  0.0003  0.0143  0.0000  0.1506  0.0000  0.0000  0.0000
 0.0583  0.0000  0.0086  0.0215  0.0542  0.0029  0.0134  0.0453  0.0720  0.2504  0.0660  0.0040  0.0173  1.0000  0.0412  0.1706  0.0783  0.0820  0.0664  0.0009  0.0000  0.0030  0.0000  0.0000  0.0000
 0.1180  0.0000  0.0243  0.2255  0.1566  0.0102  0.7245  0.4109  0.0283  0.3052  0.0598  0.0160  1.0000  0.0399  0.2178  0.2842  0.1826  0.2517  0.0427  0.0033  0.0000  0.0328  0.0000  0.0000  0.0000
 1.0000  0.0000  0.0041  0.0034  0.0051  0.0247  0.0049  0.0083  0.0487  0.0135  0.0242  0.1981  0.0139  0.0045  0.0051  0.0057  0.0190  0.0451  0.3662  0.0029  0.0000  0.0246  0.0000  0.0000  0.0000
 0.0156  0.0000  0.0008  0.3202  0.1869  0.0008  0.0131  0.3531  0.0027  0.0196  0.0161  0.0016  1.0000  0.0441  0.1038  0.0078  0.6483  0.0330  0.0042  0.0003  0.0000  0.0007  0.0000  0.0000  0.0000
 0.0523  0.0000  0.0001  0.0450  0.0225  0.0001  0.0008  0.0003  0.0030  0.0097  0.0006  0.0002  0.0010  1.0000  0.0054  0.0084  0.0372  0.0032  0.0178  0.0000  0.0000  0.0001  0.0000  0.0000  0.0000
 0.7535  0.0000  0.0508  0.6662  1.0000  0.0529  0.4048  0.1158  0.1850  0.8992  0.5401  0.1200  0.4814  0.2598  0.6246  0.4967  0.7178  0.5535  0.2886  0.0166  0.0000  0.0378  0.0000  0.0000  0.0000
 1.0000  0.0000  0.0002  0.0002  0.0002  0.0001  0.0112  0.0000  0.0001  0.0002  0.0002  0.0001  0.0001  0.0061  0.0001  0.0002  0.0139  0.0004  0.0098  0.0000  0.0000  0.0001  0.0000  0.0000  0.0000
 0.0474  0.0000  0.0004  0.0002  0.0003  0.0008  0.0002  0.0001  1.0000  0.0004  0.2685  0.0543  0.0002  0.0003  0.0002  0.0002  0.0003  0.0205  0.6285  0.0001  0.0000  0.0003  0.0000  0.0000  0.0000
 0.0004  0.0000  0.0001  1.0000  0.0110  0.0001  0.0011  0.0091  0.0000  0.0005  0.0001  0.0000  0.0538  0.0003  0.0079  0.0002  0.0148  0.0004  0.0001  0.0000  0.0000  0.0002  0.0000  0.0000  0.0000
 0.0002  0.0000  0.0001  0.0000  0.0001  0.0103  0.0000  0.0056  0.0092  0.0001  1.0000  0.0008  0.0001  0.0001  0.0001  0.0001  0.0001  0.0001  0.0152  0.0001  0.0000  0.0001  0.0000  0.0000  0.0000
 0.0409  0.0000  0.0045  0.0001  0.0002  0.0044  0.0001  0.0001  0.1019  0.0002  1.0000  0.0420  0.0001  0.0003  0.0003  0.0002  0.0002  0.0006  0.1807  0.0002  0.0000  0.0002  0.0000  0.0000  0.0000
 0.0213  0.0000  0.0002  0.2282  1.0000  0.0002  0.0433  0.0005  0.0006  0.0157  0.0044  0.0004  0.0017  0.0011  0.1225  0.0061  0.0132  0.0155  0.0010  0.0001  0.0000  0.0084  0.0000  0.0000  0.0000
 0.0006  0.0000  0.0001  0.0001  0.0009  0.0001  0.0004  0.0064  0.0003  1.0000  0.0094  0.0002  0.0221  0.0005  0.0370  0.3908  0.0033  0.0046  0.0004  0.0001  0.0000  0.0003  0.0000  0.0000  0.0000
 0.0003  0.0000  0.0001  0.0000  0.0001  0.0006  0.0001  0.0000  0.0012  0.0001  0.0459  1.0000  0.0001  0.0001  0.0001  0.0001  0.0001  0.0184  0.0007  0.0001  0.0000  0.0001  0.0000  0.0000  0.0000
 0.0000  0.0000  0.0000  0.0000  0.0000  0.0000  0.0000  0.0000  0.0000  0.0000  1.0000  0.0000  0.0000  0.0000  0.0000  0.0000  0.0000  0.0000  0.0000  0.0000  0.0000  0.0000  0.0000  0.0000  0.0000
 0.1244  0.0000  0.0102  0.0743  0.3104  0.0346  0.0292  0.0417  0.1377  0.0475  0.0635  0.0234  0.0583  0.0195  0.0717  0.0404  0.0743  0.4309  1.0000  0.0092  0.0000  0.0672  0.0000  0.0000  0.0000
 0.0010  0.0000  0.0002  0.0001  0.0002  1.0000  0.0002  0.0002  0.0183  0.0003  0.5649  0.0182  0.0002  0.0004  0.0005  0.0003  0.0003  0.0006  0.0076  0.0003  0.0000  0.0003  0.0000  0.0000  0.0000
 0.0004  0.0000  0.0001  1.0000  0.0005  0.0001  0.0052  0.0004  0.0000  0.0005  0.0001  0.0000  0.0919  0.0003  0.0003  0.0002  0.0009  0.0004  0.0034  0.0000  0.0000  0.0002  0.0000  0.0000  0.0000
 0.1586  0.0000  0.0066  0.0092  0.0010  0.0004  0.0184  0.0003  0.0054  0.0012  0.0010  0.0005  0.0013  1.0000  0.0009  0.0008  0.0989  0.0919  0.0876  0.0002  0.0000  0.0004  0.0000  0.0000  0.0000
 0.3879  0.0000  0.0226  1.0000  0.5987  0.0152  0.1158  0.0739  0.0569  0.7434  0.1807  0.0377  0.3562  0.0835  0.1858  0.5917  0.8477  0.4444  0.1934  0.0052  0.0000  0.0115  0.0000  0.0000  0.0000
 0.0056  0.0000  0.0084  0.0022  0.0264  0.0004  0.0105  0.0087  0.0008  1.0000  0.0037  0.0004  0.0168  0.0011  0.1777  0.2546  0.0319  0.0423  0.0034  0.0001  0.0000  0.0128  0.0000  0.0000  0.0000
 0.0000  0.0000  0.0000  0.0000  0.0000  0.0000  0.0000  0.0000  0.0000  0.0000  0.0000  0.0000  0.0000  0.0000  0.0000  1.0000  0.0000  0.0000  0.0000  0.0000  0.0000  0.0000  0.0000  0.0000  0.0000
 0.0074  0.0000  0.0003  0.0001  0.0002  0.0005  0.0001  0.0001  1.0000  0.0002  0.1493  0.0006  0.0001  0.0341  0.0002  0.0001  0.0002  0.0009  0.0931  0.0001  0.0000  0.0001  0.0000  0.0000  0.0000
 0.0094  0.0000  0.0003  0.0304  0.0009  0.0002  0.0191  0.0006  0.0004  0.0144  0.0004  0.0002  0.0283  0.0009  0.0008  0.0426  0.2409  1.0000  0.0006  0.0001  0.0000  0.0004  0.0000  0.0000  0.0000
 0.9477  0.0000  0.0043  0.0106  0.0038  0.0019  0.0168  0.0008  0.0081  0.0039  0.0075  0.0028  0.0024  0.0089  0.0028  0.0027  0.0161  0.0099  1.0000  0.0006  0.0000  0.0011  0.0000  0.0000  0.0000
 0.4214  0.0000  0.0068  0.3117  1.0000  0.0064  0.1092  0.0409  0.0560  0.1514  0.0560  0.0255  0.0628  0.0349  0.0782  0.0666  0.2153  0.3822  0.0513  0.0022  0.0000  0.0049  0.0000  0.0000  0.0000
 0.0117  0.0000  0.0001  0.1793  1.0000  0.0002  0.0615  0.0006  0.0003  0.0023  0.0154  0.0002  0.0042  0.0013  0.2876  0.0071  0.0074  0.0011  0.0005  0.0001  0.0000  0.0003  0.0000  0.0000  0.0000
 1.0000  0.0000  0.0002  0.0002  0.0002  0.0001  0.0164  0.0000  0.0001  0.0002  0.0002  0.0001  0.0001  0.0005  0.0001  0.0001  0.0336  0.0004  0.0033  0.0000  0.0000  0.0001  0.0000  0.0000  0.0000
 0.0002  0.0000  0.0001  0.0000  0.0001  0.0005  0.0000  0.0000  0.0010  0.0001  1.0000  0.0147  0.0001  0.0001  0.0001  0.0001  0.0001  0.0001  0.0006  0.0001  0.0000  0.0001  0.0000  0.0000  0.0000
 1.0000  0.0000  0.1448  0.0576  0.3413  0.0025  0.0348  0.0400  0.0095  0.1045  0.0153  0.0053  0.0881  0.0139  0.1189  0.0265  0.1802  0.0784  0.0475  0.0009  0.0000  0.0019  0.0000  0.0000  0.0000
 0.0003  0.0000  0.0001  0.0049  0.0007  0.0001  0.0009  1.0000  0.0001  0.0006  0.0052  0.0000  0.0014  0.0002  0.0068  0.0003  0.0007  0.0003  0.0001  0.0000  0.0000  0.0037  0.0000  0.0000  0.0000
 0.0656  0.0000  0.0001  0.0182  0.1002  0.0001  0.0007  0.0003  0.0003  0.0017  0.0066  0.0002  0.0038  1.0000  0.0123  0.0145  0.0099  0.0009  0.0075  0.0001  0.0000  0.0002  0.0000  0.0000  0.0000
 0.0001  0.0000  0.0001  0.0000  0.0000  0.0652  0.0000  0.0000  0.0003  0.0000  0.0047  0.0001  0.0000  0.0000  0.0000  0.0000  0.0001  0.0001  0.0003  0.0065  0.0000  1.0000  0.0000  0.0000  0.0000
 0.0010  0.0000  0.0003  0.0001  0.0002  0.3177  0.0002  0.0002  0.0049  0.0003  1.0000  0.2155  0.0002  0.0004  0.0005  0.0003  0.0166  0.0006  0.0485  0.0003  0.0000  0.0004  0.0000  0.0000  0.0000
 1.0000  0.0000  0.0032  0.0936  0.5605  0.0030  0.0226  0.0072  0.0358  0.1169  0.0227  0.0063  0.0538  0.0163  0.0792  0.0394  0.4861  0.1226  0.0587  0.0010  0.0000  0.0022  0.0000  0.0000  0.0000
 0.1521  0.0000  0.0029  0.0340  0.1405  0.0027  0.0318  0.0066  0.0673  0.3828  0.0394  0.0453  0.1102  1.0000  0.5369  0.2015  0.8034  0.0586  0.0155  0.0009  0.0000  0.0021  0.0000  0.0000  0.0000
 0.0054  0.0000  0.0015  0.0009  0.0016  0.1497  0.0014  0.0102  0.0243  0.0020  1.0000  0.0161  0.0016  0.0023  0.0028  0.0021  0.0019  0.0033  0.0137  0.0482  0.0000  0.7877  0.0000  0.0000  0.0000
 0.1255  0.0000  0.0008  0.0011  0.0018  0.0086  0.0019  1.0000  0.0017  0.0047  0.0030  0.0010  0.0019  0.0013  0.0070  0.0932  0.0263  0.0021  0.0022  0.0008  0.0000  0.1181  0.0000  0.0000  0.0000
 0.0033  0.0000  0.0001  1.0000  0.1016  0.0001  0.0163  0.0003  0.0000  0.0006  0.0001  0.0000  0.0233  0.0003  0.0005  0.0002  0.0008  0.0004  0.0001  0.0000  0.0000  0.0002  0.0000  0.0000  0.0000
 0.3217  0.0000  0.0406  0.0115  0.0775  0.0268  0.0037  0.0124  0.6270  0.0364  0.1759  0.0432  0.0218  1.0000  0.0248  0.0201  0.0334  0.1834  0.5336  0.0051  0.0000  0.0204  0.0000  0.0000  0.0000
 0.4216  0.0000  0.0038  0.7048  0.5342  0.0036  0.0658  0.0087  0.0129  0.0641  0.0208  0.0073  0.8831  0.0191  0.0574  0.0510  1.0000  0.8704  0.0486  0.0012  0.0000  0.0447  0.0000  0.0000  0.0000
 0.0685  0.0000  0.0174  1.0000  0.2098  0.0002  0.0044  0.0006  0.0009  0.0133  0.0155  0.0005  0.0023  0.0013  0.0079  0.0024  0.0131  0.0134  0.0224  0.0001  0.0000  0.0002  0.0000  0.0000  0.0000
 0.0008  0.0000  0.0000  0.0254  1.0000  0.0105  0.0007  0.0003  0.0001  0.0008  0.0002  0.0001  0.0597  0.0005  0.0010  0.0003  0.0007  0.0004  0.0002  0.0000  0.0000  0.0001  0.0000  0.0000  0.0000
 0.0084  0.0000  0.0002  0.0003  0.0005  0.0001  0.0005  0.0045  0.0003  0.0018  0.0068  0.0002  0.0007  1.0000  0.0414  0.0049  0.0056  0.0748  0.0005  0.0001  0.0000  0.0002  0.0000  0.0000  0.0000
 0.4433  0.0000  0.0597  0.3739  1.0000  0.0275  0.2455  0.0668  0.4043  0.5345  0.1661  0.0583  0.3051  0.3226  0.3407  0.2887  0.5969  0.6709  0.9694  0.0095  0.0000  0.0209  0.0000  0.0000  0.0000
 1.0000  0.0000  0.6852  0.0020  0.0025  0.0011  0.0199  0.0005  0.0012  0.0027  0.0027  0.0013  0.0017  0.0171  0.0018  0.0019  0.1285  0.0048  0.0116  0.0004  0.0000  0.0008  0.0000  0.0000  0.0000
 0.2758  0.0000  0.0091  0.3779  0.5756  0.0088  0.1332  0.0354  0.0400  0.1570  0.1175  0.1562  0.0836  1.0000  0.5682  0.0887  0.4501  0.2415  0.1184  0.0030  0.0000  0.0069  0.0000  0.0000  0.0000
 0.6196  0.0000  0.0345  0.4210  1.0000  0.0322  0.2642  0.0912  0.1519  0.6389  0.2772  0.0945  0.3308  0.1847  0.4376  0.3935  0.5689  0.5409  0.2927  0.0111  0.0000  0.0244  0.0000  0.0000  0.0000
 0.0202  0.0000  0.0201  0.0028  0.0125  0.0515  0.0033  0.0142  0.0119  0.2415  0.0219  0.0019  0.0033  1.0000  0.0334  0.0096  0.0154  0.0378  0.0160  0.0015  0.0000  0.0080  0.0000  0.0000  0.0000
 0.0007  0.0000  0.0054  0.0001  0.0002  1.0000  0.0002  0.0002  0.1021  0.0002  0.0399  0.0108  0.0002  0.0003  0.0003  0.0002  0.0029  0.0004  0.0103  0.0007  0.0000  0.4031  0.0000  0.0000  0.0000
 0.0118  0.0000  0.0004  1.0000  0.0842  0.0005  0.0028  0.0166  0.0122  0.0067  0.0063  0.0008  0.1781  0.0020  0.0043  0.0276  0.4071  0.0320  0.0288  0.0002  0.0000  0.0004  0.0000  0.0000  0.0000
 0.2685  0.0000  0.0738  0.4351  0.5098  1.0000  0.1575  0.2674  0.1907  0.1993  0.4729  0.1021  0.1513  0.1205  0.4286  0.1696  0.1946  0.1881  0.2247  0.3129  0.0000  0.4192  0.0000  0.0000  0.0000
 0.0317  0.0000  0.0008  1.0000  0.0900  0.0007  0.0359  0.0680  0.0004  0.0049  0.0008  0.0003  0.0766  0.0028  0.0034  0.0025  0.8605  0.0560  0.0006  0.0004  0.0000  0.0019  0.0000  0.0000  0.0000
 0.0028  0.0000  0.0010  0.0093  0.0015  1.0000  0.0018  0.0160  0.0989  0.0220  0.1197  0.0079  0.0017  0.0064  0.0016  0.0120  0.0128  0.0252  0.0391  0.0010  0.0000  0.0126  0.0000  0.0000  0.0000
 0.0028  0.0000  0.0001  0.2397  1.0000  0.0003  0.0018  0.0291  0.0003  0.0029  0.0006  0.0003  0.2250  0.0091  0.0100  0.0009  0.0020  0.0014  0.0006  0.0001  0.0000  0.0004  0.0000  0.0000  0.0000
 0.1819  0.0000  0.0049  1.0000  0.5674  0.0046  0.1160  0.1312  0.0172  0.3089  0.0640  0.0098  0.1953  0.0253  0.9280  0.1591  0.2622  0.0794  0.1082  0.0016  0.0000  0.0035  0.0000  0.0000  0.0000
 0.8986  0.0000  0.1017  0.6310  1.0000  0.2670  0.4376  0.3110  0.2891  0.9156  0.4823  0.1848  0.5341  0.3530  0.6346  0.5869  0.7635  0.6235  0.4178  0.0773  0.0000  0.3522  0.0000  0.0000  0.0000
 0.3127  0.0000  0.0025  1.0000  0.4518  0.0023  0.0784  0.0543  0.0143  0.1568  0.0139  0.0127  0.1982  0.0610  0.0735  0.0327  0.3690  0.1054  0.0230  0.0008  0.0000  0.0174  0.0000  0.0000  0.0000
 0.0029  0.0000  0.0342  0.0095  0.0016  0.0996  0.0019  0.0089  0.1051  0.0017  1.0000  0.0145  0.0048  0.0012  0.0148  0.0693  0.0109  0.0023  0.0029  0.0011  0.0000  0.0171  0.0000  0.0000  0.0000
 0.4750  0.0000  0.0317  0.5484  0.6322  0.0295  0.3921  0.0719  0.1175  0.5752  0.2107  0.0627  0.3462  0.6103  0.3494  0.3441  0.7839  1.0000  0.1797  0.0102  0.0000  0.0224  0.0000  0.0000  0.0000
 0.6716  0.0000  0.0476  0.5556  1.0000  0.0458  0.3388  0.1087  0.2009  0.8316  0.2865  0.0952  0.4380  0.2462  0.5258  0.4700  0.6517  0.5077  0.3411  0.0156  0.0000  0.0360  0.0000  0.0000  0.0000
 0.0375  0.0000  0.0004  0.7592  1.0000  0.0004  0.0028  0.0077  0.0013  0.0071  0.0273  0.0008  0.0315  0.0266  0.0596  0.0036  0.0558  0.0176  0.0089  0.0002  0.0000  0.0004  0.0000  0.0000  0.0000
 0.1524  0.0000  0.0076  0.2985  1.0000  0.0071  0.1199  0.2225  0.0266  0.3873  0.0776  0.2106  0.2579  0.0390  0.9861  0.1386  0.1316  0.6292  0.0814  0.0024  0.0000  0.0054  0.0000  0.0000  0.0000
 0.0257  0.0000  0.0069  0.0036  0.0068  0.0662  0.0062  0.0045  0.7856  0.0092  0.5553  0.3266  0.0065  0.0101  0.0121  0.0089  0.0078  0.0171  0.1954  1.0000  0.0000  0.0102  0.0000  0.0000  0.0000
 0.0004  0.0000  0.0000  0.0001  0.0006  0.0001  0.0004  0.0004  0.0002  1.0000  0.0004  0.0001  0.0004  0.0004  0.0010  0.3011  0.0004  0.0004  0.0002  0.0001  0.0000  0.0002  0.0000  0.0000  0.0000
 0.0709  0.0000  0.0035  0.2093  1.0000  0.0033  0.0413  0.0080  0.1356  0.1816  0.0305  0.0070  0.0325  0.0180  0.1992  0.2080  0.0964  0.0524  0.1916  0.0011  0.0000  0.0056  0.0000  0.0000  0.0000
 0.0053  0.0000  0.0018  0.0021  0.0029  0.0073  0.0034  0.0991  0.0661  0.0446  1.0000  0.6379  0.0032  0.0090  0.0135  0.0356  0.0086  0.0116  0.0497  0.0019  0.0000  0.0484  0.0000  0.0000  0.0000
 0.0160  0.0000  0.0210  0.0003  0.0009  0.0115  0.0002  0.0002  1.0000  0.0009  0.0376  0.4299  0.0005  0.0011  0.0006  0.0006  0.0009  0.2456  0.3503  0.0002  0.0000  0.0005  0.0000  0.0000  0.0000
 0.0018  0.0000  0.0006  0.0007  0.0009  0.1980  0.0011  0.0364  0.0104  0.0010  0.0530  0.0055  0.0010  0.0007  0.0010  0.0096  0.0013  0.0013  0.0019  0.4291  0.0000  1.0000  0.0000  0.0000  0.0000
 0.1342  0.0000  0.0501  0.4047  0.7914  0.0069  0.0527  0.0918  0.0259  0.8883  0.0723  0.0384  0.5025  0.0380  0.7199  1.0000  0.8987  0.2170  0.0395  0.0024  0.0000  0.0052  0.0000  0.0000  0.0000
 0.0070  0.0000  0.0000  0.0133  1.0000  0.0001  0.0002  0.0001  0.0001  0.0006  0.0066  0.0001  0.0002  0.0003  0.0124  0.0001  0.0003  0.0002  0.0001  0.0000  0.0000  0.0001  0.0000  0.0000  0.0000
 0.4118  0.0000  0.0030  0.0025  0.0027  0.0124  0.0563  0.0002  1.0000  0.0040  0.1316  0.2889  0.0029  0.0025  0.0014  0.0033  0.3325  0.0785  0.6993  0.0016  0.0000  0.0059  0.0000  0.0000  0.0000
 0.0420  0.0000  0.0422  0.0081  0.0410  0.0087  0.0227  0.0193  0.2185  0.0389  1.0000  0.0887  0.0081  0.0049  0.0546  0.0213  0.0499  0.1221  0.3017  0.0023  0.0000  0.0121  0.0000  0.0000  0.0000
 0.8466  0.0000  0.0835  0.6665  1.0000  0.1761  0.4136  0.2326  0.2457  0.9357  0.4029  0.1396  0.5569  0.2922  0.6024  0.5669  0.8021  0.6056  0.3581  0.0497  0.0000  0.2234  0.0000  0.0000  0.0000
 0.0003  0.0000  0.0001  0.0000  0.0001  1.0000  0.0000  0.0000  0.0185  0.0000  0.1096  0.0165  0.0000  0.0001  0.0000  0.0000  0.0002  0.0002  0.0006  0.0123  0.0000  0.2747  0.0000  0.0000  0.0000
 0.0772  0.0000  0.0058  0.0929  0.1827  0.0066  0.0408  0.9304  0.0198  0.6868  0.0326  0.0114  1.0000  0.0291  0.1514  0.1602  0.2301  0.0874  0.2087  0.0023  0.0000  0.0124  0.0000  0.0000  0.0000
 0.0195  0.0000  0.0002  0.0005  0.0021  0.0003  0.0012  0.0013  0.0006  0.0437  0.0015  0.0005  0.1262  1.0000  0.0713  0.0250  0.0013  0.0016  0.0008  0.0002  0.0000  0.0007  0.0000  0.0000  0.0000
 0.6603  0.0000  0.0654  0.5315  1.0000  0.1385  0.3406  0.1659  0.2865  0.7657  0.3287  0.1182  0.4446  0.2658  0.5277  0.4558  0.6396  0.5108  0.3512  0.0376  0.0000  0.1607  0.0000  0.0000  0.0000
 1.0000  0.0000  0.1298  0.1973  0.2515  0.6060  0.3434  0.4261  0.3129  0.2140  0.5401  0.1619  0.2433  0.2877  0.2159  0.2554  0.2946  0.3383  0.7843  0.1356  0.0000  0.8188  0.0000  0.0000  0.0000
 0.5336  0.0000  0.0248  0.3362  0.4682  0.0232  0.3430  0.0565  0.0870  0.4817  0.1589  0.0492  0.3115  0.2156  0.5049  1.0000  0.4483  0.3262  0.1327  0.0080  0.0000  0.0176  0.0000  0.0000  0.0000
 0.7007  0.0000  0.0331  0.3865  0.6208  0.0314  0.3639  0.1225  0.1367  1.0000  0.1866  0.0654  0.4255  0.2451  0.5162  0.5220  0.6239  0.3928  0.1922  0.0107  0.0000  0.0242  0.0000  0.0000  0.0000
 0.0835  0.0000  0.0024  1.0000  0.2321  0.0028  0.0189  0.0568  0.0087  0.0454  0.0142  0.0050  0.0416  0.1232  0.1828  0.0238  0.1340  0.0270  0.0377  0.0010  0.0000  0.0026  0.0000  0.0000  0.0000
 0.1700  0.0000  0.0090  0.0999  0.2675  0.0084  0.2729  0.0196  0.0299  0.1466  0.0481  0.0170  0.1050  0.1563  0.1981  0.0828  1.0000  0.1258  0.1002  0.0029  0.0000  0.0067  0.0000  0.0000  0.0000
 0.0401  0.0000  0.0038  0.0090  0.1405  0.0080  0.0783  0.0340  0.0167  0.9685  0.2312  0.0129  0.0380  0.0305  0.7045  1.0000  0.0331  0.0421  0.0222  0.0060  0.0000  0.0171  0.0000  0.0000  0.0000
 0.0558  0.0000  0.0050  0.0184  0.2910  0.0102  0.1395  0.0420  0.0218  0.5617  0.1694  0.0165  0.0506  0.0395  0.1512  1.0000  0.0469  0.0561  0.0295  0.0073  0.0000  0.0210  0.0000  0.0000  0.0000
 0.2846  0.0000  0.0208  0.2290  0.5255  0.0208  0.1453  0.0537  0.1800  0.7257  0.1200  0.0420  0.4180  0.1081  0.2374  1.0000  0.5505  0.3652  0.1098  0.0081  0.0000  0.0193  0.0000  0.0000  0.0000
 0.0174  0.0000  0.0040  0.1270  0.0717  0.0035  0.0599  0.0967  0.0018  0.0244  0.0039  0.0014  0.4137  0.0139  0.0168  0.0122  1.0000  0.0188  0.0030  0.0018  0.0000  0.0092  0.0000  0.0000  0.0000
 0.0000  0.0000  0.0000  0.0000  0.0000  0.0000  1.0000  0.0000  0.0000  0.0000  0.0000  0.0000  0.0000  0.0000  0.0000  0.0000  0.0000  0.0000  0.0000  0.0000  0.0000  0.0000  0.0000  0.0000  0.0000
 0.3367  0.0000  0.0625  0.0793  0.0673  0.0373  0.0811  0.0270  0.1799  0.0915  0.1557  1.0000  0.1382  0.1213  0.0699  0.0581  0.8786  0.9399  0.4712  0.0148  0.0000  0.0283  0.0000  0.0000  0.0000
 0.3731  0.0000  0.0403  0.1277  0.1541  0.0262  0.2360  0.0631  0.0445  1.0000  0.0857  0.0337  0.1648  0.3578  0.1549  0.2961  0.5921  0.2606  0.0908  0.0145  0.0000  0.0392  0.0000  0.0000  0.0000
 0.0052  0.0000  0.0013  0.0006  0.0013  0.0132  0.0011  0.0010  0.1868  0.0017  1.0000  0.0161  0.0012  0.0021  0.0025  0.0017  0.0015  0.0031  0.0170  0.0016  0.0000  0.0019  0.0000  0.0000  0.0000
//
