ID   UNK_ID; MATRIX
AC   UNK_AC
DE   UNK_DE
MA   UNK_BL
  A   B   C   D   E   F   G   H   I   K   L   M   N   P   Q   R   S   T   V   W   X   Y   Z   *   -
 0.0000  0.0000  0.0000  0.0000  0.0000  0.0000  0.0000  0.0000  0.0000  0.0000  0.0000  1.0000  0.0000  0.0000  0.0000  0.0000  0.0000  0.0000  0.0000  0.0000  0.0000  0.0000  0.0000  0.0000  0.0000
 0.0000  0.0000  0.0000  0.0000  0.0000  0.0000  0.0000  0.0000  0.0000  0.0000  0.0000  0.0000  0.0000  0.0000  0.0000  0.0000  1.0000  0.0000  0.0000  0.0000  0.0000  0.0000  0.0000  0.0000  0.0000
 0.0000  0.0000  0.0000  0.0000  0.0000  0.0000  1.0000  0.0000  0.0000  0.0000  0.0000  0.0000  0.0000  0.0000  0.0000  0.0000  0.0000  0.0000  0.0000  0.0000  0.0000  0.0000  0.0000  0.0000  0.0000
 0.0000  0.0000  0.0000  0.0000  0.0000  0.0000  1.0000  0.0000  0.0000  0.0000  0.0000  0.0000  0.0000  0.0000  0.0000  0.0000  0.0000  0.0000  0.0000  0.0000  0.0000  0.0000  0.0000  0.0000  0.0000
 0.0000  0.0000  0.0000  0.0000  0.0000  0.0000  1.0000  0.0000  0.0000  0.0000  0.0000  0.0000  0.0000  0.0000  0.0000  0.0000  0.0000  0.0000  0.0000  0.0000  0.0000  0.0000  0.0000  0.0000  0.0000
 0.0000  0.0000  0.0000  0.0000  0.0000  0.0000  0.0000  0.0000  0.0000  0.0000  0.0000  0.0000  0.0000  1.0000  0.0000  0.0000  0.0000  0.0000  0.0000  0.0000  0.0000  0.0000  0.0000  0.0000  0.0000
 0.0000  0.0000  0.0000  0.0000  0.0000  0.0000  0.0000  0.0000  0.0000  0.0000  0.0000  0.0000  0.0000  0.0000  0.0000  0.0000  1.0000  0.0000  0.0000  0.0000  0.0000  0.0000  0.0000  0.0000  0.0000
 0.0000  0.0000  0.0000  0.0000  0.0000  0.0000  1.0000  0.0000  0.0000  0.0000  0.0000  0.0000  0.0000  0.0000  0.0000  0.0000  0.0000  0.0000  0.0000  0.0000  0.0000  0.0000  0.0000  0.0000  0.0000
 0.0000  0.0000  0.0000  0.0000  0.0000  0.0000  1.0000  0.0000  0.0000  0.0000  0.0000  0.0000  0.0000  0.0000  0.0000  0.0000  0.0000  0.0000  0.0000  0.0000  0.0000  0.0000  0.0000  0.0000  0.0000
 0.0000  0.0000  0.0000  0.0000  0.0000  0.0000  1.0000  0.0000  0.0000  0.0000  0.0000  0.0000  0.0000  0.0000  0.0000  0.0000  0.0000  0.0000  0.0000  0.0000  0.0000  0.0000  0.0000  0.0000  0.0000
 0.3891  0.0000  0.0454  1.0000  0.7908  0.0458  0.5012  0.1336  0.0446  0.2832  0.0888  0.0299  0.5727  0.4348  0.2590  0.1333  0.4050  0.2147  0.0863  0.0272  0.0000  0.0757  0.0000  0.0000  0.0000
 0.4767  0.0000  0.0487  0.1185  0.0664  0.0212  0.6952  0.0265  0.0231  0.0705  0.0487  0.0219  0.1280  0.1273  0.0477  0.0464  1.0000  0.1210  0.0771  0.0090  0.0000  0.0230  0.0000  0.0000  0.0000
 0.3047  0.0000  0.0038  0.0034  0.0036  0.0015  1.0000  0.0008  0.0017  0.0039  0.0037  0.0017  0.0030  0.0095  0.0026  0.0028  0.0193  0.0066  0.0062  0.0006  0.0000  0.0012  0.0000  0.0000  0.0000
 0.0086  0.0000  0.0016  0.0033  0.0021  0.0008  0.0032  0.0009  0.0022  0.0031  0.0021  0.0011  0.0057  0.0039  0.0023  0.0019  1.0000  0.1731  0.0036  0.0005  0.0000  0.0009  0.0000  0.0000  0.0000
 0.0513  0.0000  0.0055  0.0303  0.0197  0.0044  1.0000  0.0103  0.0051  0.3956  0.0117  0.0038  0.0339  0.0234  0.0181  0.0317  0.0372  0.0176  0.0106  0.0029  0.0000  0.0063  0.0000  0.0000  0.0000
 0.0000  0.0000  0.0000  0.0000  0.0000  0.0000  0.0000  0.0000  0.0000  0.0000  0.0000  0.0000  0.0000  0.0000  0.0000  1.0000  0.0000  0.0000  0.0000  0.0000  0.0000  0.0000  0.0000  0.0000  0.0000
 0.8461  0.0000  0.0094  0.0081  0.0097  0.0038  0.0525  0.0019  0.0051  0.0099  0.0100  0.0044  0.0066  1.0000  0.0068  0.0072  0.0477  0.0174  0.0172  0.0015  0.0000  0.0029  0.0000  0.0000  0.0000
 0.0050  0.0000  0.0005  0.0010  0.0069  0.0010  0.0037  0.0044  0.0021  0.3727  0.0050  0.0017  0.0049  0.0040  0.0117  1.0000  0.0041  0.0053  0.0028  0.0008  0.0000  0.0022  0.0000  0.0000  0.0000
 0.0880  0.0000  0.0209  0.0298  0.0229  0.3529  0.0403  0.0100  0.0569  0.0276  0.1101  0.0281  0.0412  0.0381  0.0209  0.0206  0.1554  1.0000  0.0706  0.0462  0.0000  0.1727  0.0000  0.0000  0.0000
 0.0148  0.0000  0.0026  0.0086  0.1645  0.0014  0.0063  0.0019  0.0035  0.0062  0.0035  0.0018  0.0106  0.0069  0.0050  0.0036  1.0000  0.1382  0.0059  0.0008  0.0000  0.0016  0.0000  0.0000  0.0000
 0.0515  0.0000  0.0073  0.0159  0.0155  0.0052  0.0239  0.0052  0.0969  0.0221  0.0192  0.0068  0.0216  0.0185  0.1630  0.0159  1.0000  0.0889  0.0222  0.0022  0.0000  0.0046  0.0000  0.0000  0.0000
 0.0768  0.0000  0.0130  0.0079  0.0109  1.0000  0.0274  0.0038  0.0662  0.0108  0.0905  0.0216  0.0084  0.0199  0.0082  0.0078  0.1231  0.0400  0.4436  0.0300  0.0000  0.1180  0.0000  0.0000  0.0000
 1.0000  0.0000  0.0402  0.2200  0.0656  0.0207  0.0869  0.0226  0.2200  0.0809  0.0598  0.0292  0.1299  0.0979  0.0615  0.0504  0.6946  0.8476  0.1109  0.0116  0.0000  0.0220  0.0000  0.0000  0.0000
 0.0102  0.0000  0.0001  0.3372  1.0000  0.0009  0.0038  0.0025  0.0012  0.0103  0.0023  0.0009  0.0043  0.0062  0.1550  0.0027  0.0051  0.0044  0.0023  0.0004  0.0000  0.0012  0.0000  0.0000  0.0000
 0.0143  0.0000  0.0021  0.1414  0.0176  0.0021  0.0209  0.0043  0.0021  0.0090  0.0044  0.0011  0.0161  1.0000  0.0070  0.0056  0.0132  0.0070  0.0036  0.0017  0.0000  0.0028  0.0000  0.0000  0.0000
 0.0775  0.0000  0.0110  0.1402  0.0662  0.0094  1.0000  0.1893  0.0077  0.0801  0.0169  0.0063  0.1577  0.1664  0.1229  0.0534  0.0963  0.0422  0.0156  0.0046  0.0000  0.0195  0.0000  0.0000  0.0000
 0.3094  0.0000  0.0184  0.0146  0.0169  0.0083  1.0000  0.0035  0.0103  0.0186  0.1580  0.0098  0.0127  0.0460  0.0127  0.0134  0.0938  0.0319  0.0312  0.0027  0.0000  0.0057  0.0000  0.0000  0.0000
 0.6810  0.0000  0.0632  0.4727  0.1234  0.0300  1.0000  0.0302  0.0501  0.1265  0.0798  0.0366  0.1412  0.1655  0.0879  0.0797  0.6064  0.5891  0.2728  0.0127  0.0000  0.0296  0.0000  0.0000  0.0000
 0.6209  0.0000  0.0255  0.5808  0.8162  0.0243  1.0000  0.0603  0.0825  0.5784  0.1343  0.0475  0.2408  0.3669  0.2788  0.2308  0.7515  0.2580  0.1284  0.0087  0.0000  0.0210  0.0000  0.0000  0.0000
 0.1415  0.0000  0.0214  0.3027  0.2755  0.0175  1.0000  0.0648  0.1365  0.1125  0.0290  0.0113  0.4116  0.0699  0.0775  0.0605  0.3498  0.1119  0.0302  0.0081  0.0000  0.0362  0.0000  0.0000  0.0000
 1.0000  0.0000  0.0780  0.5930  0.9280  0.0668  0.7496  0.1277  0.1942  0.9882  0.3098  0.1130  0.4953  0.3177  0.5959  0.5155  0.9644  0.9473  0.4569  0.0242  0.0000  0.0608  0.0000  0.0000  0.0000
 0.5825  0.0000  0.0383  0.0583  0.1640  0.0297  0.6633  0.0832  0.0513  1.0000  0.1172  0.0427  0.1189  0.2769  0.2280  0.6451  0.2338  0.1506  0.0996  0.0175  0.0000  0.0478  0.0000  0.0000  0.0000
 0.3133  0.0000  0.0343  0.1041  0.2916  0.0763  0.3623  0.1703  0.0972  1.0000  0.1990  0.0675  0.1946  0.1856  0.3702  0.8787  0.2298  0.2221  0.1769  0.0333  0.0000  0.1231  0.0000  0.0000  0.0000
 1.0000  0.0000  0.0428  0.0363  0.0469  0.0186  0.9144  0.0128  0.0221  0.0731  0.0472  0.1586  0.0363  0.1088  0.0405  0.2133  0.2287  0.1836  0.0733  0.0070  0.0000  0.0167  0.0000  0.0000  0.0000
 0.8250  0.0000  0.1113  0.3745  0.6198  0.3293  0.8859  0.2839  0.3296  1.0000  0.4230  0.1476  0.3847  0.3981  0.4807  0.7003  0.6600  0.4805  0.3606  0.0813  0.0000  0.3888  0.0000  0.0000  0.0000
 0.5715  0.0000  0.0551  0.5290  1.0000  0.0498  0.1854  0.0776  0.2378  0.4485  0.2449  0.0813  0.2249  0.2232  0.3632  0.2218  0.3469  0.3704  0.4876  0.0152  0.0000  0.0404  0.0000  0.0000  0.0000
 0.8756  0.0000  0.0586  1.0000  0.9239  0.0610  0.8807  0.1698  0.1503  0.8292  0.4622  0.0875  0.8014  0.2689  0.6128  0.4480  0.7283  0.4997  0.2314  0.0229  0.0000  0.0790  0.0000  0.0000  0.0000
 0.7176  0.0000  0.0507  0.6346  1.0000  0.0478  0.5425  0.1159  0.1776  0.9018  0.3592  0.1005  0.4703  0.2610  0.6646  0.5118  0.7105  0.5645  0.2708  0.0165  0.0000  0.0367  0.0000  0.0000  0.0000
 0.3135  0.0000  0.0120  0.0769  0.7937  0.0079  0.0468  0.0139  0.0226  0.1568  0.0306  0.0128  0.0594  0.1425  0.0581  0.0442  1.0000  0.5946  0.0376  0.0039  0.0000  0.0080  0.0000  0.0000  0.0000
 0.7370  0.0000  0.0290  0.0319  0.0398  0.0153  0.0561  0.0108  0.0853  0.0850  0.1033  0.0246  0.0436  0.1261  0.0321  0.0283  1.0000  0.3004  0.3595  0.0051  0.0000  0.0108  0.0000  0.0000  0.0000
 0.0825  0.0000  0.0068  0.0566  0.3467  0.0097  0.0465  0.0333  0.0232  0.3526  0.0461  0.0159  0.0567  0.1829  0.1053  0.2564  1.0000  0.0715  0.1170  0.0059  0.0000  0.0162  0.0000  0.0000  0.0000
 0.6153  0.0000  0.0411  0.4402  0.7353  0.0405  0.9010  0.0891  0.1335  0.6435  0.3718  0.0757  0.3871  0.4803  0.4597  0.3647  1.0000  0.5306  0.2046  0.0139  0.0000  0.0348  0.0000  0.0000  0.0000
 0.8387  0.0000  0.0293  0.0243  0.0299  0.0120  0.1582  0.0060  0.0170  0.0325  0.2839  0.0145  0.0219  1.0000  0.0643  0.0233  0.5452  0.0685  0.0538  0.0043  0.0000  0.0092  0.0000  0.0000  0.0000
 0.4656  0.0000  0.2351  0.1484  0.2078  0.3281  1.0000  0.3785  0.1896  0.2405  0.4487  0.1064  0.3959  0.1145  0.4064  0.1996  0.4117  0.2228  0.2460  0.0831  0.0000  0.4458  0.0000  0.0000  0.0000
 0.7125  0.0000  0.0272  0.2458  0.4467  0.0234  1.0000  0.0501  0.0765  0.3570  0.1210  0.0437  0.2820  0.1195  0.2268  0.5871  0.7449  0.5505  0.2365  0.0086  0.0000  0.0203  0.0000  0.0000  0.0000
 0.7200  0.0000  0.0549  0.6761  1.0000  0.0808  0.3801  0.2197  0.1857  0.9065  0.3000  0.1050  0.4925  0.2621  0.5584  0.5098  0.8899  0.7344  0.4333  0.0213  0.0000  0.0639  0.0000  0.0000  0.0000
 1.0000  0.0000  0.0129  0.2180  0.2664  0.0121  0.9020  0.0295  0.0450  0.4649  0.0728  0.0255  0.1193  0.0663  0.2518  0.3450  0.2292  0.1379  0.2603  0.0042  0.0000  0.0094  0.0000  0.0000  0.0000
 0.1478  0.0000  0.0057  0.0663  0.3225  0.0054  1.0000  0.0129  0.0198  0.0983  0.0320  0.0112  0.0954  0.0520  0.1072  0.1384  0.2972  0.0762  0.0862  0.0018  0.0000  0.0041  0.0000  0.0000  0.0000
 0.9128  0.0000  0.1195  0.6399  1.0000  0.3118  0.4931  0.3124  0.3590  0.9396  0.5299  0.1948  0.5694  0.3330  0.6374  0.5997  0.8801  0.7616  0.4948  0.0861  0.0000  0.4120  0.0000  0.0000  0.0000
 1.0000  0.0000  0.0178  0.2079  0.3885  0.0168  0.2512  0.0406  0.3792  0.6407  0.1005  0.0352  0.1644  0.0912  0.2529  0.2979  0.7077  0.2107  0.1886  0.0058  0.0000  0.0129  0.0000  0.0000  0.0000
 1.0000  0.0000  0.0114  0.1329  0.3000  0.0107  0.1684  0.0775  0.0397  0.3266  0.0641  0.0225  0.1568  0.4466  0.1250  0.1451  0.4837  0.3141  0.0709  0.0037  0.0000  0.0082  0.0000  0.0000  0.0000
 0.2570  0.0000  0.0506  0.0613  0.0821  0.2263  0.1097  0.1546  0.1128  0.1745  0.2251  0.0632  0.1099  0.1018  0.0861  0.1012  1.0000  0.1466  0.2128  0.0526  0.0000  0.4734  0.0000  0.0000  0.0000
 0.2350  0.0000  0.0250  0.2036  0.2166  0.0449  0.0937  0.0508  0.1381  0.2045  0.3304  0.0481  0.2768  0.0862  0.1358  0.1899  0.6933  1.0000  0.8867  0.0131  0.0000  0.0550  0.0000  0.0000  0.0000
 0.5582  0.0000  0.0141  0.2014  0.5181  0.0132  1.0000  0.1587  0.0490  0.3100  0.0791  0.0277  0.5053  0.0722  0.1547  0.3887  0.7626  0.3875  0.0747  0.0045  0.0000  0.0102  0.0000  0.0000  0.0000
 0.8460  0.0000  0.0779  0.6422  1.0000  0.1700  0.4122  0.1986  0.2402  0.9373  0.4013  0.1503  0.5248  0.2976  0.6165  0.5520  0.7773  0.6204  0.3519  0.0574  0.0000  0.1901  0.0000  0.0000  0.0000
 0.7787  0.0000  0.0612  0.6225  1.0000  0.1003  0.3937  0.1463  0.2185  0.9855  0.3366  0.1541  0.5108  0.2784  0.6151  0.5494  0.7401  0.5977  0.3319  0.0262  0.0000  0.0885  0.0000  0.0000  0.0000
 0.2284  0.0000  0.0114  0.4967  0.3849  0.0106  1.0000  0.0774  0.0392  0.2262  0.0633  0.0222  0.6128  0.2880  0.1523  0.1102  0.2247  0.2355  0.0598  0.0037  0.0000  0.0085  0.0000  0.0000  0.0000
 0.5644  0.0000  0.1467  0.2033  0.2267  0.0096  1.0000  0.0230  0.0603  0.1862  0.0923  0.0199  0.0931  0.0805  0.1383  0.1863  0.4750  0.3498  0.0814  0.0033  0.0000  0.0074  0.0000  0.0000  0.0000
 0.5839  0.0000  0.0909  0.3049  0.4918  0.3960  1.0000  0.2747  0.2633  0.5545  0.4578  0.1272  0.3699  0.1905  0.3476  0.4656  0.4885  0.6352  0.3331  0.0813  0.0000  0.4382  0.0000  0.0000  0.0000
 0.8740  0.0000  0.1009  0.6304  1.0000  0.2995  0.4710  0.2733  0.2990  0.9771  0.4704  0.1802  0.5437  0.3444  0.6225  0.6173  0.8293  0.7053  0.5129  0.0704  0.0000  0.3317  0.0000  0.0000  0.0000
 0.6414  0.0000  0.0406  0.4767  1.0000  0.0380  0.5425  0.1247  0.1423  0.7563  0.2829  0.0805  0.4354  0.2515  0.4603  0.4741  0.6266  0.5028  0.2170  0.0131  0.0000  0.0289  0.0000  0.0000  0.0000
 1.0000  0.0000  0.0253  0.2974  0.7425  0.0237  0.2202  0.0576  0.1708  0.4644  0.1432  0.0502  0.3737  0.5109  0.3290  0.3593  0.9987  0.7213  0.2765  0.0081  0.0000  0.0180  0.0000  0.0000  0.0000
 0.8089  0.0000  0.1346  0.3337  0.6447  0.4870  0.5359  0.4000  0.3394  0.4725  0.5832  0.2183  0.3730  0.3729  0.3729  0.3898  1.0000  0.5219  0.4594  0.2078  0.0000  0.7114  0.0000  0.0000  0.0000
 0.6755  0.0000  0.0427  0.6074  0.8384  0.0398  0.5251  0.0970  0.1496  0.8599  0.2413  0.2108  0.4406  0.2779  0.4917  0.5372  1.0000  0.4698  0.2590  0.0137  0.0000  0.0302  0.0000  0.0000  0.0000
 0.9873  0.0000  0.0672  0.7299  0.9861  0.1287  0.3892  0.1675  0.2118  0.8974  0.3896  0.1196  0.5529  0.2757  0.5786  0.5685  1.0000  0.6175  0.4758  0.0867  0.0000  0.1569  0.0000  0.0000  0.0000
 0.7762  0.0000  0.0570  0.9699  1.0000  0.0800  0.5824  0.1345  0.2279  0.8930  0.3096  0.2059  0.4808  0.2850  0.5698  0.5783  0.9532  0.6261  0.4075  0.0229  0.0000  0.0716  0.0000  0.0000  0.0000
 0.7651  0.0000  0.0521  0.6456  1.0000  0.0488  0.4665  0.1210  0.2433  0.9253  0.3128  0.1033  0.4852  0.2823  0.6216  0.5419  0.7466  0.5723  0.2785  0.0232  0.0000  0.0372  0.0000  0.0000  0.0000
 1.0000  0.0000  0.2066  0.6221  0.9505  0.7023  0.6611  0.5949  0.4992  0.9171  0.9632  0.2854  0.6265  0.3794  0.6844  0.7201  0.8798  0.7883  0.6988  0.1954  0.0000  0.9740  0.0000  0.0000  0.0000
 0.1117  0.0000  0.0043  0.0475  0.1359  0.0138  0.0687  0.0100  0.0147  0.1475  0.1038  0.0206  0.0378  1.0000  0.0583  0.1430  0.1424  0.0869  0.1351  0.0016  0.0000  0.0045  0.0000  0.0000  0.0000
 0.4945  0.0000  0.0345  0.5039  0.9188  0.0321  0.6032  0.0784  0.1207  1.0000  0.2314  0.0683  0.5142  0.2948  0.4058  0.5133  0.8043  0.3702  0.1841  0.0111  0.0000  0.0244  0.0000  0.0000  0.0000
 0.4529  0.0000  0.0306  0.5784  1.0000  0.0686  0.3592  0.1080  0.1171  0.5608  0.1899  0.0859  0.2793  0.1672  0.3436  0.4130  0.4564  0.4497  0.2508  0.0103  0.0000  0.0247  0.0000  0.0000  0.0000
 0.7637  0.0000  0.0526  0.6307  1.0000  0.0505  0.3813  0.1226  0.1902  0.9103  0.3086  0.1725  0.4912  0.2685  0.5762  0.5151  0.7563  0.5966  0.2799  0.0172  0.0000  0.0396  0.0000  0.0000  0.0000
 0.8218  0.0000  0.0505  0.6795  1.0000  0.0474  0.8930  0.5898  0.1770  0.9490  0.4930  0.1589  0.8973  0.3145  0.5817  0.5108  0.9724  0.7263  0.2698  0.0163  0.0000  0.0362  0.0000  0.0000  0.0000
 0.5398  0.0000  0.0396  0.7659  1.0000  0.1680  0.5394  0.1137  0.1363  0.8374  0.2985  0.1163  0.4670  0.1961  0.4784  0.3746  0.7605  0.4227  0.2631  0.0140  0.0000  0.0371  0.0000  0.0000  0.0000
 0.8174  0.0000  0.0596  0.6296  1.0000  0.1083  0.4649  0.1435  0.1985  0.9152  0.3461  0.2541  0.4980  0.2766  0.6076  0.5220  0.7288  0.6071  0.3007  0.0250  0.0000  0.0823  0.0000  0.0000  0.0000
 0.7528  0.0000  0.0517  0.6073  0.9940  0.0676  0.5270  0.1193  0.1930  1.0000  0.2881  0.1577  0.5071  0.2572  0.5794  0.5478  0.7413  0.5846  0.3212  0.0182  0.0000  0.0794  0.0000  0.0000  0.0000
 0.8412  0.0000  0.1093  0.6631  1.0000  0.2944  0.4617  0.3003  0.4053  0.8984  0.5100  0.1689  0.5612  0.3092  0.6094  0.5817  0.9181  0.6309  0.4221  0.0810  0.0000  0.4078  0.0000  0.0000  0.0000
 0.7745  0.0000  0.0784  0.6125  1.0000  0.0727  0.4256  0.1551  0.1987  0.9277  0.3435  0.1159  0.4868  0.2746  0.5811  0.5961  0.7631  0.5669  0.2949  0.0319  0.0000  0.0717  0.0000  0.0000  0.0000
 0.7548  0.0000  0.0535  0.9618  0.9619  0.0598  0.4955  0.2246  0.1903  1.0000  0.4246  0.1188  0.5248  0.2623  0.6029  0.5696  0.7599  0.5475  0.2920  0.0446  0.0000  0.0539  0.0000  0.0000  0.0000
 0.3925  0.0000  0.0180  0.9197  0.4608  0.0168  0.1790  0.0498  0.0631  0.4860  0.2729  0.0357  0.1939  1.0000  0.1989  0.2560  0.4645  0.2079  0.1224  0.0058  0.0000  0.0128  0.0000  0.0000  0.0000
 0.4734  0.0000  0.0320  0.3738  0.6601  0.0304  0.3676  0.1123  0.1843  1.0000  0.2260  0.0633  0.3064  0.2170  0.3609  0.4478  0.5334  0.3473  0.2726  0.0104  0.0000  0.0235  0.0000  0.0000  0.0000
 0.8107  0.0000  0.0460  0.6005  1.0000  0.0429  0.3563  0.1225  0.1611  0.8045  0.2639  0.0951  0.4883  0.3142  0.5569  0.4794  0.7148  0.5551  0.2971  0.0148  0.0000  0.0325  0.0000  0.0000  0.0000
 0.9614  0.0000  0.1934  0.9891  0.6342  0.7234  0.6862  0.7044  0.5354  0.6236  0.7867  0.4633  0.4818  0.3400  0.6653  0.5323  0.9648  0.6843  0.6224  0.1880  0.0000  1.0000  0.0000  0.0000  0.0000
 0.7433  0.0000  0.0526  0.6205  1.0000  0.0508  0.3809  0.1452  0.1903  0.9123  0.2970  0.1044  0.4866  0.2777  0.5782  0.5151  0.7287  0.5858  0.2839  0.0173  0.0000  0.0415  0.0000  0.0000  0.0000
 0.4913  0.0000  0.0261  0.4712  0.4478  0.0132  0.2548  0.2052  0.0496  0.3522  0.0800  0.0281  0.1640  0.1051  0.1699  0.2723  1.0000  0.2821  0.1117  0.0045  0.0000  0.0100  0.0000  0.0000  0.0000
 0.9037  0.0000  0.1356  0.6717  1.0000  0.4382  0.4946  0.3818  0.3709  0.9387  0.6034  0.2187  0.5950  0.3453  0.6694  0.6203  0.8361  0.6988  0.5049  0.1092  0.0000  0.5497  0.0000  0.0000  0.0000
 0.7625  0.0000  0.0563  0.7039  1.0000  0.0582  0.4657  0.1264  0.2229  0.9721  0.2914  0.1440  0.5779  0.3979  0.5644  0.5096  0.8202  0.5904  0.3877  0.0173  0.0000  0.0410  0.0000  0.0000  0.0000
 0.7451  0.0000  0.0674  0.6059  1.0000  0.1002  0.3846  0.1402  0.2408  0.9364  0.3243  0.1092  0.4774  0.3367  0.5762  0.5464  0.7238  0.5498  0.3435  0.0255  0.0000  0.0914  0.0000  0.0000  0.0000
 0.7200  0.0000  0.0550  0.5784  1.0000  0.0371  0.3664  0.1046  0.1384  0.7480  0.2584  0.2748  0.7070  0.8157  0.4566  0.4192  0.5740  0.4238  0.2888  0.0127  0.0000  0.0283  0.0000  0.0000  0.0000
 0.3315  0.0000  0.0079  0.3629  0.2022  0.0135  1.0000  0.0327  0.0835  0.3481  0.1311  0.0157  0.1922  0.0406  0.1635  0.0976  0.1245  0.2075  0.0895  0.0026  0.0000  0.0058  0.0000  0.0000  0.0000
 0.2806  0.0000  0.0088  0.1437  0.3216  0.0102  0.0589  0.0942  0.3020  0.1623  0.1739  0.0420  0.0762  0.0424  0.1229  0.1207  0.1794  0.1714  1.0000  0.0033  0.0000  0.0095  0.0000  0.0000  0.0000
 0.7894  0.0000  0.0515  0.6079  0.9726  0.0793  0.3886  0.1173  0.2181  1.0000  0.2949  0.1049  0.4777  0.2804  0.5688  0.5296  0.7581  0.5698  0.2935  0.0167  0.0000  0.0378  0.0000  0.0000  0.0000
 0.7501  0.0000  0.0534  0.6457  1.0000  0.0516  0.3878  0.1230  0.2298  0.9238  0.3445  0.1192  0.5703  0.2748  0.5973  0.5659  0.7791  0.5891  0.3015  0.0176  0.0000  0.0407  0.0000  0.0000  0.0000
 0.0919  0.0000  0.0297  0.2488  0.1288  0.0044  1.0000  0.0105  0.0238  0.1482  0.0346  0.0090  0.1522  0.0443  0.1012  0.0446  0.2505  0.1076  0.1911  0.0015  0.0000  0.0112  0.0000  0.0000  0.0000
 0.7212  0.0000  0.0479  0.5790  0.9162  0.0447  0.3826  0.1162  0.1678  1.0000  0.3500  0.1175  0.5029  0.2801  0.5366  0.6338  0.7021  0.7476  0.2839  0.0154  0.0000  0.0339  0.0000  0.0000  0.0000
 0.0262  0.0000  0.0011  1.0000  0.5682  0.0012  0.1231  0.0029  0.0406  0.0206  0.0065  0.0293  0.0289  0.0065  0.0459  0.1697  0.0159  0.0352  0.0062  0.0004  0.0000  0.0010  0.0000  0.0000  0.0000
 0.7950  0.0000  0.0498  0.6047  1.0000  0.0470  0.7553  0.1192  0.1765  0.8560  0.2780  0.1961  0.5127  0.4035  0.5412  0.4817  0.9787  0.9739  0.2632  0.0162  0.0000  0.0366  0.0000  0.0000  0.0000
 0.0894  0.0000  0.0013  0.1108  0.1052  0.0199  1.0000  0.0168  0.0282  0.0199  0.0070  0.0223  0.2548  0.0060  0.0981  0.0114  0.2775  0.0457  0.0065  0.0005  0.0000  0.0018  0.0000  0.0000  0.0000
 0.0954  0.0000  0.0069  0.1053  0.5030  0.0072  0.2180  0.6365  0.0238  1.0000  0.0402  0.0140  0.0876  0.0630  0.1908  0.2306  0.0931  0.1910  0.0361  0.0030  0.0000  0.0076  0.0000  0.0000  0.0000
 0.0331  0.0000  0.0023  0.0058  0.0557  0.0080  0.0579  0.0164  0.6976  0.0084  0.0578  0.0222  0.0201  0.0312  0.0210  0.0068  0.0380  0.1027  1.0000  0.0021  0.0000  0.0113  0.0000  0.0000  0.0000
 0.1853  0.0000  0.0332  0.1201  0.3342  0.1077  0.1916  0.0982  1.0000  0.2611  0.1580  0.0480  0.1193  0.0721  0.2287  0.1791  0.2230  0.9299  0.2530  0.0294  0.0000  0.2037  0.0000  0.0000  0.0000
 0.1496  0.0000  0.0029  0.0480  0.1044  0.0027  0.0207  0.0586  0.0696  0.1043  0.0371  0.0171  0.0588  0.0149  0.0454  0.2106  0.2328  1.0000  0.0155  0.0009  0.0000  0.0021  0.0000  0.0000  0.0000
 0.0321  0.0000  0.0032  0.0245  0.2057  0.0057  0.0242  0.0081  0.1481  0.0418  0.0155  0.0399  0.0357  0.0124  0.0438  0.1279  0.0593  0.0777  1.0000  0.0018  0.0000  0.0070  0.0000  0.0000  0.0000
 0.2188  0.0000  0.0228  0.2101  0.2411  0.0578  0.0989  0.0612  0.2594  0.4210  0.2376  0.0597  0.1523  0.0691  0.2501  0.2155  0.2011  1.0000  0.8190  0.0484  0.0000  0.0955  0.0000  0.0000  0.0000
 1.0000  0.0000  0.0022  0.0198  0.0700  0.0469  0.0440  0.0445  0.0196  0.0733  0.0114  0.0040  0.0418  0.0186  0.0417  0.0172  0.1495  0.6947  0.2831  0.0011  0.0000  0.0045  0.0000  0.0000  0.0000
 0.0841  0.0000  0.0086  0.0536  0.1107  0.0213  0.0376  0.0229  0.5983  0.1085  0.0683  0.0316  0.1208  0.0264  0.2085  0.0778  0.2245  1.0000  0.2754  0.0059  0.0000  0.0381  0.0000  0.0000  0.0000
 0.8993  0.0000  0.1358  0.7441  1.0000  0.3183  0.7758  0.3317  0.3371  0.9638  0.5978  0.1800  0.6360  0.5398  0.6223  0.6240  0.8085  0.6980  0.5423  0.0913  0.0000  0.4317  0.0000  0.0000  0.0000
 0.1172  0.0000  0.0059  0.0020  0.0128  0.0002  1.0000  0.0004  0.0006  0.0397  0.0010  0.0004  0.0243  0.0081  0.0018  0.0063  0.0312  0.0365  0.0184  0.0001  0.0000  0.0002  0.0000  0.0000  0.0000
 0.4129  0.0000  0.0743  0.2673  0.2477  0.3229  0.2369  0.4176  0.2131  0.7368  0.4902  0.1256  0.2661  0.1500  1.0000  0.9452  0.4829  0.3082  0.3018  0.0721  0.0000  0.5022  0.0000  0.0000  0.0000
 0.1331  0.0000  0.0418  0.2729  0.1040  0.0884  0.8391  0.1293  0.0544  0.0865  0.1561  0.0309  1.0000  0.0741  0.0687  0.0693  0.1558  0.3836  0.0716  0.0242  0.0000  0.1476  0.0000  0.0000  0.0000
 0.1898  0.0000  0.0064  0.1037  0.1399  0.0067  1.0000  0.0344  0.0494  0.1370  0.0414  0.0122  0.0566  0.5843  0.0667  0.0592  0.1609  0.1540  0.0329  0.0022  0.0000  0.0058  0.0000  0.0000  0.0000
 0.0425  0.0000  0.0022  0.9716  1.0000  0.0020  0.0349  0.0049  0.0076  0.1730  0.1285  0.0043  0.2870  0.0112  0.9560  0.0809  0.1320  0.0233  0.0270  0.0007  0.0000  0.0015  0.0000  0.0000  0.0000
 0.3330  0.0000  0.0125  0.2273  0.2960  0.0117  0.1024  0.0285  0.0533  0.3361  0.0842  0.0399  0.1369  1.0000  0.3283  0.7971  0.2593  0.1961  0.1567  0.0040  0.0000  0.0089  0.0000  0.0000  0.0000
 0.1647  0.0000  0.0110  0.2187  0.2417  0.0105  0.1076  0.0694  0.0579  1.0000  0.0767  0.1170  0.1161  0.3360  0.2594  0.2085  0.3888  0.3465  0.1112  0.0036  0.0000  0.0188  0.0000  0.0000  0.0000
 0.0408  0.0000  0.0010  0.0121  0.0967  0.0010  0.0166  0.0023  0.0158  0.1888  0.0430  0.0020  0.0261  0.0385  1.0000  0.1769  0.1049  0.0511  0.0416  0.0003  0.0000  0.0007  0.0000  0.0000  0.0000
 0.2211  0.0000  0.0127  0.2282  1.0000  0.0119  0.0902  0.0290  0.0509  0.2826  0.0715  0.0251  0.1473  0.0658  0.2326  0.1240  0.2292  0.8969  0.1083  0.0041  0.0000  0.0091  0.0000  0.0000  0.0000
 0.0163  0.0000  0.0006  0.0003  0.0005  0.0018  0.0006  0.0001  1.0000  0.0007  0.2672  0.0608  0.0004  0.0005  0.0003  0.0426  0.0481  0.0184  0.6836  0.0002  0.0000  0.0498  0.0000  0.0000  0.0000
 0.0969  0.0000  0.0083  0.0016  0.0016  0.0044  0.0012  0.0102  0.0011  0.0600  0.0243  0.0006  0.0203  0.0014  0.1059  0.0014  1.0000  0.1738  0.0017  0.0003  0.0000  0.0013  0.0000  0.0000  0.0000
 0.0002  0.0000  0.0114  0.0000  0.0000  0.0239  0.0000  0.0000  0.0004  0.0000  0.0009  0.0002  0.0000  0.0001  0.0000  0.0000  0.0001  0.0001  0.0003  0.0008  0.0000  1.0000  0.0000  0.0000  0.0000
 0.1754  0.0000  0.0663  0.1260  0.1983  0.0106  0.0779  0.0606  0.2196  0.2061  0.0566  0.7229  0.1001  0.0341  0.1117  0.0938  0.4049  1.0000  0.0621  0.0033  0.0000  0.0252  0.0000  0.0000  0.0000
 1.0000  0.0000  0.0461  0.7791  0.8738  0.0433  0.3305  0.1049  0.1920  0.8107  0.3109  0.0914  0.4557  0.2369  0.5758  0.4528  0.6492  0.5715  0.2590  0.0149  0.0000  0.0330  0.0000  0.0000  0.0000
 0.5654  0.0000  0.0999  0.4599  1.0000  0.0365  0.3118  0.0883  0.1867  0.6777  0.2315  0.0826  0.3793  0.2069  0.4506  0.3811  0.5665  0.5291  0.2424  0.0125  0.0000  0.0279  0.0000  0.0000  0.0000
 0.0028  0.0000  0.0003  0.0009  0.0668  0.0006  0.0342  0.1248  0.0012  1.0000  0.0028  0.0009  0.0789  0.0022  0.1233  0.9540  0.0385  0.0030  0.0016  0.0004  0.0000  0.0013  0.0000  0.0000  0.0000
 0.0207  0.0000  0.0002  0.0001  0.0001  0.0004  0.0001  0.0000  0.2718  0.0002  0.0135  0.0605  0.0001  0.0001  0.0001  0.0001  0.0002  0.0006  1.0000  0.0001  0.0000  0.0002  0.0000  0.0000  0.0000
 0.0003  0.0000  0.0001  0.0001  0.0001  0.0005  0.0002  0.0000  0.6634  0.0002  0.0459  0.0005  0.0001  0.0001  0.0000  0.0001  0.0002  0.0004  1.0000  0.0001  0.0000  0.0003  0.0000  0.0000  0.0000
 0.0006  0.0000  0.0002  0.0006  0.0004  0.0002  1.0000  0.0002  0.0002  0.0005  0.0005  0.0001  0.0003  0.0009  0.0003  0.0040  0.0004  0.0003  0.0003  0.0002  0.0000  0.0002  0.0000  0.0000  0.0000
 0.0044  0.0000  0.0008  0.0055  0.0043  0.0007  0.0049  0.1831  0.0014  0.0523  0.0026  0.0010  1.0000  0.0031  0.0540  0.0198  0.1408  0.4408  0.0020  0.0005  0.0000  0.0015  0.0000  0.0000  0.0000
 0.0000  0.0000  0.0000  0.0000  0.0000  0.0000  1.0000  0.0000  0.0000  0.0000  0.0000  0.0000  0.0000  0.0000  0.0000  0.0000  0.0000  0.0000  0.0000  0.0000  0.0000  0.0000  0.0000  0.0000  0.0000
 0.0008  0.0000  0.0001  0.0003  0.0002  0.0001  0.0003  0.0001  0.0002  0.0003  0.0002  0.0001  0.0005  0.0004  0.0002  0.0002  1.0000  0.0686  0.0003  0.0000  0.0000  0.0001  0.0000  0.0000  0.0000
 0.0000  0.0000  0.0000  0.0000  0.0000  1.0000  0.0000  0.0000  0.0000  0.0000  0.0000  0.0000  0.0000  0.0000  0.0000  0.0000  0.0000  0.0000  0.0000  0.0000  0.0000  0.0000  0.0000  0.0000  0.0000
 0.0000  0.0000  0.0000  0.0000  0.0000  0.0000  1.0000  0.0000  0.0000  0.0000  0.0000  0.0000  0.0000  0.0000  0.0000  0.0000  0.0000  0.0000  0.0000  0.0000  0.0000  0.0000  0.0000  0.0000  0.0000
 0.0053  0.0000  0.0003  0.0001  0.0002  0.0003  0.0001  0.0000  0.1903  0.0002  0.0039  0.0470  0.0001  0.0003  0.0002  0.0001  0.0002  0.0353  1.0000  0.0000  0.0000  0.0001  0.0000  0.0000  0.0000
 0.0000  0.0000  0.0000  0.0000  0.0000  0.0000  0.0000  0.0000  0.0000  0.0000  0.0000  0.0000  0.0000  0.0000  0.0000  0.0000  0.0000  0.0000  1.0000  0.0000  0.0000  0.0000  0.0000  0.0000  0.0000
 0.0029  0.0000  0.0010  0.0012  0.0016  1.0000  0.0019  0.0291  0.0023  0.0017  0.0038  0.0084  0.0018  0.0012  0.0384  0.0020  0.0071  0.0445  0.0380  0.0011  0.0000  0.6439  0.0000  0.0000  0.0000
 0.0203  0.0000  0.0002  0.0004  0.1010  0.0003  0.0011  0.0092  0.0007  0.0332  0.0716  0.0005  0.0015  0.0012  1.0000  0.0641  0.0074  0.0016  0.0009  0.0002  0.0000  0.0084  0.0000  0.0000  0.0000
 1.0000  0.0000  0.0005  0.0001  0.0004  0.0003  0.0002  0.0001  0.0369  0.0004  0.0017  0.0005  0.0002  0.0006  0.0003  0.0002  0.0006  0.1211  0.0146  0.0000  0.0000  0.0001  0.0000  0.0000  0.0000
 0.0073  0.0000  0.0002  0.0004  0.0133  0.0004  0.0015  0.0143  0.0583  1.0000  0.0021  0.0007  0.0021  0.0017  0.0543  0.3111  0.0080  0.1319  0.0012  0.0003  0.0000  0.0009  0.0000  0.0000  0.0000
 0.0331  0.0000  1.0000  0.0033  0.0071  0.0551  0.0039  0.0405  0.1805  0.0081  0.9328  0.1666  0.0659  0.0097  0.0092  0.0071  0.0080  0.0418  0.3737  0.0046  0.0000  0.0097  0.0000  0.0000  0.0000
 0.3225  0.0000  0.2514  0.1291  0.2222  0.0334  0.0851  0.0419  0.2822  0.2919  1.0000  0.1029  0.1900  0.0615  0.1714  0.2435  0.3308  0.1285  0.4624  0.0095  0.0000  0.0406  0.0000  0.0000  0.0000
 0.0135  0.0000  0.0002  0.4109  1.0000  0.0007  0.0272  0.0020  0.0012  0.0121  0.0021  0.0008  0.0037  0.2179  0.0326  0.0217  0.0048  0.0125  0.0218  0.0003  0.0000  0.0010  0.0000  0.0000  0.0000
 0.0013  0.0000  0.0148  0.0201  0.0046  0.0002  0.0095  0.0004  0.0004  0.0008  0.0004  0.0002  0.0191  0.0050  0.0006  0.0005  0.3254  1.0000  0.0006  0.0001  0.0000  0.0003  0.0000  0.0000  0.0000
 0.0492  0.0000  0.0004  0.0308  0.0498  0.0004  1.0000  0.0125  0.0015  0.0289  0.0024  0.0008  0.2229  0.0022  0.0287  0.0747  0.0690  0.0200  0.0022  0.0001  0.0000  0.0004  0.0000  0.0000  0.0000
 0.0007  0.0000  0.0001  0.0588  1.0000  0.0001  0.0041  0.0133  0.0001  0.0008  0.0001  0.0001  0.0215  0.0005  0.0112  0.0223  0.0090  0.0005  0.0001  0.0000  0.0000  0.0002  0.0000  0.0000  0.0000
 0.7447  0.0000  0.1902  0.4928  0.5552  0.6952  0.4228  0.5562  0.5983  0.6644  0.9904  0.3308  0.4371  0.2978  0.4803  0.4863  0.6577  0.8629  0.6824  0.1939  0.0000  1.0000  0.0000  0.0000  0.0000
 0.1012  0.0000  0.0041  0.0001  0.0001  0.0089  0.0117  0.0000  0.0812  0.0002  0.0223  0.0006  0.0001  0.0001  0.0001  0.0002  0.0002  0.0005  1.0000  0.0001  0.0000  0.0253  0.0000  0.0000  0.0000
 1.0000  0.0000  0.0002  0.0002  0.0002  0.0001  0.0014  0.0000  0.0001  0.0002  0.0002  0.0001  0.0002  0.0006  0.0002  0.0002  0.0171  0.0004  0.0117  0.0000  0.0000  0.0001  0.0000  0.0000  0.0000
 0.0002  0.0000  0.0001  0.0000  0.0000  0.0003  0.0001  0.0000  1.0000  0.0001  0.0181  0.0063  0.0000  0.0000  0.0000  0.0001  0.0001  0.0002  0.0464  0.0000  0.0000  0.0001  0.0000  0.0000  0.0000
 0.0003  0.0000  0.0000  0.0001  0.0004  0.0001  0.0004  0.0003  0.0001  1.0000  0.0003  0.0001  0.0003  0.0004  0.0007  0.0174  0.0003  0.0003  0.0002  0.0001  0.0000  0.0001  0.0000  0.0000  0.0000
 0.0006  0.0000  0.0001  0.0001  0.0008  0.0001  0.0004  0.0005  0.0002  1.0000  0.0006  0.0002  0.0005  0.0005  0.0013  0.1437  0.0005  0.0006  0.0003  0.0236  0.0000  0.0003  0.0000  0.0000  0.0000
 0.0005  0.0000  0.0001  0.0000  0.0001  0.0165  0.0001  0.0000  0.0059  0.0001  0.0014  0.0003  0.0001  0.0001  0.0001  0.0001  0.0001  0.0004  1.0000  0.0001  0.0000  0.0006  0.0000  0.0000  0.0000
 0.0006  0.0000  0.0002  0.0001  0.0002  0.0635  0.0002  0.0038  0.0023  0.0005  1.0000  0.0015  0.0002  0.0038  0.0004  0.0233  0.0003  0.0004  0.0013  0.0002  0.0000  0.0348  0.0000  0.0000  0.0000
 0.0004  0.0000  0.0001  0.0001  0.0005  0.0001  0.0004  0.0003  0.0002  0.0021  0.0036  0.0001  0.0003  0.0004  1.0000  0.0175  0.0003  0.0004  0.0002  0.0001  0.0000  0.0002  0.0000  0.0000  0.0000
 0.0005  0.0000  0.0004  1.0000  0.0005  0.0004  0.0017  0.0003  0.0160  0.0004  0.0006  0.0001  0.0005  0.0009  0.0003  0.0006  0.0004  0.0004  0.0004  0.0003  0.0000  0.0004  0.0000  0.0000  0.0000
 0.0073  0.0000  0.0001  0.0002  0.0016  0.0002  0.0008  0.0010  0.0005  1.0000  0.0012  0.0004  0.0011  0.0946  0.0103  0.3596  0.0009  0.0012  0.0006  0.0002  0.0000  0.0005  0.0000  0.0000  0.0000
 0.0004  0.0000  0.0000  0.0001  0.0005  0.0001  0.0003  0.0003  0.0002  0.0239  0.0004  0.0001  0.0003  0.0003  0.0346  1.0000  0.0003  0.0004  0.0002  0.0001  0.0000  0.0002  0.0000  0.0000  0.0000
 0.0004  0.0000  0.0002  0.0001  0.0001  0.9606  0.0001  0.0000  0.0009  0.0000  0.0022  0.0004  0.0000  0.0002  0.0000  0.0000  0.0003  0.0003  0.0008  0.0020  0.0000  1.0000  0.0000  0.0000  0.0000
 0.0004  0.0000  0.0000  0.0004  0.0032  0.0001  0.0009  0.0002  0.0002  1.0000  0.0004  0.0001  0.0003  0.0007  0.0005  0.0011  0.0003  0.0003  0.0002  0.0001  0.0000  0.0001  0.0000  0.0000  0.0000
 0.0003  0.0000  0.0002  0.0013  0.0004  0.0001  0.0012  0.0158  0.0001  0.0004  0.0002  0.0000  1.0000  0.0004  0.0003  0.0003  0.0007  0.0003  0.0001  0.0001  0.0000  0.0002  0.0000  0.0000  0.0000
 0.0000  0.0000  0.0000  0.0000  0.0000  0.0000  0.0000  0.0000  0.0000  0.0000  0.0000  0.0000  0.0000  0.0000  0.0000  1.0000  0.0000  0.0000  0.0000  0.0000  0.0000  0.0000  0.0000  0.0000  0.0000
 0.0000  0.0000  0.0000  0.0000  1.0000  0.0000  0.0000  0.0000  0.0000  0.0000  0.0000  0.0000  0.0000  0.0000  0.0000  0.0000  0.0000  0.0000  0.0000  0.0000  0.0000  0.0000  0.0000  0.0000  0.0000
 0.0004  0.0000  0.0002  0.0002  0.0002  0.0008  0.0006  0.0257  0.0014  0.0002  1.0000  0.0009  0.0002  0.0004  0.0002  0.0003  0.0002  0.0003  0.0008  0.0002  0.0000  0.0002  0.0000  0.0000  0.0000
 0.0016  0.0000  0.0000  0.0251  0.0425  0.0001  0.0006  0.0083  0.0002  0.0016  0.0371  0.0288  0.0008  0.0009  1.0000  0.0005  0.0173  0.0007  0.0004  0.0001  0.0000  0.0002  0.0000  0.0000  0.0000
 0.0007  0.0000  0.0002  0.0001  0.0002  0.0008  0.0002  0.0000  1.0000  0.0002  0.0718  0.0181  0.0001  0.0002  0.0001  0.0002  0.0002  0.1682  0.0357  0.0001  0.0000  0.0003  0.0000  0.0000  0.0000
 0.0003  0.0000  0.0001  0.0000  0.0001  0.0008  0.0001  0.0001  0.0294  0.0001  0.0243  1.0000  0.0001  0.0001  0.0002  0.0001  0.0001  0.0002  0.0061  0.0080  0.0000  0.0001  0.0000  0.0000  0.0000
 0.0009  0.0000  0.0001  0.0001  0.0012  0.0002  0.0006  0.0273  0.0004  0.2420  0.0216  0.0003  0.0008  0.0007  0.1666  1.0000  0.0007  0.0009  0.0005  0.0001  0.0000  0.0004  0.0000  0.0000  0.0000
 0.7246  0.0000  0.0522  0.5833  1.0000  0.0581  0.3572  0.1331  0.2319  0.9838  0.4215  0.1518  0.4822  0.2596  0.5714  0.5336  0.7030  0.5537  0.3089  0.0188  0.0000  0.0507  0.0000  0.0000  0.0000
 0.0006  0.0000  0.0002  0.0001  0.0002  0.0097  0.0001  0.0001  0.0825  0.0002  1.0000  0.0978  0.0001  0.0002  0.0071  0.0002  0.0002  0.0004  0.1728  0.0002  0.0000  0.0002  0.0000  0.0000  0.0000
 0.0108  0.0000  0.0009  1.0000  0.1577  0.0008  0.0156  0.0725  0.0025  0.1194  0.0041  0.0015  0.1882  0.0212  0.0087  0.1732  0.1847  0.0084  0.0113  0.0003  0.0000  0.0010  0.0000  0.0000  0.0000
 0.0004  0.0000  0.0003  0.0009  0.0004  0.0002  0.0013  1.0000  0.0002  0.0004  0.0003  0.0001  0.0077  0.0006  0.0003  0.0004  0.0004  0.0003  0.0002  0.0002  0.0000  0.0003  0.0000  0.0000  0.0000
 0.1329  0.0000  0.3536  0.1385  0.1650  0.0413  0.0704  0.0530  0.0858  0.1606  0.0986  0.0260  0.0858  1.0000  0.1470  0.1414  0.1312  0.1557  0.0872  0.0115  0.0000  0.0542  0.0000  0.0000  0.0000
 0.0010  0.0000  0.0262  0.0019  0.0006  0.0001  0.0016  0.0004  0.0001  0.0006  0.0002  0.0001  1.0000  0.0005  0.0004  0.0003  0.0221  0.0007  0.0002  0.0001  0.0000  0.0002  0.0000  0.0000  0.0000
 0.0074  0.0000  0.0001  0.0001  0.0001  0.0005  0.0002  0.0000  1.0000  0.0002  0.0474  0.0005  0.0001  0.0001  0.0001  0.0001  0.0002  0.0005  0.6440  0.0001  0.0000  0.0002  0.0000  0.0000  0.0000
 0.0365  0.0000  0.0003  0.0001  0.0002  0.0003  0.0001  0.0001  0.2386  0.0003  0.0249  0.0004  0.0001  0.0003  0.0002  0.0002  0.0002  0.0278  1.0000  0.0000  0.0000  0.0001  0.0000  0.0000  0.0000
 0.5313  0.0000  0.1474  0.4336  0.6545  0.0418  0.2043  0.0568  0.0607  1.0000  0.0979  0.0509  0.1654  0.0875  0.5469  0.6041  0.6016  0.3498  0.0921  0.0061  0.0000  0.1459  0.0000  0.0000  0.0000
 0.0003  0.0000  0.0001  0.0000  0.0001  0.0007  0.0001  0.0001  0.0013  0.0001  1.0000  0.0432  0.0001  0.0001  0.0001  0.0001  0.0001  0.0001  0.0007  0.0001  0.0000  0.0001  0.0000  0.0000  0.0000
 0.0029  0.0000  0.0003  0.0005  0.0210  0.0292  0.0021  0.0026  0.0482  1.0000  0.0541  0.0010  0.0028  0.0023  0.0150  0.3547  0.0024  0.0031  0.0017  0.0005  0.0000  0.0241  0.0000  0.0000  0.0000
 0.2397  0.0000  0.0057  0.1599  0.0681  0.0632  0.0107  1.0000  0.0126  0.0094  0.0208  0.0071  0.0819  0.0066  0.0456  0.0434  0.0129  0.0125  0.0161  0.0522  0.0000  0.7582  0.0000  0.0000  0.0000
 0.3241  0.0000  0.6528  0.0514  0.0633  1.0000  0.1119  0.2422  0.0837  0.0677  0.1398  0.0484  0.0722  0.0613  0.0655  0.0766  0.2189  0.0973  0.1151  0.0387  0.0000  0.5462  0.0000  0.0000  0.0000
 0.0002  0.0000  0.0001  0.0000  0.0000  1.0000  0.0000  0.0000  0.0004  0.0000  0.0009  0.0002  0.0000  0.0001  0.0000  0.0000  0.0001  0.0001  0.0003  0.0008  0.0000  0.1235  0.0000  0.0000  0.0000
 0.0016  0.0000  0.0414  0.0005  0.0007  0.5447  0.0009  0.0323  0.0101  0.0008  0.0585  0.0021  0.0008  0.0007  0.0009  0.0010  0.0011  0.0012  0.0025  0.0006  0.0000  1.0000  0.0000  0.0000  0.0000
 0.0018  0.0000  0.0195  0.0008  0.0375  0.0059  0.0005  0.0132  0.0121  0.0061  0.0006  0.0003  0.0076  0.0009  0.0006  0.0005  1.0000  0.3094  0.0009  0.0001  0.0000  0.0003  0.0000  0.0000  0.0000
 0.1636  0.0000  0.0045  0.0513  0.2756  0.0045  0.0512  0.0759  0.0155  0.1427  0.0859  0.0088  0.4132  0.0752  0.2417  0.1031  0.8324  1.0000  0.0813  0.0015  0.0000  0.0279  0.0000  0.0000  0.0000
 0.1059  0.0000  0.0203  0.0930  0.0095  0.0027  1.0000  0.0048  0.0060  0.0118  0.0064  0.0425  0.1205  0.0131  0.0087  0.0381  0.1743  0.8312  0.0103  0.0016  0.0000  0.0036  0.0000  0.0000  0.0000
 0.0171  0.0000  0.0006  0.4849  1.0000  0.0191  0.0368  0.0013  0.0286  0.0465  0.0032  0.0011  0.0198  0.0029  0.0325  0.0055  0.0136  0.0364  0.0157  0.0002  0.0000  0.0004  0.0000  0.0000  0.0000
 0.0108  0.0000  0.0003  0.0121  0.0793  0.0003  0.0020  0.0007  0.0010  1.0000  0.0016  0.0006  0.0857  0.0015  0.0752  0.1417  0.1103  0.0154  0.0198  0.0001  0.0000  0.0002  0.0000  0.0000  0.0000
 0.0060  0.0000  0.0005  0.0034  0.0449  0.0008  0.0675  0.0031  0.0020  1.0000  0.0041  0.0014  0.0364  0.1141  0.0795  0.4756  0.0221  0.0401  0.0028  0.0005  0.0000  0.0015  0.0000  0.0000  0.0000
 0.0010  0.0000  0.0002  1.0000  0.1367  0.0002  0.0535  0.0008  0.0001  0.0012  0.0002  0.0001  0.1191  0.0007  0.0085  0.0005  0.0019  0.0204  0.0002  0.0001  0.0000  0.0004  0.0000  0.0000  0.0000
 0.0011  0.0000  0.0000  0.1184  1.0000  0.0001  0.0004  0.0003  0.0001  0.0011  0.0003  0.0001  0.0005  0.0007  0.0185  0.0003  0.0221  0.0246  0.0105  0.0000  0.0000  0.0001  0.0000  0.0000  0.0000
 0.0044  0.0000  0.0010  0.0003  0.0008  0.0016  0.0003  0.0002  0.1015  0.0009  0.8703  0.0020  0.0005  0.0009  0.0005  0.0377  0.0370  0.0555  1.0000  0.0002  0.0000  0.0006  0.0000  0.0000  0.0000
 0.0005  0.0000  0.0006  0.0007  0.0004  0.1937  0.0014  0.0140  0.0005  0.0003  0.0009  0.0002  0.0005  0.0006  0.0003  0.0005  0.0004  0.0004  0.0005  0.0005  0.0000  1.0000  0.0000  0.0000  0.0000
 0.0000  0.0000  0.0000  0.0000  0.0000  0.0000  0.0000  0.0000  0.0000  0.0000  1.0000  0.0000  0.0000  0.0000  0.0000  0.0000  0.0000  0.0000  0.0000  0.0000  0.0000  0.0000  0.0000  0.0000  0.0000
 0.0003  0.0000  0.0001  0.0016  0.0005  0.0001  0.0012  0.0155  0.0000  0.0005  0.0001  0.0000  1.0000  0.0003  0.0003  0.0002  0.0125  0.0004  0.0001  0.0000  0.0000  0.0002  0.0000  0.0000  0.0000
 0.0004  0.0000  0.0001  0.0000  0.0001  0.0008  0.0001  0.0001  0.0452  0.0001  1.0000  0.0010  0.0001  0.0001  0.0002  0.0001  0.0001  0.0002  0.0945  0.0001  0.0000  0.0001  0.0000  0.0000  0.0000
 0.0003  0.0000  0.0001  0.0000  0.0001  0.0002  0.0001  0.0000  0.0848  0.0001  0.0013  0.0154  0.0001  0.0001  0.0000  0.0001  0.0001  0.0003  1.0000  0.0000  0.0000  0.0001  0.0000  0.0000  0.0000
 0.0006  0.0000  0.0002  0.0001  0.0002  0.0017  0.0001  0.0001  0.0032  0.0002  1.0000  0.4368  0.0002  0.0003  0.0320  0.0002  0.0002  0.0004  0.0414  0.0002  0.0000  0.0002  0.0000  0.0000  0.0000
 0.0010  0.0000  0.0000  0.2036  1.0000  0.0001  0.0171  0.0003  0.0001  0.0010  0.0002  0.0001  0.0007  0.0006  0.0013  0.0003  0.0006  0.0005  0.0002  0.0000  0.0000  0.0001  0.0000  0.0000  0.0000
 0.0012  0.0000  0.0232  0.0004  0.0006  0.4462  0.0007  0.0282  0.0016  0.0006  0.0084  0.0010  0.0007  0.0005  0.0007  0.0007  0.0009  0.0009  0.0015  0.0005  0.0000  1.0000  0.0000  0.0000  0.0000
 0.0004  0.0000  0.0113  0.0001  0.0001  0.0276  0.0002  0.0000  0.3464  0.0002  0.0607  0.1031  0.0001  0.0001  0.0001  0.0002  0.0002  0.0005  1.0000  0.0001  0.0000  0.0003  0.0000  0.0000  0.0000
 0.0037  0.0000  0.0004  0.0004  0.0004  0.0001  0.0191  0.0001  0.0002  0.0004  0.0060  0.0002  0.0003  1.0000  0.0101  0.0003  0.0938  0.0007  0.0006  0.0001  0.0000  0.0001  0.0000  0.0000  0.0000
 0.0018  0.0000  0.0000  0.1568  1.0000  0.0002  0.0380  0.0004  0.0002  0.0102  0.0004  0.0336  0.0007  0.0011  0.0427  0.0005  0.0009  0.0008  0.0004  0.0001  0.0000  0.0002  0.0000  0.0000  0.0000
 0.0007  0.0000  0.0001  0.0003  0.0002  0.0001  0.0002  0.0001  0.0002  0.0003  0.0002  0.0001  0.0064  0.0003  0.0002  0.0002  0.0835  1.0000  0.0003  0.0000  0.0000  0.0001  0.0000  0.0000  0.0000
 0.0502  0.0000  0.0003  0.0001  0.0002  0.0009  0.0001  0.0001  0.0362  0.0003  0.2885  0.0382  0.0002  0.0003  0.0003  0.0002  0.0003  0.0010  1.0000  0.0001  0.0000  0.0002  0.0000  0.0000  0.0000
 0.0016  0.0000  0.0004  0.0080  0.0023  0.0003  0.0057  0.1941  0.0002  0.0023  0.0004  0.0001  0.0682  0.0013  0.0015  0.0012  0.0424  0.0018  0.0003  0.0002  0.0000  1.0000  0.0000  0.0000  0.0000
 0.0007  0.0000  0.0001  0.0001  0.0010  0.0002  0.0090  0.0006  0.0003  0.2412  0.0007  0.0002  0.0007  0.0006  0.0736  1.0000  0.0422  0.0008  0.0004  0.0001  0.0000  0.0003  0.0000  0.0000  0.0000
 0.2215  0.0000  0.0009  0.0005  0.0008  0.0241  0.0007  0.0005  0.1781  0.0010  0.0458  0.0508  0.0007  0.0008  0.0006  0.0428  0.0010  0.0124  1.0000  0.0004  0.0000  0.0801  0.0000  0.0000  0.0000
 1.0000  0.0000  0.0729  0.1104  0.2635  0.1333  0.1378  0.1109  0.4137  0.1596  0.4574  0.2028  0.1565  0.0761  0.1211  0.1233  0.6401  0.1789  0.2361  0.0357  0.0000  0.1842  0.0000  0.0000  0.0000
 0.0013  0.0000  0.0001  0.0002  0.0018  0.0003  0.0009  0.0450  0.0005  0.7127  0.0379  0.0161  0.0012  0.0010  0.0129  1.0000  0.0010  0.0014  0.0007  0.0002  0.0000  0.0006  0.0000  0.0000  0.0000
 0.0057  0.0000  0.0020  0.0023  0.0517  0.0378  0.0037  1.0000  0.0044  0.0033  0.0219  0.0095  0.0398  0.0023  0.1938  0.0280  0.1424  0.0160  0.0056  0.0229  0.0000  0.3306  0.0000  0.0000  0.0000
 0.0006  0.0000  0.0002  0.0002  0.0002  0.3540  0.0003  0.0438  0.0018  0.0003  0.0141  0.0012  0.0002  0.0002  0.0003  0.0003  0.0003  0.0004  0.0011  0.0004  0.0000  1.0000  0.0000  0.0000  0.0000
 0.4338  0.0000  0.0459  0.0479  0.0661  0.1771  0.0729  0.1595  0.2517  0.1585  0.2255  0.0434  0.7710  0.0880  0.1218  0.1181  1.0000  0.3681  0.2178  0.0354  0.0000  0.1961  0.0000  0.0000  0.0000
 0.0016  0.0000  0.0002  0.0179  0.0021  0.0003  0.0018  0.0014  0.0006  1.0000  0.0013  0.0101  0.0738  0.0012  0.0032  0.6091  0.1491  0.0053  0.0008  0.0002  0.0000  0.0007  0.0000  0.0000  0.0000
 0.9858  0.0000  0.0753  0.6460  1.0000  0.0906  0.3913  0.1655  0.2177  0.9527  0.4253  0.3116  0.5930  0.2803  0.6200  0.5452  0.8013  0.6045  0.3322  0.0278  0.0000  0.0967  0.0000  0.0000  0.0000
 0.0316  0.0000  0.0044  0.0104  0.0310  0.0541  0.0490  0.1004  0.0102  1.0000  0.0176  0.0060  0.8108  0.0078  0.0148  0.1420  0.0605  0.0195  0.0132  0.0045  0.0000  0.0545  0.0000  0.0000  0.0000
 0.0245  0.0000  0.0014  0.0154  0.0380  0.0015  0.0333  0.0638  0.0106  0.0652  0.1228  0.0159  0.0554  0.0098  1.0000  0.0231  0.0374  0.1344  0.0071  0.0005  0.0000  0.0013  0.0000  0.0000  0.0000
 0.5220  0.0000  0.1778  0.2126  0.2853  0.7068  0.3397  0.5685  0.4106  0.3146  0.6526  0.2197  0.3278  0.2394  0.3436  0.4990  0.4317  0.5569  0.5028  0.1830  0.0000  1.0000  0.0000  0.0000  0.0000
 0.0013  0.0000  0.0004  0.0002  0.0003  0.1275  0.0004  0.0002  0.3777  0.0005  0.3118  1.0000  0.0003  0.0004  0.0005  0.0004  0.0004  0.0296  0.2252  0.0003  0.0000  0.0006  0.0000  0.0000  0.0000
 0.0051  0.0000  0.0002  0.0284  0.0003  0.0001  0.0011  0.0001  0.0002  0.0003  0.0002  0.0001  0.0005  1.0000  0.0002  0.0002  0.0115  0.0161  0.0004  0.0000  0.0000  0.0001  0.0000  0.0000  0.0000
 0.1145  0.0000  0.0163  0.0581  0.0552  0.1172  0.0686  0.0711  1.0000  0.0306  0.9553  0.2992  0.1710  0.0675  0.0293  0.1114  0.0919  0.0431  0.2674  0.0169  0.0000  0.0914  0.0000  0.0000  0.0000
 0.0606  0.0000  0.0048  0.0052  0.0070  0.1628  0.0084  0.0130  1.0000  0.0076  0.6246  0.0277  0.1494  0.0054  0.0074  0.0088  0.0873  0.0251  0.1496  0.0047  0.0000  0.0823  0.0000  0.0000  0.0000
 0.0223  0.0000  0.0077  0.0096  0.2611  0.2825  0.0145  0.0585  0.0174  0.0132  0.3762  0.0098  0.0136  0.0091  0.0302  0.0154  0.0346  0.0171  0.0220  0.0080  0.0000  1.0000  0.0000  0.0000  0.0000
 0.0340  0.0000  0.0104  0.0001  0.0003  0.0003  0.0000  0.0001  0.3238  0.0003  0.0612  0.0005  0.0002  0.0005  0.0002  0.0002  0.0003  0.0202  1.0000  0.0000  0.0000  0.0001  0.0000  0.0000  0.0000
 0.0059  0.0000  0.0000  0.0001  0.0006  0.0001  0.0003  0.0004  0.0002  1.0000  0.0005  0.0002  0.0004  0.0004  0.0774  0.0776  0.0004  0.0005  0.0003  0.0001  0.0000  0.0002  0.0000  0.0000  0.0000
 0.0003  0.0000  0.0001  0.0001  0.0001  0.0008  0.0001  0.0000  0.0742  0.0001  1.0000  0.0008  0.0001  0.0001  0.0001  0.0001  0.0001  0.0003  0.1222  0.0001  0.0000  0.0098  0.0000  0.0000  0.0000
 0.0004  0.0000  0.0005  0.0006  0.0003  0.0331  0.0012  0.0052  0.0003  0.0002  0.0007  0.0002  0.0004  0.0005  0.0002  0.0004  0.0003  0.0003  0.0004  0.0003  0.0000  1.0000  0.0000  0.0000  0.0000
 0.2575  0.0000  0.0168  0.0186  0.0208  0.1039  0.0796  0.0247  0.3763  0.0256  0.3145  1.0000  0.0293  0.0274  0.0244  0.0244  0.3533  0.7419  0.2132  0.0130  0.0000  0.0470  0.0000  0.0000  0.0000
 0.0001  0.0000  0.0001  0.0000  0.0000  0.0755  0.0000  0.0000  0.0003  0.0000  0.0008  0.0002  0.0000  0.0001  0.0000  0.0000  0.0001  0.0001  0.0003  0.0007  0.0000  1.0000  0.0000  0.0000  0.0000
 0.0004  0.0000  0.0002  0.0007  0.0031  0.0002  0.0012  0.0002  0.0002  0.0005  0.0004  0.0001  0.0003  0.0008  1.0000  0.0005  0.0003  0.0003  0.0002  0.0002  0.0000  0.0002  0.0000  0.0000  0.0000
 0.0010  0.0000  0.0003  0.0001  0.0003  0.0119  0.0002  0.0002  0.6103  0.0003  1.0000  0.3116  0.0002  0.0004  0.0005  0.0003  0.0003  0.0006  0.0164  0.0003  0.0000  0.0003  0.0000  0.0000  0.0000
 0.0675  0.0000  0.5489  0.0060  0.0098  1.0000  0.0138  0.0100  0.1035  0.0104  0.5227  0.1040  0.0085  0.0143  0.0132  0.0107  0.0530  0.0202  0.0667  0.0317  0.0000  0.1232  0.0000  0.0000  0.0000
 0.0004  0.0000  0.0000  0.0001  0.0005  0.0001  0.0003  0.0003  0.0001  0.0450  0.0003  0.0001  0.0003  0.0003  0.0008  1.0000  0.0003  0.0053  0.0002  0.0001  0.0000  0.0002  0.0000  0.0000  0.0000
 0.9711  0.0000  0.0032  0.0024  0.0028  0.0012  0.2536  0.0006  0.0014  0.0031  0.0031  0.0014  0.0022  0.0242  0.0021  0.0022  1.0000  0.0110  0.0053  0.0004  0.0000  0.0113  0.0000  0.0000  0.0000
 0.0003  0.0000  0.0080  0.0000  0.0001  0.0008  0.0001  0.0001  0.0264  0.0001  1.0000  0.0481  0.0001  0.0001  0.0002  0.0001  0.0001  0.0002  0.0156  0.0001  0.0000  0.0001  0.0000  0.0000  0.0000
 1.0000  0.0000  0.0043  0.0062  0.0092  0.0009  0.0905  0.0083  0.0129  0.0031  0.0017  0.0008  0.1617  0.0038  0.0022  0.0019  0.1055  0.0211  0.0025  0.0004  0.0000  0.0012  0.0000  0.0000  0.0000
 0.0005  0.0000  0.0001  0.0020  0.0006  0.0253  0.0014  0.0144  0.0001  0.0006  0.0002  0.0001  0.0099  0.0004  0.0004  0.0004  0.0182  0.0005  0.0002  0.0001  0.0000  1.0000  0.0000  0.0000  0.0000
 0.0007  0.0000  0.0002  0.0001  0.0066  0.0011  0.0001  0.0001  1.0000  0.0002  0.2626  0.0845  0.0001  0.0002  0.0002  0.0002  0.0002  0.0031  0.0169  0.0001  0.0000  0.0002  0.0000  0.0000  0.0000
 0.0007  0.0000  0.0001  0.0020  0.0291  0.0001  0.0009  1.0000  0.0001  0.0009  0.0002  0.0001  0.0012  0.0004  0.0096  0.0004  0.0358  0.0005  0.0002  0.0000  0.0000  0.0002  0.0000  0.0000  0.0000
 0.1844  0.0000  0.0263  0.0251  0.0464  0.0022  0.1798  0.0446  0.0440  0.0705  0.0122  0.0464  0.2300  0.0110  0.1271  0.1560  1.0000  0.1820  0.0115  0.0007  0.0000  0.0018  0.0000  0.0000  0.0000
 0.1806  0.0000  0.2465  0.0440  0.0584  0.2888  0.0929  0.1311  0.5199  0.1746  1.0000  0.1427  0.0828  0.0437  0.5477  0.0971  0.0982  0.0838  0.7016  0.0396  0.0000  0.2507  0.0000  0.0000  0.0000
 0.0008  0.0000  0.0002  0.0031  0.0010  0.0192  1.0000  0.0046  0.0001  0.0013  0.0165  0.0001  0.0639  0.0006  0.0007  0.0042  0.0018  0.0007  0.0002  0.0001  0.0000  0.0004  0.0000  0.0000  0.0000
 0.0038  0.0000  0.0002  0.0001  0.0002  0.0742  0.0003  0.0000  1.0000  0.0002  0.0276  0.0008  0.0002  0.0001  0.0001  0.0002  0.0002  0.0044  0.9662  0.0001  0.0000  0.0126  0.0000  0.0000  0.0000
 0.0021  0.0000  1.0000  0.0004  0.0003  0.0002  0.0016  0.0002  0.0002  0.0002  0.0004  0.0001  0.0003  0.0006  0.0002  0.0003  0.0524  0.0006  0.0005  0.0002  0.0000  0.0003  0.0000  0.0000  0.0000
 0.0000  0.0000  0.0000  0.0000  0.0000  0.0000  0.0000  1.0000  0.0000  0.0000  0.0000  0.0000  0.0000  0.0000  0.0000  0.0000  0.0000  0.0000  0.0000  0.0000  0.0000  0.0000  0.0000  0.0000  0.0000
 0.0000  0.0000  0.0000  0.0000  0.0000  0.0000  0.0000  0.0000  0.0000  0.0000  0.0000  0.0000  0.0000  0.0000  0.0000  1.0000  0.0000  0.0000  0.0000  0.0000  0.0000  0.0000  0.0000  0.0000  0.0000
 0.0000  0.0000  0.0000  1.0000  0.0000  0.0000  0.0000  0.0000  0.0000  0.0000  0.0000  0.0000  0.0000  0.0000  0.0000  0.0000  0.0000  0.0000  0.0000  0.0000  0.0000  0.0000  0.0000  0.0000  0.0000
 0.0002  0.0000  0.0001  0.0000  0.0001  0.0003  0.0001  0.0000  1.0000  0.0001  0.0720  0.0003  0.0001  0.0000  0.0000  0.0001  0.0001  0.0002  0.0466  0.0000  0.0000  0.0001  0.0000  0.0000  0.0000
 0.0000  0.0000  0.0000  0.0000  0.0000  0.0000  0.0000  0.0000  0.0000  1.0000  0.0000  0.0000  0.0000  0.0000  0.0000  0.0000  0.0000  0.0000  0.0000  0.0000  0.0000  0.0000  0.0000  0.0000  0.0000
 0.0005  0.0000  0.0001  0.0006  0.0004  0.0003  0.0016  0.0002  0.0003  0.0006  0.0063  0.0001  0.0003  1.0000  0.0003  0.0005  0.0004  0.0003  0.0003  0.0002  0.0000  0.0002  0.0000  0.0000  0.0000
 0.0006  0.0000  0.0001  0.0008  0.0007  0.0001  0.0009  0.0382  0.0002  0.0013  0.0003  0.0001  0.0009  0.0005  1.0000  0.0011  0.0008  0.0093  0.0002  0.0001  0.0000  0.0002  0.0000  0.0000  0.0000
 0.0000  0.0000  0.0000  0.0000  0.0000  0.0000  0.0000  0.0000  0.0000  0.0000  0.0000  0.0000  1.0000  0.0000  0.0000  0.0000  0.0000  0.0000  0.0000  0.0000  0.0000  0.0000  0.0000  0.0000  0.0000
 0.0004  0.0000  0.0001  0.0001  0.0001  0.0010  0.0001  0.0001  0.0958  0.0001  1.0000  0.0516  0.0001  0.0002  0.0002  0.0001  0.0001  0.0002  0.0762  0.0001  0.0000  0.0001  0.0000  0.0000  0.0000
 0.0000  0.0000  0.0000  0.0000  0.0000  0.0000  0.0000  0.0000  0.0000  0.0000  1.0000  0.0000  0.0000  0.0000  0.0000  0.0000  0.0000  0.0000  0.0000  0.0000  0.0000  0.0000  0.0000  0.0000  0.0000
 0.0008  0.0000  0.0330  0.0001  0.0002  0.0008  0.0002  0.0000  0.1240  0.0003  0.4856  0.0009  0.0002  0.0002  0.0001  0.0002  0.0002  0.0008  1.0000  0.0001  0.0000  0.0003  0.0000  0.0000  0.0000
 0.0014  0.0000  0.0120  1.0000  0.0139  0.0003  0.0049  0.0168  0.0001  0.0020  0.0003  0.0001  0.6614  0.0011  0.0013  0.0010  0.0037  0.0015  0.0002  0.0001  0.0000  0.0088  0.0000  0.0000  0.0000
 0.0262  0.0000  0.0005  0.0006  0.0005  0.0002  0.0228  0.0001  0.0003  0.0006  0.0174  0.0002  0.0131  1.0000  0.0004  0.0004  0.0568  0.0589  0.0008  0.0001  0.0000  0.0002  0.0000  0.0000  0.0000
 0.4685  0.0000  0.0273  0.7187  1.0000  0.0254  0.2069  0.6066  0.0955  0.5745  0.2947  0.0540  0.3361  0.1481  0.3777  0.4161  0.5121  0.3178  0.1895  0.0088  0.0000  0.0193  0.0000  0.0000  0.0000
 0.0099  0.0000  0.0002  0.0005  0.0003  0.0001  0.0003  0.0001  0.0081  0.0005  0.0003  0.0002  0.0459  0.0006  0.0004  0.0246  0.1248  1.0000  0.0006  0.0001  0.0000  0.0001  0.0000  0.0000  0.0000
 0.5887  0.0000  0.1429  0.2212  0.1984  0.4326  0.6473  1.0000  0.2430  0.2204  0.4403  0.1373  0.3551  0.1466  0.2211  0.2431  0.3157  0.2645  0.3132  0.1150  0.0000  0.6241  0.0000  0.0000  0.0000
 0.2070  0.0000  0.0276  0.0697  0.2076  0.0212  0.0478  0.0296  0.3879  0.2332  0.1777  0.0371  0.0852  0.0594  0.7881  0.1516  0.0991  0.2257  1.0000  0.0063  0.0000  0.0172  0.0000  0.0000  0.0000
 0.0005  0.0000  0.0053  0.0001  0.0001  0.0153  0.0001  0.0001  0.0023  0.0002  1.0000  0.0014  0.0001  0.0002  0.0002  0.0002  0.0001  0.0003  0.1628  0.0002  0.0000  0.0002  0.0000  0.0000  0.0000
 0.0004  0.0000  0.0000  0.0002  0.0005  0.0001  0.0006  0.0003  0.0002  1.0000  0.0004  0.0001  0.0003  0.0005  0.0262  0.0016  0.0003  0.0003  0.0002  0.0001  0.0000  0.0002  0.0000  0.0000  0.0000
 0.0006  0.0000  0.0001  0.0001  0.0001  0.0013  0.0001  0.0001  0.2470  0.0002  1.0000  0.0231  0.0001  0.0033  0.0003  0.0002  0.0002  0.0003  0.0585  0.0002  0.0000  0.0002  0.0000  0.0000  0.0000
 0.0005  0.0000  1.0000  0.0005  0.0003  0.0005  0.0013  0.0003  0.0072  0.0001  0.0005  0.0002  0.0003  0.0004  0.0002  0.0004  0.0002  0.0004  0.0005  0.0003  0.0000  0.0005  0.0000  0.0000  0.0000
 0.0000  0.0000  0.0000  1.0000  0.0000  0.0000  0.0000  0.0000  0.0000  0.0000  0.0000  0.0000  0.0000  0.0000  0.0000  0.0000  0.0000  0.0000  0.0000  0.0000  0.0000  0.0000  0.0000  0.0000  0.0000
 0.0002  0.0000  0.0001  0.0000  0.0001  1.0000  0.0001  0.0000  0.0005  0.0000  0.0283  0.0003  0.0000  0.0001  0.0000  0.0000  0.0001  0.0001  0.0004  0.0006  0.0000  0.0024  0.0000  0.0000  0.0000
 0.0000  0.0000  0.0000  0.0000  0.0000  0.0000  1.0000  0.0000  0.0000  0.0000  0.0000  0.0000  0.0000  0.0000  0.0000  0.0000  0.0000  0.0000  0.0000  0.0000  0.0000  0.0000  0.0000  0.0000  0.0000
 0.0008  0.0000  0.0001  0.0009  0.0003  0.0001  0.0010  0.0002  0.0001  0.0004  0.0002  0.0001  0.0097  0.0004  0.0002  0.0002  1.0000  0.0008  0.0002  0.0001  0.0000  0.0001  0.0000  0.0000  0.0000
 1.0000  0.0000  0.0000  0.0000  0.0000  0.0000  0.0000  0.0000  0.0000  0.0000  0.0000  0.0000  0.0000  0.0000  0.0000  0.0000  0.0000  0.0000  0.0000  0.0000  0.0000  0.0000  0.0000  0.0000  0.0000
 0.0000  0.0000  0.0000  0.0000  0.0000  0.0000  0.0000  0.0000  0.0000  1.0000  0.0000  0.0000  0.0000  0.0000  0.0000  0.0000  0.0000  0.0000  0.0000  0.0000  0.0000  0.0000  0.0000  0.0000  0.0000
 0.4622  0.0000  0.1456  0.1772  0.2394  0.5766  0.2759  0.4888  0.6648  0.4421  0.5536  0.3955  0.2997  0.1719  0.7875  0.4806  0.3735  0.3357  1.0000  0.1517  0.0000  0.8961  0.0000  0.0000  0.0000
 0.0003  0.0000  0.0001  0.0000  0.0001  0.0007  0.0001  0.0001  0.0013  0.0001  1.0000  0.0219  0.0001  0.0035  0.0001  0.0001  0.0001  0.0002  0.0007  0.0001  0.0000  0.0001  0.0000  0.0000  0.0000
 0.0260  0.0000  0.0008  0.0028  0.0066  0.0021  0.0071  0.0033  0.2611  0.0748  0.1002  0.0016  0.0568  0.0029  0.0717  0.0377  0.0233  0.0049  1.0000  0.0008  0.0000  0.0031  0.0000  0.0000  0.0000
 0.2957  0.0000  0.0096  0.1164  0.3708  0.0089  0.0868  0.0880  0.0335  1.0000  0.0725  0.0189  0.0969  0.6789  0.1472  0.5603  0.2729  0.1159  0.0668  0.0031  0.0000  0.0068  0.0000  0.0000  0.0000
 0.0083  0.0000  0.0002  0.0109  0.0008  0.0001  1.0000  0.0006  0.0001  0.0008  0.0042  0.0001  0.1451  0.0007  0.0006  0.0004  0.0418  0.0217  0.0003  0.0001  0.0000  0.0003  0.0000  0.0000  0.0000
 0.0006  0.0000  0.0000  0.0178  1.0000  0.0001  0.0002  0.0001  0.0001  0.0006  0.0001  0.0001  0.0002  0.0004  0.0348  0.0002  0.0003  0.0003  0.0001  0.0000  0.0000  0.0001  0.0000  0.0000  0.0000
 0.0712  0.0000  0.0006  0.0007  0.0010  0.0003  0.0025  0.0005  0.0007  0.0029  0.0039  0.0593  0.0012  1.0000  0.0234  0.0414  0.0191  0.0290  0.0015  0.0002  0.0000  0.0004  0.0000  0.0000  0.0000
 0.0011  0.0000  0.0002  0.0019  0.0006  0.0001  0.0017  0.0004  0.0001  0.0006  0.0205  0.0001  1.0000  0.0005  0.0004  0.0004  0.0716  0.0010  0.0002  0.0001  0.0000  0.0002  0.0000  0.0000  0.0000
 0.0008  0.0000  0.0002  0.0001  0.0002  0.0005  0.0002  0.0000  0.6545  0.0002  0.0027  0.0005  0.0001  0.0001  0.0001  0.0001  0.0002  0.0318  1.0000  0.0001  0.0000  0.0002  0.0000  0.0000  0.0000
 0.1097  0.0000  0.0004  0.0003  0.0004  0.0002  0.0024  0.0001  0.0002  0.0004  0.0214  0.0002  0.0003  0.0011  0.0003  0.0003  1.0000  0.0009  0.0007  0.0001  0.0000  0.0001  0.0000  0.0000  0.0000
 0.0005  0.0000  0.0005  0.0197  0.0004  0.0013  0.0015  0.0003  0.0004  0.0003  0.0007  0.0002  0.0005  0.0007  0.0003  0.0005  0.0004  0.0004  0.0005  0.0005  0.0000  1.0000  0.0000  0.0000  0.0000
 0.0002  0.0000  0.0001  0.0001  0.0001  0.0002  0.0001  0.0000  1.0000  0.0001  0.0011  0.0002  0.0001  0.0001  0.0000  0.0001  0.0001  0.0002  0.0217  0.0000  0.0000  0.0001  0.0000  0.0000  0.0000
 0.0000  0.0000  1.0000  0.0000  0.0000  0.0000  0.0000  0.0000  0.0000  0.0000  0.0000  0.0000  0.0000  0.0000  0.0000  0.0000  0.0000  0.0000  0.0000  0.0000  0.0000  0.0000  0.0000  0.0000  0.0000
 0.0023  0.0000  0.0003  0.0003  0.0003  0.0002  0.0015  0.0001  0.0002  0.0003  0.0004  0.0001  0.0003  0.0007  0.0002  0.0003  1.0000  0.0009  0.0194  0.0001  0.0000  0.0002  0.0000  0.0000  0.0000
 0.0007  0.0000  0.0003  0.0008  0.0005  0.0003  0.0263  0.0003  0.0003  0.0008  0.0006  0.0001  0.0004  0.0013  0.0004  1.0000  0.0005  0.0004  0.0004  0.0003  0.0000  0.0003  0.0000  0.0000  0.0000
 0.0013  0.0000  0.0304  0.0009  0.0008  0.1145  0.0011  0.0072  0.0008  0.0235  0.0014  0.0005  0.0012  0.0006  0.0009  0.0015  0.0011  0.0010  0.0010  0.0003  0.0000  1.0000  0.0000  0.0000  0.0000
 0.0002  0.0000  0.0001  0.0001  0.0001  0.0032  0.0001  0.0000  0.0003  0.0000  0.0198  0.0002  0.0000  0.0001  0.0000  0.0000  0.0001  0.0001  0.0003  0.0007  0.0000  1.0000  0.0000  0.0000  0.0000
 0.0003  0.0000  0.0000  0.0001  0.0005  0.0001  0.0003  0.0193  0.0001  0.0048  0.0003  0.0001  0.0003  0.0003  0.0008  1.0000  0.0003  0.0004  0.0002  0.0001  0.0000  0.0002  0.0000  0.0000  0.0000
 1.0000  0.0000  0.0003  0.0002  0.0002  0.0001  0.0014  0.0000  0.0001  0.0002  0.0003  0.0001  0.0002  0.0006  0.0002  0.0002  0.0225  0.0005  0.0198  0.0000  0.0000  0.0001  0.0000  0.0000  0.0000
 0.0216  0.0000  0.0002  0.0002  0.0002  0.0001  0.0014  0.0000  0.0001  0.0002  0.0002  0.0001  0.0002  1.0000  0.0002  0.0002  0.0030  0.0004  0.0004  0.0000  0.0000  0.0001  0.0000  0.0000  0.0000
 0.0000  0.0000  0.0000  0.0000  1.0000  0.0000  0.0000  0.0000  0.0000  0.0000  0.0000  0.0000  0.0000  0.0000  0.0000  0.0000  0.0000  0.0000  0.0000  0.0000  0.0000  0.0000  0.0000  0.0000  0.0000
 0.0195  0.0000  0.0001  0.0001  0.0001  0.0007  0.0003  0.0001  0.0012  0.0001  1.0000  0.0008  0.0001  0.0002  0.0002  0.0001  0.0002  0.0002  0.0007  0.0001  0.0000  0.0001  0.0000  0.0000  0.0000
 0.0003  0.0000  0.0001  0.0000  0.0001  0.0004  0.0001  0.0000  1.0000  0.0001  0.0022  0.0932  0.0001  0.0001  0.0001  0.0001  0.0001  0.0003  0.0159  0.0000  0.0000  0.0001  0.0000  0.0000  0.0000
 0.0002  0.0000  0.0001  0.0000  0.0000  1.0000  0.0000  0.0000  0.0004  0.0000  0.1063  0.0002  0.0000  0.0001  0.0000  0.0000  0.0001  0.0001  0.0004  0.0009  0.0000  0.0170  0.0000  0.0000  0.0000
 0.0033  0.0000  0.0003  0.0003  0.0003  0.0002  1.0000  0.0001  0.0002  0.0004  0.0005  0.0087  0.0002  0.0008  0.0175  0.0003  0.0016  0.0006  0.0081  0.0001  0.0000  0.0001  0.0000  0.0000  0.0000
 1.0000  0.0000  0.0003  0.0002  0.0003  0.0001  0.0016  0.0000  0.0001  0.0003  0.0003  0.0001  0.0002  0.0047  0.0082  0.0002  0.0857  0.0005  0.0005  0.0000  0.0000  0.0001  0.0000  0.0000  0.0000
 0.0011  0.0000  0.0002  0.0004  0.0003  0.0001  0.0003  0.0001  0.0369  0.0004  0.0004  0.0002  0.0008  0.0086  0.0038  0.0003  0.0443  1.0000  0.0198  0.0001  0.0000  0.0001  0.0000  0.0000  0.0000
 0.0275  0.0000  0.0019  0.6311  1.0000  0.0019  0.0138  0.0563  0.0155  0.0536  0.0369  0.0038  0.4882  0.0102  0.0727  0.0188  0.0612  0.0299  0.0529  0.0007  0.0000  0.0016  0.0000  0.0000  0.0000
 0.0195  0.0000  0.0002  0.0002  0.0001  0.0027  0.0006  0.0001  0.0003  0.0001  0.0007  0.0002  0.0001  0.0003  0.0001  0.0001  0.0003  0.0002  0.0004  0.0006  0.0000  1.0000  0.0000  0.0000  0.0000
 0.0007  0.0000  0.0001  0.0101  0.0002  0.0001  0.0003  0.0001  0.0002  0.0003  0.0002  0.0001  0.0166  0.0004  0.0003  0.0002  0.0620  1.0000  0.0003  0.0001  0.0000  0.0001  0.0000  0.0000  0.0000
 0.0172  0.0000  0.0551  0.0010  0.0006  0.0022  0.0007  0.0225  0.0007  0.0010  0.0007  0.0004  0.0488  0.0070  0.0008  0.0006  0.2288  1.0000  0.0256  0.0002  0.0000  0.0003  0.0000  0.0000  0.0000
 1.0000  0.0000  0.0480  0.0994  0.0922  0.0052  0.0445  0.0853  0.0174  0.5708  0.0281  0.0662  0.1806  0.0253  0.1271  0.0482  0.4734  0.0677  0.0592  0.0017  0.0000  0.0043  0.0000  0.0000  0.0000
 0.0002  0.0000  0.0001  0.0000  0.0001  0.0002  0.0001  0.0000  1.0000  0.0001  0.0212  0.0002  0.0000  0.0000  0.0000  0.0001  0.0001  0.0022  0.0504  0.0000  0.0000  0.0001  0.0000  0.0000  0.0000
 0.0000  0.0000  0.0000  1.0000  0.0000  0.0000  0.0000  0.0000  0.0000  0.0000  0.0000  0.0000  0.0000  0.0000  0.0000  0.0000  0.0000  0.0000  0.0000  0.0000  0.0000  0.0000  0.0000  0.0000  0.0000
 0.0010  0.0000  0.0003  0.0002  0.0003  0.0012  0.0004  0.0000  0.8870  0.0004  0.1279  0.2282  0.0002  0.0002  0.0001  0.0003  0.0004  0.0821  1.0000  0.0001  0.0000  0.0005  0.0000  0.0000  0.0000
 0.0000  0.0000  0.0000  0.0000  0.0000  0.0000  0.0000  0.0000  0.0000  0.0000  0.0000  0.0000  0.0000  0.0000  0.0000  0.0000  0.0000  0.0000  0.0000  1.0000  0.0000  0.0000  0.0000  0.0000  0.0000
 0.0000  0.0000  0.0000  0.0000  0.0000  0.0000  0.0000  0.0000  0.0000  0.0000  0.0000  0.0000  0.0000  0.0000  0.0000  0.0000  1.0000  0.0000  0.0000  0.0000  0.0000  0.0000  0.0000  0.0000  0.0000
 1.0000  0.0000  0.0182  0.0020  0.0027  0.0116  0.0208  0.0025  0.1611  0.0033  0.1532  0.0513  0.0028  0.0038  0.0266  0.0031  0.0071  0.2715  0.2881  0.0018  0.0000  0.0056  0.0000  0.0000  0.0000
 0.0212  0.0000  0.0002  0.0002  0.0002  0.0001  1.0000  0.0001  0.0001  0.0002  0.0003  0.0001  0.0002  0.0006  0.0002  0.0002  0.0011  0.0004  0.0004  0.0001  0.0000  0.0001  0.0000  0.0000  0.0000
 0.0007  0.0000  1.0000  0.0005  0.0003  0.0004  0.0014  0.0003  0.0003  0.0001  0.0004  0.0001  0.0003  0.0004  0.0002  0.0004  0.0004  0.0160  0.0005  0.0003  0.0000  0.0004  0.0000  0.0000  0.0000
 0.0004  0.0000  0.0001  0.0000  0.0001  0.0002  0.0001  0.0000  0.0355  0.0001  0.0011  0.0002  0.0001  0.0001  0.0000  0.0001  0.0001  0.0003  1.0000  0.0000  0.0000  0.0001  0.0000  0.0000  0.0000
 0.0011  0.0000  0.0126  0.0002  0.0003  0.0385  0.0259  0.0002  0.2531  0.0004  1.0000  0.5258  0.0003  0.0004  0.0005  0.0004  0.0004  0.0250  0.1189  0.0003  0.0000  0.0005  0.0000  0.0000  0.0000
 1.0000  0.0000  0.0004  0.0003  0.0003  0.0001  0.0811  0.0001  0.0002  0.0004  0.0004  0.0002  0.0003  0.0009  0.0003  0.0003  0.0129  0.0006  0.0006  0.0001  0.0000  0.0168  0.0000  0.0000  0.0000
 0.0000  0.0000  0.0000  0.0000  1.0000  0.0000  0.0000  0.0000  0.0000  0.0000  0.0000  0.0000  0.0000  0.0000  0.0000  0.0000  0.0000  0.0000  0.0000  0.0000  0.0000  0.0000  0.0000  0.0000  0.0000
 0.0003  0.0000  0.0001  0.0000  0.0001  0.0235  0.0001  0.0001  0.0016  0.0001  1.0000  0.0952  0.0001  0.0001  0.0002  0.0001  0.0001  0.0002  0.0069  0.0001  0.0000  0.0001  0.0000  0.0000  0.0000
 0.0005  0.0000  0.0001  0.0001  0.0001  0.0429  0.0001  0.0001  0.1019  0.0002  1.0000  0.1690  0.0001  0.0002  0.0003  0.0002  0.0001  0.0096  0.0436  0.0002  0.0000  0.0002  0.0000  0.0000  0.0000
 0.0006  0.0000  0.0001  0.0001  0.0001  0.0013  0.0001  0.0001  0.0949  0.0002  1.0000  0.0181  0.0203  0.0002  0.0084  0.0002  0.0002  0.0178  0.0051  0.0002  0.0000  0.0002  0.0000  0.0000  0.0000
 0.0233  0.0000  0.0002  0.0002  0.0002  0.0001  1.0000  0.0000  0.0001  0.0002  0.0002  0.0001  0.0002  0.0006  0.0002  0.0002  0.0057  0.0004  0.0004  0.0000  0.0000  0.0001  0.0000  0.0000  0.0000
 0.0014  0.0000  0.0001  0.0114  0.0561  0.0004  0.0009  0.0334  0.0005  0.0432  0.0047  0.0004  0.0012  0.0009  1.0000  0.0561  0.0129  0.0251  0.0007  0.0002  0.0000  0.0409  0.0000  0.0000  0.0000
 0.0179  0.0000  0.0005  0.0004  0.0005  0.0004  0.0027  0.0001  0.0006  0.0005  0.0533  0.0004  0.0003  1.0000  0.0004  0.0004  0.0023  0.0009  0.0011  0.0001  0.0000  0.0002  0.0000  0.0000  0.0000
 0.0008  0.0000  0.0002  0.0001  0.0002  0.0021  0.0002  0.0001  0.6572  0.0003  1.0000  0.0419  0.0002  0.0003  0.0004  0.0003  0.0003  0.0006  0.0472  0.0003  0.0000  0.0003  0.0000  0.0000  0.0000
 0.0000  0.0000  0.0000  0.0000  0.0000  1.0000  0.0000  0.0000  0.0000  0.0000  0.0000  0.0000  0.0000  0.0000  0.0000  0.0000  0.0000  0.0000  0.0000  0.0000  0.0000  0.0000  0.0000  0.0000  0.0000
 0.0517  0.0000  0.0005  0.0003  0.0004  0.0002  0.0023  0.0001  0.0099  0.0005  0.0247  0.0003  0.0003  1.0000  0.0159  0.0004  0.0586  0.0012  0.0013  0.0001  0.0000  0.0001  0.0000  0.0000  0.0000
 0.0000  0.0000  0.0000  0.0000  0.0000  0.0000  1.0000  0.0000  0.0000  0.0000  0.0000  0.0000  0.0000  0.0000  0.0000  0.0000  0.0000  0.0000  0.0000  0.0000  0.0000  0.0000  0.0000  0.0000  0.0000
 0.0130  0.0000  0.0000  0.6172  1.0000  0.0002  0.0007  0.0005  0.0002  0.0048  0.0005  0.0002  0.0008  0.0012  0.0563  0.0005  0.0010  0.0009  0.0005  0.0001  0.0000  0.0002  0.0000  0.0000  0.0000
 0.0007  0.0000  0.0001  0.0004  0.0002  0.0001  0.0003  0.0001  0.0002  0.0003  0.0002  0.0001  0.0343  0.0004  0.0002  0.0028  1.0000  0.0523  0.0003  0.0000  0.0000  0.0001  0.0000  0.0000  0.0000
 0.1345  0.0000  0.0004  0.0015  0.0007  0.0002  1.0000  0.0003  0.0002  0.0377  0.0004  0.0002  0.0300  0.0011  0.0005  0.0004  0.2001  0.0009  0.0007  0.0001  0.0000  0.0002  0.0000  0.0000  0.0000
 0.0004  0.0000  0.0001  0.0001  0.0001  0.0003  0.0001  0.0000  0.2076  0.0001  0.0274  0.0003  0.0001  0.0001  0.0000  0.0001  0.0001  0.0318  1.0000  0.0000  0.0000  0.0002  0.0000  0.0000  0.0000
 0.0000  0.0000  0.0000  1.0000  0.0000  0.0000  0.0000  0.0000  0.0000  0.0000  0.0000  0.0000  0.0000  0.0000  0.0000  0.0000  0.0000  0.0000  0.0000  0.0000  0.0000  0.0000  0.0000  0.0000  0.0000
 0.0000  0.0000  0.0000  0.0000  0.0000  0.0000  0.0000  0.0000  0.0000  0.0000  0.0000  0.0000  0.0000  0.0000  1.0000  0.0000  0.0000  0.0000  0.0000  0.0000  0.0000  0.0000  0.0000  0.0000  0.0000
 0.0003  0.0000  0.0001  0.0000  0.0001  0.0229  0.0001  0.0001  0.0468  0.0001  1.0000  0.0201  0.0001  0.0001  0.0002  0.0001  0.0001  0.0002  0.0008  0.0001  0.0000  0.0001  0.0000  0.0000  0.0000
 0.0057  0.0000  0.0002  0.0002  0.0002  0.0002  0.0035  0.0000  0.0246  0.0002  0.0006  0.0002  0.0002  0.0006  0.0002  0.0002  0.0226  0.0005  1.0000  0.0000  0.0000  0.0001  0.0000  0.0000  0.0000
 0.0007  0.0000  0.0000  0.0049  1.0000  0.0001  0.0003  0.0037  0.0001  0.0360  0.0002  0.0001  0.0004  0.0004  0.0010  0.0350  0.0004  0.0003  0.0002  0.0000  0.0000  0.0001  0.0000  0.0000  0.0000
 0.0002  0.0000  0.0001  0.0000  0.0001  0.0002  0.0001  0.0000  1.0000  0.0001  0.0012  0.0002  0.0000  0.0001  0.0000  0.0001  0.0001  0.0002  0.0322  0.0000  0.0000  0.0001  0.0000  0.0000  0.0000
 0.0002  0.0000  0.0001  0.0000  0.0001  0.0003  0.0001  0.0000  1.0000  0.0001  0.0014  0.0227  0.0001  0.0000  0.0000  0.0001  0.0001  0.0002  0.0838  0.0000  0.0000  0.0001  0.0000  0.0000  0.0000
 0.0004  0.0000  0.0000  0.0001  0.0005  0.0001  0.0003  0.0003  0.0002  1.0000  0.0004  0.0001  0.0004  0.0003  0.0715  0.0246  0.0003  0.0004  0.0002  0.0001  0.0000  0.0002  0.0000  0.0000  0.0000
 0.0002  0.0000  0.0001  0.0001  0.0001  0.0003  0.0001  0.0000  0.2648  0.0001  0.0211  0.0003  0.0001  0.0000  0.0000  0.0001  0.0001  0.0003  1.0000  0.0000  0.0000  0.0002  0.0000  0.0000  0.0000
 0.0003  0.0000  0.0001  0.0000  0.0001  0.0041  0.0001  0.0001  0.0075  0.0001  1.0000  0.0381  0.0001  0.0001  0.0001  0.0001  0.0001  0.0001  0.0007  0.0001  0.0000  0.0001  0.0000  0.0000  0.0000
 0.0000  0.0000  0.0000  0.0000  0.0000  0.0000  1.0000  0.0000  0.0000  0.0000  0.0000  0.0000  0.0000  0.0000  0.0000  0.0000  0.0000  0.0000  0.0000  0.0000  0.0000  0.0000  0.0000  0.0000  0.0000
 0.0105  0.0000  0.0002  0.0002  0.0002  0.0001  0.0008  0.0001  0.0002  0.0003  0.0002  0.0001  0.0003  0.0069  0.0002  0.0002  0.0017  1.0000  0.0004  0.0000  0.0000  0.0001  0.0000  0.0000  0.0000
 0.0000  0.0000  0.0000  0.0000  0.0000  0.0000  0.0000  0.0000  0.0000  0.0000  0.0000  0.0000  0.0000  1.0000  0.0000  0.0000  0.0000  0.0000  0.0000  0.0000  0.0000  0.0000  0.0000  0.0000  0.0000
 0.0133  0.0000  0.0002  0.0004  0.0002  0.0001  0.0003  0.0001  0.0003  0.0004  0.0002  0.0001  0.0187  0.0004  0.0077  0.0002  0.1535  1.0000  0.0004  0.0001  0.0000  0.0001  0.0000  0.0000  0.0000
 0.0146  0.0000  0.0002  0.0026  0.0768  0.0003  0.0017  0.0165  0.0302  0.1663  0.0129  0.0005  0.0023  0.0097  0.0305  1.0000  0.0348  0.0090  0.0100  0.0001  0.0000  0.0003  0.0000  0.0000  0.0000
 0.0008  0.0000  0.0000  0.1001  1.0000  0.0001  0.0003  0.0002  0.0001  0.0009  0.0002  0.0001  0.0003  0.0005  0.0371  0.0213  0.0004  0.0081  0.0002  0.0000  0.0000  0.0001  0.0000  0.0000  0.0000
 0.0015  0.0000  0.0000  0.0195  0.7317  0.0001  0.0006  0.0120  0.0002  0.0015  0.0003  0.0001  0.0007  0.0009  1.0000  0.0004  0.0008  0.0007  0.0003  0.0001  0.0000  0.0002  0.0000  0.0000  0.0000
 0.0003  0.0000  0.0001  0.0001  0.0001  0.0005  0.0001  0.0000  1.0000  0.0001  0.0815  0.0722  0.0001  0.0001  0.0001  0.0001  0.0001  0.0003  0.0951  0.0001  0.0000  0.0002  0.0000  0.0000  0.0000
 0.0206  0.0000  0.0740  0.0084  0.0397  0.0489  0.0134  0.1853  0.0159  0.8565  0.1742  0.0483  0.0445  0.0083  0.0320  1.0000  0.1106  0.0159  0.0387  0.0075  0.0000  0.0768  0.0000  0.0000  0.0000
 0.7081  0.0000  0.1764  0.5855  1.0000  0.0486  0.3421  0.1204  0.1724  0.8333  0.2736  0.1007  0.4572  0.2466  0.5397  0.4724  0.6898  0.5620  0.2640  0.0164  0.0000  0.0396  0.0000  0.0000  0.0000
 0.0000  0.0000  0.0000  0.0000  0.0000  0.0000  0.0000  0.0000  0.0000  0.0000  0.0000  1.0000  0.0000  0.0000  0.0000  0.0000  0.0000  0.0000  0.0000  0.0000  0.0000  0.0000  0.0000  0.0000  0.0000
 0.0003  0.0000  0.0001  0.0016  0.0005  0.0001  0.0011  0.0150  0.0000  0.0005  0.0001  0.0000  1.0000  0.0003  0.0003  0.0002  0.0083  0.0004  0.0001  0.0000  0.0000  0.0002  0.0000  0.0000  0.0000
 0.0007  0.0000  0.0001  0.0002  0.0315  0.0001  0.0005  0.0161  0.0003  0.0405  0.0007  0.0002  0.0007  1.0000  0.0145  0.0300  0.0218  0.0007  0.0004  0.0001  0.0000  0.0003  0.0000  0.0000  0.0000
 0.0190  0.0000  0.0003  0.0355  0.0011  0.0005  0.0136  0.0668  0.0003  0.0011  0.0005  0.0158  1.0000  0.0006  0.0148  0.0132  0.0073  0.0096  0.0004  0.0002  0.0000  0.0071  0.0000  0.0000  0.0000
 0.0008  0.0000  0.0155  0.0010  0.0005  0.0006  0.0018  0.0452  0.0004  0.0003  0.0007  0.0002  0.0009  0.0005  0.0004  0.0006  0.0006  0.0006  0.0006  0.0223  0.0000  1.0000  0.0000  0.0000  0.0000
 0.0596  0.0000  0.0010  0.0032  0.0039  0.0007  0.0023  0.0012  0.0019  0.1494  0.0023  0.2167  0.0675  0.0031  0.0977  0.0120  0.1111  1.0000  0.0219  0.0004  0.0000  0.0008  0.0000  0.0000  0.0000
 0.0011  0.0000  0.0001  0.1120  1.0000  0.0001  0.0113  0.0148  0.0001  0.0204  0.0003  0.0001  0.0197  0.0111  0.0760  0.0004  0.0076  0.0006  0.0002  0.0001  0.0000  0.0002  0.0000  0.0000  0.0000
 0.0046  0.0000  0.0295  0.0019  0.0025  1.0000  0.0030  0.1819  0.0177  0.0027  0.0224  0.0020  0.0028  0.0019  0.0183  0.0123  0.0059  0.0260  0.0541  0.0017  0.0000  0.0509  0.0000  0.0000  0.0000
 0.0006  0.0000  0.0001  0.0001  0.0200  0.0001  0.0031  0.0005  0.0003  1.0000  0.0006  0.0002  0.0006  0.0005  0.0418  0.1612  0.0005  0.0387  0.0003  0.0001  0.0000  0.0003  0.0000  0.0000  0.0000
 0.0003  0.0000  0.0001  0.0000  0.0001  1.0000  0.0001  0.0000  0.0013  0.0001  0.0610  0.0184  0.0001  0.0001  0.0001  0.0001  0.0001  0.0002  0.0008  0.0003  0.0000  0.0008  0.0000  0.0000  0.0000
 0.0199  0.0000  0.0002  0.0003  0.0003  0.0001  0.0014  0.0001  0.0001  0.0003  0.0003  0.0001  0.0002  1.0000  0.0002  0.0003  0.0010  0.0004  0.0004  0.0001  0.0000  0.0001  0.0000  0.0000  0.0000
 0.0142  0.0000  0.0002  0.0471  0.0242  0.0002  0.0016  0.0222  0.0008  0.0398  0.0161  0.0004  0.0488  0.0095  1.0000  0.0165  0.0335  0.0133  0.0012  0.0001  0.0000  0.0002  0.0000  0.0000  0.0000
 0.0003  0.0000  0.0001  0.0001  0.0001  0.0005  0.0001  0.0000  1.0000  0.0001  0.0622  0.0063  0.0001  0.0001  0.0001  0.0238  0.0001  0.0003  0.0891  0.0001  0.0000  0.0002  0.0000  0.0000  0.0000
 0.0005  0.0000  0.0000  0.0001  0.0006  0.0001  0.0003  0.0004  0.0002  1.0000  0.0005  0.0002  0.0004  0.0004  0.0011  0.0839  0.0004  0.0005  0.0169  0.0001  0.0000  0.0002  0.0000  0.0000  0.0000
 1.0000  0.0000  0.0361  0.0095  0.0086  0.0035  0.0614  0.0022  0.0048  0.0099  0.0088  0.0042  0.0328  0.6025  0.0367  0.0068  0.1365  0.0640  0.0150  0.0014  0.0000  0.0030  0.0000  0.0000  0.0000
 0.0285  0.0000  0.0313  0.0024  0.0081  0.0054  0.0052  1.0000  0.0740  0.0742  0.0094  0.0031  0.0299  0.0050  0.0539  0.0836  0.0069  0.0511  0.0362  0.0018  0.0000  0.0081  0.0000  0.0000  0.0000
 0.0317  0.0000  0.0001  0.0791  0.0283  0.0001  0.0007  0.0003  0.0002  0.0013  0.0051  0.0001  0.0007  1.0000  0.0172  0.0004  0.0201  0.0229  0.0004  0.0001  0.0000  0.0002  0.0000  0.0000  0.0000
 0.0006  0.0000  0.0001  0.0001  0.0001  0.0988  0.0001  0.0001  0.0028  0.0002  0.1532  0.0019  0.0001  0.0002  0.0003  0.0031  0.0002  0.0003  0.0015  1.0000  0.0000  0.0002  0.0000  0.0000  0.0000
 0.2322  0.0000  0.0135  0.1815  0.3411  0.0130  0.0954  1.0000  0.0658  0.3704  0.0881  0.0266  0.4897  0.1576  0.3776  0.2210  0.5359  0.5303  0.0717  0.0044  0.0000  0.0191  0.0000  0.0000  0.0000
 0.0006  0.0000  0.0001  0.0001  0.0008  0.0001  0.0004  0.0005  0.0003  1.0000  0.0187  0.0002  0.0071  0.0005  0.0142  0.1417  0.0221  0.0006  0.0003  0.0001  0.0000  0.0003  0.0000  0.0000  0.0000
 0.0004  0.0000  0.0001  0.0001  0.0001  0.0005  0.0002  0.0000  0.4432  0.0002  0.0939  0.0005  0.0001  0.0001  0.0001  0.0037  0.0002  0.0180  1.0000  0.0001  0.0000  0.0002  0.0000  0.0000  0.0000
 0.0003  0.0000  0.0001  0.0000  0.0001  1.0000  0.0001  0.0000  0.0012  0.0001  0.0831  0.0008  0.0001  0.0001  0.0001  0.0001  0.0001  0.0002  0.0081  0.0004  0.0000  0.0015  0.0000  0.0000  0.0000
 0.1414  0.0000  0.0053  0.0911  0.1414  0.0278  0.1200  0.6454  0.0173  0.5441  0.0280  0.0098  0.0669  0.2499  0.2397  1.0000  0.1193  0.0484  0.0258  0.0024  0.0000  0.0366  0.0000  0.0000  0.0000
 0.3007  0.0000  0.0098  0.1325  0.2384  0.0091  0.1109  0.0222  0.1626  1.0000  0.0553  0.0194  0.1423  0.2686  0.1079  0.1776  0.3129  0.2114  0.0626  0.0031  0.0000  0.0069  0.0000  0.0000  0.0000
 0.0071  0.0000  0.0134  0.0028  0.0651  0.0004  0.0810  0.0460  0.0012  0.3134  0.0023  0.0008  0.0574  0.0019  0.0214  1.0000  0.0100  0.0149  0.0017  0.0002  0.0000  0.0007  0.0000  0.0000  0.0000
 0.2080  0.0000  0.0172  0.0248  0.0261  0.1109  0.0862  0.0491  0.1152  0.0282  0.1880  0.6686  0.0306  0.0510  0.0280  0.0326  0.0669  1.0000  0.1737  0.0170  0.0000  0.0905  0.0000  0.0000  0.0000
 0.0190  0.0000  0.0170  0.1504  0.0025  0.0004  0.0019  0.0007  0.0011  0.0251  0.0037  0.0006  0.0350  1.0000  0.0213  0.0016  0.1044  0.0658  0.0017  0.0002  0.0000  0.0004  0.0000  0.0000  0.0000
 0.1438  0.0000  0.0005  0.0263  0.0253  0.0005  0.0095  0.0398  0.0106  0.0083  0.0184  0.0234  0.0391  1.0000  0.0641  0.0215  0.0721  0.0440  0.0026  0.0002  0.0000  0.0004  0.0000  0.0000  0.0000
 0.0040  0.0000  0.0001  0.2117  1.0000  0.0004  0.0023  0.0255  0.0005  0.0289  0.0553  0.0004  0.0399  0.0024  0.0049  0.0014  0.0646  0.0020  0.0211  0.0002  0.0000  0.0006  0.0000  0.0000  0.0000
 1.0000  0.0000  0.0280  0.0004  0.0005  0.0152  0.0155  0.0002  0.0176  0.0006  0.0090  0.0003  0.0004  0.0012  0.0004  0.0004  0.0215  0.0348  0.0071  0.0001  0.0000  0.0004  0.0000  0.0000  0.0000
 0.0003  0.0000  0.0001  0.0001  0.0001  0.0006  0.0002  0.0000  1.0000  0.0002  0.0854  0.0384  0.0001  0.0001  0.0001  0.0001  0.0002  0.0004  0.5025  0.0001  0.0000  0.0002  0.0000  0.0000  0.0000
 0.1425  0.0000  0.0002  1.0000  0.0782  0.0003  0.0033  0.0013  0.0004  0.0033  0.0007  0.0003  0.0981  0.0019  0.0467  0.0011  0.0559  0.0136  0.0007  0.0002  0.0000  0.0006  0.0000  0.0000  0.0000
 0.0002  0.0000  0.0001  0.0000  0.0001  0.1194  0.0000  0.0000  0.0007  0.0000  1.0000  0.0004  0.0000  0.0001  0.0000  0.0000  0.0002  0.0002  0.0005  0.0010  0.0000  0.0122  0.0000  0.0000  0.0000
 0.1628  0.0000  0.2646  0.0006  0.0017  0.0014  0.0001  0.0004  0.4207  0.0017  0.2823  0.0026  0.0008  0.0024  0.0013  0.0010  0.0017  0.0753  1.0000  0.0002  0.0000  0.0005  0.0000  0.0000  0.0000
 0.0664  0.0000  0.0303  0.0015  0.0012  0.0009  0.0298  0.0008  0.0238  0.0163  0.0015  0.0007  0.0024  0.0023  0.0013  0.0012  1.0000  0.0998  0.0323  0.0004  0.0000  0.0354  0.0000  0.0000  0.0000
 0.0883  0.0000  0.0135  0.0024  0.0061  0.0020  0.0058  0.0832  0.0022  0.4380  0.0547  0.0014  0.0040  0.0085  0.1234  1.0000  0.0968  0.0103  0.0030  0.0042  0.0000  0.0031  0.0000  0.0000  0.0000
 0.0008  0.0000  0.0002  0.0001  0.0002  0.1563  0.0002  0.0001  0.1246  0.0003  1.0000  0.0798  0.0002  0.0003  0.0004  0.0003  0.0002  0.0289  0.0587  0.0002  0.0000  0.0003  0.0000  0.0000  0.0000
 0.0003  0.0000  0.0001  0.0000  0.0001  0.0253  0.0001  0.0001  0.0070  0.0001  1.0000  0.0564  0.0001  0.0001  0.0002  0.0001  0.0001  0.0002  0.0008  0.0001  0.0000  0.0001  0.0000  0.0000  0.0000
 0.0932  0.0000  0.0037  0.1149  0.8484  0.0035  0.0262  0.0084  0.1093  0.2275  0.0667  0.0173  0.0341  0.0189  1.0000  0.1299  0.0505  0.0835  0.2192  0.0012  0.0000  0.0027  0.0000  0.0000  0.0000
 0.0001  0.0000  0.0001  0.0000  0.0000  0.0085  0.0000  0.0000  0.0003  0.0000  0.0007  0.0001  0.0000  0.0001  0.0000  0.0000  0.0001  0.0001  0.0003  0.0006  0.0000  1.0000  0.0000  0.0000  0.0000
 0.0459  0.0000  0.0413  0.1727  0.1151  0.0010  0.0030  0.0013  0.0030  0.0043  0.0028  0.0015  0.0259  0.0607  0.0033  0.0027  1.0000  0.8220  0.0709  0.0007  0.0000  0.0012  0.0000  0.0000  0.0000
 0.0000  0.0000  0.0000  0.0000  0.0000  0.0000  0.0000  0.0000  0.0000  0.0000  0.0000  0.0000  0.0000  1.0000  0.0000  0.0000  0.0000  0.0000  0.0000  0.0000  0.0000  0.0000  0.0000  0.0000  0.0000
 0.2586  0.0000  0.0099  0.1678  0.2432  0.0096  0.2089  0.0797  0.0718  0.3771  0.1511  0.0195  1.0000  0.0504  0.2133  0.1572  0.8052  0.4678  0.1385  0.0033  0.0000  0.0362  0.0000  0.0000  0.0000
 0.7893  0.0000  0.0486  0.5952  1.0000  0.0453  0.3483  0.1105  0.1907  0.9169  0.5419  0.1090  0.4650  0.2498  0.5839  0.4924  0.7344  0.5671  0.2627  0.0156  0.0000  0.0344  0.0000  0.0000  0.0000
 0.0000  0.0000  0.0000  0.0000  0.0000  0.0000  0.0000  0.0000  0.0000  0.0000  0.0000  0.0000  0.0000  0.0000  0.0000  1.0000  0.0000  0.0000  0.0000  0.0000  0.0000  0.0000  0.0000  0.0000  0.0000
 0.0968  0.0000  0.8173  0.0258  0.0347  0.1526  0.0411  0.0677  0.3873  0.0370  1.0000  0.1028  0.0386  0.0769  0.0483  0.0438  0.1861  0.0521  0.2414  0.0233  0.0000  0.2226  0.0000  0.0000  0.0000
 0.0850  0.0000  0.0013  0.0253  0.0344  0.0012  0.0827  0.0030  0.0047  0.1432  0.0694  0.0026  0.1540  0.0069  0.0224  0.1098  0.7270  1.0000  0.0071  0.0004  0.0000  0.0010  0.0000  0.0000  0.0000
 1.0000  0.0000  0.1120  0.0149  0.0180  0.0077  0.1390  0.0034  0.0089  0.0196  0.0196  0.0092  0.0128  0.8223  0.0135  0.0141  0.1161  0.0563  0.0336  0.0028  0.0000  0.0059  0.0000  0.0000  0.0000
 0.0082  0.0000  0.0005  0.0002  0.0004  0.0327  0.0001  0.0002  0.2088  0.0005  1.0000  0.0595  0.0002  0.0071  0.0077  0.0003  0.0047  0.0117  0.1251  0.0002  0.0000  0.0002  0.0000  0.0000  0.0000
 0.0287  0.0000  0.0002  0.2378  1.0000  0.0003  0.0015  0.0114  0.0006  0.0491  0.0011  0.0609  0.0045  0.0016  0.1953  0.0017  0.0077  0.0127  0.0010  0.0001  0.0000  0.0024  0.0000  0.0000  0.0000
 1.0000  0.0000  0.0601  0.0004  0.0005  0.0002  0.0997  0.0001  0.0116  0.0006  0.0069  0.0055  0.0004  0.0014  0.0004  0.0004  0.0521  0.0098  0.0181  0.0001  0.0000  0.0002  0.0000  0.0000  0.0000
 0.0200  0.0000  1.0000  0.0009  0.0019  0.0170  0.0013  0.0013  0.0379  0.0025  0.6614  0.2425  0.0017  0.0031  0.0035  0.0023  0.0021  0.0053  0.0262  0.0020  0.0000  0.0022  0.0000  0.0000  0.0000
 1.0000  0.0000  0.1175  0.0071  0.0087  0.0143  0.0490  0.0113  0.1439  0.0094  0.0367  0.0594  0.0577  0.0071  0.0174  0.0090  0.0698  0.1616  0.2185  0.0039  0.0000  0.0201  0.0000  0.0000  0.0000
 0.0008  0.0000  0.0002  0.0661  0.0012  0.0001  0.0022  1.0000  0.0001  0.0010  0.0002  0.0001  0.0036  0.0006  0.0106  0.0005  0.0318  0.0096  0.0002  0.0001  0.0000  0.0003  0.0000  0.0000  0.0000
 0.1104  0.0000  0.0106  0.0543  0.0352  0.0004  0.0026  0.0100  0.0013  0.0123  0.0123  0.0007  0.0171  1.0000  0.0127  0.0095  0.1903  0.0607  0.0439  0.0001  0.0000  0.0003  0.0000  0.0000  0.0000
 0.0002  0.0000  0.0001  0.0000  0.0000  1.0000  0.0000  0.0000  0.0005  0.0000  0.0216  0.0066  0.0000  0.0001  0.0000  0.0000  0.0001  0.0086  0.0004  0.0009  0.0000  0.1209  0.0000  0.0000  0.0000
 0.0003  0.0000  0.0001  0.0001  0.0001  1.0000  0.0002  0.0001  0.0011  0.0003  0.0057  0.0007  0.0001  0.0002  0.0002  0.0078  0.0001  0.0002  0.0006  0.0001  0.0000  0.0049  0.0000  0.0000  0.0000
 0.0005  0.0000  0.0001  1.0000  0.0264  0.0001  0.0016  0.0005  0.0001  0.0007  0.0001  0.0000  0.1044  0.0004  0.0005  0.0003  0.0046  0.0315  0.0001  0.0001  0.0000  0.0003  0.0000  0.0000  0.0000
 0.0158  0.0000  0.0000  0.1912  1.0000  0.0001  0.0005  0.0003  0.0001  0.0011  0.0003  0.0001  0.0004  0.0028  0.0014  0.0003  0.0040  0.0005  0.0084  0.0000  0.0000  0.0001  0.0000  0.0000  0.0000
 0.0003  0.0000  0.0001  0.0000  0.0001  0.0008  0.0001  0.0001  0.0877  0.0001  1.0000  0.0010  0.0001  0.0001  0.0002  0.0001  0.0001  0.0002  0.0040  0.0001  0.0000  0.0001  0.0000  0.0000  0.0000
 0.0006  0.0000  0.0001  0.0004  0.0005  0.0001  0.0006  0.0154  0.0002  0.0022  0.0004  0.0001  0.0006  0.0004  0.0008  1.0000  0.0283  0.0005  0.0002  0.0001  0.0000  0.0002  0.0000  0.0000  0.0000
 0.0448  0.0000  0.0741  1.0000  0.3337  0.0018  0.0138  0.0172  0.0241  0.0741  0.0667  0.0441  0.1587  0.0100  0.1942  0.0408  0.0432  0.0622  0.0458  0.0006  0.0000  0.0014  0.0000  0.0000  0.0000
 0.0605  0.0000  0.0005  0.0175  0.1578  0.0005  0.0173  0.0033  0.0018  0.0284  0.0690  0.0117  0.0049  1.0000  0.0555  0.0052  0.0562  0.0206  0.0028  0.0002  0.0000  0.0004  0.0000  0.0000  0.0000
 0.0999  0.0000  0.0382  0.0956  0.0739  0.0211  0.4031  0.0869  0.0111  0.1721  0.0346  0.0063  1.0000  0.0318  0.0561  0.0603  0.2210  0.0521  0.0169  0.0011  0.0000  0.0025  0.0000  0.0000  0.0000
 0.5687  0.0000  0.1311  0.0156  0.0209  0.1221  0.0249  0.0408  0.1878  0.0651  0.1499  0.0168  0.0763  0.0156  0.1060  0.0263  0.1103  1.0000  0.2549  0.0139  0.0000  0.0868  0.0000  0.0000  0.0000
 0.0742  0.0000  0.1722  0.0376  0.0584  0.0280  0.0847  0.0725  0.0628  0.4165  0.0470  0.0132  0.0663  0.0207  0.2532  1.0000  0.1888  0.1233  0.0586  0.0076  0.0000  0.0418  0.0000  0.0000  0.0000
 0.0004  0.0000  0.0001  0.0000  0.0001  0.0208  0.0001  0.0001  0.0968  0.0001  1.0000  0.0253  0.0001  0.0002  0.0002  0.0001  0.0001  0.0047  0.0191  0.0001  0.0000  0.0001  0.0000  0.0000  0.0000
 0.0025  0.0000  0.0003  0.0010  0.0009  0.0002  0.0015  0.0180  0.0309  0.0015  0.0006  0.0002  0.0012  1.0000  0.0210  0.0012  0.0463  0.0023  0.0007  0.0001  0.0000  0.0002  0.0000  0.0000  0.0000
 0.0009  0.0000  0.0002  0.1811  0.0012  0.0002  0.0029  0.0009  0.0001  0.0765  0.0002  0.0001  1.0000  0.0104  0.0008  0.0006  0.1116  0.0115  0.0002  0.0001  0.0000  0.0004  0.0000  0.0000  0.0000
 0.0060  0.0000  0.0007  0.0482  0.0306  0.0007  1.0000  0.0028  0.0005  0.0038  0.0008  0.0003  0.1270  0.0024  0.0026  0.0020  0.1614  0.0310  0.0203  0.0003  0.0000  0.0795  0.0000  0.0000  0.0000
 0.0071  0.0000  0.0007  0.0048  0.0351  0.0012  0.0782  0.0149  0.0429  0.1590  0.0428  0.0180  0.0110  0.0032  0.0532  1.0000  0.0202  0.0058  0.0124  0.0005  0.0000  0.0017  0.0000  0.0000  0.0000
 0.2146  0.0000  0.0062  0.3737  0.3938  0.1758  0.0418  0.0578  0.0252  0.2643  0.0342  0.0120  0.0622  1.0000  0.0812  0.0652  0.1985  0.1133  0.0530  0.0024  0.0000  0.0107  0.0000  0.0000  0.0000
 0.0089  0.0000  0.0002  0.0001  0.0002  0.0762  0.0001  0.0001  0.0375  0.0042  1.0000  0.0570  0.0002  0.0003  0.0003  0.0071  0.0002  0.0273  0.0092  0.0002  0.0000  0.0002  0.0000  0.0000  0.0000
 0.0005  0.0000  0.0001  0.0108  0.0006  0.0001  0.0014  0.0004  0.0000  0.0006  0.0001  0.0000  0.0190  1.0000  0.0004  0.0003  0.0205  0.0005  0.0001  0.0000  0.0000  0.0002  0.0000  0.0000  0.0000
 0.0920  0.0000  0.0009  0.0629  0.1706  0.0270  0.0065  0.0207  0.0032  0.0478  0.0201  0.0018  0.1031  1.0000  0.0771  0.0151  0.0791  0.0201  0.0141  0.0003  0.0000  0.0007  0.0000  0.0000  0.0000
 0.0003  0.0000  0.0072  0.0000  0.0001  0.0282  0.0001  0.0001  0.0123  0.0001  1.0000  0.0009  0.0001  0.0001  0.0001  0.0001  0.0059  0.0002  0.0008  0.0003  0.0000  0.0087  0.0000  0.0000  0.0000
 0.0002  0.0000  0.0001  0.0000  0.0000  1.0000  0.0000  0.0000  0.0004  0.0000  0.0515  0.0002  0.0000  0.0001  0.0000  0.0000  0.0021  0.0153  0.0004  0.0009  0.0000  0.0101  0.0000  0.0000  0.0000
 0.0013  0.0000  0.0002  0.3758  0.0735  0.0002  0.0035  0.0422  0.0137  0.0017  0.0003  0.0001  1.0000  0.0010  0.0014  0.0008  0.0028  0.0378  0.0002  0.0001  0.0000  0.0006  0.0000  0.0000  0.0000
 0.0001  0.0000  0.0001  0.0000  0.0000  1.0000  0.0000  0.0000  0.0003  0.0000  0.0139  0.0002  0.0000  0.0001  0.0000  0.0000  0.0001  0.0001  0.0003  0.0121  0.0000  0.0028  0.0000  0.0000  0.0000
 0.0499  0.0000  0.0276  0.0778  0.1034  0.0019  0.0142  0.0181  0.0070  0.5776  0.0280  0.0040  0.0447  0.0103  0.0219  0.0707  0.6813  1.0000  0.0107  0.0007  0.0000  0.0015  0.0000  0.0000  0.0000
 0.7177  0.0000  0.0165  0.5805  0.7578  0.0450  0.1178  0.2118  0.0931  0.4470  0.1276  0.0328  0.2243  1.0000  0.6416  0.4091  0.4852  0.3952  0.1431  0.0053  0.0000  0.0118  0.0000  0.0000  0.0000
 0.4757  0.0000  0.0279  0.2841  1.0000  0.0649  0.3503  0.7610  0.1142  0.4494  0.2718  0.0491  0.2628  0.1338  0.9297  0.3018  0.3834  0.2574  0.1897  0.0151  0.0000  0.2295  0.0000  0.0000  0.0000
 0.0017  0.0000  0.0002  0.0020  1.0000  0.0009  0.0003  0.0003  0.0113  0.0011  0.0574  0.0012  0.0064  0.0007  0.0093  0.0005  0.0006  0.0009  0.0099  0.0001  0.0000  0.0002  0.0000  0.0000  0.0000
 0.0610  0.0000  0.0007  0.0011  0.0024  0.0028  0.0073  0.0027  0.0833  0.0488  1.0000  0.0244  0.0094  0.0015  0.0099  0.0341  0.0140  0.0025  0.0024  0.0122  0.0000  0.0040  0.0000  0.0000  0.0000
 0.2265  0.0000  0.0021  0.0734  0.1066  0.0019  0.1390  0.0181  0.0072  0.4081  0.0117  0.0207  0.0905  0.0106  0.2174  0.0389  1.0000  0.1000  0.0176  0.0007  0.0000  0.0164  0.0000  0.0000  0.0000
 0.9114  0.0000  0.0697  0.4849  0.8162  0.0451  0.5990  0.1191  1.0000  0.7816  0.3838  0.1897  0.4060  0.2324  0.4626  0.4217  0.7429  0.4794  0.4731  0.0149  0.0000  0.0389  0.0000  0.0000  0.0000
 0.8215  0.0000  0.0486  0.5916  1.0000  0.0454  0.3543  0.1379  0.1983  0.8731  0.3381  0.1796  0.6008  0.3070  0.7845  0.5686  0.9034  0.5815  0.3540  0.0156  0.0000  0.0344  0.0000  0.0000  0.0000
 0.0301  0.0000  0.0004  0.0425  0.0155  0.0003  0.0012  0.0004  0.0008  0.0017  0.0009  0.0186  0.0017  1.0000  0.0350  0.0008  0.0665  0.0806  0.0352  0.0002  0.0000  0.0003  0.0000  0.0000  0.0000
 0.1476  0.0000  0.0027  0.5035  1.0000  0.0026  0.0240  0.0804  0.0096  0.1041  0.0155  0.0140  0.1126  0.0807  0.2204  0.0528  0.5680  0.0502  0.0146  0.0009  0.0000  0.0019  0.0000  0.0000  0.0000
 0.0523  0.0000  0.0194  0.0010  0.0016  0.0374  0.0015  0.0087  0.2574  0.0017  1.0000  0.1229  0.0052  0.0014  0.0327  0.0018  0.0021  0.0673  0.0477  0.0009  0.0000  0.0046  0.0000  0.0000  0.0000
 0.6705  0.0000  0.1862  0.3366  0.4855  0.7061  0.4078  0.5619  0.4397  0.4911  0.7224  0.2446  0.4415  0.2605  0.4212  0.4687  0.5540  0.5091  0.5726  0.1873  0.0000  1.0000  0.0000  0.0000  0.0000
 0.8912  0.0000  0.0495  0.6332  1.0000  0.0711  0.3542  0.2809  0.1747  0.9505  0.3076  0.1294  0.5720  0.3802  0.6588  0.5364  0.8810  0.5936  0.3765  0.0160  0.0000  0.0357  0.0000  0.0000  0.0000
 0.3288  0.0000  0.1116  0.1270  0.1746  0.4122  0.1871  0.3019  0.6257  0.8909  0.5135  0.1384  0.1786  0.1178  0.3252  1.0000  0.2591  0.3572  0.3241  0.0996  0.0000  0.5382  0.0000  0.0000  0.0000
 0.0005  0.0000  0.0229  0.0001  0.0001  0.0011  0.0001  0.0001  0.1146  0.0001  1.0000  0.0075  0.0001  0.0002  0.0002  0.0001  0.0001  0.0003  0.0149  0.0001  0.0000  0.0001  0.0000  0.0000  0.0000
 0.0049  0.0000  0.0017  0.0019  0.0026  0.0212  0.0031  0.0051  1.0000  0.0192  0.2036  0.0312  0.0029  0.0100  0.0260  0.0537  0.0340  0.0298  0.3897  0.0018  0.0000  0.0329  0.0000  0.0000  0.0000
 0.0000  0.0000  0.0000  0.0000  0.0000  0.0000  0.0000  0.0000  0.0000  0.0000  0.0000  0.0000  0.0000  1.0000  0.0000  0.0000  0.0000  0.0000  0.0000  0.0000  0.0000  0.0000  0.0000  0.0000  0.0000
 0.3353  0.0000  0.0095  0.2873  1.0000  0.0088  0.0675  0.0259  0.0332  0.3533  0.0648  0.0345  0.0879  0.5272  0.2046  0.1355  0.2308  0.1579  0.0506  0.0030  0.0000  0.0067  0.0000  0.0000  0.0000
 0.0050  0.0000  0.0015  0.0064  0.0130  0.0054  0.0092  1.0000  0.0031  0.0059  0.0053  0.0018  0.0295  0.0102  0.0148  0.0155  0.0129  0.0042  0.0040  0.1427  0.0000  0.0625  0.0000  0.0000  0.0000
 1.0000  0.0000  0.1225  0.1420  0.2001  0.4943  0.2427  0.3793  0.3672  0.2142  0.6628  0.2530  0.2125  0.1413  0.2031  0.2405  0.3235  0.2706  0.4573  0.1280  0.0000  0.8548  0.0000  0.0000  0.0000
 0.0731  0.0000  0.0011  0.0015  0.0032  0.0155  0.0026  0.0259  0.0026  0.1256  0.0046  0.0117  0.0125  0.0020  0.1649  1.0000  0.0883  0.0168  0.0034  0.0012  0.0000  0.0257  0.0000  0.0000  0.0000
 0.3267  0.0000  0.0084  0.1264  0.2435  0.0078  0.1168  0.0306  0.1002  1.0000  0.1027  0.0414  0.2805  0.0964  0.1994  0.3467  0.5347  0.1188  0.0446  0.0027  0.0000  0.0059  0.0000  0.0000  0.0000
 0.3822  0.0000  0.0332  0.1617  0.2250  0.0117  0.1100  0.0744  0.0421  0.3461  0.0679  0.0490  0.1956  0.2822  1.0000  0.1174  0.3224  0.1890  0.0702  0.0040  0.0000  0.0093  0.0000  0.0000  0.0000
 0.9618  0.0000  0.1899  0.6292  1.0000  0.3953  0.5136  0.3801  0.3642  0.9286  0.6389  0.2059  0.5724  0.3378  0.6516  0.6148  0.9063  0.6872  0.4870  0.1053  0.0000  0.5244  0.0000  0.0000  0.0000
 0.7828  0.0000  0.0166  0.2668  0.6284  0.0212  1.0000  0.1048  0.0531  0.2448  0.1706  0.0302  0.1338  0.0761  0.1578  0.1397  0.5605  0.2136  0.2433  0.0067  0.0000  0.0216  0.0000  0.0000  0.0000
 0.6356  0.0000  0.1802  0.2387  0.3269  0.7396  0.3485  0.5580  0.4346  0.3549  0.7211  0.2265  0.3530  0.2375  0.3247  0.3747  0.4714  0.4947  0.5573  0.1850  0.0000  1.0000  0.0000  0.0000  0.0000
 0.7673  0.0000  0.0525  0.6327  1.0000  0.0490  0.4186  0.1252  0.1953  0.9328  0.3542  0.1040  0.5506  0.2920  0.5872  0.5655  0.8147  0.6596  0.2803  0.0169  0.0000  0.0372  0.0000  0.0000  0.0000
 0.8654  0.0000  0.1042  0.6856  0.9741  0.3633  0.5714  0.3030  0.2918  0.9290  0.4903  0.1934  0.5533  0.3076  0.6275  0.5739  1.0000  0.8994  0.4132  0.0748  0.0000  0.3572  0.0000  0.0000  0.0000
 0.5520  0.0000  0.1765  0.2667  0.3435  0.7075  0.3542  0.5481  0.4193  0.3700  0.8471  0.2228  0.3544  0.2760  0.3483  0.3758  0.4575  0.4218  0.5514  0.1818  0.0000  1.0000  0.0000  0.0000  0.0000
 0.7363  0.0000  0.0469  0.9273  1.0000  0.0438  0.3961  0.1387  0.1835  0.8377  0.3026  0.0929  0.5618  0.3617  0.5297  0.4997  0.8280  0.7400  0.3349  0.0151  0.0000  0.0333  0.0000  0.0000  0.0000
 0.1497  0.0000  0.0059  0.3673  0.3122  0.0055  0.1608  0.0135  0.0309  0.1022  0.0331  0.0116  0.0864  1.0000  0.1121  0.0575  0.2440  0.1021  0.0313  0.0019  0.0000  0.0043  0.0000  0.0000  0.0000
 0.4338  0.0000  0.0272  0.3659  0.2923  0.1668  0.2205  0.0713  0.0788  0.2729  0.1457  0.0592  0.5414  0.0892  0.1807  0.2687  1.0000  0.5491  0.2240  0.0178  0.0000  0.0812  0.0000  0.0000  0.0000
 0.7962  0.0000  0.0452  0.5665  0.8618  0.2348  0.3465  0.1041  0.1562  0.7606  0.2904  0.0883  0.5660  0.2255  0.6110  0.4619  1.0000  0.5583  0.2703  0.0157  0.0000  0.0404  0.0000  0.0000  0.0000
 1.0000  0.0000  0.0472  0.5907  0.9061  0.0440  0.4261  0.1073  0.1654  0.9298  0.3479  0.0936  0.5189  0.2793  0.8313  0.4966  0.7969  0.6530  0.2522  0.0152  0.0000  0.0334  0.0000  0.0000  0.0000
 1.0000  0.0000  0.0141  0.0970  0.1349  0.0127  0.0633  0.0497  0.0342  0.1446  0.0498  0.0190  0.1702  0.3325  0.2286  0.1361  0.4086  0.4214  0.0521  0.0054  0.0000  0.0141  0.0000  0.0000  0.0000
 0.8140  0.0000  0.1799  0.3061  0.4689  0.6870  0.4148  0.5436  0.4568  0.4409  0.9663  0.2310  0.3816  0.2445  0.3847  0.4744  0.6077  0.5103  0.5968  0.1812  0.0000  1.0000  0.0000  0.0000  0.0000
 0.6032  0.0000  0.0085  0.0986  0.2402  0.0079  0.1703  0.0192  0.1276  0.2409  0.0475  0.0167  0.2335  0.0433  0.2240  0.0826  0.3048  1.0000  0.0450  0.0027  0.0000  0.0061  0.0000  0.0000  0.0000
 0.5444  0.0000  0.0652  0.4346  1.0000  0.0347  0.2639  0.0844  0.1298  0.7800  0.2094  0.0734  0.4048  0.3820  0.4177  0.3802  0.7586  0.4224  0.1979  0.0120  0.0000  0.0264  0.0000  0.0000  0.0000
 0.4239  0.0000  0.0259  0.7828  0.6308  0.0242  0.3361  0.0588  0.2162  0.4406  0.1432  0.0504  0.2779  0.1318  0.2968  0.2482  1.0000  0.5760  0.1358  0.0084  0.0000  0.0191  0.0000  0.0000  0.0000
 0.3982  0.0000  0.0081  0.0676  0.5047  0.0056  0.0346  0.0096  0.0134  0.0487  0.0186  0.0080  0.0354  1.0000  0.2987  0.0240  0.4368  0.3859  0.0241  0.0028  0.0000  0.0060  0.0000  0.0000  0.0000
 0.7122  0.0000  0.1376  0.4230  0.6768  0.4714  0.3872  0.4019  0.4811  0.6190  0.6012  0.5543  0.6518  0.2581  0.6400  0.6162  0.6712  1.0000  0.4769  0.1258  0.0000  0.7080  0.0000  0.0000  0.0000
 0.4274  0.0000  0.0236  0.3212  0.4377  0.0227  0.3527  0.0535  0.0819  0.5719  0.1767  0.0947  0.2157  0.2620  0.2565  0.2437  1.0000  0.3336  0.1248  0.0077  0.0000  0.0179  0.0000  0.0000  0.0000
 1.0000  0.0000  0.0406  0.3307  0.5121  0.0474  0.5647  0.0787  0.1129  0.4806  0.2757  0.1183  0.5361  0.1642  0.4912  0.2776  0.9152  0.6679  0.1732  0.0159  0.0000  0.0498  0.0000  0.0000  0.0000
 0.0515  0.0000  0.0035  1.0000  0.3050  0.0036  0.0261  0.1336  0.0686  0.2273  0.0201  0.0071  0.0850  0.0576  0.1071  0.0348  0.0932  0.0383  0.0191  0.0013  0.0000  0.0030  0.0000  0.0000  0.0000
 0.7564  0.0000  0.1923  0.4153  0.6089  0.7109  0.4530  0.5747  0.4510  0.6021  0.7415  0.2536  0.4698  0.2967  0.4883  0.5255  0.6449  0.5823  0.5937  0.1941  0.0000  1.0000  0.0000  0.0000  0.0000
 0.7990  0.0000  0.0564  0.6241  1.0000  0.0594  0.4408  0.1285  0.2038  0.9464  0.3086  0.1083  0.5290  0.2773  0.6820  0.5290  0.7827  0.5790  0.3000  0.0198  0.0000  0.0518  0.0000  0.0000  0.0000
 0.3706  0.0000  0.0273  0.2626  0.5661  0.0227  0.1494  0.0500  0.0762  0.3387  0.1147  0.0427  0.2692  0.2411  1.0000  0.1896  0.8075  0.5678  0.1178  0.0093  0.0000  0.0205  0.0000  0.0000  0.0000
 0.2569  0.0000  0.0151  0.1007  0.3727  0.0106  0.0634  0.0203  0.0335  0.3904  0.0470  0.0187  0.0881  0.1247  0.0864  0.0747  0.5710  1.0000  0.0534  0.0050  0.0000  0.0102  0.0000  0.0000  0.0000
 0.2822  0.0000  0.0192  1.0000  0.1921  0.0165  0.3336  0.0690  0.0255  0.1725  0.0445  0.0159  0.7202  0.2029  0.2676  0.0928  0.4655  0.1198  0.0408  0.0075  0.0000  0.0329  0.0000  0.0000  0.0000
 1.0000  0.0000  0.0359  0.0446  0.0424  0.0153  0.2376  0.0108  0.0178  0.0450  0.1105  0.0171  0.1496  0.1618  0.0307  0.0308  0.2784  0.0770  0.0604  0.0056  0.0000  0.0138  0.0000  0.0000  0.0000
 0.1848  0.0000  0.0098  0.2519  0.0467  0.0071  0.1996  0.0303  0.0065  0.0446  0.0104  0.0044  0.3145  0.0302  0.0306  0.0234  0.1126  1.0000  0.0118  0.0037  0.0000  0.0162  0.0000  0.0000  0.0000
 0.8741  0.0000  0.0129  0.0191  0.0172  0.0058  0.0489  0.0053  0.0124  0.1560  0.0157  0.0077  0.0275  1.0000  0.0157  0.0154  0.2245  0.5169  0.0267  0.0029  0.0000  0.0057  0.0000  0.0000  0.0000
 0.6195  0.0000  0.0299  0.1468  0.5044  0.0548  0.0995  0.0362  0.0535  0.1467  0.0675  0.0288  0.2687  0.0896  0.1049  0.0854  0.4396  1.0000  0.0859  0.0111  0.0000  0.0301  0.0000  0.0000  0.0000
 0.9205  0.0000  0.0933  0.5494  0.8367  0.1542  0.3695  0.1845  0.2881  0.7967  0.5808  0.1349  0.5401  0.3098  0.5436  0.4798  0.9777  1.0000  0.4088  0.0472  0.0000  0.1873  0.0000  0.0000  0.0000
 0.1355  0.0000  0.0278  0.0501  0.0345  0.0171  0.0353  0.0156  0.1231  0.0508  0.1548  0.0244  0.0907  0.1099  0.0395  0.0323  1.0000  0.8090  0.0977  0.0086  0.0000  0.0159  0.0000  0.0000  0.0000
 0.5958  0.0000  0.0454  0.3231  0.2570  0.0296  0.3055  0.0720  0.0676  0.4653  0.0955  0.0394  1.0000  0.1445  0.1721  0.1552  0.6440  0.8339  0.1139  0.0144  0.0000  0.0406  0.0000  0.0000  0.0000
 0.1586  0.0000  0.0101  0.0092  0.0099  0.0042  0.0480  0.0024  0.0819  0.0113  0.0123  0.0054  0.0104  0.0770  0.0080  0.0078  1.0000  0.0446  0.0235  0.0016  0.0000  0.0033  0.0000  0.0000  0.0000
 0.0122  0.0000  0.0022  0.0239  0.0079  0.0014  0.0191  0.0052  0.0017  0.0083  0.0024  0.0011  0.2391  0.0064  0.0056  0.0046  1.0000  0.0207  0.0031  0.0008  0.0000  0.0029  0.0000  0.0000  0.0000
//
