WARNING! H84 not allowed! score: 0.05 median: 3.14 # of sequence: 399
WARNING! S261 not allowed! score: 0.03 median: 3.14 # of sequence: 399
ID   UNK_ID; MATRIX
AC   UNK_AC
DE   UNK_DE
MA   UNK_BL
  A   B   C   D   E   F   G   H   I   K   L   M   N   P   Q   R   S   T   V   W   X   Y   Z   *   -
 0.0003  0.0000  0.0001  0.0000  0.0001  0.0008  0.0001  0.0001  0.0015  0.0001  0.1276  1.0000  0.0001  0.0001  0.0002  0.0001  0.0001  0.0002  0.0089  0.0001  0.0000  0.0001  0.0000  0.0000  0.0000
 0.0495  0.0000  0.0005  0.4580  1.0000  0.0004  0.0064  0.0088  0.0017  0.0198  0.0344  0.0009  0.0365  0.0024  0.1894  0.0193  0.0692  0.0177  0.0025  0.0002  0.0000  0.0050  0.0000  0.0000  0.0000
 0.1143  0.0000  0.0389  0.7474  0.2016  0.0063  0.0695  0.0268  0.0235  1.0000  0.0379  0.0356  0.9820  0.0345  0.6100  0.4465  0.4822  0.0721  0.0592  0.0022  0.0000  0.0048  0.0000  0.0000  0.0000
 0.0002  0.0000  0.0001  0.0000  0.0001  0.4203  0.0000  0.0000  0.0005  0.0000  0.0011  0.0002  0.0000  0.0001  0.0000  0.0000  0.0001  0.0001  0.0004  0.0010  0.0000  1.0000  0.0000  0.0000  0.0000
 0.0485  0.0000  0.0020  0.1278  0.7393  0.0019  0.0143  0.1220  0.0613  0.1338  0.1286  0.0107  0.0297  0.0103  1.0000  0.0197  0.0778  0.1436  0.0416  0.0007  0.0000  0.0015  0.0000  0.0000  0.0000
 0.0006  0.0000  0.0001  0.0001  0.0050  0.0001  0.0285  0.0006  0.0003  1.0000  0.0006  0.0002  0.0043  0.0005  0.1395  0.1625  0.0005  0.0007  0.0004  0.0001  0.0000  0.0003  0.0000  0.0000  0.0000
 0.0046  0.0000  0.0010  0.0003  0.0148  0.0029  0.0003  0.0003  0.6030  0.0009  1.0000  0.1129  0.0005  0.0011  0.0506  0.0007  0.0009  0.0337  0.4574  0.0004  0.0000  0.0006  0.0000  0.0000  0.0000
 0.0055  0.0000  0.0000  0.0086  1.0000  0.0000  0.0035  0.0001  0.0001  0.0005  0.0039  0.0001  0.0002  0.0003  0.0007  0.0001  0.0003  0.0002  0.0001  0.0000  0.0000  0.0001  0.0000  0.0000  0.0000
 0.0003  0.0000  0.0000  0.0001  0.0004  0.0001  0.0002  0.0002  0.0001  1.0000  0.0003  0.0001  0.0030  0.0002  0.0006  0.0117  0.0002  0.0003  0.0002  0.0000  0.0000  0.0001  0.0000  0.0000  0.0000
 0.0147  0.0000  0.0001  0.0001  0.0001  0.0004  0.0001  0.0000  1.0000  0.0001  0.2121  0.0004  0.0001  0.0001  0.0001  0.0001  0.0001  0.0004  0.2133  0.0001  0.0000  0.0002  0.0000  0.0000  0.0000
 0.0000  0.0000  0.0000  0.0000  0.0000  0.0000  1.0000  0.0000  0.0000  0.0000  0.0000  0.0000  0.0000  0.0000  0.0000  0.0000  0.0000  0.0000  0.0000  0.0000  0.0000  0.0000  0.0000  0.0000  0.0000
 0.0059  0.0000  0.0001  0.0010  1.0000  0.0001  0.0005  0.0001  0.0001  0.0004  0.0002  0.0001  0.0002  0.0004  0.0005  0.0002  0.0004  0.0002  0.0002  0.0001  0.0000  0.0001  0.0000  0.0000  0.0000
 0.0000  0.0000  0.0000  0.0000  0.0000  0.0000  1.0000  0.0000  0.0000  0.0000  0.0000  0.0000  0.0000  0.0000  0.0000  0.0000  0.0000  0.0000  0.0000  0.0000  0.0000  0.0000  0.0000  0.0000  0.0000
 0.0044  0.0000  0.0001  0.0001  0.0001  0.0002  0.0003  0.0001  0.0005  0.0002  0.0064  0.0025  0.0002  0.0003  0.0001  0.0001  0.0010  1.0000  0.0008  0.0000  0.0000  0.0001  0.0000  0.0000  0.0000
 0.0002  0.0000  0.0002  0.0002  0.0001  0.0019  0.0004  0.0001  0.0002  0.0001  0.0005  0.0001  0.0001  0.0002  0.0001  0.0001  0.0001  0.0056  0.0003  0.0005  0.0000  1.0000  0.0000  0.0000  0.0000
 0.1236  0.0000  0.0002  0.0002  0.0002  0.0001  1.0000  0.0001  0.0001  0.0002  0.0002  0.0001  0.0002  0.0006  0.0002  0.0002  0.0012  0.0004  0.0004  0.0000  0.0000  0.0001  0.0000  0.0000  0.0000
 0.0050  0.0000  0.0011  0.0003  0.0008  0.0011  0.0002  0.0002  0.0621  0.1120  0.0399  0.0015  0.0004  0.0010  0.0006  0.0005  0.0008  0.2995  1.0000  0.0002  0.0000  0.0004  0.0000  0.0000  0.0000
 0.0000  0.0000  0.0000  0.0000  0.0000  0.0000  0.0000  0.0000  0.0000  0.0000  0.0000  0.0000  0.0000  0.0000  0.0000  0.0000  0.0000  0.0000  1.0000  0.0000  0.0000  0.0000  0.0000  0.0000  0.0000
 0.0002  0.0000  0.0001  0.0000  0.0000  0.2567  0.0000  0.0000  0.0004  0.0000  0.0009  0.0002  0.0000  0.0001  0.0000  0.0000  0.0001  0.0001  0.0003  0.0008  0.0000  1.0000  0.0000  0.0000  0.0000
 0.0003  0.0000  0.0000  0.0001  0.0004  0.0001  0.0004  0.0002  0.0001  1.0000  0.0003  0.0001  0.0003  0.0003  0.0006  0.0116  0.0002  0.0003  0.0002  0.0001  0.0000  0.0001  0.0000  0.0000  0.0000
 1.0000  0.0000  0.0271  0.0004  0.0005  0.0002  0.4917  0.0001  0.0003  0.0006  0.0006  0.0003  0.0004  0.0015  0.0004  0.0004  0.0159  0.0010  0.0010  0.0001  0.0000  0.0002  0.0000  0.0000  0.0000
 0.0041  0.0000  0.0177  0.0007  0.0260  0.0008  0.0023  0.0029  0.0469  0.5756  0.1015  0.0192  0.0032  0.0027  0.1290  1.0000  0.0028  0.0101  0.0207  0.0005  0.0000  0.0015  0.0000  0.0000  0.0000
 0.0020  0.0000  0.0128  0.9833  0.1300  0.0004  0.0070  0.2232  0.0002  0.0028  0.0004  0.0002  1.0000  0.0016  0.0019  0.0014  0.0257  0.0021  0.0078  0.0002  0.0000  0.0011  0.0000  0.0000  0.0000
 0.0442  0.0000  0.0287  0.0403  0.0429  0.0048  0.0176  0.0078  0.0455  0.8467  0.2954  0.0307  0.1443  0.0137  0.0275  1.0000  0.0669  0.1955  0.0152  0.0016  0.0000  0.0056  0.0000  0.0000  0.0000
 0.7672  0.0000  0.0489  0.6036  1.0000  0.0490  0.3541  0.2307  0.2023  0.9021  0.3381  0.1050  0.4837  0.2468  0.6710  0.5324  0.7240  0.5765  0.3853  0.0165  0.0000  0.0657  0.0000  0.0000  0.0000
 0.0019  0.0000  0.0004  0.0441  0.0021  0.0003  0.0086  0.0180  0.0003  0.0021  0.0005  0.0002  0.1150  0.0715  0.0073  0.0011  0.1420  1.0000  0.0005  0.0002  0.0000  0.0008  0.0000  0.0000  0.0000
 0.0042  0.0000  0.0010  0.0469  0.0043  0.0029  1.0000  0.0766  0.0021  0.0455  0.0245  0.0369  0.3749  0.0024  0.0333  0.0146  0.0050  0.0095  0.0027  0.0098  0.0000  0.0045  0.0000  0.0000  0.0000
 0.0815  0.0000  0.0006  0.0471  1.0000  0.0005  0.0134  0.0128  0.0020  0.1167  0.0079  0.0011  0.0348  0.0029  0.5145  0.3524  0.0289  0.0339  0.0030  0.0002  0.0000  0.0004  0.0000  0.0000  0.0000
 0.0127  0.0000  0.0018  0.0098  0.0023  0.1090  0.0023  0.0035  1.0000  0.0024  0.3478  0.1800  0.0023  0.0195  0.0022  0.0026  0.0216  0.3484  0.4156  0.0013  0.0000  0.0162  0.0000  0.0000  0.0000
 0.0166  0.0000  0.0176  0.0001  0.0002  0.0394  0.0001  0.0000  0.1802  0.0002  0.0085  0.0004  0.0001  0.0002  0.0001  0.0001  0.0140  0.0009  1.0000  0.0000  0.0000  0.0001  0.0000  0.0000  0.0000
 1.0000  0.0000  0.0002  0.0002  0.0002  0.0001  0.0011  0.0000  0.0001  0.0002  0.0002  0.0001  0.0001  0.0005  0.0001  0.0002  0.0009  0.0035  0.0003  0.0000  0.0000  0.0001  0.0000  0.0000  0.0000
 0.0003  0.0000  0.0001  0.0000  0.0001  0.0008  0.0001  0.0001  0.0014  0.0001  1.0000  0.1939  0.0001  0.0001  0.0001  0.0001  0.0001  0.0002  0.0122  0.0001  0.0000  0.0001  0.0000  0.0000  0.0000
 0.0000  0.0000  0.0000  0.0000  0.0000  0.0000  0.0000  0.0000  0.0000  1.0000  0.0000  0.0000  0.0000  0.0000  0.0000  0.0000  0.0000  0.0000  0.0000  0.0000  0.0000  0.0000  0.0000  0.0000  0.0000
 0.0007  0.0000  0.0001  0.0002  0.1509  0.0001  0.0144  0.0006  0.0003  1.0000  0.0007  0.0002  0.0006  0.0005  0.0016  0.2093  0.0005  0.0055  0.0004  0.0001  0.0000  0.0003  0.0000  0.0000  0.0000
 0.0003  0.0000  0.0001  0.0001  0.0001  0.0073  0.0001  0.0000  1.0000  0.0001  0.0015  0.0003  0.0001  0.0001  0.0000  0.0001  0.0001  0.0574  0.1416  0.0000  0.0000  0.0001  0.0000  0.0000  0.0000
 0.0005  0.0000  0.0001  0.0004  0.0007  0.0001  0.0005  0.0993  0.0002  0.0067  0.0005  0.0001  0.0166  0.0067  0.0011  1.0000  0.0098  0.0005  0.0003  0.0001  0.0000  0.0002  0.0000  0.0000  0.0000
 0.0002  0.0000  0.0001  0.0000  0.0001  0.0006  0.0000  0.0000  0.0011  0.0001  1.0000  0.0287  0.0001  0.0001  0.0001  0.0001  0.0001  0.0001  0.0131  0.0001  0.0000  0.0001  0.0000  0.0000  0.0000
 0.0013  0.0000  0.0000  0.5224  1.0000  0.0001  0.0005  0.0003  0.0002  0.0014  0.0003  0.0001  0.0006  0.0008  0.0087  0.0004  0.0007  0.0006  0.0003  0.0001  0.0000  0.0002  0.0000  0.0000  0.0000
 0.5584  0.0000  0.0044  0.2647  0.2249  0.0041  0.0645  0.0902  0.0155  0.1445  0.0615  0.1581  0.2375  0.0574  0.5645  0.0434  1.0000  0.3382  0.0377  0.0014  0.0000  0.0031  0.0000  0.0000  0.0000
 0.0008  0.0000  0.0000  0.2707  1.0000  0.0001  0.0004  0.0002  0.0001  0.0009  0.0002  0.0001  0.0004  0.0005  0.0011  0.0002  0.0004  0.0004  0.0002  0.0000  0.0000  0.0001  0.0000  0.0000  0.0000
 0.0091  0.0000  0.0133  1.0000  0.2958  0.0002  0.0128  0.0099  0.0005  0.0180  0.0009  0.0051  0.0025  0.0011  0.0020  0.0015  0.0614  0.0769  0.0008  0.0001  0.0000  0.0003  0.0000  0.0000  0.0000
 0.0005  0.0000  0.0000  0.0259  1.0000  0.0001  0.0003  0.0001  0.0001  0.0005  0.0001  0.0000  0.0002  0.0003  0.0006  0.0001  0.0002  0.0002  0.0001  0.0000  0.0000  0.0001  0.0000  0.0000  0.0000
 0.0006  0.0000  0.0002  0.0005  0.0034  0.0002  1.0000  0.0002  0.0002  0.0004  0.0004  0.0001  0.0003  0.0007  0.0002  0.0004  0.0004  0.0003  0.0002  0.0002  0.0000  0.0002  0.0000  0.0000  0.0000
 0.0010  0.0000  0.0002  0.0001  0.0002  0.0004  0.0001  0.0000  0.2747  0.0002  0.0022  0.0004  0.0001  0.0002  0.0001  0.0001  0.0002  0.1562  1.0000  0.0001  0.0000  0.0002  0.0000  0.0000  0.0000
 0.0000  0.0000  0.0000  0.0000  0.0000  0.0000  0.0000  0.0000  0.0000  0.0000  0.0000  0.0000  0.0000  1.0000  0.0000  0.0000  0.0000  0.0000  0.0000  0.0000  0.0000  0.0000  0.0000  0.0000  0.0000
 0.0229  0.0000  0.0074  0.0003  0.0003  0.0001  0.0021  0.0001  0.0002  0.0004  0.0004  0.0002  0.0003  0.0571  0.0003  0.0003  1.0000  0.0007  0.0006  0.0001  0.0000  0.0001  0.0000  0.0000  0.0000
 0.0006  0.0000  0.0001  0.0003  0.0002  0.0001  0.0002  0.0001  0.0002  0.0002  0.0002  0.0001  0.0005  0.0003  0.0002  0.0002  0.1101  1.0000  0.0003  0.0000  0.0000  0.0001  0.0000  0.0000  0.0000
 1.0000  0.0000  0.0002  0.0002  0.0002  0.0001  0.0011  0.0000  0.0001  0.0002  0.0002  0.0001  0.0002  0.0005  0.0001  0.0001  0.0290  0.0216  0.0003  0.0000  0.0000  0.0001  0.0000  0.0000  0.0000
 0.0003  0.0000  0.0001  0.0001  0.0001  0.0116  0.0001  0.0000  1.0000  0.0001  0.2311  0.0088  0.0001  0.0001  0.0001  0.0001  0.0001  0.0002  0.0586  0.0001  0.0000  0.0001  0.0000  0.0000  0.0000
 0.0000  0.0000  0.0000  0.0000  0.0000  0.0000  0.0000  0.0000  0.0000  0.0000  0.0000  0.0000  0.0000  0.0000  0.0000  1.0000  0.0000  0.0000  0.0000  0.0000  0.0000  0.0000  0.0000  0.0000  0.0000
 0.0004  0.0000  0.0002  0.0007  1.0000  0.0002  0.0042  0.0002  0.0002  0.0004  0.0003  0.0001  0.0003  0.0007  0.0003  0.0004  0.0003  0.0003  0.0002  0.0002  0.0000  0.0002  0.0000  0.0000  0.0000
 0.0002  0.0000  0.0001  0.0000  0.0000  0.0002  0.0001  0.0000  1.0000  0.0001  0.0010  0.0002  0.0000  0.0000  0.0000  0.0001  0.0001  0.0002  0.0439  0.0000  0.0000  0.0001  0.0000  0.0000  0.0000
 0.0338  0.0000  0.1123  0.0006  0.0006  0.0002  0.0028  0.0001  0.0004  0.0007  0.0006  0.0003  0.0007  0.0014  0.0005  0.0005  1.0000  0.0095  0.0010  0.0001  0.0000  0.0002  0.0000  0.0000  0.0000
 0.0003  0.0000  0.0001  0.0000  0.0001  0.0115  0.0001  0.0001  0.0693  0.0001  1.0000  0.0009  0.0001  0.0001  0.0001  0.0001  0.0001  0.0002  0.0187  0.0001  0.0000  0.0001  0.0000  0.0000  0.0000
 0.0002  0.0000  0.0001  0.0000  0.0001  0.0007  0.0001  0.0001  0.0012  0.0001  1.0000  0.1233  0.0001  0.0001  0.0001  0.0001  0.0001  0.0001  0.0007  0.0001  0.0000  0.0001  0.0000  0.0000  0.0000
 0.0003  0.0000  0.0000  0.0001  0.0005  0.0001  0.0002  0.0003  0.0001  1.0000  0.0003  0.0001  0.0068  0.0003  0.0611  0.0429  0.0003  0.0004  0.0002  0.0001  0.0000  0.0002  0.0000  0.0000  0.0000
 0.0025  0.0000  0.0002  0.0012  1.0000  0.0002  0.0037  0.0001  0.0002  0.0006  0.0111  0.0402  0.0003  0.0008  0.0007  0.0003  0.0110  0.0006  0.0005  0.0001  0.0000  0.0001  0.0000  0.0000  0.0000
 0.0004  0.0000  0.0001  0.0000  0.0001  0.0010  0.0001  0.0001  0.0115  0.0001  1.0000  0.2909  0.0001  0.0002  0.0002  0.0001  0.0001  0.0002  0.0415  0.0001  0.0000  0.0001  0.0000  0.0000  0.0000
 0.0539  0.0000  0.0024  0.1813  0.0786  0.0023  0.0174  0.3104  0.0086  1.0000  0.0138  0.0048  0.4156  0.0293  0.6236  0.2747  0.2563  0.0638  0.0196  0.0008  0.0000  0.0251  0.0000  0.0000  0.0000
 0.0011  0.0000  0.0065  0.1683  0.0016  0.0002  0.0039  1.0000  0.0001  0.0015  0.0002  0.0001  0.0302  0.0009  0.0321  0.0008  0.0029  0.0011  0.0002  0.0001  0.0000  0.0045  0.0000  0.0000  0.0000
 0.0646  0.0000  0.0080  0.2224  0.3843  0.0017  0.1105  0.0045  0.0062  0.2311  0.0101  0.0035  0.0330  1.0000  0.0200  0.1634  0.2028  0.0195  0.0095  0.0006  0.0000  0.0015  0.0000  0.0000  0.0000
 0.0006  0.0000  0.0001  0.0027  0.0008  0.0102  0.0019  0.0130  0.0001  0.0008  0.0001  0.0001  1.0000  0.0005  0.0005  0.0004  0.0262  0.0030  0.0001  0.0001  0.0000  0.0455  0.0000  0.0000  0.0000
 0.0003  0.0000  0.0092  0.0000  0.0001  0.0003  0.0001  0.0000  1.0000  0.0001  0.0014  0.0003  0.0001  0.0001  0.0000  0.0001  0.0001  0.0003  0.2445  0.0000  0.0000  0.0001  0.0000  0.0000  0.0000
 0.0002  0.0000  0.0001  0.0000  0.0001  0.0002  0.0001  0.0000  0.0167  0.0001  0.0299  0.0003  0.0000  0.0001  0.0000  0.0001  0.0001  0.0002  1.0000  0.0000  0.0000  0.0001  0.0000  0.0000  0.0000
 0.0881  0.0000  0.1005  0.0380  0.0605  0.0046  0.0527  0.0181  0.0101  0.2398  0.0317  0.0150  0.0782  0.0467  0.0817  1.0000  0.3248  0.0704  0.0150  0.0143  0.0000  0.0166  0.0000  0.0000  0.0000
 0.0000  0.0000  0.0000  0.0000  0.0000  0.0000  0.0000  0.0000  0.0000  0.0000  1.0000  0.0000  0.0000  0.0000  0.0000  0.0000  0.0000  0.0000  0.0000  0.0000  0.0000  0.0000  0.0000  0.0000  0.0000
 0.3672  0.0000  0.1436  0.1486  0.2854  0.5718  0.2387  0.5188  0.3226  0.2382  0.7707  0.1807  0.2310  0.1479  0.3853  0.3092  0.2965  0.2833  0.3638  0.1340  0.0000  1.0000  0.0000  0.0000  0.0000
 0.0142  0.0000  0.0239  1.0000  0.0815  0.0001  0.0023  0.0062  0.0001  0.0010  0.0002  0.0001  0.1130  0.0006  0.0251  0.0005  0.0166  0.0007  0.0001  0.0001  0.0000  0.0004  0.0000  0.0000  0.0000
 0.0085  0.0000  0.0108  0.0001  0.0001  0.0002  0.0001  0.0000  0.2419  0.0002  0.0104  0.0003  0.0001  0.0002  0.0001  0.0001  0.0001  0.0006  1.0000  0.0000  0.0000  0.0001  0.0000  0.0000  0.0000
 0.0083  0.0000  0.0148  0.0005  0.1377  0.0047  0.0003  0.0167  0.8905  0.0015  0.8403  0.0304  0.0008  0.0021  0.0015  0.0011  0.0014  0.0057  1.0000  0.0006  0.0000  0.0007  0.0000  0.0000  0.0000
 0.0062  0.0000  0.0021  0.0025  0.0035  0.0084  0.0041  1.0000  0.0048  0.0048  0.0363  0.2393  0.0205  0.0109  0.0383  0.0073  0.0111  0.0129  0.0061  0.0022  0.0000  0.0789  0.0000  0.0000  0.0000
 0.3449  0.0000  0.0921  0.1108  0.3553  0.0021  0.0439  0.0107  0.0467  0.0637  0.0231  0.0362  0.0807  0.0117  0.4214  0.0457  1.0000  0.7162  0.0548  0.0007  0.0000  0.0016  0.0000  0.0000  0.0000
 0.0211  0.0000  0.0000  0.6310  1.0000  0.0002  0.0157  0.0006  0.0003  0.0636  0.0006  0.0002  0.0152  0.0152  0.0316  0.0007  0.0014  0.0084  0.0006  0.0001  0.0000  0.0003  0.0000  0.0000  0.0000
 0.1369  0.0000  0.0046  0.0636  0.0997  0.0044  0.1156  0.2706  0.0161  1.0000  0.0260  0.0091  0.8302  0.0370  0.1665  0.2402  0.6392  0.0754  0.0245  0.0015  0.0000  0.0208  0.0000  0.0000  0.0000
 0.0024  0.0000  0.0850  0.0110  0.0032  0.0005  0.0128  0.0021  0.0008  1.0000  0.0018  0.0006  0.0590  0.0018  0.0248  0.6196  0.0089  0.0024  0.0193  0.0003  0.0000  0.0010  0.0000  0.0000  0.0000
 0.0003  0.0000  0.0046  0.0000  0.0001  0.0006  0.0000  0.0000  0.0640  0.0001  1.0000  0.0008  0.0001  0.0001  0.0001  0.0001  0.0001  0.0002  0.0067  0.0001  0.0000  0.0001  0.0000  0.0000  0.0000
 0.0085  0.0000  0.0030  0.0034  0.0046  0.0431  0.0122  0.0091  0.0436  0.0049  0.0111  0.1283  0.0222  0.0034  0.0049  0.0058  0.0068  0.2975  0.0215  0.0054  0.0000  1.0000  0.0000  0.0000  0.0000
 0.0002  0.0000  0.0001  0.0000  0.0001  0.0005  0.0000  0.0000  0.0095  0.0001  1.0000  0.0047  0.0000  0.0001  0.0001  0.0001  0.0001  0.0001  0.0006  0.0001  0.0000  0.0001  0.0000  0.0000  0.0000
 0.0003  0.0000  0.0001  0.0000  0.0001  0.0002  0.0001  0.0000  0.1954  0.0001  0.0013  0.0002  0.0001  0.0001  0.0000  0.0001  0.0051  0.0003  1.0000  0.0000  0.0000  0.0001  0.0000  0.0000  0.0000
 0.0002  0.0000  0.0022  0.0000  0.0000  1.0000  0.0000  0.0000  0.0005  0.0000  0.0044  0.0055  0.0000  0.0001  0.0000  0.0000  0.0001  0.0001  0.0004  0.0004  0.0000  0.0015  0.0000  0.0000  0.0000
 0.0005  0.0000  0.0000  0.0264  1.0000  0.0001  0.0003  0.0001  0.0001  0.0005  0.0001  0.0000  0.0002  0.0003  0.0006  0.0001  0.0002  0.0002  0.0001  0.0000  0.0000  0.0001  0.0000  0.0000  0.0000
 0.0011  0.0000  0.0003  0.0003  0.0004  1.0000  0.0005  0.1451  0.0036  0.0005  0.0224  0.0023  0.0004  0.0005  0.0005  0.0005  0.0005  0.0007  0.0022  0.0007  0.0000  0.7096  0.0000  0.0000  0.0000
 0.0008  0.0000  0.1389  0.0001  0.0002  0.0164  0.0001  0.0002  0.0199  0.0003  1.0000  0.2161  0.0002  0.0003  0.0004  0.0003  0.0002  0.0004  0.0491  0.0002  0.0000  0.0003  0.0000  0.0000  0.0000
 0.0014  0.0000  0.0003  1.0000  0.0502  0.0003  0.0041  0.0457  0.0002  0.0019  0.0003  0.0001  0.0582  0.0146  0.0071  0.0009  0.1835  0.0607  0.0003  0.0001  0.0000  0.0264  0.0000  0.0000  0.0000
 0.3433  0.0000  0.1370  0.1648  0.2104  0.4339  0.2597  0.3951  0.2495  0.4153  1.0000  0.5105  0.2191  0.1370  0.7463  0.2871  0.3210  0.3305  0.3528  0.1142  0.0000  0.6418  0.0000  0.0000  0.0000
 0.0000  0.0000  0.0000  1.0000  0.0000  0.0000  0.0000  0.0000  0.0000  0.0000  0.0000  0.0000  0.0000  0.0000  0.0000  0.0000  0.0000  0.0000  0.0000  0.0000  0.0000  0.0000  0.0000  0.0000  0.0000
 0.0002  0.0000  0.0001  0.0000  0.0001  0.0045  0.0001  0.0000  0.0009  0.0001  1.0000  0.0006  0.0000  0.0001  0.0001  0.0001  0.0001  0.0001  0.0005  0.0001  0.0000  0.0003  0.0000  0.0000  0.0000
 0.0003  0.0000  0.0000  0.0002  0.0004  0.0001  0.0004  0.0002  0.0001  1.0000  0.0003  0.0001  0.0002  0.0004  0.0005  0.0061  0.0002  0.0003  0.0002  0.0001  0.0000  0.0001  0.0000  0.0000  0.0000
 0.0004  0.0000  0.0000  0.0001  0.0085  0.0001  0.0003  0.0108  0.0002  1.0000  0.0004  0.0001  0.0053  0.0003  0.0009  0.1260  0.0003  0.0004  0.0002  0.0001  0.0000  0.0002  0.0000  0.0000  0.0000
 0.0023  0.0000  0.0106  0.0009  0.0012  0.2363  0.0015  0.2211  0.0080  0.0013  0.0788  0.0010  0.0014  0.0009  0.0298  0.0016  0.0018  0.0087  0.0305  0.0008  0.0000  1.0000  0.0000  0.0000  0.0000
 0.0008  0.0000  0.0002  0.0001  0.0002  0.1735  0.0002  0.0002  0.1325  0.0003  0.4148  1.0000  0.0002  0.0004  0.0004  0.0003  0.0003  0.0005  0.0202  0.0079  0.0000  0.0208  0.0000  0.0000  0.0000
 0.0008  0.0000  0.0000  1.0000  0.2723  0.0001  0.0005  0.0002  0.0057  0.0008  0.0002  0.0001  0.0081  0.0005  0.0010  0.0149  0.0005  0.0004  0.0002  0.0000  0.0000  0.0001  0.0000  0.0000  0.0000
 0.2833  0.0000  0.0080  0.0635  0.0620  0.0013  0.0596  0.0260  0.0247  0.1090  0.0272  0.0096  0.0573  0.0074  0.0303  0.0462  1.0000  0.2910  0.1359  0.0005  0.0000  0.0010  0.0000  0.0000  0.0000
 0.5173  0.0000  0.2365  0.2112  0.2797  0.7001  0.3305  0.5641  0.4087  0.3016  0.7178  0.2228  0.3213  0.2449  0.3039  0.3753  0.4503  0.4021  0.5192  0.1837  0.0000  1.0000  0.0000  0.0000  0.0000
 0.2135  0.0000  0.0070  0.0810  0.1654  0.0069  0.4649  0.0162  0.0244  0.2422  0.0697  0.0139  0.3789  1.0000  0.0840  0.1837  0.3303  0.1233  0.0372  0.0024  0.0000  0.0301  0.0000  0.0000  0.0000
 0.5582  0.0000  0.0440  0.8444  1.0000  0.0459  0.5820  0.1590  0.1725  0.7760  0.2803  0.0719  0.4019  0.2501  0.5200  0.3955  0.5276  0.4025  0.3993  0.0118  0.0000  0.0264  0.0000  0.0000  0.0000
 0.7096  0.0000  0.0485  0.5831  1.0000  0.1996  0.6026  0.1357  0.1818  0.9379  0.2876  0.1012  0.5076  0.2825  0.6921  0.6012  0.8174  0.6206  0.2866  0.0157  0.0000  0.0353  0.0000  0.0000  0.0000
 0.3324  0.0000  0.0263  0.2601  0.2282  0.1147  1.0000  0.1447  0.0765  0.3771  0.1784  0.0704  0.1308  0.2500  0.1680  0.1330  0.3199  0.1739  0.1260  0.0212  0.0000  0.2972  0.0000  0.0000  0.0000
 0.0083  0.0000  0.0013  0.0013  0.0185  0.0032  0.0036  0.0046  0.3391  0.2219  1.0000  0.3507  0.0583  0.0045  0.0232  0.0366  0.0047  0.0178  0.0374  0.0011  0.0000  0.0031  0.0000  0.0000  0.0000
 0.0554  0.0000  0.0150  1.0000  0.3225  0.0026  0.3185  0.0063  0.0097  0.0830  0.0474  0.0055  0.1537  0.3348  0.0629  0.0273  0.1074  0.0374  0.0148  0.0009  0.0000  0.0020  0.0000  0.0000  0.0000
 0.4649  0.0000  0.0228  0.3663  0.5738  0.0267  0.1665  0.1061  0.1158  0.4517  0.4105  0.1508  0.1975  1.0000  0.3052  0.3166  0.4740  0.3261  0.1545  0.0086  0.0000  0.0935  0.0000  0.0000  0.0000
 0.8908  0.0000  0.0517  0.6486  1.0000  0.0519  0.3554  0.1376  0.1812  0.9333  0.2795  0.1750  0.4903  0.3355  0.5876  0.5885  0.7498  0.5688  0.3022  0.0158  0.0000  0.0349  0.0000  0.0000  0.0000
 0.0183  0.0000  0.0040  0.0298  0.0032  0.0104  0.0011  0.0011  0.4075  0.0036  1.0000  0.2884  0.0020  0.0044  0.1959  0.0101  0.0034  0.4217  0.3646  0.0013  0.0000  0.0022  0.0000  0.0000  0.0000
 0.1025  0.0000  0.0503  0.0002  0.0007  0.0005  0.0000  0.0002  0.6394  0.0007  0.0687  0.0089  0.0003  0.0010  0.0157  0.0004  0.0007  0.0489  1.0000  0.0001  0.0000  0.0002  0.0000  0.0000  0.0000
 0.0004  0.0000  0.0000  0.0001  0.0005  0.0001  0.0003  0.0003  0.0002  1.0000  0.0004  0.0053  0.0004  0.0003  0.0438  0.0735  0.0003  0.0004  0.0053  0.0001  0.0000  0.0002  0.0000  0.0000  0.0000
 0.0149  0.0000  0.0009  0.0311  0.0159  0.0010  0.0293  0.0021  0.0187  0.2460  0.0173  0.0874  0.0167  0.0045  0.0094  0.0415  1.0000  0.0610  0.0124  0.0003  0.0000  0.0009  0.0000  0.0000  0.0000
 0.0003  0.0000  0.0001  0.0000  0.0001  1.0000  0.0000  0.0000  0.0006  0.0000  0.0165  0.0003  0.0000  0.0001  0.0000  0.0000  0.0002  0.0186  0.0006  0.0014  0.0000  0.6008  0.0000  0.0000  0.0000
 0.0176  0.0000  0.0152  0.0002  0.0005  0.0100  0.0001  0.0002  0.0433  0.0006  1.0000  0.6511  0.0003  0.0008  0.0005  0.0004  0.0190  0.0981  0.0439  0.0002  0.0000  0.0002  0.0000  0.0000  0.0000
 0.1003  0.0000  0.0188  0.0041  0.0055  0.2849  0.0066  0.1761  0.0187  0.0162  0.1272  0.0474  0.0491  0.0041  0.0318  0.0219  0.0656  0.0078  0.0155  0.0391  0.0000  1.0000  0.0000  0.0000  0.0000
 0.0000  0.0000  0.0000  0.0000  0.0000  0.0000  0.0000  0.0000  0.0000  0.0000  0.0000  0.0000  0.0000  0.0000  1.0000  0.0000  0.0000  0.0000  0.0000  0.0000  0.0000  0.0000  0.0000  0.0000  0.0000
 0.0006  0.0000  0.0002  0.0001  0.0002  0.0016  0.0001  0.0001  0.4836  0.0002  1.0000  0.1024  0.0001  0.0003  0.0003  0.0002  0.0002  0.0004  0.0126  0.0002  0.0000  0.0002  0.0000  0.0000  0.0000
 0.0023  0.0000  0.1551  0.0002  0.0005  0.0141  0.0003  0.0002  0.0840  0.0006  1.0000  0.0201  0.0287  0.0007  0.0007  0.0005  0.0005  0.0482  0.1166  0.0004  0.0000  0.0005  0.0000  0.0000  0.0000
 0.2192  0.0000  0.1204  0.1544  0.4668  0.0037  0.0280  0.0442  0.0137  0.8704  0.0746  0.0295  0.1655  0.0202  0.6817  1.0000  0.2492  0.0846  0.0562  0.0013  0.0000  0.0028  0.0000  0.0000  0.0000
 0.1123  0.0000  0.0003  0.0002  0.0002  0.0001  1.0000  0.0000  0.0001  0.0002  0.0002  0.0001  0.0002  0.0006  0.0002  0.0002  0.0013  0.0004  0.0067  0.0000  0.0000  0.0001  0.0000  0.0000  0.0000
 0.0077  0.0000  0.0002  0.0001  0.0002  0.0007  0.0002  0.0000  1.0000  0.0002  0.4030  0.0184  0.0001  0.0002  0.0001  0.0002  0.0002  0.0058  0.3597  0.0001  0.0000  0.0003  0.0000  0.0000  0.0000
 1.0000  0.0000  0.0695  0.0933  0.0770  0.1048  0.0922  0.0890  0.0725  0.1161  0.2987  0.0739  0.1127  0.0400  0.0962  0.1887  0.1471  0.0888  0.1423  0.0277  0.0000  0.2290  0.0000  0.0000  0.0000
 0.0026  0.0000  0.0008  0.0011  0.0012  1.0000  0.0017  0.1486  0.0018  0.0013  0.0032  0.0010  0.0015  0.0010  0.0013  0.0015  0.0070  0.0018  0.0165  0.0008  0.0000  0.8191  0.0000  0.0000  0.0000
 0.0019  0.0000  1.0000  0.0002  0.0002  0.0002  0.0011  0.0001  0.0042  0.0002  0.0003  0.0001  0.0002  0.0005  0.0001  0.0002  0.0200  0.0005  0.0004  0.0001  0.0000  0.0001  0.0000  0.0000  0.0000
 0.0000  0.0000  0.0000  0.0000  0.0000  0.0000  0.0000  1.0000  0.0000  0.0000  0.0000  0.0000  0.0000  0.0000  0.0000  0.0000  0.0000  0.0000  0.0000  0.0000  0.0000  0.0000  0.0000  0.0000  0.0000
 0.1525  0.0000  0.0741  0.1286  0.1614  0.0013  0.0764  0.0393  0.0050  0.0456  0.0081  0.0028  0.0197  0.0073  0.1956  0.0854  1.0000  0.0470  0.0254  0.0005  0.0000  0.0010  0.0000  0.0000  0.0000
 0.0083  0.0000  0.0003  0.0010  0.0039  0.0006  0.0023  1.0000  0.0012  0.0235  0.0027  0.0009  0.2777  0.0022  0.0426  0.5174  0.0025  0.0030  0.0015  0.0004  0.0000  0.0013  0.0000  0.0000  0.0000
 0.0012  0.0000  0.0002  0.0016  0.0016  0.0002  0.0695  0.0137  0.0004  0.0189  0.0010  0.0003  0.1083  0.0009  0.0119  1.0000  0.0087  0.0012  0.0005  0.0002  0.0000  0.0006  0.0000  0.0000  0.0000
 0.0003  0.0000  0.0001  0.0001  0.0001  0.0038  0.0001  0.0000  0.3298  0.0001  0.0016  0.0003  0.0001  0.0001  0.0000  0.0001  0.0001  0.0139  1.0000  0.0000  0.0000  0.0001  0.0000  0.0000  0.0000
 0.0003  0.0000  0.0001  0.0000  0.0001  0.0007  0.0001  0.0001  0.0881  0.0001  1.0000  0.0280  0.0001  0.0001  0.0001  0.0001  0.0001  0.0002  0.0168  0.0001  0.0000  0.0001  0.0000  0.0000  0.0000
 0.0000  0.0000  0.0000  0.0000  0.0000  0.0000  0.0000  1.0000  0.0000  0.0000  0.0000  0.0000  0.0000  0.0000  0.0000  0.0000  0.0000  0.0000  0.0000  0.0000  0.0000  0.0000  0.0000  0.0000  0.0000
 0.0000  0.0000  0.0000  0.0000  0.0000  0.0000  0.0000  0.0000  0.0000  0.0000  0.0000  0.0000  0.0000  0.0000  0.0000  1.0000  0.0000  0.0000  0.0000  0.0000  0.0000  0.0000  0.0000  0.0000  0.0000
 0.0000  0.0000  0.0000  1.0000  0.0000  0.0000  0.0000  0.0000  0.0000  0.0000  0.0000  0.0000  0.0000  0.0000  0.0000  0.0000  0.0000  0.0000  0.0000  0.0000  0.0000  0.0000  0.0000  0.0000  0.0000
 0.0002  0.0000  0.0001  0.0000  0.0001  0.0005  0.0000  0.0000  0.0010  0.0001  1.0000  0.0079  0.0000  0.0001  0.0001  0.0001  0.0001  0.0001  0.0005  0.0001  0.0000  0.0001  0.0000  0.0000  0.0000
 0.0000  0.0000  0.0000  0.0000  0.0000  0.0000  0.0000  0.0000  0.0000  1.0000  0.0000  0.0000  0.0000  0.0000  0.0000  0.0000  0.0000  0.0000  0.0000  0.0000  0.0000  0.0000  0.0000  0.0000  0.0000
 0.0000  0.0000  0.0000  0.0000  0.0000  0.0000  0.0000  0.0000  0.0000  0.0000  0.0000  0.0000  0.0000  1.0000  0.0000  0.0000  0.0000  0.0000  0.0000  0.0000  0.0000  0.0000  0.0000  0.0000  0.0000
 0.0005  0.0000  0.0001  0.0007  0.0006  0.0001  0.0011  0.0119  0.0002  0.0008  0.0004  0.0001  0.0005  0.0133  1.0000  0.0007  0.0005  0.0003  0.0002  0.0001  0.0000  0.0002  0.0000  0.0000  0.0000
 0.0000  0.0000  0.0000  0.0000  0.0000  0.0000  0.0000  0.0000  0.0000  0.0000  0.0000  0.0000  1.0000  0.0000  0.0000  0.0000  0.0000  0.0000  0.0000  0.0000  0.0000  0.0000  0.0000  0.0000  0.0000
 0.0002  0.0000  0.0001  0.0000  0.0001  0.0007  0.0001  0.0000  0.0629  0.0001  1.0000  0.0008  0.0001  0.0030  0.0001  0.0001  0.0001  0.0001  0.0007  0.0001  0.0000  0.0001  0.0000  0.0000  0.0000
 0.0000  0.0000  0.0000  0.0000  0.0000  0.0000  0.0000  0.0000  0.0000  0.0000  1.0000  0.0000  0.0000  0.0000  0.0000  0.0000  0.0000  0.0000  0.0000  0.0000  0.0000  0.0000  0.0000  0.0000  0.0000
 0.0001  0.0000  0.0000  0.0000  0.0000  0.0002  0.0001  0.0000  1.0000  0.0001  0.0295  0.0002  0.0000  0.0000  0.0000  0.0001  0.0001  0.0002  0.1170  0.0000  0.0000  0.0001  0.0000  0.0000  0.0000
 0.0012  0.0000  0.0003  1.0000  0.0017  0.0002  0.0119  0.0013  0.0001  0.0017  0.0003  0.0001  0.7555  0.0010  0.0107  0.0009  0.0475  0.0076  0.0002  0.0001  0.0000  0.0006  0.0000  0.0000  0.0000
 0.1663  0.0000  0.0027  0.1293  0.1255  0.0121  0.0710  0.0062  0.0323  0.8262  0.0154  0.0153  0.2929  0.0310  0.0867  1.0000  0.2721  0.2029  0.0145  0.0009  0.0000  0.0019  0.0000  0.0000  0.0000
 0.0895  0.0000  0.0043  0.4372  0.7840  0.0040  0.0426  0.0421  0.0151  1.0000  0.1277  0.0251  0.5860  0.0221  0.1817  0.4928  0.1735  0.1881  0.0230  0.0014  0.0000  0.0252  0.0000  0.0000  0.0000
 0.0010  0.0000  0.0048  0.0101  0.0011  0.0002  1.0000  0.0008  0.0001  0.0109  0.0040  0.0001  0.0780  0.0007  0.0223  0.0006  0.0157  0.1114  0.0002  0.0001  0.0000  0.0004  0.0000  0.0000  0.0000
 0.7259  0.0000  0.0509  0.5263  1.0000  0.0561  0.3108  0.1107  0.2747  0.7538  0.2895  0.0910  0.7558  0.2236  0.5740  0.4324  0.6490  0.5492  0.3577  0.0170  0.0000  0.0478  0.0000  0.0000  0.0000
 0.0006  0.0000  0.0002  0.0001  0.0002  0.0013  0.0001  0.0001  0.4559  0.0002  1.0000  0.0054  0.0001  0.0002  0.0002  0.0002  0.0002  0.0266  0.0295  0.0002  0.0000  0.0002  0.0000  0.0000  0.0000
 0.0003  0.0000  0.0000  0.0002  0.0004  0.0001  0.0005  0.0002  0.0001  1.0000  0.0003  0.0001  0.0003  0.0004  0.0258  0.0013  0.0003  0.0003  0.0002  0.0001  0.0000  0.0001  0.0000  0.0000  0.0000
 0.0003  0.0000  0.0001  0.0000  0.0001  0.0007  0.0001  0.0000  0.1537  0.0001  1.0000  0.0008  0.0001  0.0001  0.0001  0.0001  0.0001  0.0002  0.0618  0.0001  0.0000  0.0001  0.0000  0.0000  0.0000
 1.0000  0.0000  0.0003  0.0002  0.0002  0.0001  0.1278  0.0001  0.0001  0.0003  0.0003  0.0001  0.0002  0.0007  0.0002  0.0002  0.0013  0.0005  0.0004  0.0000  0.0000  0.0001  0.0000  0.0000  0.0000
 0.0000  0.0000  0.0000  1.0000  0.0000  0.0000  0.0000  0.0000  0.0000  0.0000  0.0000  0.0000  0.0000  0.0000  0.0000  0.0000  0.0000  0.0000  0.0000  0.0000  0.0000  0.0000  0.0000  0.0000  0.0000
 0.0002  0.0000  0.0001  0.0000  0.0000  1.0000  0.0001  0.0000  0.0005  0.0000  0.0571  0.0003  0.0000  0.0001  0.0000  0.0000  0.0001  0.0001  0.0004  0.0005  0.0000  0.0021  0.0000  0.0000  0.0000
 0.0000  0.0000  0.0000  0.0000  0.0000  0.0000  1.0000  0.0000  0.0000  0.0000  0.0000  0.0000  0.0000  0.0000  0.0000  0.0000  0.0000  0.0000  0.0000  0.0000  0.0000  0.0000  0.0000  0.0000  0.0000
 0.0000  0.0000  0.0000  0.0000  0.0000  0.0000  0.0000  0.0000  0.0000  0.0000  1.0000  0.0000  0.0000  0.0000  0.0000  0.0000  0.0000  0.0000  0.0000  0.0000  0.0000  0.0000  0.0000  0.0000  0.0000
 1.0000  0.0000  0.0003  0.0002  0.0002  0.0001  0.1264  0.0000  0.0001  0.0003  0.0003  0.0001  0.0002  0.0007  0.0002  0.0002  0.0068  0.0005  0.0004  0.0000  0.0000  0.0001  0.0000  0.0000  0.0000
 0.0000  0.0000  0.0000  0.0000  0.0000  0.0000  0.0000  0.0000  0.0000  0.0000  0.0000  0.0000  0.0000  0.0000  0.0000  1.0000  0.0000  0.0000  0.0000  0.0000  0.0000  0.0000  0.0000  0.0000  0.0000
 1.0000  0.0000  0.0002  0.0064  0.0070  0.0001  0.0007  0.0001  0.0101  0.0003  0.0002  0.0001  0.0004  0.0005  0.0003  0.0002  0.0407  0.0235  0.0004  0.0000  0.0000  0.0001  0.0000  0.0000  0.0000
 0.0001  0.0000  0.0001  0.0000  0.0000  1.0000  0.0000  0.0000  0.0182  0.0000  0.0007  0.0001  0.0000  0.0000  0.0000  0.0000  0.0001  0.0001  0.0060  0.0006  0.0000  0.0176  0.0000  0.0000  0.0000
 0.0156  0.0000  0.0002  0.0008  0.0004  0.0001  1.0000  0.0002  0.0002  0.0004  0.0002  0.0001  0.0068  0.0006  0.0130  0.0003  0.0318  0.0633  0.0004  0.0001  0.0000  0.0001  0.0000  0.0000  0.0000
 0.0002  0.0000  0.0001  0.0001  0.0001  0.0004  0.0047  0.0000  1.0000  0.0001  0.1093  0.0004  0.0001  0.0000  0.0000  0.0001  0.0001  0.0003  0.4786  0.0001  0.0000  0.0002  0.0000  0.0000  0.0000
 0.0000  0.0000  0.0000  0.0000  0.0000  0.0000  0.0000  0.0000  0.0000  0.0000  0.0000  0.0000  0.0000  1.0000  0.0000  0.0000  0.0000  0.0000  0.0000  0.0000  0.0000  0.0000  0.0000  0.0000  0.0000
 0.0139  0.0000  0.0003  0.0001  0.0002  0.0372  0.0002  0.0001  0.1399  0.0003  0.3833  0.0363  0.0002  0.0003  0.0002  0.0002  0.0003  0.0491  1.0000  0.0001  0.0000  0.0003  0.0000  0.0000  0.0000
 0.0007  0.0000  0.0001  0.0002  0.0009  0.0001  0.0005  0.0006  0.0003  0.1617  0.0006  0.0002  0.1425  0.0005  0.0015  1.0000  0.0006  0.0007  0.0004  0.0001  0.0000  0.0003  0.0000  0.0000  0.0000
 0.2474  0.0000  0.2065  0.0185  0.0293  0.0017  0.0245  0.0037  0.0641  0.1025  0.0091  0.0032  0.0790  0.0265  0.0575  0.0471  0.2630  1.0000  0.3496  0.0006  0.0000  0.0015  0.0000  0.0000  0.0000
 0.0004  0.0000  0.0001  0.0001  0.0001  0.3411  0.0001  0.0110  0.0017  0.0002  0.0316  0.0011  0.0001  0.0002  0.0002  0.0002  0.0002  0.0002  0.0010  0.0002  0.0000  1.0000  0.0000  0.0000  0.0000
 0.0008  0.0000  0.0002  0.0003  0.0002  0.0001  0.0003  0.0001  0.0002  0.0003  0.0002  0.0001  0.0006  0.0004  0.0002  0.0002  0.2736  1.0000  0.0004  0.0001  0.0000  0.0001  0.0000  0.0000  0.0000
 0.1253  0.0000  0.0004  0.0047  0.0015  0.0003  0.0041  1.0000  0.0002  0.0016  0.0004  0.0002  0.1341  0.0012  0.0010  0.0009  0.0037  0.0066  0.0005  0.0001  0.0000  0.0006  0.0000  0.0000  0.0000
 0.0004  0.0000  0.0000  0.0011  1.0000  0.0001  0.0003  0.0001  0.0001  0.0004  0.0001  0.0000  0.0002  0.0003  0.0043  0.0002  0.0002  0.0002  0.0001  0.0000  0.0000  0.0001  0.0000  0.0000  0.0000
 0.0039  0.0000  0.0001  0.0000  0.0001  0.0002  0.0001  0.0000  0.1569  0.0001  0.0011  0.0002  0.0001  0.0001  0.0001  0.0001  0.0001  0.0004  1.0000  0.0000  0.0000  0.0001  0.0000  0.0000  0.0000
 0.0003  0.0000  0.0001  0.0000  0.0001  0.0002  0.0001  0.0000  0.0402  0.0001  0.0009  0.0002  0.0000  0.0001  0.0000  0.0001  0.0001  0.0003  1.0000  0.0000  0.0000  0.0001  0.0000  0.0000  0.0000
 0.0006  0.0000  0.0001  0.0002  0.0002  0.0001  0.0003  0.0001  0.0002  0.0028  0.0046  0.0001  0.0004  0.0003  0.0002  0.0002  0.0014  1.0000  0.0003  0.0000  0.0000  0.0001  0.0000  0.0000  0.0000
 0.0000  0.0000  0.0000  0.0000  0.0000  0.0000  0.0000  0.0000  0.0000  0.0000  1.0000  0.0000  0.0000  0.0000  0.0000  0.0000  0.0000  0.0000  0.0000  0.0000  0.0000  0.0000  0.0000  0.0000  0.0000
 0.0000  0.0000  0.0000  0.0000  0.0000  0.0000  0.0000  0.0000  0.0000  0.0000  0.0000  0.0000  0.0000  0.0000  0.0000  0.0000  0.0000  0.0000  0.0000  1.0000  0.0000  0.0000  0.0000  0.0000  0.0000
 0.0000  0.0000  0.0000  0.0000  0.0000  0.0000  0.0000  0.0000  0.0000  0.0000  0.0000  0.0000  0.0000  0.0000  0.0000  0.0000  0.0000  0.0000  0.0000  0.0000  0.0000  1.0000  0.0000  0.0000  0.0000
 0.0004  0.0000  0.0002  0.0004  0.0003  0.0002  0.0010  0.0002  0.0002  0.0007  0.0004  0.0001  0.0003  0.0006  0.0003  1.0000  0.0003  0.0035  0.0002  0.0002  0.0000  0.0002  0.0000  0.0000  0.0000
 1.0000  0.0000  0.0006  0.0005  0.0006  0.0002  0.0036  0.0001  0.0003  0.0006  0.0006  0.0003  0.0004  0.1448  0.0004  0.0004  0.0927  0.0011  0.0011  0.0001  0.0000  0.0002  0.0000  0.0000  0.0000
 0.0076  0.0000  0.0002  0.0002  0.0002  0.0001  0.0011  0.0000  0.0001  0.0002  0.0002  0.0001  0.0001  1.0000  0.0001  0.0001  0.0038  0.0003  0.0003  0.0000  0.0000  0.0001  0.0000  0.0000  0.0000
 0.0012  0.0000  0.0000  0.4258  1.0000  0.0001  0.0043  0.0003  0.0001  0.0012  0.0003  0.0001  0.0007  0.0007  0.0015  0.0003  0.0007  0.0005  0.0003  0.0001  0.0000  0.0002  0.0000  0.0000  0.0000
 0.0003  0.0000  0.0001  0.0001  0.0001  0.0004  0.0002  0.0000  0.7408  0.0001  0.0023  0.0004  0.0001  0.0001  0.0000  0.0001  0.0001  0.0004  1.0000  0.0001  0.0000  0.0002  0.0000  0.0000  0.0000
 0.0000  0.0000  0.0000  0.0000  0.0000  0.0000  0.0000  0.0000  0.0000  0.0000  1.0000  0.0000  0.0000  0.0000  0.0000  0.0000  0.0000  0.0000  0.0000  0.0000  0.0000  0.0000  0.0000  0.0000  0.0000
 0.0004  0.0000  0.0001  0.0000  0.0001  0.1060  0.0001  0.0001  0.0059  0.0001  1.0000  0.1220  0.0001  0.0002  0.0002  0.0001  0.0001  0.0002  0.0010  0.0001  0.0000  0.0001  0.0000  0.0000  0.0000
 0.0005  0.0000  0.0002  0.0008  0.0003  0.0002  1.0000  0.0002  0.0001  0.0003  0.0003  0.0001  0.0103  0.0005  0.0002  0.0003  0.0005  0.0003  0.0002  0.0001  0.0000  0.0002  0.0000  0.0000  0.0000
 0.4447  0.0000  0.0983  0.0027  0.0031  0.0013  0.2575  0.0006  0.0017  0.0035  0.0034  0.0016  0.0026  0.0087  0.0685  0.0025  1.0000  0.0297  0.0212  0.0005  0.0000  0.0010  0.0000  0.0000  0.0000
 0.1167  0.0000  0.0073  0.0175  0.0496  0.0014  0.0107  0.0352  0.0053  0.8634  0.0280  0.0030  0.0492  0.1640  0.1057  1.0000  0.0689  0.2000  0.0393  0.0005  0.0000  0.0011  0.0000  0.0000  0.0000
 0.3524  0.0000  0.0930  0.1079  0.1436  0.5231  0.1733  1.0000  0.2070  0.4377  0.7201  0.1435  0.1616  0.1074  0.8394  0.9548  0.2664  0.6565  0.3082  0.0972  0.0000  0.7468  0.0000  0.0000  0.0000
 0.0000  0.0000  0.0000  0.0000  0.0000  0.0000  0.0000  0.0000  0.0000  0.0000  0.0000  0.0000  0.0000  0.0000  0.0000  0.0000  0.0000  0.0000  0.0000  0.0000  0.0000  1.0000  0.0000  0.0000  0.0000
 0.0341  0.0000  0.0003  0.0005  0.0003  0.0030  0.0131  0.0001  0.0003  0.0005  0.0074  0.0002  0.1265  0.0007  0.0004  0.0003  1.0000  0.1170  0.0006  0.0001  0.0000  0.0001  0.0000  0.0000  0.0000
 0.0081  0.0000  0.1147  0.0002  0.0007  0.0005  0.0001  0.0002  0.0044  0.0007  0.0115  0.0159  0.0003  0.0173  0.0005  0.0004  0.0009  1.0000  0.0335  0.0001  0.0000  0.0001  0.0000  0.0000  0.0000
 0.2750  0.0000  0.0031  0.0025  0.0139  0.0012  0.3358  0.0006  0.0014  0.0031  0.0030  0.0014  0.0022  1.0000  0.0021  0.0022  0.5096  0.0350  0.0052  0.0004  0.0000  0.0009  0.0000  0.0000  0.0000
 0.0002  0.0000  0.0001  0.0001  0.0001  0.0004  0.0001  0.0000  0.4781  0.0001  0.0165  0.0003  0.0001  0.0000  0.0000  0.0001  0.0001  0.0003  1.0000  0.0000  0.0000  0.0002  0.0000  0.0000  0.0000
 0.0000  0.0000  0.0000  1.0000  0.0000  0.0000  0.0000  0.0000  0.0000  0.0000  0.0000  0.0000  0.0000  0.0000  0.0000  0.0000  0.0000  0.0000  0.0000  0.0000  0.0000  0.0000  0.0000  0.0000  0.0000
 0.0013  0.0000  0.0004  0.0002  0.0003  0.0012  0.0003  0.0000  1.0000  0.0004  0.0368  0.5973  0.0002  0.0003  0.0002  0.0003  0.0128  0.0245  0.3989  0.0001  0.0000  0.0005  0.0000  0.0000  0.0000
 0.0000  0.0000  0.0000  0.0000  0.0000  0.0000  0.0000  0.0000  0.0000  0.0000  0.0000  0.0000  0.0000  0.0000  0.0000  0.0000  0.0000  0.0000  0.0000  1.0000  0.0000  0.0000  0.0000  0.0000  0.0000
 0.0000  0.0000  0.0000  0.0000  0.0000  0.0000  0.0000  0.0000  0.0000  0.0000  0.0000  0.0000  0.0000  0.0000  0.0000  0.0000  1.0000  0.0000  0.0000  0.0000  0.0000  0.0000  0.0000  0.0000  0.0000
 0.5675  0.0000  0.0438  0.0006  0.0019  0.0017  0.0001  0.0005  0.8069  0.0019  0.2716  0.0244  0.0009  0.0026  0.0014  0.0011  0.0019  0.0853  1.0000  0.0003  0.0000  0.0006  0.0000  0.0000  0.0000
 0.0120  0.0000  0.0002  0.0002  0.0002  0.0001  1.0000  0.0001  0.0001  0.0002  0.0002  0.0001  0.0002  0.0005  0.0001  0.0002  0.0009  0.0003  0.0003  0.0001  0.0000  0.0001  0.0000  0.0000  0.0000
 0.0670  0.0000  1.0000  0.0002  0.0002  0.0001  0.0008  0.0001  0.0008  0.0003  0.0006  0.0002  0.0002  0.0005  0.0002  0.0002  0.0010  0.0974  0.0117  0.0000  0.0000  0.0001  0.0000  0.0000  0.0000
 0.0002  0.0000  0.0001  0.0001  0.0001  0.0005  0.0003  0.0001  1.0000  0.0001  0.0051  0.0005  0.0001  0.0002  0.0001  0.0001  0.0001  0.0002  0.0008  0.0001  0.0000  0.0002  0.0000  0.0000  0.0000
 0.0097  0.0000  0.0001  0.0001  0.0001  1.0000  0.0001  0.0001  0.0137  0.0001  0.0368  0.0971  0.0001  0.0002  0.0002  0.0001  0.0001  0.0003  0.0158  0.0001  0.0000  0.0001  0.0000  0.0000  0.0000
 1.0000  0.0000  0.0003  0.0002  0.0002  0.0047  0.0233  0.0000  0.0001  0.0002  0.0002  0.0001  0.0002  0.0007  0.0002  0.0002  0.0270  0.0004  0.0256  0.0000  0.0000  0.0001  0.0000  0.0000  0.0000
 0.0000  0.0000  0.0000  0.0000  1.0000  0.0000  0.0000  0.0000  0.0000  0.0000  0.0000  0.0000  0.0000  0.0000  0.0000  0.0000  0.0000  0.0000  0.0000  0.0000  0.0000  0.0000  0.0000  0.0000  0.0000
 0.0003  0.0000  0.0001  0.0000  0.0001  0.0008  0.0001  0.0001  0.0260  0.0001  0.2124  1.0000  0.0001  0.0001  0.0002  0.0001  0.0001  0.0002  0.0107  0.0001  0.0000  0.0001  0.0000  0.0000  0.0000
 1.0000  0.0000  0.4715  0.0706  0.0989  0.2987  0.1133  0.2030  0.4147  0.1088  0.2739  0.0759  0.1056  0.0702  0.1009  0.1195  0.2770  0.1546  0.9492  0.0751  0.0000  0.5321  0.0000  0.0000  0.0000
 0.0664  0.0000  0.0023  0.0048  0.0035  0.0012  0.0033  0.0016  0.0035  0.0066  0.0226  0.0501  0.7630  0.0058  0.0956  0.1222  0.1406  1.0000  0.0054  0.0008  0.0000  0.0015  0.0000  0.0000  0.0000
 0.0928  0.0000  0.0089  0.0161  0.1293  0.0193  0.5774  0.1082  0.0397  1.0000  0.1031  0.0483  0.0981  0.0731  0.3734  0.9948  0.0759  0.0996  0.0526  0.0146  0.0000  0.0418  0.0000  0.0000  0.0000
 0.0606  0.0000  0.0004  0.0037  0.0242  0.0004  0.0088  0.0269  0.0175  0.9012  0.0024  0.0008  0.0034  0.0059  0.1513  1.0000  0.0211  0.0216  0.0468  0.0002  0.0000  0.0005  0.0000  0.0000  0.0000
 0.1977  0.0000  0.0003  0.0003  0.0003  0.0001  0.0018  0.0001  0.0002  0.0004  0.0004  0.0001  0.0002  1.0000  0.0002  0.0003  0.0015  0.0005  0.0005  0.0001  0.0000  0.0001  0.0000  0.0000  0.0000
 0.0002  0.0000  0.0001  0.0000  0.0001  0.0006  0.0000  0.0000  0.0249  0.0001  1.0000  0.0112  0.0001  0.0001  0.0001  0.0001  0.0001  0.0001  0.0006  0.0001  0.0000  0.0001  0.0000  0.0000  0.0000
 0.0002  0.0000  0.0001  0.0000  0.0000  1.0000  0.0001  0.0000  0.0064  0.0000  0.0010  0.0002  0.0000  0.0001  0.0000  0.0000  0.0029  0.0001  0.0069  0.0005  0.0000  0.0020  0.0000  0.0000  0.0000
 0.0534  0.0000  0.0260  0.0023  0.0023  0.0013  0.0039  0.1468  0.0191  0.0050  0.0027  0.0012  0.0041  1.0000  0.1102  0.0182  0.0682  0.0294  0.0041  0.0006  0.0000  0.0017  0.0000  0.0000  0.0000
 0.0137  0.0000  0.0002  0.0002  0.0002  0.0001  1.0000  0.0000  0.0001  0.0002  0.0002  0.0001  0.0001  0.0005  0.0001  0.0001  0.0010  0.0004  0.0030  0.0000  0.0000  0.0001  0.0000  0.0000  0.0000
 0.0288  0.0000  0.0010  1.0000  0.0014  0.0005  0.0014  0.0006  0.0112  0.0020  0.0014  0.0007  0.0572  0.0025  0.0016  0.0013  0.0990  0.2150  0.0510  0.0003  0.0000  0.0125  0.0000  0.0000  0.0000
 0.0234  0.0000  0.0139  0.1318  0.0008  0.0032  0.0248  0.0004  0.0005  0.0010  0.0005  0.0003  0.0118  0.0010  0.0007  0.0006  1.0000  0.1410  0.0008  0.0001  0.0000  0.0003  0.0000  0.0000  0.0000
 0.0057  0.0000  0.0002  0.0431  1.0000  0.0006  0.0036  0.0017  0.0007  0.0059  0.0013  0.0005  0.1703  0.0035  0.0073  0.0017  0.0040  0.0114  0.1283  0.0003  0.0000  0.0009  0.0000  0.0000  0.0000
 0.0675  0.0000  0.0088  0.1579  0.2543  0.0626  0.0346  0.0257  1.0000  0.0420  0.0959  0.0123  0.0282  0.0181  0.0506  0.0303  0.0501  0.0585  0.0471  0.0080  0.0000  0.0412  0.0000  0.0000  0.0000
 0.0004  0.0000  0.0002  1.0000  0.0009  0.0002  0.0012  0.0003  0.0002  0.0005  0.0003  0.0001  0.0007  0.0007  0.0504  0.0004  0.0005  0.0003  0.0002  0.0002  0.0000  0.0002  0.0000  0.0000  0.0000
 0.0009  0.0000  0.0000  0.0023  0.3564  0.0001  0.0003  0.0002  0.0001  0.0009  0.0002  0.0156  0.0003  0.0005  1.0000  0.0003  0.0004  0.0004  0.0002  0.0000  0.0000  0.0001  0.0000  0.0000  0.0000
 0.0004  0.0000  0.0001  0.0000  0.0001  0.0010  0.0001  0.0001  0.2450  0.0001  1.0000  0.0049  0.0001  0.0002  0.0002  0.0001  0.0001  0.0040  0.0050  0.0001  0.0000  0.0001  0.0000  0.0000  0.0000
 0.0202  0.0000  0.0071  0.0317  0.0109  1.0000  0.0132  0.0453  0.0630  0.1205  0.1158  0.1007  0.0164  0.0247  0.1108  0.0233  0.0227  0.0191  0.0375  0.0074  0.0000  0.0906  0.0000  0.0000  0.0000
 0.0009  0.0000  0.0001  0.0002  0.0013  0.0002  0.0007  0.0698  0.0004  0.8154  0.0010  0.0003  0.0009  0.0007  0.0022  1.0000  0.0270  0.0010  0.0005  0.0001  0.0000  0.0004  0.0000  0.0000  0.0000
 0.0002  0.0000  0.0001  0.0000  0.0000  0.0003  0.0001  0.0000  1.0000  0.0001  0.0015  0.0299  0.0000  0.0000  0.0000  0.0001  0.0001  0.0002  0.0119  0.0000  0.0000  0.0001  0.0000  0.0000  0.0000
 0.0002  0.0000  0.0001  0.0001  0.0001  1.0000  0.0002  0.0000  0.0002  0.0001  0.0006  0.0001  0.0000  0.0002  0.0000  0.0001  0.0049  0.0001  0.0002  0.0005  0.0000  0.0019  0.0000  0.0000  0.0000
 0.0005  0.0000  0.0000  0.0001  0.0066  0.0001  0.0003  0.0004  0.0002  0.1900  0.0005  0.0002  0.0004  0.0004  0.0389  1.0000  0.0282  0.0005  0.0003  0.0001  0.0000  0.0002  0.0000  0.0000  0.0000
 0.1272  0.0000  0.0039  0.0010  0.0030  0.0619  0.0004  0.0009  1.0000  0.0031  0.9923  0.0397  0.0016  0.0041  0.0274  0.0019  0.0409  0.5396  0.7034  0.0006  0.0000  0.0012  0.0000  0.0000  0.0000
 0.0004  0.0000  0.0001  0.0001  0.0001  0.0121  0.0001  0.0001  0.0066  0.0001  1.0000  0.2594  0.0001  0.0070  0.0002  0.0100  0.0001  0.0064  0.0047  0.0063  0.0000  0.0001  0.0000  0.0000  0.0000
 0.0014  0.0000  0.0001  0.0005  0.0005  0.0001  1.0000  0.0003  0.0002  0.0348  0.0003  0.0001  0.0008  0.0005  0.0006  0.0189  0.0097  0.0253  0.0003  0.0001  0.0000  0.0002  0.0000  0.0000  0.0000
 0.0005  0.0000  0.0001  0.0002  0.0001  0.0001  0.0002  0.0001  0.0002  0.0002  0.0001  0.0001  0.0061  0.0003  0.0002  0.0001  0.0146  1.0000  0.0002  0.0000  0.0000  0.0001  0.0000  0.0000  0.0000
 0.0060  0.0000  0.0002  0.0002  0.0002  0.0001  0.0011  0.0001  0.0002  0.0002  0.0060  0.0001  0.0001  1.0000  0.0002  0.0002  0.0010  0.0004  0.0004  0.0000  0.0000  0.0001  0.0000  0.0000  0.0000
 0.0062  0.0000  0.0015  0.4727  0.0153  0.0013  0.0406  0.0498  0.0007  0.0742  0.0014  0.0005  1.0000  0.0050  0.0359  0.0045  0.4037  0.7836  0.0011  0.0006  0.0000  0.0123  0.0000  0.0000  0.0000
 0.0025  0.0000  0.0001  0.0874  1.0000  0.0002  0.0012  0.0007  0.0003  0.0025  0.0086  0.0002  0.0848  0.0358  0.0032  0.0007  0.0276  0.0012  0.0373  0.0001  0.0000  0.0003  0.0000  0.0000  0.0000
 0.2645  0.0000  0.0068  0.8429  1.0000  0.0064  0.1215  0.0249  0.0728  0.2420  0.0683  0.0136  0.1623  0.0351  0.1913  0.4405  0.2778  0.2590  0.1488  0.0022  0.0000  0.0048  0.0000  0.0000  0.0000
 0.1016  0.0000  0.0049  0.1501  0.2121  0.0048  0.0423  0.0111  0.4647  0.0835  0.0625  0.0790  0.1692  0.0248  0.2155  0.0472  0.5243  1.0000  0.5363  0.0016  0.0000  0.0039  0.0000  0.0000  0.0000
 0.0003  0.0000  0.0002  0.0003  0.0002  0.0075  0.0006  0.0115  0.0004  0.0002  0.0008  0.0002  0.0003  0.0002  0.0001  0.0002  0.0002  0.0002  0.0003  1.0000  0.0000  0.0164  0.0000  0.0000  0.0000
 0.0054  0.0000  0.0001  0.0002  0.0005  0.0001  0.0003  0.0088  0.0002  0.0069  0.0003  0.0001  0.0055  1.0000  0.0095  0.0053  0.0195  0.0032  0.0058  0.0001  0.0000  0.0002  0.0000  0.0000  0.0000
 0.0315  0.0000  0.0002  0.0924  0.0803  0.0002  1.0000  0.0011  0.0002  0.0017  0.0003  0.0001  0.0263  0.0010  0.0438  0.0008  0.0544  0.0192  0.0003  0.0001  0.0000  0.0005  0.0000  0.0000  0.0000
 0.0115  0.0000  0.0130  0.0001  0.0001  0.0058  0.0001  0.0000  0.2003  0.0001  0.0373  0.0488  0.0001  0.0001  0.0001  0.0001  0.0001  0.0005  1.0000  0.0000  0.0000  0.0001  0.0000  0.0000  0.0000
 0.0894  0.0000  0.0007  0.0072  0.1789  0.0177  0.0044  0.0014  0.0076  0.0307  0.0035  0.0012  0.0488  0.0032  0.0788  0.0178  0.7066  1.0000  0.1114  0.0002  0.0000  0.0005  0.0000  0.0000  0.0000
 0.1212  0.0000  0.0242  0.1686  0.3181  0.0042  0.0628  0.0767  0.0153  0.2929  0.0501  0.0087  0.0774  0.0224  0.5918  0.0573  1.0000  0.2039  0.0234  0.0014  0.0000  0.1101  0.0000  0.0000  0.0000
 0.0004  0.0000  0.0001  0.0001  0.0001  0.1534  0.0001  0.0000  0.0016  0.0001  1.0000  0.0698  0.0001  0.0002  0.0001  0.0001  0.0002  0.0002  0.0010  0.0008  0.0000  0.0572  0.0000  0.0000  0.0000
 0.0138  0.0000  0.0002  0.0139  0.0017  0.0002  0.0010  0.0008  0.0005  0.0309  0.0009  0.0003  0.0015  1.0000  0.0753  0.0739  0.0551  0.0198  0.0007  0.0002  0.0000  0.0086  0.0000  0.0000  0.0000
 0.0174  0.0000  0.0001  1.0000  0.1773  0.0002  0.0010  0.0149  0.0002  0.0290  0.0194  0.0001  0.0527  0.0008  0.0109  0.0006  0.0106  0.0008  0.0004  0.0001  0.0000  0.0087  0.0000  0.0000  0.0000
 0.0009  0.0000  0.0003  0.0005  0.0005  0.3918  0.0006  0.0089  0.0008  0.0005  0.0017  0.0005  0.0006  0.0103  0.0005  0.0006  0.0007  0.0007  0.0009  0.1478  0.0000  1.0000  0.0000  0.0000  0.0000
 0.0141  0.0000  0.0003  0.0371  0.0187  0.0002  0.0018  0.0680  0.0106  1.0000  0.0072  0.0005  0.0313  0.0013  0.0184  0.0239  0.0191  0.0027  0.0337  0.0001  0.0000  0.0002  0.0000  0.0000  0.0000
 0.2058  0.0000  0.0310  0.0792  0.0766  0.0023  0.0426  0.0056  0.0406  0.0768  0.0359  0.0453  0.3277  1.0000  0.0678  0.0738  0.7101  0.1796  0.0665  0.0008  0.0000  0.0018  0.0000  0.0000  0.0000
 0.2612  0.0000  0.0110  0.1754  0.0756  0.0363  0.0519  0.0052  0.0388  0.0405  0.0212  0.0041  0.3227  0.0442  0.0523  0.0473  0.6147  1.0000  0.0943  0.0009  0.0000  0.0137  0.0000  0.0000  0.0000
 0.0045  0.0000  0.0003  0.0004  0.0005  1.0000  0.0006  0.0011  0.0008  0.0006  0.0160  0.0067  0.0006  0.0208  0.0006  0.0076  0.0008  0.0106  0.0010  0.0394  0.0000  0.0795  0.0000  0.0000  0.0000
 0.0020  0.0000  0.0049  0.0072  0.0011  0.0028  0.0013  0.0394  0.0108  0.0095  0.0026  0.0057  0.0012  1.0000  0.0760  0.0014  0.0102  0.0078  0.0160  0.0007  0.0000  0.0186  0.0000  0.0000  0.0000
 0.1181  0.0000  0.0954  0.0498  0.0685  0.1439  0.0720  0.1205  0.1868  1.0000  0.1585  0.1689  0.1732  0.0723  0.3504  0.2388  0.1154  0.1184  0.3515  0.0379  0.0000  0.2512  0.0000  0.0000  0.0000
 0.0012  0.0000  0.0004  0.0005  0.0007  0.0898  0.0060  0.0162  0.0043  0.0007  0.0016  0.0005  0.0008  0.0182  0.0056  0.0009  0.0010  0.0010  0.0012  1.0000  0.0000  0.2809  0.0000  0.0000  0.0000
 0.6932  0.0000  0.0076  0.0894  0.5154  0.0071  0.1052  0.0648  0.0752  0.8567  0.0584  0.0226  0.1838  1.0000  0.2829  0.4276  0.4121  0.2490  0.1831  0.0024  0.0000  0.0054  0.0000  0.0000  0.0000
 0.3889  0.0000  0.0087  0.1730  0.2594  0.0081  0.2525  0.0198  0.0950  0.4161  0.0492  0.0172  0.1092  1.0000  0.1329  0.7280  0.4752  0.7235  0.0582  0.0028  0.0000  0.0062  0.0000  0.0000  0.0000
 0.2677  0.0000  0.0407  0.3109  0.4204  0.0749  0.3455  0.0919  0.1039  0.7644  0.2512  0.1647  0.4156  0.1716  1.0000  0.2602  0.2882  0.3979  0.1904  0.0179  0.0000  0.1220  0.0000  0.0000  0.0000
 0.0990  0.0000  0.0051  1.0000  0.2175  0.0517  0.1725  0.0118  0.0448  0.1262  0.0456  0.0676  0.4735  0.3510  0.1324  0.0476  0.5393  0.1432  0.0264  0.0019  0.0000  0.0314  0.0000  0.0000  0.0000
 0.0056  0.0000  0.0019  0.0123  0.0067  0.0743  0.0080  0.0060  0.0600  0.0032  1.0000  0.0144  0.0163  0.0082  0.0032  0.0079  0.0124  0.0346  0.0196  0.1854  0.0000  0.0249  0.0000  0.0000  0.0000
 1.0000  0.0000  0.0144  0.2218  0.4992  0.0134  0.3666  0.1144  0.0504  0.3969  0.0813  0.0385  0.2444  0.0845  0.2150  0.5668  0.8429  0.2809  0.1786  0.0046  0.0000  0.0102  0.0000  0.0000  0.0000
 0.5455  0.0000  0.0280  0.4703  0.7331  0.0549  0.2846  0.1295  0.1037  1.0000  0.3702  0.0840  0.5779  0.2119  0.6552  0.4490  0.9435  0.7602  0.2047  0.0093  0.0000  0.0461  0.0000  0.0000  0.0000
 0.3126  0.0000  0.0146  0.0778  0.0248  0.1827  0.0279  0.1670  0.8419  0.0423  0.6389  0.1175  0.0684  0.0256  0.1993  0.0297  0.1328  0.0764  1.0000  0.0152  0.0000  0.0822  0.0000  0.0000  0.0000
 0.0128  0.0000  0.0616  0.0001  0.0002  0.0346  0.0001  0.0001  0.1373  0.0003  0.1956  0.0224  0.0002  0.0003  0.0002  0.0002  0.0084  0.0011  1.0000  0.0001  0.0000  0.0002  0.0000  0.0000  0.0000
 0.0014  0.0000  0.0003  0.0079  0.0017  0.0003  0.0036  0.0128  0.0003  0.2529  0.0004  0.0002  0.0198  1.0000  0.0305  0.0014  0.0348  0.0629  0.0004  0.0001  0.0000  0.0204  0.0000  0.0000  0.0000
 0.2404  0.0000  0.0098  0.1842  0.2167  0.0092  0.4511  0.0224  0.0345  0.3782  0.0650  0.0286  1.0000  0.1730  0.3897  0.3068  0.3764  0.3104  0.0680  0.0032  0.0000  0.0293  0.0000  0.0000  0.0000
 0.0184  0.0000  0.0075  0.0002  0.0003  0.0325  0.0060  0.0125  0.1308  0.0004  1.0000  0.0887  0.0003  0.0003  0.0004  0.0004  0.0064  0.0005  0.0136  0.0003  0.0000  0.0009  0.0000  0.0000  0.0000
 0.0034  0.0000  0.1049  1.0000  0.2641  0.0007  0.1045  0.0035  0.0004  0.0046  0.0007  0.0003  0.1617  0.0086  0.0031  0.0023  0.1287  0.0287  0.0006  0.0003  0.0000  0.0018  0.0000  0.0000  0.0000
 0.4882  0.0000  0.0050  0.2932  0.8857  0.0365  0.1304  0.0650  0.0177  0.3080  0.0572  0.0100  0.0828  1.0000  0.1918  0.1650  0.6575  0.1096  0.0455  0.0016  0.0000  0.0036  0.0000  0.0000  0.0000
 0.8937  0.0000  0.0475  0.8071  1.0000  0.0446  0.3619  0.1257  0.1837  0.9202  0.3915  0.1346  0.5801  0.2565  0.5340  0.5254  0.7237  0.6220  0.3032  0.0153  0.0000  0.0415  0.0000  0.0000  0.0000
 0.0600  0.0000  0.0101  0.0003  0.0002  0.0001  1.0000  0.0001  0.0001  0.0003  0.0002  0.0001  0.0059  0.0006  0.0002  0.0002  0.0062  0.0004  0.0004  0.0000  0.0000  0.0001  0.0000  0.0000  0.0000
 0.0357  0.0000  0.0213  0.0093  0.0275  0.0509  0.0149  0.0246  0.6794  0.0602  1.0000  0.0594  0.0140  0.0094  0.0267  0.3667  0.0183  0.0462  0.3731  0.0084  0.0000  0.0590  0.0000  0.0000  0.0000
 0.0097  0.0000  0.0000  1.0000  0.0325  0.0001  0.0006  0.0003  0.0001  0.0122  0.0022  0.0001  0.0667  0.0004  0.0033  0.0069  0.0343  0.0004  0.0002  0.0000  0.0000  0.0001  0.0000  0.0000  0.0000
 0.0002  0.0000  0.0001  0.0000  0.0001  0.0006  0.0000  0.0000  0.0187  0.0001  1.0000  0.0042  0.0001  0.0001  0.0001  0.0001  0.0001  0.0001  0.0006  0.0001  0.0000  0.0001  0.0000  0.0000  0.0000
 0.0003  0.0000  0.0001  0.0000  0.0001  0.0094  0.0001  0.0001  0.0803  0.0001  1.0000  0.0134  0.0001  0.0001  0.0001  0.0001  0.0001  0.0001  0.0007  0.0001  0.0000  0.0001  0.0000  0.0000  0.0000
 0.3193  0.0000  0.0195  0.2751  0.4044  0.0114  0.1227  0.0113  0.0256  0.1691  0.0896  0.0350  0.1542  0.0255  0.7335  0.1625  1.0000  0.1662  0.0266  0.0016  0.0000  0.0076  0.0000  0.0000  0.0000
 0.1566  0.0000  0.0200  0.0290  0.0435  0.0009  0.0281  0.0121  0.0034  1.0000  0.0335  0.0315  0.1117  0.0050  0.2627  0.4138  0.1748  0.0105  0.0052  0.0003  0.0000  0.0007  0.0000  0.0000  0.0000
 0.0005  0.0000  0.0245  0.0001  0.0001  0.0047  0.0001  0.0001  0.0088  0.0002  0.3289  1.0000  0.0001  0.0002  0.0003  0.0002  0.0002  0.0546  0.0015  0.0002  0.0000  0.0002  0.0000  0.0000  0.0000
 0.0003  0.0000  0.0023  0.0000  0.0001  0.0063  0.0000  0.0000  0.0260  0.0001  1.0000  0.0040  0.0001  0.0001  0.0001  0.0001  0.0020  0.0002  0.0240  0.0001  0.0000  0.0001  0.0000  0.0000  0.0000
 0.5181  0.0000  0.1859  0.2116  0.2922  0.7023  0.3326  0.5486  0.4274  0.3121  0.6513  0.2230  0.3115  0.2065  0.3378  0.3676  0.4093  0.4069  0.5371  0.1846  0.0000  1.0000  0.0000  0.0000  0.0000
 0.0187  0.0000  0.1556  0.0026  0.0037  0.1093  0.0042  0.0063  0.0183  0.0040  0.4020  0.0659  0.0039  0.0035  0.0045  0.0046  0.0114  0.0062  0.0215  0.0046  0.0000  1.0000  0.0000  0.0000  0.0000
 0.0153  0.0000  0.0005  1.0000  0.1359  0.0006  0.0068  0.0055  0.0006  0.0052  0.0011  0.0004  0.1459  0.0025  0.0352  0.2177  0.0136  0.0242  0.0010  0.0003  0.0000  0.0100  0.0000  0.0000  0.0000
 0.0094  0.0000  0.0002  0.0002  0.0002  0.0001  0.0012  0.0000  0.0001  0.0002  0.0002  0.0001  0.0001  1.0000  0.0001  0.0001  0.0312  0.0004  0.0003  0.0000  0.0000  0.0001  0.0000  0.0000  0.0000
 1.0000  0.0000  0.0808  0.2169  0.4927  0.2577  0.1639  0.2176  0.2171  0.2267  0.2666  0.1008  0.5522  0.1834  0.2046  0.2092  0.6975  0.2909  0.3859  0.0649  0.0000  0.3866  0.0000  0.0000  0.0000
 0.1830  0.0000  0.0129  0.1207  0.1506  0.0171  0.1881  0.1776  0.0213  1.0000  0.1502  0.1516  0.1466  0.0310  0.3614  0.3478  0.1205  0.0850  0.0389  0.0020  0.0000  0.0047  0.0000  0.0000  0.0000
 0.0000  0.0000  0.0000  0.0000  0.0000  0.0000  0.0000  0.0000  0.0000  0.0000  0.0000  0.0000  0.0000  0.0000  0.0000  1.0000  0.0000  0.0000  0.0000  0.0000  0.0000  0.0000  0.0000  0.0000  0.0000
 0.0055  0.0000  0.0001  0.0000  0.0001  0.0003  0.0000  0.0000  1.0000  0.0001  0.0307  0.0205  0.0001  0.0001  0.0001  0.0001  0.0001  0.0057  0.0270  0.0000  0.0000  0.0001  0.0000  0.0000  0.0000
 0.0011  0.0000  0.0055  0.0184  0.0003  0.0001  0.0004  0.0002  0.0003  0.0005  0.0003  0.0002  0.0380  0.0136  0.0004  0.0003  1.0000  0.3349  0.0005  0.0001  0.0000  0.0001  0.0000  0.0000  0.0000
 1.0000  0.0000  0.0058  0.0002  0.0002  0.0001  0.0384  0.0000  0.0001  0.0002  0.0002  0.0001  0.0001  0.0006  0.0001  0.0002  0.0103  0.0027  0.0004  0.0000  0.0000  0.0001  0.0000  0.0000  0.0000
 0.1116  0.0000  0.0007  0.0902  0.1934  0.0006  0.0050  0.0565  0.0151  1.0000  0.0165  0.0231  0.0275  0.0036  0.0377  0.5838  0.0406  0.0195  0.0154  0.0002  0.0000  0.0005  0.0000  0.0000  0.0000
 1.0000  0.0000  0.0216  0.8764  0.9852  0.0202  0.1859  0.0676  0.0957  0.5800  0.1559  0.1264  0.2954  0.1107  0.9722  0.4986  0.4413  0.3571  0.1217  0.0069  0.0000  0.0330  0.0000  0.0000  0.0000
 1.0000  0.0000  0.0064  0.0003  0.0003  0.0001  0.0115  0.0001  0.0364  0.0004  0.0091  0.0002  0.0002  0.0009  0.0002  0.0003  0.0378  0.0047  0.0006  0.0001  0.0000  0.0001  0.0000  0.0000  0.0000
 0.0320  0.0000  0.1043  0.0001  0.0004  0.0130  0.0001  0.0002  0.0155  0.0004  1.0000  0.2219  0.0002  0.0006  0.0005  0.0183  0.0004  0.0111  0.0471  0.0002  0.0000  0.0002  0.0000  0.0000  0.0000
 0.4833  0.0000  0.0450  0.4612  1.0000  0.0171  0.1304  0.0995  0.1521  0.7262  0.2329  0.1737  0.4046  0.0941  0.8590  0.4009  0.3934  0.3373  0.2186  0.0059  0.0000  0.0130  0.0000  0.0000  0.0000
 0.0003  0.0000  0.0000  0.0008  0.0004  0.0001  0.0006  1.0000  0.0001  0.0010  0.0002  0.0001  0.0091  0.0002  0.0048  0.0040  0.0005  0.0003  0.0001  0.0000  0.0000  0.0001  0.0000  0.0000  0.0000
 0.1087  0.0000  0.0041  0.0223  0.1939  0.0003  0.0023  0.0107  0.0011  0.0305  0.0018  0.0006  0.0094  1.0000  0.0080  0.0724  0.0540  0.0120  0.0017  0.0001  0.0000  0.0002  0.0000  0.0000  0.0000
 0.0002  0.0000  0.0001  0.0000  0.0000  0.1107  0.0000  0.0000  0.0004  0.0000  0.0010  0.0002  0.0000  0.0001  0.0000  0.0000  0.0001  0.0001  0.0004  0.1624  0.0000  1.0000  0.0000  0.0000  0.0000
 0.0001  0.0000  0.0001  0.0000  0.0000  1.0000  0.0001  0.0000  0.0004  0.0000  0.0305  0.0002  0.0000  0.0001  0.0000  0.0000  0.0001  0.0001  0.0003  0.0005  0.0000  0.0021  0.0000  0.0000  0.0000
 0.3339  0.0000  0.0102  1.0000  0.3459  0.0239  0.1066  0.2734  0.0355  0.7966  0.0735  0.0201  0.5469  0.0519  0.4650  0.3815  0.3511  0.2574  0.0541  0.0033  0.0000  0.0295  0.0000  0.0000  0.0000
 0.0008  0.0000  0.0002  1.0000  0.1463  0.0002  0.0330  0.0008  0.0001  0.0231  0.0002  0.0001  0.0354  0.0006  0.0008  0.0078  0.0772  0.0195  0.0002  0.0001  0.0000  0.0004  0.0000  0.0000  0.0000
 0.0032  0.0000  0.0011  0.0122  0.0060  0.1357  0.0019  0.0025  0.3830  0.0017  1.0000  0.0118  0.0016  0.0011  0.0015  0.0019  0.0295  0.0095  0.3657  0.0010  0.0000  0.0495  0.0000  0.0000  0.0000
 0.1925  0.0000  0.1131  1.0000  0.2383  0.0100  0.0745  0.0671  0.0464  0.2230  0.0966  0.0208  0.4458  0.3599  0.1508  0.1028  0.3128  0.4015  0.0701  0.0034  0.0000  0.0077  0.0000  0.0000  0.0000
 0.2173  0.0000  0.0142  0.2728  0.3232  0.0132  0.1272  0.0322  0.0497  1.0000  0.1870  0.1027  0.2486  0.4103  0.2582  0.3564  0.3004  0.1861  0.0758  0.0046  0.0000  0.0100  0.0000  0.0000  0.0000
 0.1193  0.0000  0.0021  0.0466  0.0826  0.0020  0.0152  0.0254  0.0397  0.0795  0.0121  0.0042  0.0841  1.0000  0.2354  0.0705  0.4011  0.0664  0.0114  0.0007  0.0000  0.0015  0.0000  0.0000  0.0000
 0.4497  0.0000  0.0416  0.1791  0.2891  0.0712  0.1217  0.0733  1.0000  0.4650  0.6482  0.0829  0.2542  0.1389  0.1817  0.2889  0.2665  0.8250  0.9061  0.0191  0.0000  0.0843  0.0000  0.0000  0.0000
 0.0384  0.0000  0.0035  0.1432  0.0516  0.0056  0.0227  0.0169  0.0636  0.6319  0.0516  0.0081  0.0295  1.0000  0.0503  0.1571  0.0700  0.0351  0.0176  0.0031  0.0000  0.0092  0.0000  0.0000  0.0000
 0.7886  0.0000  0.1425  0.4645  0.7228  0.4789  0.4202  0.9066  0.3557  1.0000  0.6455  0.2010  0.5941  0.4946  0.6438  0.6871  0.6961  0.6047  0.4785  0.1292  0.0000  0.7619  0.0000  0.0000  0.0000
 0.8047  0.0000  0.0720  0.6955  1.0000  0.1449  0.4371  0.1836  0.3046  0.8501  0.9030  0.3452  0.4743  0.2681  0.5546  0.5334  0.7303  0.5549  0.3443  0.0416  0.0000  0.1774  0.0000  0.0000  0.0000
 0.0063  0.0000  0.0006  0.0014  0.0088  0.0013  0.0046  0.0056  0.0027  0.1854  0.0063  0.0021  0.0841  0.0049  0.1553  1.0000  0.0052  0.0067  0.0035  0.0010  0.0000  0.0028  0.0000  0.0000  0.0000
 0.0090  0.0000  0.0023  0.0011  0.0023  0.1397  0.0018  0.0018  0.1405  0.0030  1.0000  0.0292  0.0022  0.0037  0.0045  0.0030  0.0026  0.0053  0.0271  0.0032  0.0000  0.0047  0.0000  0.0000  0.0000
//
