WARNING! H106 not allowed! score: 0.04 median: 2.88 # of sequence: 237
WARNING! V171 not allowed! score: 0.05 median: 2.88 # of sequence: 237
WARNING! H227 not allowed! score: 0.02 median: 2.88 # of sequence: 237
WARNING! N264 not allowed! score: 0.03 median: 2.88 # of sequence: 237
WARNING! A271 not allowed! score: 0.02 median: 2.88 # of sequence: 237
WARNING! D359 not allowed! score: 0.03 median: 2.88 # of sequence: 236
WARNING! S385 not allowed! score: 0.02 median: 2.88 # of sequence: 237
WARNING! M440 not allowed! score: 0.03 median: 2.87 # of sequence: 236
WARNING! H481 not allowed! score: 0.03 median: 2.86 # of sequence: 220
ID   UNK_ID; MATRIX
AC   UNK_AC
DE   UNK_DE
MA   UNK_BL
  A   B   C   D   E   F   G   H   I   K   L   M   N   P   Q   R   S   T   V   W   X   Y   Z   *   -
 0.0030  0.0000  0.0008  0.0004  0.0008  0.0078  0.0007  0.0006  0.0141  0.0010  0.1484  1.0000  0.0007  0.0012  0.0015  0.0010  0.0009  0.0017  0.0079  0.0010  0.0000  0.0012  0.0000  0.0000  0.0000
 0.1281  0.0000  0.0103  0.1959  1.0000  0.0124  0.3038  0.0399  0.0166  0.1851  0.0357  0.0132  0.1094  0.0649  0.1158  0.2183  0.0960  0.0608  0.0310  0.0069  0.0000  0.0214  0.0000  0.0000  0.0000
 0.2167  0.0000  0.0082  0.0199  0.0118  0.0036  0.0468  0.0045  0.0049  0.0126  0.0085  0.0040  0.1804  1.0000  0.0088  0.0081  0.3705  0.0390  0.0139  0.0015  0.0000  0.0039  0.0000  0.0000  0.0000
 0.4745  0.0000  0.2911  0.0639  0.0563  1.0000  0.2507  0.0209  0.0898  0.0581  0.1962  0.0537  0.0678  0.1242  0.0422  0.0425  0.3652  0.1807  0.1423  0.1065  0.0000  0.4189  0.0000  0.0000  0.0000
 0.4283  0.0000  0.3981  0.0439  0.0491  0.1101  0.2044  0.0180  0.1999  0.0589  1.0000  0.1239  0.0518  0.1121  0.0490  0.0446  0.3216  0.1726  0.2076  0.0186  0.0000  0.0355  0.0000  0.0000  0.0000
 0.0220  0.0000  0.0023  0.0082  0.0234  0.0035  0.0162  0.0137  0.0068  0.1019  0.0155  0.0053  0.0196  0.0139  0.3030  1.0000  0.2667  0.0222  0.0097  0.0025  0.0000  0.0071  0.0000  0.0000  0.0000
 0.3687  0.0000  0.0116  0.0217  0.1195  0.0180  0.0788  0.0709  0.0362  1.0000  0.0841  0.0283  0.0812  0.1493  0.1905  0.5734  0.0874  0.0937  0.0527  0.0129  0.0000  0.0365  0.0000  0.0000  0.0000
 0.1499  0.0000  0.0377  0.0303  0.2004  0.0410  0.1066  0.1345  0.0666  1.0000  0.1529  0.0506  0.1436  0.1140  0.3445  0.8741  0.1231  0.1576  0.0881  0.0251  0.0000  0.0874  0.0000  0.0000  0.0000
 0.0943  0.0000  0.1248  0.0267  0.0383  0.2490  0.1296  0.0647  0.2059  0.0431  1.0000  0.3554  0.0417  0.0375  0.0488  0.0489  0.0573  0.1487  0.1448  0.0302  0.0000  0.1189  0.0000  0.0000  0.0000
 1.0000  0.0000  0.0932  0.1178  0.1338  0.0396  0.5117  0.0333  0.0573  0.2283  0.1063  0.0489  0.1265  0.4094  0.1054  0.1272  0.6039  0.6794  0.1666  0.0164  0.0000  0.0364  0.0000  0.0000  0.0000
 1.0000  0.0000  0.1758  0.0745  0.0924  0.4726  0.4862  0.0240  0.1527  0.0963  0.2824  0.0846  0.0665  0.2338  0.0693  0.0707  0.4632  0.2081  0.3045  0.0893  0.0000  0.3337  0.0000  0.0000  0.0000
 0.0035  0.0000  0.0009  0.0004  0.0009  0.0084  0.0006  0.0006  0.0167  0.0011  1.0000  0.0441  0.0008  0.0014  0.0016  0.0011  0.0009  0.0021  0.1340  0.0010  0.0000  0.0011  0.0000  0.0000  0.0000
 0.2312  0.0000  0.0327  0.5386  0.5237  0.1635  0.3569  0.1296  0.0493  0.7066  0.0891  0.0319  0.9598  0.1330  0.2236  0.2441  1.0000  0.2400  0.0754  0.0176  0.0000  0.0739  0.0000  0.0000  0.0000
 0.2102  0.0000  0.0328  0.1437  0.2584  0.1809  0.1932  0.1831  0.0938  1.0000  0.1982  0.0659  0.2776  0.1564  0.3785  0.8672  0.2055  0.2075  0.1243  0.0380  0.0000  0.1503  0.0000  0.0000  0.0000
 0.5704  0.0000  0.2052  0.2673  0.3770  0.8113  0.3681  0.5509  0.4093  0.3692  0.7249  0.2296  0.3874  0.2286  0.3627  0.3917  0.4918  0.4480  0.5251  0.1855  0.0000  1.0000  0.0000  0.0000  0.0000
 1.0000  0.0000  0.1082  0.1004  0.1105  0.0691  0.4836  0.0411  0.1419  0.1286  0.1627  0.0658  0.1183  0.2749  0.0925  0.0937  0.7093  0.4859  0.2744  0.1954  0.0000  0.0664  0.0000  0.0000  0.0000
 0.0706  0.0000  0.0118  1.0000  0.1329  0.0157  0.1325  0.1515  0.0115  0.0703  0.1044  0.0077  0.2034  0.1388  0.0562  0.0357  0.1504  0.0646  0.0189  0.0062  0.0000  0.0296  0.0000  0.0000  0.0000
 1.0000  0.0000  0.1792  0.2251  0.1422  0.0438  0.6290  0.0579  0.0506  0.3941  0.1070  0.0483  0.2530  0.2626  0.1164  0.1465  0.6475  0.2617  0.1646  0.0180  0.0000  0.0488  0.0000  0.0000  0.0000
 0.0253  0.0000  0.0065  0.0033  0.0062  0.1587  0.0052  0.0043  1.0000  0.0545  0.4091  0.2944  0.0056  0.1171  0.0091  0.0073  0.0073  0.0180  0.2354  0.0055  0.0000  0.0096  0.0000  0.0000  0.0000
 0.0792  0.0000  0.0207  0.0114  0.0215  0.2473  0.0176  0.0216  0.3170  0.0265  1.0000  0.2186  0.0204  0.0304  0.0358  0.0266  0.0260  0.2523  0.2922  0.4314  0.0000  0.0549  0.0000  0.0000  0.0000
 0.0131  0.0000  0.0013  0.0029  0.0167  0.0024  0.0089  0.0100  0.0051  0.1442  0.0116  0.0039  0.0114  1.0000  0.1257  0.1374  0.0861  0.0134  0.0738  0.0018  0.0000  0.0051  0.0000  0.0000  0.0000
 0.8439  0.0000  0.1938  0.4644  0.6641  0.7559  0.4912  0.5777  0.4575  0.6416  0.7617  0.2568  0.4908  0.3095  0.5161  0.5418  0.6949  0.6107  0.6453  0.1878  0.0000  1.0000  0.0000  0.0000  0.0000
 0.3688  0.0000  0.0157  0.2567  0.4270  0.0225  1.0000  0.0435  0.2555  0.2392  0.1033  0.0287  0.2065  0.0816  0.2116  0.1302  0.1925  0.1470  0.0758  0.0075  0.0000  0.0255  0.0000  0.0000  0.0000
 0.3059  0.0000  0.0122  0.2563  0.2983  0.0117  1.0000  0.0759  0.0426  0.3832  0.0688  0.0241  0.1125  0.1808  0.1338  0.3325  0.3404  0.1990  0.0649  0.0282  0.0000  0.0092  0.0000  0.0000  0.0000
 0.6921  0.0000  0.0489  0.6088  1.0000  0.0476  0.3791  0.1117  0.1962  0.8946  0.2753  0.1005  0.5284  0.2489  0.5472  0.5073  0.7760  0.5200  0.2982  0.0162  0.0000  0.0775  0.0000  0.0000  0.0000
 0.0465  0.0000  0.0456  0.0145  0.0179  0.0059  0.0226  0.0529  0.0073  0.0988  0.0394  0.0040  0.0567  1.0000  0.0127  0.0119  0.4680  0.2119  0.0108  0.0019  0.0000  0.0078  0.0000  0.0000  0.0000
 0.6942  0.0000  0.0664  0.6859  1.0000  0.0665  0.4112  0.1115  0.1714  0.9122  0.2886  0.1198  0.4715  0.2836  0.5432  0.4887  0.8043  0.5835  0.3009  0.0159  0.0000  0.0356  0.0000  0.0000  0.0000
 0.7894  0.0000  0.0782  0.6069  1.0000  0.1784  0.4252  0.2573  0.2494  0.9113  0.3993  0.1330  0.5450  0.3554  0.6046  0.5332  0.7669  0.5992  0.3723  0.0468  0.0000  0.2068  0.0000  0.0000  0.0000
 0.7347  0.0000  0.0482  0.6513  0.8651  0.0525  0.6560  0.1114  0.1830  1.0000  0.3034  0.1632  0.6293  0.4093  0.5418  0.4537  0.7811  0.7505  0.2961  0.0173  0.0000  0.0648  0.0000  0.0000  0.0000
 0.8362  0.0000  0.0937  0.6231  1.0000  0.2608  0.4550  0.2606  0.2953  0.9249  0.4497  0.1715  0.5530  0.3598  0.6144  0.5744  0.8087  0.7111  0.4172  0.0627  0.0000  0.2899  0.0000  0.0000  0.0000
 0.5745  0.0000  0.0349  0.4809  0.7529  0.3280  0.3525  0.0794  0.1223  0.6588  0.1973  0.0692  0.3683  1.0000  0.4534  0.3664  0.6189  0.4475  0.2036  0.0113  0.0000  0.0251  0.0000  0.0000  0.0000
 0.3349  0.0000  0.0130  0.2701  0.2860  0.0122  1.0000  0.0515  0.0456  0.3245  0.1004  0.0544  0.4373  0.1240  0.3817  0.3091  0.3054  0.2837  0.0857  0.0042  0.0000  0.0092  0.0000  0.0000  0.0000
 0.4705  0.0000  0.0321  0.3424  0.5749  0.0581  0.4657  0.1292  0.2729  0.5661  0.1750  0.0612  0.2831  0.2603  0.5433  0.2900  1.0000  0.3961  0.1634  0.0127  0.0000  0.0389  0.0000  0.0000  0.0000
 1.0000  0.0000  0.1027  0.3933  0.6256  0.1589  0.2746  0.1309  0.2104  0.6639  0.3674  0.1231  0.4088  0.2862  0.5065  0.4493  0.7015  0.5749  0.3014  0.0303  0.0000  0.1317  0.0000  0.0000  0.0000
 0.7783  0.0000  0.0690  0.7675  1.0000  0.0683  0.4465  0.2750  0.2041  0.8991  0.3044  0.1029  0.6017  0.3048  0.6040  0.5403  0.8735  0.6187  0.2767  0.0176  0.0000  0.0425  0.0000  0.0000  0.0000
 0.5435  0.0000  0.1920  0.2361  0.3413  0.7436  0.3399  0.5814  0.4032  0.3245  0.6421  0.2155  0.3114  0.4261  0.3461  0.4251  0.6061  0.4553  0.5789  0.1878  0.0000  1.0000  0.0000  0.0000  0.0000
 0.5303  0.0000  0.1749  0.2444  0.2928  0.6985  0.3372  0.5522  0.4081  0.3125  0.6483  0.2191  0.3539  0.2128  0.3266  0.3640  0.4626  0.4027  0.5123  0.2001  0.0000  1.0000  0.0000  0.0000  0.0000
 0.8263  0.0000  0.0866  0.6487  1.0000  0.2276  0.4230  0.2318  0.2768  0.9386  0.4230  0.1444  0.5356  0.3164  0.6130  0.5790  0.7796  0.6960  0.3697  0.0547  0.0000  0.2629  0.0000  0.0000  0.0000
 0.4682  0.0000  0.0289  0.9614  0.5622  0.0275  0.2851  0.0862  0.1009  0.5538  0.2683  0.0746  0.6292  0.3996  0.3544  0.4260  1.0000  0.5381  0.2043  0.0094  0.0000  0.0318  0.0000  0.0000  0.0000
 0.1687  0.0000  0.0018  0.0694  0.0342  0.0017  0.0129  0.0041  0.0301  0.1771  0.0218  0.0036  0.0677  1.0000  0.1114  0.0303  0.0493  0.0592  0.1123  0.0006  0.0000  0.0013  0.0000  0.0000  0.0000
 0.7910  0.0000  0.0802  0.5912  1.0000  0.1225  0.4362  0.1641  0.2481  0.8241  0.5393  0.1380  0.4560  0.3736  0.5408  0.4803  0.6928  0.7646  0.5788  0.0356  0.0000  0.1810  0.0000  0.0000  0.0000
 0.3389  0.0000  0.0172  0.1812  0.2905  0.0219  0.2264  0.0959  0.1790  0.3363  0.1079  0.0326  0.4411  1.0000  0.3084  0.1641  0.5292  0.1832  0.2832  0.0069  0.0000  0.0217  0.0000  0.0000  0.0000
 0.7983  0.0000  0.0502  0.5966  1.0000  0.0471  0.3828  0.1143  0.1874  0.8876  0.3549  0.1081  0.5027  0.3870  0.6017  0.5350  0.7616  0.6845  0.2984  0.0162  0.0000  0.0406  0.0000  0.0000  0.0000
 0.5068  0.0000  0.1762  0.2053  0.2729  0.7013  0.3291  0.5394  0.3952  0.2902  0.6507  0.2203  0.3068  0.2060  0.2973  0.3480  0.4026  0.3911  0.5001  0.1839  0.0000  1.0000  0.0000  0.0000  0.0000
 0.5212  0.0000  0.0239  0.1515  0.2920  0.0970  0.1187  0.2124  0.1030  0.2910  0.1306  0.0374  0.1349  1.0000  0.2445  0.3341  0.3814  0.2209  0.1097  0.0174  0.0000  0.2141  0.0000  0.0000  0.0000
 1.0000  0.0000  0.0186  0.2547  0.3712  0.0508  0.3779  0.0424  0.0988  0.3687  0.3086  0.0369  0.3604  0.8533  0.3096  0.2211  0.7200  0.3101  0.1630  0.0061  0.0000  0.0137  0.0000  0.0000  0.0000
 0.6762  0.0000  0.0589  0.5610  1.0000  0.0431  0.4943  0.1165  0.1811  0.8166  0.2816  0.1016  0.4321  0.3270  0.5680  0.4587  0.6429  0.5116  0.2540  0.0148  0.0000  0.0328  0.0000  0.0000  0.0000
 0.2837  0.0000  0.0049  0.1716  0.1149  0.0047  0.1937  0.0882  0.0172  0.0978  0.1029  0.0097  0.0454  1.0000  0.0716  0.1025  0.1751  0.1020  0.0626  0.0016  0.0000  0.0037  0.0000  0.0000  0.0000
 0.7601  0.0000  0.0607  0.6199  1.0000  0.0625  0.3855  0.1297  0.1934  0.9223  0.3205  0.1091  0.4943  0.2783  0.5856  0.5233  0.7363  0.5734  0.2918  0.0204  0.0000  0.0570  0.0000  0.0000  0.0000
 0.6091  0.0000  0.0228  0.3946  0.9057  0.0212  0.2942  0.0904  0.1050  0.4247  0.1838  0.0935  0.2783  0.2163  0.2735  0.4578  1.0000  0.4831  0.1727  0.0073  0.0000  0.0161  0.0000  0.0000  0.0000
 0.6463  0.0000  0.0340  0.6590  0.9349  0.0318  0.8222  0.1048  0.1193  0.6472  0.2282  0.0675  0.4781  1.0000  0.4130  0.4404  0.6670  0.4264  0.2173  0.0109  0.0000  0.0241  0.0000  0.0000  0.0000
 0.7201  0.0000  0.0540  0.7962  1.0000  0.1244  0.9963  0.2647  0.1808  0.9002  0.4569  0.1022  0.5438  0.4072  0.6276  0.5523  0.6964  0.6231  0.2719  0.0222  0.0000  0.0876  0.0000  0.0000  0.0000
 0.7656  0.0000  0.0577  0.6310  1.0000  0.0640  0.3949  0.1301  0.1919  0.9220  0.3111  0.1085  0.4945  0.2915  0.5857  0.5262  0.7330  0.5720  0.3219  0.0205  0.0000  0.0570  0.0000  0.0000  0.0000
 0.5060  0.0000  0.0347  0.4961  0.6856  0.0324  0.2473  0.1860  0.1341  0.8442  0.2240  0.0688  0.5433  0.1915  0.7035  0.5044  0.4995  1.0000  0.2105  0.0112  0.0000  0.0247  0.0000  0.0000  0.0000
 0.0543  0.0000  0.0093  0.0107  0.0143  0.1756  0.0172  0.0553  0.7460  0.0343  1.0000  0.0615  0.0160  0.0349  0.0322  0.0803  0.0209  0.2849  0.1794  0.0097  0.0000  0.1428  0.0000  0.0000  0.0000
 0.0307  0.0000  0.0011  0.0004  0.0006  1.0000  0.0004  0.0001  0.0055  0.0001  0.0402  0.0027  0.0001  0.0009  0.0001  0.0001  0.0015  0.0016  0.4468  0.0099  0.0000  0.3350  0.0000  0.0000  0.0000
 0.0554  0.0000  0.0020  0.0005  0.0150  0.0011  0.0002  0.0006  0.2421  0.0253  0.0843  0.0022  0.0009  0.0023  0.0127  0.0759  0.0017  0.0285  1.0000  0.0002  0.0000  0.0005  0.0000  0.0000  0.0000
 1.0000  0.0000  0.0004  0.0003  0.0059  0.0001  0.0354  0.0001  0.0002  0.0004  0.0004  0.0002  0.0003  0.0010  0.0003  0.0003  0.0097  0.0007  0.0006  0.0001  0.0000  0.0001  0.0000  0.0000  0.0000
 0.0009  0.0000  0.0001  0.0001  0.0008  0.0010  0.0004  0.0005  0.0583  0.0391  1.0000  0.0013  0.0006  0.0006  0.0076  0.0164  0.0005  0.0008  0.0013  0.0002  0.0000  0.0004  0.0000  0.0000  0.0000
 0.0010  0.0000  0.0002  0.0011  0.0009  0.1859  0.0012  0.0429  0.0006  0.0089  0.0012  0.0004  0.0015  0.0006  0.0011  0.0020  0.0011  0.0009  0.0007  0.0002  0.0000  1.0000  0.0000  0.0000  0.0000
 0.0022  0.0000  0.0003  1.0000  0.0184  0.0003  0.0039  0.0013  0.0003  0.0289  0.0005  0.0002  0.0706  0.0733  0.0235  0.0011  0.1007  0.0174  0.0005  0.0002  0.0000  0.0007  0.0000  0.0000  0.0000
 0.0003  0.0000  0.0001  0.0000  0.0001  0.2505  0.0000  0.0000  0.0006  0.0000  0.0015  0.0003  0.0000  0.0001  0.0000  0.0000  0.0002  0.0002  0.0006  0.0014  0.0000  1.0000  0.0000  0.0000  0.0000
 0.0741  0.0000  0.0011  0.5408  1.0000  0.0011  0.0080  0.0027  0.0038  0.0741  0.0062  0.0022  0.0631  0.0063  0.2432  0.0107  0.0558  0.2066  0.0144  0.0004  0.0000  0.0009  0.0000  0.0000  0.0000
 1.0000  0.0000  0.0013  0.0010  0.0012  0.0005  0.0989  0.0002  0.0006  0.0013  0.0013  0.0006  0.0009  0.1364  0.0100  0.0009  0.1995  0.0023  0.0022  0.0002  0.0000  0.0004  0.0000  0.0000  0.0000
 0.1190  0.0000  0.0429  0.0442  0.0606  0.1291  0.1630  0.1004  0.1938  0.0746  0.1277  0.0803  0.0936  0.0403  0.0601  1.0000  0.1409  0.0844  0.1598  0.0766  0.0000  0.1837  0.0000  0.0000  0.0000
 0.1899  0.0000  0.0803  0.1083  0.0815  0.0337  0.1301  0.1568  0.0804  0.0868  0.0616  0.0297  0.1920  0.0910  0.0669  0.0568  0.5981  1.0000  0.0881  0.0154  0.0000  0.0449  0.0000  0.0000  0.0000
 0.4904  0.0000  0.0102  0.6636  1.0000  0.0095  0.1996  0.0647  0.0358  0.1929  0.0577  0.0202  0.1345  0.1667  0.1404  0.1226  0.3034  0.2216  0.0546  0.0033  0.0000  0.0072  0.0000  0.0000  0.0000
 0.1573  0.0000  0.0039  1.0000  0.7302  0.0036  0.3161  0.0143  0.0065  0.0416  0.0111  0.0040  0.2659  0.0170  0.0284  0.1303  0.0819  0.3129  0.0102  0.0016  0.0000  0.0066  0.0000  0.0000  0.0000
 0.0013  0.0000  0.0000  1.0000  0.1278  0.0001  0.0008  0.0004  0.0002  0.0013  0.0003  0.0001  0.0136  0.0008  0.0849  0.0004  0.0009  0.0006  0.0003  0.0001  0.0000  0.0002  0.0000  0.0000  0.0000
 0.0004  0.0000  0.0001  0.0001  0.0001  0.0010  0.0001  0.0001  0.0018  0.0001  1.0000  0.0012  0.0001  0.0002  0.0002  0.0001  0.0001  0.0002  0.0263  0.0001  0.0000  0.0001  0.0000  0.0000  0.0000
 0.0292  0.0000  0.0007  0.0203  0.0149  0.0005  0.1676  0.0015  0.0009  0.0035  0.0012  0.0005  0.0153  0.0120  0.0596  0.0019  1.0000  0.1772  0.0015  0.0003  0.0000  0.0009  0.0000  0.0000  0.0000
 0.0012  0.0000  0.0003  0.0001  0.0003  1.0000  0.0002  0.0002  0.0057  0.0004  0.1192  0.0287  0.0003  0.0005  0.0006  0.0004  0.0003  0.0007  0.1479  0.0004  0.0000  0.0007  0.0000  0.0000  0.0000
 0.0362  0.0000  0.0026  0.0575  0.2440  0.0025  0.0183  0.1076  0.0090  1.0000  0.1129  0.0051  0.0238  0.0133  0.1982  0.5161  0.1638  0.0986  0.1030  0.0009  0.0000  0.0020  0.0000  0.0000  0.0000
 0.0735  0.0000  0.0001  0.0003  0.0384  0.0002  0.0079  0.0010  0.0005  1.0000  0.0011  0.0004  0.0011  0.0009  0.0080  0.0894  0.0010  0.0012  0.0006  0.0002  0.0000  0.0005  0.0000  0.0000  0.0000
 0.0010  0.0000  0.0002  0.0228  0.0007  0.0001  1.0000  0.0005  0.0001  0.0007  0.0002  0.0001  0.0023  0.0006  0.0004  0.0059  0.0013  0.0005  0.0002  0.0001  0.0000  0.0003  0.0000  0.0000  0.0000
 0.0025  0.0000  0.0000  0.5961  1.0000  0.0002  0.0009  0.0006  0.0003  0.0025  0.0006  0.0002  0.0010  0.0015  0.0153  0.0007  0.0013  0.0011  0.0006  0.0001  0.0000  0.0003  0.0000  0.0000  0.0000
 0.0152  0.0000  0.0014  0.0029  0.0633  0.0031  0.0107  0.1889  0.1191  1.0000  0.1144  0.0050  0.0295  0.0118  0.3324  0.7818  0.0125  0.0356  0.0086  0.0023  0.0000  0.0067  0.0000  0.0000  0.0000
 0.0015  0.0000  0.0004  0.0002  0.0004  0.2780  0.0003  0.0003  0.0075  0.0005  1.0000  0.2176  0.0004  0.0006  0.0008  0.0005  0.0004  0.0009  0.1117  0.0005  0.0000  0.0006  0.0000  0.0000  0.0000
 0.1364  0.0000  0.0891  0.1274  0.5369  0.1221  0.0812  0.2818  0.1585  0.4651  0.2229  0.0444  0.0851  0.0530  1.0000  0.4747  0.2067  0.1046  0.1831  0.0324  0.0000  0.4124  0.0000  0.0000  0.0000
 0.1073  0.0000  0.0004  0.0002  0.0003  0.0009  0.0003  0.0000  1.0000  0.0004  0.0449  0.0010  0.0002  0.0003  0.0002  0.0003  0.0004  0.0012  0.4149  0.0001  0.0000  0.0004  0.0000  0.0000  0.0000
 0.0050  0.0000  0.0011  0.0003  0.0008  0.0020  0.0002  0.0003  0.3052  0.0246  1.0000  0.0027  0.0005  0.0011  0.0279  0.0006  0.0009  0.0626  0.1425  0.0003  0.0000  0.0005  0.0000  0.0000  0.0000
 0.0388  0.0000  0.0011  0.2285  0.3889  0.0014  0.0114  0.0043  0.0033  0.1963  0.0056  0.0020  1.0000  0.0078  0.0255  0.0310  0.1154  0.0113  0.0053  0.0006  0.0000  0.0018  0.0000  0.0000  0.0000
 0.2155  0.0000  0.0352  0.5477  0.8588  0.0107  0.1565  0.0262  0.0517  0.7961  0.0651  0.0228  1.0000  0.0592  0.3535  0.1483  0.3697  0.3461  0.0615  0.0037  0.0000  0.0081  0.0000  0.0000  0.0000
 0.1865  0.0000  0.0098  0.2481  0.3764  0.0091  0.1159  0.1721  0.0342  0.1852  0.1141  0.0193  0.1824  0.0501  0.1389  0.1707  0.8354  1.0000  0.0640  0.0031  0.0000  0.0069  0.0000  0.0000  0.0000
 0.1033  0.0000  0.0018  0.5036  1.0000  0.0081  0.6844  0.0556  0.0102  0.0880  0.0191  0.0078  0.0516  0.0527  0.2165  0.0243  0.0496  0.0392  0.0196  0.0038  0.0000  0.0117  0.0000  0.0000  0.0000
 0.0502  0.0000  0.0059  0.4544  0.6373  0.0066  1.0000  0.0282  0.0051  0.0537  0.0103  0.0040  0.1335  0.1419  0.0513  0.0216  0.1172  0.0332  0.0098  0.0033  0.0000  0.0443  0.0000  0.0000  0.0000
 0.1747  0.0000  0.0404  0.9349  0.3032  0.0355  0.6054  0.1836  0.0179  0.2461  0.0394  0.0142  1.0000  0.1401  0.1712  0.1226  0.4597  0.1815  0.0300  0.0622  0.0000  0.1065  0.0000  0.0000  0.0000
 0.0056  0.0000  0.0834  0.0004  0.0009  0.0049  0.0004  0.0002  0.0952  0.0009  0.0101  0.0024  0.0005  0.0013  0.0007  0.0006  0.0011  0.0039  0.0537  1.0000  0.0000  0.0033  0.0000  0.0000  0.0000
 0.0652  0.0000  0.0152  0.0201  0.2216  0.2916  0.0440  0.0643  0.0407  0.4664  0.2868  0.0257  0.0502  0.0377  0.1023  0.2182  0.0522  0.0591  0.0521  1.0000  0.0000  0.1332  0.0000  0.0000  0.0000
 0.9155  0.0000  0.1721  0.2427  0.4792  0.7226  0.3333  0.5294  0.3866  0.3480  0.8209  0.2595  0.3164  0.2116  0.3410  0.3941  0.4139  0.4002  0.4949  0.1791  0.0000  1.0000  0.0000  0.0000  0.0000
 1.0000  0.0000  0.0186  0.0072  0.0533  0.0090  0.0297  0.0343  0.0182  0.4420  0.0403  0.0134  0.0372  0.0313  0.2298  0.5571  0.0340  0.0427  0.0897  0.0062  0.0000  0.0327  0.0000  0.0000  0.0000
 0.0424  0.0000  0.0032  0.0312  0.1771  0.0040  0.0226  0.2633  0.0117  0.2308  0.0579  0.0071  0.0426  0.0179  0.1026  1.0000  0.5542  0.0931  0.0761  0.0018  0.0000  0.0049  0.0000  0.0000  0.0000
 0.1673  0.0000  0.0198  0.0322  0.2030  0.0674  0.1091  0.1451  0.1281  1.0000  0.3582  0.0890  0.1480  0.1209  0.3439  0.8431  0.1813  0.1854  0.1239  0.0278  0.0000  0.0768  0.0000  0.0000  0.0000
 0.4462  0.0000  0.0938  0.2994  0.4154  0.3381  0.2751  0.2739  0.3574  0.5547  1.0000  0.1566  0.2814  0.1842  0.3189  0.3071  0.7977  0.5403  0.4579  0.0864  0.0000  0.4519  0.0000  0.0000  0.0000
 0.8414  0.0000  0.0491  0.7231  0.9090  0.0706  0.5721  0.1125  0.2186  1.0000  0.3025  0.0966  0.4841  0.2485  0.5383  0.5059  0.8395  0.8452  0.2825  0.0165  0.0000  0.0398  0.0000  0.0000  0.0000
 0.0331  0.0000  0.0014  0.0255  0.0112  0.0010  0.0053  0.0019  0.0032  0.0907  0.0042  0.0017  0.0196  0.0850  0.1029  0.0571  0.2915  1.0000  0.0049  0.0005  0.0000  0.0010  0.0000  0.0000  0.0000
 0.0534  0.0000  0.0039  0.0420  0.0880  0.0043  1.0000  0.0113  0.0140  0.1650  0.0889  0.0190  0.1081  0.1601  0.0890  0.1960  0.0820  0.0416  0.0246  0.0017  0.0000  0.0045  0.0000  0.0000  0.0000
 0.1101  0.0000  0.0077  0.0820  0.3868  0.0095  0.1255  0.1195  0.0602  1.0000  0.2506  0.0148  0.2593  0.0369  0.8313  0.3918  0.4488  0.0765  0.0394  0.0031  0.0000  0.0273  0.0000  0.0000  0.0000
 0.1840  0.0000  0.0103  0.1358  1.0000  0.0096  0.0735  0.0234  0.0361  0.2766  0.0583  0.0204  0.1511  0.0530  0.2496  0.1575  0.2860  0.6178  0.2047  0.0033  0.0000  0.0073  0.0000  0.0000  0.0000
 0.0000  0.0000  0.0000  0.0000  0.0000  0.0000  1.0000  0.0000  0.0000  0.0000  0.0000  0.0000  0.0000  0.0000  0.0000  0.0000  0.0000  0.0000  0.0000  0.0000  0.0000  0.0000  0.0000  0.0000  0.0000
 0.0009  0.0000  0.0119  0.0001  0.0002  0.2846  0.0001  0.0000  0.0019  0.0000  0.2189  0.0009  0.0000  0.0003  0.0000  0.0000  0.0006  0.0005  0.0017  0.1116  0.0000  1.0000  0.0000  0.0000  0.0000
 0.0003  0.0000  0.0001  0.0001  0.0001  0.0006  0.0002  0.0000  1.0000  0.0002  0.0450  0.0005  0.0001  0.0001  0.0000  0.0001  0.0002  0.0004  0.3599  0.0001  0.0000  0.0003  0.0000  0.0000  0.0000
 0.0000  0.0000  0.0000  0.0000  0.0000  0.0000  0.0000  0.0000  0.0000  0.0000  0.0000  0.0000  0.0000  1.0000  0.0000  0.0000  0.0000  0.0000  0.0000  0.0000  0.0000  0.0000  0.0000  0.0000  0.0000
 0.0897  0.0000  0.0338  0.0113  0.0150  0.0843  0.0181  0.0516  0.0695  0.0253  0.0357  0.0121  0.0168  0.0112  0.0254  0.0555  1.0000  0.0215  0.0834  0.0433  0.0000  0.0877  0.0000  0.0000  0.0000
 0.0011  0.0000  0.0004  0.0023  0.0008  0.0002  0.0021  0.0006  0.0003  0.0009  0.0004  0.0001  1.0000  0.0009  0.0006  0.0006  0.0027  0.1078  0.0004  0.0002  0.0000  0.0004  0.0000  0.0000  0.0000
 0.0009  0.0000  0.0008  0.0011  0.0006  0.2083  0.0020  0.0447  0.0008  0.0005  0.0017  0.0004  0.0010  0.0008  0.0005  0.0007  0.0007  0.0007  0.0008  0.0006  0.0000  1.0000  0.0000  0.0000  0.0000
 0.0003  0.0000  0.0001  0.0001  0.0001  0.0004  0.0001  0.0000  0.0924  0.0001  0.0685  0.0004  0.0001  0.0001  0.0000  0.0001  0.0001  0.0003  1.0000  0.0001  0.0000  0.0002  0.0000  0.0000  0.0000
 1.0000  0.0000  0.0005  0.0004  0.0093  0.0002  0.0066  0.0001  0.0002  0.0085  0.0005  0.0002  0.0004  0.0012  0.0004  0.0004  0.0026  0.0761  0.0099  0.0001  0.0000  0.0001  0.0000  0.0000  0.0000
 0.0788  0.0000  0.0026  0.0104  0.3443  0.0049  0.0189  0.0200  0.0107  0.7075  0.1100  0.0488  0.0245  1.0000  0.0557  0.3489  0.0382  0.0276  0.0147  0.0035  0.0000  0.0100  0.0000  0.0000  0.0000
 0.7314  0.0000  0.0153  0.0173  0.0441  0.0577  0.0275  0.0444  0.0364  0.0258  0.6991  0.0359  0.0803  0.0178  0.0250  0.0625  0.0770  0.0353  1.0000  0.0151  0.0000  0.1454  0.0000  0.0000  0.0000
 0.0688  0.0000  0.0036  0.0915  0.0204  0.0033  0.0669  0.0132  0.0029  0.0199  0.0047  0.0018  1.0000  0.0116  0.1468  0.0106  0.1262  0.2821  0.0046  0.0016  0.0000  0.0409  0.0000  0.0000  0.0000
 0.5489  0.0000  0.2047  0.5821  0.4683  0.7453  0.3716  0.5464  0.4198  0.3436  0.6885  0.2630  0.3346  0.4815  0.3266  0.3765  0.7089  0.4230  0.5161  0.2270  0.0000  1.0000  0.0000  0.0000  0.0000
 0.0490  0.0000  0.0034  1.0000  0.5201  0.0035  0.0248  0.0416  0.0456  0.5293  0.0200  0.0070  0.0563  0.0191  0.2654  0.2391  0.0463  0.0731  0.0184  0.0014  0.0000  0.0033  0.0000  0.0000  0.0000
 0.0021  0.0000  0.0004  0.0008  0.0005  0.0002  0.0006  0.0002  0.0006  0.0008  0.0005  0.0003  0.0015  0.0393  0.0006  0.0075  1.0000  0.1727  0.0109  0.0001  0.0000  0.0002  0.0000  0.0000  0.0000
 0.0043  0.0000  0.0012  0.0006  0.0011  0.0827  0.0011  0.0008  0.9907  0.0015  1.0000  0.1362  0.0011  0.0990  0.0020  0.0015  0.0013  0.0029  0.1408  0.0013  0.0000  0.0613  0.0000  0.0000  0.0000
 0.0754  0.0000  0.0001  0.1123  1.0000  0.0006  0.0029  0.0017  0.0008  0.0385  0.0015  0.0006  0.0542  0.0039  0.6898  0.0020  0.1790  0.0031  0.0016  0.0003  0.0000  0.0008  0.0000  0.0000  0.0000
 1.0000  0.0000  0.0035  0.1925  0.0656  0.0033  0.0248  0.0080  0.0273  0.2553  0.0198  0.0477  0.0323  0.0933  0.0529  0.0519  0.2864  0.2639  0.0768  0.0011  0.0000  0.0025  0.0000  0.0000  0.0000
 0.0020  0.0000  0.0000  0.0049  1.0000  0.0002  0.0009  0.1266  0.0003  0.0201  0.0006  0.0002  0.0010  0.0013  0.1316  0.0019  0.0011  0.0010  0.0005  0.0001  0.0000  0.0216  0.0000  0.0000  0.0000
 0.1167  0.0000  0.0066  0.3763  1.0000  0.0071  0.0499  0.0175  0.0238  0.2437  0.0509  0.0138  0.0641  0.5785  0.0865  0.0971  0.2265  0.0952  0.0369  0.0026  0.0000  0.0061  0.0000  0.0000  0.0000
 0.0000  0.0000  0.0000  0.0000  0.0000  0.0000  0.0000  0.0000  0.0000  0.0000  0.0000  0.0000  0.0000  0.0000  0.0000  0.0000  0.0000  0.0000  0.0000  1.0000  0.0000  0.0000  0.0000  0.0000  0.0000
 0.0016  0.0000  0.0005  0.0006  0.0007  0.6925  0.0010  0.0062  0.0023  0.0008  0.0059  0.0014  0.0008  0.0006  0.0007  0.0009  0.0010  0.0010  0.0128  0.0008  0.0000  1.0000  0.0000  0.0000  0.0000
 0.0011  0.0000  0.0003  0.0002  0.0003  1.0000  0.0003  0.1272  0.0113  0.0004  0.0413  0.0030  0.0004  0.0005  0.0006  0.0005  0.0004  0.0007  0.0026  0.0004  0.0000  0.0614  0.0000  0.0000  0.0000
 0.0207  0.0000  0.0011  0.0093  0.0834  0.0017  1.0000  0.0070  0.0037  0.4064  0.0080  0.0027  0.0322  0.0071  0.0355  0.1666  0.1228  0.0106  0.0052  0.0011  0.0000  0.0034  0.0000  0.0000  0.0000
 0.2400  0.0000  0.0108  0.3657  0.2008  0.0101  0.2776  0.0253  0.0371  1.0000  0.0600  0.0210  0.4075  0.2213  0.1328  0.1447  0.2265  0.1719  0.0566  0.0035  0.0000  0.0081  0.0000  0.0000  0.0000
 0.0029  0.0000  0.0151  0.0002  0.0005  0.0016  0.0002  0.0002  1.0000  0.0006  0.2201  0.2075  0.0003  0.0007  0.0165  0.0004  0.0006  0.0058  0.1864  0.0002  0.0000  0.0004  0.0000  0.0000  0.0000
 0.1312  0.0000  0.0229  0.0428  0.0434  0.0064  0.5398  0.0107  0.0170  0.5177  0.0216  0.0096  0.1394  0.0512  0.0328  0.0831  1.0000  0.5623  0.0289  0.0034  0.0000  0.0073  0.0000  0.0000  0.0000
 0.0000  0.0000  0.0000  0.0000  0.0000  0.0000  0.0000  0.0000  0.0000  0.0000  0.0000  0.0000  0.0000  0.0000  0.0000  1.0000  0.0000  0.0000  0.0000  0.0000  0.0000  0.0000  0.0000  0.0000  0.0000
 0.3647  0.0000  0.0103  0.1166  0.1883  0.0099  0.0715  0.0238  0.1450  1.0000  0.0578  0.0352  0.3048  0.0715  0.1363  0.2970  0.1698  0.2131  0.2054  0.0035  0.0000  0.0081  0.0000  0.0000  0.0000
 0.1301  0.0000  0.0001  1.0000  0.5361  0.0006  0.0023  0.0015  0.0007  0.0752  0.0014  0.0006  0.0106  0.0038  0.1478  0.0017  0.0031  0.0027  0.0014  0.0003  0.0000  0.0008  0.0000  0.0000  0.0000
 1.0000  0.0000  0.0004  0.0003  0.0003  0.0001  0.0020  0.0001  0.0002  0.0004  0.0004  0.0002  0.0003  0.0009  0.0003  0.0003  0.0973  0.0147  0.0006  0.0001  0.0000  0.0001  0.0000  0.0000  0.0000
 0.0017  0.0000  0.0000  0.0336  1.0000  0.0002  0.0133  0.0005  0.0002  0.0018  0.0004  0.0422  0.0099  0.0011  0.0920  0.0005  0.0010  0.0008  0.0004  0.0001  0.0000  0.0002  0.0000  0.0000  0.0000
 0.0113  0.0000  0.0003  0.0005  0.0041  0.0006  0.0021  0.0027  0.0013  0.6679  0.0030  0.0010  0.0029  0.0023  0.1535  1.0000  0.0024  0.0032  0.0017  0.0005  0.0000  0.1313  0.0000  0.0000  0.0000
 0.3128  0.0000  0.1010  0.1072  0.2085  0.3837  0.1952  0.3175  0.3096  0.6510  1.0000  0.1922  0.2003  0.1463  0.6458  0.5379  0.2365  0.2543  0.3416  0.1116  0.0000  0.4963  0.0000  0.0000  0.0000
 0.0003  0.0000  0.0001  0.0000  0.0001  0.0009  0.0001  0.0001  0.0092  0.0001  1.0000  0.0011  0.0001  0.0001  0.0002  0.0001  0.0001  0.0002  0.0009  0.0001  0.0000  0.0001  0.0000  0.0000  0.0000
 0.0039  0.0000  0.0006  0.0017  0.0167  0.0020  0.0022  0.0025  0.0226  0.0251  1.0000  0.0500  0.0171  0.0020  0.0233  0.0178  0.0861  0.0034  0.0130  0.0006  0.0000  0.0025  0.0000  0.0000  0.0000
 1.0000  0.0000  0.1150  0.1183  0.1573  0.4109  0.2025  0.3385  0.2271  0.1674  0.6127  0.2099  0.4305  0.1177  0.2405  0.2004  0.8170  0.2256  0.3182  0.1067  0.0000  0.6935  0.0000  0.0000  0.0000
 0.1511  0.0000  0.0279  0.0332  0.0431  0.0734  0.1432  0.0319  0.0313  0.0321  0.0593  0.0132  0.0873  1.0000  0.0392  0.0473  0.2591  0.1207  0.0267  0.0051  0.0000  0.0263  0.0000  0.0000  0.0000
 0.5015  0.0000  0.0830  0.2412  0.7116  0.3168  1.0000  0.2244  0.3323  0.3529  0.3523  0.1310  0.2745  0.1785  0.3453  0.2640  0.3515  0.3109  0.2756  0.0700  0.0000  0.3650  0.0000  0.0000  0.0000
 0.0164  0.0000  0.0010  0.0003  0.0008  0.0007  0.0001  0.0002  0.0152  0.0008  0.0350  0.0012  1.0000  0.0011  0.0124  0.0005  0.0010  0.0169  0.0272  0.0001  0.0000  0.0002  0.0000  0.0000  0.0000
 0.5002  0.0000  0.0297  0.2256  0.8716  0.0153  0.1344  0.0669  0.0573  0.7802  0.1098  0.1381  0.2577  1.0000  0.9691  0.2082  0.5092  0.6018  0.1490  0.0053  0.0000  0.0116  0.0000  0.0000  0.0000
 0.6515  0.0000  0.1226  0.3219  0.3681  0.3743  0.2559  0.6326  0.2598  0.4326  0.5018  0.1500  0.2701  0.4279  0.4635  1.0000  0.4530  0.4589  0.3807  0.0993  0.0000  0.5562  0.0000  0.0000  0.0000
 0.0000  0.0000  0.0000  0.0000  0.0000  0.0000  1.0000  0.0000  0.0000  0.0000  0.0000  0.0000  0.0000  0.0000  0.0000  0.0000  0.0000  0.0000  0.0000  0.0000  0.0000  0.0000  0.0000  0.0000  0.0000
 0.8281  0.0000  0.0025  0.0048  0.0032  0.0012  0.0035  0.0014  0.0993  0.0327  0.0035  0.0240  0.0087  0.0059  0.0280  0.0031  1.0000  0.8209  0.0066  0.0008  0.0000  0.0014  0.0000  0.0000  0.0000
 0.0002  0.0000  0.0001  0.0000  0.0001  1.0000  0.0000  0.0000  0.0004  0.0000  0.0011  0.0002  0.0000  0.0001  0.0000  0.0000  0.0001  0.0001  0.0004  0.0010  0.0000  0.0658  0.0000  0.0000  0.0000
 0.0004  0.0000  0.0001  0.0001  0.0001  0.0012  0.0001  0.0001  0.0372  0.0002  1.0000  0.0781  0.0001  0.0002  0.0002  0.0002  0.0037  0.0003  0.0073  0.0001  0.0000  0.0001  0.0000  0.0000  0.0000
 0.0004  0.0000  0.0001  0.0001  0.0001  0.0007  0.0002  0.0000  1.0000  0.0002  0.0233  0.0006  0.0001  0.0001  0.0001  0.0002  0.0002  0.0005  0.6005  0.0001  0.0000  0.0003  0.0000  0.0000  0.0000
 0.0005  0.0000  0.0000  0.0002  0.0006  0.0001  0.0006  0.0004  0.0002  0.0127  0.0005  0.0001  0.0004  0.0006  0.0009  1.0000  0.0004  0.0005  0.0003  0.0001  0.0000  0.0002  0.0000  0.0000  0.0000
 0.0291  0.0000  0.0002  0.3170  1.0000  0.0010  0.0267  0.0027  0.0467  0.0468  0.0025  0.0010  0.0046  0.1579  0.0148  0.0030  0.0057  0.0049  0.0026  0.0005  0.0000  0.0014  0.0000  0.0000  0.0000
 0.0302  0.0000  0.0005  0.0004  0.0004  0.0002  0.0357  0.0001  0.0002  0.0004  0.0004  0.0002  0.0003  0.0011  0.0003  0.0003  1.0000  0.0008  0.0007  0.0001  0.0000  0.0001  0.0000  0.0000  0.0000
 0.0008  0.0000  0.0000  0.0100  1.0000  0.0001  0.0003  0.0002  0.0001  0.0008  0.0002  0.0001  0.0004  0.0005  0.0033  0.0002  0.0124  0.0004  0.0002  0.0000  0.0000  0.0001  0.0000  0.0000  0.0000
 0.0611  0.0000  0.0008  0.0015  0.0010  0.0004  0.0013  0.0450  0.0011  0.0015  0.0010  0.0005  0.0028  0.0019  0.0011  0.0009  0.7496  1.0000  0.0017  0.0002  0.0000  0.0004  0.0000  0.0000  0.0000
 0.1614  0.0000  0.0078  0.0788  0.1264  0.0110  0.0493  0.0904  0.0399  0.2373  0.1692  0.0326  0.2591  0.0355  0.2421  0.2445  0.5524  1.0000  0.0639  0.0034  0.0000  0.0116  0.0000  0.0000  0.0000
 0.2151  0.0000  0.0170  0.1170  0.2069  0.0343  0.0884  0.1376  0.1144  1.0000  0.1195  0.0317  0.1124  0.4418  0.1959  0.2360  0.1980  0.1435  0.1117  0.0116  0.0000  0.0458  0.0000  0.0000  0.0000
 0.0008  0.0000  0.0002  0.0388  0.0012  0.0002  1.0000  0.0194  0.0001  0.0011  0.0002  0.0001  0.1021  0.0006  0.0008  0.0006  0.0022  0.0008  0.0001  0.0001  0.0000  0.0004  0.0000  0.0000  0.0000
 1.0000  0.0000  0.0542  0.7219  0.5469  0.0227  0.3894  0.0647  0.0724  0.3714  0.1172  0.0414  0.3487  0.1197  0.3966  0.2079  0.7560  0.3176  0.1114  0.0086  0.0000  0.0244  0.0000  0.0000  0.0000
 0.0020  0.0000  0.0005  0.0004  0.0008  0.4944  0.0007  0.0008  0.0071  0.0021  0.0536  0.0047  0.0008  0.0009  0.0014  0.1127  0.0009  0.0013  0.0042  0.0007  0.0000  1.0000  0.0000  0.0000  0.0000
 0.0355  0.0000  0.1047  0.0011  0.0008  0.0003  0.0027  0.0003  0.0007  0.0011  0.0009  0.0005  0.0017  0.0019  0.0008  0.0007  1.0000  0.0643  0.0015  0.0002  0.0000  0.0003  0.0000  0.0000  0.0000
 0.0005  0.0000  0.0001  0.0001  0.0001  0.0013  0.0001  0.0001  0.1343  0.0002  1.0000  0.0203  0.0001  0.0002  0.0003  0.0002  0.0001  0.0003  0.0013  0.0002  0.0000  0.0002  0.0000  0.0000  0.0000
 0.0015  0.0000  0.0002  0.0004  0.0003  0.0001  0.0008  0.0001  0.0002  0.0004  0.0003  0.0001  0.0006  0.0006  0.0003  0.0002  1.0000  0.0074  0.0004  0.0001  0.0000  0.0001  0.0000  0.0000  0.0000
 0.0500  0.0000  0.0005  0.0002  0.0004  0.0007  0.0002  0.0001  0.3638  0.0004  0.1662  0.0009  0.0002  0.0005  0.0003  0.0003  0.0004  0.0185  1.0000  0.0001  0.0000  0.0003  0.0000  0.0000  0.0000
 0.0039  0.0000  0.0004  0.0007  0.0053  0.0215  0.0027  0.0034  0.0018  0.1371  0.1047  0.0152  0.0037  0.0030  0.0291  1.0000  0.1074  0.0041  0.0023  0.0006  0.0000  0.0017  0.0000  0.0000  0.0000
 0.1186  0.0000  0.0006  1.0000  0.0706  0.0007  0.0062  0.0022  0.0009  0.0063  0.0016  0.0007  0.0081  0.0043  0.0072  0.0022  0.0465  0.0191  0.0018  0.0004  0.0000  0.0878  0.0000  0.0000  0.0000
 0.4917  0.0000  0.1770  0.2317  0.3693  0.7492  0.7137  0.5480  0.3957  0.2941  0.6478  0.2140  0.3140  0.1980  0.3786  0.3402  0.3886  0.3793  0.4926  0.3671  0.0000  1.0000  0.0000  0.0000  0.0000
 0.1461  0.0000  0.0002  1.0000  0.2694  0.0010  0.1901  0.0027  0.0013  0.0322  0.0024  0.0010  0.0051  0.0065  0.0380  0.0030  0.0058  0.0208  0.0025  0.0005  0.0000  0.0013  0.0000  0.0000  0.0000
 0.7498  0.0000  0.0528  0.5975  0.9729  0.0555  0.3927  0.3359  0.2167  1.0000  0.3066  0.1129  0.6909  0.2629  0.5708  0.6274  0.7645  0.7587  0.4585  0.0185  0.0000  0.0476  0.0000  0.0000  0.0000
 0.0085  0.0000  0.0046  0.0001  0.0004  0.0003  0.0000  0.0001  0.1637  0.0004  0.0018  0.0044  0.0002  0.0126  0.0003  0.0002  0.0004  0.0018  1.0000  0.0000  0.0000  0.0001  0.0000  0.0000  0.0000
 0.0082  0.0000  0.0733  0.0017  0.0107  0.0393  0.0058  0.0275  0.0038  1.0000  0.0086  0.0028  0.0078  0.0061  0.0179  0.0916  0.0067  0.0085  0.0050  0.0015  0.0000  0.0870  0.0000  0.0000  0.0000
 0.0000  0.0000  0.0000  0.0000  0.0000  0.0000  0.0000  1.0000  0.0000  0.0000  0.0000  0.0000  0.0000  0.0000  0.0000  0.0000  0.0000  0.0000  0.0000  0.0000  0.0000  0.0000  0.0000  0.0000  0.0000
 0.0002  0.0000  0.0001  0.0000  0.0001  0.0356  0.0000  0.0000  0.0004  0.0000  0.0010  0.0002  0.0000  0.0001  0.0000  0.0000  0.0001  0.0001  0.0004  0.0010  0.0000  1.0000  0.0000  0.0000  0.0000
 0.0015  0.0000  0.0001  0.0003  0.0020  0.0003  0.0011  0.0245  0.0006  0.9244  0.0015  0.0005  0.0014  0.0012  0.0035  1.0000  0.0136  0.0016  0.0008  0.0002  0.0000  0.0007  0.0000  0.0000  0.0000
 0.0003  0.0000  0.0001  0.0001  0.0001  0.0003  0.0001  0.0000  1.0000  0.0001  0.0017  0.0003  0.0001  0.0001  0.0000  0.0001  0.0001  0.0003  0.0477  0.0000  0.0000  0.0002  0.0000  0.0000  0.0000
 0.0250  0.0000  0.0594  0.0006  0.0045  0.0008  0.0024  0.0163  0.0014  0.0938  0.0033  0.0011  0.0032  0.0026  0.0473  1.0000  0.1161  0.0035  0.0019  0.0005  0.0000  0.0098  0.0000  0.0000  0.0000
 0.0913  0.0000  0.0333  0.0627  0.2913  0.0050  0.0381  0.0409  0.0187  1.0000  0.0302  0.1788  0.2956  0.0961  0.2906  0.3892  0.3137  0.4030  0.0286  0.0017  0.0000  0.0038  0.0000  0.0000  0.0000
 0.1213  0.0000  0.0033  0.1012  0.0332  0.0085  0.0071  0.0157  0.0136  0.0074  1.0000  0.0888  0.0051  0.0064  0.0077  0.0049  0.0501  0.0111  0.0382  0.0019  0.0000  0.0082  0.0000  0.0000  0.0000
 0.0646  0.0000  0.0003  1.0000  0.0734  0.0005  0.0036  0.0014  0.0006  0.0046  0.0011  0.0005  0.0040  0.1205  0.0057  0.0014  0.0661  0.0025  0.0012  0.0002  0.0000  0.0141  0.0000  0.0000  0.0000
 0.1499  0.0000  0.0049  0.5477  0.4972  0.0046  0.1276  0.0877  0.1062  0.1160  0.0278  0.0491  1.0000  0.0253  0.0543  0.0483  0.6043  0.1943  0.0263  0.0016  0.0000  0.0036  0.0000  0.0000  0.0000
 0.0112  0.0000  0.0003  0.0097  0.0169  0.0001  1.0000  0.0003  0.0001  0.0006  0.0003  0.0001  0.0014  0.0008  0.0004  0.0003  0.0167  0.0006  0.0004  0.0001  0.0000  0.0002  0.0000  0.0000  0.0000
 0.0443  0.0000  0.0006  0.0103  0.0009  0.0003  1.0000  0.0004  0.0003  0.0874  0.0006  0.0003  0.0021  0.0016  0.0007  0.0006  0.0882  0.0275  0.0010  0.0001  0.0000  0.0003  0.0000  0.0000  0.0000
 0.0016  0.0000  0.0008  0.0003  0.0004  0.9939  0.0003  0.0000  0.0037  0.0001  0.2117  0.0019  0.0000  0.0006  0.0001  0.0001  0.0080  0.0010  0.1591  0.0073  0.0000  1.0000  0.0000  0.0000  0.0000
 0.0004  0.0000  0.0002  0.0001  0.0001  0.5125  0.0001  0.0000  0.0008  0.0000  0.0020  0.0004  0.0000  0.0001  0.0000  0.0000  0.0003  0.0002  0.0008  0.0019  0.0000  1.0000  0.0000  0.0000  0.0000
 0.0004  0.0000  0.0001  0.0001  0.0001  0.0006  0.0002  0.0000  1.0000  0.0002  0.1785  0.0006  0.0001  0.0001  0.0001  0.0001  0.0002  0.0004  0.1866  0.0001  0.0000  0.0003  0.0000  0.0000  0.0000
 0.3533  0.0000  0.0012  0.0022  0.0014  0.0006  0.0024  0.0006  0.0015  0.0021  0.0015  0.0008  0.0038  0.0029  0.1571  0.0014  0.5687  1.0000  0.0026  0.0003  0.0000  0.0006  0.0000  0.0000  0.0000
 0.7606  0.0000  0.0511  0.6266  1.0000  0.0477  0.3642  0.1162  0.1791  0.9303  0.2909  0.1084  0.4901  0.4350  0.6456  0.6596  0.7884  0.7618  0.2731  0.0164  0.0000  0.0361  0.0000  0.0000  0.0000
 0.0036  0.0000  0.0005  0.0210  0.0844  0.0005  0.0861  0.0024  0.0008  0.0876  0.0016  0.0209  0.0424  0.0023  0.0043  1.0000  0.0421  0.0033  0.0012  0.0003  0.0000  0.0012  0.0000  0.0000  0.0000
 1.0000  0.0000  0.1288  0.2716  0.4555  0.0970  0.1702  0.0948  0.8071  0.4822  0.3874  0.1329  0.2369  0.1881  0.3952  0.3738  0.5260  0.7180  0.9170  0.0243  0.0000  0.0894  0.0000  0.0000  0.0000
 0.2471  0.0000  0.0387  0.0648  0.1064  0.0270  0.0378  0.0220  0.2132  0.2460  0.2940  0.0721  0.0666  0.1891  0.5940  0.0630  0.3623  1.0000  0.3981  0.0068  0.0000  0.0181  0.0000  0.0000  0.0000
 0.0004  0.0000  0.0142  0.0003  0.0002  1.0000  0.0006  0.0001  0.0005  0.0000  0.0011  0.0002  0.0001  0.0002  0.0001  0.0002  0.0002  0.0003  0.0005  0.0009  0.0000  0.0034  0.0000  0.0000  0.0000
 0.4458  0.0000  0.0120  0.3857  0.5288  0.0112  0.1318  0.0543  0.0597  0.3346  0.0680  0.0358  0.6816  1.0000  0.2939  0.2811  0.6083  0.2048  0.0643  0.0039  0.0000  0.0085  0.0000  0.0000  0.0000
 0.0368  0.0000  0.0673  0.0391  0.0028  0.0011  0.1146  0.0012  0.0138  0.0041  0.0029  0.0016  0.0073  0.0057  0.0032  0.0026  0.6835  1.0000  0.0203  0.0007  0.0000  0.0012  0.0000  0.0000  0.0000
 0.0005  0.0000  0.0001  0.0001  0.0001  0.0011  0.0001  0.0001  0.1059  0.0002  1.0000  0.0014  0.0001  0.0002  0.0002  0.0002  0.0001  0.0003  0.0452  0.0001  0.0000  0.0002  0.0000  0.0000  0.0000
 0.4048  0.0000  0.0223  0.2673  0.3347  0.0140  0.1777  0.1882  0.0503  0.3243  0.1112  0.0285  0.2748  0.2089  1.0000  0.1813  0.3283  0.1743  0.1155  0.0048  0.0000  0.0393  0.0000  0.0000  0.0000
 0.2152  0.0000  0.0001  0.3208  1.0000  0.0007  0.0030  0.0019  0.0010  0.1141  0.0019  0.0074  0.0033  0.0048  0.2956  0.0023  0.0252  0.0036  0.0019  0.0003  0.0000  0.0009  0.0000  0.0000  0.0000
 0.0005  0.0000  0.0001  0.0001  0.0001  0.0616  0.0001  0.0001  0.0024  0.0002  1.0000  0.0655  0.0001  0.0002  0.0003  0.0002  0.0001  0.0003  0.0013  0.0002  0.0000  0.0002  0.0000  0.0000  0.0000
 0.0099  0.0000  0.0002  0.0001  0.0001  0.0005  0.0001  0.0000  0.1514  0.0002  0.0983  0.0005  0.0001  0.0002  0.0001  0.0001  0.0002  0.0006  1.0000  0.0001  0.0000  0.0002  0.0000  0.0000  0.0000
 1.0000  0.0000  0.0231  0.4451  0.7557  0.0215  0.1643  0.4158  0.0808  0.9824  0.1961  0.0892  0.2946  0.1185  0.9390  0.4389  0.5471  0.3497  0.1342  0.0074  0.0000  0.0163  0.0000  0.0000  0.0000
 0.0396  0.0000  0.0007  0.0015  0.0011  0.0104  0.0029  1.0000  0.0009  0.0012  0.0016  0.0006  0.0019  0.0013  0.0010  0.0011  0.0107  0.0016  0.0015  0.0004  0.0000  0.3875  0.0000  0.0000  0.0000
 0.0012  0.0000  0.0003  0.0025  0.0009  0.0002  0.0023  0.1007  0.0002  0.0010  0.0003  0.0001  0.0028  0.0008  0.0006  0.0007  0.0082  0.0008  0.0003  0.0001  0.0000  1.0000  0.0000  0.0000  0.0000
 0.0741  0.0000  0.0221  0.0515  0.1179  0.0125  0.0601  0.0297  0.0356  0.4667  0.0405  0.1164  0.0425  0.0295  0.4469  0.1214  1.0000  0.4768  0.0433  0.0036  0.0000  0.0296  0.0000  0.0000  0.0000
 0.2320  0.0000  0.0069  0.0863  0.5719  0.0064  0.1560  0.2022  0.0401  1.0000  0.0389  0.0460  0.2031  0.0354  0.2258  0.3966  0.1725  0.2299  0.1141  0.0022  0.0000  0.0049  0.0000  0.0000  0.0000
 0.5171  0.0000  0.0279  0.7040  1.0000  0.0437  0.3251  0.5767  0.0976  0.7015  0.1749  0.0552  0.8199  0.1431  0.6470  0.4535  0.5505  0.4763  0.3182  0.0090  0.0000  0.0198  0.0000  0.0000  0.0000
 1.0000  0.0000  0.0199  0.0281  0.0344  0.0389  0.3224  0.0317  0.0493  0.0584  0.0436  0.0342  0.2210  0.0269  0.0300  0.0308  0.6871  0.1516  0.0660  0.1879  0.0000  0.0541  0.0000  0.0000  0.0000
 0.0669  0.0000  0.0010  1.0000  0.0092  0.0012  0.0130  0.0980  0.0013  0.1211  0.0363  0.0010  0.0395  0.0042  0.0076  0.0563  0.0219  0.0060  0.0019  0.0006  0.0000  0.0026  0.0000  0.0000  0.0000
 0.0151  0.0000  0.0015  0.0015  0.0014  0.0006  1.0000  0.0004  0.0008  0.0016  0.0874  0.0007  0.0014  0.0038  0.0011  0.0011  0.0415  0.0026  0.0024  0.0002  0.0000  0.0005  0.0000  0.0000  0.0000
 0.0004  0.0000  0.0001  0.0001  0.0001  0.0011  0.0001  0.0001  0.0849  0.0001  1.0000  0.0014  0.0001  0.0002  0.0002  0.0001  0.0001  0.0002  0.0012  0.0001  0.0000  0.0002  0.0000  0.0000  0.0000
 0.0393  0.0000  1.0000  0.0020  0.0026  0.0015  0.0517  0.0011  0.0887  0.0044  0.0031  0.0013  0.0021  0.0060  0.0792  0.0247  0.0129  0.0141  0.0409  0.0005  0.0000  0.0016  0.0000  0.0000  0.0000
 0.5004  0.0000  0.2080  0.2025  0.2692  0.6973  0.3253  0.5724  0.3906  0.2881  0.6413  0.2178  0.3225  0.2016  0.3142  0.3579  0.3962  0.4240  0.5455  0.1826  0.0000  1.0000  0.0000  0.0000  0.0000
 0.3658  0.0000  0.0733  0.2185  0.3460  0.0927  0.1557  0.0982  0.1236  0.8237  0.3389  0.0576  0.4957  0.4554  0.2517  1.0000  0.3209  0.2366  0.2038  0.0257  0.0000  0.1291  0.0000  0.0000  0.0000
 0.0007  0.0000  0.0003  0.0005  0.0004  0.0006  0.0066  0.0002  0.0009  0.0004  1.0000  0.0006  0.0003  0.0009  0.0003  0.0005  0.0004  0.0004  0.0007  0.0003  0.0000  0.0003  0.0000  0.0000  0.0000
 0.6970  0.0000  0.0992  0.5733  1.0000  0.0469  0.4332  0.1099  0.1942  0.8445  0.4737  0.1474  0.4450  0.2446  0.5247  0.5292  0.7706  0.9091  0.3251  0.0159  0.0000  0.0374  0.0000  0.0000  0.0000
 0.6457  0.0000  0.0486  0.4847  0.8242  0.0845  0.3139  0.1240  0.1680  1.0000  0.3042  0.1045  0.4669  0.2189  0.5608  0.4685  0.6271  0.5608  0.3804  0.0224  0.0000  0.2064  0.0000  0.0000  0.0000
 0.1652  0.0000  0.0043  0.0016  0.0034  0.0020  0.0066  0.0008  0.0431  0.0107  0.0118  0.0038  0.0019  1.0000  0.0025  0.0021  0.0266  0.0134  0.2410  0.0004  0.0000  0.0008  0.0000  0.0000  0.0000
 0.0926  0.0000  1.0000  0.0003  0.0003  0.0002  0.0020  0.0001  0.0003  0.0004  0.0062  0.0002  0.0002  0.0009  0.0003  0.0003  0.0018  0.0007  0.0009  0.0001  0.0000  0.0001  0.0000  0.0000  0.0000
 0.8210  0.0000  0.0546  0.6441  1.0000  0.0580  0.3773  0.1648  0.3123  0.9697  0.3738  0.2192  0.4893  0.8493  0.7294  0.5477  0.7873  0.6371  0.5621  0.0192  0.0000  0.0501  0.0000  0.0000  0.0000
 0.0923  0.0000  0.0055  0.0759  0.1006  0.0058  0.0383  0.0320  0.0377  0.7213  0.1082  0.0108  0.0776  1.0000  0.3415  0.1221  0.0814  0.4366  0.0916  0.0019  0.0000  0.0050  0.0000  0.0000  0.0000
 0.5491  0.0000  0.0386  0.4293  0.7382  0.0583  0.3043  0.0908  0.2705  0.6409  0.2408  0.1123  0.3357  0.1824  1.0000  0.3640  0.6160  0.4192  0.3237  0.0153  0.0000  0.0510  0.0000  0.0000  0.0000
 0.0437  0.0000  0.0031  0.0908  0.3525  0.0029  0.0220  0.0070  0.0752  1.0000  0.0610  0.0787  0.3595  0.0680  0.1483  0.1223  0.0671  0.0739  0.0165  0.0010  0.0000  0.0022  0.0000  0.0000  0.0000
 0.1375  0.0000  0.0020  0.0235  0.0915  0.0019  0.0324  0.0046  0.0550  0.2083  0.0734  0.0172  0.0186  1.0000  0.0768  0.0310  0.1607  0.0269  0.1089  0.0007  0.0000  0.0015  0.0000  0.0000  0.0000
 0.3300  0.0000  0.0777  0.1084  0.2887  0.2937  0.2180  0.3049  0.2351  1.0000  0.4809  0.1449  0.2464  0.2361  0.4409  0.8674  0.2628  0.2879  0.2819  0.1275  0.0000  0.4121  0.0000  0.0000  0.0000
 0.5732  0.0000  0.1354  0.3097  0.5021  0.5677  0.2911  0.4101  0.3089  0.3170  0.5089  0.1893  0.2802  0.1802  0.4355  0.3425  0.3992  1.0000  0.4465  0.3126  0.0000  0.7563  0.0000  0.0000  0.0000
 0.0721  0.0000  0.0038  0.2426  0.1708  0.0038  0.0276  0.0387  0.0136  1.0000  0.0222  0.0078  0.0359  0.2757  0.9217  0.1777  0.0527  0.2280  0.0582  0.0014  0.0000  0.0031  0.0000  0.0000  0.0000
 0.0008  0.0000  0.0000  1.0000  0.0698  0.0001  0.0006  0.0002  0.0001  0.0008  0.0002  0.0001  0.0006  0.0006  0.0010  0.0003  0.0005  0.0004  0.0002  0.0001  0.0000  0.0001  0.0000  0.0000  0.0000
 0.8854  0.0000  0.0191  0.2070  1.0000  0.0281  0.1396  0.1021  0.0743  0.8131  0.1409  0.0973  0.1831  0.1837  0.6136  0.5337  0.2290  0.2092  0.2578  0.0154  0.0000  0.0426  0.0000  0.0000  0.0000
 0.0000  0.0000  0.0000  0.0000  0.0000  0.0000  0.0000  0.0000  0.0000  0.0000  0.0000  0.0000  0.0000  0.0000  0.0000  0.0000  0.0000  0.0000  0.0000  1.0000  0.0000  0.0000  0.0000  0.0000  0.0000
 0.0000  0.0000  0.0000  0.0000  1.0000  0.0000  0.0000  0.0000  0.0000  0.0000  0.0000  0.0000  0.0000  0.0000  0.0000  0.0000  0.0000  0.0000  0.0000  0.0000  0.0000  0.0000  0.0000  0.0000  0.0000
 0.0016  0.0000  0.0005  0.0003  0.0004  0.0016  0.0005  0.0000  1.0000  0.0006  0.0087  0.0016  0.0003  0.0003  0.0002  0.1289  0.0006  0.0016  0.1205  0.0002  0.0000  0.0008  0.0000  0.0000  0.0000
 0.0401  0.0000  0.1070  0.2411  0.0824  0.0017  0.0208  0.0058  0.0022  0.0099  0.0030  0.0014  0.0688  1.0000  0.0073  0.0052  0.1190  0.0344  0.0040  0.0009  0.0000  0.0033  0.0000  0.0000  0.0000
 0.0005  0.0000  0.0000  0.0001  0.0007  0.0001  0.0004  0.0203  0.0002  0.0435  0.0005  0.0002  0.0005  0.0004  0.0012  1.0000  0.0004  0.0005  0.0003  0.0001  0.0000  0.0002  0.0000  0.0000  0.0000
 0.0522  0.0000  0.0029  0.1419  1.0000  0.0027  0.0205  0.0066  0.0100  0.1200  0.0161  0.0057  0.2116  0.0149  0.0990  0.1193  0.2987  0.2888  0.0153  0.0009  0.0000  0.0021  0.0000  0.0000  0.0000
 0.0037  0.0000  0.0004  0.1078  0.2027  0.0004  0.0034  0.0013  0.0007  0.0034  0.0009  0.0004  0.0147  0.0023  0.0494  0.0013  1.0000  0.1219  0.0011  0.0002  0.0000  0.0007  0.0000  0.0000  0.0000
 0.0016  0.0000  0.0005  0.0002  0.0004  0.1985  0.0004  0.0003  0.6143  0.0006  1.0000  0.0050  0.0004  0.0006  0.0007  0.0006  0.0005  0.0012  0.0586  0.0005  0.0000  0.0007  0.0000  0.0000  0.0000
 0.2259  0.0000  0.0124  0.0595  0.1144  0.0298  0.0377  0.0148  0.0200  1.0000  0.0324  0.1495  0.0487  0.0275  0.4859  0.7799  0.1362  0.1566  0.2470  0.0026  0.0000  0.0084  0.0000  0.0000  0.0000
 0.0006  0.0000  0.0001  0.0001  0.0001  0.0698  0.0001  0.0001  0.0028  0.0002  1.0000  0.1481  0.0001  0.0002  0.0003  0.0002  0.0002  0.0003  0.0015  0.0002  0.0000  0.0003  0.0000  0.0000  0.0000
 0.7185  0.0000  0.0506  0.6033  1.0000  0.0472  0.3639  0.1150  0.1981  0.8987  0.3088  0.1003  0.4719  0.2600  0.5633  0.5091  0.6973  0.5449  0.3082  0.0163  0.0000  0.0358  0.0000  0.0000  0.0000
 0.0787  0.0000  0.0031  0.0254  0.1394  0.0044  0.0216  0.1782  0.0116  0.7768  0.0642  0.0075  0.0285  0.0184  0.0792  1.0000  0.0875  0.0492  0.2898  0.0024  0.0000  0.0066  0.0000  0.0000  0.0000
 0.0010  0.0000  0.0001  0.0002  0.0014  0.0002  0.0112  0.0009  0.0004  1.0000  0.0119  0.0003  0.0010  0.0008  0.0247  0.3581  0.0008  0.0011  0.0006  0.0002  0.0000  0.0004  0.0000  0.0000  0.0000
 0.0004  0.0000  0.0001  0.0000  0.0001  0.0011  0.0001  0.0001  0.0262  0.0001  1.0000  0.0069  0.0001  0.0002  0.0002  0.0082  0.0001  0.0002  0.0011  0.0001  0.0000  0.0001  0.0000  0.0000  0.0000
 0.0000  0.0000  0.0000  0.0000  0.0000  0.0000  1.0000  0.0000  0.0000  0.0000  0.0000  0.0000  0.0000  0.0000  0.0000  0.0000  0.0000  0.0000  0.0000  0.0000  0.0000  0.0000  0.0000  0.0000  0.0000
 1.0000  0.0000  0.0192  0.2743  0.5600  0.0169  0.3960  0.1696  0.0409  0.2201  0.0662  0.0239  0.4516  0.0824  0.6920  0.1210  0.7513  0.3104  0.0639  0.0072  0.0000  0.0247  0.0000  0.0000  0.0000
 0.0000  0.0000  0.0000  0.0000  0.0000  0.0000  1.0000  0.0000  0.0000  0.0000  0.0000  0.0000  0.0000  0.0000  0.0000  0.0000  0.0000  0.0000  0.0000  0.0000  0.0000  0.0000  0.0000  0.0000  0.0000
 0.1334  0.0000  0.3093  0.2045  0.1036  0.1997  0.1819  0.1834  0.0806  0.1187  0.1360  0.0462  0.3036  0.0676  1.0000  0.1044  0.1685  0.1133  0.1040  0.0395  0.0000  0.2681  0.0000  0.0000  0.0000
 0.0002  0.0000  0.0001  0.0000  0.0001  1.0000  0.0000  0.0000  0.0005  0.0000  0.0011  0.0002  0.0000  0.0001  0.0000  0.0000  0.0001  0.0001  0.0004  0.0010  0.0000  0.0767  0.0000  0.0000  0.0000
 0.0139  0.0000  0.0003  0.0003  0.0003  0.0001  1.0000  0.0001  0.0001  0.0003  0.0003  0.0001  0.0002  0.0008  0.0002  0.0002  0.0017  0.0034  0.0005  0.0000  0.0000  0.0001  0.0000  0.0000  0.0000
 0.0011  0.0000  0.0000  0.1470  1.0000  0.0001  0.0004  0.0003  0.0001  0.0040  0.0002  0.0001  0.0005  0.0007  0.0015  0.0003  0.0006  0.0005  0.0003  0.0000  0.0000  0.0001  0.0000  0.0000  0.0000
 0.0000  0.0000  0.0000  0.0000  0.0000  0.0000  0.0000  0.0000  0.0000  0.0000  0.0000  0.0000  0.0000  0.0000  0.0000  0.0000  0.0000  0.0000  1.0000  0.0000  0.0000  0.0000  0.0000  0.0000  0.0000
 0.0002  0.0000  0.0002  0.0001  0.0001  0.0050  0.0001  0.0000  0.0005  0.0000  0.0012  0.0002  0.0000  0.0001  0.0000  0.0000  0.0002  0.0002  0.0005  1.0000  0.0000  0.1138  0.0000  0.0000  0.0000
 0.5591  0.0000  0.1760  0.2290  0.5942  0.6930  0.3485  0.5482  0.4097  0.4691  0.7082  0.4896  0.3362  0.2245  0.3684  0.4790  0.4339  0.4262  0.5134  0.1834  0.0000  1.0000  0.0000  0.0000  0.0000
 0.1979  0.0000  0.0005  0.0004  0.0004  0.0002  1.0000  0.0001  0.0002  0.0005  0.0005  0.0002  0.0003  0.0012  0.0003  0.0003  0.0022  0.0008  0.0007  0.0001  0.0000  0.0001  0.0000  0.0000  0.0000
 0.0847  0.0000  0.0295  0.0341  0.0632  0.2015  0.0548  0.0902  0.1723  0.1217  1.0000  0.1117  0.0511  0.0341  0.0648  0.1063  0.0667  0.9463  0.5248  0.0308  0.0000  0.5236  0.0000  0.0000  0.0000
 0.0007  0.0000  0.0004  0.0007  0.0004  0.0103  0.0010  0.0104  0.0009  0.0005  0.0023  0.0005  0.0007  0.0005  0.0004  0.0005  0.0006  0.0005  0.0009  1.0000  0.0000  0.3098  0.0000  0.0000  0.0000
 0.0066  0.0000  0.0007  0.0017  0.0092  0.0014  0.0050  0.0112  0.0028  0.1974  0.1079  0.0022  1.0000  0.0052  0.0156  0.0711  0.0057  0.0473  0.0037  0.0010  0.0000  0.0030  0.0000  0.0000  0.0000
 0.0061  0.0000  0.0295  0.0489  0.0686  0.0010  1.0000  0.0052  0.0008  0.0862  0.0016  0.0006  0.5788  0.0043  0.0244  0.0043  0.0280  0.0060  0.0158  0.0005  0.0000  0.0026  0.0000  0.0000  0.0000
 0.0211  0.0000  0.0049  0.1040  0.0415  0.0037  0.0553  0.2496  0.0035  0.0418  0.0051  0.0022  0.6500  0.0154  0.0166  0.0125  0.4169  1.0000  0.0056  0.0020  0.0000  0.0089  0.0000  0.0000  0.0000
 0.0079  0.0000  0.0018  0.0006  0.0015  0.0171  0.0006  0.0008  0.0966  0.0018  0.0788  0.0409  0.0011  0.0022  0.0092  0.0961  0.0016  1.0000  0.0565  0.0010  0.0000  0.0013  0.0000  0.0000  0.0000
 0.0746  0.0000  0.0038  0.0286  0.2035  0.0061  0.0284  0.0230  0.0154  1.0000  0.0315  0.0106  0.0779  0.5784  0.1742  0.4857  0.1409  0.0424  0.0217  0.0039  0.0000  0.0108  0.0000  0.0000  0.0000
 0.0100  0.0000  0.0004  0.0002  0.0003  0.0002  0.0007  0.0001  0.0012  0.0003  0.0009  0.0003  0.0002  0.0005  0.0002  0.0002  0.0007  0.0009  1.0000  0.0001  0.0000  0.0001  0.0000  0.0000  0.0000
 1.0000  0.0000  0.0000  0.0000  0.0000  0.0000  0.0000  0.0000  0.0000  0.0000  0.0000  0.0000  0.0000  0.0000  0.0000  0.0000  0.0000  0.0000  0.0000  0.0000  0.0000  0.0000  0.0000  0.0000  0.0000
 0.0005  0.0000  0.0002  0.0001  0.0002  0.0007  0.0002  0.0000  0.7024  0.0002  0.0038  0.0007  0.0001  0.0001  0.0001  0.0002  0.0002  0.0006  1.0000  0.0001  0.0000  0.0003  0.0000  0.0000  0.0000
 0.0000  0.0000  0.0000  0.0000  0.0000  0.0000  0.0000  0.0000  0.0000  1.0000  0.0000  0.0000  0.0000  0.0000  0.0000  0.0000  0.0000  0.0000  0.0000  0.0000  0.0000  0.0000  0.0000  0.0000  0.0000
 0.0022  0.0000  0.0098  0.0010  0.0006  0.0002  0.0006  0.0003  0.0007  0.0282  0.0006  0.0004  0.0272  0.0163  0.0098  0.0006  0.0742  1.0000  0.0957  0.0002  0.0000  0.0003  0.0000  0.0000  0.0000
 0.0005  0.0000  0.0001  0.0001  0.0001  0.0013  0.0001  0.0001  0.0904  0.0002  1.0000  0.0710  0.0001  0.0002  0.0002  0.0002  0.0001  0.0003  0.0013  0.0001  0.0000  0.0002  0.0000  0.0000  0.0000
 0.0005  0.0000  0.0000  0.0001  0.0007  0.0001  0.0004  0.0004  0.0002  1.0000  0.0005  0.0002  0.0038  0.0004  0.0011  0.0431  0.0004  0.0005  0.0003  0.0001  0.0000  0.0002  0.0000  0.0000  0.0000
 0.1080  0.0000  0.0012  0.0136  0.3480  0.0011  0.0083  0.0027  0.0288  0.0356  0.0176  0.0135  0.0255  1.0000  0.1416  0.0114  0.2496  0.0255  0.0262  0.0004  0.0000  0.0009  0.0000  0.0000  0.0000
 0.0996  0.0000  0.0003  0.1184  0.0424  0.0002  1.0000  0.0012  0.0001  0.0201  0.0003  0.0001  0.0251  0.0010  0.0014  0.0008  0.0029  0.0012  0.0003  0.0001  0.0000  0.0006  0.0000  0.0000  0.0000
 0.0406  0.0000  0.0009  0.1048  0.0014  0.0005  0.0020  0.0008  0.0012  0.0020  0.0011  0.0006  0.0314  0.0022  0.0015  0.0012  0.2692  1.0000  0.0019  0.0003  0.0000  0.0242  0.0000  0.0000  0.0000
 0.0207  0.0000  0.0004  0.0003  0.0004  0.0002  0.0019  0.0001  0.0005  0.0004  0.0009  1.0000  0.0003  0.0009  0.0003  0.0003  0.0022  0.0332  0.0012  0.0001  0.0000  0.0001  0.0000  0.0000  0.0000
 0.1757  0.0000  0.0020  0.2786  0.0923  0.0019  0.0143  0.0046  0.0070  0.2278  0.0112  0.0889  0.0508  0.0104  0.0523  0.0194  1.0000  0.0626  0.0106  0.0007  0.0000  0.0015  0.0000  0.0000  0.0000
 0.3635  0.0000  0.0663  0.0160  0.0659  0.0359  0.0013  0.0135  0.3690  0.0497  0.4612  0.0872  0.0236  1.0000  0.0857  0.0281  0.0529  0.2866  0.9605  0.0061  0.0000  0.0124  0.0000  0.0000  0.0000
 0.3645  0.0000  0.0039  0.2429  1.0000  0.0037  0.0464  0.0090  0.0137  0.4841  0.0221  0.0078  0.1284  0.0203  0.2116  0.0384  0.1849  0.1812  0.0209  0.0013  0.0000  0.0028  0.0000  0.0000  0.0000
 0.7106  0.0000  0.0165  0.7355  1.0000  0.0209  0.1560  0.0491  0.0258  0.1873  0.0499  0.0212  0.1187  0.1362  0.2317  0.0575  0.2147  0.1041  0.0596  0.0094  0.0000  0.0274  0.0000  0.0000  0.0000
 0.0003  0.0000  0.0001  0.0000  0.0001  1.0000  0.0000  0.0000  0.0006  0.0000  0.0844  0.0003  0.0000  0.0001  0.0000  0.0000  0.0002  0.0002  0.0005  0.0012  0.0000  0.0130  0.0000  0.0000  0.0000
 0.0248  0.0000  0.0006  0.0002  0.0005  0.0009  0.0002  0.0002  0.0037  0.0005  1.0000  0.0248  0.0003  0.0007  0.0004  0.0003  0.0200  0.0499  0.0549  0.0001  0.0000  0.0002  0.0000  0.0000  0.0000
 0.3806  0.0000  0.0071  0.4416  1.0000  0.0176  0.1150  0.0482  0.0346  0.3651  0.0619  0.0234  0.1056  0.1091  0.3968  0.1559  0.1359  0.1142  0.0587  0.0081  0.0000  0.0224  0.0000  0.0000  0.0000
 0.0000  0.0000  0.0000  0.0000  1.0000  0.0000  0.0000  0.0000  0.0000  0.0000  0.0000  0.0000  0.0000  0.0000  0.0000  0.0000  0.0000  0.0000  0.0000  0.0000  0.0000  0.0000  0.0000  0.0000  0.0000
 1.0000  0.0000  0.0009  0.0003  0.0007  0.0005  0.0005  0.0002  0.0898  0.0007  0.0032  0.0009  0.0003  0.0011  0.0005  0.0004  0.0011  0.0030  0.0432  0.0001  0.0000  0.0002  0.0000  0.0000  0.0000
 0.3044  0.0000  0.0066  0.0878  0.1302  0.0046  0.1085  0.0176  0.0043  0.0310  0.0080  0.0033  0.6995  0.0220  1.0000  0.0159  0.1033  0.0496  0.0093  0.0022  0.0000  0.0095  0.0000  0.0000  0.0000
 0.1575  0.0000  0.0014  0.0005  0.0011  0.0021  0.0004  0.0002  1.0000  0.0012  0.4400  0.0430  0.0006  0.0014  0.0008  0.0008  0.0012  0.0797  0.4730  0.0003  0.0000  0.0008  0.0000  0.0000  0.0000
 0.0004  0.0000  0.0001  0.0001  0.0001  0.0011  0.0001  0.0001  0.0020  0.0001  0.1257  1.0000  0.0001  0.0002  0.0002  0.0001  0.0001  0.0002  0.0011  0.0001  0.0000  0.0002  0.0000  0.0000  0.0000
 0.0000  0.0000  0.0000  0.0000  0.0000  0.0000  0.0000  0.0000  0.0000  1.0000  0.0000  0.0000  0.0000  0.0000  0.0000  0.0000  0.0000  0.0000  0.0000  0.0000  0.0000  0.0000  0.0000  0.0000  0.0000
 0.0817  0.0000  0.0029  0.0343  0.2258  0.0027  0.0617  0.0067  0.0102  1.0000  0.0748  0.0133  0.1571  0.0150  0.1638  0.1132  0.3520  0.2813  0.0156  0.0009  0.0000  0.0021  0.0000  0.0000  0.0000
 0.0005  0.0000  0.0164  0.0001  0.0001  0.0318  0.0001  0.0001  0.0161  0.0002  1.0000  0.0791  0.0001  0.0002  0.0003  0.0002  0.0001  0.0003  0.0116  0.0002  0.0000  0.0002  0.0000  0.0000  0.0000
 0.0016  0.0000  0.0002  0.0003  0.0022  0.0003  0.0011  0.0715  0.0007  0.1737  0.0016  0.0005  0.0016  0.0013  0.4464  1.0000  0.0013  0.0017  0.0009  0.0003  0.0000  0.0007  0.0000  0.0000  0.0000
 0.0000  0.0000  0.0000  0.0000  0.0000  0.0000  0.0000  1.0000  0.0000  0.0000  0.0000  0.0000  0.0000  0.0000  0.0000  0.0000  0.0000  0.0000  0.0000  0.0000  0.0000  0.0000  0.0000  0.0000  0.0000
 0.1149  0.0000  0.0075  0.8580  0.8664  0.0079  0.0561  0.0194  0.0269  0.1882  0.0436  0.0358  0.0919  1.0000  0.1579  0.0743  0.1804  0.1746  0.0549  0.0029  0.0000  0.0067  0.0000  0.0000  0.0000
 0.0017  0.0000  0.0002  0.0004  0.0024  0.0004  0.0013  0.0359  0.0007  1.0000  0.0017  0.0006  0.1981  0.0014  0.0041  0.4291  0.0015  0.0019  0.0010  0.0003  0.0000  0.0008  0.0000  0.0000  0.0000
 0.0000  0.0000  0.0000  0.0000  0.0000  0.0000  0.0000  0.0000  0.0000  0.0000  1.0000  0.0000  0.0000  0.0000  0.0000  0.0000  0.0000  0.0000  0.0000  0.0000  0.0000  0.0000  0.0000  0.0000  0.0000
 0.0006  0.0000  0.0126  0.0001  0.0001  0.0007  0.0002  0.0000  0.4892  0.0002  0.0461  0.0006  0.0001  0.0001  0.0001  0.0002  0.0002  0.0006  1.0000  0.0001  0.0000  0.0003  0.0000  0.0000  0.0000
 0.0799  0.0000  0.0008  0.0014  0.0096  0.0014  0.0055  0.0060  0.0029  0.1063  0.0069  0.0023  0.0067  0.1137  1.0000  0.5855  0.0549  0.0075  0.0040  0.0011  0.0000  0.0031  0.0000  0.0000  0.0000
 0.0000  0.0000  0.0000  0.0000  0.0000  0.0000  0.0000  0.0000  0.0000  0.0000  1.0000  0.0000  0.0000  0.0000  0.0000  0.0000  0.0000  0.0000  0.0000  0.0000  0.0000  0.0000  0.0000  0.0000  0.0000
 0.0037  0.0000  0.0013  0.0014  0.0019  0.0867  0.0022  0.1938  0.1039  0.0021  0.0922  0.0028  0.0185  0.0015  0.0021  0.0024  0.0027  0.0028  0.0044  0.0013  0.0000  1.0000  0.0000  0.0000  0.0000
 1.0000  0.0000  0.0004  0.0003  0.0004  0.0002  0.0748  0.0001  0.0002  0.0004  0.0004  0.0002  0.0003  0.0010  0.0003  0.0003  0.0020  0.0007  0.0006  0.0001  0.0000  0.0001  0.0000  0.0000  0.0000
 0.0005  0.0000  0.0001  0.0001  0.0001  0.0004  0.0001  0.0000  0.0730  0.0001  0.0020  0.0396  0.0001  0.0001  0.0001  0.0001  0.0001  0.0004  1.0000  0.0000  0.0000  0.0002  0.0000  0.0000  0.0000
 0.0175  0.0000  1.0000  0.0006  0.0013  0.0009  0.0025  0.0003  0.0066  0.0013  0.0048  0.0015  0.0007  0.0024  0.0010  0.0008  0.0031  0.0052  0.9857  0.0002  0.0000  0.0004  0.0000  0.0000  0.0000
 0.0026  0.0000  0.0005  0.0011  0.0007  0.0003  0.0008  0.0003  0.0007  0.0010  0.0007  0.0004  0.0019  0.0013  0.0008  0.0006  0.9076  1.0000  0.0012  0.0002  0.0000  0.0003  0.0000  0.0000  0.0000
 0.4913  0.0000  0.0317  0.6181  0.6349  0.0305  0.2758  0.0726  0.1429  1.0000  0.4500  0.0897  0.2922  0.1622  0.6704  0.7585  0.4332  0.3387  0.2675  0.0104  0.0000  0.0239  0.0000  0.0000  0.0000
 0.0455  0.0000  0.0027  0.1066  1.0000  0.0034  0.2997  0.0088  0.0198  0.0842  0.0172  0.0359  0.0279  0.0191  0.0790  0.0821  0.0398  0.0533  0.0161  0.0014  0.0000  0.0034  0.0000  0.0000  0.0000
 0.0028  0.0000  0.0000  0.0725  1.0000  0.0003  0.0010  0.0007  0.0003  0.0028  0.0006  0.0271  0.0011  0.0838  0.0309  0.0243  0.0014  0.0012  0.0006  0.0001  0.0000  0.0003  0.0000  0.0000  0.0000
 0.0000  0.0000  0.0000  0.0000  0.0000  0.0000  0.0000  0.0000  0.0000  0.0000  0.0000  0.0000  0.0000  1.0000  0.0000  0.0000  0.0000  0.0000  0.0000  0.0000  0.0000  0.0000  0.0000  0.0000  0.0000
 0.0004  0.0000  0.0001  0.0001  0.0001  0.1153  0.0002  0.0000  1.0000  0.0002  0.0035  0.0133  0.0001  0.0001  0.0001  0.0001  0.0002  0.0005  0.1616  0.0001  0.0000  0.0003  0.0000  0.0000  0.0000
 0.0002  0.0000  0.0001  0.0000  0.0001  0.0225  0.0000  0.0000  0.0005  0.0000  0.0240  0.0002  0.0000  0.0001  0.0000  0.0000  0.0002  0.0001  0.0004  0.0011  0.0000  1.0000  0.0000  0.0000  0.0000
 0.0000  0.0000  0.0000  0.0000  0.0000  0.0000  0.0000  0.0000  1.0000  0.0000  0.0000  0.0000  0.0000  0.0000  0.0000  0.0000  0.0000  0.0000  0.0000  0.0000  0.0000  0.0000  0.0000  0.0000  0.0000
 0.0004  0.0000  0.0001  0.0001  0.0001  0.0065  0.0002  0.0000  0.5364  0.0002  0.0033  0.0006  0.0001  0.0001  0.0001  0.0002  0.0002  0.0005  1.0000  0.0001  0.0000  0.0003  0.0000  0.0000  0.0000
 0.0128  0.0000  0.0003  0.0006  0.0004  0.0002  0.0005  0.0002  0.0377  0.0006  0.0004  0.0002  0.0011  0.0007  0.0268  0.0004  0.0118  1.0000  0.0008  0.0001  0.0000  0.0002  0.0000  0.0000  0.0000
 0.0000  0.0000  0.0000  0.0000  1.0000  0.0000  0.0000  0.0000  0.0000  0.0000  0.0000  0.0000  0.0000  0.0000  0.0000  0.0000  0.0000  0.0000  0.0000  0.0000  0.0000  0.0000  0.0000  0.0000  0.0000
 0.0080  0.0000  0.0036  0.0012  0.0020  0.7182  0.0014  0.0004  0.0238  0.0007  1.0000  0.0391  0.0005  0.0032  0.0011  0.0008  0.0047  0.0049  0.0178  0.0296  0.0000  0.9866  0.0000  0.0000  0.0000
 0.0005  0.0000  0.0002  0.0002  0.0002  0.0010  0.0005  0.0001  0.0044  0.0002  0.0038  1.0000  0.0002  0.0003  0.0002  0.0002  0.0002  0.0003  0.0008  0.0002  0.0000  0.0004  0.0000  0.0000  0.0000
 0.6129  0.0000  0.1423  0.1862  0.5705  0.0135  0.2825  0.0566  0.1200  0.7695  0.0817  0.0287  0.2236  0.0743  0.2314  0.3648  1.0000  0.3528  0.0773  0.0046  0.0000  0.0102  0.0000  0.0000  0.0000
 0.0314  0.0000  0.0047  0.0120  0.0688  0.0359  0.0588  0.3996  0.0152  1.0000  0.0326  0.0109  0.4292  0.0223  0.1190  0.2023  0.0275  0.0317  0.0200  0.0062  0.0000  0.1040  0.0000  0.0000  0.0000
 0.0000  0.0000  0.0000  0.0000  0.0000  0.0000  1.0000  0.0000  0.0000  0.0000  0.0000  0.0000  0.0000  0.0000  0.0000  0.0000  0.0000  0.0000  0.0000  0.0000  0.0000  0.0000  0.0000  0.0000  0.0000
 0.0380  0.0000  0.0827  0.0023  0.0014  0.0005  0.0065  0.0005  0.0006  0.0016  0.0012  0.0005  0.2131  0.0029  0.0011  0.0010  1.0000  0.0048  0.0019  0.0002  0.0000  0.0005  0.0000  0.0000  0.0000
 0.0000  0.0000  0.0000  0.0000  0.0000  0.0000  0.0000  0.0000  0.0000  0.0000  1.0000  0.0000  0.0000  0.0000  0.0000  0.0000  0.0000  0.0000  0.0000  0.0000  0.0000  0.0000  0.0000  0.0000  0.0000
 0.0039  0.0000  0.0009  0.0004  0.0009  0.0062  0.0005  0.0005  0.0335  0.0402  1.0000  0.0078  0.0007  0.0013  0.1487  0.0011  0.0009  0.0025  0.1232  0.0007  0.0000  0.0008  0.0000  0.0000  0.0000
 0.0973  0.0000  0.0002  1.0000  0.2361  0.0005  0.0021  0.0013  0.0050  0.0057  0.0015  0.0006  0.0179  0.0033  0.0171  0.0017  0.0032  0.0254  0.0592  0.0002  0.0000  0.0007  0.0000  0.0000  0.0000
 0.0004  0.0000  0.0002  0.0001  0.0001  1.0000  0.0001  0.0000  0.0009  0.0000  0.0022  0.0004  0.0000  0.0002  0.0000  0.0000  0.0003  0.0003  0.0008  0.0020  0.0000  0.5770  0.0000  0.0000  0.0000
 0.0000  0.0000  0.0000  0.0000  0.0000  0.0000  0.0000  0.0000  0.0000  0.0000  1.0000  0.0000  0.0000  0.0000  0.0000  0.0000  0.0000  0.0000  0.0000  0.0000  0.0000  0.0000  0.0000  0.0000  0.0000
 0.0601  0.0000  0.0006  0.0012  0.0084  0.0012  0.1406  0.0781  0.0026  1.0000  0.0061  0.0020  0.0060  0.0047  0.3104  0.2750  0.0289  0.0065  0.0034  0.0009  0.0000  0.0027  0.0000  0.0000  0.0000
 0.2115  0.0000  0.0070  0.6228  0.4077  0.0064  0.3824  0.0590  0.0193  0.1924  0.0315  0.0111  0.2937  0.0331  0.0655  0.0568  1.0000  0.6921  0.0295  0.0025  0.0000  0.0076  0.0000  0.0000  0.0000
 0.4192  0.0000  0.0101  0.5784  0.5240  0.0095  1.0000  0.0231  0.0436  0.1760  0.0570  0.0200  0.0937  0.3696  0.1426  0.1988  0.3401  0.1621  0.0540  0.0033  0.0000  0.0073  0.0000  0.0000  0.0000
 0.1518  0.0000  0.0042  0.3139  1.0000  0.0039  0.1799  0.0095  0.0146  0.2772  0.0235  0.1279  0.0445  0.0214  0.0526  0.0721  0.1024  0.1247  0.0222  0.0013  0.0000  0.0135  0.0000  0.0000  0.0000
 0.0078  0.0000  0.0070  0.0010  0.0008  0.0003  1.0000  0.0002  0.0003  0.0009  0.0007  0.0003  0.0010  0.0019  0.0006  0.0740  0.0098  0.0014  0.0012  0.0001  0.0000  0.0003  0.0000  0.0000  0.0000
 0.1495  0.0000  0.0399  0.1138  0.4035  0.0093  0.1850  0.1486  0.1577  0.8764  0.0752  0.0193  0.1251  0.0499  0.3684  1.0000  0.7015  0.1660  0.0955  0.0032  0.0000  0.0072  0.0000  0.0000  0.0000
 0.6839  0.0000  0.1677  0.3090  0.4069  0.6652  0.3634  0.5521  0.3901  0.5313  0.6327  0.2297  0.4088  0.2276  0.3803  0.4346  0.5371  0.4952  0.5325  0.1691  0.0000  1.0000  0.0000  0.0000  0.0000
 0.0034  0.0000  0.0115  0.0003  0.0007  0.0022  0.0004  0.0006  0.1398  0.0008  1.0000  0.0158  0.0005  0.0009  0.0638  0.0006  0.0148  0.0142  0.0784  0.0003  0.0000  0.0115  0.0000  0.0000  0.0000
 0.1637  0.0000  0.0116  0.3159  0.2179  0.0110  0.1263  0.1156  0.0596  1.0000  0.1574  0.0760  0.1631  0.2733  0.3346  0.5016  0.4297  0.3674  0.0619  0.0038  0.0000  0.0085  0.0000  0.0000  0.0000
 0.0968  0.0000  0.0007  0.0003  0.0214  0.0388  0.0004  0.0004  0.1220  0.0008  1.0000  0.0946  0.0005  0.0010  0.0011  0.0007  0.0426  0.0019  0.0291  0.0006  0.0000  0.0007  0.0000  0.0000  0.0000
 0.0734  0.0000  0.0030  0.0290  0.0886  0.0071  0.0136  0.0457  0.0283  0.0291  0.0139  0.0048  0.1447  1.0000  0.0763  0.0302  0.0405  0.0985  0.1189  0.0020  0.0000  0.0189  0.0000  0.0000  0.0000
 0.2823  0.0000  0.0074  0.1985  0.2622  0.0069  0.0530  0.2781  0.0465  0.5247  0.0852  0.0147  0.2100  0.0872  1.0000  0.1763  0.1022  0.3459  0.0397  0.0024  0.0000  0.0053  0.0000  0.0000  0.0000
 0.0008  0.0000  0.0002  0.0001  0.0002  0.0020  0.0002  0.0099  0.0037  0.0004  1.0000  0.0267  0.0002  0.0003  0.0586  0.0004  0.0040  0.0005  0.0020  0.0002  0.0000  0.0003  0.0000  0.0000  0.0000
 0.0008  0.0000  0.0003  0.0002  0.0003  0.0015  0.0005  0.0000  1.0000  0.0004  0.4234  0.0014  0.0003  0.0002  0.0001  0.0003  0.0004  0.0010  0.9013  0.0002  0.0000  0.0007  0.0000  0.0000  0.0000
 0.0055  0.0000  0.0011  1.0000  0.0376  0.0010  0.1050  0.0050  0.0005  0.0070  0.0012  0.0004  0.0267  0.0041  0.0052  0.0034  0.0336  0.0051  0.0010  0.0005  0.0000  0.1580  0.0000  0.0000  0.0000
 0.0027  0.0000  0.0006  0.0002  0.0005  0.2779  0.0002  0.0002  0.0985  0.0006  0.0122  1.0000  0.0003  0.0007  0.0005  0.0004  0.0005  0.0162  0.0718  0.0003  0.0000  0.0006  0.0000  0.0000  0.0000
 1.0000  0.0000  0.0242  0.0006  0.0007  0.0003  0.1277  0.0001  0.0004  0.0008  0.0008  0.0004  0.0006  0.0020  0.0006  0.0006  0.3498  0.0329  0.0014  0.0001  0.0000  0.0002  0.0000  0.0000  0.0000
 1.0000  0.0000  0.1191  0.0040  0.0008  0.0003  0.0029  0.0002  0.0006  0.0010  0.0008  0.0004  0.0014  0.0018  0.0007  0.0007  0.1485  0.1143  0.0014  0.0002  0.0000  0.0003  0.0000  0.0000  0.0000
 0.0006  0.0000  0.0003  0.0013  0.0007  0.0003  0.0018  0.0004  0.0002  0.0007  0.0005  0.0001  0.0085  0.0009  1.0000  0.0007  0.0007  0.0005  0.0003  0.0002  0.0000  0.0003  0.0000  0.0000  0.0000
 0.0168  0.0000  0.0007  0.0002  0.0005  0.0007  0.0001  0.0001  1.0000  0.0005  0.0039  0.0009  0.0003  0.0007  0.0003  0.0044  0.0005  0.0093  0.8067  0.0001  0.0000  0.0003  0.0000  0.0000  0.0000
 1.0000  0.0000  0.0004  0.0003  0.0003  0.0001  0.0021  0.0001  0.0002  0.0004  0.0004  0.0002  0.0002  0.0009  0.0003  0.0081  0.0318  0.0007  0.0040  0.0001  0.0000  0.0001  0.0000  0.0000  0.0000
 0.4086  0.0000  0.0240  0.3688  0.9581  0.0045  0.0768  0.0410  0.0039  0.0366  0.0075  0.0027  0.1337  0.0186  0.0249  0.0241  1.0000  0.0264  0.0064  0.0022  0.0000  0.0107  0.0000  0.0000  0.0000
 0.0027  0.0000  0.0003  0.0008  0.0046  0.0001  1.0000  0.0002  0.0001  0.0004  0.0003  0.0001  0.0008  0.0007  0.0003  0.0003  0.0048  0.0005  0.0004  0.0001  0.0000  0.0001  0.0000  0.0000  0.0000
 0.0000  0.0000  0.0000  0.0000  0.0000  0.0000  0.0000  0.0000  0.0000  0.0000  0.0000  1.0000  0.0000  0.0000  0.0000  0.0000  0.0000  0.0000  0.0000  0.0000  0.0000  0.0000  0.0000  0.0000  0.0000
 1.0000  0.0000  0.0009  0.0007  0.0325  0.0003  0.0137  0.0002  0.0004  0.0009  0.0008  0.0004  0.0007  0.0021  0.0006  0.0006  0.2171  0.0178  0.0152  0.0202  0.0000  0.0003  0.0000  0.0000  0.0000
 0.0003  0.0000  0.0147  0.0000  0.0001  0.1812  0.0001  0.0000  0.0007  0.0000  0.0016  0.0003  0.0000  0.0001  0.0000  0.0000  0.0002  0.0002  0.0006  0.0015  0.0000  1.0000  0.0000  0.0000  0.0000
 0.0013  0.0000  0.0004  0.0002  0.0004  0.0030  0.0004  0.0002  0.7003  0.0005  1.0000  0.0612  0.0004  0.0004  0.0005  0.0005  0.0005  0.0011  0.1955  0.0004  0.0000  0.0007  0.0000  0.0000  0.0000
 0.0007  0.0000  0.0000  0.0067  1.0000  0.0001  0.0004  0.0002  0.0001  0.0007  0.0002  0.0001  0.0004  0.0005  0.0009  0.0002  0.0004  0.0003  0.0002  0.0001  0.0000  0.0001  0.0000  0.0000  0.0000
 0.2868  0.0000  0.0073  0.1764  0.5113  0.0068  0.0670  0.0166  0.0256  0.2579  0.1566  0.0145  0.0677  0.0375  0.3386  1.0000  0.6812  0.0912  0.0390  0.0023  0.0000  0.0052  0.0000  0.0000  0.0000
 0.1200  0.0000  0.0114  0.0213  0.1865  0.0249  0.0848  0.1271  0.0513  1.0000  0.1216  0.3967  0.1162  0.0944  0.5510  0.9947  0.0980  0.1286  0.0680  0.0189  0.0000  0.0540  0.0000  0.0000  0.0000
 0.0015  0.0000  0.0004  0.0072  0.0022  0.0003  0.0211  0.0179  0.0002  0.0027  0.0004  0.0001  1.0000  0.0012  0.0307  0.1106  0.0298  0.0016  0.0003  0.0002  0.0000  0.0008  0.0000  0.0000  0.0000
 0.0012  0.0000  0.0005  0.0002  0.0004  0.1458  0.0004  0.0002  0.0713  0.0003  0.0414  0.0017  0.0002  0.0004  0.0002  0.0003  0.0563  0.0009  0.0883  0.0028  0.0000  1.0000  0.0000  0.0000  0.0000
 0.0004  0.0000  0.0001  0.0001  0.0001  0.0005  0.0002  0.0000  1.0000  0.0001  0.0025  0.0005  0.0001  0.0001  0.0000  0.0001  0.0001  0.0004  0.3347  0.0001  0.0000  0.0002  0.0000  0.0000  0.0000
 0.0000  0.0000  0.0000  0.0000  0.0000  0.0000  0.0000  1.0000  0.0000  0.0000  0.0000  0.0000  0.0000  0.0000  0.0000  0.0000  0.0000  0.0000  0.0000  0.0000  0.0000  0.0000  0.0000  0.0000  0.0000
 0.0000  0.0000  0.0000  0.0000  0.0000  0.0000  0.0000  0.0000  0.0000  0.0000  0.0000  0.0000  0.0000  0.0000  0.0000  1.0000  0.0000  0.0000  0.0000  0.0000  0.0000  0.0000  0.0000  0.0000  0.0000
 0.0000  0.0000  0.0000  1.0000  0.0000  0.0000  0.0000  0.0000  0.0000  0.0000  0.0000  0.0000  0.0000  0.0000  0.0000  0.0000  0.0000  0.0000  0.0000  0.0000  0.0000  0.0000  0.0000  0.0000  0.0000
 0.0000  0.0000  0.0000  0.0000  0.0000  0.0000  0.0000  0.0000  0.0000  0.0000  1.0000  0.0000  0.0000  0.0000  0.0000  0.0000  0.0000  0.0000  0.0000  0.0000  0.0000  0.0000  0.0000  0.0000  0.0000
 1.0000  0.0000  0.0755  0.0790  0.0891  0.0387  0.4210  0.0336  0.0446  0.1540  0.0948  0.0353  0.0654  0.2053  0.0798  0.4613  0.3287  0.1319  0.1217  0.0233  0.0000  0.0363  0.0000  0.0000  0.0000
 1.0000  0.0000  0.0003  0.0003  0.0003  0.0001  0.0019  0.0001  0.0002  0.0004  0.0003  0.0002  0.0003  0.0009  0.0002  0.0002  0.0524  0.0069  0.0006  0.0001  0.0000  0.0001  0.0000  0.0000  0.0000
 1.0000  0.0000  0.0361  0.0379  0.0428  0.0186  0.2015  0.0162  0.0214  0.0744  0.0455  0.0169  0.0314  0.0984  0.0384  0.7622  0.1572  0.0632  0.0583  0.0112  0.0000  0.0174  0.0000  0.0000  0.0000
 0.0006  0.0000  0.0001  0.0019  0.0006  0.0001  0.0016  0.0004  0.0001  0.0006  0.0002  0.0000  1.0000  0.0005  0.0004  0.0003  0.0053  0.0005  0.0001  0.0001  0.0000  0.0002  0.0000  0.0000  0.0000
 0.0015  0.0000  0.1441  0.0002  0.0003  0.0011  0.0003  0.0000  1.0000  0.0004  0.0058  0.0011  0.0003  0.0003  0.0002  0.0003  0.0004  0.0014  0.6110  0.0001  0.0000  0.0005  0.0000  0.0000  0.0000
 0.0000  0.0000  0.0000  0.0000  0.0000  0.0000  0.0000  0.0000  0.0000  0.0000  1.0000  0.0000  0.0000  0.0000  0.0000  0.0000  0.0000  0.0000  0.0000  0.0000  0.0000  0.0000  0.0000  0.0000  0.0000
 0.0005  0.0000  0.0001  0.0001  0.0001  0.0003  0.0001  0.0000  0.0462  0.0001  0.0016  0.0003  0.0001  0.0001  0.0001  0.0001  0.0001  0.0004  1.0000  0.0000  0.0000  0.0001  0.0000  0.0000  0.0000
 0.0124  0.0000  0.0003  0.0323  0.0016  0.0002  1.0000  0.0011  0.0001  0.0016  0.0003  0.0001  0.0384  0.0010  0.0010  0.0008  0.3644  0.0013  0.0003  0.0001  0.0000  0.0006  0.0000  0.0000  0.0000
 0.0807  0.0000  0.0001  0.6304  1.0000  0.0006  0.0029  0.0519  0.0008  0.0159  0.0015  0.0006  0.0726  0.0040  0.0248  0.0019  0.0037  0.0291  0.0015  0.0003  0.0000  0.0008  0.0000  0.0000  0.0000
 0.1902  0.0000  0.0079  0.3334  0.2605  0.0094  0.4793  0.2604  0.0270  0.1580  0.0769  0.0468  1.0000  0.0383  0.0817  0.1417  0.4436  0.2872  0.0408  0.0030  0.0000  0.0363  0.0000  0.0000  0.0000
 0.2268  0.0000  0.0547  0.1015  0.2080  0.1963  0.1863  0.2329  0.1389  0.8049  1.0000  0.0965  0.5160  0.1297  0.3014  0.6647  0.2134  0.2052  0.1794  0.0615  0.0000  0.3119  0.0000  0.0000  0.0000
 0.1693  0.0000  0.1600  0.0053  0.0567  0.0151  0.0054  0.0262  0.9290  0.0105  0.2983  0.1444  0.0728  0.0113  0.0091  0.0088  0.1573  0.1918  1.0000  0.0036  0.0000  0.0171  0.0000  0.0000  0.0000
 0.0407  0.0000  1.0000  0.0005  0.0009  0.0019  0.0028  0.0002  0.0032  0.0009  0.0027  0.0009  0.0005  0.0018  0.0006  0.0006  0.0030  0.0028  0.2196  0.0004  0.0000  0.0872  0.0000  0.0000  0.0000
 0.0000  0.0000  0.0000  0.0000  0.0000  0.0000  0.0000  0.0000  0.0000  1.0000  0.0000  0.0000  0.0000  0.0000  0.0000  0.0000  0.0000  0.0000  0.0000  0.0000  0.0000  0.0000  0.0000  0.0000  0.0000
 0.0007  0.0000  0.0002  0.0002  0.0002  0.0009  0.0003  0.0000  1.0000  0.0003  0.0048  0.0009  0.0002  0.0001  0.0001  0.0002  0.0003  0.0008  0.9824  0.0001  0.0000  0.0004  0.0000  0.0000  0.0000
 1.0000  0.0000  0.0261  0.0003  0.0004  0.0002  0.0265  0.0001  0.0002  0.0004  0.0004  0.0002  0.0003  0.0010  0.0003  0.0003  0.0021  0.0007  0.0007  0.0001  0.0000  0.0001  0.0000  0.0000  0.0000
 0.0000  0.0000  0.0000  1.0000  0.0000  0.0000  0.0000  0.0000  0.0000  0.0000  0.0000  0.0000  0.0000  0.0000  0.0000  0.0000  0.0000  0.0000  0.0000  0.0000  0.0000  0.0000  0.0000  0.0000  0.0000
 0.0000  0.0000  0.0000  0.0000  0.0000  1.0000  0.0000  0.0000  0.0000  0.0000  0.0000  0.0000  0.0000  0.0000  0.0000  0.0000  0.0000  0.0000  0.0000  0.0000  0.0000  0.0000  0.0000  0.0000  0.0000
 0.0000  0.0000  0.0000  0.0000  0.0000  0.0000  1.0000  0.0000  0.0000  0.0000  0.0000  0.0000  0.0000  0.0000  0.0000  0.0000  0.0000  0.0000  0.0000  0.0000  0.0000  0.0000  0.0000  0.0000  0.0000
 0.0000  0.0000  0.0000  0.0000  0.0000  0.0000  0.0000  0.0000  0.0000  0.0000  1.0000  0.0000  0.0000  0.0000  0.0000  0.0000  0.0000  0.0000  0.0000  0.0000  0.0000  0.0000  0.0000  0.0000  0.0000
 1.0000  0.0000  0.0004  0.0003  0.0003  0.0001  0.0020  0.0001  0.0002  0.0004  0.0004  0.0002  0.0002  0.0009  0.0002  0.0003  0.0594  0.0007  0.0033  0.0000  0.0000  0.0001  0.0000  0.0000  0.0000
 0.0000  0.0000  0.0000  0.0000  0.0000  0.0000  0.0000  0.0000  0.0000  0.0000  0.0000  0.0000  0.0000  0.0000  0.0000  1.0000  0.0000  0.0000  0.0000  0.0000  0.0000  0.0000  0.0000  0.0000  0.0000
 0.0015  0.0000  0.0129  0.0002  0.0004  0.0025  0.0004  0.0001  0.2577  0.0005  1.0000  0.0410  0.0003  0.0004  0.0004  0.0004  0.0005  0.0013  0.4272  0.0003  0.0000  0.0006  0.0000  0.0000  0.0000
 0.0007  0.0000  0.0002  0.0001  0.0002  0.0723  0.0002  0.0001  1.0000  0.0003  0.1214  0.1071  0.0002  0.0003  0.0003  0.0002  0.0002  0.0005  0.0341  0.0002  0.0000  0.0003  0.0000  0.0000  0.0000
 0.0543  0.0000  0.0002  0.0799  1.0000  0.0008  0.0034  0.0023  0.0013  0.5368  0.0024  0.0009  0.0039  0.0051  0.0500  0.1238  0.0049  0.0043  0.0510  0.0004  0.0000  0.0011  0.0000  0.0000  0.0000
 0.0010  0.0000  0.0001  1.0000  0.2679  0.0001  0.0018  0.0006  0.0001  0.0012  0.0002  0.0001  0.0317  0.0007  0.0011  0.0005  0.0101  0.0083  0.0002  0.0001  0.0000  0.0003  0.0000  0.0000  0.0000
 0.0022  0.0000  0.0005  0.8969  0.0780  0.0004  0.0071  0.0022  0.0002  0.0030  0.0005  0.0002  1.0000  0.0017  0.0021  0.0015  0.1699  0.0202  0.0004  0.0002  0.0000  0.0011  0.0000  0.0000  0.0000
 0.0631  0.0000  0.0036  0.1417  1.0000  0.0067  0.0182  0.0127  0.1646  0.0521  0.0219  0.0077  0.0214  0.0329  0.0784  0.0150  0.0297  0.1026  0.1373  0.0026  0.0000  0.0152  0.0000  0.0000  0.0000
 0.0002  0.0000  0.0001  0.0001  0.0001  0.0042  0.0001  0.0000  0.0004  0.0000  0.0084  0.0002  0.0000  0.0001  0.0000  0.0000  0.0001  0.0001  0.0004  0.0009  0.0000  1.0000  0.0000  0.0000  0.0000
 0.0259  0.0000  0.0516  0.0047  0.2618  0.0016  0.0029  0.0015  0.0310  0.0051  0.0061  0.0274  0.0648  0.0062  0.0039  0.0031  0.1713  1.0000  0.0406  0.0008  0.0000  0.0015  0.0000  0.0000  0.0000
 1.0000  0.0000  0.0015  0.0011  0.0014  0.0006  0.0082  0.0003  0.0007  0.0016  0.0014  0.0007  0.0010  0.1826  0.0102  0.0065  0.0778  0.0028  0.0055  0.0002  0.0000  0.0004  0.0000  0.0000  0.0000
 0.0031  0.0000  0.0117  0.0006  0.0158  0.0006  0.0022  0.1750  0.0013  0.1481  0.0031  0.0010  0.0030  0.0024  0.1056  1.0000  0.1715  0.0134  0.0017  0.0005  0.0000  0.0014  0.0000  0.0000  0.0000
 0.2639  0.0000  0.0060  0.0681  1.0000  0.0063  0.0415  0.1120  0.0208  0.1016  0.0529  0.0117  0.0538  0.0827  0.8123  0.1354  0.2756  0.1656  0.2244  0.0021  0.0000  0.0054  0.0000  0.0000  0.0000
 0.0012  0.0000  0.0002  0.0041  0.0608  0.0002  1.0000  0.0009  0.0001  0.0012  0.0002  0.0001  0.0384  0.0007  0.0008  0.0006  0.0233  0.0009  0.0002  0.0001  0.0000  0.0004  0.0000  0.0000  0.0000
 1.0000  0.0000  0.0006  0.0009  0.0007  0.0003  0.0020  0.0002  0.0512  0.0009  0.0008  0.0004  0.0014  0.0015  0.0007  0.0006  0.1594  0.1191  0.0016  0.0001  0.0000  0.0003  0.0000  0.0000  0.0000
 0.0005  0.0000  0.0001  0.0001  0.0007  0.0001  0.0005  0.0005  0.0002  1.0000  0.0006  0.0002  0.0005  0.0005  0.0012  0.1206  0.0004  0.0006  0.0003  0.0001  0.0000  0.0002  0.0000  0.0000  0.0000
 0.0008  0.0000  0.0002  0.0001  0.0002  1.0000  0.0002  0.0002  0.1342  0.0003  0.0783  0.0211  0.0002  0.0004  0.0004  0.0003  0.0002  0.0005  0.0024  0.0003  0.0000  0.0004  0.0000  0.0000  0.0000
 0.0000  0.0000  0.0000  0.0000  0.0000  0.0000  0.0000  0.0000  0.0000  0.0000  0.0000  0.0000  0.0000  1.0000  0.0000  0.0000  0.0000  0.0000  0.0000  0.0000  0.0000  0.0000  0.0000  0.0000  0.0000
 0.0074  0.0000  0.0002  0.0001  0.0001  0.0004  0.0001  0.0000  1.0000  0.0002  0.0022  0.0004  0.0001  0.0002  0.0001  0.0001  0.0002  0.0007  0.2424  0.0001  0.0000  0.0002  0.0000  0.0000  0.0000
 0.0005  0.0000  0.0000  0.0001  0.0006  0.0001  0.0005  0.0004  0.0002  1.0000  0.0005  0.0001  0.0004  0.0005  0.0010  0.0339  0.0004  0.0005  0.0003  0.0001  0.0000  0.0002  0.0000  0.0000  0.0000
 0.0000  0.0000  0.0000  0.0000  0.0000  0.0000  0.0000  0.0000  0.0000  0.0000  0.0000  0.0000  0.0000  0.0000  0.0000  0.0000  0.0000  0.0000  0.0000  1.0000  0.0000  0.0000  0.0000  0.0000  0.0000
 0.0000  0.0000  0.0000  0.0000  0.0000  0.0000  0.0000  0.0000  0.0000  0.0000  0.0000  0.0000  0.0000  0.0000  0.0000  0.0000  0.0000  1.0000  0.0000  0.0000  0.0000  0.0000  0.0000  0.0000  0.0000
 1.0000  0.0000  0.0003  0.0003  0.0003  0.0001  0.0019  0.0001  0.0002  0.0003  0.0003  0.0002  0.0002  0.0009  0.0002  0.0002  0.0404  0.0006  0.0006  0.0001  0.0000  0.0001  0.0000  0.0000  0.0000
 0.0009  0.0000  0.0002  0.0008  0.0006  0.0004  0.0022  0.0003  0.0004  0.0008  0.0087  0.0002  0.0004  1.0000  0.0004  0.0008  0.0006  0.0005  0.0004  0.0003  0.0000  0.0003  0.0000  0.0000  0.0000
 0.0000  0.0000  0.0000  0.0000  1.0000  0.0000  0.0000  0.0000  0.0000  0.0000  0.0000  0.0000  0.0000  0.0000  0.0000  0.0000  0.0000  0.0000  0.0000  0.0000  0.0000  0.0000  0.0000  0.0000  0.0000
 1.0000  0.0000  0.0004  0.0003  0.0004  0.0002  0.0702  0.0001  0.0002  0.0004  0.0004  0.0002  0.0003  0.0010  0.0003  0.0003  0.0019  0.0007  0.0006  0.0001  0.0000  0.0001  0.0000  0.0000  0.0000
 1.0000  0.0000  0.0229  0.0157  0.0207  0.0508  0.1152  0.0062  0.5232  0.0237  0.3554  0.0623  0.0156  0.0533  0.0206  0.0187  0.1000  0.0418  0.0903  0.0077  0.0000  0.0113  0.0000  0.0000  0.0000
 0.5255  0.0000  0.1260  0.0760  0.1366  0.2882  0.0955  0.1680  0.5870  0.1523  0.7867  0.2138  0.1335  0.1424  0.1356  0.1444  0.1706  0.3800  1.0000  0.0636  0.0000  0.2911  0.0000  0.0000  0.0000
 0.0217  0.0000  0.0008  0.0010  0.0013  0.2661  0.0016  0.0583  0.0019  0.0014  0.0137  0.0416  0.0015  0.0010  0.0014  0.0017  0.0162  0.0227  0.0024  0.0009  0.0000  1.0000  0.0000  0.0000  0.0000
 0.0069  0.0000  0.0078  0.0274  0.0092  0.0017  1.0000  0.0494  0.0012  0.0132  0.0197  0.0009  0.4764  0.0052  0.0600  0.1131  0.1119  0.0070  0.0018  0.0008  0.0000  0.0040  0.0000  0.0000  0.0000
 0.1630  0.0000  0.1041  0.0202  0.0333  0.0152  0.0163  0.0129  0.1492  0.5877  0.0833  0.0277  0.0371  0.0423  0.0352  1.0000  0.3092  0.4233  0.4628  0.0048  0.0000  0.0100  0.0000  0.0000  0.0000
 0.0002  0.0000  0.0001  0.0000  0.0000  1.0000  0.0000  0.0000  0.0004  0.0000  0.0010  0.0002  0.0000  0.0001  0.0000  0.0000  0.0037  0.0001  0.0004  0.0010  0.0000  0.0207  0.0000  0.0000  0.0000
 0.0020  0.0000  0.0004  0.0009  0.0005  0.0002  0.0007  0.0002  0.0006  0.0008  0.0006  0.0003  0.0015  0.0010  0.0006  0.0005  0.6498  1.0000  0.0009  0.0001  0.0000  0.0002  0.0000  0.0000  0.0000
 0.0091  0.0000  0.0018  0.0005  0.0014  0.0010  0.0001  0.0042  1.0000  0.0015  0.0063  0.0019  0.0007  0.0231  0.0778  0.0009  0.0018  0.1145  0.0986  0.0002  0.0000  0.0003  0.0000  0.0000  0.0000
 0.0000  0.0000  0.0000  0.0000  0.0000  0.0000  0.0000  0.0000  0.0000  1.0000  0.0000  0.0000  0.0000  0.0000  0.0000  0.0000  0.0000  0.0000  0.0000  0.0000  0.0000  0.0000  0.0000  0.0000  0.0000
 0.0385  0.0000  0.0004  0.0003  0.0003  0.0001  0.0019  0.0001  0.0002  0.0004  0.0003  0.0002  0.0003  0.0009  0.0002  0.0003  1.0000  0.0007  0.0006  0.0001  0.0000  0.0001  0.0000  0.0000  0.0000
 0.0000  0.0000  0.0000  1.0000  0.0000  0.0000  0.0000  0.0000  0.0000  0.0000  0.0000  0.0000  0.0000  0.0000  0.0000  0.0000  0.0000  0.0000  0.0000  0.0000  0.0000  0.0000  0.0000  0.0000  0.0000
 0.0009  0.0000  0.0002  0.0001  0.0001  0.0003  0.0001  0.0000  0.0110  0.0002  0.0018  0.0117  0.0001  0.0002  0.0001  0.0001  0.0002  0.0007  1.0000  0.0000  0.0000  0.0001  0.0000  0.0000  0.0000
 0.0000  0.0000  0.0000  0.0000  0.0000  0.0000  0.0000  0.0000  0.0000  0.0000  0.0000  0.0000  0.0000  0.0000  0.0000  0.0000  0.0000  0.0000  0.0000  1.0000  0.0000  0.0000  0.0000  0.0000  0.0000
 0.0845  0.0000  0.0004  0.0003  0.0004  0.0002  0.0022  0.0001  0.0002  0.0004  0.0004  0.0002  0.0003  0.0010  0.0003  0.0003  1.0000  0.0008  0.0007  0.0001  0.0000  0.0001  0.0000  0.0000  0.0000
 0.0002  0.0000  0.0001  0.0000  0.0000  1.0000  0.0000  0.0000  0.0004  0.0000  0.0010  0.0002  0.0000  0.0001  0.0000  0.0000  0.0001  0.0001  0.0004  0.0009  0.0000  0.0289  0.0000  0.0000  0.0000
 0.0000  0.0000  0.0000  0.0000  0.0000  0.0000  1.0000  0.0000  0.0000  0.0000  0.0000  0.0000  0.0000  0.0000  0.0000  0.0000  0.0000  0.0000  0.0000  0.0000  0.0000  0.0000  0.0000  0.0000  0.0000
 0.0004  0.0000  0.0001  0.0001  0.0001  0.0005  0.0002  0.0000  1.0000  0.0002  0.0027  0.0005  0.0001  0.0001  0.0000  0.0001  0.0002  0.0004  0.3843  0.0001  0.0000  0.0002  0.0000  0.0000  0.0000
 0.0004  0.0000  0.0001  0.0000  0.0001  0.0087  0.0001  0.0001  0.0020  0.0001  1.0000  0.0066  0.0001  0.0002  0.0002  0.0001  0.0001  0.0002  0.0340  0.0001  0.0000  0.0001  0.0000  0.0000  0.0000
 0.0006  0.0000  0.0001  0.0001  0.0001  0.0015  0.0001  0.0001  0.0433  0.0002  1.0000  0.0300  0.0001  0.0002  0.0333  0.0002  0.0002  0.0003  0.0071  0.0002  0.0000  0.0002  0.0000  0.0000  0.0000
 0.3950  0.0000  0.1383  0.1540  0.2046  0.5446  0.2473  0.4270  0.2955  0.2178  0.4875  0.2569  0.2306  0.1533  0.2202  0.2607  0.3229  0.8578  0.3975  0.2118  0.0000  1.0000  0.0000  0.0000  0.0000
 0.0009  0.0000  0.0002  0.0016  1.0000  0.0002  0.0010  0.0002  0.0002  0.0007  0.0004  0.0001  0.0004  0.0007  0.0008  0.0004  0.0005  0.0004  0.0044  0.0001  0.0000  0.0002  0.0000  0.0000  0.0000
 0.0012  0.0000  0.0004  0.0002  0.0003  0.0026  0.0005  0.0001  1.0000  0.0005  0.7972  0.0658  0.0003  0.0003  0.0004  0.0004  0.0005  0.0011  0.2585  0.0003  0.0000  0.0007  0.0000  0.0000  0.0000
 0.1702  0.0000  0.0022  0.0007  0.0017  0.2149  0.0007  0.0004  0.4992  0.0019  0.0438  0.1057  0.0010  0.0021  0.0012  0.0013  0.0019  0.1873  1.0000  0.0004  0.0000  0.0013  0.0000  0.0000  0.0000
 0.0043  0.0000  0.0002  0.0004  0.0003  0.0001  0.0003  0.0077  0.0003  0.0004  0.0003  0.0002  0.0008  0.0005  0.0003  0.0003  0.0441  1.0000  0.0005  0.0001  0.0000  0.0001  0.0000  0.0000  0.0000
 0.0660  0.0000  0.0081  0.0136  0.0858  0.0696  0.0466  0.1531  0.0307  0.9016  0.0688  0.0228  0.0620  0.0492  0.1441  0.4252  0.0540  0.0749  0.0404  0.0119  0.0000  1.0000  0.0000  0.0000  0.0000
 0.0000  0.0000  0.0000  0.0000  0.0000  0.0000  1.0000  0.0000  0.0000  0.0000  0.0000  0.0000  0.0000  0.0000  0.0000  0.0000  0.0000  0.0000  0.0000  0.0000  0.0000  0.0000  0.0000  0.0000  0.0000
 0.0189  0.0000  0.0002  0.0003  0.0024  0.0004  0.0012  0.0015  0.0007  0.2175  0.0017  0.0996  0.0016  0.0013  0.1513  1.0000  0.0014  0.0018  0.0010  0.0003  0.0000  0.0008  0.0000  0.0000  0.0000
 0.0089  0.0000  0.1981  0.0011  0.0018  0.0865  0.0016  0.0003  0.8974  0.0023  0.0724  0.2804  0.0014  0.0018  0.0011  0.0017  0.1962  0.0402  1.0000  0.0007  0.0000  0.0025  0.0000  0.0000  0.0000
 0.0000  0.0000  0.0000  0.0000  0.0000  0.0000  0.0000  0.0000  0.0000  0.0000  0.0000  0.0000  0.0000  1.0000  0.0000  0.0000  0.0000  0.0000  0.0000  0.0000  0.0000  0.0000  0.0000  0.0000  0.0000
 0.0000  0.0000  0.0000  0.0000  0.0000  0.0000  0.0000  0.0000  0.0000  0.0000  0.0000  0.0000  0.0000  0.0000  0.0000  0.0000  0.0000  0.0000  0.0000  0.0000  0.0000  1.0000  0.0000  0.0000  0.0000
 0.0507  0.0000  0.0006  0.0011  0.1338  0.0003  0.0033  0.0002  0.0004  0.0009  0.0007  0.0003  0.0008  1.0000  0.0008  0.0005  0.0516  0.0174  0.0012  0.0001  0.0000  0.0002  0.0000  0.0000  0.0000
 0.0127  0.0000  0.0003  0.0003  0.0003  0.0002  1.0000  0.0001  0.0002  0.0003  0.0004  0.0001  0.0003  0.0009  0.0002  0.0003  0.0015  0.0005  0.0005  0.0001  0.0000  0.0001  0.0000  0.0000  0.0000
 0.0009  0.0000  0.0002  0.0001  0.0003  0.0025  0.0002  0.0002  0.0853  0.0004  0.0340  1.0000  0.0002  0.0004  0.0005  0.0774  0.0003  0.0006  0.0027  0.0003  0.0000  0.0121  0.0000  0.0000  0.0000
 0.0315  0.0000  0.0067  0.1788  0.0135  0.0043  0.0693  0.0616  0.0094  0.0172  0.0094  0.0546  0.3682  0.0510  0.0128  0.0104  0.4797  1.0000  0.3249  0.0024  0.0000  0.0060  0.0000  0.0000  0.0000
 0.0047  0.0000  0.0009  0.0145  0.0044  0.0007  0.0872  0.0031  0.0004  0.0131  0.0813  0.0003  1.0000  0.0028  0.0029  0.0024  0.0446  0.0036  0.0008  0.0003  0.0000  0.0016  0.0000  0.0000  0.0000
 0.5480  0.0000  0.0321  0.1368  0.3239  0.0444  0.2367  0.2150  0.0883  0.9663  0.1757  0.0832  0.2047  0.3288  0.3583  1.0000  0.3310  0.3599  0.1323  0.0240  0.0000  0.0719  0.0000  0.0000  0.0000
 0.0013  0.0000  0.0000  0.1513  1.0000  0.0001  0.0005  0.0003  0.0002  0.0013  0.0003  0.0001  0.0005  0.0008  0.1406  0.0004  0.0007  0.0006  0.0003  0.0001  0.0000  0.0002  0.0000  0.0000  0.0000
 0.0024  0.0000  0.0005  0.0002  0.0004  0.0003  0.0004  0.0001  0.0022  0.0004  0.0016  0.0005  0.0003  0.0006  0.0003  0.0003  0.0007  0.1002  1.0000  0.0001  0.0000  0.0002  0.0000  0.0000  0.0000
 0.0014  0.0000  0.0004  0.0002  0.0004  0.0347  0.0003  0.0003  0.4641  0.0005  1.0000  0.1139  0.0003  0.0006  0.0007  0.0005  0.0004  0.0008  0.0039  0.0006  0.0000  0.0852  0.0000  0.0000  0.0000
 0.2208  0.0000  0.0034  0.6382  1.0000  0.0035  0.0251  0.3138  0.0121  0.0619  0.0196  0.0069  0.0323  0.0197  0.8361  0.3268  0.1143  0.3260  0.0325  0.0013  0.0000  0.0030  0.0000  0.0000  0.0000
 0.2957  0.0000  0.0200  0.0512  0.1100  0.0045  0.0319  0.0111  0.0158  0.2507  0.0858  0.1346  0.2668  0.0233  1.0000  0.1223  0.1302  0.0480  0.0240  0.0016  0.0000  0.0039  0.0000  0.0000  0.0000
 0.0011  0.0000  0.0004  0.0002  0.0003  0.0019  0.0005  0.0001  0.2337  0.0005  0.8415  0.0020  0.0003  0.0003  0.0002  0.0004  0.0005  0.0012  1.0000  0.0002  0.0000  0.0007  0.0000  0.0000  0.0000
 0.0649  0.0000  0.0001  0.1394  1.0000  0.0005  0.0364  0.0014  0.0007  0.0060  0.0014  0.0279  0.0026  0.0036  0.0859  0.0017  0.1425  0.0027  0.0014  0.0003  0.0000  0.0007  0.0000  0.0000  0.0000
 0.0329  0.0000  0.0003  0.0008  0.0109  0.0007  0.0025  0.2010  0.0015  0.2187  0.0197  0.0012  0.0034  0.0027  0.2625  1.0000  0.0907  0.0218  0.0020  0.0005  0.0000  0.0015  0.0000  0.0000  0.0000
 0.0118  0.0000  0.0003  0.0014  0.0006  0.0001  1.0000  0.0003  0.0001  0.0006  0.0003  0.0001  0.0643  0.0008  0.0004  0.0003  0.0102  0.0007  0.0005  0.0001  0.0000  0.0002  0.0000  0.0000  0.0000
 0.0002  0.0000  0.0001  0.0000  0.0001  0.0471  0.0000  0.0000  0.0004  0.0000  0.0011  0.0002  0.0000  0.0001  0.0000  0.0000  0.0001  0.0001  0.0004  0.0010  0.0000  1.0000  0.0000  0.0000  0.0000
 0.0006  0.0000  0.0003  0.0006  0.0007  0.0003  0.0015  0.0321  0.0003  0.0020  0.0007  0.0002  0.0005  0.0010  0.0008  1.0000  0.0005  0.0005  0.0004  0.0003  0.0000  0.0003  0.0000  0.0000  0.0000
 0.0005  0.0000  0.0001  0.0001  0.0001  0.0013  0.0001  0.0001  0.0023  0.0002  0.1978  1.0000  0.0001  0.0002  0.0002  0.0002  0.0001  0.0003  0.0013  0.0002  0.0000  0.0002  0.0000  0.0000  0.0000
 0.0134  0.0000  0.0003  0.0035  0.0839  0.0002  0.0015  0.0003  0.0005  0.0016  0.0007  0.0003  0.0006  1.0000  0.0133  0.0006  0.0017  0.0011  0.0357  0.0001  0.0000  0.0002  0.0000  0.0000  0.0000
 0.3074  0.0000  0.0596  0.1661  0.3864  0.0693  0.1782  0.1519  0.1118  1.0000  0.2122  0.0724  0.2307  0.1593  0.4109  0.8086  0.2726  0.2662  0.1560  0.0304  0.0000  0.1081  0.0000  0.0000  0.0000
 0.0146  0.0000  0.0010  0.0007  0.0009  0.0004  0.0039  0.0002  0.0017  0.0010  0.0017  0.0809  0.0009  1.0000  0.0007  0.0007  0.0094  0.0162  0.0167  0.0001  0.0000  0.0003  0.0000  0.0000  0.0000
 0.5268  0.0000  0.0105  0.4604  0.6402  0.0099  0.1080  0.1099  0.0369  0.1832  0.0970  0.0762  0.1288  1.0000  0.5301  0.1034  0.2596  0.2621  0.0781  0.0034  0.0000  0.0076  0.0000  0.0000  0.0000
 0.2431  0.0000  0.0152  0.3163  0.4791  0.0287  0.9988  0.1110  0.0471  0.1893  0.0764  0.0484  1.0000  0.0591  0.1229  0.2115  0.2647  0.2986  0.1922  0.0083  0.0000  0.0662  0.0000  0.0000  0.0000
 0.0025  0.0000  1.0000  0.0004  0.0003  0.0002  0.0011  0.0001  0.0004  0.0004  0.0266  0.0002  0.0006  0.0008  0.0003  0.0003  0.0123  0.0337  0.0009  0.0001  0.0000  0.0001  0.0000  0.0000  0.0000
 0.0012  0.0000  0.0001  0.0022  0.0403  0.0001  0.0014  0.0004  0.0001  0.0009  0.0003  0.0001  0.0067  1.0000  0.0008  0.0004  0.0011  0.0006  0.0003  0.0001  0.0000  0.0002  0.0000  0.0000  0.0000
 0.5440  0.0000  0.0202  0.5540  1.0000  0.0188  0.1550  0.0459  0.1287  0.4354  0.1242  0.0524  0.2084  0.4614  0.3551  0.1986  0.2970  0.2470  0.1675  0.0065  0.0000  0.0143  0.0000  0.0000  0.0000
 0.1932  0.0000  0.0078  0.1797  1.0000  0.0073  0.1084  0.0177  0.0273  0.1817  0.0613  0.0155  0.1423  0.1268  0.2365  0.1605  0.8306  0.1216  0.0601  0.0025  0.0000  0.0055  0.0000  0.0000  0.0000
 0.0007  0.0000  0.0002  0.0001  0.0002  0.0610  0.0002  0.0001  0.0954  0.0003  1.0000  0.0019  0.0002  0.0002  0.0003  0.0003  0.0003  0.0006  0.2002  0.0003  0.0000  0.0086  0.0000  0.0000  0.0000
 0.0015  0.0000  0.0020  0.0024  0.0013  0.0012  0.0052  0.3207  0.0010  0.0009  0.0017  0.0004  0.0015  0.0022  0.0010  0.0017  0.0010  0.0013  0.0014  0.0010  0.0000  1.0000  0.0000  0.0000  0.0000
 0.1051  0.0000  0.0036  1.0000  0.9236  0.0034  0.0495  0.0480  0.0127  0.1086  0.0206  0.0401  0.3492  0.0187  0.2049  0.1713  0.2156  0.1113  0.1669  0.0012  0.0000  0.0026  0.0000  0.0000  0.0000
 0.0257  0.0000  0.0006  0.0003  0.0006  0.0216  0.0006  0.0003  0.8824  0.0008  1.0000  0.1316  0.0005  0.0008  0.0009  0.0007  0.0007  0.0016  0.2163  0.0006  0.0000  0.0009  0.0000  0.0000  0.0000
 0.0011  0.0000  0.0002  0.0001  0.0002  0.0007  0.0002  0.0001  0.0451  0.0058  0.0038  1.0000  0.0002  0.0003  0.0003  0.0003  0.0004  0.0092  0.0022  0.0001  0.0000  0.0001  0.0000  0.0000  0.0000
 0.3780  0.0000  0.2011  0.2372  0.4221  0.1933  0.2107  0.1578  0.2474  0.5224  1.0000  0.3424  0.2952  0.1263  0.2917  0.4322  0.3093  0.3303  0.3217  0.0766  0.0000  0.2375  0.0000  0.0000  0.0000
 0.1798  0.0000  0.0127  0.4413  0.9050  0.0120  0.1838  0.1309  0.0446  0.5462  0.3817  0.1670  0.1558  0.0654  1.0000  0.2777  0.1745  0.2350  0.0679  0.0041  0.0000  0.0092  0.0000  0.0000  0.0000
 0.0138  0.0000  1.0000  0.0003  0.0003  0.0002  0.0018  0.0001  0.0003  0.0004  0.0004  0.0002  0.0003  0.0009  0.0003  0.0003  0.0019  0.0364  0.0008  0.0001  0.0000  0.0001  0.0000  0.0000  0.0000
 0.0000  0.0000  0.0000  0.0000  0.0000  0.0000  0.0000  0.0000  0.0000  0.0000  0.0000  0.0000  0.0000  0.0000  0.0000  0.0000  0.0000  0.0000  0.0000  1.0000  0.0000  0.0000  0.0000  0.0000  0.0000
 0.1288  0.0000  0.0017  0.1420  0.0316  0.0016  0.0120  0.1567  0.0059  1.0000  0.0216  0.0176  0.1709  0.0087  0.2208  0.7762  0.0623  0.0535  0.0090  0.0006  0.0000  0.0013  0.0000  0.0000  0.0000
 0.6389  0.0000  0.0294  0.3803  0.8443  0.0390  0.3148  0.0876  0.1030  1.0000  0.2191  0.0762  0.3543  0.1618  0.3638  0.3641  0.5222  0.3521  0.1739  0.1282  0.0000  0.0215  0.0000  0.0000  0.0000
 0.0571  0.0000  0.0028  1.0000  0.4740  0.0026  0.0261  0.0063  0.0682  0.2874  0.0157  0.0055  0.1834  0.0142  0.0581  0.2523  0.2522  0.0677  0.0337  0.0009  0.0000  0.0020  0.0000  0.0000  0.0000
 0.1686  0.0000  0.0004  0.0010  0.0104  0.0002  0.0025  0.0002  0.0002  0.0011  0.0005  0.0002  0.0005  1.0000  0.0073  0.0054  0.0108  0.0010  0.0008  0.0001  0.0000  0.0002  0.0000  0.0000  0.0000
 0.1489  0.0000  0.0019  0.2860  1.0000  0.0208  0.0132  0.0183  0.0196  0.1002  0.0282  0.0911  0.0171  0.0095  0.0984  0.0182  0.1065  0.0678  0.0100  0.0006  0.0000  0.0016  0.0000  0.0000  0.0000
 0.0205  0.0000  0.0003  0.3273  1.0000  0.0005  0.0031  0.0013  0.0013  0.1706  0.0021  0.0008  0.0852  0.0029  0.0767  0.0753  0.0445  0.0041  0.0020  0.0002  0.0000  0.0005  0.0000  0.0000  0.0000
 0.0000  0.0000  0.0000  0.0000  0.0000  0.0000  0.0000  0.0000  0.0000  0.0000  0.0000  0.0000  0.0000  0.0000  0.0000  1.0000  0.0000  0.0000  0.0000  0.0000  0.0000  0.0000  0.0000  0.0000  0.0000
 0.0008  0.0000  0.0003  0.0011  0.0008  0.0004  0.0028  0.0262  0.0004  0.0010  0.0009  0.0001  0.0006  1.0000  0.0006  0.0010  0.0006  0.0006  0.0005  0.0004  0.0000  0.0004  0.0000  0.0000  0.0000
 0.0013  0.0000  0.0003  0.0005  0.0003  0.0001  0.0004  0.0002  0.0004  0.0005  0.0003  0.0002  0.0010  0.0006  0.0004  0.0241  0.0567  1.0000  0.0006  0.0001  0.0000  0.0001  0.0000  0.0000  0.0000
 0.0004  0.0000  0.0001  0.0001  0.0001  1.0000  0.0003  0.0000  0.0004  0.0001  0.0010  0.0002  0.0001  0.0002  0.0001  0.0001  0.0043  0.0002  0.0004  0.0008  0.0000  0.0033  0.0000  0.0000  0.0000
 0.0899  0.0000  0.0001  0.2005  1.0000  0.0004  0.0015  0.0444  0.0005  0.1161  0.0009  0.0004  0.0017  0.0262  0.0055  0.0011  0.0021  0.0018  0.0010  0.0002  0.0000  0.0005  0.0000  0.0000  0.0000
 0.2232  0.0000  0.0254  0.0309  0.0392  0.3227  0.0470  0.0740  0.1105  0.0696  0.0898  0.0309  0.0475  0.0317  0.0427  0.0594  0.2353  0.4200  0.0718  0.0254  0.0000  1.0000  0.0000  0.0000  0.0000
 0.0006  0.0000  0.0001  0.0001  0.0001  0.0015  0.0001  0.0001  0.2031  0.0002  1.0000  0.0182  0.0001  0.0002  0.0003  0.0002  0.0002  0.0003  0.0016  0.0002  0.0000  0.0002  0.0000  0.0000  0.0000
 0.0044  0.0000  0.0005  0.0011  0.0059  0.0195  0.0033  0.2871  0.0020  0.0972  0.0046  0.0015  0.0463  0.0034  1.0000  0.2862  0.0167  0.0047  0.0026  0.0008  0.0000  0.0287  0.0000  0.0000  0.0000
 0.6153  0.0000  0.1924  0.2296  0.3653  0.7074  0.4127  0.6457  0.3855  0.2904  0.6363  0.2161  0.3619  0.2032  0.2913  0.3431  0.8979  0.3873  0.4917  0.3951  0.0000  1.0000  0.0000  0.0000  0.0000
 0.5165  0.0000  0.1774  0.2085  0.2693  0.7774  0.3250  0.5371  0.3952  0.3464  0.6483  0.2176  0.3029  0.2014  0.3277  0.3623  0.3952  0.3897  0.5664  0.1823  0.0000  1.0000  0.0000  0.0000  0.0000
 0.0004  0.0000  0.0001  0.0001  0.0001  0.0319  0.0001  0.0001  0.0017  0.0001  1.0000  0.0011  0.0001  0.0002  0.0002  0.0001  0.0001  0.0002  0.0010  0.0002  0.0000  0.0007  0.0000  0.0000  0.0000
 0.0026  0.0000  0.0001  0.2690  1.0000  0.0003  0.0018  0.0284  0.0003  0.0028  0.0006  0.0002  0.0951  0.0017  0.0392  0.0008  0.0019  0.0013  0.0006  0.0001  0.0000  0.0004  0.0000  0.0000  0.0000
 0.1543  0.0000  0.0005  1.0000  0.0997  0.0007  0.0078  0.0976  0.0006  0.0058  0.0011  0.0004  0.0465  0.0034  0.0060  0.0022  0.0066  0.0033  0.0010  0.0003  0.0000  0.0014  0.0000  0.0000  0.0000
 0.0429  0.0000  0.0010  0.0005  0.0009  1.0000  0.0007  0.0007  0.2308  0.0010  0.0821  0.1720  0.0007  0.0014  0.0015  0.0010  0.0012  0.0020  0.0087  0.0031  0.0000  0.1066  0.0000  0.0000  0.0000
 0.0127  0.0000  0.0044  0.0062  0.0070  1.0000  0.0089  0.1534  0.0104  0.0077  0.0368  0.0059  0.1373  0.0052  0.0075  0.0089  0.0104  0.0099  0.0126  0.0046  0.0000  0.6798  0.0000  0.0000  0.0000
 0.1092  0.0000  0.0140  0.1224  0.2316  0.0167  0.0995  0.1042  0.0336  0.3543  0.0635  0.0227  0.2399  0.0675  0.3450  0.5029  0.1988  1.0000  0.0483  0.0104  0.0000  0.0316  0.0000  0.0000  0.0000
 1.0000  0.0000  0.0832  0.0148  0.0146  0.0085  0.0356  0.0064  0.0230  0.0190  0.0840  0.0556  0.0223  0.0268  0.0138  0.1680  0.2366  0.2513  0.0475  0.0031  0.0000  0.0086  0.0000  0.0000  0.0000
 0.0156  0.0000  0.0034  1.0000  0.0350  0.0031  0.0436  0.2014  0.0021  0.0200  0.0043  0.0014  0.0670  0.0126  0.0154  0.0100  0.0326  0.0142  0.0034  0.0018  0.0000  0.0070  0.0000  0.0000  0.0000
 0.0000  0.0000  0.0000  0.0000  0.0000  0.0000  0.0000  0.0000  0.0000  0.0000  0.0000  0.0000  0.0000  1.0000  0.0000  0.0000  0.0000  0.0000  0.0000  0.0000  0.0000  0.0000  0.0000  0.0000  0.0000
//
