WARNING! L400 not allowed! score: 0.04 median: 2.77 # of sequence: 271
WARNING! P414 not allowed! score: 0.04 median: 2.77 # of sequence: 271
ID   UNK_ID; MATRIX
AC   UNK_AC
DE   UNK_DE
MA   UNK_BL
  A   B   C   D   E   F   G   H   I   K   L   M   N   P   Q   R   S   T   V   W   X   Y   Z   *   -
 0.0000  0.0000  0.0000  0.0000  0.0000  0.0000  0.0000  0.0000  0.0000  0.0000  0.0000  1.0000  0.0000  0.0000  0.0000  0.0000  0.0000  0.0000  0.0000  0.0000  0.0000  0.0000  0.0000  0.0000  0.0000
 0.0414  0.0000  0.0051  0.0083  0.0124  0.0173  0.0888  0.0070  0.0309  0.0379  1.0000  0.0208  0.0122  0.0151  0.0166  0.0711  0.0227  0.0147  0.0230  0.0033  0.0000  0.0061  0.0000  0.0000  0.0000
 0.0078  0.0000  0.0007  0.0025  0.0455  0.0015  0.0057  0.0066  0.0032  1.0000  0.0075  0.0025  0.1969  0.0059  0.1251  0.0871  0.0066  0.0081  0.0043  0.0012  0.0000  0.0033  0.0000  0.0000  0.0000
 0.0244  0.0000  0.0573  0.0013  0.0037  0.0029  0.0004  0.0011  0.0263  0.0037  0.0433  0.0509  0.0020  0.0053  0.0028  0.0022  0.0566  0.0466  1.0000  0.0005  0.0000  0.0011  0.0000  0.0000  0.0000
 0.0081  0.0000  0.0388  0.0034  0.0022  0.0009  0.0023  0.0010  0.0026  0.0378  0.0024  0.0013  0.0063  0.0041  0.0328  0.0023  0.1390  1.0000  0.0221  0.0006  0.0000  0.0010  0.0000  0.0000  0.0000
 0.4087  0.0000  0.0294  0.3437  0.4811  0.0405  0.2641  0.0703  0.3893  0.5493  0.2411  0.1802  0.3160  0.1343  0.2848  0.2852  0.5046  0.4105  1.0000  0.0125  0.0000  0.0420  0.0000  0.0000  0.0000
 0.0825  0.0000  0.0012  0.0082  0.0049  0.0007  0.0388  0.0022  0.0008  0.0389  0.0018  0.0007  0.0433  1.0000  0.0271  0.0053  0.0086  0.0038  0.0020  0.0004  0.0000  0.0013  0.0000  0.0000  0.0000
 0.3613  0.0000  0.0108  0.4155  0.2968  0.0102  0.1233  0.0427  0.0379  0.4340  0.0611  0.0214  0.1989  0.0725  0.1775  0.1268  1.0000  0.4799  0.0887  0.0035  0.0000  0.0735  0.0000  0.0000  0.0000
 0.8042  0.0000  0.2628  0.5874  0.9633  0.0483  0.3955  0.1518  0.2094  0.9931  0.2841  0.0996  0.5505  0.3802  0.5711  0.5051  1.0000  0.6024  0.2763  0.0165  0.0000  0.0378  0.0000  0.0000  0.0000
 0.5826  0.0000  0.0401  0.4973  0.8650  0.0375  0.3270  0.1361  0.1406  0.7352  0.2268  0.1512  0.4112  0.4416  0.4857  0.4665  1.0000  0.5516  0.2730  0.0129  0.0000  0.0284  0.0000  0.0000  0.0000
 0.9955  0.0000  0.0306  0.3836  0.6547  0.0499  0.3855  0.0699  0.1069  0.6761  0.2321  0.0605  0.4185  0.4617  0.3940  0.4100  1.0000  0.5612  0.1813  0.0101  0.0000  0.0540  0.0000  0.0000  0.0000
 0.1958  0.0000  0.0112  0.1228  0.2860  0.0131  0.1127  0.0262  0.0560  0.3965  0.0966  0.0216  0.2428  0.1288  0.2646  0.1508  1.0000  0.2405  0.0933  0.0295  0.0000  0.0548  0.0000  0.0000  0.0000
 0.6289  0.0000  0.1404  0.2492  0.4002  0.0208  0.1986  0.0490  0.0749  0.6450  0.2044  0.0424  0.3985  1.0000  0.2554  0.5520  0.7754  0.4215  0.1615  0.0071  0.0000  0.0165  0.0000  0.0000  0.0000
 0.8269  0.0000  0.2106  0.6005  1.0000  0.1720  0.4035  0.1949  0.2487  0.9738  0.4174  0.1305  0.5182  0.5069  0.6116  0.6078  0.7919  0.6851  0.3457  0.0445  0.0000  0.2019  0.0000  0.0000  0.0000
 0.5369  0.0000  0.0291  0.2928  0.5247  0.0411  0.2864  0.0802  0.0960  0.4766  0.2349  0.0543  0.2578  0.4153  0.3939  0.2497  1.0000  0.3907  0.1973  0.0127  0.0000  0.0872  0.0000  0.0000  0.0000
 0.3762  0.0000  0.0113  0.1729  0.3130  0.0105  0.1647  0.0798  0.0396  0.4609  0.0638  0.0394  0.2272  0.3047  0.2723  0.1436  1.0000  0.2490  0.0603  0.0036  0.0000  0.0080  0.0000  0.0000  0.0000
 0.7742  0.0000  0.0536  0.6234  1.0000  0.0636  0.3866  0.1363  0.2016  0.9267  0.3079  0.1236  0.5145  0.3707  0.6045  0.5357  0.7323  0.5843  0.3731  0.0182  0.0000  0.0450  0.0000  0.0000  0.0000
 0.8858  0.0000  0.1034  0.6410  0.9527  0.0561  0.4045  0.1830  0.1957  1.0000  0.2902  0.1017  0.4970  0.4079  0.5811  0.5299  0.8872  0.8837  0.2993  0.0185  0.0000  0.0972  0.0000  0.0000  0.0000
 1.0000  0.0000  0.0329  0.2938  0.5186  0.0575  0.3430  0.1423  0.1042  0.4471  0.2420  0.0716  0.3146  0.2894  0.3691  0.3556  0.6034  0.3442  0.2154  0.0169  0.0000  0.1263  0.0000  0.0000  0.0000
 0.5232  0.0000  0.0288  0.3271  0.5728  0.0851  0.3296  0.0762  0.1169  0.5476  0.1868  0.0696  0.3789  0.3699  0.3959  0.3836  1.0000  0.3756  0.1945  0.0100  0.0000  0.0253  0.0000  0.0000  0.0000
 1.0000  0.0000  0.0329  0.4576  0.6315  0.0309  0.3333  0.1069  0.1758  0.7448  0.2321  0.0856  0.3350  0.6153  0.3756  0.3370  0.6959  0.4812  0.3063  0.0106  0.0000  0.0237  0.0000  0.0000  0.0000
 1.0000  0.0000  0.0309  0.3982  0.6165  0.0658  0.3735  0.0703  0.1081  0.8647  0.1899  0.0611  0.3459  0.4748  0.4158  0.4730  0.9156  0.5397  0.2014  0.0243  0.0000  0.0223  0.0000  0.0000  0.0000
 0.1033  0.0000  0.0040  0.0635  0.1045  0.0037  0.2163  0.0091  0.0140  0.1029  0.0541  0.0079  0.0582  1.0000  0.0534  0.1693  0.2078  0.0789  0.0538  0.0013  0.0000  0.0028  0.0000  0.0000  0.0000
 0.9344  0.0000  0.0790  0.5586  0.8968  0.0489  0.6481  0.1223  0.1945  0.8987  0.2827  0.0955  0.5440  0.4826  0.6857  0.6067  1.0000  0.6238  0.3067  0.0165  0.0000  0.0403  0.0000  0.0000  0.0000
 0.7686  0.0000  0.0520  0.5965  0.9650  0.0526  0.4561  0.1492  0.2065  0.8990  0.3239  0.1093  0.5081  0.5164  0.5981  0.5580  1.0000  0.8551  0.3026  0.0177  0.0000  0.0435  0.0000  0.0000  0.0000
 1.0000  0.0000  0.0349  0.3330  0.6130  0.0203  0.2068  0.0992  0.1408  0.4962  0.1778  0.0552  0.2112  0.2023  0.2966  0.2457  0.5471  0.3078  0.3123  0.0070  0.0000  0.0155  0.0000  0.0000  0.0000
 0.7413  0.0000  0.0440  0.5258  0.8268  0.0576  0.6338  0.1248  0.1530  0.9100  0.2571  0.0866  0.6683  0.3768  0.5030  0.6210  1.0000  0.5623  0.2961  0.0229  0.0000  0.0359  0.0000  0.0000  0.0000
 0.4758  0.0000  0.1328  0.1555  0.2071  0.6967  0.3225  0.4325  0.3541  0.2798  1.0000  0.1859  0.2315  0.2068  0.2482  0.3676  0.3925  0.3200  0.6301  0.1387  0.0000  0.7642  0.0000  0.0000  0.0000
 0.7851  0.0000  0.1888  0.3829  0.5593  0.7124  0.4737  0.5697  0.4537  0.6458  0.8085  0.2468  0.4476  0.3213  0.5209  0.5367  0.6460  0.5947  0.7342  0.1861  0.0000  1.0000  0.0000  0.0000  0.0000
 0.4399  0.0000  0.0098  0.1364  0.2231  0.0412  0.0942  0.0225  0.0479  0.3658  0.1726  0.0375  0.1063  1.0000  0.1178  0.2376  0.3388  0.1538  0.1937  0.0032  0.0000  0.0075  0.0000  0.0000  0.0000
 0.7612  0.0000  0.0520  0.8015  1.0000  0.0491  0.4151  0.1182  0.2508  0.9164  0.3167  0.1028  0.5016  0.3538  0.5922  0.5216  0.8133  0.6060  0.3374  0.0168  0.0000  0.0492  0.0000  0.0000  0.0000
 0.7353  0.0000  0.1884  0.4035  0.5903  0.6989  0.4511  0.5653  0.4412  0.5801  0.7290  0.2476  0.4629  0.2857  0.4736  0.5077  0.6303  0.5643  0.5829  0.1846  0.0000  1.0000  0.0000  0.0000  0.0000
 0.5076  0.0000  0.1762  0.2066  0.2766  0.6997  0.3302  0.5388  0.3916  0.2925  0.6490  0.2195  0.3077  0.2098  0.2950  0.3492  0.4067  0.4029  0.5018  0.1939  0.0000  1.0000  0.0000  0.0000  0.0000
 0.0040  0.0000  0.0009  0.0242  0.0008  0.0017  0.0005  0.0002  0.6049  0.0416  0.0496  0.0020  0.0005  0.0310  0.0006  0.0229  0.0009  0.0033  1.0000  0.0002  0.0000  0.0008  0.0000  0.0000  0.0000
 0.0526  0.0000  0.0018  0.3634  0.2744  0.0070  0.0203  0.0129  0.0119  0.0783  1.0000  0.0165  0.0235  0.0390  0.0648  0.0206  0.0309  0.0601  0.0175  0.0026  0.0000  0.0070  0.0000  0.0000  0.0000
 0.0458  0.0000  0.0026  0.0508  0.0759  0.0025  1.0000  0.0061  0.0092  0.1553  0.0251  0.0052  0.0245  0.2426  0.1702  0.0661  0.0521  0.0322  0.0140  0.0009  0.0000  0.0020  0.0000  0.0000  0.0000
 0.1252  0.0000  0.0550  0.1334  0.2439  0.0142  0.0637  0.4109  0.0334  0.9153  0.0540  0.0189  0.1193  0.0791  0.2152  1.0000  0.5605  0.4319  0.0920  0.0044  0.0000  0.1754  0.0000  0.0000  0.0000
 0.1605  0.0000  0.0056  0.1029  0.1637  0.0052  0.1972  0.0281  0.0195  0.7035  0.0421  0.0197  0.3185  1.0000  0.2299  0.1178  0.0961  0.0652  0.0298  0.0018  0.0000  0.0039  0.0000  0.0000  0.0000
 0.4956  0.0000  0.1727  0.2003  0.2662  0.7226  0.3293  0.5352  0.3843  0.3073  0.6573  0.2505  0.2997  0.1993  0.2865  0.3867  0.3959  0.4955  0.4944  0.1806  0.0000  1.0000  0.0000  0.0000  0.0000
 0.3395  0.0000  0.0302  0.5702  1.0000  0.0117  0.2642  0.0285  0.0439  0.2372  0.0766  0.0248  0.1353  0.2317  0.1712  0.1303  0.2586  0.1680  0.1413  0.0040  0.0000  0.0089  0.0000  0.0000  0.0000
 0.2488  0.0000  0.0112  1.0000  0.3825  0.0104  0.1512  0.0859  0.0385  0.2142  0.0621  0.0218  0.7540  0.2112  0.1219  0.6693  0.2264  0.1878  0.0587  0.0036  0.0000  0.0083  0.0000  0.0000  0.0000
 0.0111  0.0000  0.0012  0.0007  0.0010  0.3860  0.0014  0.0003  0.9062  0.0015  1.0000  0.0073  0.0010  0.0009  0.0009  0.0013  0.0014  0.0037  0.7562  0.0008  0.0000  0.0021  0.0000  0.0000  0.0000
 0.2062  0.0000  0.0058  0.0980  0.1939  0.0054  0.1973  0.0650  0.0203  0.7376  0.1161  0.0115  0.0537  0.0298  0.0733  1.0000  0.2901  0.3598  0.0309  0.0019  0.0000  0.0041  0.0000  0.0000  0.0000
 0.2313  0.0000  0.0036  1.0000  0.2685  0.0034  0.0417  0.0304  0.0126  0.1523  0.1217  0.0071  0.0501  0.0185  0.2365  0.0438  0.2665  0.0666  0.0329  0.0012  0.0000  0.0025  0.0000  0.0000  0.0000
 0.4979  0.0000  0.1720  0.2010  0.3384  0.7934  0.3211  0.5982  0.4272  0.3538  0.7298  0.2245  0.2996  0.1990  0.3005  0.3626  0.4018  0.4253  0.5103  0.1797  0.0000  1.0000  0.0000  0.0000  0.0000
 0.0006  0.0000  0.0006  0.0008  0.0004  0.1394  0.0016  0.0087  0.0005  0.0003  0.0011  0.0003  0.0007  0.0006  0.0003  0.0005  0.0004  0.0005  0.0006  0.0005  0.0000  1.0000  0.0000  0.0000  0.0000
 0.4831  0.0000  0.0262  0.4529  1.0000  0.0246  0.1864  0.0802  0.2330  0.4556  0.2300  0.0519  0.3032  0.1406  0.5310  0.3550  0.7981  0.9453  0.2937  0.0084  0.0000  0.0188  0.0000  0.0000  0.0000
 0.0008  0.0000  0.0002  0.0001  0.0002  0.0873  0.0002  0.0002  0.1519  0.0003  1.0000  0.0299  0.0002  0.0003  0.0004  0.0003  0.0002  0.0005  0.1423  0.0003  0.0000  0.0003  0.0000  0.0000  0.0000
 0.0262  0.0000  0.0018  0.0671  0.1690  0.0015  1.0000  0.0061  0.0011  0.0102  0.0023  0.0009  0.0305  0.0070  0.0086  0.0107  0.0514  0.0074  0.0024  0.0007  0.0000  0.1351  0.0000  0.0000  0.0000
 0.0433  0.0000  0.0013  0.0134  0.2875  0.0015  0.1259  0.0044  0.0047  1.0000  0.0082  0.0028  0.0390  0.0073  0.0401  0.9958  0.3026  0.0281  0.0070  0.0007  0.0000  0.0017  0.0000  0.0000  0.0000
 0.0033  0.0000  0.0000  0.1331  1.0000  0.0003  0.0012  0.0008  0.0004  0.4936  0.0008  0.0003  0.0014  0.0020  0.0044  0.0122  0.0017  0.0015  0.0064  0.0001  0.0000  0.0004  0.0000  0.0000  0.0000
 0.0004  0.0000  0.0001  0.0001  0.0001  0.0010  0.0001  0.0001  0.1129  0.0001  1.0000  0.0013  0.0001  0.0002  0.0002  0.0001  0.0001  0.0003  0.0238  0.0001  0.0000  0.0001  0.0000  0.0000  0.0000
 0.0000  0.0000  0.0000  0.0000  0.0000  0.0000  1.0000  0.0000  0.0000  0.0000  0.0000  0.0000  0.0000  0.0000  0.0000  0.0000  0.0000  0.0000  0.0000  0.0000  0.0000  0.0000  0.0000  0.0000  0.0000
 0.0168  0.0000  0.0001  0.0002  0.0020  0.0003  0.0010  0.0274  0.0006  0.1710  0.0014  0.0005  0.0014  0.0011  0.4845  1.0000  0.0012  0.0015  0.0008  0.0002  0.0000  0.0006  0.0000  0.0000  0.0000
 0.0000  0.0000  0.0000  0.0000  0.0000  0.0000  1.0000  0.0000  0.0000  0.0000  0.0000  0.0000  0.0000  0.0000  0.0000  0.0000  0.0000  0.0000  0.0000  0.0000  0.0000  0.0000  0.0000  0.0000  0.0000
 0.3661  0.0000  0.0006  0.0276  0.3224  0.0011  0.0061  0.0025  0.0014  0.0107  0.0027  0.0011  0.0043  0.0071  1.0000  0.0032  0.0071  0.0051  0.0030  0.0005  0.0000  0.0013  0.0000  0.0000  0.0000
 0.0005  0.0000  0.0003  0.0001  0.0001  1.0000  0.0001  0.0000  0.0011  0.0000  0.0025  0.0005  0.0000  0.0002  0.0000  0.0000  0.0004  0.1397  0.0010  0.0024  0.0000  0.0139  0.0000  0.0000  0.0000
 0.0050  0.0000  0.0005  0.0010  0.0006  0.0002  1.0000  0.0002  0.0002  0.0007  0.0005  0.0002  0.0010  0.0013  0.0004  0.0043  0.2835  0.0010  0.0008  0.0001  0.0000  0.0002  0.0000  0.0000  0.0000
 0.0087  0.0000  0.0108  0.0005  0.0014  0.0016  0.0003  0.0003  0.5428  0.0014  0.0095  0.0024  0.0007  0.0018  0.0010  0.0009  0.0015  0.6241  1.0000  0.0002  0.0000  0.0006  0.0000  0.0000  0.0000
 0.0043  0.0000  0.0009  0.0003  0.0007  0.0005  0.0001  0.0002  0.0114  0.0007  0.0031  0.0009  0.0004  0.0009  0.0005  0.0004  0.0010  1.0000  0.2981  0.0001  0.0000  0.0002  0.0000  0.0000  0.0000
 0.0052  0.0000  0.0054  0.0022  0.0028  0.1561  0.0035  0.1087  0.0039  0.0034  0.0064  0.0022  0.0033  0.0021  0.0031  0.1543  0.0346  0.0040  0.0050  0.0018  0.0000  1.0000  0.0000  0.0000  0.0000
 0.0378  0.0000  0.0091  0.0107  0.0324  0.0449  0.0176  0.0317  0.0206  0.0445  1.0000  0.0249  0.0167  0.0112  0.0536  0.3526  0.0214  0.0473  0.0321  0.0096  0.0000  0.0596  0.0000  0.0000  0.0000
 0.0030  0.0000  1.0000  0.0002  0.0003  0.0002  0.0015  0.0001  0.0004  0.0003  0.0005  0.0002  0.0002  0.0007  0.0002  0.0002  0.0063  0.0007  0.0466  0.0001  0.0000  0.0001  0.0000  0.0000  0.0000
 0.0456  0.0000  0.0072  0.0019  0.0056  0.0039  0.0003  0.0016  0.1122  0.2391  0.0545  0.0286  0.0030  0.0078  0.0044  0.0467  0.0239  1.0000  0.5572  0.0007  0.0000  0.0014  0.0000  0.0000  0.0000
 0.0333  0.0000  0.0092  0.4086  1.0000  0.0010  0.0442  0.3118  0.0037  0.2474  0.0060  0.0021  0.0510  0.0055  0.3422  0.0323  0.0275  0.0115  0.0057  0.0004  0.0000  0.0008  0.0000  0.0000  0.0000
 0.0435  0.0000  0.0051  0.0086  0.0519  0.0117  0.0263  0.0325  0.1567  1.0000  0.2307  0.0186  0.1512  0.0388  0.0843  0.3331  0.0533  0.0439  0.0558  0.0062  0.0000  0.0186  0.0000  0.0000  0.0000
 1.0000  0.0000  0.2765  0.0854  0.4321  0.0036  0.4570  0.0087  0.0134  0.1160  0.0351  0.0340  0.0630  0.0325  0.0649  0.0470  0.5515  0.0991  0.0916  0.0012  0.0000  0.0027  0.0000  0.0000  0.0000
 0.0011  0.0000  0.0002  0.0278  0.0004  0.0001  0.0006  0.0002  0.0003  0.0006  0.0003  0.0002  0.0219  0.0006  0.0004  0.0003  0.1399  1.0000  0.0005  0.0001  0.0000  0.0002  0.0000  0.0000  0.0000
 0.0040  0.0000  0.0056  0.0090  0.0104  0.0008  1.0000  0.0037  0.0011  0.0791  0.0025  0.0008  0.0518  0.0030  0.2071  0.0844  0.0459  0.0041  0.0015  0.0005  0.0000  0.0018  0.0000  0.0000  0.0000
 0.3478  0.0000  0.0139  0.2601  0.7661  0.0130  0.1711  0.3889  0.1010  1.0000  0.1567  0.0333  0.2748  0.0716  0.3221  0.2897  0.2003  0.1550  0.1501  0.0045  0.0000  0.0099  0.0000  0.0000  0.0000
 0.3584  0.0000  0.0197  0.3546  1.0000  0.0246  0.1519  0.1271  0.0991  0.5115  0.2406  0.0501  0.2518  0.3609  0.4458  0.3539  0.2908  0.3354  0.1651  0.0063  0.0000  0.0140  0.0000  0.0000  0.0000
 0.0005  0.0000  0.0003  0.0001  0.0001  0.3119  0.0001  0.0000  0.0012  0.0000  0.1704  0.0006  0.0000  0.0002  0.0000  0.0000  0.0004  0.0003  0.0070  0.0025  0.0000  1.0000  0.0000  0.0000  0.0000
 1.0000  0.0000  0.0000  0.0000  0.0000  0.0000  0.0000  0.0000  0.0000  0.0000  0.0000  0.0000  0.0000  0.0000  0.0000  0.0000  0.0000  0.0000  0.0000  0.0000  0.0000  0.0000  0.0000  0.0000  0.0000
 0.1194  0.0000  1.0000  0.0004  0.0006  0.0004  0.0024  0.0001  0.0019  0.0007  0.1302  0.0006  0.0004  0.0014  0.0005  0.0004  0.0121  0.0019  0.0334  0.0001  0.0000  0.0002  0.0000  0.0000  0.0000
 0.0000  0.0000  0.0000  0.0000  0.0000  0.0000  0.0000  0.0000  0.0000  1.0000  0.0000  0.0000  0.0000  0.0000  0.0000  0.0000  0.0000  0.0000  0.0000  0.0000  0.0000  0.0000  0.0000  0.0000  0.0000
 0.0514  0.0000  0.0177  0.0067  0.0090  0.0057  0.0034  0.0029  0.1858  0.0106  0.0329  0.0428  0.0117  0.0142  0.0081  0.0229  1.0000  0.2086  0.2417  0.0015  0.0000  0.0028  0.0000  0.0000  0.0000
 0.0004  0.0000  0.0001  0.0001  0.0001  0.0011  0.0001  0.0001  1.0000  0.0001  0.1460  0.0013  0.0001  0.0002  0.0002  0.0001  0.0001  0.0003  0.0014  0.0001  0.0000  0.0002  0.0000  0.0000  0.0000
 0.9425  0.0000  0.0348  0.0324  0.0316  0.0119  0.1587  0.0083  0.0167  0.3355  0.2203  0.0145  0.2659  0.2898  0.0257  0.0285  1.0000  0.1012  0.0522  0.0047  0.0000  0.0104  0.0000  0.0000  0.0000
 0.0011  0.0000  0.0001  0.0003  0.0013  0.0002  0.0007  0.0008  0.0004  1.0000  0.0010  0.0003  0.0010  0.0008  0.0022  0.0228  0.0060  0.1557  0.0006  0.0002  0.0000  0.0004  0.0000  0.0000  0.0000
 0.0213  0.0000  0.0002  0.0004  0.0214  0.0004  0.0015  0.0018  0.0009  0.3745  0.0021  0.0007  0.0020  0.0016  0.0048  1.0000  0.0017  0.1967  0.0012  0.0003  0.0000  0.0009  0.0000  0.0000  0.0000
 0.0033  0.0000  0.0003  0.0058  0.0042  0.0006  0.0024  0.0024  0.0013  1.0000  0.0028  0.0009  0.0030  0.0023  0.0064  0.0241  0.0026  0.0031  0.1524  0.0004  0.0000  0.0012  0.0000  0.0000  0.0000
 0.0000  0.0000  0.0000  1.0000  0.0000  0.0000  0.0000  0.0000  0.0000  0.0000  0.0000  0.0000  0.0000  0.0000  0.0000  0.0000  0.0000  0.0000  0.0000  0.0000  0.0000  0.0000  0.0000  0.0000  0.0000
 0.2934  0.0000  0.0887  0.1045  0.1722  0.3477  0.1923  0.4830  0.6063  0.7426  0.3518  0.1168  0.1768  0.1217  0.2106  0.4367  0.2179  0.2206  1.0000  0.0943  0.0000  0.6503  0.0000  0.0000  0.0000
 0.0125  0.0000  0.0000  0.1775  1.0000  0.0002  0.0008  0.0119  0.0003  0.1925  0.0005  0.0002  0.0009  0.0014  0.1369  0.0006  0.0011  0.0010  0.0084  0.0001  0.0000  0.0003  0.0000  0.0000  0.0000
 0.0068  0.0000  0.0008  1.0000  0.0167  0.0012  0.0106  0.0031  0.1567  0.1295  0.0032  0.0008  0.0114  0.0056  0.0061  0.0050  0.0074  0.0044  0.0024  0.0008  0.0000  0.0017  0.0000  0.0000  0.0000
 0.0045  0.0000  0.0002  0.0001  0.0001  0.0007  0.0001  0.0000  0.0845  0.0002  0.1250  0.0606  0.0001  0.0002  0.0001  0.0001  0.0002  0.0006  1.0000  0.0001  0.0000  0.0002  0.0000  0.0000  0.0000
 0.0026  0.0000  0.0002  0.0005  0.1391  0.0005  0.0018  0.0023  0.0011  0.1977  0.0083  0.0009  0.0025  0.0020  0.0062  1.0000  0.0021  0.0028  0.0015  0.0850  0.0000  0.0214  0.0000  0.0000  0.0000
 0.0011  0.0000  0.0001  0.0002  0.0014  0.0002  0.0008  0.0009  0.0004  0.0145  0.0010  0.0003  0.0010  0.0008  0.0024  1.0000  0.0010  0.1418  0.0006  0.0002  0.0000  0.0005  0.0000  0.0000  0.0000
 0.0000  0.0000  0.0000  0.0000  1.0000  0.0000  0.0000  0.0000  0.0000  0.0000  0.0000  0.0000  0.0000  0.0000  0.0000  0.0000  0.0000  0.0000  0.0000  0.0000  0.0000  0.0000  0.0000  0.0000  0.0000
 0.1776  0.0000  0.0004  0.0002  0.0003  0.0148  0.0004  0.0000  1.0000  0.0004  0.0480  0.0014  0.0003  0.0003  0.0002  0.0003  0.0004  0.0013  0.6429  0.0002  0.0000  0.0006  0.0000  0.0000  0.0000
 0.1293  0.0000  0.0023  0.0735  0.1923  0.0024  0.2285  0.0406  0.0081  0.0582  0.0420  0.0047  0.0328  0.0127  1.0000  0.1904  0.0318  0.0250  0.0124  0.0009  0.0000  0.0022  0.0000  0.0000  0.0000
 0.0002  0.0000  0.0001  0.0001  0.0001  0.0003  0.0001  0.0000  1.0000  0.0001  0.0017  0.0003  0.0001  0.0000  0.0000  0.0001  0.0001  0.0003  0.1441  0.0000  0.0000  0.0002  0.0000  0.0000  0.0000
 0.0013  0.0000  0.1272  0.0002  0.0003  0.0034  0.0003  0.0003  0.0063  0.0004  0.2175  1.0000  0.0003  0.0005  0.0007  0.0004  0.0004  0.0007  0.0035  0.0004  0.0000  0.0005  0.0000  0.0000  0.0000
 0.0427  0.0000  0.0043  0.0077  0.0762  0.0100  0.0302  1.0000  0.0186  0.4813  0.3223  0.0144  0.0411  0.0333  0.4307  0.6324  0.0678  0.0456  0.0246  0.0069  0.0000  0.0972  0.0000  0.0000  0.0000
 0.0099  0.0000  0.0192  0.0110  0.0062  0.0126  0.0085  1.0000  0.0071  0.0079  0.1427  0.0040  0.0171  0.0044  0.0145  0.1826  0.0218  0.0080  0.0091  0.0034  0.0000  0.0372  0.0000  0.0000  0.0000
 0.0003  0.0000  0.0001  0.0000  0.0001  0.0009  0.0001  0.0001  0.0016  0.0001  1.0000  0.0528  0.0001  0.0001  0.0002  0.0001  0.0001  0.0002  0.0009  0.0001  0.0000  0.0001  0.0000  0.0000  0.0000
 0.4276  0.0000  0.0015  0.0497  0.1139  0.0014  0.0349  0.0229  0.0053  0.4278  0.0085  0.0030  0.0139  0.0438  0.0348  0.0404  1.0000  0.1944  0.0080  0.0005  0.0000  0.0011  0.0000  0.0000  0.0000
 0.0021  0.0000  0.0005  0.0057  0.0019  0.0003  0.0040  1.0000  0.0004  0.0022  0.0006  0.0003  0.0319  0.0014  0.3343  0.0013  0.0221  0.0444  0.0007  0.0002  0.0000  0.0007  0.0000  0.0000  0.0000
 0.0255  0.0000  0.0002  0.0016  0.0436  0.0003  0.0083  0.0010  0.0007  0.0792  0.0014  0.0005  0.0018  1.0000  0.0252  0.0775  0.1290  0.0073  0.0011  0.0002  0.0000  0.0005  0.0000  0.0000  0.0000
 0.0005  0.0000  0.0001  0.0057  0.0008  0.0001  0.0146  0.0464  0.0001  0.0007  0.0001  0.0000  1.0000  0.0004  0.0005  0.0004  0.0338  0.0006  0.0001  0.0001  0.0000  0.0003  0.0000  0.0000  0.0000
 0.0004  0.0000  0.0001  0.0001  0.0001  0.0005  0.0002  0.0000  1.0000  0.0002  0.0148  0.0005  0.0001  0.0001  0.0001  0.0001  0.0002  0.0092  0.4598  0.0001  0.0000  0.0002  0.0000  0.0000  0.0000
 0.0003  0.0000  0.0001  0.0001  0.0001  0.0004  0.0001  0.0000  0.2947  0.0001  0.0021  0.0004  0.0001  0.0001  0.0000  0.0001  0.0001  0.0004  1.0000  0.0000  0.0000  0.0002  0.0000  0.0000  0.0000
 0.2823  0.0000  0.0104  0.1811  1.0000  0.0097  0.0806  0.0236  0.0364  0.6205  0.0588  0.0570  0.0964  0.0534  0.1982  0.5681  0.7641  0.4648  0.0788  0.0033  0.0000  0.0074  0.0000  0.0000  0.0000
 0.0016  0.0000  0.0005  0.0002  0.0004  0.2728  0.0003  0.0002  0.6365  0.0004  1.0000  0.0045  0.0003  0.0007  0.0006  0.0004  0.0006  0.0009  0.0044  0.0022  0.0000  0.0235  0.0000  0.0000  0.0000
 0.0033  0.0000  0.0133  0.0007  0.0226  0.0007  0.0023  0.1494  0.0083  1.0000  0.0033  0.0011  0.0158  0.0025  0.0192  0.3053  0.0073  0.0035  0.0497  0.0005  0.0000  0.0015  0.0000  0.0000  0.0000
 0.0810  0.0000  0.0009  0.3431  0.3335  0.0012  1.0000  0.0031  0.0013  0.0102  0.0026  0.0011  0.0097  0.0072  0.0121  0.0033  0.0098  0.0056  0.0030  0.0005  0.0000  0.0017  0.0000  0.0000  0.0000
 1.0000  0.0000  0.0030  0.0015  0.0025  0.0015  0.0017  0.0007  0.2156  0.0028  0.0092  0.0030  0.0024  0.0040  0.0021  0.0016  0.1998  0.2013  0.1125  0.0004  0.0000  0.0007  0.0000  0.0000  0.0000
 0.0007  0.0000  0.0231  0.0001  0.0002  0.2822  0.0001  0.0000  0.1370  0.0000  0.0036  0.0007  0.0000  0.0003  0.0000  0.0000  0.0005  0.0004  0.0014  0.0034  0.0000  1.0000  0.0000  0.0000  0.0000
 0.0019  0.0000  0.0002  0.0026  1.0000  0.0002  0.0015  0.0003  0.0002  0.0011  0.0004  0.0001  0.0007  0.0011  0.0012  0.0005  0.1070  0.0008  0.0004  0.0001  0.0000  0.0002  0.0000  0.0000  0.0000
 0.0019  0.0000  0.0001  1.0000  0.1321  0.0002  0.0009  0.0005  0.0002  0.0019  0.0004  0.0002  0.0012  0.0011  0.0024  0.0005  0.0012  0.1577  0.0004  0.0001  0.0000  0.0003  0.0000  0.0000  0.0000
 0.8399  0.0000  0.0288  0.6475  0.8861  0.0269  0.2054  0.0655  0.1092  1.0000  0.1629  0.0571  0.3072  0.6364  0.4234  0.6417  0.5391  0.3096  0.1838  0.0093  0.0000  0.0204  0.0000  0.0000  0.0000
 0.9925  0.0000  0.1826  0.6535  1.0000  0.6010  0.5694  0.5372  0.4597  0.9534  0.7599  0.2603  0.6361  0.3756  0.6988  0.6840  0.8922  0.7662  0.6347  0.1609  0.0000  0.8305  0.0000  0.0000  0.0000
 0.7769  0.0000  0.1735  0.1904  0.3745  0.8122  0.3052  0.5134  0.3630  0.2681  0.5990  0.2035  0.3368  0.1887  0.2708  0.3206  0.6143  0.3619  0.4715  0.1705  0.0000  1.0000  0.0000  0.0000  0.0000
 0.0079  0.0000  0.0016  0.0004  0.0013  0.0032  0.0002  0.1288  0.2152  0.0013  0.0412  0.0045  0.0007  0.0018  0.0012  0.0009  0.0013  0.0054  1.0000  0.0004  0.0000  0.0005  0.0000  0.0000  0.0000
 0.0019  0.0000  0.0104  0.0087  0.0026  0.0005  0.0062  1.0000  0.0003  0.0026  0.0006  0.0002  0.0844  0.0015  0.0183  0.0014  0.1855  0.0023  0.0005  0.0002  0.0000  0.1885  0.0000  0.0000  0.0000
 0.0006  0.0000  0.0002  0.0001  0.0001  0.0011  0.0002  0.0001  0.2012  0.0002  1.0000  0.0013  0.0001  0.0002  0.0002  0.0002  0.0002  0.0005  0.1634  0.0001  0.0000  0.0003  0.0000  0.0000  0.0000
 0.0004  0.0000  0.0001  0.0001  0.0001  0.0003  0.0001  0.0000  0.0690  0.0001  0.0014  0.0003  0.0001  0.0001  0.0000  0.0001  0.0001  0.0003  1.0000  0.0000  0.0000  0.0001  0.0000  0.0000  0.0000
 0.0006  0.0000  0.0002  0.0001  0.0002  0.1247  0.0001  0.0001  0.0030  0.0002  0.1664  1.0000  0.0001  0.0003  0.0003  0.0002  0.0002  0.0003  0.0016  0.0003  0.0000  0.0005  0.0000  0.0000  0.0000
 0.0009  0.0000  0.0000  0.1171  1.0000  0.0001  0.0004  0.0002  0.0001  0.0009  0.0002  0.0001  0.0004  0.0006  0.0011  0.0003  0.0005  0.0004  0.0002  0.0000  0.0000  0.0001  0.0000  0.0000  0.0000
 0.0003  0.0000  0.0039  0.0000  0.0001  0.0081  0.0001  0.0001  0.0171  0.0001  1.0000  0.0011  0.0001  0.0001  0.0002  0.0001  0.0001  0.0002  0.0180  0.0001  0.0000  0.0066  0.0000  0.0000  0.0000
 0.0021  0.0000  1.0000  0.0009  0.0006  0.0008  0.0022  0.0005  0.0013  0.0003  0.0013  0.0004  0.0006  0.0009  0.0004  0.0007  0.0007  0.0012  0.2827  0.0005  0.0000  0.0008  0.0000  0.0000  0.0000
 1.0000  0.0000  0.0068  0.0192  0.5226  0.0034  0.1055  0.0042  0.0078  0.0335  0.0104  0.0048  0.0262  0.0190  0.0143  0.0119  0.1797  0.5655  0.0228  0.0017  0.0000  0.0034  0.0000  0.0000  0.0000
 0.0000  0.0000  0.0000  0.0000  0.0000  0.0000  1.0000  0.0000  0.0000  0.0000  0.0000  0.0000  0.0000  0.0000  0.0000  0.0000  0.0000  0.0000  0.0000  0.0000  0.0000  0.0000  0.0000  0.0000  0.0000
 0.0024  0.0000  0.0003  0.0005  0.0003  0.0001  1.0000  0.0001  0.0002  0.0004  0.0003  0.0001  0.0004  0.0008  0.0002  0.0003  0.0197  0.0005  0.0004  0.0001  0.0000  0.0001  0.0000  0.0000  0.0000
 0.0000  0.0000  0.0000  0.0000  1.0000  0.0000  0.0000  0.0000  0.0000  0.0000  0.0000  0.0000  0.0000  0.0000  0.0000  0.0000  0.0000  0.0000  0.0000  0.0000  0.0000  0.0000  0.0000  0.0000  0.0000
 0.0000  0.0000  0.0000  0.0000  0.0000  0.0000  0.0000  0.0000  0.0000  0.0000  1.0000  0.0000  0.0000  0.0000  0.0000  0.0000  0.0000  0.0000  0.0000  0.0000  0.0000  0.0000  0.0000  0.0000  0.0000
 0.0000  0.0000  0.0000  0.0000  0.0000  1.0000  0.0000  0.0000  0.0000  0.0000  0.0000  0.0000  0.0000  0.0000  0.0000  0.0000  0.0000  0.0000  0.0000  0.0000  0.0000  0.0000  0.0000  0.0000  0.0000
 0.0008  0.0000  0.0000  1.0000  0.1100  0.0001  0.0005  0.0002  0.0001  0.0008  0.0002  0.0001  0.0005  0.0005  0.0010  0.0002  0.0004  0.0004  0.0002  0.0001  0.0000  0.0001  0.0000  0.0000  0.0000
 0.0013  0.0000  0.0007  0.1086  0.0015  0.0007  0.0048  0.0009  0.0007  0.0018  0.0014  0.0003  0.0018  0.0028  0.0011  1.0000  0.0013  0.0011  0.0008  0.0007  0.0000  0.0008  0.0000  0.0000  0.0000
 0.0003  0.0000  0.0001  0.0001  0.0001  0.0003  0.0001  0.0000  1.0000  0.0001  0.0014  0.0003  0.0001  0.0001  0.0001  0.0001  0.0001  0.0003  0.0155  0.0001  0.0000  0.0001  0.0000  0.0000  0.0000
 0.0175  0.0000  0.0005  0.0002  0.0004  0.0008  0.0002  0.0001  1.0000  0.0004  0.0253  0.0009  0.0002  0.0004  0.0002  0.0003  0.0004  0.0168  0.9454  0.0001  0.0000  0.0003  0.0000  0.0000  0.0000
 1.0000  0.0000  0.0017  0.0202  0.2826  0.0030  0.0134  0.0222  0.0070  0.1221  0.0145  0.0049  0.0176  0.0134  0.4141  0.0855  0.0932  0.0270  0.0101  0.0019  0.0000  0.0052  0.0000  0.0000  0.0000
 0.0013  0.0000  0.0001  0.0002  0.0018  0.0003  0.0009  0.0134  0.0005  0.8672  0.0013  0.0004  0.0012  0.0010  0.0805  1.0000  0.0010  0.0014  0.0007  0.0002  0.0000  0.0006  0.0000  0.0000  0.0000
 0.0026  0.0000  0.0006  0.0020  0.1074  0.0006  1.0000  0.0007  0.0005  0.0013  0.0011  0.0002  0.0013  0.0024  0.0009  0.0012  0.0017  0.0010  0.0008  0.0005  0.0000  0.0006  0.0000  0.0000  0.0000
 0.0017  0.0000  0.0046  0.0007  0.0010  0.0021  0.0011  1.0000  0.0012  0.0052  0.0125  0.0007  0.0011  0.0007  0.0510  0.0016  0.0194  0.0071  0.0016  0.0006  0.0000  0.3225  0.0000  0.0000  0.0000
 0.0002  0.0000  0.0001  0.0000  0.0000  0.0239  0.0000  0.0000  0.0004  0.0000  0.0009  0.0002  0.0000  0.0001  0.0000  0.0000  0.0001  0.0001  0.0003  0.0008  0.0000  1.0000  0.0000  0.0000  0.0000
 0.0017  0.0000  0.0004  0.0007  0.0005  0.0002  0.0005  0.0002  0.0005  0.0007  0.0005  0.0003  0.0014  0.0009  0.0006  0.0082  1.0000  0.6088  0.0008  0.0001  0.0000  0.0002  0.0000  0.0000  0.0000
 0.0000  0.0000  0.0000  0.0000  1.0000  0.0000  0.0000  0.0000  0.0000  0.0000  0.0000  0.0000  0.0000  0.0000  0.0000  0.0000  0.0000  0.0000  0.0000  0.0000  0.0000  0.0000  0.0000  0.0000  0.0000
 0.1544  0.0000  0.0059  0.0004  0.0025  0.0004  0.0017  0.0133  0.0008  0.1229  0.0018  0.0006  0.0018  0.0016  0.0042  1.0000  0.0177  0.0020  0.0011  0.0003  0.0000  0.0008  0.0000  0.0000  0.0000
 1.0000  0.0000  0.0247  0.8160  0.9013  0.0285  0.2582  0.0760  0.0862  0.7292  0.1420  0.0507  0.2830  0.1619  0.3772  0.2504  0.3573  0.2806  0.1348  0.0110  0.0000  0.0288  0.0000  0.0000  0.0000
 1.0000  0.0000  0.0000  0.0000  0.0000  0.0000  0.0000  0.0000  0.0000  0.0000  0.0000  0.0000  0.0000  0.0000  0.0000  0.0000  0.0000  0.0000  0.0000  0.0000  0.0000  0.0000  0.0000  0.0000  0.0000
 1.0000  0.0000  0.0004  0.0003  0.0004  0.0002  0.0025  0.0001  0.0002  0.0004  0.0004  0.0002  0.0003  0.0011  0.0003  0.0196  0.1228  0.0008  0.0110  0.0001  0.0000  0.0001  0.0000  0.0000  0.0000
 0.7611  0.0000  0.0259  0.8484  1.0000  0.0242  0.3580  0.3709  0.0995  0.6295  0.2097  0.0785  0.3017  0.1333  0.5894  0.2742  0.7444  0.4999  0.1837  0.0083  0.0000  0.0184  0.0000  0.0000  0.0000
 0.2643  0.0000  0.1992  0.0011  0.0024  0.0176  0.0012  0.0010  0.2561  0.0029  1.0000  0.0739  0.0017  0.0034  0.0029  0.0022  0.0026  0.0092  0.4387  0.0014  0.0000  0.0021  0.0000  0.0000  0.0000
 0.4394  0.0000  0.2652  0.0173  0.0527  0.0591  0.0037  0.0134  0.6861  0.0534  0.4079  0.1203  0.0256  0.0735  0.0399  0.0309  0.0517  0.4859  1.0000  0.0080  0.0000  0.0159  0.0000  0.0000  0.0000
 0.0010  0.0000  0.0001  0.0002  0.0013  0.0002  0.0007  0.0009  0.0004  0.4454  0.0010  0.0003  0.0009  0.0008  0.1546  1.0000  0.0008  0.0010  0.0005  0.0001  0.0000  0.0004  0.0000  0.0000  0.0000
 0.1768  0.0000  0.0065  0.0937  0.1639  0.0064  0.0637  0.0146  0.1749  0.1079  0.0626  0.0125  0.0791  0.0323  0.7604  0.0610  0.1629  1.0000  0.2255  0.0022  0.0000  0.0053  0.0000  0.0000  0.0000
 0.0002  0.0000  0.0001  0.0001  0.0001  0.0003  0.0001  0.0000  1.0000  0.0001  0.0018  0.0251  0.0001  0.0000  0.0000  0.0001  0.0001  0.0003  0.0851  0.0000  0.0000  0.0001  0.0000  0.0000  0.0000
 0.0267  0.0000  0.0004  0.0001  0.0003  0.0013  0.0002  0.0001  0.0522  0.0004  0.4419  0.0126  0.0002  0.0004  0.0003  0.0003  0.0003  0.0012  1.0000  0.0002  0.0000  0.0003  0.0000  0.0000  0.0000
 0.4083  0.0000  0.0270  0.3142  1.0000  0.0258  0.5470  0.0617  0.0936  0.4666  0.1624  0.0621  0.4501  0.1378  0.3447  0.2792  0.3799  0.3270  0.1428  0.0089  0.0000  0.0204  0.0000  0.0000  0.0000
 0.3151  0.0000  0.0011  0.0003  0.0008  0.0007  0.0002  0.0002  0.1098  0.0008  0.0047  0.0013  0.0004  0.0011  0.0006  0.0005  0.0009  0.0037  1.0000  0.0001  0.0000  0.0003  0.0000  0.0000  0.0000
 0.0002  0.0000  0.0001  0.0001  0.0001  0.0003  0.0031  0.0000  0.0601  0.0001  0.0338  0.0003  0.0001  0.0000  0.0000  0.0001  0.0001  0.0002  1.0000  0.0000  0.0000  0.0002  0.0000  0.0000  0.0000
 0.5271  0.0000  0.0207  0.1956  1.0000  0.0419  0.1098  0.5846  0.0635  0.3175  0.3494  0.0360  0.2609  0.0790  0.6217  0.1900  0.2009  0.1609  0.1113  0.0122  0.0000  0.0717  0.0000  0.0000  0.0000
 0.6100  0.0000  0.1644  0.1946  0.2579  0.6533  0.3213  0.5515  0.4230  0.2772  0.6121  0.2407  0.2950  0.1907  0.2751  0.3385  0.3885  0.4192  0.5055  0.1717  0.0000  1.0000  0.0000  0.0000  0.0000
 0.0013  0.0000  1.0000  0.0009  0.0005  0.0017  0.0022  0.0005  0.0020  0.0002  0.1453  0.0012  0.0006  0.0008  0.0005  0.0007  0.0005  0.0008  0.0016  0.0006  0.0000  0.0010  0.0000  0.0000  0.0000
 0.0004  0.0000  0.0003  0.0011  0.0005  0.0003  0.0016  1.0000  0.0002  0.0005  0.0004  0.0001  0.0059  0.0007  0.0003  0.0005  0.0006  0.0004  0.0003  0.0002  0.0000  0.0003  0.0000  0.0000  0.0000
 0.2753  0.0000  0.0292  0.1903  0.5784  0.3061  0.1183  0.0432  0.0685  0.4198  0.1039  0.0345  0.1527  0.0853  0.3584  0.2691  1.0000  0.2077  0.0917  0.0073  0.0000  0.0228  0.0000  0.0000  0.0000
 0.0346  0.0000  0.0085  0.0084  0.0122  0.0863  0.0106  0.1818  0.1611  0.0248  1.0000  0.6243  0.2139  0.0156  0.0689  0.0222  0.0129  0.0214  0.0889  0.0104  0.0000  0.0122  0.0000  0.0000  0.0000
 0.0008  0.0000  0.0003  0.0012  0.0005  0.0002  1.0000  0.0003  0.0002  0.0005  0.0003  0.0001  0.0087  0.0007  0.0003  0.0004  0.0008  0.0004  0.0003  0.0002  0.0000  0.0003  0.0000  0.0000  0.0000
 0.0003  0.0000  0.0001  0.0001  0.0001  0.0003  0.0001  0.0000  0.1290  0.0001  0.0016  0.0003  0.0001  0.0001  0.0000  0.0001  0.0001  0.0003  1.0000  0.0000  0.0000  0.0001  0.0000  0.0000  0.0000
 0.0011  0.0000  0.0003  0.0002  0.0003  0.0709  0.0004  0.0001  0.2477  0.0004  0.0531  1.0000  0.0003  0.0004  0.0004  0.0004  0.0004  0.0010  0.4119  0.0003  0.0000  0.0006  0.0000  0.0000  0.0000
 0.0000  0.0000  0.0000  0.0000  0.0000  0.0000  0.0000  1.0000  0.0000  0.0000  0.0000  0.0000  0.0000  0.0000  0.0000  0.0000  0.0000  0.0000  0.0000  0.0000  0.0000  0.0000  0.0000  0.0000  0.0000
 0.0000  0.0000  0.0000  0.0000  0.0000  0.0000  0.0000  0.0000  0.0000  0.0000  0.0000  0.0000  0.0000  0.0000  0.0000  1.0000  0.0000  0.0000  0.0000  0.0000  0.0000  0.0000  0.0000  0.0000  0.0000
 0.0000  0.0000  0.0000  1.0000  0.0000  0.0000  0.0000  0.0000  0.0000  0.0000  0.0000  0.0000  0.0000  0.0000  0.0000  0.0000  0.0000  0.0000  0.0000  0.0000  0.0000  0.0000  0.0000  0.0000  0.0000
 0.0003  0.0000  0.0001  0.0000  0.0001  0.0008  0.0001  0.0001  0.0115  0.0001  1.0000  0.0010  0.0001  0.0001  0.0002  0.0001  0.0001  0.0002  0.0008  0.0001  0.0000  0.0001  0.0000  0.0000  0.0000
 0.0005  0.0000  0.0000  0.0005  0.0035  0.0001  0.0010  0.0003  0.0002  1.0000  0.0005  0.0001  0.0004  0.0008  0.0006  0.0014  0.0004  0.0004  0.0002  0.0001  0.0000  0.0002  0.0000  0.0000  0.0000
 0.0000  0.0000  0.0000  0.0000  0.0000  0.0000  0.0000  0.0000  0.0000  0.0000  0.0000  0.0000  0.0000  1.0000  0.0000  0.0000  0.0000  0.0000  0.0000  0.0000  0.0000  0.0000  0.0000  0.0000  0.0000
 0.0000  0.0000  0.0000  0.0000  1.0000  0.0000  0.0000  0.0000  0.0000  0.0000  0.0000  0.0000  0.0000  0.0000  0.0000  0.0000  0.0000  0.0000  0.0000  0.0000  0.0000  0.0000  0.0000  0.0000  0.0000
 0.0000  0.0000  0.0000  0.0000  0.0000  0.0000  0.0000  0.0000  0.0000  0.0000  0.0000  0.0000  1.0000  0.0000  0.0000  0.0000  0.0000  0.0000  0.0000  0.0000  0.0000  0.0000  0.0000  0.0000  0.0000
 0.0005  0.0000  0.0002  0.0001  0.0001  1.0000  0.0002  0.0001  0.0021  0.0001  0.2851  0.0013  0.0001  0.0002  0.0002  0.0001  0.0002  0.0003  0.0013  0.0011  0.0000  0.0043  0.0000  0.0000  0.0000
 0.0000  0.0000  0.0000  0.0000  0.0000  0.0000  0.0000  0.0000  0.0000  0.0000  1.0000  0.0000  0.0000  0.0000  0.0000  0.0000  0.0000  0.0000  0.0000  0.0000  0.0000  0.0000  0.0000  0.0000  0.0000
 0.0043  0.0000  0.0019  0.0006  0.0011  0.9739  0.0007  0.0003  0.0130  0.0004  1.0000  0.0243  0.0003  0.0017  0.0007  0.0004  0.0024  0.0026  0.0096  0.0152  0.0000  0.3733  0.0000  0.0000  0.0000
 1.0000  0.0000  0.0039  0.0920  0.0469  0.0097  0.0395  0.0157  0.0323  0.0358  0.2102  0.0062  0.0209  0.0121  0.0341  0.0223  0.2327  0.0389  0.2978  0.0027  0.0000  0.0126  0.0000  0.0000  0.0000
 0.0054  0.0000  0.0013  0.1978  0.0075  0.0011  0.0307  0.0186  0.0006  0.0294  0.0012  0.0005  0.8006  0.0043  0.0049  0.0037  1.0000  0.4049  0.0010  0.0006  0.0000  0.0028  0.0000  0.0000  0.0000
 0.0890  0.0000  0.0024  0.0283  0.0989  0.0023  0.0376  0.0336  0.0085  1.0000  0.0136  0.0089  0.0447  0.2611  0.1542  0.0604  0.0709  0.1606  0.0326  0.0008  0.0000  0.0017  0.0000  0.0000  0.0000
 0.8986  0.0000  0.2332  0.9716  0.8130  0.0332  0.2969  0.1467  0.1249  1.0000  0.2015  0.0707  0.3779  0.1885  0.4315  0.3589  0.6092  0.4343  0.1905  0.0114  0.0000  0.0252  0.0000  0.0000  0.0000
 0.0058  0.0000  0.0001  0.1516  1.0000  0.0005  0.0022  0.0014  0.0007  0.1510  0.0013  0.0005  0.0068  0.1938  0.0116  0.0016  0.0029  0.0025  0.0013  0.0002  0.0000  0.0007  0.0000  0.0000  0.0000
 0.0069  0.0000  0.0017  1.0000  0.0945  0.0014  0.2938  0.0452  0.0007  0.0379  0.0016  0.0006  0.5001  0.0056  0.0067  0.0050  0.1050  0.1353  0.0012  0.0007  0.0000  0.0038  0.0000  0.0000  0.0000
 1.0000  0.0000  0.0016  0.0012  0.0014  0.0660  0.0086  0.0003  0.0014  0.0015  0.0441  0.0011  0.0010  0.0039  0.0011  0.0011  0.4742  0.0030  0.0031  0.0004  0.0000  0.0012  0.0000  0.0000  0.0000
 0.5796  0.0000  0.0160  0.0141  0.0250  0.0100  0.0198  0.0066  0.0649  0.0959  0.2648  0.1474  0.0166  1.0000  0.0903  0.0199  0.2246  0.0922  0.1939  0.0025  0.0000  0.0063  0.0000  0.0000  0.0000
 0.0005  0.0000  0.0001  0.0001  0.0001  0.0012  0.0001  0.0001  0.0199  0.0002  1.0000  0.0177  0.0001  0.0002  0.0002  0.0002  0.0001  0.0003  0.1107  0.0001  0.0000  0.0002  0.0000  0.0000  0.0000
 0.0004  0.0000  0.0000  0.0001  0.0006  0.0001  0.0003  0.0004  0.0002  1.0000  0.0004  0.0001  0.0004  0.0003  0.0146  0.0065  0.0003  0.0004  0.0002  0.0001  0.0000  0.0002  0.0000  0.0000  0.0000
 1.0000  0.0000  0.0081  0.0043  0.0068  0.0063  0.0092  0.0020  0.2348  0.0076  0.1815  0.0102  0.0064  0.0120  0.0059  0.0047  0.0313  0.2591  0.0695  0.0013  0.0000  0.0021  0.0000  0.0000  0.0000
 0.5749  0.0000  0.0160  0.0071  0.0130  0.0246  0.0136  0.0036  0.8649  0.0140  0.0639  0.0186  0.0105  0.0217  0.0107  0.0085  0.0403  1.0000  0.1491  0.0027  0.0000  0.0062  0.0000  0.0000  0.0000
 0.0000  0.0000  0.0000  1.0000  0.0000  0.0000  0.0000  0.0000  0.0000  0.0000  0.0000  0.0000  0.0000  0.0000  0.0000  0.0000  0.0000  0.0000  0.0000  0.0000  0.0000  0.0000  0.0000  0.0000  0.0000
 0.0000  0.0000  0.0000  0.0000  0.0000  1.0000  0.0000  0.0000  0.0000  0.0000  0.0000  0.0000  0.0000  0.0000  0.0000  0.0000  0.0000  0.0000  0.0000  0.0000  0.0000  0.0000  0.0000  0.0000  0.0000
 0.0000  0.0000  0.0000  0.0000  0.0000  0.0000  1.0000  0.0000  0.0000  0.0000  0.0000  0.0000  0.0000  0.0000  0.0000  0.0000  0.0000  0.0000  0.0000  0.0000  0.0000  0.0000  0.0000  0.0000  0.0000
 0.0000  0.0000  0.0000  0.0000  0.0000  0.0000  0.0000  0.0000  0.0000  0.0000  1.0000  0.0000  0.0000  0.0000  0.0000  0.0000  0.0000  0.0000  0.0000  0.0000  0.0000  0.0000  0.0000  0.0000  0.0000
 0.1129  0.0000  0.0004  0.0003  0.0003  0.0001  0.0021  0.0001  0.0002  0.0004  0.0004  0.0002  0.0003  0.0009  0.0003  0.0003  1.0000  0.0007  0.0006  0.0001  0.0000  0.0001  0.0000  0.0000  0.0000
 0.0059  0.0000  0.0013  0.0005  0.0010  0.0019  0.0005  0.0002  0.3322  0.1948  0.0108  0.0752  0.0006  0.0012  0.0007  0.0008  0.0011  0.0358  1.0000  0.0003  0.0000  0.0008  0.0000  0.0000  0.0000
 0.0029  0.0000  0.0011  0.0010  0.1211  1.0000  0.0011  0.0003  0.1654  0.0006  0.0183  0.0039  0.0004  0.0013  0.0007  0.0005  0.0015  0.0017  0.0057  0.0072  0.0000  0.0284  0.0000  0.0000  0.0000
 0.0026  0.0000  0.0010  0.0006  0.0008  1.0000  0.0011  0.0000  0.3348  0.0009  0.0358  0.0041  0.0006  0.0006  0.0003  0.0008  0.0014  0.0028  0.4550  0.0039  0.0000  0.1900  0.0000  0.0000  0.0000
 0.0041  0.0000  0.0001  0.0519  0.4839  0.0005  0.0018  0.0016  0.0008  1.0000  0.0016  0.0006  0.0022  0.0026  0.2417  0.1137  0.0024  0.0463  0.0012  0.0003  0.0000  0.0008  0.0000  0.0000  0.0000
 0.0354  0.0000  0.0004  0.2882  0.4630  0.0025  0.0103  0.2069  0.0033  0.0281  0.0187  0.0025  0.0116  1.0000  0.0645  0.0075  0.0239  0.0121  0.0064  0.0012  0.0000  0.0034  0.0000  0.0000  0.0000
 0.0188  0.0000  0.0007  0.0270  0.0039  0.0005  1.0000  0.0027  0.0003  0.0037  0.0006  0.0002  0.0248  0.0022  0.2951  0.0076  0.0070  0.0027  0.0005  0.0003  0.0000  0.0014  0.0000  0.0000  0.0000
 0.0231  0.0000  0.0004  0.2933  1.0000  0.0021  0.0151  0.0060  0.0031  0.3278  0.0059  0.0023  0.0100  0.0139  0.5656  0.0457  0.0121  0.0108  0.3044  0.0011  0.0000  0.0030  0.0000  0.0000  0.0000
 0.5139  0.0000  0.0787  0.1040  0.1422  0.3093  0.1737  0.2589  0.4005  0.3963  0.5661  0.1922  0.1655  0.0956  0.1612  0.5231  0.2142  0.4084  1.0000  0.0814  0.0000  0.5066  0.0000  0.0000  0.0000
 0.0007  0.0000  0.0004  0.0001  0.0002  1.0000  0.0001  0.0000  0.0016  0.0000  0.0614  0.2113  0.0000  0.0003  0.0000  0.0000  0.0005  0.0004  0.0014  0.1679  0.0000  0.2945  0.0000  0.0000  0.0000
 0.2732  0.0000  0.1001  0.1079  0.1460  0.6703  0.1707  0.3430  0.2019  1.0000  0.3421  0.1133  0.4111  0.1065  0.1810  0.7048  0.6347  0.9222  0.2577  0.0944  0.0000  0.5796  0.0000  0.0000  0.0000
 0.0036  0.0000  0.0007  1.0000  0.3013  0.0007  0.1702  0.0034  0.0004  0.0048  0.0008  0.0003  0.0296  0.0028  0.0036  0.0023  0.0142  0.2077  0.0006  0.0003  0.0000  0.0017  0.0000  0.0000  0.0000
 0.0012  0.0000  0.0004  0.0003  0.0004  0.2177  0.0006  0.0000  0.9160  0.0076  0.1551  0.0158  0.0004  0.0003  0.0002  0.0005  0.0006  0.0014  1.0000  0.0003  0.0000  0.0009  0.0000  0.0000  0.0000
 0.1295  0.0000  0.1572  0.0004  0.0009  0.0006  0.0018  0.0002  0.0046  0.0009  0.0033  0.0011  0.0005  0.0017  0.0007  0.0006  0.0023  0.0036  1.0000  0.0001  0.0000  0.0002  0.0000  0.0000  0.0000
 0.0000  0.0000  0.0000  0.0000  0.0000  0.0000  1.0000  0.0000  0.0000  0.0000  0.0000  0.0000  0.0000  0.0000  0.0000  0.0000  0.0000  0.0000  0.0000  0.0000  0.0000  0.0000  0.0000  0.0000  0.0000
 0.0012  0.0000  0.0002  0.0005  0.0003  0.0001  0.0004  0.0001  0.0003  0.0005  0.0003  0.0002  0.0009  0.0006  0.0004  0.0038  1.0000  0.2857  0.0006  0.0001  0.0000  0.0001  0.0000  0.0000  0.0000
 0.4442  0.0000  0.0007  0.0005  0.0007  0.0003  0.0042  0.0001  0.0003  0.0007  0.0007  0.0003  0.0005  1.0000  0.0005  0.0005  0.0111  0.0013  0.0012  0.0001  0.0000  0.0002  0.0000  0.0000  0.0000
 0.0120  0.0000  0.0056  0.0033  0.0032  0.2072  0.2412  0.0007  0.0190  0.0009  0.0457  0.0093  0.0016  0.0051  0.0008  0.0011  0.0080  0.0066  0.0181  0.0424  0.0000  1.0000  0.0000  0.0000  0.0000
 0.0000  0.0000  0.0000  0.0000  0.0000  0.0000  0.0000  0.0000  0.0000  0.0000  0.0000  0.0000  0.0000  0.0000  0.0000  0.0000  0.0000  0.0000  0.0000  0.0000  0.0000  1.0000  0.0000  0.0000  0.0000
 0.0026  0.0000  0.2174  0.0003  0.0006  0.0028  0.0005  0.0002  0.1269  0.0007  0.1849  0.2960  0.0005  0.0006  0.0005  0.0006  0.0007  0.0022  1.0000  0.0003  0.0000  0.0008  0.0000  0.0000  0.0000
 1.0000  0.0000  0.0003  0.0003  0.0003  0.0001  0.0019  0.0001  0.0001  0.0003  0.0003  0.0002  0.0002  0.0009  0.0002  0.0002  0.1076  0.0006  0.0006  0.0000  0.0000  0.0001  0.0000  0.0000  0.0000
 0.0000  0.0000  0.0000  0.0000  0.0000  0.0000  0.0000  0.0000  0.0000  0.0000  0.0000  0.0000  0.0000  1.0000  0.0000  0.0000  0.0000  0.0000  0.0000  0.0000  0.0000  0.0000  0.0000  0.0000  0.0000
 0.0006  0.0000  0.0000  0.0061  1.0000  0.0001  0.0004  0.0002  0.0001  0.0006  0.0002  0.0001  0.0003  0.0005  0.0008  0.0002  0.0003  0.0003  0.0002  0.0001  0.0000  0.0001  0.0000  0.0000  0.0000
 0.0003  0.0000  0.0001  0.0001  0.0001  0.0003  0.0001  0.0000  0.1474  0.0001  0.0017  0.0003  0.0001  0.0001  0.0000  0.0001  0.0001  0.0003  1.0000  0.0000  0.0000  0.0001  0.0000  0.0000  0.0000
 0.0000  0.0000  0.0000  0.0000  0.0000  0.0000  0.0000  0.0000  0.0000  0.0000  1.0000  0.0000  0.0000  0.0000  0.0000  0.0000  0.0000  0.0000  0.0000  0.0000  0.0000  0.0000  0.0000  0.0000  0.0000
 0.0033  0.0000  0.0135  0.0006  0.0046  0.0007  0.0024  0.0030  0.0014  0.5081  0.1297  0.0295  0.0101  0.0026  0.0601  1.0000  0.0081  0.0036  0.0019  0.0005  0.0000  0.0015  0.0000  0.0000  0.0000
 0.0207  0.0000  0.0340  0.0035  0.0103  0.0019  0.2442  0.0061  0.0033  0.8684  0.0077  0.0027  0.0085  0.0142  0.0160  1.0000  0.0450  0.0094  0.0058  0.0012  0.0000  0.0033  0.0000  0.0000  0.0000
 0.7203  0.0000  0.2186  0.3798  0.5920  0.7058  0.4387  0.5798  0.4444  0.6757  0.7372  0.2507  0.4527  0.2895  0.4958  0.5940  0.6060  0.5579  0.5790  0.1884  0.0000  1.0000  0.0000  0.0000  0.0000
 0.6731  0.0000  0.0473  0.2483  0.1266  0.0214  0.2171  0.3230  0.0258  0.3514  0.0556  0.0197  1.0000  0.0807  0.1373  0.5415  0.5336  0.1345  0.0407  0.0122  0.0000  0.0466  0.0000  0.0000  0.0000
 0.0000  0.0000  0.0000  0.0000  0.0000  0.0000  0.0000  0.0000  0.0000  0.0000  0.0000  0.0000  0.0000  0.0000  0.0000  0.0000  0.0000  0.0000  0.0000  0.0000  0.0000  1.0000  0.0000  0.0000  0.0000
 0.0000  0.0000  0.0000  0.0000  0.0000  0.0000  1.0000  0.0000  0.0000  0.0000  0.0000  0.0000  0.0000  0.0000  0.0000  0.0000  0.0000  0.0000  0.0000  0.0000  0.0000  0.0000  0.0000  0.0000  0.0000
 0.0365  0.0000  0.0081  0.0003  0.0026  0.0004  0.0014  0.0068  0.0008  0.3828  0.0019  0.0006  0.0019  1.0000  0.0414  0.0385  0.0016  0.0020  0.0011  0.0003  0.0000  0.0009  0.0000  0.0000  0.0000
 0.0201  0.0000  0.0000  0.0062  1.0000  0.0002  0.0008  0.0005  0.0003  0.0108  0.0005  0.0002  0.0009  0.1102  0.0135  0.0007  0.0012  0.0010  0.0005  0.0001  0.0000  0.0003  0.0000  0.0000  0.0000
 0.8630  0.0000  0.0409  0.0015  0.0045  0.0034  0.0006  0.0011  0.4422  0.0045  0.0219  0.0126  0.0021  0.0064  0.0033  0.0025  0.0512  0.0212  1.0000  0.0006  0.0000  0.0011  0.0000  0.0000  0.0000
 0.0055  0.0000  0.0003  1.0000  0.0007  0.0002  0.0015  0.0003  0.0002  0.0005  0.0004  0.0001  0.0008  0.0007  0.0004  0.0004  0.0008  0.0004  0.0003  0.0002  0.0000  0.0002  0.0000  0.0000  0.0000
 0.0007  0.0000  0.0002  0.0001  0.0002  0.0009  0.0003  0.0000  0.5835  0.0003  0.0047  0.2195  0.0002  0.0001  0.0001  0.0002  0.0003  0.0008  1.0000  0.0001  0.0000  0.0004  0.0000  0.0000  0.0000
 0.0000  0.0000  0.0000  0.0000  0.0000  0.0000  0.0000  0.0000  0.0000  0.0000  0.0000  0.0000  0.0000  0.0000  0.0000  0.0000  0.0000  0.0000  0.0000  1.0000  0.0000  0.0000  0.0000  0.0000  0.0000
 0.1167  0.0000  0.0003  0.0004  0.0003  0.0001  0.0010  0.0001  0.0003  0.0004  0.0003  0.0002  0.0007  0.0007  0.0003  0.0003  1.0000  0.0840  0.0006  0.0001  0.0000  0.0001  0.0000  0.0000  0.0000
 1.0000  0.0000  0.1351  0.0004  0.0011  0.0008  0.0003  0.0003  0.0370  0.0011  0.0052  0.0016  0.0005  0.0017  0.0009  0.0006  0.0013  0.0054  0.2518  0.0001  0.0000  0.0002  0.0000  0.0000  0.0000
 0.0000  0.0000  0.0000  0.0000  0.0000  0.0000  1.0000  0.0000  0.0000  0.0000  0.0000  0.0000  0.0000  0.0000  0.0000  0.0000  0.0000  0.0000  0.0000  0.0000  0.0000  0.0000  0.0000  0.0000  0.0000
 0.0003  0.0000  0.0001  0.0001  0.0001  0.0003  0.0001  0.0000  0.1691  0.0001  0.0017  0.0003  0.0001  0.0001  0.0000  0.0001  0.0001  0.0003  1.0000  0.0000  0.0000  0.0002  0.0000  0.0000  0.0000
 0.0005  0.0000  0.0002  0.0001  0.0001  0.0010  0.0003  0.0001  1.0000  0.0002  0.0048  0.0851  0.0001  0.0002  0.0002  0.0002  0.0002  0.0003  0.0015  0.0002  0.0000  0.0003  0.0000  0.0000  0.0000
 0.0019  0.0000  0.0005  0.0002  0.0004  0.0017  0.0002  0.0001  0.1025  0.0005  1.0000  0.0021  0.0003  0.0005  0.0004  0.0003  0.0004  0.1678  0.1122  0.0002  0.0000  0.0004  0.0000  0.0000  0.0000
 0.0002  0.0000  0.0001  0.0000  0.0000  0.0101  0.0000  0.0000  0.0003  0.0000  0.0008  0.0002  0.0000  0.0001  0.0000  0.0000  0.0001  0.0001  0.0003  0.0008  0.0000  1.0000  0.0000  0.0000  0.0000
 0.0004  0.0000  0.0001  0.0001  0.0001  0.0004  0.0002  0.0000  1.0000  0.0001  0.0016  0.0003  0.0001  0.0001  0.0001  0.0001  0.0001  0.0003  0.0073  0.0001  0.0000  0.0002  0.0000  0.0000  0.0000
 0.0003  0.0000  0.0001  0.0000  0.0001  0.0111  0.0001  0.0001  0.0014  0.0001  1.0000  0.0009  0.0001  0.0001  0.0001  0.0001  0.0001  0.0002  0.0008  0.0002  0.0000  0.0004  0.0000  0.0000  0.0000
 0.0000  0.0000  0.0000  0.0000  0.0000  0.0000  0.0000  0.0000  0.0000  0.0000  1.0000  0.0000  0.0000  0.0000  0.0000  0.0000  0.0000  0.0000  0.0000  0.0000  0.0000  0.0000  0.0000  0.0000  0.0000
 1.0000  0.0000  0.4223  0.0700  0.0868  0.0389  0.5011  0.0172  0.0862  0.0950  0.1182  0.0506  0.0642  0.2354  0.0661  0.0670  0.8229  0.2217  0.3197  0.0134  0.0000  0.0278  0.0000  0.0000  0.0000
 0.0000  0.0000  0.0000  0.0000  0.0000  0.0000  1.0000  0.0000  0.0000  0.0000  0.0000  0.0000  0.0000  0.0000  0.0000  0.0000  0.0000  0.0000  0.0000  0.0000  0.0000  0.0000  0.0000  0.0000  0.0000
 0.0011  0.0000  0.0005  0.0002  0.0003  0.1826  0.0002  0.0000  0.0023  0.0000  0.0056  0.0011  0.0000  0.0004  0.0000  0.0000  0.0007  0.0007  1.0000  0.0052  0.0000  0.1446  0.0000  0.0000  0.0000
 0.0014  0.0000  0.0002  0.0020  0.1434  0.0004  0.0030  0.0005  0.0004  0.0014  0.0010  0.0002  0.0007  1.0000  0.0010  0.0011  0.0010  0.0007  0.0006  0.0004  0.0000  0.0004  0.0000  0.0000  0.0000
 0.0000  0.0000  0.0000  0.0000  0.0000  0.0000  0.0000  0.0000  0.0000  0.0000  0.0000  0.0000  0.0000  1.0000  0.0000  0.0000  0.0000  0.0000  0.0000  0.0000  0.0000  0.0000  0.0000  0.0000  0.0000
 0.0002  0.0000  0.0001  0.0000  0.0001  1.0000  0.0001  0.0000  0.0004  0.0000  0.0073  0.0002  0.0000  0.0001  0.0000  0.0000  0.0001  0.0001  0.0004  0.0008  0.0000  0.0030  0.0000  0.0000  0.0000
 0.0002  0.0000  0.0001  0.0000  0.0001  0.0189  0.0000  0.0000  0.0005  0.0000  0.0011  0.0002  0.0000  0.0001  0.0000  0.0000  0.0001  0.0001  0.0004  1.0000  0.0000  0.1345  0.0000  0.0000  0.0000
 1.0000  0.0000  0.0198  0.3263  0.0223  0.0078  0.1710  0.0067  0.0085  0.0230  0.0189  0.0088  0.0314  0.0502  0.0159  0.0155  0.1161  0.0362  0.0318  0.0029  0.0000  0.0072  0.0000  0.0000  0.0000
 0.0007  0.0000  0.0000  0.0186  1.0000  0.0001  0.0045  0.0002  0.0001  0.0007  0.0002  0.0001  0.0005  0.0004  0.0009  0.0035  0.0004  0.0003  0.0002  0.0000  0.0000  0.0001  0.0000  0.0000  0.0000
 0.0444  0.0000  0.0040  0.2590  0.1143  0.0048  0.0419  0.0183  0.0070  0.0938  0.0129  0.0049  0.0758  0.0230  0.0426  0.2679  0.0552  1.0000  0.0112  0.0028  0.0000  0.0095  0.0000  0.0000  0.0000
 0.2820  0.0000  0.0333  0.3298  0.1856  0.0234  0.9685  0.0752  0.0402  0.1735  0.0497  0.0196  0.9674  0.1032  0.1058  0.1657  1.0000  0.1640  0.0552  0.0106  0.0000  0.0428  0.0000  0.0000  0.0000
 0.0015  0.0000  0.0000  0.2126  1.0000  0.0001  0.0006  0.0004  0.0002  0.0015  0.0003  0.0059  0.0006  0.0009  0.2377  0.0004  0.0008  0.0007  0.0004  0.0001  0.0000  0.0002  0.0000  0.0000  0.0000
 0.0706  0.0000  0.0007  0.0215  0.0606  0.0007  0.0053  0.2698  0.0080  0.2619  0.0042  0.0077  0.0474  0.0038  1.0000  0.0468  0.0636  0.0305  0.0040  0.0002  0.0000  0.0005  0.0000  0.0000  0.0000
 0.0268  0.0000  0.0037  0.0253  0.0261  0.1464  1.0000  0.0097  0.0064  0.1426  0.0109  0.0038  0.0129  0.0066  0.0075  0.0072  0.0368  0.0091  0.0145  0.0030  0.0000  0.0465  0.0000  0.0000  0.0000
 0.0005  0.0000  0.0002  0.0001  0.0002  0.0010  0.0002  0.0000  1.0000  0.0002  0.1554  0.1929  0.0002  0.0001  0.0001  0.0002  0.0002  0.0006  0.2377  0.0001  0.0000  0.0004  0.0000  0.0000  0.0000
 0.2225  0.0000  0.0005  0.0002  0.0003  1.0000  0.0002  0.0000  0.0023  0.0000  0.0055  0.0011  0.0000  0.0004  0.0000  0.0000  0.0008  0.0007  0.0021  0.0052  0.0000  0.1556  0.0000  0.0000  0.0000
 0.0895  0.0000  0.0060  1.0000  0.6898  0.0072  0.0470  0.0846  0.0218  0.2282  0.0841  0.0132  0.3000  0.0382  0.8385  0.6398  0.0819  0.0984  0.0333  0.0032  0.0000  0.0083  0.0000  0.0000  0.0000
 1.0000  0.0000  0.0063  0.0498  0.3015  0.0111  0.0469  0.0558  0.0257  0.3451  0.0548  0.0185  0.0626  0.0470  0.6571  0.5070  0.1270  0.0932  0.0362  0.0074  0.0000  0.0207  0.0000  0.0000  0.0000
 0.0004  0.0000  0.0001  0.0001  0.0001  0.0005  0.0002  0.0000  1.0000  0.0002  0.0026  0.0005  0.0001  0.0001  0.0000  0.0001  0.0002  0.0004  0.4684  0.0001  0.0000  0.0002  0.0000  0.0000  0.0000
 0.0018  0.0000  0.0005  0.0002  0.0004  0.0044  0.0004  0.0003  0.1622  0.1246  1.0000  0.0189  0.0004  0.0007  0.0008  0.0006  0.0005  0.0011  0.0325  0.0005  0.0000  0.0006  0.0000  0.0000  0.0000
 0.3238  0.0000  0.0021  0.0165  0.1571  0.0031  0.0410  0.3292  0.0079  0.7130  0.0158  0.0054  0.4336  0.0133  0.3224  1.0000  0.0376  0.0223  0.0113  0.0019  0.0000  0.0052  0.0000  0.0000  0.0000
 0.0130  0.0000  0.1657  0.0158  0.0222  0.0008  1.0000  0.0024  0.0007  0.0039  0.0014  0.0006  0.0129  0.0043  0.0027  0.0022  0.1447  0.0041  0.0020  0.0004  0.0000  0.0014  0.0000  0.0000  0.0000
 0.6497  0.0000  0.0574  0.6194  1.0000  0.1871  0.2331  0.4925  0.2089  0.6143  0.2614  0.0877  0.3297  0.1539  0.4254  0.3299  0.3826  0.3459  0.4939  0.0441  0.0000  0.2909  0.0000  0.0000  0.0000
 0.0038  0.0000  0.0013  0.0009  0.0012  0.0542  0.0019  0.0002  1.0000  0.0017  0.7149  0.0079  0.0012  0.0009  0.0009  0.0015  0.0018  0.0043  0.2831  0.0015  0.0000  0.4673  0.0000  0.0000  0.0000
 0.0017  0.0000  0.0003  1.0000  0.0177  0.0003  0.0051  0.0016  0.0002  0.0023  0.0004  0.0001  0.0225  0.0013  0.0018  0.0011  0.0039  0.0016  0.0003  0.0002  0.0000  0.1145  0.0000  0.0000  0.0000
 0.0002  0.0000  0.0001  0.0001  0.0001  1.0000  0.0001  0.0000  0.0007  0.0000  0.0556  0.0004  0.0000  0.0001  0.0000  0.0000  0.0001  0.0001  0.0005  0.0008  0.0000  0.0030  0.0000  0.0000  0.0000
 0.5119  0.0000  0.0345  0.5198  1.0000  0.0323  0.2461  0.0787  0.2718  0.8448  0.1952  0.0685  0.3201  0.3164  0.4304  0.3391  0.6863  0.4560  0.2741  0.0111  0.0000  0.0246  0.0000  0.0000  0.0000
 0.0144  0.0000  0.0043  0.0019  0.0012  0.0005  0.0021  0.0005  0.0012  0.0018  0.0012  0.0006  0.0127  0.0023  0.0013  0.2048  1.0000  0.0301  0.0020  0.0003  0.0000  0.0005  0.0000  0.0000  0.0000
 0.0394  0.0000  0.0005  1.0000  0.5706  0.0021  0.0098  0.0201  0.0029  0.0720  0.0053  0.0022  0.0207  0.4885  0.2051  0.0069  0.0273  0.0106  0.0054  0.0010  0.0000  0.0029  0.0000  0.0000  0.0000
 0.0170  0.0000  0.0021  0.0222  0.1550  0.0045  0.0240  0.0044  0.0036  0.0133  0.0080  0.0017  0.0070  1.0000  0.0111  0.0087  0.0106  0.0073  0.0053  0.1581  0.0000  0.0043  0.0000  0.0000  0.0000
 0.0000  0.0000  0.0000  0.0000  0.0000  0.0000  0.0000  0.0000  0.0000  0.0000  0.0000  0.0000  0.0000  0.0000  0.0000  0.0000  0.0000  0.0000  0.0000  1.0000  0.0000  0.0000  0.0000  0.0000  0.0000
 0.0071  0.0000  0.0009  0.2916  0.0037  0.0006  0.0081  0.0016  0.0005  0.0028  0.0010  0.0004  0.0080  1.0000  0.0020  0.0016  0.0184  0.0029  0.0012  0.0003  0.0000  0.0009  0.0000  0.0000  0.0000
 0.2106  0.0000  0.0239  0.2065  0.4164  0.0105  0.0891  0.0765  0.0395  0.5201  0.1303  0.0224  0.2827  0.0580  0.1671  0.3520  1.0000  0.3965  0.1908  0.0036  0.0000  0.0080  0.0000  0.0000  0.0000
 0.0004  0.0000  0.0001  0.0001  0.0001  0.0006  0.0002  0.0000  1.0000  0.0002  0.0202  0.0006  0.0001  0.0001  0.0001  0.0002  0.0002  0.0005  0.6885  0.0001  0.0000  0.0003  0.0000  0.0000  0.0000
 0.0010  0.0000  0.0002  0.0004  0.0002  0.0001  0.0004  0.0001  0.0003  0.0004  0.0003  0.0001  0.0007  0.0005  0.0003  0.0002  1.0000  0.1255  0.0004  0.0001  0.0000  0.0001  0.0000  0.0000  0.0000
 0.3744  0.0000  0.0217  0.8034  1.0000  0.0206  0.1555  0.0925  0.0760  0.3856  0.3794  0.0431  0.3283  0.3777  0.2864  0.2255  0.4594  0.2334  0.1161  0.0071  0.0000  0.0160  0.0000  0.0000  0.0000
 0.0573  0.0000  0.0021  0.0658  0.2838  0.0020  0.2704  0.0048  0.0142  0.0614  0.0118  0.0041  0.4348  0.0517  0.0597  0.0205  1.0000  0.0612  0.0112  0.0007  0.0000  0.0015  0.0000  0.0000  0.0000
 1.0000  0.0000  0.0003  0.0002  0.0003  0.0001  0.0061  0.0001  0.0001  0.0003  0.0003  0.0001  0.0002  0.0007  0.0002  0.0002  0.0014  0.0005  0.0005  0.0001  0.0000  0.0001  0.0000  0.0000  0.0000
 0.0008  0.0000  0.0001  0.0004  0.0005  0.0002  0.0012  0.0003  0.0003  1.0000  0.0006  0.0001  0.0004  0.0009  0.0006  0.0014  0.0005  0.0005  0.0075  0.0002  0.0000  0.0002  0.0000  0.0000  0.0000
 0.0006  0.0000  0.0001  1.0000  0.0302  0.0001  0.0060  0.0007  0.0001  0.0009  0.0001  0.0001  0.1189  0.0005  0.0006  0.0005  0.0554  0.0007  0.0001  0.0001  0.0000  0.0003  0.0000  0.0000  0.0000
 0.0003  0.0000  0.0001  0.0000  0.0001  0.0008  0.0001  0.0001  0.0069  0.0001  1.0000  0.0010  0.0001  0.0001  0.0002  0.0001  0.0001  0.0002  0.0082  0.0001  0.0000  0.0001  0.0000  0.0000  0.0000
 0.0003  0.0000  0.0001  0.0001  0.0001  0.0005  0.0002  0.0000  0.3912  0.0001  0.0303  0.0101  0.0001  0.0001  0.0000  0.0001  0.0001  0.0004  1.0000  0.0001  0.0000  0.0002  0.0000  0.0000  0.0000
 0.0018  0.0000  0.0046  0.0004  0.0024  0.0004  0.0013  0.0047  0.0008  0.3262  0.0018  0.0055  0.1510  0.0014  0.0391  1.0000  0.0184  0.0198  0.0010  0.0003  0.0000  0.0192  0.0000  0.0000  0.0000
 0.0021  0.0000  0.0002  0.0007  0.0029  0.0004  0.0399  0.0564  0.0009  1.0000  0.0021  0.0007  0.0765  0.0017  0.2258  0.3070  0.0056  0.0152  0.0012  0.0003  0.0000  0.0010  0.0000  0.0000  0.0000
 0.0004  0.0000  0.0001  0.0000  0.0001  0.0011  0.0001  0.0001  0.0156  0.0001  0.1798  1.0000  0.0001  0.0002  0.0002  0.0001  0.0001  0.0002  0.0074  0.0001  0.0000  0.0001  0.0000  0.0000  0.0000
 0.0004  0.0000  0.0001  0.0001  0.0001  0.0011  0.0001  0.0001  0.1423  0.0001  1.0000  0.0014  0.0001  0.0002  0.0002  0.0001  0.0001  0.0003  0.0059  0.0001  0.0000  0.0001  0.0000  0.0000  0.0000
 0.4576  0.0000  0.1914  0.6060  0.7817  0.0304  0.2050  0.1212  0.2155  0.5851  0.1721  0.0791  0.6485  0.1477  0.3164  0.3638  0.4080  1.0000  0.7677  0.0102  0.0000  0.0256  0.0000  0.0000  0.0000
 0.5263  0.0000  0.1762  0.2093  0.2807  0.7040  0.3319  0.5416  0.4426  0.3230  0.6931  0.2276  0.3099  0.3036  0.3601  0.4575  0.4403  0.3941  0.5013  0.1839  0.0000  1.0000  0.0000  0.0000  0.0000
 0.0023  0.0000  0.0002  1.0000  0.0303  0.0003  0.0033  0.0012  0.0003  0.0104  0.0006  0.0002  0.2986  0.0015  0.0302  0.0630  0.0285  0.0017  0.0134  0.0002  0.0000  0.0006  0.0000  0.0000  0.0000
 0.0320  0.0000  0.0004  0.0003  0.0004  0.0002  0.0022  0.0001  0.0004  0.0004  0.0005  0.0002  0.0003  1.0000  0.0003  0.0003  0.0082  0.0058  0.0305  0.0001  0.0000  0.0001  0.0000  0.0000  0.0000
 0.1934  0.0000  0.0007  0.0020  0.0077  0.0015  0.0083  0.0046  0.0025  1.0000  0.0342  0.0018  0.0144  0.0043  0.0116  0.1657  0.0876  0.0398  0.0034  0.0009  0.0000  0.0324  0.0000  0.0000  0.0000
 0.0585  0.0000  0.0104  0.0470  0.2602  0.0008  0.0106  0.0066  0.0171  1.0000  0.0449  0.0016  0.0200  0.0042  0.1486  0.2387  0.0577  0.0449  0.0044  0.0003  0.0000  0.0006  0.0000  0.0000  0.0000
 0.0000  0.0000  0.0000  0.0000  0.0000  0.0000  0.0000  0.0000  0.0000  0.0000  0.0000  0.0000  0.0000  0.0000  0.0000  1.0000  0.0000  0.0000  0.0000  0.0000  0.0000  0.0000  0.0000  0.0000  0.0000
 0.0011  0.0000  0.0003  0.0001  0.0003  0.0543  0.0002  0.0002  0.5078  0.0004  1.0000  0.0353  0.0003  0.0005  0.0006  0.0004  0.0003  0.0007  0.0168  0.0004  0.0000  0.0415  0.0000  0.0000  0.0000
 0.0014  0.0000  0.0003  0.0006  0.0004  0.0002  0.0004  0.0002  0.0040  0.0490  0.0004  0.0092  0.0332  0.0007  0.0005  0.0004  0.1784  1.0000  0.0007  0.0001  0.0000  0.0002  0.0000  0.0000  0.0000
 1.0000  0.0000  0.0006  0.0005  0.0005  0.0002  0.0019  0.0002  0.0009  0.0006  0.0038  0.0004  0.0007  0.0131  0.0005  0.0004  0.1053  0.1637  0.0281  0.0001  0.0000  0.0002  0.0000  0.0000  0.0000
 0.6053  0.0000  0.0598  0.0693  0.1006  0.4722  0.1113  1.0000  0.1758  0.1308  0.2380  0.0745  0.1037  0.0690  0.4096  0.1174  0.1509  0.1555  0.1858  0.0625  0.0000  0.4141  0.0000  0.0000  0.0000
 0.0023  0.0000  0.0000  0.0743  1.0000  0.0002  0.0009  0.0060  0.0003  0.0024  0.0005  0.0002  0.0010  0.0014  0.9709  0.0091  0.0012  0.0010  0.0005  0.0001  0.0000  0.0003  0.0000  0.0000  0.0000
 0.4173  0.0000  0.0016  0.0004  0.0012  0.0009  0.0003  0.0003  0.0260  0.0012  0.0059  0.0017  0.0006  0.0018  0.0009  0.0007  0.0014  0.0057  1.0000  0.0002  0.0000  0.0003  0.0000  0.0000  0.0000
 0.0003  0.0000  0.0001  0.0000  0.0001  0.0008  0.0001  0.0001  0.0014  0.0001  1.0000  0.0054  0.0001  0.0001  0.0002  0.0001  0.0001  0.0002  0.0008  0.0001  0.0000  0.0001  0.0000  0.0000  0.0000
 0.7493  0.0000  0.0553  0.6247  1.0000  0.0494  0.3789  0.1208  0.1853  0.9230  0.2990  0.1048  0.4947  0.2722  0.5857  0.5204  0.7287  0.5686  0.2826  0.0170  0.0000  0.0377  0.0000  0.0000  0.0000
 0.0004  0.0000  0.0003  0.0013  0.0005  0.0002  0.0016  1.0000  0.0002  0.0005  0.0004  0.0001  0.0184  0.0007  0.0004  0.0005  0.0007  0.0004  0.0003  0.0002  0.0000  0.0003  0.0000  0.0000  0.0000
 0.0042  0.0000  0.0002  0.0005  0.0005  0.0001  0.0007  0.0120  0.0002  0.0015  0.0004  0.0002  0.0007  1.0000  0.0062  0.0076  0.0178  0.0141  0.0004  0.0001  0.0000  0.0002  0.0000  0.0000  0.0000
 0.0000  0.0000  0.0000  0.0000  0.0000  0.0000  0.0000  0.0000  0.0000  0.0000  0.0000  0.0000  0.0000  0.0000  0.0000  0.0000  0.0000  0.0000  0.0000  1.0000  0.0000  0.0000  0.0000  0.0000  0.0000
 0.0196  0.0000  0.0005  0.0003  0.0004  0.0024  0.0006  0.0001  1.0000  0.0006  0.5462  0.2096  0.0004  0.0004  0.0003  0.0005  0.0006  0.0017  0.9477  0.0003  0.0000  0.0008  0.0000  0.0000  0.0000
 0.7127  0.0000  0.2011  0.5825  0.9395  0.0462  0.3508  0.1121  0.1755  1.0000  0.2785  0.1040  0.4578  0.2531  0.7343  0.6329  0.7046  0.6365  0.3253  0.0159  0.0000  0.0353  0.0000  0.0000  0.0000
 0.0034  0.0000  0.0008  0.1786  0.0282  0.0007  1.0000  0.0035  0.0003  0.0543  0.0008  0.0003  0.2134  0.0027  0.1560  0.0024  0.0292  0.0035  0.0006  0.0003  0.0000  0.0018  0.0000  0.0000  0.0000
 0.5645  0.0000  0.0371  0.6543  0.9961  0.0347  0.3273  0.0847  0.1300  1.0000  0.2360  0.0736  0.3547  0.1910  0.4104  0.5445  0.5180  0.3984  0.5506  0.0120  0.0000  0.0265  0.0000  0.0000  0.0000
 1.0000  0.0000  0.0005  0.0013  0.0185  0.0002  0.0272  0.0003  0.0005  0.0332  0.0008  0.0161  0.0203  0.0013  0.0012  0.0011  0.1230  0.0113  0.0114  0.0001  0.0000  0.0002  0.0000  0.0000  0.0000
 0.4633  0.0000  0.0012  0.0009  0.0011  0.0005  0.0065  0.0002  0.0009  0.0456  0.0091  0.0006  0.0008  1.0000  0.0008  0.0009  0.2387  0.0025  0.0241  0.0002  0.0000  0.0004  0.0000  0.0000  0.0000
 0.0017  0.0000  0.0004  1.0000  0.0096  0.0003  0.0060  0.0018  0.0002  0.0347  0.0004  0.0001  0.4445  0.0014  0.0017  0.0012  0.2380  0.0018  0.0003  0.0002  0.0000  0.0009  0.0000  0.0000  0.0000
 0.6336  0.0000  0.0574  0.5239  0.7986  0.1964  0.3180  0.1423  0.1915  1.0000  0.2911  0.1747  0.4223  0.2276  0.4751  0.5236  0.5923  0.5191  0.3889  0.0301  0.0000  0.1207  0.0000  0.0000  0.0000
 0.1535  0.0000  0.0121  0.0131  0.0150  0.0066  0.0121  0.0049  0.0414  0.0918  0.0401  0.1805  0.0904  1.0000  0.0134  0.0118  0.1999  0.1571  0.3082  0.0023  0.0000  0.0047  0.0000  0.0000  0.0000
 0.0257  0.0000  0.0066  0.0032  0.0066  0.0693  0.0052  0.2400  0.3000  0.0089  1.0000  0.1000  0.0064  0.0846  0.0134  0.0089  0.0073  0.0149  0.0709  0.0081  0.0000  0.0165  0.0000  0.0000  0.0000
 0.1563  0.0000  0.0162  1.0000  0.2246  0.0480  0.3033  0.0335  0.1211  0.1230  0.2371  0.2378  0.0561  0.0586  0.0866  0.2326  0.0883  0.0584  0.0649  0.0109  0.0000  0.0349  0.0000  0.0000  0.0000
 0.1526  0.0000  0.0135  0.9292  0.5162  0.0138  0.1622  0.0464  0.0970  0.1840  0.0524  0.0189  0.5388  0.3374  0.3883  0.0947  1.0000  0.1390  0.0497  0.0059  0.0000  0.0204  0.0000  0.0000  0.0000
 1.0000  0.0000  0.0032  0.0048  0.1693  0.0016  0.0035  0.0015  0.0526  0.0051  0.0064  0.0027  0.0610  0.0065  0.0039  0.0031  0.0871  0.4396  0.0507  0.0008  0.0000  0.0014  0.0000  0.0000  0.0000
 0.1664  0.0000  0.0010  0.0003  0.0007  0.0005  0.0006  0.0002  0.0044  0.0007  0.0031  0.0010  0.0004  0.0012  0.0006  0.0004  0.0013  0.1258  1.0000  0.0001  0.0000  0.0002  0.0000  0.0000  0.0000
 0.0224  0.0000  0.0052  0.0028  0.0084  0.0513  0.0054  0.0063  0.1121  0.1185  1.0000  0.0802  0.0069  0.0146  0.2158  0.1560  0.0075  0.0148  0.1871  0.0056  0.0000  0.0081  0.0000  0.0000  0.0000
 0.1827  0.0000  0.0010  0.0246  0.2079  0.0009  0.0462  0.0022  0.0128  0.2471  0.0106  0.0019  0.0375  0.0050  0.0107  0.0169  1.0000  0.1885  0.0195  0.0003  0.0000  0.0007  0.0000  0.0000  0.0000
 0.0045  0.0000  0.1245  0.0008  0.0049  0.0008  0.0031  0.0031  0.0015  0.2048  0.0036  0.0012  0.0035  0.0030  0.0082  1.0000  0.0102  0.0039  0.0021  0.0006  0.0000  0.0016  0.0000  0.0000  0.0000
 0.0006  0.0000  0.0002  0.0001  0.0002  0.0094  0.0001  0.0001  0.0702  0.0002  1.0000  0.3859  0.0001  0.0003  0.0003  0.0002  0.0002  0.0004  0.0064  0.0002  0.0000  0.0002  0.0000  0.0000  0.0000
 0.0008  0.0000  0.0001  0.0001  0.0056  0.0002  0.0006  0.0007  0.0003  1.0000  0.0157  0.0040  0.0008  0.0006  0.1990  0.0112  0.0007  0.0009  0.0005  0.0001  0.0000  0.0004  0.0000  0.0000  0.0000
 0.0015  0.0000  0.0001  0.0029  0.1869  0.0002  0.0012  0.0946  0.0004  0.1591  0.0008  0.0003  0.0502  0.0010  1.0000  0.0038  0.0012  0.0011  0.0005  0.0001  0.0000  0.0004  0.0000  0.0000  0.0000
 0.0003  0.0000  0.0001  0.0001  0.0001  1.0000  0.0003  0.0000  0.0003  0.0001  0.0008  0.0002  0.0001  0.0002  0.0001  0.0001  0.0035  0.0002  0.0003  0.0007  0.0000  0.0028  0.0000  0.0000  0.0000
 0.0644  0.0000  0.0044  0.0106  0.0167  0.0035  0.0126  0.0096  0.0085  0.0983  0.0359  0.0053  0.4519  0.0153  0.0249  0.5153  1.0000  0.1177  0.0127  0.0024  0.0000  0.0058  0.0000  0.0000  0.0000
 1.0000  0.0000  0.0009  0.0002  0.0007  0.0005  0.0000  0.0002  0.0216  0.0007  0.0330  0.0122  0.0003  0.0010  0.0143  0.0135  0.0095  0.0092  0.0849  0.0001  0.0000  0.0002  0.0000  0.0000  0.0000
 0.0666  0.0000  0.0031  0.0025  0.0045  0.0020  0.0167  0.0018  0.0032  0.0119  0.0074  1.0000  0.0032  0.0082  0.0051  0.2998  0.0152  0.0066  0.0066  0.0007  0.0000  0.0015  0.0000  0.0000  0.0000
 0.0034  0.0000  0.0007  0.0123  0.0049  0.0007  0.0095  0.0084  0.0007  0.0101  0.0016  0.0005  1.0000  0.0029  0.0045  0.2852  0.0073  0.0036  0.0010  0.0005  0.0000  0.0018  0.0000  0.0000  0.0000
 0.0005  0.0000  0.0000  0.0001  0.0007  0.0001  0.0004  0.0005  0.0002  1.0000  0.0005  0.0002  0.0257  0.0004  0.0358  0.0532  0.0004  0.0005  0.0003  0.0001  0.0000  0.0002  0.0000  0.0000  0.0000
 0.0007  0.0000  0.0002  0.0001  0.0002  0.1828  0.0001  0.0001  0.0474  0.0002  1.0000  0.0364  0.0002  0.0003  0.0004  0.0002  0.0002  0.0004  0.0019  0.0002  0.0000  0.0002  0.0000  0.0000  0.0000
 0.0006  0.0000  0.0001  0.0003  0.0005  0.0002  0.0009  0.0003  0.0002  1.0000  0.0006  0.0061  0.0004  0.0007  0.0007  0.0017  0.0004  0.0004  0.0003  0.0001  0.0000  0.0002  0.0000  0.0000  0.0000
 0.1663  0.0000  0.0006  0.0010  0.0067  0.0010  0.1291  0.0042  0.0021  1.0000  0.0049  0.0016  0.0047  0.0041  0.0210  0.0664  0.0047  0.0053  0.0029  0.0008  0.0000  0.0022  0.0000  0.0000  0.0000
 0.9684  0.0000  0.0335  0.0187  0.0478  0.0626  0.0264  0.1064  0.3238  0.2896  0.7528  1.0000  0.0357  0.0446  0.0563  0.3817  0.0602  0.1130  0.5175  0.0147  0.0000  0.0622  0.0000  0.0000  0.0000
 1.0000  0.0000  0.0017  0.0004  0.0013  0.0010  0.0004  0.0003  0.1362  0.0013  0.0066  0.0019  0.0006  0.0019  0.0010  0.0007  0.0015  0.0060  0.2114  0.0002  0.0000  0.0004  0.0000  0.0000  0.0000
 0.0018  0.0000  0.0005  0.0002  0.0005  0.0049  0.0004  0.0004  0.0574  0.1446  1.0000  0.0121  0.0004  0.0008  0.0009  0.0006  0.0005  0.0010  0.0050  0.0006  0.0000  0.0006  0.0000  0.0000  0.0000
 0.2559  0.0000  0.0007  0.0013  0.0105  0.0016  0.0054  0.0067  0.0218  0.5806  0.0077  0.0025  0.0073  0.0060  0.0841  1.0000  0.0063  0.2105  0.0044  0.0012  0.0000  0.0034  0.0000  0.0000  0.0000
 0.0003  0.0000  0.0001  0.0001  0.0001  0.0043  0.0034  0.0000  0.0503  0.0001  0.0026  0.0062  0.0001  0.0000  0.0000  0.0001  0.0001  0.1119  1.0000  0.0001  0.0000  0.0002  0.0000  0.0000  0.0000
 0.0004  0.0000  0.0001  0.0001  0.0001  0.0005  0.0002  0.0000  1.0000  0.0002  0.0028  0.1318  0.0001  0.0001  0.0001  0.0001  0.0002  0.0004  0.2136  0.0001  0.0000  0.0002  0.0000  0.0000  0.0000
 1.0000  0.0000  0.0009  0.0008  0.0008  0.0012  0.0045  0.0003  0.0019  0.0009  0.1105  0.0013  0.0006  0.0022  0.0007  0.0008  0.0037  0.0016  0.0023  0.0003  0.0000  0.0005  0.0000  0.0000  0.0000
 0.1585  0.0000  0.0002  0.0682  1.0000  0.0007  0.0045  0.0022  0.0009  0.0151  0.0016  0.0007  0.0167  0.0045  0.0094  0.0022  0.2303  0.0036  0.0017  0.0003  0.0000  0.0011  0.0000  0.0000  0.0000
 0.0291  0.0000  0.0063  0.0592  0.0998  0.0042  0.0416  0.3116  0.0072  0.0309  0.0087  0.0040  0.6786  0.0185  0.0187  0.1418  1.0000  0.3518  0.0112  0.0025  0.0000  0.0083  0.0000  0.0000  0.0000
 0.0044  0.0000  0.0004  0.0022  1.0000  0.0009  0.0029  0.0036  0.0017  0.0513  0.0169  0.0014  0.0040  0.0034  0.0301  0.5537  0.0034  0.0044  0.0023  0.0006  0.0000  0.0018  0.0000  0.0000  0.0000
 0.0601  0.0000  0.0054  0.0025  0.0045  0.0223  0.0037  0.0014  1.0000  0.0058  0.4304  0.0587  0.2320  0.0054  0.0045  0.0046  0.0054  0.0175  0.2595  0.0027  0.0000  0.0059  0.0000  0.0000  0.0000
 1.0000  0.0000  0.0928  0.4180  0.4906  0.5489  0.7552  0.2684  0.2589  0.5835  0.4014  0.1535  0.3226  0.1871  0.3918  0.3401  0.4406  0.4083  0.3697  0.0824  0.0000  0.4265  0.0000  0.0000  0.0000
 0.0525  0.0000  0.0023  0.0017  0.0149  0.0009  1.0000  0.0004  0.0010  0.0022  0.0200  0.0010  0.0015  0.0057  0.0015  0.0016  0.5645  0.0040  0.0270  0.0003  0.0000  0.0007  0.0000  0.0000  0.0000
 0.4120  0.0000  0.0201  0.0139  0.0204  0.0951  0.1442  0.0140  0.2775  0.0244  1.0000  0.1165  0.0178  0.0406  0.0372  0.0220  0.1506  0.0420  0.1318  0.0132  0.0000  0.0249  0.0000  0.0000  0.0000
 0.1768  0.0000  0.1264  0.0967  0.1903  0.0207  0.2177  0.0209  0.0302  1.0000  0.0490  0.0171  0.0775  0.0434  0.1013  0.1870  0.3677  0.0956  0.0713  0.0033  0.0000  0.0091  0.0000  0.0000  0.0000
 0.6158  0.0000  0.0421  0.5028  1.0000  0.0393  0.3002  0.0958  0.1476  0.7503  0.4290  0.0901  0.3964  0.2166  0.4975  0.4189  0.6728  0.4771  0.2251  0.0135  0.0000  0.0299  0.0000  0.0000  0.0000
 0.6250  0.0000  0.0832  0.4337  0.6870  0.2307  0.3583  0.2504  0.2481  0.6491  0.4583  0.4092  0.3861  0.2272  0.4454  0.4176  1.0000  0.5184  0.3153  0.0633  0.0000  0.3090  0.0000  0.0000  0.0000
 0.4676  0.0000  0.1535  0.1910  0.4919  1.0000  0.2999  0.5798  0.3491  0.2691  0.6198  0.2305  0.2703  0.1792  0.2595  0.3055  0.3535  0.3554  0.4490  0.1601  0.0000  0.8678  0.0000  0.0000  0.0000
 0.2173  0.0000  0.0106  0.1840  1.0000  0.0099  0.2758  0.0630  0.0372  0.7420  0.1637  0.0569  0.1810  0.0546  0.1866  0.1403  0.1893  0.2782  0.0568  0.0034  0.0000  0.0075  0.0000  0.0000  0.0000
 0.5114  0.0000  0.0354  0.4233  1.0000  0.0333  0.2621  0.0806  0.1281  0.6640  0.2828  0.3190  0.4668  0.1818  0.3901  0.3472  0.6295  0.4032  0.1890  0.0115  0.0000  0.0255  0.0000  0.0000  0.0000
 0.0023  0.0000  0.0006  0.0003  0.0005  0.0187  0.0005  0.0002  1.0000  0.0901  0.1150  0.2512  0.0004  0.0131  0.0006  0.0006  0.0178  0.0019  0.1581  0.0004  0.0000  0.0008  0.0000  0.0000  0.0000
 0.4018  0.0000  0.0077  1.0000  0.3305  0.0072  0.0551  0.0474  0.0399  0.3482  0.0437  0.1399  0.0717  0.0659  0.3189  0.1272  0.1063  0.1385  0.0566  0.0025  0.0000  0.0055  0.0000  0.0000  0.0000
 0.7383  0.0000  0.0488  0.6376  1.0000  0.0457  0.5568  0.1110  0.1765  0.8530  0.2756  0.1027  0.4519  0.2508  0.5686  0.4788  0.6929  0.7707  0.2751  0.0157  0.0000  0.0348  0.0000  0.0000  0.0000
 0.7635  0.0000  0.1938  0.5654  0.5532  0.7180  0.4793  0.5709  0.4714  0.5527  0.8721  0.2514  0.4803  0.2892  0.4564  0.4909  0.6702  0.5659  0.5939  0.1878  0.0000  1.0000  0.0000  0.0000  0.0000
 0.0333  0.0000  0.0037  0.0127  0.0453  0.0247  0.1272  0.2141  0.0141  1.0000  0.0326  0.0108  0.9479  0.0254  0.1164  0.3303  0.0547  0.0350  0.0338  0.0053  0.0000  0.0167  0.0000  0.0000  0.0000
 0.1954  0.0000  0.0045  0.1664  0.6094  0.0042  0.0374  0.0102  0.0157  0.6605  0.0254  0.0175  0.1182  0.0231  0.1706  0.0806  1.0000  0.2111  0.0327  0.0014  0.0000  0.0032  0.0000  0.0000  0.0000
 1.0000  0.0000  0.0903  0.0648  0.0859  0.0944  0.8586  0.0227  0.1599  0.1346  0.4580  0.4058  0.0615  0.2546  0.0771  0.0898  0.4392  0.1617  0.2030  0.0195  0.0000  0.0350  0.0000  0.0000  0.0000
 0.9842  0.0000  0.1955  0.6216  0.9010  1.0000  0.5665  0.5959  0.4937  0.9135  0.7956  0.2741  0.6036  0.3635  0.7603  0.6562  0.9891  0.9151  0.6485  0.1792  0.0000  0.9365  0.0000  0.0000  0.0000
 0.6528  0.0000  0.0638  0.5415  0.8291  0.0386  0.2941  0.0939  0.8431  1.0000  0.2704  0.0858  0.4133  0.2121  0.5514  0.5235  0.6757  0.5845  0.3419  0.0133  0.0000  0.0294  0.0000  0.0000  0.0000
 0.2543  0.0000  0.0044  0.2440  0.1266  0.0041  0.1409  0.0099  0.0396  0.2873  0.0479  0.0606  0.4774  0.0225  0.0482  0.0429  0.3147  1.0000  0.0234  0.0014  0.0000  0.0031  0.0000  0.0000  0.0000
 0.3635  0.0000  0.1028  0.1184  0.1577  1.0000  0.1901  0.3125  0.3836  0.1680  0.6714  0.8908  0.1997  0.4759  0.1702  0.2008  0.3366  0.2278  0.3566  0.1072  0.0000  0.8739  0.0000  0.0000  0.0000
 0.0076  0.0000  0.0005  1.0000  0.7088  0.0006  0.0359  0.0019  0.0015  0.0560  0.0026  0.0009  0.0293  0.0778  0.1368  0.0044  0.2051  0.0661  0.0025  0.0003  0.0000  0.0008  0.0000  0.0000  0.0000
 0.2606  0.0000  0.0202  0.1655  1.0000  0.0156  0.1318  0.0326  0.0517  0.3394  0.1508  0.0298  0.1344  0.2301  0.1518  0.1344  0.3911  0.7763  0.1009  0.0060  0.0000  0.0130  0.0000  0.0000  0.0000
 0.4811  0.0000  0.0962  0.0816  0.0963  0.0762  0.0206  0.0293  0.4963  0.0918  0.4768  0.1233  0.0764  0.1141  0.0740  0.0548  0.1713  0.4523  1.0000  0.0141  0.0000  0.0316  0.0000  0.0000  0.0000
 0.0141  0.0000  0.0012  0.0442  0.0300  0.0011  0.0629  0.0033  0.0034  1.0000  0.0056  0.0020  0.4390  0.0057  0.2790  0.1759  0.1819  0.0730  0.0052  0.0004  0.0000  0.0013  0.0000  0.0000  0.0000
 0.5220  0.0000  0.0365  0.6032  0.2549  0.1622  0.0760  0.1363  0.1009  0.0841  0.1369  0.1650  0.2342  0.0483  0.0749  0.0837  1.0000  0.3103  0.2958  0.0370  0.0000  0.2193  0.0000  0.0000  0.0000
 0.0509  0.0000  0.0004  0.0016  0.0008  0.0002  1.0000  0.0004  0.0002  0.0627  0.0004  0.0002  0.0082  0.0124  0.0117  0.0006  0.0450  0.0010  0.0006  0.0001  0.0000  0.0003  0.0000  0.0000  0.0000
 0.8079  0.0000  0.0500  0.6627  1.0000  0.0467  0.4063  0.1186  0.1941  0.9915  0.5196  0.1301  0.5739  0.2572  0.5930  0.5087  0.7133  0.8200  0.2674  0.0161  0.0000  0.0354  0.0000  0.0000  0.0000
 0.7453  0.0000  0.0559  0.6048  1.0000  0.0454  0.3456  0.1103  0.3773  0.9538  0.3270  0.0962  0.4531  0.2705  0.5354  0.4900  0.7323  0.5385  0.2800  0.0156  0.0000  0.0345  0.0000  0.0000  0.0000
 0.6042  0.0000  0.0399  0.7074  0.9066  0.0373  0.3466  0.1014  0.2095  0.8279  0.2590  0.0792  0.4924  0.2563  0.4409  0.5896  0.7135  1.0000  0.2491  0.0128  0.0000  0.0283  0.0000  0.0000  0.0000
 0.4724  0.0000  0.1247  0.1766  0.2382  0.8133  0.4180  0.3819  0.3662  0.2731  0.7686  0.2314  0.2190  0.1452  0.2220  0.2476  0.3995  0.3964  0.9183  0.1301  0.0000  1.0000  0.0000  0.0000  0.0000
 0.2923  0.0000  0.0113  0.9231  1.0000  0.0105  0.5650  0.0407  0.1167  0.6935  0.0638  0.0224  0.1047  0.0801  0.4624  0.2557  0.7347  0.1626  0.0604  0.0036  0.0000  0.0080  0.0000  0.0000  0.0000
 0.4531  0.0000  0.0185  0.2330  1.0000  0.0172  0.1436  0.0419  0.1434  0.3524  0.2002  0.0407  0.2208  0.1939  0.3344  0.1944  0.3150  0.3083  0.1251  0.0059  0.0000  0.0131  0.0000  0.0000  0.0000
 0.0339  0.0000  0.0033  0.0327  0.0092  0.0261  0.0071  0.0093  0.1766  0.0130  1.0000  0.0043  0.0598  0.0093  0.0212  0.0081  0.0999  0.0641  0.0444  0.0031  0.0000  0.0163  0.0000  0.0000  0.0000
 0.4249  0.0000  0.0307  0.3437  0.6828  0.0336  0.2602  0.0712  0.1161  1.0000  0.2216  0.3531  0.2727  0.3239  0.3400  0.3471  0.4801  0.4241  0.1853  0.0111  0.0000  0.0398  0.0000  0.0000  0.0000
 0.3090  0.0000  0.0056  0.1869  1.0000  0.0053  0.0403  0.0413  0.0802  0.3518  0.0730  0.0160  0.1118  0.0290  0.1661  0.0665  0.2111  0.2283  0.0386  0.0018  0.0000  0.0040  0.0000  0.0000  0.0000
 0.3498  0.0000  0.0121  0.1067  0.2187  0.0046  1.0000  0.0804  0.0117  0.1652  0.0354  0.0066  0.0292  0.1224  0.0612  0.0310  0.2186  0.1137  0.0277  0.0014  0.0000  0.0672  0.0000  0.0000  0.0000
 0.7323  0.0000  0.0473  0.5742  1.0000  0.0442  0.3468  0.1076  0.1748  0.8410  0.4372  0.1325  0.4386  0.2509  0.5408  0.4650  0.6862  0.5263  0.2677  0.0152  0.0000  0.0336  0.0000  0.0000  0.0000
 0.2998  0.0000  0.0105  0.5796  0.4422  0.0098  0.1449  0.1422  0.1046  1.0000  0.1550  0.0207  0.1122  0.0538  0.5621  0.6498  0.1850  0.3602  0.0559  0.0034  0.0000  0.0074  0.0000  0.0000  0.0000
 0.7584  0.0000  0.0525  0.6218  1.0000  0.0490  0.3740  0.1193  0.2284  0.9586  0.3076  0.1261  0.4883  0.2698  0.6287  0.5392  0.7340  0.5877  0.3193  0.0169  0.0000  0.0372  0.0000  0.0000  0.0000
 0.4064  0.0000  0.1370  0.3525  0.2731  0.5653  0.2573  0.4196  0.3089  0.2577  1.0000  0.1787  0.2408  0.1598  0.4105  0.2823  0.3148  0.3063  0.4866  0.1430  0.0000  0.8953  0.0000  0.0000  0.0000
 0.7519  0.0000  0.0538  0.6337  1.0000  0.0518  0.4181  0.1239  0.1921  0.9216  0.2991  0.1411  0.5032  0.2752  0.5833  0.5204  0.7312  0.5674  0.2824  0.0178  0.0000  0.0419  0.0000  0.0000  0.0000
 0.1634  0.0000  0.0038  0.9351  1.0000  0.0035  0.1327  0.2408  0.0131  0.0655  0.0212  0.0074  0.2671  0.0850  0.3554  0.0655  0.1504  0.0707  0.0200  0.0012  0.0000  0.0028  0.0000  0.0000  0.0000
 1.0000  0.0000  0.0027  0.0731  0.0678  0.0016  0.4181  0.0052  0.0013  0.0088  0.0028  0.0012  0.1639  0.0082  0.0065  0.0046  0.0328  0.0080  0.0326  0.0007  0.0000  0.0030  0.0000  0.0000  0.0000
 1.0000  0.0000  0.0029  0.0320  0.0580  0.0179  0.0192  0.0086  0.0065  0.0071  0.0817  0.0037  0.0062  0.0770  0.0062  0.0068  0.1075  0.0917  0.0888  0.0029  0.0000  0.0263  0.0000  0.0000  0.0000
 0.0607  0.0000  0.0105  1.0000  0.0428  0.0293  0.0222  0.0534  0.1264  0.0748  0.1128  0.0145  0.0254  0.0301  0.1091  0.0642  0.0329  0.0388  0.1881  0.0082  0.0000  0.0403  0.0000  0.0000  0.0000
 0.6973  0.0000  0.0685  0.5238  0.5915  0.0508  0.1812  0.0703  0.4405  0.4712  0.2993  0.0957  0.3057  0.1871  0.3495  0.2633  0.3786  0.4555  1.0000  0.0134  0.0000  0.0326  0.0000  0.0000  0.0000
 0.1716  0.0000  0.0063  1.0000  0.0468  0.0056  0.2193  0.0237  0.0032  0.0323  0.0067  0.0025  0.1507  0.0205  0.0225  0.0166  0.1139  0.0255  0.0574  0.0026  0.0000  0.1486  0.0000  0.0000  0.0000
 0.4720  0.0000  0.0303  0.3623  0.6352  0.0308  1.0000  0.0696  0.3272  0.5458  0.1924  0.0759  0.7795  0.1526  0.3643  0.3236  0.4075  0.3187  0.3079  0.0103  0.0000  0.0255  0.0000  0.0000  0.0000
 0.1251  0.0000  0.0026  0.0613  0.0995  0.0024  0.0185  0.0230  0.0091  0.4761  0.0338  0.0052  1.0000  0.0134  0.0287  0.0553  0.5982  0.1041  0.0239  0.0008  0.0000  0.0019  0.0000  0.0000  0.0000
 0.0981  0.0000  0.0056  0.0088  0.2111  0.0035  1.0000  0.0027  0.0674  0.0167  0.0453  0.0042  0.0058  0.0155  0.0091  0.0292  0.0294  0.0116  0.0110  0.0011  0.0000  0.0026  0.0000  0.0000  0.0000
 0.3463  0.0000  0.0167  0.3443  0.0069  0.0036  0.0076  0.0037  0.0081  0.0101  0.0079  0.0518  0.0186  0.0123  0.0175  0.0066  0.6144  1.0000  0.0500  0.0019  0.0000  0.0255  0.0000  0.0000  0.0000
 0.1256  0.0000  0.0298  0.0527  0.1060  0.1644  0.0630  0.0912  1.0000  0.0491  0.3754  0.0371  0.0518  0.0344  0.1192  0.0585  0.3624  0.0659  0.0845  0.0311  0.0000  0.4624  0.0000  0.0000  0.0000
 0.1720  0.0000  0.0008  1.0000  0.0843  0.0007  0.0520  0.0018  0.0025  0.0208  0.0041  0.0073  0.0326  0.0040  0.0083  0.0071  0.0720  0.0131  0.0161  0.0003  0.0000  0.0006  0.0000  0.0000  0.0000
 0.0016  0.0000  0.0000  0.0430  1.0000  0.0001  0.0006  0.0004  0.0002  0.0015  0.0003  0.0001  0.0007  0.0009  0.0020  0.0004  0.1135  0.0007  0.0030  0.0001  0.0000  0.0002  0.0000  0.0000  0.0000
 0.0285  0.0000  0.0008  0.0007  0.0431  1.0000  0.0010  0.0006  0.0043  0.0008  0.0735  0.0024  0.0006  0.0010  0.0008  0.0007  0.0019  0.1206  0.0040  0.0032  0.0000  0.0176  0.0000  0.0000  0.0000
 0.0085  0.0000  0.0020  0.0008  0.0018  0.0151  0.0011  0.0548  1.0000  0.0023  0.2707  0.2138  0.1346  0.0029  0.0032  0.0021  0.0020  0.0053  0.3856  0.0018  0.0000  0.0019  0.0000  0.0000  0.0000
 1.0000  0.0000  0.0025  0.0041  0.0029  0.0011  0.0069  0.0011  0.0028  0.2386  0.0030  0.0016  0.0069  0.0062  0.0032  0.0028  0.2594  0.8762  0.0052  0.0007  0.0000  0.0012  0.0000  0.0000  0.0000
 1.0000  0.0000  0.0056  0.0013  0.0042  0.0034  0.0001  0.0011  0.0880  0.0042  0.1487  0.0194  0.0335  0.0059  0.0032  0.0024  0.0041  0.1366  0.2551  0.0005  0.0000  0.0010  0.0000  0.0000  0.0000
 0.0259  0.0000  0.0017  0.0031  0.0021  0.0063  0.0022  0.0009  0.1338  0.0031  0.0026  0.0251  0.0057  0.0354  0.1571  0.0019  0.2015  1.0000  0.0050  0.0005  0.0000  0.0009  0.0000  0.0000  0.0000
 0.2097  0.0000  0.0131  0.0043  0.3008  0.0650  0.0038  0.0045  0.3331  0.0120  1.0000  0.9822  0.0069  0.0153  0.0118  0.0089  0.1645  0.0422  0.6507  0.0052  0.0000  0.0078  0.0000  0.0000  0.0000
 0.0076  0.0000  0.0004  0.1427  0.0786  0.0014  0.0025  1.0000  0.0273  0.0069  0.0443  0.0013  0.0029  0.0042  0.0289  0.0022  0.0035  0.0037  0.0271  0.0004  0.0000  0.0013  0.0000  0.0000  0.0000
 0.0619  0.0000  0.0160  0.0136  0.1977  0.1278  0.0446  0.0326  0.2446  0.1204  1.0000  0.3056  0.0278  0.0287  0.0490  0.2139  0.0313  0.0440  0.1641  0.0187  0.0000  0.0493  0.0000  0.0000  0.0000
 0.0383  0.0000  0.0058  0.1886  0.1691  0.0176  0.0221  0.2522  0.0336  0.2191  0.0273  0.0093  1.0000  0.0165  0.1612  0.1756  0.0344  0.0302  0.0924  0.0052  0.0000  0.1121  0.0000  0.0000  0.0000
 0.1306  0.0000  0.0006  0.0011  0.0998  0.0011  0.0036  0.0045  0.0027  1.0000  0.0055  0.0390  0.0049  0.0041  0.0120  0.4868  0.0044  0.0189  0.0943  0.0008  0.0000  0.0023  0.0000  0.0000  0.0000
 0.0510  0.0000  0.0119  0.0056  0.0523  0.0742  0.0069  0.0201  0.5154  0.4267  1.0000  0.5139  0.0094  0.0153  0.0152  0.0124  0.0131  0.0792  0.2760  0.0077  0.0000  0.0172  0.0000  0.0000  0.0000
 0.2492  0.0000  0.0005  0.3719  1.0000  0.0026  0.2016  0.0070  0.0035  0.0357  0.0064  0.0026  0.0196  0.0170  0.0497  0.0080  0.0151  0.0127  0.0137  0.0012  0.0000  0.0035  0.0000  0.0000  0.0000
 0.1625  0.0000  0.0259  0.0794  0.0668  0.0015  0.0115  0.0037  0.0056  0.2811  0.0179  0.0136  0.2755  0.0083  0.0178  1.0000  0.0756  0.0172  0.0086  0.0005  0.0000  0.0012  0.0000  0.0000  0.0000
 0.0043  0.0000  0.0003  0.6950  1.0000  0.0005  0.0707  0.0018  0.0005  0.0047  0.0010  0.0004  0.0273  0.0028  0.0189  0.0015  0.0041  0.0024  0.0009  0.0002  0.0000  0.0009  0.0000  0.0000  0.0000
 0.0075  0.0000  0.0001  0.4709  1.0000  0.0007  0.0027  0.0017  0.0556  0.0074  0.0017  0.0007  0.0030  0.0044  0.0096  0.0359  0.0114  0.0034  0.0613  0.0003  0.0000  0.0009  0.0000  0.0000  0.0000
 0.0029  0.0000  0.0004  0.0007  0.0333  0.0012  0.0020  1.0000  0.0066  0.0855  0.0082  0.0010  0.3123  0.0020  0.0154  0.1857  0.0119  0.0029  0.0018  0.0006  0.0000  0.0517  0.0000  0.0000  0.0000
 0.0737  0.0000  0.0020  0.0008  0.0745  0.0259  0.0010  0.0011  0.0778  0.1291  1.0000  0.0383  0.0015  0.0028  0.0030  0.0020  0.0019  0.0053  0.0440  0.0016  0.0000  0.0018  0.0000  0.0000  0.0000
 0.3967  0.0000  0.1356  0.1572  0.3034  0.7735  0.2524  0.4796  0.3044  0.2313  0.5406  0.1820  0.2352  0.1564  0.3638  0.3398  0.3162  0.3208  0.5194  0.1583  0.0000  1.0000  0.0000  0.0000  0.0000
 0.9786  0.0000  0.0193  0.2254  0.8681  0.0181  0.1374  0.0446  0.0677  1.0000  0.1095  0.0384  0.2276  0.0995  0.2701  0.3235  0.4884  0.3769  0.1189  0.0064  0.0000  0.0141  0.0000  0.0000  0.0000
 1.0000  0.0000  0.0011  0.0006  0.0009  0.0005  0.0028  0.0002  0.1179  0.0010  0.0026  0.0009  0.0007  0.0019  0.0007  0.0006  0.0036  0.0645  0.0072  0.0001  0.0000  0.0003  0.0000  0.0000  0.0000
 0.0071  0.0000  0.0012  0.0020  0.0014  1.0000  0.0025  0.0006  0.1252  0.0020  0.0029  0.0011  0.0034  0.0419  0.0015  0.0013  0.0799  0.0438  0.0039  0.0005  0.0000  0.0013  0.0000  0.0000  0.0000
 0.2513  0.0000  0.0279  0.1897  0.2954  0.0073  0.0691  0.0178  0.0274  0.5628  0.0774  0.0816  0.1506  0.0402  1.0000  0.1881  0.9028  0.1459  0.0418  0.0025  0.0000  0.0055  0.0000  0.0000  0.0000
 0.0084  0.0000  0.0029  0.0092  0.0045  0.3032  0.0054  0.1480  0.0593  0.0048  0.0107  0.1958  0.0117  0.0034  0.0048  0.0057  0.0130  0.1377  0.0521  0.0223  0.0000  1.0000  0.0000  0.0000  0.0000
 0.0032  0.0000  0.0007  0.0002  0.0006  1.0000  0.0002  0.0003  0.0073  0.0006  0.0447  0.0035  0.0004  0.0009  0.0007  0.0005  0.0007  0.1280  0.1392  0.0011  0.0000  0.0036  0.0000  0.0000  0.0000
 0.0023  0.0000  0.0000  1.0000  0.1345  0.0002  0.0010  0.0006  0.0003  0.0023  0.0005  0.0002  0.0012  0.1290  0.0030  0.0006  0.0012  0.0010  0.0005  0.0001  0.0000  0.0003  0.0000  0.0000  0.0000
 0.0016  0.0000  0.0002  0.0003  0.0079  0.0003  0.0060  0.0014  0.0007  1.0000  0.0016  0.0005  0.0242  0.0013  0.2722  0.0913  0.0014  0.0422  0.0385  0.0003  0.0000  0.0007  0.0000  0.0000  0.0000
 0.0798  0.0000  0.0009  1.0000  0.0666  0.0012  0.0134  0.0048  0.0012  0.0110  0.1367  0.0009  0.1931  0.0066  0.0118  0.0040  0.0117  0.0062  0.0022  0.0006  0.0000  0.0024  0.0000  0.0000  0.0000
 0.5121  0.0000  0.0455  0.4341  0.7132  0.0357  1.0000  0.1370  0.3625  0.7817  0.2522  0.0721  0.8497  0.3101  0.5648  0.3760  0.6686  0.4040  0.2688  0.0121  0.0000  0.0285  0.0000  0.0000  0.0000
 0.0032  0.0000  0.0094  0.0026  0.2807  0.0003  0.0019  0.0006  0.0009  0.0015  0.0008  0.0004  0.0483  0.0017  0.0012  0.0009  1.0000  0.0294  0.0014  0.0002  0.0000  0.0005  0.0000  0.0000  0.0000
 0.0009  0.0000  0.0002  0.1412  0.0096  0.0002  1.0000  0.0009  0.0001  0.0012  0.0002  0.0001  0.0103  0.0007  0.0008  0.0006  0.0118  0.0009  0.0001  0.0001  0.0000  0.0005  0.0000  0.0000  0.0000
 0.1973  0.0000  0.0278  0.0133  0.0852  0.3737  0.1185  0.0644  0.0253  0.0188  0.0418  0.0142  0.0199  0.0132  0.0189  0.0526  0.0260  0.0252  0.0323  0.0119  0.0000  1.0000  0.0000  0.0000  0.0000
 0.0003  0.0000  0.0001  0.0001  0.0001  0.0175  0.0001  0.0000  1.0000  0.0001  0.0915  0.0005  0.0001  0.0001  0.0001  0.0001  0.0001  0.0003  0.1256  0.0001  0.0000  0.0002  0.0000  0.0000  0.0000
 0.0159  0.0000  0.0031  0.0167  0.3568  0.0018  0.0207  0.0040  0.0159  0.0906  0.0047  0.0023  0.1741  0.0088  0.0080  0.0073  0.0640  1.0000  0.0069  0.0011  0.0000  0.0027  0.0000  0.0000  0.0000
 0.7750  0.0000  0.1895  0.3772  0.5500  0.7261  0.4311  0.5977  0.9225  0.6072  0.8012  0.4073  0.6490  0.3346  0.5256  0.7632  0.6180  0.7437  0.9500  0.1872  0.0000  1.0000  0.0000  0.0000  0.0000
 0.0935  0.0000  0.0003  1.0000  0.4594  0.0006  0.1708  0.0015  0.0007  0.0058  0.0014  0.0006  0.0034  0.0164  0.0074  0.0017  0.0040  0.0028  0.0015  0.0003  0.0000  0.0008  0.0000  0.0000  0.0000
 0.0079  0.0000  0.0001  0.9112  1.0000  0.0007  0.0031  0.0019  0.0009  0.0080  0.0018  0.0007  0.0035  0.0476  0.0104  0.0021  0.0041  0.0035  0.0018  0.0003  0.0000  0.0010  0.0000  0.0000  0.0000
 0.0267  0.0000  0.0064  0.0053  0.0384  0.3349  0.0056  0.0058  0.1054  0.0102  1.0000  0.0681  0.0064  0.1386  0.0562  0.0093  0.0080  0.0159  0.0808  0.0068  0.0000  0.0093  0.0000  0.0000  0.0000
 0.0012  0.0000  0.0000  0.0027  1.0000  0.0001  0.0127  0.0003  0.0001  0.0013  0.0003  0.0001  0.0007  0.0007  0.1444  0.0083  0.0099  0.0005  0.0003  0.0001  0.0000  0.0002  0.0000  0.0000  0.0000
 0.2090  0.0000  0.0021  0.0005  0.0016  0.0034  0.0002  0.0005  0.0604  0.0116  1.0000  0.1557  0.0009  0.0024  0.0523  0.0011  0.0016  0.0268  0.0463  0.0004  0.0000  0.0006  0.0000  0.0000  0.0000
 0.0974  0.0000  0.0047  0.0904  1.0000  0.0059  0.1061  0.0159  0.0172  0.5465  0.0293  0.0103  0.0482  0.0303  0.6123  0.5914  0.1623  0.0523  0.0263  0.0025  0.0000  0.3241  0.0000  0.0000  0.0000
 0.4709  0.0000  0.0526  0.2713  1.0000  0.0769  0.0949  0.2423  0.0415  0.2603  0.0671  0.0234  0.1430  0.0557  0.7686  0.2849  0.2339  0.2505  0.1083  0.0059  0.0000  0.1076  0.0000  0.0000  0.0000
 1.0000  0.0000  0.0038  0.1294  0.0449  0.0037  0.2927  0.0238  0.0080  0.2937  0.0134  0.0177  0.1742  0.0154  0.0269  0.0237  0.1364  0.0280  0.0486  0.0014  0.0000  0.0051  0.0000  0.0000  0.0000
 0.1555  0.0000  0.3796  0.0021  0.0060  0.0139  0.0010  0.0698  0.4173  0.0298  1.0000  0.5871  0.0033  0.0086  0.0057  0.0042  0.0059  0.0255  0.1584  0.0019  0.0000  0.0029  0.0000  0.0000  0.0000
 0.8104  0.0000  0.1746  0.5974  1.0000  0.0528  0.4364  0.1189  0.1902  0.9226  0.3100  0.1049  0.4893  0.2769  0.5577  0.5313  0.7460  0.5587  0.3123  0.0177  0.0000  0.0493  0.0000  0.0000  0.0000
 0.0039  0.0000  0.0001  1.0000  0.9919  0.0004  0.0019  0.0216  0.0005  0.0795  0.0009  0.0004  0.0394  0.0024  0.1084  0.0011  0.0023  0.0113  0.0009  0.0002  0.0000  0.0005  0.0000  0.0000  0.0000
 0.4506  0.0000  0.0760  0.4331  1.0000  0.4333  0.2279  0.3332  0.1901  0.4247  0.3115  0.1220  0.2944  0.3805  0.3169  0.2783  0.3960  0.3307  0.2712  0.0675  0.0000  0.4659  0.0000  0.0000  0.0000
 0.1299  0.0000  0.0151  0.1692  0.1561  0.1046  1.0000  0.0403  0.0833  0.3974  0.1045  0.0854  0.1922  0.0781  0.0970  0.1464  0.1762  0.1593  0.1106  0.0102  0.0000  0.0477  0.0000  0.0000  0.0000
 0.0384  0.0000  0.0016  0.0607  0.0648  0.0099  0.0201  0.0033  0.2314  0.0054  1.0000  0.4248  0.0231  0.0041  0.0060  0.0035  0.0057  0.0050  0.0107  0.0016  0.0000  0.0048  0.0000  0.0000  0.0000
 0.5294  0.0000  0.0350  0.5412  0.7494  0.0327  0.3855  0.0798  0.1226  1.0000  0.1978  0.0693  0.3363  0.1800  0.4017  0.3627  0.5244  0.8716  0.1869  0.0113  0.0000  0.0396  0.0000  0.0000  0.0000
 0.0846  0.0000  0.0114  0.9053  0.4743  0.0083  0.0702  0.0246  0.0147  0.0542  0.0176  0.0084  0.2257  0.0407  0.0484  0.0255  1.0000  0.5585  0.0240  0.0047  0.0000  0.0145  0.0000  0.0000  0.0000
 0.0909  0.0000  0.0236  0.0274  0.0364  0.4988  0.0577  0.1287  0.3117  0.0388  0.1029  0.2519  0.0621  0.0273  0.0392  0.0464  0.2098  0.0522  1.0000  0.0247  0.0000  0.1339  0.0000  0.0000  0.0000
 0.1126  0.0000  0.0069  0.2210  1.0000  0.0102  0.0537  0.1239  0.2359  0.1536  0.0430  0.0333  0.0679  0.0480  0.1645  0.1113  0.1260  0.0778  0.0400  0.0038  0.0000  0.0111  0.0000  0.0000  0.0000
 0.4925  0.0000  0.0319  0.3996  1.0000  0.0299  0.2330  0.0726  0.1119  0.6305  0.3004  0.0866  0.3277  0.3784  0.4104  0.3513  0.4389  0.3429  0.1787  0.0103  0.0000  0.0227  0.0000  0.0000  0.0000
 0.1211  0.0000  0.0010  0.1284  1.0000  0.0017  0.0056  0.0035  0.0161  0.0148  0.0059  0.0021  0.0059  0.0096  0.0191  0.0041  0.0081  0.0090  0.1035  0.0007  0.0000  0.0018  0.0000  0.0000  0.0000
 1.0000  0.0000  0.0395  0.3274  0.6708  0.0713  0.2808  0.0883  0.1858  0.3834  0.1686  0.2546  0.3203  0.1463  0.2671  0.2227  0.3450  0.2586  0.3298  0.0209  0.0000  0.0873  0.0000  0.0000  0.0000
 0.6526  0.0000  0.0863  0.6411  0.0691  0.1371  0.0164  0.0224  0.6651  0.0705  0.8231  0.3150  0.0366  0.0977  0.0616  0.0452  0.0727  0.2923  1.0000  0.0184  0.0000  0.0277  0.0000  0.0000  0.0000
 0.4093  0.0000  0.0819  0.1150  0.1675  0.3199  0.3170  0.1652  0.5786  0.2496  1.0000  0.2594  0.1614  0.6770  0.2103  0.2215  0.3640  0.4541  0.3349  0.0680  0.0000  0.2757  0.0000  0.0000  0.0000
 0.0576  0.0000  0.0036  0.2215  0.2870  0.0073  0.0310  0.0266  0.0158  0.5232  0.0330  0.2894  0.0403  0.0346  0.1909  1.0000  0.0440  0.0445  0.0231  0.0046  0.0000  0.0129  0.0000  0.0000  0.0000
 0.6763  0.0000  0.0986  0.1441  0.7103  0.0586  0.0708  0.0419  0.4797  0.2058  0.3362  0.1074  0.2112  0.1501  0.1470  0.1157  0.2988  0.7641  1.0000  0.0138  0.0000  0.0311  0.0000  0.0000  0.0000
 0.3665  0.0000  0.0215  0.5239  1.0000  0.0335  0.1781  0.0629  0.0721  0.3037  0.1000  0.0371  0.1522  0.1574  0.2961  0.1298  0.2398  0.1742  0.1140  0.0125  0.0000  0.0389  0.0000  0.0000  0.0000
 0.0445  0.0000  0.0007  0.4185  1.0000  0.0041  0.0177  0.0110  0.0053  0.0452  0.0099  0.0041  0.0206  0.0270  0.9035  0.0122  0.0232  0.0196  0.0102  0.0019  0.0000  0.0720  0.0000  0.0000  0.0000
 0.0600  0.0000  0.0013  0.2128  1.0000  0.0056  0.2353  0.0161  0.0071  0.0611  0.0133  0.0054  0.0367  0.0366  0.1573  0.0170  0.0349  0.0274  0.0136  0.0027  0.0000  0.0082  0.0000  0.0000  0.0000
 0.4339  0.0000  0.0561  1.0000  0.7310  0.0727  0.6279  0.2050  0.0762  0.4644  0.1320  0.0480  0.9752  0.2221  0.3418  0.2408  0.6348  0.3567  0.1217  0.0269  0.0000  0.1208  0.0000  0.0000  0.0000
 1.0000  0.0000  0.2017  0.1523  0.1237  0.1166  0.5015  0.0676  0.0814  0.1377  0.1375  0.0591  0.3269  0.5280  0.1021  0.1018  0.7999  0.4246  0.1951  0.0275  0.0000  0.1004  0.0000  0.0000  0.0000
 1.0000  0.0000  0.0941  0.4583  0.4457  0.0482  0.6098  0.0707  0.0545  0.1928  0.1090  0.0463  0.2930  0.2738  0.1675  0.1056  0.5384  0.2208  0.1632  0.0218  0.0000  0.0552  0.0000  0.0000  0.0000
 0.6888  0.0000  0.0278  0.0077  0.0218  0.0537  0.0056  0.0076  0.2152  0.0231  0.5835  0.3308  0.0122  0.0318  0.0210  0.0153  0.0232  0.0928  1.0000  0.0070  0.0000  0.0098  0.0000  0.0000  0.0000
 0.0000  0.0000  0.0000  0.0000  0.0000  0.0000  1.0000  0.0000  0.0000  0.0000  0.0000  0.0000  0.0000  0.0000  0.0000  0.0000  0.0000  0.0000  0.0000  0.0000  0.0000  0.0000  0.0000  0.0000  0.0000
 0.0249  0.0000  0.0065  0.0031  0.0064  0.6844  0.0050  0.0049  0.3534  0.0084  1.0000  0.0816  0.0060  0.0104  0.0126  0.0084  0.0072  0.0147  0.0756  0.0099  0.0000  0.0173  0.0000  0.0000  0.0000
 0.0933  0.0000  0.0097  0.4757  0.4905  0.0112  1.0000  0.0449  0.0104  0.0953  0.0199  0.0079  0.2040  0.0571  0.0931  0.0379  0.1213  0.2898  0.0196  0.0055  0.0000  0.0230  0.0000  0.0000  0.0000
 0.2526  0.0000  0.0079  0.0021  0.0061  0.0077  0.0023  0.0017  0.0519  0.0062  0.2486  0.0122  0.0031  0.0089  0.0049  0.0038  0.0073  0.0272  1.0000  0.0011  0.0000  0.0020  0.0000  0.0000  0.0000
 0.0317  0.0000  0.0035  0.0184  0.0241  0.0034  0.0281  0.0052  0.0046  0.0218  0.0097  0.0028  0.0118  1.0000  0.1998  0.0165  0.0202  0.0123  0.0084  0.0024  0.0000  0.0036  0.0000  0.0000  0.0000
 0.0168  0.0000  0.0025  0.0106  0.0129  0.0020  0.0112  0.0036  0.0043  0.0169  0.0064  0.0023  0.0107  0.0080  1.0000  0.0128  0.0231  0.1145  0.0074  0.0011  0.0000  0.0024  0.0000  0.0000  0.0000
 0.0104  0.0000  0.0020  0.0325  0.0156  0.0019  0.0241  0.0077  0.0017  0.0178  0.0037  0.0012  0.2250  0.0075  1.0000  0.0119  0.0193  0.0099  0.0027  0.0011  0.0000  0.0041  0.0000  0.0000  0.0000
 0.0186  0.0000  0.0037  1.0000  0.0205  0.0029  0.2132  0.0112  0.0020  0.0161  0.0042  0.0014  0.0576  0.0123  0.0114  0.0088  0.0306  0.0125  0.0037  0.0018  0.0000  0.0062  0.0000  0.0000  0.0000
 1.0000  0.0000  0.0219  0.0112  0.0229  0.0110  0.0469  0.0060  0.0751  0.2521  0.0587  0.0191  0.0125  0.0364  0.0185  0.0234  0.0541  0.0662  0.5367  0.0027  0.0000  0.0057  0.0000  0.0000  0.0000
 0.0029  0.0000  0.0008  0.0004  0.0007  0.0063  0.0007  0.0004  1.0000  0.0010  0.1210  0.0072  0.0007  0.0010  0.0011  0.0009  0.0009  0.0021  0.0189  0.0008  0.0000  0.0013  0.0000  0.0000  0.0000
 0.0379  0.0000  0.0087  0.0080  0.0148  0.0771  0.0136  0.0083  0.1451  0.0242  1.0000  0.0955  0.0109  0.0175  0.2397  0.0216  0.0137  0.0218  0.0839  0.0098  0.0000  0.0112  0.0000  0.0000  0.0000
 0.0000  0.0000  0.0000  0.0000  0.0000  0.0000  0.0000  0.0000  0.0000  0.0000  0.0000  0.0000  0.0000  1.0000  0.0000  0.0000  0.0000  0.0000  0.0000  0.0000  0.0000  0.0000  0.0000  0.0000  0.0000
 0.0000  0.0000  0.0000  0.0000  1.0000  0.0000  0.0000  0.0000  0.0000  0.0000  0.0000  0.0000  0.0000  0.0000  0.0000  0.0000  0.0000  0.0000  0.0000  0.0000  0.0000  0.0000  0.0000  0.0000  0.0000
 0.0000  0.0000  0.0000  0.0000  0.0000  0.0000  0.0000  0.0000  0.0000  0.0000  0.0000  0.0000  0.0000  0.0000  0.0000  0.0000  0.0000  0.0000  0.0000  0.0000  0.0000  1.0000  0.0000  0.0000  0.0000
//
