ID   UNK_ID; MATRIX
AC   UNK_AC
DE   UNK_DE
MA   UNK_BL
  A   B   C   D   E   F   G   H   I   K   L   M   N   P   Q   R   S   T   V   W   X   Y   Z   *   -
 0.1698  0.0000  0.0365  0.0271  0.0492  0.1186  0.0346  0.0286  0.4602  0.0562  0.5422  1.0000  0.0344  0.0467  0.0448  0.0442  0.0600  0.1223  0.8928  0.0187  0.0000  0.0564  0.0000  0.0000  0.0000
 0.0000  0.0000  0.0000  0.0000  0.0000  0.0000  0.0000  0.0000  0.0000  0.0000  1.0000  0.0000  0.0000  0.0000  0.0000  0.0000  0.0000  0.0000  0.0000  0.0000  0.0000  0.0000  0.0000  0.0000  0.0000
 0.5404  0.0000  0.0510  0.5533  1.0000  0.1122  0.2561  0.1317  0.1923  0.5932  0.3394  0.1044  0.2963  0.2187  0.4307  0.3430  0.4317  0.3664  0.2784  0.0315  0.0000  0.1198  0.0000  0.0000  0.0000
 0.2919  0.0000  0.0519  0.1323  0.3271  0.1690  0.1923  0.2277  0.1487  1.0000  0.2868  0.0953  0.2318  0.1636  0.4198  0.8697  0.2492  0.2641  0.1950  0.1054  0.0000  0.2551  0.0000  0.0000  0.0000
 0.4393  0.0000  0.0215  0.0346  0.0484  0.0124  0.1089  0.0093  0.0235  0.0399  0.0347  0.0135  0.0267  1.0000  0.0272  0.0269  0.1123  0.0591  0.0582  0.0042  0.0000  0.0113  0.0000  0.0000  0.0000
 0.3830  0.0000  0.0572  0.6389  0.3561  0.0579  0.5127  0.1548  0.0683  0.3487  0.1164  0.0416  1.0000  0.8823  0.2157  0.2184  0.5336  0.3509  0.1190  0.0251  0.0000  0.0997  0.0000  0.0000  0.0000
 1.0000  0.0000  0.0603  0.0871  0.1270  0.0445  0.2230  0.0331  0.1317  0.1257  0.1343  0.0481  0.0837  0.1317  0.0862  0.0813  0.6863  0.2446  0.6775  0.0130  0.0000  0.0421  0.0000  0.0000  0.0000
 0.1808  0.0000  0.0326  0.0528  0.1356  0.1696  0.0900  0.0865  0.3117  0.4213  1.0000  0.1844  0.0979  0.0886  0.1801  0.4433  0.1146  0.1394  0.2462  0.0328  0.0000  0.0904  0.0000  0.0000  0.0000
 1.0000  0.0000  0.1551  0.3234  0.3214  0.0995  0.5171  0.1011  0.1383  0.2919  0.2034  0.0771  0.2824  0.2540  0.2029  0.1866  0.5913  0.3601  0.2887  0.0305  0.0000  0.1201  0.0000  0.0000  0.0000
 0.3049  0.0000  0.0367  0.0555  0.0551  0.0513  0.1565  0.0198  0.0810  0.0699  0.1755  1.0000  0.0659  0.0876  0.0460  0.0513  0.4149  0.2089  0.1115  0.0125  0.0000  0.0321  0.0000  0.0000  0.0000
 0.0597  0.0000  0.0088  0.0184  0.0139  0.0045  0.0273  0.0051  0.0106  0.0174  0.0118  0.0058  0.0270  1.0000  0.0125  0.0113  0.1698  0.2881  0.0202  0.0024  0.0000  0.0049  0.0000  0.0000  0.0000
 0.3094  0.0000  0.0588  0.0510  0.2289  0.0806  0.0318  0.0241  0.4218  0.0802  0.4263  0.6412  0.0370  0.0763  0.0619  0.0516  0.0738  0.2087  1.0000  0.0131  0.0000  0.0320  0.0000  0.0000  0.0000
 0.4377  0.0000  0.2055  0.0556  0.0480  0.0200  0.2339  0.0144  0.0296  0.0554  0.0495  0.0228  0.0629  1.0000  0.0386  0.0383  0.5637  0.1880  0.0852  0.0078  0.0000  0.0183  0.0000  0.0000  0.0000
 0.6659  0.0000  0.0711  0.1088  0.0932  0.0321  0.4539  0.0281  0.0565  0.1101  0.0818  0.0398  0.1418  0.1793  0.0789  0.0725  0.7044  1.0000  0.1340  0.0148  0.0000  0.0315  0.0000  0.0000  0.0000
 0.1617  0.0000  0.0067  0.5084  1.0000  0.0143  0.0864  0.0397  0.0243  0.1688  0.0426  0.0165  0.1103  0.1739  0.1812  0.0624  0.2660  0.0918  0.0428  0.0064  0.0000  0.0193  0.0000  0.0000  0.0000
 0.3557  0.0000  0.0810  0.9691  0.4425  0.1883  0.8251  0.3650  0.1160  0.3628  0.2475  0.0702  1.0000  0.2017  0.2695  0.2309  0.5670  0.2940  0.1599  0.0581  0.0000  0.3029  0.0000  0.0000  0.0000
 0.3700  0.0000  0.0597  0.1676  0.2381  0.0663  0.1387  0.0733  0.1550  0.3124  0.1960  0.1641  0.2013  0.2083  0.2767  0.2228  0.6097  1.0000  0.2638  0.0243  0.0000  0.0740  0.0000  0.0000  0.0000
 0.2479  0.0000  0.0225  0.4822  0.6408  0.0211  0.1337  0.0482  0.0567  0.2564  0.0847  0.0325  0.1924  1.0000  0.1927  0.1337  0.5592  0.7214  0.0897  0.0092  0.0000  0.0237  0.0000  0.0000  0.0000
 0.0675  0.0000  0.0093  0.0193  0.0173  0.0054  0.0341  0.0055  0.0139  0.0203  0.0161  0.0065  0.0242  1.0000  0.0134  0.0141  0.0860  0.3436  0.0280  0.0027  0.0000  0.0053  0.0000  0.0000  0.0000
 1.0000  0.0000  0.1206  0.1923  0.3115  0.1124  0.4829  0.1274  0.2305  0.6044  0.2937  0.1070  0.2389  0.8969  0.2898  0.5884  0.7478  0.6002  0.6703  0.0392  0.0000  0.1345  0.0000  0.0000  0.0000
 0.0263  0.0000  0.0061  0.0026  0.0055  0.0342  0.0039  0.0028  0.1155  0.0068  1.0000  0.0410  0.0043  0.0078  0.0074  0.0058  0.0065  0.0181  0.5010  0.0042  0.0000  0.0067  0.0000  0.0000  0.0000
 0.1150  0.0000  0.0232  0.0457  0.0311  0.0130  0.0335  0.0138  0.1586  0.0456  0.0376  0.0181  0.0814  0.0550  0.0350  0.0290  1.0000  0.6656  0.0688  0.0074  0.0000  0.0140  0.0000  0.0000  0.0000
 0.6437  0.0000  0.0693  0.2997  0.1869  0.0427  1.0000  0.0870  0.0495  0.3031  0.1006  0.0411  0.3467  0.1974  0.1549  0.4423  0.6942  0.2323  0.1230  0.0183  0.0000  0.0613  0.0000  0.0000  0.0000
 0.1571  0.0000  0.0327  0.0850  0.0485  0.0175  0.0591  0.1484  0.0471  0.0716  0.0446  0.0238  0.1418  0.0813  0.0538  0.0454  0.7747  1.0000  0.0746  0.0110  0.0000  0.0215  0.0000  0.0000  0.0000
 0.0575  0.0000  0.0068  0.0217  0.0319  0.0078  0.0562  0.0164  0.0114  0.0982  0.0255  0.0073  0.0254  1.0000  0.0374  0.3006  0.0383  0.0283  0.0184  0.0061  0.0000  0.0102  0.0000  0.0000  0.0000
 0.0125  0.0000  0.0046  0.0035  0.0041  0.0239  0.0914  0.0003  1.0000  0.0063  0.5086  0.0231  0.0042  0.0025  0.0022  0.0053  0.0063  0.0157  0.4674  0.0029  0.0000  0.0103  0.0000  0.0000  0.0000
 0.0000  0.0000  0.0000  0.0000  0.0000  0.0000  0.0000  0.0000  0.0000  0.0000  0.0000  0.0000  0.0000  1.0000  0.0000  0.0000  0.0000  0.0000  0.0000  0.0000  0.0000  0.0000  0.0000  0.0000  0.0000
 0.1767  0.0000  0.0384  0.0162  0.0342  0.1780  0.0247  0.0184  0.5289  0.0410  1.0000  0.2220  0.0268  0.0508  0.0445  0.0336  0.0504  0.1232  0.5098  0.0222  0.0000  0.0332  0.0000  0.0000  0.0000
 0.0251  0.0000  0.0026  0.0044  0.0036  0.0012  0.0150  0.0011  0.0015  0.0038  0.0030  0.0013  0.0043  1.0000  0.0025  0.0027  0.0829  0.0086  0.0045  0.0006  0.0000  0.0011  0.0000  0.0000  0.0000
 0.9193  0.0000  0.0560  0.4382  1.0000  0.0560  0.3219  0.1388  0.1350  0.9387  0.2255  0.0817  0.2918  0.2586  0.4802  0.9686  0.5107  0.5489  0.2388  0.0278  0.0000  0.0761  0.0000  0.0000  0.0000
 0.1652  0.0000  0.0544  0.0568  0.0789  0.2743  0.0913  0.4111  0.3822  0.0871  1.0000  0.6626  0.0873  0.0672  0.0936  0.1015  0.1124  0.1208  0.2264  0.0584  0.0000  0.7619  0.0000  0.0000  0.0000
 0.3919  0.0000  0.1015  0.2353  0.1980  0.7593  0.2528  0.4819  0.2559  0.2776  0.4529  0.1397  0.3273  0.1741  0.1990  0.2474  0.5922  1.0000  0.3285  0.0789  0.0000  0.3722  0.0000  0.0000  0.0000
 0.2091  0.0000  0.0345  0.6733  0.2173  0.0260  0.3591  0.1040  0.0261  0.1930  0.0447  0.0182  0.5373  0.1139  0.1262  0.3756  1.0000  0.2553  0.0483  0.0135  0.0000  0.0561  0.0000  0.0000  0.0000
 0.1996  0.0000  0.0421  0.8989  0.3135  0.0411  0.6097  0.2408  0.0275  0.2749  0.0546  0.0194  1.0000  0.1721  0.2115  0.1421  0.4720  0.1984  0.0437  0.0194  0.0000  0.0982  0.0000  0.0000  0.0000
 1.0000  0.0000  0.0184  0.0222  0.0244  0.0076  0.2851  0.0064  0.0090  0.3101  0.0199  0.0090  0.0214  0.0477  0.0190  0.0254  0.0975  0.0354  0.0310  0.0029  0.0000  0.0069  0.0000  0.0000  0.0000
 0.1865  0.0000  0.0099  0.3824  1.0000  0.0320  0.0793  0.1763  0.0392  0.2288  0.0673  0.0249  0.0918  0.1792  0.2921  0.1090  0.1172  0.1032  0.1076  0.0116  0.0000  0.0438  0.0000  0.0000  0.0000
 0.3521  0.0000  0.0439  0.2165  0.4043  0.0830  0.2098  0.3076  0.1237  0.9719  0.2243  0.0787  0.2943  0.7464  0.5506  1.0000  0.5959  0.5665  0.1751  0.0356  0.0000  0.1273  0.0000  0.0000  0.0000
 0.2407  0.0000  0.0237  0.0405  0.0278  0.0096  1.0000  0.0090  0.0108  0.0295  0.0230  0.0107  0.0423  0.1880  0.0201  0.0198  0.7968  0.0529  0.0382  0.0037  0.0000  0.0092  0.0000  0.0000  0.0000
 0.0833  0.0000  0.0216  0.0115  0.0223  0.2317  0.0183  0.0207  0.3626  0.0280  1.0000  0.2179  0.0208  0.0450  0.0383  0.0279  0.0266  0.0515  0.2257  0.0283  0.0000  0.0587  0.0000  0.0000  0.0000
 0.0170  0.0000  0.0032  0.0068  0.0043  0.0016  0.0063  0.0019  0.0043  0.0062  0.0042  0.0022  0.0116  0.0078  0.0047  0.0039  1.0000  0.2559  0.0072  0.0010  0.0000  0.0018  0.0000  0.0000  0.0000
 0.4068  0.0000  0.1007  0.0994  0.1420  0.3548  0.1567  0.2100  0.4759  0.1805  1.0000  0.2478  0.1485  0.1371  0.1546  0.1768  0.2710  0.3400  0.5748  0.0766  0.0000  0.3383  0.0000  0.0000  0.0000
 0.0135  0.0000  0.0013  0.0027  0.0185  0.0027  0.0096  0.0116  0.0056  1.0000  0.0132  0.0044  0.0129  0.1006  0.0310  0.3342  0.0110  0.0141  0.0075  0.0021  0.0000  0.0059  0.0000  0.0000  0.0000
 0.1447  0.0000  0.0143  0.0372  0.1937  0.0295  0.0952  0.1122  0.1346  1.0000  0.1361  0.0448  0.1296  0.1027  0.3937  0.8699  0.1182  0.1473  0.1100  0.0201  0.0000  0.0588  0.0000  0.0000  0.0000
 0.3942  0.0000  0.0727  0.1599  0.3513  0.1941  0.2465  0.2474  0.1678  1.0000  0.3094  0.1052  0.2611  0.1984  0.4223  0.8476  0.3154  0.3029  0.2326  0.0638  0.0000  0.2895  0.0000  0.0000  0.0000
 0.7779  0.0000  0.0570  0.6252  1.0000  0.0598  0.4143  0.1334  0.1915  0.9790  0.3117  0.1093  0.5293  0.2812  0.5981  0.5884  0.7672  0.5808  0.3078  0.0205  0.0000  0.0538  0.0000  0.0000  0.0000
 0.1417  0.0000  0.0175  0.1382  0.0506  0.0109  1.0000  0.1777  0.0088  0.0519  0.0184  0.0078  0.1588  0.1862  0.0342  0.0302  0.2649  0.0548  0.0240  0.0047  0.0000  0.0194  0.0000  0.0000  0.0000
 1.0000  0.0000  0.1302  0.2365  0.4463  0.1205  0.3289  0.0835  0.4525  0.3238  0.5694  0.1454  0.1833  0.2539  0.2312  0.1975  0.4917  0.4979  0.9247  0.0292  0.0000  0.0953  0.0000  0.0000  0.0000
 0.6200  0.0000  0.2033  0.2854  0.3226  0.6951  0.4050  0.5471  0.4107  0.3479  0.6628  0.2297  0.4302  0.2546  0.3315  0.3765  0.7076  0.7397  0.5529  0.1861  0.0000  1.0000  0.0000  0.0000  0.0000
 0.4979  0.0000  0.1667  0.2034  0.2783  0.6461  0.3179  0.5879  0.4178  0.3652  0.6118  0.2088  0.3117  0.2072  0.3068  0.7100  0.5290  0.5924  0.4759  0.1718  0.0000  1.0000  0.0000  0.0000  0.0000
 0.4854  0.0000  0.0985  0.2047  0.2539  0.2002  0.1961  0.1599  0.2250  0.2543  0.2744  0.1025  0.2663  0.2020  0.1991  0.1897  0.8091  1.0000  0.3773  0.0570  0.0000  0.2532  0.0000  0.0000  0.0000
 0.1106  0.0000  0.0229  0.0192  0.0446  0.1468  0.0370  0.0329  0.3064  0.1237  1.0000  0.1730  0.0391  0.0453  0.0678  0.1737  0.1325  0.0933  0.2077  0.0213  0.0000  0.0420  0.0000  0.0000  0.0000
 0.0679  0.0000  0.0122  0.0731  0.0511  0.0132  0.1049  0.2311  0.0151  0.0637  0.0319  0.0078  0.0664  1.0000  0.0340  0.0507  0.0605  0.0380  0.0230  0.0104  0.0000  0.0159  0.0000  0.0000  0.0000
 0.1183  0.0000  0.0173  0.0175  0.0227  0.0269  0.0432  0.0078  0.0729  0.0315  0.2705  0.0340  0.0231  1.0000  0.0209  0.0232  0.0880  0.1788  0.1061  0.0053  0.0000  0.0097  0.0000  0.0000  0.0000
 0.0489  0.0000  0.0048  0.0127  0.0673  0.0103  0.0353  0.1984  0.0203  0.5639  0.0473  0.0157  0.0485  0.1747  0.1096  1.0000  0.1275  0.0517  0.0271  0.0074  0.0000  0.0215  0.0000  0.0000  0.0000
 0.5851  0.0000  0.1647  0.2576  0.3059  0.6168  0.4671  0.5406  0.3552  0.4583  0.5960  0.2031  0.3726  0.7098  0.3338  0.5191  0.4398  0.3939  0.4614  0.1656  0.0000  1.0000  0.0000  0.0000  0.0000
 0.1396  0.0000  0.0126  0.0718  0.2789  0.0229  0.2608  0.0915  0.0478  1.0000  0.1074  0.0360  0.1275  0.9880  0.2515  0.7681  0.1184  0.1273  0.0664  0.0159  0.0000  0.0460  0.0000  0.0000  0.0000
 0.7203  0.0000  0.0355  0.1706  0.0689  0.0186  0.0860  0.0204  0.0555  0.0812  0.0562  0.0265  0.1122  0.0880  0.0597  0.0501  1.0000  0.7813  0.2602  0.0100  0.0000  0.0193  0.0000  0.0000  0.0000
 0.2378  0.0000  0.0181  0.2833  0.3247  0.0200  0.3364  0.0584  0.0621  1.0000  0.1075  0.0373  0.1835  0.0977  0.2756  0.5043  0.2344  0.3094  0.0929  0.0089  0.0000  0.0237  0.0000  0.0000  0.0000
 0.0622  0.0000  0.0072  0.0171  0.0097  0.0032  1.0000  0.0040  0.0050  0.0113  0.0076  0.0037  0.0213  0.0183  0.0080  0.0073  0.1952  0.2280  0.0126  0.0015  0.0000  0.0035  0.0000  0.0000  0.0000
 0.8319  0.0000  0.2209  0.2547  0.3391  0.6964  0.5059  0.5385  0.4040  0.3663  0.6725  0.2451  0.3470  0.2819  0.3340  0.3863  0.6126  0.4706  0.5474  0.1845  0.0000  1.0000  0.0000  0.0000  0.0000
 0.5968  0.0000  0.1732  0.2016  0.2690  0.6855  0.3214  0.5269  0.5496  0.2860  0.7089  0.2175  0.3002  0.2004  0.3262  0.3397  0.5165  0.3863  0.5940  0.2061  0.0000  1.0000  0.0000  0.0000  0.0000
 0.2726  0.0000  0.0106  0.0315  0.0476  0.0104  0.0406  0.0116  0.0830  0.0478  0.0298  0.0104  0.0840  1.0000  0.1147  0.0335  0.0581  0.0529  0.0515  0.0033  0.0000  0.0116  0.0000  0.0000  0.0000
 0.4823  0.0000  0.0669  0.2941  0.5545  0.0903  0.1640  0.0836  0.6349  0.3840  0.3644  0.0985  0.2184  0.1526  0.2535  0.2279  0.4073  0.4876  1.0000  0.0223  0.0000  0.0859  0.0000  0.0000  0.0000
 0.0943  0.0000  0.0212  0.6473  0.1378  0.0192  0.2998  0.1700  0.0122  0.1334  0.0244  0.0088  0.5455  0.0715  0.0883  0.1874  1.0000  0.1057  0.0195  0.0095  0.0000  0.0480  0.0000  0.0000  0.0000
 0.0554  0.0000  0.0057  0.0252  0.0765  0.0112  0.0471  0.0480  0.0221  0.4038  0.0519  0.0172  0.2118  0.2099  0.1226  1.0000  0.0511  0.0587  0.0295  0.0082  0.0000  0.0243  0.0000  0.0000  0.0000
 0.7149  0.0000  0.1465  0.2868  0.4229  0.3179  0.2443  0.2496  0.5680  0.4272  0.9676  0.1909  0.4388  0.2435  0.3541  0.3124  0.7025  1.0000  0.9749  0.0836  0.0000  0.3944  0.0000  0.0000  0.0000
 0.6892  0.0000  0.1840  0.8633  0.6435  0.6660  0.7239  0.5878  0.3787  0.5810  0.6396  0.2155  1.0000  0.3181  0.4814  0.4697  0.7986  0.5978  0.4957  0.1687  0.0000  0.8963  0.0000  0.0000  0.0000
 0.5147  0.0000  0.0599  0.5535  0.4740  0.0750  0.3665  0.1223  0.1001  0.4403  0.3527  0.0621  0.3971  1.0000  0.2727  0.3964  0.6488  0.4297  0.1671  0.0268  0.0000  0.1031  0.0000  0.0000  0.0000
 0.3428  0.0000  0.0754  0.7882  0.3687  0.1684  0.6180  0.3118  0.1448  0.5716  0.3131  0.0898  1.0000  0.2727  0.3053  0.4224  0.5532  0.3360  0.1800  0.0540  0.0000  0.2549  0.0000  0.0000  0.0000
 0.0483  0.0000  0.0045  0.0150  0.0662  0.0092  0.0832  0.0359  0.0190  0.4582  0.1349  0.0143  0.0436  0.0336  0.1495  1.0000  0.0411  0.1260  0.0257  0.0064  0.0000  0.0185  0.0000  0.0000  0.0000
 0.2010  0.0000  0.0397  0.0859  0.0795  0.0332  0.0585  0.0314  0.1627  0.1054  0.1502  0.0391  0.1368  0.0922  0.4022  0.0689  0.9458  1.0000  0.1465  0.0141  0.0000  0.0342  0.0000  0.0000  0.0000
 0.7382  0.0000  0.1105  0.4843  0.7335  0.1872  0.3545  0.2092  0.3071  0.7797  0.3782  0.1365  0.4734  0.3657  0.5574  0.5335  0.9715  1.0000  0.3923  0.0575  0.0000  0.2418  0.0000  0.0000  0.0000
 0.2146  0.0000  0.0408  0.6282  0.2630  0.0456  0.7340  0.2434  0.0441  0.2629  0.0733  0.0272  0.7979  0.1317  0.3006  0.1474  1.0000  0.3494  0.0673  0.0193  0.0000  0.0897  0.0000  0.0000  0.0000
 0.5746  0.0000  0.1781  0.2177  0.3061  0.7011  0.3420  0.7247  0.4020  0.4277  0.8042  0.2253  0.3252  0.2173  0.3296  0.4656  0.4219  0.4793  0.5606  0.6561  0.0000  1.0000  0.0000  0.0000  0.0000
 0.8638  0.0000  0.1843  0.7080  0.7860  0.5772  0.6215  0.5479  0.4156  0.7942  0.6840  0.2339  0.7848  0.3588  0.5838  0.5958  1.0000  0.9085  0.5602  0.1588  0.0000  0.8166  0.0000  0.0000  0.0000
 1.0000  0.0000  0.1090  0.3643  0.3683  0.0559  0.5997  0.0869  0.0869  0.3367  0.1451  0.0647  0.3537  0.3892  0.2900  0.2288  0.9436  0.7010  0.2098  0.0264  0.0000  0.0669  0.0000  0.0000  0.0000
 0.4815  0.0000  0.1067  0.0926  0.1244  0.3902  0.2390  0.1814  0.4072  0.1382  1.0000  0.2442  0.1311  0.1697  0.1367  0.1450  0.2883  0.2504  0.4037  0.0812  0.0000  0.3539  0.0000  0.0000  0.0000
 0.2365  0.0000  0.0273  0.1519  0.3074  0.0548  0.1805  0.1837  0.0848  1.0000  0.1775  0.0601  0.2475  0.2183  0.4921  0.8598  0.3843  0.2490  0.1175  0.0288  0.0000  0.0975  0.0000  0.0000  0.0000
 0.3096  0.0000  0.0067  0.0169  0.0305  0.0070  0.0396  0.0893  0.0098  0.0906  0.0198  0.0072  0.0243  1.0000  0.0348  0.1485  0.0400  0.0269  0.0185  0.0033  0.0000  0.0107  0.0000  0.0000  0.0000
 0.5826  0.0000  0.1813  0.2691  0.3765  0.7173  0.3672  0.6074  0.4238  0.3902  0.7193  0.2303  0.3807  0.2318  0.3874  0.4807  0.5091  0.4693  0.5284  0.1855  0.0000  1.0000  0.0000  0.0000  0.0000
 0.7673  0.0000  0.1944  0.3921  0.5619  0.7023  0.4454  0.5708  0.4468  0.5984  0.7558  0.2507  0.4806  0.2968  0.4739  0.5601  0.7280  0.6907  0.5867  0.1876  0.0000  1.0000  0.0000  0.0000  0.0000
 0.2120  0.0000  0.0434  0.0185  0.0387  0.0417  0.0160  0.0922  0.9647  0.0428  0.1727  0.0513  0.0278  0.0501  0.0327  0.0300  0.2906  0.1722  1.0000  0.0088  0.0000  0.0317  0.0000  0.0000  0.0000
 0.1098  0.0000  0.0042  0.0108  0.1484  0.0021  0.0131  0.0024  0.0050  0.0092  0.0057  0.0028  0.0127  0.0110  0.0073  0.0055  1.0000  0.1559  0.0094  0.0011  0.0000  0.0022  0.0000  0.0000  0.0000
 0.4414  0.0000  0.1258  0.8003  0.3549  0.4710  0.6642  0.4171  0.2138  0.3734  0.3551  0.1232  1.0000  0.2560  0.2912  0.2940  0.7225  0.4938  0.2841  0.1047  0.0000  0.5531  0.0000  0.0000  0.0000
 0.4940  0.0000  0.1153  0.2155  0.2905  0.3375  0.2510  0.2767  0.2538  0.4572  0.4280  0.1400  0.3149  0.2573  0.2894  0.5701  0.7865  1.0000  0.3496  0.0925  0.0000  0.4462  0.0000  0.0000  0.0000
 1.0000  0.0000  0.1317  0.1330  0.1094  0.0394  0.5976  0.0293  0.0454  0.1157  0.0964  0.0445  0.1264  0.2704  0.0794  0.0787  0.6079  0.2030  0.1589  0.0146  0.0000  0.0355  0.0000  0.0000  0.0000
 0.2055  0.0000  0.0027  0.6436  0.9768  0.0114  0.0516  0.0304  0.0169  0.2470  0.0308  0.0124  0.0588  1.0000  0.1636  0.0402  0.0719  0.0605  0.0316  0.0053  0.0000  0.0151  0.0000  0.0000  0.0000
 1.0000  0.0000  0.2024  0.5073  0.7540  0.7490  0.5072  0.5866  0.5181  0.7369  0.8351  0.2703  0.5650  0.3399  0.6172  0.5946  0.8773  0.7653  0.6523  0.1890  0.0000  0.9936  0.0000  0.0000  0.0000
 0.0905  0.0000  0.0178  0.0639  0.0360  0.0293  0.0644  0.0312  0.0269  0.0432  0.0371  0.0149  0.2552  0.0739  0.0325  0.0320  1.0000  0.1865  0.1157  0.0096  0.0000  0.0910  0.0000  0.0000  0.0000
 0.7007  0.0000  0.0511  0.5819  1.0000  0.0489  0.3520  0.1147  0.1746  0.8730  0.2802  0.1256  0.4759  0.3007  0.5445  0.4860  0.7348  0.5864  0.2661  0.0170  0.0000  0.0394  0.0000  0.0000  0.0000
 0.5109  0.0000  0.1017  0.0564  0.1192  0.1007  0.0496  0.0579  0.4958  0.1860  0.4663  0.1306  0.0874  0.1406  0.1102  0.1426  0.2073  0.5028  1.0000  0.0221  0.0000  0.0714  0.0000  0.0000  0.0000
 1.0000  0.0000  0.1646  0.1799  0.2272  0.4099  0.5497  0.2962  0.2762  0.2535  0.5124  0.1644  0.2319  0.3416  0.2173  0.2527  0.6281  0.4269  0.4242  0.1091  0.0000  0.5571  0.0000  0.0000  0.0000
 0.8519  0.0000  0.0675  0.5800  0.9136  0.0617  0.3876  0.1298  0.1925  0.9154  0.3015  0.1094  0.4963  0.3329  0.7154  0.6164  1.0000  0.8648  0.2981  0.0237  0.0000  0.0581  0.0000  0.0000  0.0000
 0.0000  0.0000  0.0000  0.0000  0.0000  0.0000  0.0000  0.0000  0.0000  0.0000  0.0000  0.0000  0.0000  0.0000  0.0000  0.0000  1.0000  0.0000  0.0000  0.0000  0.0000  0.0000  0.0000  0.0000  0.0000
 0.1848  0.0000  0.0028  0.0264  0.1449  0.0044  0.0204  0.0154  0.0094  0.1978  0.0197  0.0068  0.0230  1.0000  0.0476  0.1892  0.0269  0.0259  0.0141  0.0027  0.0000  0.0078  0.0000  0.0000  0.0000
 0.8283  0.0000  0.1563  0.2383  0.3385  0.5365  0.5372  0.3563  0.7876  0.3470  1.0000  0.2841  0.2839  0.2488  0.2925  0.3177  0.5360  0.4087  0.8473  0.1297  0.0000  0.6445  0.0000  0.0000  0.0000
 0.4383  0.0000  0.0754  0.4855  0.6387  0.1279  0.2656  0.1458  0.1266  0.2930  0.1735  0.0714  0.3948  0.2155  0.2564  0.1777  0.8457  1.0000  0.1950  0.0447  0.0000  0.2128  0.0000  0.0000  0.0000
 0.6558  0.0000  0.0951  1.0000  0.6844  0.2371  0.3651  0.2286  0.2830  0.6355  0.6205  0.1971  0.7116  0.2510  0.4386  0.4069  0.8133  0.6588  0.4310  0.0643  0.0000  0.2952  0.0000  0.0000  0.0000
 0.0322  0.0000  0.0023  0.0480  0.1420  0.0025  0.0186  0.0063  0.0037  0.0260  0.0066  0.0027  0.0174  1.0000  0.1703  0.0124  0.2134  0.0190  0.0075  0.0012  0.0000  0.0036  0.0000  0.0000  0.0000
 0.0805  0.0000  0.0158  0.0391  0.0317  0.0091  0.0256  0.0113  0.0249  0.0427  0.0248  0.0126  0.1139  0.1485  0.0309  0.0845  1.0000  0.7508  0.0991  0.0054  0.0000  0.0105  0.0000  0.0000  0.0000
 0.3295  0.0000  0.0293  0.1987  0.4326  0.0512  0.1874  0.1380  0.1074  1.0000  0.2119  0.0697  0.2460  0.1634  0.4218  0.7791  0.3157  0.2847  0.1579  0.0251  0.0000  0.0790  0.0000  0.0000  0.0000
 0.1288  0.0000  0.0170  0.2953  0.1206  0.0122  0.3614  0.0450  0.0114  0.0824  0.0221  0.0088  0.2329  1.0000  0.2482  0.0426  0.5067  0.0757  0.0248  0.0057  0.0000  0.0244  0.0000  0.0000  0.0000
 0.6738  0.0000  0.0492  0.5923  1.0000  0.0565  0.3772  0.1188  0.1695  0.8308  0.2906  0.1005  0.4383  0.2496  0.5506  0.4907  0.6451  0.5066  0.2575  0.0188  0.0000  0.0523  0.0000  0.0000  0.0000
 0.0152  0.0000  0.0029  0.0065  0.0042  0.0015  0.0054  0.0020  0.0042  0.0071  0.0041  0.0022  0.0113  0.0074  0.0049  0.0535  1.0000  0.2656  0.0068  0.0010  0.0000  0.0018  0.0000  0.0000  0.0000
 0.6080  0.0000  0.1821  0.2450  0.4119  0.8046  0.4067  0.6504  0.4243  0.9609  0.7277  0.2461  0.4209  0.3050  0.5160  0.9572  0.5100  0.5360  0.5469  0.1921  0.0000  1.0000  0.0000  0.0000  0.0000
 0.3007  0.0000  0.0180  0.0595  0.1604  1.0000  0.0814  0.0160  0.0346  0.0418  0.0648  0.0193  0.0278  0.0464  0.0371  0.0257  0.0823  0.0468  0.0598  0.0138  0.0000  0.0534  0.0000  0.0000  0.0000
 0.2059  0.0000  0.0148  0.1689  0.8806  0.0150  0.1061  0.0397  0.0523  0.6576  0.0872  0.0304  0.2741  0.0788  1.0000  0.5071  0.5619  0.1587  0.0791  0.0059  0.0000  0.0141  0.0000  0.0000  0.0000
 0.0537  0.0000  0.0063  0.0319  0.0288  0.0039  0.0389  0.0081  0.0060  0.0296  0.0105  0.0042  0.0318  0.0195  1.0000  0.0207  0.2618  0.0429  0.0126  0.0020  0.0000  0.0054  0.0000  0.0000  0.0000
 0.5243  0.0000  0.2629  0.6969  0.2956  0.0746  0.6108  0.1879  0.0902  0.4350  0.1365  0.0567  0.8945  0.2450  0.2473  0.3539  1.0000  0.8232  0.1575  0.0342  0.0000  0.1297  0.0000  0.0000  0.0000
 0.0046  0.0000  0.0024  0.0008  0.0012  1.0000  0.0010  0.0001  0.0100  0.0001  0.0243  0.0049  0.0001  0.0019  0.0001  0.0001  0.0032  0.0029  0.0091  0.5274  0.0000  0.0887  0.0000  0.0000  0.0000
 0.0868  0.0000  0.0070  0.0520  0.4753  0.0111  0.0509  0.1090  0.0278  1.0000  0.0566  0.0191  0.0679  0.0472  0.6628  0.3511  0.0780  0.2884  0.0394  0.0069  0.0000  0.0192  0.0000  0.0000  0.0000
 0.0355  0.0000  0.0038  0.0207  0.0482  0.0068  0.0315  0.0291  0.0135  0.9097  0.0312  0.0104  0.2555  0.0262  0.0736  1.0000  0.2409  0.0387  0.0183  0.0049  0.0000  0.0147  0.0000  0.0000  0.0000
 0.0807  0.0000  0.0218  0.0133  0.0213  0.1772  0.0374  0.0122  0.7919  0.0299  1.0000  0.2069  0.0209  0.0279  0.0311  0.0280  0.0302  0.0583  0.6455  0.0212  0.0000  0.0376  0.0000  0.0000  0.0000
 1.0000  0.0000  0.0942  0.3361  0.5142  0.0618  0.5399  0.0909  0.1212  0.5888  0.2165  0.0825  0.2931  0.2886  0.3392  0.3823  0.6698  0.3905  0.2410  0.0222  0.0000  0.0624  0.0000  0.0000  0.0000
 0.1561  0.0000  0.0175  0.0274  0.1984  0.0665  0.1022  0.1276  0.1288  1.0000  0.3737  0.0958  0.1387  0.1155  0.3368  0.8434  0.1197  0.1589  0.1200  0.0264  0.0000  0.0694  0.0000  0.0000  0.0000
 0.0053  0.0000  0.0014  0.0007  0.0013  0.0135  0.0011  0.0010  0.2961  0.0018  1.0000  0.0164  0.0013  0.0021  0.0026  0.0017  0.0015  0.0032  0.0181  0.0016  0.0000  0.0019  0.0000  0.0000  0.0000
 0.0000  0.0000  0.0000  0.0000  0.0000  0.0000  1.0000  0.0000  0.0000  0.0000  0.0000  0.0000  0.0000  0.0000  0.0000  0.0000  0.0000  0.0000  0.0000  0.0000  0.0000  0.0000  0.0000  0.0000  0.0000
 0.0596  0.0000  0.0063  0.0294  0.3697  0.0160  0.0407  0.4157  0.0248  0.3417  0.0559  0.1611  0.0542  0.0431  0.1230  1.0000  0.0478  0.0581  0.0332  0.0091  0.0000  0.0298  0.0000  0.0000  0.0000
 0.0000  0.0000  0.0000  0.0000  0.0000  0.0000  1.0000  0.0000  0.0000  0.0000  0.0000  0.0000  0.0000  0.0000  0.0000  0.0000  0.0000  0.0000  0.0000  0.0000  0.0000  0.0000  0.0000  0.0000  0.0000
 0.0116  0.0000  0.0022  0.0046  0.0029  0.0011  0.0041  0.0013  0.0030  0.0042  0.0029  0.0016  0.0080  0.0054  0.0033  0.0027  1.0000  0.2881  0.0050  0.0007  0.0000  0.0013  0.0000  0.0000  0.0000
 0.0025  0.0000  0.0013  0.0004  0.0006  1.0000  0.0004  0.0000  0.0054  0.0000  0.0131  0.0026  0.0000  0.0010  0.0000  0.0000  0.0017  0.0016  0.0050  0.0122  0.0000  0.3575  0.0000  0.0000  0.0000
 0.0000  0.0000  0.0000  0.0000  0.0000  0.0000  1.0000  0.0000  0.0000  0.0000  0.0000  0.0000  0.0000  0.0000  0.0000  0.0000  0.0000  0.0000  0.0000  0.0000  0.0000  0.0000  0.0000  0.0000  0.0000
 0.0378  0.0000  0.0010  0.1879  1.0000  0.0037  0.0207  0.3817  0.0045  0.0392  0.0084  0.0034  0.0272  0.0233  0.0492  0.0113  0.0236  0.0178  0.0086  0.0017  0.0000  0.0055  0.0000  0.0000  0.0000
 0.0000  0.0000  0.0000  0.0000  0.0000  0.0000  0.0000  0.0000  0.0000  0.0000  0.0000  0.0000  0.0000  0.0000  0.0000  0.0000  0.0000  0.0000  1.0000  0.0000  0.0000  0.0000  0.0000  0.0000  0.0000
 0.0044  0.0000  0.0023  0.0007  0.0011  0.9395  0.0008  0.0000  0.0096  0.0000  0.0232  0.0046  0.0000  0.0017  0.0000  0.0000  0.0031  0.0028  0.0088  0.0216  0.0000  1.0000  0.0000  0.0000  0.0000
 0.2570  0.0000  0.0376  0.0512  0.2287  0.1067  0.1085  0.1273  0.2690  1.0000  0.6006  0.1417  0.1462  0.1349  0.3658  0.7647  0.1445  0.2228  0.3537  0.0309  0.0000  0.0789  0.0000  0.0000  0.0000
 1.0000  0.0000  0.1150  0.1262  0.1157  0.0686  0.6289  0.0362  0.2175  0.1258  0.1949  0.0628  0.1080  0.2720  0.0851  0.1016  0.5049  0.1973  0.3637  0.0284  0.0000  0.0545  0.0000  0.0000  0.0000
 0.3052  0.0000  0.0595  0.0763  0.2601  0.2055  0.1719  0.2249  0.2411  1.0000  0.4751  0.1364  0.1979  0.1630  0.3868  0.8673  0.2103  0.2623  0.3060  0.0605  0.0000  0.2545  0.0000  0.0000  0.0000
 0.0676  0.0000  0.0158  0.6298  0.0952  0.0131  0.2227  0.0670  0.0075  0.0896  0.0150  0.0056  1.0000  0.0523  0.0606  0.0455  0.9905  0.0843  0.0126  0.0068  0.0000  0.0341  0.0000  0.0000  0.0000
 0.1465  0.0000  0.0143  0.0343  0.1926  0.0295  0.1002  0.1162  0.0595  1.0000  0.2195  0.0455  0.1335  0.1062  0.3102  0.8683  0.2207  0.1534  0.0796  0.0208  0.0000  0.0601  0.0000  0.0000  0.0000
 0.0751  0.0000  0.0050  0.3043  1.0000  0.0072  0.0409  0.0189  0.0122  0.0704  0.0187  0.0079  0.0593  0.0425  0.0788  0.0251  0.2350  0.2848  0.0214  0.0036  0.0000  0.0101  0.0000  0.0000  0.0000
 0.0354  0.0000  0.0061  1.0000  0.0450  0.0048  0.0710  0.0207  0.0040  0.0338  0.0073  0.0029  0.1088  0.0208  0.0237  0.1073  0.4853  0.0391  0.0075  0.0025  0.0000  0.0109  0.0000  0.0000  0.0000
 0.0093  0.0000  0.0017  0.0241  0.0075  0.0013  1.0000  0.0052  0.0008  0.0074  0.0017  0.0006  0.1470  0.0053  0.0049  0.0041  0.0150  0.0060  0.0017  0.0007  0.0000  0.0028  0.0000  0.0000  0.0000
 0.2289  0.0000  0.0761  0.1599  0.4893  0.0400  0.1556  0.1395  0.0740  1.0000  0.1615  0.0545  0.1952  0.1447  0.3877  0.9165  0.1840  0.1942  0.1067  0.0251  0.0000  0.0762  0.0000  0.0000  0.0000
 0.0258  0.0000  0.0067  0.0032  0.0067  0.2201  0.0053  0.0055  0.1295  0.0090  1.0000  0.5984  0.0065  0.0109  0.1676  0.0091  0.0074  0.0150  0.0711  0.0082  0.0000  0.0092  0.0000  0.0000  0.0000
 0.1275  0.0000  0.1079  0.0553  0.0382  1.0000  0.1177  0.0245  0.1188  0.0174  0.2646  0.0586  0.0397  0.0544  0.0219  0.0318  0.0794  0.0679  0.1273  0.2250  0.0000  0.9447  0.0000  0.0000  0.0000
 1.0000  0.0000  0.0000  0.0000  0.0000  0.0000  0.0000  0.0000  0.0000  0.0000  0.0000  0.0000  0.0000  0.0000  0.0000  0.0000  0.0000  0.0000  0.0000  0.0000  0.0000  0.0000  0.0000  0.0000  0.0000
 0.0237  0.0000  0.0054  0.0020  0.0043  0.0129  0.0023  0.0011  0.1544  0.0050  0.0728  0.5338  0.0028  0.0053  0.0035  0.0035  0.0049  0.0184  1.0000  0.0016  0.0000  0.0040  0.0000  0.0000  0.0000
 0.0000  0.0000  0.0000  0.0000  0.0000  0.0000  0.0000  0.0000  0.0000  1.0000  0.0000  0.0000  0.0000  0.0000  0.0000  0.0000  0.0000  0.0000  0.0000  0.0000  0.0000  0.0000  0.0000  0.0000  0.0000
 0.2215  0.0000  0.0201  0.1861  0.7032  0.0425  0.1225  0.1234  0.2137  0.8950  0.1907  0.0594  0.1521  0.1396  0.3618  1.0000  0.1506  0.1821  0.1486  0.0234  0.0000  0.0667  0.0000  0.0000  0.0000
 0.9773  0.0000  0.1422  0.1838  0.1681  0.5539  0.4555  0.0915  0.4605  0.2067  0.4410  0.1327  0.2412  0.2845  0.1454  0.1539  1.0000  0.8840  0.7626  0.1294  0.0000  0.5139  0.0000  0.0000  0.0000
 0.3544  0.0000  0.0694  0.0316  0.0728  0.0461  0.0230  0.0262  0.3519  0.3615  0.2681  0.4023  0.0542  0.0892  0.0691  0.0916  0.1464  0.8190  1.0000  0.0102  0.0000  0.0228  0.0000  0.0000  0.0000
 0.5780  0.0000  0.1160  0.3996  0.4966  0.3522  0.4201  0.3660  0.3369  1.0000  0.7406  0.2076  0.5195  0.2793  0.5079  0.8299  0.7301  0.6902  0.3901  0.1009  0.0000  0.4503  0.0000  0.0000  0.0000
 0.5555  0.0000  0.1831  0.2296  0.3021  0.7170  0.3541  0.5451  0.4287  0.3262  0.7403  0.2413  0.3292  0.2242  0.3140  0.3715  0.4344  0.4189  0.5369  0.1863  0.0000  1.0000  0.0000  0.0000  0.0000
 0.2769  0.0000  0.0609  0.2885  0.1490  1.0000  0.1953  0.1321  0.2284  0.1212  0.6718  0.1391  0.1990  0.1061  0.1118  0.1051  0.4087  0.2329  0.2146  0.0711  0.0000  0.3078  0.0000  0.0000  0.0000
 0.5923  0.0000  0.0468  0.7647  0.4699  0.0339  0.3845  0.0926  0.0413  0.3089  0.0823  0.0325  0.3600  0.1726  0.2004  1.0000  0.3564  0.1822  0.0952  0.0161  0.0000  0.0545  0.0000  0.0000  0.0000
 0.0484  0.0000  0.0089  0.5830  0.0572  0.0071  1.0000  0.0342  0.0045  0.2264  0.0094  0.0035  0.1846  0.0298  0.0338  0.0255  0.2740  0.0388  0.0086  0.0036  0.0000  0.0175  0.0000  0.0000  0.0000
 0.1491  0.0000  0.0108  0.1791  1.0000  0.0096  0.0813  0.0202  0.0129  0.0773  0.0237  0.0101  0.0559  0.9233  0.0856  0.0297  0.2806  0.0654  0.0303  0.0044  0.0000  0.0122  0.0000  0.0000  0.0000
 0.0781  0.0000  0.0080  0.0323  0.0871  0.0110  0.0457  0.0363  0.0254  1.0000  0.0486  0.0166  0.0537  0.0419  0.3169  0.2211  0.1974  0.0765  0.1695  0.0068  0.0000  0.0194  0.0000  0.0000  0.0000
 0.1470  0.0000  0.0083  0.7391  1.0000  0.0180  0.1312  0.0557  0.0184  0.1555  0.0345  0.0138  0.1911  0.0919  0.1797  0.0514  0.2103  0.0829  0.0339  0.0082  0.0000  0.1812  0.0000  0.0000  0.0000
 0.1803  0.0000  0.0735  0.0367  0.0340  0.0104  0.1040  0.0158  0.0163  0.0820  0.0290  0.0123  0.0496  0.0532  0.0373  1.0000  0.4240  0.1067  0.0391  0.0049  0.0000  0.0127  0.0000  0.0000  0.0000
 1.0000  0.0000  0.0051  0.0994  0.3160  0.0057  0.0332  0.0116  0.0122  0.0564  0.0179  0.0070  0.0263  0.0322  0.1913  0.0253  0.0504  0.1449  0.0248  0.0025  0.0000  0.0066  0.0000  0.0000  0.0000
 0.0311  0.0000  0.0028  0.0117  0.4765  0.0060  0.0210  0.0251  0.0124  0.8316  0.0288  0.0096  0.0286  0.0233  0.5469  1.0000  0.0252  0.0315  0.0166  0.0044  0.0000  0.0126  0.0000  0.0000  0.0000
 0.0491  0.0000  0.0046  0.0119  0.0683  0.0097  0.0344  0.0411  0.0202  1.0000  0.0471  0.0156  0.0470  0.0370  0.8030  0.6153  0.2495  0.0517  0.0270  0.0072  0.0000  0.0206  0.0000  0.0000  0.0000
 0.0038  0.0000  0.0010  0.0005  0.0010  0.0097  0.0008  0.0007  0.1343  0.0013  1.0000  0.0119  0.0009  0.0016  0.0019  0.0013  0.0011  0.0023  0.0116  0.0012  0.0000  0.0014  0.0000  0.0000  0.0000
 0.8902  0.0000  0.0435  0.4673  1.0000  0.0460  0.6945  0.0920  0.1292  0.6265  0.2111  0.1299  0.3327  0.2078  0.5466  0.3528  0.5198  0.5352  0.2033  0.0156  0.0000  0.0433  0.0000  0.0000  0.0000
 0.0132  0.0000  0.0003  0.0349  1.0000  0.0012  0.0053  0.0033  0.0017  0.0143  0.0031  0.0013  0.0058  0.0080  0.5411  0.0047  0.0068  0.0059  0.0031  0.0006  0.0000  0.0017  0.0000  0.0000  0.0000
 0.6694  0.0000  0.0950  0.1984  0.4948  0.0539  0.1386  0.0335  0.4001  0.1443  0.2969  0.0942  0.0667  0.1659  0.1374  0.0685  0.1931  0.3285  1.0000  0.0124  0.0000  0.0271  0.0000  0.0000  0.0000
 0.8651  0.0000  0.2091  0.2571  0.3690  0.7192  0.5383  0.5731  0.5477  0.6478  0.8227  0.2666  0.3931  0.3158  0.4228  0.6398  0.6090  0.5144  0.6738  0.1932  0.0000  1.0000  0.0000  0.0000  0.0000
 0.6625  0.0000  0.0536  0.6032  0.7549  0.0529  0.6420  0.1510  0.1435  0.9905  0.2448  0.0860  0.6846  0.2482  0.4967  0.7402  1.0000  0.4719  0.2216  0.0220  0.0000  0.0668  0.0000  0.0000  0.0000
 0.4333  0.0000  0.1456  0.1621  0.2209  0.6172  0.2598  0.4957  0.4626  0.2472  1.0000  0.2698  0.2451  0.1730  0.2453  0.2875  0.3188  0.3281  0.5113  0.1508  0.0000  0.8049  0.0000  0.0000  0.0000
 0.2910  0.0000  0.0310  0.4385  0.9636  0.1919  0.1346  0.0622  0.3360  0.2382  1.0000  0.2138  0.1030  0.1564  0.2544  0.1180  0.1379  0.1398  0.2535  0.0347  0.0000  0.0622  0.0000  0.0000  0.0000
 0.2058  0.0000  0.0166  0.1493  0.5853  0.0280  0.1276  0.1059  0.0646  1.0000  0.1356  0.0460  0.1700  0.1201  0.3190  0.7191  0.4765  0.1837  0.0918  0.0181  0.0000  0.0512  0.0000  0.0000  0.0000
 0.1278  0.0000  0.0322  0.0187  0.0366  0.1955  0.0300  0.0340  0.5420  0.0592  1.0000  0.2200  0.0327  0.0437  0.0520  0.0552  0.0427  0.0892  0.4580  0.0270  0.0000  0.0621  0.0000  0.0000  0.0000
 0.6001  0.0000  0.1866  0.2679  0.3013  0.7176  0.4243  0.5557  0.4250  0.3287  0.7604  0.2433  0.3788  0.2345  0.3153  0.3711  0.4843  0.4294  0.5284  0.1868  0.0000  1.0000  0.0000  0.0000  0.0000
 0.5123  0.0000  0.0408  0.4059  0.7789  0.0595  0.3667  0.1446  0.1354  1.0000  0.2439  0.0846  0.3386  0.2751  0.7306  0.7834  0.4580  0.3839  0.2292  0.0257  0.0000  0.0793  0.0000  0.0000  0.0000
 0.0000  0.0000  0.0000  0.0000  0.0000  0.0000  0.0000  1.0000  0.0000  0.0000  0.0000  0.0000  0.0000  0.0000  0.0000  0.0000  0.0000  0.0000  0.0000  0.0000  0.0000  0.0000  0.0000  0.0000  0.0000
 0.0386  0.0000  0.0010  0.0952  0.4318  0.0035  0.0161  0.0094  0.0048  0.0414  0.0091  0.0036  0.0170  1.0000  0.1763  0.0150  0.0205  0.0171  0.0092  0.0017  0.0000  0.0048  0.0000  0.0000  0.0000
 0.2043  0.0000  0.1758  0.2346  0.1470  0.2347  0.2298  0.3022  0.1334  0.1944  0.2242  0.0762  1.0000  0.0985  0.1440  0.2520  0.2264  0.1709  0.1716  0.0642  0.0000  0.4613  0.0000  0.0000  0.0000
 0.1464  0.0000  0.8738  0.0200  0.0258  0.0670  0.0485  0.0113  1.0000  0.0246  0.2559  0.0607  0.0198  0.0395  0.0220  0.0226  0.0452  0.0912  0.3439  0.0147  0.0000  0.0342  0.0000  0.0000  0.0000
 0.0055  0.0000  0.0017  0.0011  0.0015  0.0075  0.0021  0.0002  0.3614  0.0021  0.3623  0.0075  0.0014  0.0012  0.0009  0.0017  0.0021  0.0059  1.0000  0.0009  0.0000  0.0031  0.0000  0.0000  0.0000
 0.0652  0.0000  0.0068  0.0299  0.0705  0.0105  0.2062  0.0417  0.0193  0.3010  0.0455  0.0152  0.0633  0.0412  0.6128  1.0000  0.0540  0.0527  0.0276  0.0074  0.0000  0.0216  0.0000  0.0000  0.0000
 0.0100  0.0000  0.0049  0.0016  0.0026  1.0000  0.0018  0.0006  0.0230  0.0005  0.5526  0.0118  0.0004  0.0039  0.0006  0.0005  0.0067  0.0063  0.0202  0.0443  0.0000  0.9043  0.0000  0.0000  0.0000
 0.1365  0.0000  0.0381  0.0360  0.0772  0.1440  0.0469  0.0440  0.9828  0.0546  0.4271  0.0894  0.0404  0.0370  0.0389  0.0492  0.0596  0.1179  1.0000  0.0273  0.0000  0.1543  0.0000  0.0000  0.0000
 0.8511  0.0000  0.0812  0.1754  0.3221  0.0594  0.5462  0.1452  0.0922  1.0000  0.2064  0.0770  0.2596  0.2806  0.4007  0.8579  0.4933  0.2849  0.1913  0.0317  0.0000  0.0902  0.0000  0.0000  0.0000
 1.0000  0.0000  0.0055  0.0048  0.0053  0.0022  0.0305  0.0011  0.0027  0.0057  0.0055  0.0026  0.0045  0.0139  0.0040  0.0041  0.5614  0.0132  0.0095  0.0008  0.0000  0.0017  0.0000  0.0000  0.0000
 0.2789  0.0000  0.0436  0.5341  1.0000  0.1895  0.2709  0.0817  0.0739  0.2726  0.1558  0.0417  0.1589  0.2115  0.2650  0.1491  0.1768  0.1434  0.1031  0.1923  0.0000  0.1775  0.0000  0.0000  0.0000
 0.1216  0.0000  0.0097  0.2179  1.0000  0.0119  0.0576  0.0249  0.0221  0.0987  0.0312  0.0127  0.0645  0.0649  0.1084  0.0393  0.1258  0.4744  0.0416  0.0061  0.0000  0.0150  0.0000  0.0000  0.0000
 0.2165  0.0000  0.0108  0.4548  1.0000  0.0213  0.0718  0.0459  0.0589  0.2085  0.0716  0.0256  0.0774  0.1139  0.2640  0.0782  0.1010  0.1063  0.1772  0.0088  0.0000  0.0246  0.0000  0.0000  0.0000
 0.4496  0.0000  0.0722  0.9702  0.4835  0.1047  0.7430  0.2338  0.0699  0.3661  0.1296  0.0473  1.0000  0.2167  0.2574  0.2020  0.5944  0.2708  0.1174  0.0372  0.0000  0.2043  0.0000  0.0000  0.0000
 0.1793  0.0000  0.0333  1.0000  0.2211  0.0270  0.7046  0.1279  0.0162  0.1897  0.0356  0.0131  0.6815  0.1136  0.1278  0.1784  0.3431  0.1370  0.0314  0.0140  0.0000  0.0661  0.0000  0.0000  0.0000
 0.2005  0.0000  0.0331  0.0526  0.2262  0.1130  0.1327  0.1843  0.1444  1.0000  0.2822  0.0885  0.1669  0.1306  0.3539  0.8464  0.1600  0.1933  0.1480  0.0414  0.0000  0.1642  0.0000  0.0000  0.0000
 0.0000  0.0000  0.0000  0.0000  0.0000  0.0000  0.0000  0.0000  0.0000  0.0000  1.0000  0.0000  0.0000  0.0000  0.0000  0.0000  0.0000  0.0000  0.0000  0.0000  0.0000  0.0000  0.0000  0.0000  0.0000
 0.0000  0.0000  0.0000  0.0000  0.0000  0.0000  0.0000  0.0000  0.0000  0.0000  0.0000  0.0000  0.0000  0.0000  0.0000  0.0000  0.0000  0.0000  0.0000  0.0000  0.0000  1.0000  0.0000  0.0000  0.0000
 0.0182  0.0000  0.0047  0.0023  0.0047  0.0477  0.0038  0.0035  1.0000  0.0062  0.9459  0.4018  0.0044  0.0075  0.0091  0.0062  0.0052  0.0110  0.0632  0.0056  0.0000  0.0064  0.0000  0.0000  0.0000
 0.4393  0.0000  0.1031  0.5091  0.5477  0.1319  0.5445  0.2177  0.1486  0.8481  0.3193  0.0935  0.4906  0.2853  1.0000  0.6904  0.3991  0.3079  0.1966  0.0688  0.0000  0.5177  0.0000  0.0000  0.0000
 0.0904  0.0000  0.0214  0.0112  0.0212  0.1725  0.0160  0.0145  0.3383  0.0285  1.0000  0.2257  0.0212  0.0341  0.0372  0.0261  0.0394  0.1041  0.2210  0.0208  0.0000  0.0243  0.0000  0.0000  0.0000
 0.0000  0.0000  0.0000  0.0000  1.0000  0.0000  0.0000  0.0000  0.0000  0.0000  0.0000  0.0000  0.0000  0.0000  0.0000  0.0000  0.0000  0.0000  0.0000  0.0000  0.0000  0.0000  0.0000  0.0000  0.0000
 0.0173  0.0000  0.0067  0.0031  0.0048  0.2094  0.0049  0.0023  0.0548  0.0039  1.0000  0.0327  0.0027  0.0072  0.0046  0.0039  0.0090  0.0104  0.0379  0.0429  0.0000  0.6446  0.0000  0.0000  0.0000
 0.0451  0.0000  1.0000  0.0036  0.0064  0.0066  0.0096  0.0020  0.0393  0.0062  0.0293  0.0085  0.0039  0.0105  0.0049  0.0044  0.0119  0.0258  0.6356  0.0016  0.0000  0.0035  0.0000  0.0000  0.0000
 0.9223  0.0000  0.1778  0.0699  0.0759  0.0317  1.0000  0.0184  0.0357  0.0926  0.0785  0.0363  0.0651  0.1976  0.0592  0.2315  0.4067  0.1401  0.1301  0.0116  0.0000  0.0268  0.0000  0.0000  0.0000
 0.9766  0.0000  0.0921  0.6796  1.0000  0.0560  0.9199  0.1084  0.0696  0.3492  0.1330  0.0577  0.4254  0.4690  0.3048  0.1777  0.6820  0.4537  0.1810  0.0241  0.0000  0.0724  0.0000  0.0000  0.0000
 0.0000  0.0000  0.0000  0.0000  0.0000  0.0000  0.0000  0.0000  0.0000  0.0000  0.0000  0.0000  0.0000  0.0000  0.0000  0.0000  1.0000  0.0000  0.0000  0.0000  0.0000  0.0000  0.0000  0.0000  0.0000
 0.0080  0.0000  0.0021  0.0010  0.0020  0.0200  0.0017  0.0014  0.5469  0.0027  1.0000  0.0243  0.0019  0.0032  0.0038  0.0026  0.0023  0.0050  0.0308  0.0024  0.0000  0.0030  0.0000  0.0000  0.0000
 0.5079  0.0000  0.1571  0.3010  0.5765  0.6212  0.3230  0.5551  0.3596  0.4487  0.6540  0.2047  0.3146  0.2209  0.5252  0.4421  0.3938  0.3853  0.4610  0.1660  0.0000  1.0000  0.0000  0.0000  0.0000
 0.0659  0.0000  0.0065  0.0186  0.0945  0.0168  0.0446  0.0527  0.0340  0.9918  0.2590  0.0251  0.0593  0.0486  1.0000  0.3431  0.0520  0.0662  0.0404  0.0098  0.0000  0.0272  0.0000  0.0000  0.0000
 0.4607  0.0000  0.1583  0.1798  0.2413  0.6802  0.2885  0.5212  0.4657  0.2613  1.0000  0.2743  0.2707  0.1863  0.2661  0.3096  0.3515  0.3507  0.5010  0.1668  0.0000  0.9029  0.0000  0.0000  0.0000
 1.0000  0.0000  0.2918  0.0704  0.0869  0.0606  0.4535  0.0241  0.1260  0.0964  0.6428  0.0707  0.0694  0.2202  0.0695  0.0697  0.5466  0.2399  0.2757  0.0166  0.0000  0.0395  0.0000  0.0000  0.0000
 0.1273  0.0000  0.0039  0.3048  1.0000  0.0201  0.0494  0.0335  0.0335  0.1601  0.2264  0.0230  0.0547  0.0750  0.4607  0.0706  0.0663  0.0610  0.0429  0.0069  0.0000  0.0183  0.0000  0.0000  0.0000
 0.4125  0.0000  0.0102  0.2070  1.0000  0.0132  0.0806  0.0344  0.0219  0.1999  0.0428  0.0163  0.0586  0.0746  0.1402  0.3055  0.0921  0.0680  0.0428  0.0068  0.0000  0.0189  0.0000  0.0000  0.0000
 0.1403  0.0000  0.1334  0.0489  0.0663  0.9210  0.0757  0.1160  0.1523  0.0623  0.3039  0.0803  0.0660  0.0558  0.0629  0.0745  0.1087  0.1530  0.1706  0.3027  0.0000  1.0000  0.0000  0.0000  0.0000
 0.2687  0.0000  0.0180  0.0157  0.0169  0.0069  1.0000  0.0035  0.0079  0.0182  0.0173  0.0081  0.0142  0.2056  0.0125  0.0129  0.1715  0.0324  0.0296  0.0025  0.0000  0.0055  0.0000  0.0000  0.0000
 1.0000  0.0000  0.1146  0.2467  0.3568  0.0906  0.5420  0.0970  0.1116  0.4281  0.2018  0.0782  0.2318  0.2706  0.3316  0.2998  0.6100  0.3524  0.2290  0.0295  0.0000  0.1072  0.0000  0.0000  0.0000
 0.6313  0.0000  0.0938  0.6508  0.5477  0.1849  0.6227  0.3309  0.1714  1.0000  0.3129  0.1097  0.7788  0.3010  0.4853  0.8097  0.7578  0.4837  0.2545  0.0639  0.0000  0.2862  0.0000  0.0000  0.0000
 0.0302  0.0000  0.0077  0.0037  0.0071  0.3357  0.0058  0.0043  0.3848  0.0091  1.0000  0.0586  0.0062  0.0095  0.0099  0.0081  0.0084  0.1762  0.2238  0.0061  0.0000  0.0106  0.0000  0.0000  0.0000
 1.0000  0.0000  0.1047  0.2117  0.1525  0.0571  0.8985  0.0569  0.0607  0.1697  0.1356  0.0486  0.1880  0.5579  0.1077  0.1290  0.5394  0.2052  0.1723  0.0345  0.0000  0.0539  0.0000  0.0000  0.0000
 0.0213  0.0000  0.0008  0.0466  1.0000  0.0020  0.0108  0.0046  0.0026  0.0188  0.0049  0.0019  0.0087  0.1201  0.0226  0.0063  0.0114  0.0088  0.0051  0.0011  0.0000  0.0025  0.0000  0.0000  0.0000
 0.7671  0.0000  0.0596  0.6191  1.0000  0.0784  0.3849  0.1421  0.2036  0.9276  0.3250  0.1166  0.4989  0.2769  0.5932  0.5374  0.7320  0.5763  0.3010  0.0247  0.0000  0.0795  0.0000  0.0000  0.0000
 0.4048  0.0000  0.0174  0.0636  0.2399  0.0318  0.1167  0.1193  0.0698  0.9627  0.1488  0.0496  0.1510  0.1177  0.5007  1.0000  0.1523  0.1731  0.1293  0.0212  0.0000  0.0615  0.0000  0.0000  0.0000
 0.1922  0.0000  0.0064  0.0022  0.0050  0.0086  0.0023  0.0010  1.0000  0.0055  0.0492  0.0110  0.0029  0.0062  0.0034  0.0035  0.0057  0.0226  0.5876  0.0012  0.0000  0.0036  0.0000  0.0000  0.0000
 0.2472  0.0000  0.0687  0.1541  0.2433  0.0814  0.3802  0.1537  0.1107  0.8771  0.2494  0.0668  0.1971  0.2600  0.3272  1.0000  0.1935  0.2067  0.1379  0.4892  0.0000  0.1053  0.0000  0.0000  0.0000
 0.3636  0.0000  0.0514  0.7878  0.3608  0.0644  0.7091  0.2628  0.0586  0.3483  0.1039  0.0370  1.0000  0.1675  0.2535  0.1958  0.6664  0.2653  0.0908  0.0249  0.0000  0.1207  0.0000  0.0000  0.0000
 0.0161  0.0000  0.0074  0.0036  0.0047  0.2487  0.0058  0.0016  0.3638  0.0027  0.0827  0.0170  0.0021  0.0064  0.0021  0.0027  0.0101  0.0108  0.0463  0.0529  0.0000  1.0000  0.0000  0.0000  0.0000
 0.0907  0.0000  0.0189  0.0171  0.0210  0.0906  0.0251  0.0111  0.1816  0.0297  1.0000  0.1066  0.0271  0.0339  0.0278  0.0240  0.0839  0.5832  0.1507  0.0133  0.0000  0.0203  0.0000  0.0000  0.0000
 0.2468  0.0000  0.0424  0.0506  0.2254  0.1129  0.1434  0.1547  0.1901  1.0000  0.4648  0.1217  0.1657  0.1420  0.3714  0.8530  0.1719  0.2101  0.2055  0.0369  0.0000  0.1175  0.0000  0.0000  0.0000
 0.0330  0.0000  0.0029  1.0000  0.1323  0.0042  0.0400  0.0143  0.0041  0.0353  0.0081  0.0030  0.0559  0.0219  0.5442  0.0136  0.0346  0.0199  0.0075  0.0023  0.0000  0.0075  0.0000  0.0000  0.0000
 0.1447  0.0000  0.0171  0.0059  0.0145  0.0682  0.0059  0.0071  1.0000  0.0166  0.9361  0.2951  0.0101  0.0212  0.0180  0.0130  0.0161  0.3505  0.2147  0.0084  0.0000  0.0114  0.0000  0.0000  0.0000
 0.0000  0.0000  0.0000  0.0000  0.0000  0.0000  0.0000  0.0000  0.0000  0.0000  1.0000  0.0000  0.0000  0.0000  0.0000  0.0000  0.0000  0.0000  0.0000  0.0000  0.0000  0.0000  0.0000  0.0000  0.0000
 0.2598  0.0000  0.0441  0.1028  0.2532  0.1302  0.1839  0.2005  0.1337  1.0000  0.2861  0.0891  0.2280  0.1546  0.3740  0.8519  0.2586  0.2801  0.1677  0.0475  0.0000  0.1941  0.0000  0.0000  0.0000
 0.5915  0.0000  0.0058  0.0051  0.0054  0.0022  1.0000  0.0012  0.0025  0.0058  0.0056  0.0026  0.0045  0.0144  0.0040  0.0042  0.0294  0.0100  0.0094  0.0008  0.0000  0.0018  0.0000  0.0000  0.0000
 0.0000  0.0000  0.0000  0.0000  0.0000  0.0000  0.0000  0.0000  0.0000  0.0000  1.0000  0.0000  0.0000  0.0000  0.0000  0.0000  0.0000  0.0000  0.0000  0.0000  0.0000  0.0000  0.0000  0.0000  0.0000
 1.0000  0.0000  0.0585  0.4561  0.6700  0.0503  0.2794  0.0779  0.2423  0.6270  0.1888  0.0659  0.2186  0.1976  0.2807  0.2385  0.3768  0.3074  0.3124  0.0175  0.0000  0.0516  0.0000  0.0000  0.0000
 0.0866  0.0000  0.0298  0.0401  0.0474  0.2022  0.0594  1.0000  0.0657  0.0512  0.1087  0.0369  0.0581  0.0353  0.0503  0.0596  0.4247  0.0681  0.0839  0.0308  0.0000  0.7931  0.0000  0.0000  0.0000
 0.0000  0.0000  0.0000  0.0000  0.0000  0.0000  0.0000  0.0000  0.0000  0.0000  1.0000  0.0000  0.0000  0.0000  0.0000  0.0000  0.0000  0.0000  0.0000  0.0000  0.0000  0.0000  0.0000  0.0000  0.0000
 0.0000  0.0000  0.0000  0.0000  0.0000  0.0000  0.0000  1.0000  0.0000  0.0000  0.0000  0.0000  0.0000  0.0000  0.0000  0.0000  0.0000  0.0000  0.0000  0.0000  0.0000  0.0000  0.0000  0.0000  0.0000
 1.0000  0.0000  0.0895  0.4899  0.1820  0.0404  0.6370  0.0691  0.0420  0.1605  0.0896  0.0405  0.3505  0.2381  0.1123  0.0965  0.6422  0.2151  0.1397  0.0164  0.0000  0.0507  0.0000  0.0000  0.0000
 0.0762  0.0000  0.1511  0.0149  0.1049  0.0156  0.0538  0.0663  0.0320  1.0000  0.0755  0.0250  0.0733  0.0588  0.5030  0.8174  0.0626  0.0806  0.0427  0.0117  0.0000  0.0336  0.0000  0.0000  0.0000
 0.1061  0.0000  0.0225  0.4304  0.1294  0.0184  0.6410  0.0928  0.0103  0.1906  0.0225  0.0083  1.0000  0.0742  0.0855  0.0705  0.2842  0.0997  0.0186  0.0094  0.0000  0.0474  0.0000  0.0000  0.0000
 0.0410  0.0000  0.0104  0.0055  0.0102  0.2178  0.0084  0.0077  0.1679  0.0132  1.0000  0.1078  0.0100  0.0162  0.0181  0.0127  0.0169  0.3737  0.1026  0.0164  0.0000  0.0372  0.0000  0.0000  0.0000
 0.1796  0.0000  0.0049  0.0018  0.0038  0.0083  0.0019  0.0008  0.3602  0.0044  0.2012  0.0101  0.0024  0.0046  0.0027  0.0029  0.0043  0.0172  1.0000  0.0011  0.0000  0.0033  0.0000  0.0000  0.0000
 0.0000  0.0000  0.0000  0.0000  0.0000  0.0000  0.0000  1.0000  0.0000  0.0000  0.0000  0.0000  0.0000  0.0000  0.0000  0.0000  0.0000  0.0000  0.0000  0.0000  0.0000  0.0000  0.0000  0.0000  0.0000
 0.0915  0.0000  0.0179  0.0191  0.0553  0.1259  0.0504  0.0357  0.2382  0.2077  1.0000  0.1563  0.0423  0.0530  0.0899  0.3451  0.0461  0.0634  0.1495  0.0205  0.0000  0.0301  0.0000  0.0000  0.0000
 0.0000  0.0000  0.0000  1.0000  0.0000  0.0000  0.0000  0.0000  0.0000  0.0000  0.0000  0.0000  0.0000  0.0000  0.0000  0.0000  0.0000  0.0000  0.0000  0.0000  0.0000  0.0000  0.0000  0.0000  0.0000
 0.0035  0.0000  0.0010  0.0007  0.0009  0.0039  0.0012  0.0001  1.0000  0.0013  0.0205  0.0037  0.0008  0.0007  0.0005  0.0010  0.0013  0.0037  0.3625  0.0005  0.0000  0.0018  0.0000  0.0000  0.0000
 0.0000  0.0000  0.0000  0.0000  0.0000  0.0000  0.0000  0.0000  0.0000  1.0000  0.0000  0.0000  0.0000  0.0000  0.0000  0.0000  0.0000  0.0000  0.0000  0.0000  0.0000  0.0000  0.0000  0.0000  0.0000
 1.0000  0.0000  0.0981  0.1162  0.1141  0.0675  0.5883  0.0325  0.0933  0.1349  0.2556  0.0757  0.1085  0.2871  0.0873  0.0999  0.5046  0.1858  0.1851  0.0204  0.0000  0.0413  0.0000  0.0000  0.0000
 1.0000  0.0000  0.0292  0.2700  0.1306  0.0146  0.1852  0.0199  0.0175  0.0573  0.0340  0.0146  0.0819  0.0839  0.0495  0.0315  0.1675  0.0697  0.0527  0.0063  0.0000  0.0160  0.0000  0.0000  0.0000
 0.0000  0.0000  0.0000  0.0000  0.0000  0.0000  0.0000  0.0000  0.0000  0.0000  0.0000  0.0000  1.0000  0.0000  0.0000  0.0000  0.0000  0.0000  0.0000  0.0000  0.0000  0.0000  0.0000  0.0000  0.0000
 0.0051  0.0000  0.0017  0.0012  0.0015  0.1679  0.0024  0.0001  1.0000  0.0022  0.0404  0.0073  0.0014  0.0010  0.0007  0.0018  0.0022  0.0060  0.5213  0.0010  0.0000  0.0038  0.0000  0.0000  0.0000
 0.0212  0.0000  0.0062  0.0028  0.0055  0.7215  0.0045  0.0037  0.0968  0.0063  1.0000  0.0629  0.0045  0.0089  0.0094  0.0063  0.0073  0.0124  0.0558  0.0201  0.0000  0.0647  0.0000  0.0000  0.0000
 0.0088  0.0000  0.0029  0.0020  0.0025  0.0133  0.0038  0.0003  1.0000  0.0037  0.5915  0.0132  0.0024  0.0018  0.0015  0.0030  0.0036  0.0099  0.9224  0.0016  0.0000  0.0056  0.0000  0.0000  0.0000
 0.1402  0.0000  0.0240  1.0000  0.1009  0.0161  0.9845  0.0622  0.0169  0.0960  0.0260  0.0113  0.3403  0.0718  0.0665  0.0511  0.5608  0.4107  0.0322  0.0083  0.0000  0.0342  0.0000  0.0000  0.0000
 0.1961  0.0000  0.0101  0.3749  1.0000  0.1707  0.0966  0.0649  0.0368  0.4901  0.0729  0.0264  0.1054  0.9376  0.2457  0.2123  0.1188  0.1053  0.0614  0.0124  0.0000  0.0399  0.0000  0.0000  0.0000
 0.4393  0.0000  0.0569  1.0000  0.5859  0.0602  0.6325  0.2519  0.0962  0.5536  0.1611  0.0571  0.9844  0.2183  0.3592  0.4290  0.8668  0.4777  0.1467  0.0245  0.0000  0.1051  0.0000  0.0000  0.0000
 0.0829  0.0000  0.0044  0.2473  0.0136  0.0022  1.0000  0.0056  0.0020  0.0104  0.0044  0.0019  0.0291  0.0123  0.0075  0.0058  0.0296  0.0109  0.0063  0.0010  0.0000  0.0035  0.0000  0.0000  0.0000
 0.1669  0.0000  0.0278  0.0255  0.0658  0.0212  0.0460  0.0344  0.1120  0.2341  0.1058  0.0344  0.0593  0.0615  0.0906  1.0000  0.1414  0.4198  0.3399  0.0088  0.0000  0.0221  0.0000  0.0000  0.0000
 0.0734  0.0000  1.0000  0.0042  0.0114  0.0210  0.0037  0.0034  0.1188  0.0120  0.3200  0.0294  0.0062  0.0164  0.0097  0.0076  0.0130  0.0505  0.8544  0.0030  0.0000  0.0056  0.0000  0.0000  0.0000
 0.0000  0.0000  0.0000  0.0000  0.0000  0.0000  0.0000  0.0000  0.0000  1.0000  0.0000  0.0000  0.0000  0.0000  0.0000  0.0000  0.0000  0.0000  0.0000  0.0000  0.0000  0.0000  0.0000  0.0000  0.0000
 0.0050  0.0000  0.0012  0.0005  0.0011  0.0097  0.0009  0.0007  0.0209  0.0015  1.0000  0.0117  0.0010  0.0018  0.0019  0.0014  0.0013  0.0031  0.1147  0.0012  0.0000  0.0015  0.0000  0.0000  0.0000
 1.0000  0.0000  0.0111  0.0096  0.0104  0.0043  0.8174  0.0022  0.0049  0.0112  0.0108  0.0050  0.0085  0.0279  0.0077  0.0080  0.0568  0.0192  0.0181  0.0016  0.0000  0.0034  0.0000  0.0000  0.0000
 0.0000  0.0000  0.0000  1.0000  0.0000  0.0000  0.0000  0.0000  0.0000  0.0000  0.0000  0.0000  0.0000  0.0000  0.0000  0.0000  0.0000  0.0000  0.0000  0.0000  0.0000  0.0000  0.0000  0.0000  0.0000
 0.0000  0.0000  0.0000  0.0000  0.0000  1.0000  0.0000  0.0000  0.0000  0.0000  0.0000  0.0000  0.0000  0.0000  0.0000  0.0000  0.0000  0.0000  0.0000  0.0000  0.0000  0.0000  0.0000  0.0000  0.0000
 0.0000  0.0000  0.0000  0.0000  0.0000  0.0000  1.0000  0.0000  0.0000  0.0000  0.0000  0.0000  0.0000  0.0000  0.0000  0.0000  0.0000  0.0000  0.0000  0.0000  0.0000  0.0000  0.0000  0.0000  0.0000
 0.0058  0.0000  0.0015  0.0007  0.0015  0.0155  0.0012  0.0012  0.0288  0.0020  1.0000  0.5331  0.0014  0.0024  0.0030  0.0020  0.0016  0.0034  0.0159  0.0018  0.0000  0.0021  0.0000  0.0000  0.0000
 0.2790  0.0000  0.0540  0.0167  0.0442  0.1692  0.0169  0.0190  0.5030  0.0489  1.0000  0.2306  0.0279  0.0661  0.0506  0.0360  0.0484  0.1717  0.6230  0.0210  0.0000  0.0271  0.0000  0.0000  0.0000
 0.1285  0.0000  0.0309  0.0141  0.0272  0.0681  0.0210  0.0054  0.9304  0.0427  0.3745  0.0747  0.0191  0.0273  0.0192  0.0311  0.0323  0.1105  1.0000  0.0089  0.0000  0.0308  0.0000  0.0000  0.0000
 0.1424  0.0000  0.0035  0.5252  1.0000  0.0137  0.0729  0.2956  0.0176  0.2289  0.0329  0.0133  0.0939  0.0868  0.1854  0.0470  0.0867  0.0674  0.0332  0.0065  0.0000  0.0202  0.0000  0.0000  0.0000
 0.0133  0.0000  0.0041  0.0026  0.0036  0.0213  0.0050  0.0007  0.9071  0.0052  1.0000  0.0225  0.0034  0.0032  0.0028  0.0044  0.0051  0.0136  0.5465  0.0026  0.0000  0.0074  0.0000  0.0000  0.0000
 0.1969  0.0000  0.0390  0.9349  0.2394  0.0312  1.0000  0.1423  0.0305  0.2310  0.0509  0.0197  0.9468  0.2919  0.1550  0.1213  0.5678  0.5652  0.0497  0.0160  0.0000  0.0731  0.0000  0.0000  0.0000
 1.0000  0.0000  0.0544  0.3408  0.5265  0.0427  0.7481  0.0840  0.1153  0.6455  0.1894  0.0700  0.3021  0.2089  0.3396  0.5813  0.7029  0.8576  0.1935  0.0168  0.0000  0.0424  0.0000  0.0000  0.0000
 0.8960  0.0000  0.0490  0.5868  1.0000  0.0468  0.3399  0.1114  0.1583  0.7789  0.2531  0.0900  0.5269  0.2459  0.7707  0.4360  0.7176  0.5706  0.2434  0.0170  0.0000  0.0411  0.0000  0.0000  0.0000
 0.4221  0.0000  0.0208  0.1906  0.0921  0.0134  1.0000  0.0412  0.0154  0.0890  0.0290  0.0116  0.6266  0.0629  0.3266  0.0501  0.7413  0.0872  0.0342  0.0059  0.0000  0.0234  0.0000  0.0000  0.0000
 1.0000  0.0000  0.2384  0.3489  0.2839  0.0578  0.6199  0.0854  0.0754  0.2788  0.1376  0.0563  0.4001  0.2465  0.2461  0.1692  0.7308  0.3234  0.1760  0.0209  0.0000  0.0704  0.0000  0.0000  0.0000
 0.5120  0.0000  0.0745  0.8446  0.3945  0.0774  0.8397  0.2928  0.0699  0.6888  0.1447  0.0528  1.0000  0.3537  0.3238  0.4686  0.6502  0.3185  0.1250  0.0349  0.0000  0.1497  0.0000  0.0000  0.0000
 0.6379  0.0000  0.1812  0.4650  0.8463  0.7576  0.3813  0.5908  0.4979  0.5314  0.9824  0.2919  0.3737  0.2812  0.4813  0.4906  0.4741  0.4648  0.5789  0.1923  0.0000  1.0000  0.0000  0.0000  0.0000
 1.0000  0.0000  0.0171  0.0122  0.0154  0.0070  0.0783  0.0032  0.0208  0.0167  0.0237  0.0095  0.0119  0.0387  0.0117  0.0116  0.7854  0.0464  0.4642  0.0023  0.0000  0.0049  0.0000  0.0000  0.0000
 0.5353  0.0000  0.0942  0.2582  0.3157  0.1772  0.2569  0.1399  0.2980  0.4612  0.5666  0.1600  0.3183  0.2269  0.2618  0.3592  0.8040  1.0000  0.3904  0.0493  0.0000  0.1591  0.0000  0.0000  0.0000
 0.0240  0.0000  0.0008  0.0546  1.0000  0.0026  0.0117  0.0080  0.0040  0.5448  0.0081  0.0030  0.0132  0.0151  0.0336  0.0257  0.0139  0.0127  0.0067  0.0015  0.0000  0.0041  0.0000  0.0000  0.0000
 0.0000  0.0000  0.0000  0.0000  0.0000  0.0000  1.0000  0.0000  0.0000  0.0000  0.0000  0.0000  0.0000  0.0000  0.0000  0.0000  0.0000  0.0000  0.0000  0.0000  0.0000  0.0000  0.0000  0.0000  0.0000
 0.0280  0.0000  0.0045  1.0000  0.0298  0.0033  0.0481  0.0130  0.0029  0.0203  0.0051  0.0021  0.0689  0.0150  0.0150  0.0103  0.5740  0.0278  0.0057  0.0017  0.0000  0.0071  0.0000  0.0000  0.0000
 0.0315  0.0000  0.0032  0.0055  0.0044  0.0015  0.0184  0.0013  0.0020  0.0048  0.0037  0.0016  0.0056  1.0000  0.0032  0.0033  0.2370  0.0126  0.0057  0.0007  0.0000  0.0014  0.0000  0.0000  0.0000
 0.1526  0.0000  0.0318  0.0782  0.1665  0.0438  0.1622  0.1096  0.0617  0.6998  0.1363  0.0427  0.1488  0.1172  0.2492  1.0000  0.1273  0.1367  0.0821  0.0284  0.0000  0.3005  0.0000  0.0000  0.0000
 0.0047  0.0000  0.0025  0.0009  0.0013  0.1042  0.0012  0.0001  0.0099  0.0001  0.0239  0.0048  0.0002  0.0019  0.0001  0.0002  0.0033  0.0030  0.0092  0.5348  0.0000  1.0000  0.0000  0.0000  0.0000
 0.0000  0.0000  0.0000  0.0000  0.0000  0.0000  0.0000  0.0000  0.0000  0.0000  0.0000  1.0000  0.0000  0.0000  0.0000  0.0000  0.0000  0.0000  0.0000  0.0000  0.0000  0.0000  0.0000  0.0000  0.0000
 1.0000  0.0000  0.0000  0.0000  0.0000  0.0000  0.0000  0.0000  0.0000  0.0000  0.0000  0.0000  0.0000  0.0000  0.0000  0.0000  0.0000  0.0000  0.0000  0.0000  0.0000  0.0000  0.0000  0.0000  0.0000
 0.0000  0.0000  0.0000  0.0000  0.0000  0.0000  0.0000  0.0000  0.0000  0.0000  0.0000  0.0000  0.0000  1.0000  0.0000  0.0000  0.0000  0.0000  0.0000  0.0000  0.0000  0.0000  0.0000  0.0000  0.0000
 0.0000  0.0000  0.0000  0.0000  1.0000  0.0000  0.0000  0.0000  0.0000  0.0000  0.0000  0.0000  0.0000  0.0000  0.0000  0.0000  0.0000  0.0000  0.0000  0.0000  0.0000  0.0000  0.0000  0.0000  0.0000
 0.0167  0.0000  0.0050  0.0031  0.0044  0.0246  0.0058  0.0009  0.5890  0.0062  1.0000  0.0260  0.0041  0.0039  0.0034  0.0052  0.0061  0.0168  0.9168  0.0030  0.0000  0.0087  0.0000  0.0000  0.0000
 0.0080  0.0000  0.0021  0.0010  0.0020  0.0200  0.0017  0.0014  0.5469  0.0027  1.0000  0.0243  0.0019  0.0032  0.0038  0.0026  0.0023  0.0050  0.0308  0.0024  0.0000  0.0030  0.0000  0.0000  0.0000
 0.0629  0.0000  0.0054  0.2766  0.1197  0.0105  0.0452  0.0428  0.0217  1.0000  0.0487  0.0163  0.0628  0.0431  0.9854  0.6293  0.0546  0.0588  0.0300  0.0073  0.0000  0.0213  0.0000  0.0000  0.0000
 0.0228  0.0000  0.0045  0.0718  0.0218  0.0035  1.0000  0.0155  0.0021  0.0214  0.0045  0.0016  0.6150  0.0143  0.0142  0.0115  0.0425  0.0168  0.0040  0.0019  0.0000  0.0082  0.0000  0.0000  0.0000
 0.3344  0.0000  0.0699  0.9214  0.3597  0.1175  0.6678  0.3209  0.1276  0.3244  0.1359  0.0491  1.0000  0.1910  0.2311  0.1914  0.8732  0.3628  0.1180  0.0405  0.0000  0.2032  0.0000  0.0000  0.0000
 0.4840  0.0000  0.1752  0.2713  0.2712  0.7106  0.3621  0.5048  0.3613  0.2887  0.6024  0.2031  0.4590  0.2004  0.2814  0.3272  0.4154  0.3784  0.4597  0.1682  0.0000  1.0000  0.0000  0.0000  0.0000
 0.0221  0.0000  0.0034  0.0428  0.0134  0.0022  1.0000  0.0092  0.0016  0.0132  0.0032  0.0013  0.1104  0.0101  0.0089  0.0071  0.4391  0.0137  0.0037  0.0011  0.0000  0.0049  0.0000  0.0000  0.0000
 0.2523  0.0000  0.1190  0.1016  0.0876  0.0313  0.0851  0.0365  0.0815  0.2288  0.0966  0.0386  0.1687  0.1158  0.0901  0.0931  0.6971  1.0000  0.1373  0.0163  0.0000  0.0368  0.0000  0.0000  0.0000
 1.0000  0.0000  0.0000  0.0000  0.0000  0.0000  0.0000  0.0000  0.0000  0.0000  0.0000  0.0000  0.0000  0.0000  0.0000  0.0000  0.0000  0.0000  0.0000  0.0000  0.0000  0.0000  0.0000  0.0000  0.0000
 1.0000  0.0000  0.0156  0.0069  0.0129  0.0082  0.0329  0.0029  0.0547  0.0132  0.0424  0.0135  0.0073  0.0250  0.0095  0.0084  0.0372  0.0452  0.6211  0.0018  0.0000  0.0037  0.0000  0.0000  0.0000
 0.0000  0.0000  0.0000  1.0000  0.0000  0.0000  0.0000  0.0000  0.0000  0.0000  0.0000  0.0000  0.0000  0.0000  0.0000  0.0000  0.0000  0.0000  0.0000  0.0000  0.0000  0.0000  0.0000  0.0000  0.0000
 0.0044  0.0000  0.0013  0.0008  0.0011  0.0049  0.0016  0.0001  1.0000  0.0016  0.0260  0.0047  0.0010  0.0008  0.0006  0.0012  0.0016  0.0047  0.5742  0.0006  0.0000  0.0023  0.0000  0.0000  0.0000
 0.0046  0.0000  0.0024  0.0008  0.0012  1.0000  0.0010  0.0001  0.0100  0.0001  0.0243  0.0049  0.0001  0.0019  0.0001  0.0001  0.0032  0.0029  0.0091  0.5274  0.0000  0.0887  0.0000  0.0000  0.0000
 0.0000  0.0000  0.0000  0.0000  0.0000  0.0000  0.0000  0.0000  0.0000  0.0000  0.0000  0.0000  0.0000  0.0000  0.0000  0.0000  1.0000  0.0000  0.0000  0.0000  0.0000  0.0000  0.0000  0.0000  0.0000
 0.0000  0.0000  0.0000  0.0000  0.0000  0.0000  0.0000  0.0000  0.0000  0.0000  1.0000  0.0000  0.0000  0.0000  0.0000  0.0000  0.0000  0.0000  0.0000  0.0000  0.0000  0.0000  0.0000  0.0000  0.0000
 0.0000  0.0000  0.0000  0.0000  0.0000  0.0000  1.0000  0.0000  0.0000  0.0000  0.0000  0.0000  0.0000  0.0000  0.0000  0.0000  0.0000  0.0000  0.0000  0.0000  0.0000  0.0000  0.0000  0.0000  0.0000
 0.0684  0.0000  0.2185  0.0077  0.0164  0.1513  0.0120  0.0116  0.4939  0.0213  1.0000  0.2468  0.0148  0.0259  0.0299  0.0204  0.0180  0.0425  0.2218  0.0178  0.0000  0.0208  0.0000  0.0000  0.0000
 0.3011  0.0000  0.0044  0.0077  0.0053  0.0021  0.0110  0.0021  0.0054  0.0076  0.0056  0.0029  0.0131  0.0109  0.0058  0.0049  0.3860  1.0000  0.0098  0.0012  0.0000  0.0022  0.0000  0.0000  0.0000
 0.0125  0.0000  0.0040  0.0026  0.0035  0.0202  0.0050  0.0006  0.9996  0.0051  0.3443  0.4166  0.0033  0.0029  0.0026  0.0042  0.0049  0.0132  1.0000  0.0024  0.0000  0.0074  0.0000  0.0000  0.0000
 0.0000  0.0000  0.0000  0.0000  0.0000  0.0000  0.0000  0.0000  0.0000  0.0000  1.0000  0.0000  0.0000  0.0000  0.0000  0.0000  0.0000  0.0000  0.0000  0.0000  0.0000  0.0000  0.0000  0.0000  0.0000
 0.0000  0.0000  0.0000  0.0000  1.0000  0.0000  0.0000  0.0000  0.0000  0.0000  0.0000  0.0000  0.0000  0.0000  0.0000  0.0000  0.0000  0.0000  0.0000  0.0000  0.0000  0.0000  0.0000  0.0000  0.0000
 0.0308  0.0000  0.0075  0.0033  0.0070  0.0588  0.0049  0.0045  0.1425  0.0090  1.0000  0.9066  0.0061  0.0109  0.0119  0.0083  0.0077  0.0198  0.9193  0.0070  0.0000  0.0084  0.0000  0.0000  0.0000
 1.0000  0.0000  0.0000  0.0000  0.0000  0.0000  0.0000  0.0000  0.0000  0.0000  0.0000  0.0000  0.0000  0.0000  0.0000  0.0000  0.0000  0.0000  0.0000  0.0000  0.0000  0.0000  0.0000  0.0000  0.0000
 0.0552  0.0000  1.0000  0.0138  0.0100  0.0060  0.0260  0.0044  0.0154  0.0123  0.0155  0.0063  0.0197  0.0190  0.0096  0.0091  0.0772  0.6514  0.0306  0.0029  0.0000  0.0056  0.0000  0.0000  0.0000
 0.1929  0.0000  0.0422  0.2116  0.0882  0.0307  0.1483  0.0563  0.0566  0.1115  0.0592  0.0295  0.7002  0.1073  0.0824  0.0679  0.7333  1.0000  0.0881  0.0162  0.0000  0.2042  0.0000  0.0000  0.0000
 0.1833  0.0000  0.0348  0.0235  0.0874  0.1772  0.0507  0.0509  0.5735  0.7487  1.0000  0.8763  0.0614  0.0748  0.1332  0.2584  0.0735  0.1364  0.3932  0.0268  0.0000  0.0444  0.0000  0.0000  0.0000
 0.1469  0.0000  0.0026  0.4820  1.0000  0.0133  0.0609  0.0364  0.0174  0.1473  0.0324  0.0133  0.0709  0.2483  0.1909  0.0400  0.0782  0.0650  0.0336  0.0063  0.0000  0.0185  0.0000  0.0000  0.0000
 0.1981  0.0000  0.0401  0.0153  0.0356  0.1699  0.0278  0.0171  0.4214  0.0423  1.0000  0.2167  0.0247  0.0800  0.0454  0.0336  0.0481  0.1202  0.4364  0.0211  0.0000  0.0271  0.0000  0.0000  0.0000
 0.6900  0.0000  0.1425  0.3833  0.3021  0.5808  1.0000  0.1491  0.2125  0.3718  0.4826  0.1022  0.2403  0.6727  0.2143  0.3431  0.4518  0.3108  0.2764  0.2456  0.0000  0.5063  0.0000  0.0000  0.0000
 0.5522  0.0000  0.0634  0.3424  0.3440  0.0663  0.4091  0.3670  0.0940  1.0000  0.1788  0.0664  0.4403  0.2230  0.3449  0.6493  0.9643  0.4750  0.1608  0.0326  0.0000  0.1100  0.0000  0.0000  0.0000
 0.2842  0.0000  0.0444  0.8930  0.5195  0.0407  0.6855  0.1826  0.0434  0.3660  0.0806  0.0290  1.0000  0.1735  0.3649  0.1917  0.5334  0.2490  0.0706  0.0196  0.0000  0.0910  0.0000  0.0000  0.0000
 0.4798  0.0000  0.1599  0.3087  0.2771  0.6298  0.6761  0.5136  0.3429  0.3002  0.5704  0.1935  0.4184  0.2017  0.2818  0.3286  0.4237  0.3679  0.4391  0.1619  0.0000  1.0000  0.0000  0.0000  0.0000
 0.0629  0.0000  0.0010  0.4048  1.0000  0.0057  0.0255  0.0155  0.0075  0.0632  0.0139  0.0057  0.0295  0.2321  0.0821  0.0170  0.0331  0.0277  0.0144  0.0027  0.0000  0.0078  0.0000  0.0000  0.0000
 1.0000  0.0000  0.0863  0.1981  0.1503  0.0411  0.6250  0.0366  0.0452  0.1203  0.1547  0.0428  0.1491  0.2230  0.0872  0.0782  0.4696  0.1701  0.1451  0.0146  0.0000  0.0400  0.0000  0.0000  0.0000
 0.0132  0.0000  0.0036  0.0017  0.0034  0.0526  0.0028  0.0025  0.0606  0.0044  0.2481  0.5328  0.0030  0.0055  0.0062  0.0043  0.0043  0.0077  0.0345  1.0000  0.0000  0.0226  0.0000  0.0000  0.0000
 0.5191  0.0000  0.1243  0.4766  0.5846  0.4700  0.4568  0.4370  0.3818  1.0000  0.8305  0.2364  0.5565  0.2745  0.5317  0.8496  0.4730  0.4194  0.4165  0.1248  0.0000  0.5832  0.0000  0.0000  0.0000
 0.1293  0.0000  0.0080  0.1609  0.6361  0.0185  0.0700  0.0658  0.0371  1.0000  0.2383  0.0273  0.0903  0.0821  0.7291  0.3638  0.0940  0.1001  0.0535  0.0116  0.0000  0.0330  0.0000  0.0000  0.0000
 0.0080  0.0000  0.0021  0.0010  0.0020  0.0200  0.0017  0.0014  0.5469  0.0027  1.0000  0.0243  0.0019  0.0032  0.0038  0.0026  0.0023  0.0050  0.0308  0.0024  0.0000  0.0030  0.0000  0.0000  0.0000
 0.7706  0.0000  0.1034  0.3600  0.3095  0.0834  0.8971  0.1767  0.1022  0.8578  0.2291  0.0722  0.4235  0.3802  0.3474  1.0000  0.5221  0.2919  0.1896  0.0603  0.0000  0.1159  0.0000  0.0000  0.0000
 0.0570  0.0000  0.0090  0.1222  0.0839  0.0132  0.1035  0.2499  0.0172  0.2558  0.0392  0.0131  1.0000  0.0441  0.8015  0.2530  0.0893  0.0604  0.0236  0.0079  0.0000  0.0292  0.0000  0.0000  0.0000
 0.0690  0.0000  0.0070  0.0167  0.0094  0.0030  1.0000  0.0037  0.0033  0.0100  0.0070  0.0031  0.0179  0.0184  0.0068  0.0066  0.5788  0.0161  0.0111  0.0013  0.0000  0.0033  0.0000  0.0000  0.0000
 0.5676  0.0000  0.1752  0.2097  0.3822  0.6817  0.3736  0.6002  0.4192  0.9255  0.7090  0.2385  0.3760  0.2626  0.4885  0.8601  0.4510  0.4646  0.5245  0.1881  0.0000  1.0000  0.0000  0.0000  0.0000
 0.1871  0.0000  0.0049  0.4941  1.0000  0.0246  0.0789  0.0460  0.0369  0.1838  0.1576  0.0258  0.0902  0.1106  0.2341  0.0532  0.1005  0.0845  0.0527  0.0089  0.0000  0.0249  0.0000  0.0000  0.0000
 0.2037  0.0000  0.0339  0.0412  0.0510  0.1891  0.1218  0.0252  0.3342  0.0676  1.0000  0.2127  0.0384  0.1531  0.0569  0.0593  0.0916  0.0845  0.2324  0.0314  0.0000  0.0443  0.0000  0.0000  0.0000
 0.0856  0.0000  0.0061  0.1333  0.7059  0.0069  0.0396  0.0149  0.0129  0.0617  0.0188  0.0078  0.0368  1.0000  0.0671  0.0247  0.0714  0.2379  0.0261  0.0033  0.0000  0.0087  0.0000  0.0000  0.0000
 0.0369  0.0000  0.0007  0.2023  1.0000  0.0033  0.0149  0.0090  0.0045  0.0370  0.0082  0.0034  0.0174  0.1467  0.0476  0.0102  0.0202  0.0628  0.0086  0.0016  0.0000  0.0046  0.0000  0.0000  0.0000
 0.0255  0.0000  0.0072  0.0034  0.0066  1.0000  0.0055  0.0043  0.6842  0.0081  0.3937  0.0736  0.0057  0.0100  0.0111  0.0079  0.0083  0.0163  0.1042  0.0172  0.0000  0.0504  0.0000  0.0000  0.0000
 0.4784  0.0000  0.0900  0.0920  0.0959  0.0575  0.0900  0.0342  0.3515  0.1250  0.2785  0.0916  0.1539  0.2073  0.0914  0.0800  0.6219  1.0000  0.6436  0.0185  0.0000  0.0345  0.0000  0.0000  0.0000
 0.5074  0.0000  0.0307  1.0000  0.5175  0.0291  0.3945  0.1231  0.0367  0.2769  0.0655  0.0240  0.9389  0.1338  0.2076  0.1373  0.4897  0.1991  0.0606  0.0138  0.0000  0.0605  0.0000  0.0000  0.0000
 0.3183  0.0000  0.0555  0.9008  0.4412  0.0787  0.6355  0.2251  0.0712  0.4235  0.1259  0.0440  1.0000  0.1854  0.2752  0.2377  0.5654  0.2872  0.1090  0.0295  0.0000  0.1450  0.0000  0.0000  0.0000
 0.0060  0.0000  0.0015  0.0007  0.0016  0.0147  0.0012  0.0012  0.1995  0.0024  1.0000  0.0182  0.0015  0.0024  0.0030  0.0337  0.0017  0.0037  0.0192  0.0017  0.0000  0.0020  0.0000  0.0000  0.0000
 0.0623  0.0000  0.0067  0.0114  0.0088  0.0031  0.0358  0.0028  0.0044  0.0099  0.0076  0.0034  0.0128  0.1308  0.0067  0.0068  1.0000  0.0344  0.0119  0.0015  0.0000  0.0030  0.0000  0.0000  0.0000
 0.4707  0.0000  0.0318  0.5458  1.0000  0.0412  0.2270  0.0856  0.1100  0.5398  0.2071  0.0633  0.2834  0.2113  0.3954  0.2843  0.4744  0.3382  0.1820  0.0144  0.0000  0.0413  0.0000  0.0000  0.0000
 0.0378  0.0000  0.0006  0.3032  1.0000  0.0034  0.0146  0.0092  0.0046  0.0883  0.0085  0.0035  0.0167  0.1595  0.0496  0.0105  0.0195  0.0167  0.0087  0.0016  0.0000  0.0046  0.0000  0.0000  0.0000
 0.0712  0.0000  0.0180  0.0096  0.0187  0.1836  0.0226  0.0167  0.3278  0.0245  1.0000  0.2183  0.0181  0.0294  0.0356  0.0247  0.0228  0.0403  0.1822  0.0224  0.0000  0.0323  0.0000  0.0000  0.0000
 0.1097  0.0000  0.0105  0.0202  0.1529  0.0229  0.0772  0.0969  0.0471  1.0000  0.2510  0.0367  0.1057  0.0856  0.3748  0.8047  0.0898  0.1171  0.0622  0.0171  0.0000  0.0490  0.0000  0.0000  0.0000
 0.4515  0.0000  0.0646  1.0000  0.5760  0.0920  0.5726  0.1980  0.0823  0.4388  0.1398  0.0520  0.8205  0.2115  0.2838  0.2175  0.8011  0.3948  0.1330  0.0334  0.0000  0.2075  0.0000  0.0000  0.0000
 0.0345  0.0000  0.0100  0.0058  0.0084  0.4223  0.0105  0.0013  0.5719  0.0115  0.2068  0.0393  0.0073  0.0074  0.0054  0.0091  0.0118  0.0340  1.0000  0.0071  0.0000  0.0256  0.0000  0.0000  0.0000
 0.0141  0.0000  0.0044  0.0028  0.0038  0.0220  0.0054  0.0007  0.7949  0.0055  1.0000  0.0231  0.0036  0.0033  0.0029  0.0046  0.0054  0.0146  0.6855  0.0026  0.0000  0.0079  0.0000  0.0000  0.0000
 0.5317  0.0000  0.0384  0.2642  0.4701  0.0430  0.2089  0.1011  0.1233  0.9121  0.1947  0.0681  0.2615  0.1691  0.3582  1.0000  0.4731  0.4487  0.3411  0.0188  0.0000  0.0527  0.0000  0.0000  0.0000
 0.7100  0.0000  0.0598  0.5031  0.8384  0.0917  0.3514  0.1532  0.1964  1.0000  0.3581  0.1704  0.4312  0.2584  0.5806  0.6080  0.6822  0.5234  0.2915  0.0300  0.0000  0.1028  0.0000  0.0000  0.0000
 0.6419  0.0000  0.5026  0.1006  0.0983  0.2939  0.3659  0.0512  0.4281  0.0945  1.0000  0.8834  0.0904  0.1878  0.0932  0.1004  0.2934  0.2411  0.4804  0.0691  0.0000  0.1519  0.0000  0.0000  0.0000
 0.0039  0.0000  0.0010  0.0005  0.0010  0.0104  0.0008  0.0008  0.0193  0.0013  1.0000  0.2182  0.0009  0.0016  0.0020  0.0013  0.0011  0.0022  0.0107  0.0012  0.0000  0.0014  0.0000  0.0000  0.0000
 0.1547  0.0000  0.0108  0.1422  1.0000  0.0117  0.0781  0.0298  0.0383  0.3942  0.0637  0.1409  0.1917  0.0607  0.9080  0.1307  0.1465  0.3509  0.0584  0.0046  0.0000  0.0114  0.0000  0.0000  0.0000
 0.2677  0.0000  0.0314  0.0984  0.1644  0.0380  0.2599  0.0881  0.0577  0.5556  0.1301  0.0377  0.1287  1.0000  0.2062  0.9305  0.1812  0.1426  0.0903  0.0301  0.0000  0.0528  0.0000  0.0000  0.0000
 0.0119  0.0000  0.0016  1.0000  0.2003  0.0018  0.0245  0.0081  0.0013  0.0146  0.0027  0.0010  0.3985  0.0085  0.0135  0.0060  0.0199  0.0091  0.0024  0.0009  0.0000  0.0041  0.0000  0.0000  0.0000
 0.1043  0.0000  0.0214  0.0226  0.0303  0.3881  0.0511  0.0176  0.1136  0.0436  0.3717  0.0668  0.0240  1.0000  0.0272  0.0372  0.0593  0.0478  0.0979  0.0812  0.0000  0.4404  0.0000  0.0000  0.0000
 0.8662  0.0000  0.1431  0.5704  0.9165  0.0545  0.3509  0.1184  0.1765  1.0000  0.2841  0.0996  0.4550  0.2540  0.6083  0.5801  0.8945  0.5740  0.3051  0.0183  0.0000  0.0478  0.0000  0.0000  0.0000
 0.1991  0.0000  0.0302  0.0839  0.2429  0.0896  0.1506  0.1989  0.0966  1.0000  0.2449  0.0672  0.2339  0.1334  0.4120  0.8606  0.1748  0.1959  0.1262  0.0376  0.0000  0.1478  0.0000  0.0000  0.0000
 0.0000  0.0000  0.0000  0.0000  0.0000  0.0000  0.0000  0.0000  0.0000  0.0000  0.0000  0.0000  0.0000  0.0000  0.0000  1.0000  0.0000  0.0000  0.0000  0.0000  0.0000  0.0000  0.0000  0.0000  0.0000
 0.9520  0.0000  0.0120  0.0104  0.0126  0.0049  0.0665  0.0024  0.0067  0.0127  0.0129  0.0057  0.0085  1.0000  0.0087  0.0091  0.0607  0.0223  0.0222  0.0018  0.0000  0.0037  0.0000  0.0000  0.0000
 0.0000  0.0000  0.0000  0.0000  0.0000  0.0000  0.0000  0.0000  0.0000  0.0000  0.0000  0.0000  0.0000  0.0000  0.0000  0.0000  0.0000  1.0000  0.0000  0.0000  0.0000  0.0000  0.0000  0.0000  0.0000
 1.0000  0.0000  0.0044  0.0024  0.0038  0.0022  0.0141  0.0008  0.0110  0.0040  0.0098  0.0033  0.0023  0.0083  0.0028  0.0026  0.0143  0.0112  0.1394  0.0006  0.0000  0.0012  0.0000  0.0000  0.0000
 0.4614  0.0000  0.0179  0.5294  1.0000  0.0232  0.1476  0.0569  0.0674  0.3661  0.1111  0.1246  0.1852  0.1332  0.3657  0.1827  0.3209  0.2124  0.1068  0.0089  0.0000  0.0223  0.0000  0.0000  0.0000
 0.4992  0.0000  0.0311  0.4682  1.0000  0.0668  0.1546  0.0875  0.0918  0.3216  0.1359  0.0484  0.1328  0.1558  0.6262  0.1708  0.2106  0.1812  0.1790  0.0890  0.0000  0.0869  0.0000  0.0000  0.0000
 0.0000  0.0000  0.0000  0.0000  0.0000  0.0000  0.0000  0.0000  0.0000  0.0000  1.0000  0.0000  0.0000  0.0000  0.0000  0.0000  0.0000  0.0000  0.0000  0.0000  0.0000  0.0000  0.0000  0.0000  0.0000
 0.0000  0.0000  0.0000  0.0000  0.0000  0.0000  0.0000  0.0000  0.0000  0.0000  1.0000  0.0000  0.0000  0.0000  0.0000  0.0000  0.0000  0.0000  0.0000  0.0000  0.0000  0.0000  0.0000  0.0000  0.0000
 0.7198  0.0000  0.0081  0.5262  0.9229  0.0140  0.0826  0.0361  0.0313  0.1917  0.0532  0.0199  0.1002  0.0855  0.4363  0.0820  1.0000  0.1063  0.0526  0.0059  0.0000  0.0160  0.0000  0.0000  0.0000
 0.0935  0.0000  0.0250  0.0311  0.0386  0.1800  0.0532  0.0355  0.3316  0.0677  1.0000  0.2172  0.0385  0.0507  0.0539  0.0618  0.0404  0.0583  0.1970  0.0261  0.0000  0.0344  0.0000  0.0000  0.0000
 0.1402  0.0000  0.0035  0.0033  0.0039  0.0015  0.0193  0.0008  0.0020  0.0039  0.0039  0.0017  0.0027  1.0000  0.0027  0.0028  0.0175  0.0067  0.0065  0.0006  0.0000  0.0011  0.0000  0.0000  0.0000
 0.4740  0.0000  0.1218  0.1392  0.1868  1.0000  0.2235  0.3656  0.2887  0.3399  0.4735  0.3175  0.2084  0.1413  0.2011  0.2390  0.2732  0.2730  0.4838  0.1251  0.0000  0.7367  0.0000  0.0000  0.0000
 0.0112  0.0000  0.0032  0.0019  0.0028  0.0152  0.0034  0.0006  0.3419  0.0039  0.8631  0.0164  0.0025  0.0027  0.0023  0.0032  0.0038  0.0107  1.0000  0.0018  0.0000  0.0051  0.0000  0.0000  0.0000
 0.0128  0.0000  0.0012  0.0024  0.0180  0.0026  0.0091  0.0114  0.0055  0.3376  0.0129  0.0043  0.0124  0.0101  0.5207  1.0000  0.0105  0.0137  0.0072  0.0020  0.0000  0.0057  0.0000  0.0000  0.0000
 0.2204  0.0000  0.0153  0.1551  0.2106  0.0255  0.1382  0.1920  0.0452  1.0000  0.0956  0.0322  0.7694  0.0881  0.7995  0.4428  0.1552  0.1325  0.0633  0.0148  0.0000  0.0489  0.0000  0.0000  0.0000
 0.5710  0.0000  0.0330  0.0847  0.2045  0.0760  0.1375  0.3094  0.0892  0.7919  0.2601  0.0533  0.1286  1.0000  0.2277  0.4680  0.1684  0.1615  0.1371  0.0273  0.0000  0.1122  0.0000  0.0000  0.0000
 0.3332  0.0000  0.0281  0.2211  0.5269  0.0451  0.1842  0.1189  0.1028  1.0000  0.2596  0.1917  0.2415  0.1545  0.4270  0.9169  0.3085  0.2772  0.2095  0.0212  0.0000  0.0650  0.0000  0.0000  0.0000
 0.7337  0.0000  0.0501  0.5768  1.0000  0.0506  0.3529  0.1204  0.1751  0.9243  0.2853  0.0999  0.4586  0.2940  0.5682  0.5663  0.6942  0.5312  0.2660  0.0453  0.0000  0.0432  0.0000  0.0000  0.0000
 0.2395  0.0000  0.0402  0.0786  0.2621  0.1275  0.1556  0.1957  0.1237  1.0000  0.2458  0.0810  0.1908  0.1441  0.3749  0.8472  0.2020  0.2277  0.1636  0.0525  0.0000  0.1979  0.0000  0.0000  0.0000
 0.7573  0.0000  0.0582  0.6398  1.0000  0.0674  0.4099  0.1415  0.1924  0.9514  0.3205  0.1097  0.5296  0.2983  0.5936  0.5728  0.7501  0.5764  0.2914  0.0226  0.0000  0.0665  0.0000  0.0000  0.0000
 0.2972  0.0000  0.0952  0.0976  0.1366  0.4641  0.1545  0.3096  0.5427  0.2219  1.0000  0.3355  0.1486  0.1148  0.1559  0.1720  0.1938  0.2193  0.5431  0.0958  0.0000  0.4591  0.0000  0.0000  0.0000
 0.3648  0.0000  0.0752  0.1654  0.3066  0.2102  0.1549  0.1637  0.2536  0.2515  1.0000  0.1435  0.2414  0.1770  0.1890  0.1911  0.3110  0.2860  0.7466  0.0535  0.0000  0.2668  0.0000  0.0000  0.0000
 0.4870  0.0000  0.1952  0.1972  0.2619  0.7086  0.3165  0.5208  0.3782  0.2921  0.6497  0.2120  0.2951  0.1962  0.2819  0.3338  0.4468  0.4357  0.4823  0.2602  0.0000  1.0000  0.0000  0.0000  0.0000
 0.5164  0.0000  0.1809  0.2099  0.2805  0.6970  0.3372  0.5378  0.3916  0.2972  0.6584  0.2235  0.3114  0.2091  0.2966  0.3494  0.4151  0.3944  0.5004  0.1832  0.0000  1.0000  0.0000  0.0000  0.0000
 0.8511  0.0000  0.1560  0.3693  0.6152  0.3028  0.2935  0.2485  0.5509  0.5518  0.6380  0.2211  0.3422  0.2634  0.3958  0.3727  0.5146  0.6087  1.0000  0.0769  0.0000  0.3663  0.0000  0.0000  0.0000
 1.0000  0.0000  0.1311  0.3695  0.5863  0.2160  0.3963  0.1797  0.4447  0.5700  0.6036  0.1779  0.3377  0.3329  0.4066  0.3689  0.6865  0.6327  0.7393  0.0555  0.0000  0.2325  0.0000  0.0000  0.0000
 0.9082  0.0000  0.0607  0.5944  1.0000  0.0776  0.3712  0.1374  0.2525  0.8894  0.3529  0.1113  0.4782  0.2701  0.5660  0.5787  0.7815  0.5981  0.3162  0.0244  0.0000  0.0783  0.0000  0.0000  0.0000
 0.0718  0.0000  0.0041  0.1982  1.0000  0.0059  0.0352  0.0145  0.0504  0.0841  0.0248  0.0090  0.0450  0.0321  0.0683  0.1751  0.2519  0.0495  0.0239  0.0023  0.0000  0.0064  0.0000  0.0000  0.0000
 1.0000  0.0000  0.1885  0.5528  0.8589  0.7022  0.5347  0.5762  0.4579  0.8065  0.7512  0.2574  0.5649  0.3732  0.6077  0.6168  0.8449  0.7423  0.6232  0.1732  0.0000  0.9060  0.0000  0.0000  0.0000
 0.0634  0.0000  0.0175  0.0121  0.0207  0.2027  0.0194  0.0264  0.2353  0.0262  1.0000  0.2085  0.0209  0.0670  0.0328  0.1160  0.0257  0.0404  0.1703  0.0196  0.0000  0.0468  0.0000  0.0000  0.0000
 0.5856  0.0000  0.0711  0.3986  0.6668  0.0383  0.3855  0.0823  0.1187  0.5745  0.1923  0.0677  0.4366  0.2536  0.3650  0.5074  1.0000  0.3626  0.1826  0.0128  0.0000  0.0345  0.0000  0.0000  0.0000
 0.7909  0.0000  0.0812  0.5970  0.9641  0.1755  0.4083  0.2267  0.2445  1.0000  0.4215  0.1391  0.5180  0.2925  0.6111  0.6659  0.7741  0.5977  0.3862  0.0512  0.0000  0.2228  0.0000  0.0000  0.0000
 0.5979  0.0000  0.1870  0.2215  0.3037  0.7552  0.3742  0.5442  0.5803  0.3482  0.9850  0.2934  0.3248  0.2318  0.3243  0.3917  0.4465  0.4252  0.6443  0.1904  0.0000  1.0000  0.0000  0.0000  0.0000
 0.5060  0.0000  0.1755  0.2039  0.2713  0.6973  0.3268  0.5371  0.3986  0.2893  0.6454  0.2228  0.3047  0.2027  0.2915  0.3567  0.4082  0.3889  0.5030  0.1978  0.0000  1.0000  0.0000  0.0000  0.0000
 1.0000  0.0000  0.1560  0.1210  0.1892  0.0178  0.2867  0.0289  0.0408  0.2558  0.0653  0.0234  0.2169  0.0609  0.1135  0.1021  0.4238  0.2377  0.1356  0.0058  0.0000  0.0187  0.0000  0.0000  0.0000
 0.2594  0.0000  0.0593  0.0422  0.0740  0.1199  0.0444  0.0560  0.6700  0.0786  0.5989  0.1349  0.0554  0.0668  0.0613  0.1210  0.2227  0.2803  1.0000  0.0240  0.0000  0.1040  0.0000  0.0000  0.0000
 0.3137  0.0000  0.1094  0.1268  0.1686  0.4354  0.3092  0.3349  0.3145  0.1796  0.4760  0.2955  0.1897  0.2536  0.1814  0.2148  0.3128  0.2419  0.3108  1.0000  0.0000  0.7956  0.0000  0.0000  0.0000
 0.5104  0.0000  0.0782  0.8861  0.5854  0.0825  0.7314  0.2234  0.1090  0.6603  0.1906  0.0675  1.0000  0.2428  0.4899  0.4530  0.7181  0.4196  0.1687  0.0322  0.0000  0.1395  0.0000  0.0000  0.0000
 0.8854  0.0000  0.2253  0.2703  0.3860  0.7429  0.4294  0.5542  0.6055  0.4221  0.8416  0.2776  0.3701  0.2955  0.3716  0.4451  0.5935  0.6192  0.9166  0.1896  0.0000  1.0000  0.0000  0.0000  0.0000
 0.4324  0.0000  0.0725  0.1964  0.3059  0.2443  0.1792  0.1781  0.6105  0.4339  1.0000  0.5175  0.2685  0.1346  0.2271  0.2360  0.3908  0.2915  0.3465  0.0592  0.0000  0.2829  0.0000  0.0000  0.0000
 0.5884  0.0000  0.1454  0.1217  0.1955  0.4031  0.1736  0.2468  0.6650  0.2231  0.9372  0.2557  0.1749  0.1770  0.1931  0.2137  0.2711  0.4331  1.0000  0.0922  0.0000  0.4375  0.0000  0.0000  0.0000
 0.4018  0.0000  0.0856  0.2043  0.1505  0.1838  0.1938  0.1628  0.1521  0.1814  0.2103  0.0827  0.3687  0.1633  0.1511  0.1493  0.8381  1.0000  0.2153  0.0780  0.0000  0.2632  0.0000  0.0000  0.0000
 0.1835  0.0000  0.0347  0.0316  0.0462  0.2072  0.0495  0.0770  0.2898  0.0861  1.0000  0.1251  0.0487  0.0426  0.0548  0.0571  0.0637  0.0834  0.3050  0.1928  0.0000  0.1422  0.0000  0.0000  0.0000
 1.0000  0.0000  0.1947  0.6201  0.9528  0.6434  0.5572  0.5576  0.4943  0.9430  0.8042  0.2726  0.6186  0.3821  0.6799  0.6951  0.8792  0.7649  0.6820  0.1720  0.0000  0.8902  0.0000  0.0000  0.0000
 0.8814  0.0000  0.6001  0.1109  0.1130  0.0604  0.5825  0.0445  0.0754  0.1314  0.2909  0.0541  0.1403  0.2256  0.0964  0.0930  0.9320  1.0000  0.1769  0.0224  0.0000  0.0664  0.0000  0.0000  0.0000
 0.2845  0.0000  0.0790  0.0829  0.1152  0.4192  0.1332  0.2128  0.3975  0.1277  1.0000  0.2367  0.1270  0.0971  0.1351  0.1637  0.1642  0.1768  0.3289  0.1286  0.0000  0.3917  0.0000  0.0000  0.0000
 0.5292  0.0000  0.1782  0.2244  0.3008  0.7036  0.3396  0.5436  0.4011  0.3153  0.6623  0.2241  0.3215  0.2117  0.3090  0.3607  0.4203  0.4075  0.5144  0.1847  0.0000  1.0000  0.0000  0.0000  0.0000
 0.4529  0.0000  0.1393  0.1704  0.1963  1.0000  0.2310  0.3244  0.4141  0.2204  0.6455  0.1949  0.2659  0.1891  0.2103  0.2340  0.7499  0.7773  0.4533  0.3774  0.0000  0.9446  0.0000  0.0000  0.0000
 0.1474  0.0000  0.0115  0.1595  1.0000  0.0228  0.0895  0.4958  0.0428  0.4535  0.0859  0.0295  0.1194  0.0828  0.4107  0.7607  0.2733  0.1190  0.0620  0.0120  0.0000  0.0378  0.0000  0.0000  0.0000
 0.4570  0.0000  0.1403  0.8429  0.3847  0.4532  0.7931  0.4749  0.2553  0.3899  0.4289  0.1463  1.0000  0.2377  0.3188  0.3631  0.6457  0.3935  0.3320  0.1409  0.0000  0.7289  0.0000  0.0000  0.0000
 0.3350  0.0000  0.0540  0.1432  0.0467  0.0563  0.0106  0.0175  0.5671  0.0473  1.0000  0.0791  0.0258  0.0581  0.0363  0.0301  0.0498  0.2280  0.7244  0.0093  0.0000  0.0262  0.0000  0.0000  0.0000
 0.8797  0.0000  0.1971  0.4047  0.5859  0.7209  0.4722  0.5726  0.4514  0.5822  0.7966  0.2537  0.5055  0.3022  0.4774  0.5098  0.7176  0.6545  0.6098  0.1885  0.0000  1.0000  0.0000  0.0000  0.0000
 0.5360  0.0000  0.1760  0.2414  0.3254  0.6916  0.3426  0.5524  0.3981  0.3334  0.6517  0.2259  0.3310  0.2143  0.3183  0.3751  0.4335  0.4130  0.5094  0.1819  0.0000  1.0000  0.0000  0.0000  0.0000
 0.5048  0.0000  0.1762  0.2043  0.2716  0.7029  0.3289  0.5415  0.3933  0.2892  0.6477  0.2198  0.3058  0.2067  0.2926  0.3461  0.3989  0.3895  0.5001  0.1842  0.0000  1.0000  0.0000  0.0000  0.0000
 0.8273  0.0000  0.0731  0.6152  1.0000  0.0882  0.3817  0.1443  0.2612  0.9073  0.3722  0.1249  0.4893  0.2881  0.6007  0.5206  0.7390  0.6229  0.4450  0.0267  0.0000  0.0868  0.0000  0.0000  0.0000
 0.1946  0.0000  0.0522  0.1613  0.5537  0.0140  0.2766  0.0323  0.0482  0.2895  0.0774  0.0273  0.1298  0.0713  0.2553  0.1337  1.0000  0.3514  0.0736  0.0049  0.0000  0.0117  0.0000  0.0000  0.0000
 0.5162  0.0000  0.1770  0.2130  0.2869  0.7029  0.3345  0.5426  0.3977  0.3111  0.6525  0.2216  0.3136  0.2091  0.3031  0.3620  0.4099  0.3989  0.5068  0.1869  0.0000  1.0000  0.0000  0.0000  0.0000
 0.2229  0.0000  0.0526  0.0578  0.0771  0.2269  0.2065  0.1423  0.5401  0.0846  1.0000  0.1065  0.0857  0.0601  0.0828  0.0982  0.1148  0.1214  0.4648  0.0532  0.0000  0.3925  0.0000  0.0000  0.0000
 0.4094  0.0000  0.0677  0.2382  0.4371  0.1907  0.2415  0.9041  0.1789  0.9644  0.4206  0.1080  0.3081  0.1969  1.0000  0.7258  0.5929  0.5763  0.2450  0.0615  0.0000  0.2773  0.0000  0.0000  0.0000
 0.2761  0.0000  0.0631  0.0840  0.2604  0.2285  0.1866  0.2750  0.1683  1.0000  0.3235  0.1065  0.2144  0.1727  0.3905  0.8682  0.2224  0.2515  0.2175  0.0732  0.0000  0.3500  0.0000  0.0000  0.0000
 0.5579  0.0000  0.2363  0.2388  0.3272  0.7036  0.3497  0.5570  0.4218  0.3506  0.6988  0.2280  0.3365  0.2362  0.3280  0.4050  0.4625  0.4563  0.5357  0.1853  0.0000  1.0000  0.0000  0.0000  0.0000
 0.2003  0.0000  0.0487  0.1503  0.1041  0.2844  1.0000  0.1412  0.0900  0.3090  0.1532  0.0528  0.1922  0.0803  0.1014  0.1320  0.2153  0.1252  0.1226  0.0425  0.0000  0.2745  0.0000  0.0000  0.0000
 0.9756  0.0000  0.0712  0.0969  0.1375  0.0388  0.3700  0.0324  0.0635  0.2398  0.3546  0.0438  0.0917  1.0000  0.1004  0.1204  0.6766  0.2301  0.1610  0.0138  0.0000  0.0368  0.0000  0.0000  0.0000
 0.2266  0.0000  0.0245  0.1604  0.2875  0.0462  0.2962  0.1659  0.0771  1.0000  0.1635  0.0550  0.2536  0.3435  0.3527  0.8174  0.2328  0.2061  0.1073  0.0253  0.0000  0.0840  0.0000  0.0000  0.0000
 0.5693  0.0000  0.1832  0.2398  0.3173  0.7076  0.3516  0.5455  0.4115  0.3333  0.6669  0.2275  0.3398  0.2256  0.3212  0.3708  0.4934  0.5000  0.5306  0.1861  0.0000  1.0000  0.0000  0.0000  0.0000
 0.3106  0.0000  0.0618  0.0824  0.0696  0.0407  0.0634  0.0293  0.1971  0.0944  0.2202  0.0596  0.1452  0.1181  0.0727  0.0598  0.7935  1.0000  0.4175  0.0157  0.0000  0.0316  0.0000  0.0000  0.0000
 0.3890  0.0000  0.0329  0.6139  1.0000  0.0398  0.2152  0.0808  0.2674  0.3146  0.1060  0.0421  0.2583  0.5216  0.3014  0.1390  0.6405  0.3864  0.1255  0.0166  0.0000  0.0518  0.0000  0.0000  0.0000
 0.6369  0.0000  0.0459  0.5251  1.0000  0.0458  0.3209  0.1061  0.1598  0.9295  0.3088  0.0904  0.4172  0.6082  0.4986  0.5151  0.7317  0.6486  0.3684  0.0157  0.0000  0.0379  0.0000  0.0000  0.0000
 1.0000  0.0000  0.1141  0.4572  0.4637  0.1542  0.6620  0.1986  0.1439  0.4479  0.2538  0.0954  0.4532  0.3043  0.3070  0.2963  0.7054  0.3899  0.2661  0.0469  0.0000  0.2063  0.0000  0.0000  0.0000
 0.0678  0.0000  0.0714  0.0241  0.0163  0.0069  0.0210  0.0073  0.0693  0.0238  0.0195  0.0097  0.0430  0.1011  0.0185  0.0152  1.0000  0.3436  0.0376  0.0040  0.0000  0.0075  0.0000  0.0000  0.0000
 0.1392  0.0000  0.0176  0.0402  0.0515  0.0125  0.0663  0.0139  0.1279  0.0617  0.0379  0.0145  0.0447  1.0000  0.2512  0.0444  0.4175  0.1625  0.0550  0.0051  0.0000  0.0132  0.0000  0.0000  0.0000
 0.1627  0.0000  0.0170  0.0881  0.1387  0.0169  0.1993  0.0448  0.0366  0.3661  0.0662  0.0241  0.1093  1.0000  0.1303  0.4483  0.2460  0.3455  0.0579  0.0088  0.0000  0.0252  0.0000  0.0000  0.0000
 0.6706  0.0000  0.3354  0.4154  0.3414  0.6739  0.4896  0.5546  0.4300  0.3767  0.6575  0.2287  0.6840  0.2845  0.3459  0.3857  0.8739  0.8758  0.5523  0.1830  0.0000  1.0000  0.0000  0.0000  0.0000
 0.8699  0.0000  0.0792  0.6362  1.0000  0.1103  0.4473  0.1654  0.2432  0.9409  0.3572  0.1373  0.5316  0.3255  0.6038  0.5460  0.9233  0.7779  0.3412  0.0347  0.0000  0.1229  0.0000  0.0000  0.0000
 0.6531  0.0000  0.1929  0.3340  0.4180  0.7103  0.4143  0.5746  0.4455  0.4583  0.7438  0.2475  0.4512  0.2692  0.3910  0.4492  0.6549  0.6521  0.5731  0.1886  0.0000  1.0000  0.0000  0.0000  0.0000
 0.5676  0.0000  0.1873  0.0684  0.1304  0.2400  0.1003  0.1215  0.6321  0.1528  0.9569  0.2116  0.0992  0.1882  0.1246  0.1709  0.1722  0.3689  1.0000  0.0495  0.0000  0.2040  0.0000  0.0000  0.0000
 0.7037  0.0000  0.1938  0.2234  0.2936  0.7041  0.4463  0.5377  0.4203  0.3161  0.7286  0.2323  0.3224  0.2729  0.3077  0.3631  0.5086  0.4334  0.5752  0.1852  0.0000  1.0000  0.0000  0.0000  0.0000
 0.7407  0.0000  0.0554  0.6329  1.0000  0.0637  0.3730  0.1291  0.1974  0.9013  0.3145  0.1069  0.4825  0.2807  0.5846  0.5114  0.7227  0.5612  0.2952  0.0207  0.0000  0.0588  0.0000  0.0000  0.0000
 0.0348  0.0000  0.0037  0.0120  0.0315  0.0048  0.0235  0.0176  0.0095  0.2750  0.0207  0.0072  0.0267  0.0545  0.0459  0.1873  1.0000  0.0366  0.0141  0.0033  0.0000  0.0093  0.0000  0.0000  0.0000
 0.1539  0.0000  0.0261  0.0565  0.0432  0.0138  0.0627  0.0190  0.0352  0.0800  0.0382  0.0192  0.0950  0.2462  0.0484  0.1645  1.0000  0.5315  0.0596  0.0084  0.0000  0.0166  0.0000  0.0000  0.0000
 0.5343  0.0000  0.1645  0.1837  0.2601  0.6558  0.2940  0.4511  0.5182  0.3096  1.0000  0.2771  0.2732  0.2289  0.2802  0.3593  0.3779  0.3987  0.6425  0.1592  0.0000  0.8218  0.0000  0.0000  0.0000
 0.0899  0.0000  0.0092  0.0218  0.0125  0.0040  0.2253  0.0049  0.0044  0.0133  0.0093  0.0042  0.0236  0.0241  0.0090  0.0088  1.0000  0.0239  0.0147  0.0017  0.0000  0.0043  0.0000  0.0000  0.0000
 0.2516  0.0000  0.0196  0.0187  0.0198  0.0077  0.1055  0.0043  0.0102  0.0214  0.0197  0.0093  0.0188  0.2465  0.0149  0.0150  1.0000  0.0605  0.0338  0.0030  0.0000  0.0063  0.0000  0.0000  0.0000
 0.5970  0.0000  0.0494  0.8735  0.8081  0.0458  0.6310  0.1355  0.1415  0.9962  0.2310  0.0811  1.0000  0.3141  0.7673  0.4159  0.7575  0.4658  0.2164  0.0173  0.0000  0.0519  0.0000  0.0000  0.0000
 0.5344  0.0000  0.1813  0.2120  0.2847  0.7382  0.3381  0.7689  0.4704  0.3233  0.9404  0.3306  0.3186  0.2163  0.3106  0.3733  0.5789  0.4256  0.5480  0.6550  0.0000  1.0000  0.0000  0.0000  0.0000
 0.7795  0.0000  0.1051  1.0000  0.7361  0.1998  0.3890  0.1844  0.3607  0.5761  0.6322  0.1598  0.4382  0.3323  0.4151  0.3541  0.9655  0.8405  0.4554  0.0547  0.0000  0.2191  0.0000  0.0000  0.0000
 0.0189  0.0000  0.0044  0.7224  0.0288  0.0039  0.0646  0.1172  0.0021  0.0264  0.0044  0.0016  1.0000  0.0150  0.0179  0.0134  0.0508  0.1184  0.0035  0.0020  0.0000  0.0101  0.0000  0.0000  0.0000
 0.3796  0.0000  0.0219  0.7386  1.0000  0.0316  0.2912  0.0719  0.0610  0.3450  0.1432  0.0388  0.2207  0.1567  0.3064  0.1582  0.2746  0.1988  0.1033  0.0122  0.0000  0.0385  0.0000  0.0000  0.0000
 0.9887  0.0000  0.1145  0.1684  0.2377  0.0745  0.4888  0.0920  0.1579  0.5037  0.2164  0.0864  0.2317  0.3505  0.2392  0.4515  1.0000  0.7659  0.3774  0.0312  0.0000  0.0851  0.0000  0.0000  0.0000
 0.1532  0.0000  0.0448  0.0515  0.0792  0.2492  0.1186  0.1028  0.7097  0.1106  1.0000  0.3006  0.0756  0.0615  0.0906  0.1621  0.1000  0.1362  0.4301  0.0467  0.0000  0.1883  0.0000  0.0000  0.0000
 0.2223  0.0000  0.0394  0.6257  0.1877  0.1803  1.0000  0.1255  0.0367  0.1790  0.0671  0.0244  0.5556  0.1109  0.1232  0.1879  0.5950  0.1564  0.0608  0.0196  0.0000  0.0978  0.0000  0.0000  0.0000
 0.8792  0.0000  0.2172  0.3977  0.5053  0.7231  0.4092  0.6155  0.5880  0.4941  0.8488  0.3109  0.4113  0.5065  0.4257  0.4593  0.5708  0.6122  0.9703  0.1888  0.0000  1.0000  0.0000  0.0000  0.0000
 0.1464  0.0000  0.0200  0.4291  0.1639  0.0152  0.2497  0.0580  0.0153  0.1092  0.0282  0.0111  0.2996  0.2508  0.1360  0.0559  1.0000  0.1057  0.0305  0.0072  0.0000  0.0309  0.0000  0.0000  0.0000
 0.6663  0.0000  0.1801  0.2094  0.2950  0.6019  0.3203  0.4728  0.5371  0.3360  1.0000  0.2622  0.2963  0.2584  0.2946  0.3438  0.5075  0.5353  0.8055  0.1524  0.0000  0.7843  0.0000  0.0000  0.0000
 0.6210  0.0000  0.0982  0.2260  0.1779  0.1103  0.3215  0.1784  0.1913  0.2416  0.2270  0.0839  0.2987  0.2118  0.1563  0.1801  1.0000  0.8346  0.4323  0.0368  0.0000  0.1373  0.0000  0.0000  0.0000
 0.0257  0.0000  0.0040  0.0397  0.0167  0.0031  0.0387  0.0092  0.0031  0.0171  0.0062  0.0020  0.1763  1.0000  0.0106  0.0109  0.0315  0.0168  0.0060  0.0019  0.0000  0.0053  0.0000  0.0000  0.0000
 0.7256  0.0000  0.0535  0.6166  1.0000  0.0616  0.3659  0.1271  0.1840  0.8867  0.2971  0.1042  0.4731  0.2665  0.5699  0.5021  0.6984  0.5477  0.2786  0.0202  0.0000  0.0568  0.0000  0.0000  0.0000
 0.7262  0.0000  0.1433  0.1625  0.2451  0.1855  0.1767  0.1377  0.5014  0.2505  0.4483  0.1469  0.1999  0.2085  0.1902  0.1781  0.5111  0.7538  1.0000  0.0487  0.0000  0.2120  0.0000  0.0000  0.0000
 0.0668  0.0000  0.0179  0.0097  0.0150  0.0585  0.0165  0.0025  0.8758  0.0200  0.4189  0.0610  0.0124  0.0140  0.0096  0.0153  0.2664  0.0632  1.0000  0.0073  0.0000  0.0246  0.0000  0.0000  0.0000
 1.0000  0.0000  0.0903  0.3183  0.5444  0.0603  0.5517  0.0705  0.1020  0.3980  0.2376  0.0720  0.2322  0.3679  0.2694  0.2349  0.6581  0.3350  0.2204  0.0203  0.0000  0.0589  0.0000  0.0000  0.0000
 0.5778  0.0000  0.1842  0.2392  0.3327  0.7313  0.3576  0.5615  0.4036  0.3956  0.6678  0.2271  0.3408  0.2252  0.3402  0.4783  0.4835  0.4323  0.5184  0.1856  0.0000  1.0000  0.0000  0.0000  0.0000
 0.2096  0.0000  0.0236  0.0713  0.2458  0.0360  0.1314  0.1323  0.0759  1.0000  0.1587  0.0546  0.1792  0.1935  0.3891  0.8903  0.2455  0.3502  0.1080  0.0250  0.0000  0.0704  0.0000  0.0000  0.0000
 0.4764  0.0000  0.0797  0.1253  0.1402  0.0626  0.1152  0.0512  0.2496  0.1603  0.2565  0.0760  0.1823  0.1900  0.1179  0.1017  0.7233  1.0000  0.4613  0.0218  0.0000  0.0601  0.0000  0.0000  0.0000
 0.8334  0.0000  0.0751  0.6224  1.0000  0.1062  0.3971  0.1606  0.2514  0.9288  0.3942  0.1282  0.5087  0.3171  0.5963  0.5661  0.8314  0.6770  0.4695  0.0320  0.0000  0.1148  0.0000  0.0000  0.0000
 0.0820  0.0000  0.0086  0.0298  0.0152  0.0040  1.0000  0.0073  0.0043  0.0208  0.0093  0.0041  0.0338  0.0230  0.0119  0.0930  0.3970  0.0227  0.0136  0.0017  0.0000  0.0053  0.0000  0.0000  0.0000
 0.4222  0.0000  0.0534  0.4847  0.4403  0.1022  0.4118  0.2772  0.1120  0.4515  0.1869  0.0656  0.5362  0.2744  0.2872  0.3459  1.0000  0.3235  0.1648  0.0319  0.0000  0.1477  0.0000  0.0000  0.0000
 0.2223  0.0000  0.0616  0.0826  0.0875  0.1823  0.0966  0.1271  0.2731  0.1060  0.2840  0.0784  0.1353  0.0939  0.0955  0.1025  0.4149  1.0000  0.2483  0.0490  0.0000  0.3297  0.0000  0.0000  0.0000
 0.1145  0.0000  0.0152  0.0839  0.0417  0.0089  0.0954  0.0493  0.0127  0.0473  0.0192  0.0086  0.0994  0.2455  0.0300  0.0304  1.0000  0.1277  0.0270  0.0044  0.0000  0.0136  0.0000  0.0000  0.0000
 0.0555  0.0000  0.0115  0.0227  0.0146  0.0060  0.0156  0.0066  0.2671  0.0220  0.0175  0.0087  0.0413  0.0274  0.0171  0.0139  0.4951  1.0000  0.0321  0.0037  0.0000  0.0065  0.0000  0.0000  0.0000
 0.3293  0.0000  0.0063  0.0054  0.0061  0.0024  0.0350  0.0012  0.0030  0.0065  0.0062  0.0029  0.0049  1.0000  0.0045  0.0046  0.1934  0.0140  0.0108  0.0009  0.0000  0.0019  0.0000  0.0000  0.0000
 0.3799  0.0000  0.0827  0.3331  0.3754  0.2608  0.3552  0.3243  0.1958  1.0000  0.3617  0.1213  0.4811  0.2095  0.4396  0.8388  0.4149  0.3748  0.2569  0.0824  0.0000  0.3943  0.0000  0.0000  0.0000
 0.5699  0.0000  0.0459  0.3326  0.4035  0.0364  0.3835  0.0743  0.0958  0.3975  0.1424  0.0547  0.5280  0.1654  0.2544  0.5328  1.0000  0.7952  0.1533  0.0152  0.0000  0.0405  0.0000  0.0000  0.0000
 0.7255  0.0000  0.0911  0.9617  0.6446  0.1085  0.8168  0.2367  0.1264  0.6236  0.2489  0.0803  1.0000  0.2950  0.4009  0.3849  0.8258  0.4664  0.2114  0.0389  0.0000  0.1701  0.0000  0.0000  0.0000
 0.5641  0.0000  0.3553  0.2066  0.2714  0.6793  0.4584  0.5214  0.4618  0.2900  0.6411  0.2853  0.3050  0.2158  0.2890  0.3408  0.5559  0.4090  0.5037  0.1787  0.0000  1.0000  0.0000  0.0000  0.0000
 0.5122  0.0000  0.1763  0.2116  0.2828  0.6991  0.3407  0.5496  0.3981  0.3001  0.6483  0.2203  0.3220  0.2061  0.2985  0.3675  0.4237  0.4050  0.5017  0.1861  0.0000  1.0000  0.0000  0.0000  0.0000
 0.4872  0.0000  0.0406  0.3539  0.3069  0.0289  1.0000  0.0759  0.0571  0.5083  0.0988  0.0369  0.6334  0.4152  0.1886  0.1715  0.6391  0.2255  0.1046  0.0115  0.0000  0.0392  0.0000  0.0000  0.0000
 0.6149  0.0000  0.0269  0.2936  0.7982  0.0291  0.1921  0.0804  0.0943  0.8400  0.1617  0.0563  0.2464  0.1468  0.3306  1.0000  0.6406  0.2844  0.1424  0.0125  0.0000  0.0315  0.0000  0.0000  0.0000
 0.2143  0.0000  0.0424  0.5570  0.0912  0.0243  0.0802  0.0322  0.1834  0.1026  0.0650  0.0326  0.1831  0.1071  0.0788  0.0623  0.7648  1.0000  0.1093  0.0143  0.0000  0.0290  0.0000  0.0000  0.0000
 0.9866  0.0000  0.0365  0.0314  0.0365  0.1187  0.1962  0.0093  0.0207  0.0388  0.0398  0.0179  0.0293  1.0000  0.0272  0.0280  0.4563  0.0848  0.0658  0.0060  0.0000  0.0155  0.0000  0.0000  0.0000
 0.0066  0.0000  0.0018  0.0009  0.0017  0.1848  0.0014  0.0012  0.0314  0.0021  1.0000  0.0205  0.0015  0.0028  0.0031  0.0021  0.0021  0.0038  0.0177  0.0043  0.0000  0.0117  0.0000  0.0000  0.0000
 0.1730  0.0000  0.1395  0.9543  0.2331  0.0333  0.4823  0.1479  0.0250  0.2249  0.0468  0.0170  1.0000  0.1205  0.1500  0.1453  0.4489  0.1965  0.0400  0.0159  0.0000  0.0786  0.0000  0.0000  0.0000
 0.2078  0.0000  0.0677  0.0729  0.1014  0.3351  0.1402  0.2483  0.3895  0.1134  1.0000  0.2054  0.1108  0.0843  0.1182  0.1304  0.1440  0.1518  0.3325  0.0725  0.0000  0.3380  0.0000  0.0000  0.0000
 0.4170  0.0000  0.0863  0.3470  0.3086  0.1772  0.2586  0.2069  0.1664  0.3087  0.2676  0.0906  0.4086  0.1924  0.2311  0.2156  0.9357  1.0000  0.2373  0.0555  0.0000  0.2481  0.0000  0.0000  0.0000
 0.5093  0.0000  0.0361  0.8964  1.0000  0.0358  0.2755  0.0922  0.1229  0.8865  0.2003  0.0705  0.6574  0.2547  0.4145  0.5852  0.4962  0.3826  0.1883  0.0130  0.0000  0.0321  0.0000  0.0000  0.0000
 0.5120  0.0000  0.0964  0.0889  0.1957  0.1208  0.0857  0.0936  0.6490  0.3472  0.4352  0.1276  0.1170  0.1400  0.2143  0.3014  0.1741  0.3713  1.0000  0.0293  0.0000  0.1154  0.0000  0.0000  0.0000
 0.1833  0.0000  0.0196  1.0000  0.1289  0.0158  0.2440  0.0725  0.0135  0.1130  0.0239  0.0092  0.8598  0.0655  0.0775  0.0584  0.8588  0.1261  0.0231  0.0080  0.0000  0.0375  0.0000  0.0000  0.0000
 0.0710  0.0000  0.0112  0.0525  0.1463  0.0072  0.0293  0.0118  0.0194  0.0525  0.0224  0.0103  0.0560  0.0341  0.3429  0.0311  1.0000  0.8702  0.0308  0.0040  0.0000  0.0085  0.0000  0.0000  0.0000
 0.2099  0.0000  0.0126  0.4971  1.0000  0.0391  0.1083  0.0657  0.0403  0.2119  0.0692  0.0263  0.1373  0.1268  0.2388  0.0807  0.1549  0.1832  0.0660  0.0138  0.0000  0.0980  0.0000  0.0000  0.0000
 0.7345  0.0000  0.0818  0.1080  0.1122  0.0682  0.3764  0.0357  0.1183  0.1366  0.4387  0.0753  0.1250  0.7217  0.0909  0.0982  1.0000  0.4263  0.2063  0.0197  0.0000  0.0467  0.0000  0.0000  0.0000
 0.3444  0.0000  0.0520  0.1733  0.1571  0.0309  0.1403  0.0443  0.0801  0.1768  0.0900  0.0425  0.3326  0.2673  0.1245  0.1064  0.8979  1.0000  0.1306  0.0169  0.0000  0.0359  0.0000  0.0000  0.0000
 0.3899  0.0000  0.0292  0.3049  0.7587  0.0359  0.3055  0.1074  0.1055  1.0000  0.1893  0.0653  0.2766  0.2183  0.3980  0.8299  0.3664  0.3096  0.1565  0.0173  0.0000  0.0463  0.0000  0.0000  0.0000
 0.1918  0.0000  0.0200  0.0946  0.2078  0.0317  0.9227  0.1237  0.0581  1.0000  0.1347  0.0452  0.1952  0.1205  0.3090  0.9733  0.1646  0.1588  0.0827  0.0216  0.0000  0.0649  0.0000  0.0000  0.0000
 0.8381  0.0000  0.0745  0.2345  0.3236  0.0609  0.2923  0.0683  0.1329  0.3224  0.2253  0.0689  0.2399  0.3062  0.2157  0.1959  1.0000  0.7834  0.2460  0.0222  0.0000  0.0652  0.0000  0.0000  0.0000
 0.5182  0.0000  0.2078  0.2104  0.2808  0.7597  0.3499  0.5381  0.6446  0.3001  0.7244  0.2336  0.3108  0.2066  0.2970  0.3801  0.4079  0.4023  0.7088  0.1850  0.0000  1.0000  0.0000  0.0000  0.0000
 0.0700  0.0000  0.0076  0.0308  0.0352  0.0052  0.0441  0.0106  0.0087  0.2289  0.0153  0.0061  0.0329  1.0000  0.0262  0.0398  0.2393  0.0494  0.0177  0.0025  0.0000  0.0072  0.0000  0.0000  0.0000
 0.3435  0.0000  0.0271  0.0928  0.0917  0.0162  0.0749  0.0233  0.0430  0.1008  0.0495  0.0229  0.4118  0.2178  0.0702  0.0602  1.0000  0.6418  0.0700  0.0087  0.0000  0.0183  0.0000  0.0000  0.0000
 0.5971  0.0000  0.0871  0.1192  0.2105  1.0000  0.3025  0.1931  0.2255  0.5171  0.4538  0.1333  0.1814  0.1856  0.2451  0.6968  0.3292  0.2602  0.2990  0.0621  0.0000  0.2794  0.0000  0.0000  0.0000
 0.4426  0.0000  0.0379  0.4878  1.0000  0.0624  0.2213  0.0814  0.1096  0.3650  0.2509  0.0647  0.2063  0.1807  0.3031  0.1930  0.3995  0.2967  0.1664  0.0197  0.0000  0.0619  0.0000  0.0000  0.0000
 0.0000  0.0000  0.0000  0.0000  0.0000  0.0000  0.0000  0.0000  0.0000  0.0000  0.0000  0.0000  0.0000  1.0000  0.0000  0.0000  0.0000  0.0000  0.0000  0.0000  0.0000  0.0000  0.0000  0.0000  0.0000
 0.1541  0.0000  0.0148  0.4437  0.2827  0.0234  0.1404  0.0895  0.0449  0.8007  0.0950  0.0323  0.2029  0.0952  0.2334  1.0000  0.1600  0.1369  0.0643  0.0144  0.0000  0.0452  0.0000  0.0000  0.0000
 0.0121  0.0000  0.0028  0.3561  0.0195  0.0024  0.0404  0.0122  0.0013  0.0166  0.0028  0.0010  1.0000  0.0095  0.0114  0.0083  0.0312  0.0127  0.0022  0.0012  0.0000  0.0062  0.0000  0.0000  0.0000
 0.0000  0.0000  0.0000  0.0000  0.0000  0.0000  0.0000  0.0000  0.0000  0.0000  1.0000  0.0000  0.0000  0.0000  0.0000  0.0000  0.0000  0.0000  0.0000  0.0000  0.0000  0.0000  0.0000  0.0000  0.0000
 0.0154  0.0000  0.0043  0.0020  0.0040  0.3155  0.0033  0.0030  0.0720  0.0049  1.0000  0.0466  0.0035  0.0064  0.0072  0.0049  0.0050  0.0090  0.0413  0.0104  0.0000  0.0294  0.0000  0.0000  0.0000
 0.6120  0.0000  0.0282  0.0284  0.0288  0.0111  0.3057  0.0065  0.0130  0.0308  0.0278  0.0130  0.0267  0.0710  0.0211  0.0215  1.0000  0.0580  0.0467  0.0041  0.0000  0.0092  0.0000  0.0000  0.0000
 0.0125  0.0000  0.0032  0.0015  0.0032  0.0321  0.0026  0.0025  0.0603  0.0043  1.0000  0.3769  0.0030  0.0052  0.0062  0.0043  0.0036  0.0073  0.0343  0.0038  0.0000  0.0046  0.0000  0.0000  0.0000
 0.0000  0.0000  0.0000  0.0000  0.0000  1.0000  0.0000  0.0000  0.0000  0.0000  0.0000  0.0000  0.0000  0.0000  0.0000  0.0000  0.0000  0.0000  0.0000  0.0000  0.0000  0.0000  0.0000  0.0000  0.0000
 0.0354  0.0000  0.0008  0.4320  1.0000  0.0033  0.0165  0.0092  0.0043  0.0361  0.0080  0.0033  0.0202  0.0214  0.0456  0.0103  0.0204  0.0164  0.0083  0.0016  0.0000  0.0047  0.0000  0.0000  0.0000
 0.0299  0.0000  0.0008  1.0000  0.5446  0.0029  0.0161  0.0083  0.0037  0.0307  0.0068  0.0028  0.0206  0.0181  0.0381  0.0090  0.0187  0.0143  0.0070  0.0014  0.0000  0.0042  0.0000  0.0000  0.0000
 0.6740  0.0000  0.0208  0.0391  0.0322  0.0104  0.0578  0.0109  0.0265  0.0409  0.0286  0.0142  0.0606  0.0516  0.0303  0.0260  0.8743  1.0000  0.0491  0.0057  0.0000  0.0110  0.0000  0.0000  0.0000
 0.3174  0.0000  0.0629  0.0645  0.0824  0.1986  0.0767  0.0402  0.4649  0.1176  1.0000  0.2291  0.1001  0.1091  0.0902  0.0893  0.3175  0.5044  0.5076  0.0327  0.0000  0.0652  0.0000  0.0000  0.0000
 0.2674  0.0000  0.0181  0.6952  1.0000  0.0275  0.2822  0.0877  0.0417  0.2929  0.0738  0.0279  0.3323  0.1452  0.2802  0.1223  0.2560  0.1643  0.0714  0.0122  0.0000  0.0439  0.0000  0.0000  0.0000
 0.0000  0.0000  0.0000  0.0000  0.0000  0.0000  0.0000  0.0000  0.0000  0.0000  0.0000  0.0000  0.0000  1.0000  0.0000  0.0000  0.0000  0.0000  0.0000  0.0000  0.0000  0.0000  0.0000  0.0000  0.0000
 0.8084  0.0000  0.0356  0.1142  0.1425  0.0267  0.1233  0.0320  0.0608  0.1456  0.0765  0.0319  0.1288  0.0982  0.0988  0.0884  0.7357  1.0000  0.1076  0.0111  0.0000  0.0292  0.0000  0.0000  0.0000
//
