ID   UNK_ID; MATRIX
AC   UNK_AC
DE   UNK_DE
MA   UNK_BL
  A   B   C   D   E   F   G   H   I   K   L   M   N   P   Q   R   S   T   V   W   X   Y   Z   *   -
 0.0000  0.0000  0.0000  0.0000  0.0000  0.0000  0.0000  0.0000  0.0000  0.0000  0.0000  1.0000  0.0000  0.0000  0.0000  0.0000  0.0000  0.0000  0.0000  0.0000  0.0000  0.0000  0.0000  0.0000  0.0000
 0.0000  0.0000  0.0000  0.0000  0.0000  0.0000  0.0000  0.0000  0.0000  0.0000  1.0000  0.0000  0.0000  0.0000  0.0000  0.0000  0.0000  0.0000  0.0000  0.0000  0.0000  0.0000  0.0000  0.0000  0.0000
 0.0000  0.0000  0.0000  0.0000  0.0000  0.0000  0.0000  0.0000  0.0000  0.0000  1.0000  0.0000  0.0000  0.0000  0.0000  0.0000  0.0000  0.0000  0.0000  0.0000  0.0000  0.0000  0.0000  0.0000  0.0000
 0.0135  0.0000  0.0016  0.0058  0.0041  0.0009  0.0092  0.0014  0.0014  0.0045  0.0022  0.0009  0.0065  0.0047  0.0895  0.0030  1.0000  0.0122  0.0030  0.0005  0.0000  0.0011  0.0000  0.0000  0.0000
 0.0075  0.0000  0.0008  0.0033  0.0041  0.0007  0.0059  0.0021  0.0012  1.0000  0.0025  0.0009  0.0047  0.0034  0.0049  0.0107  0.0496  0.0047  0.0021  0.0005  0.0000  0.0012  0.0000  0.0000  0.0000
 0.0386  0.0000  0.0103  0.0079  0.0124  1.0000  0.0123  0.2012  0.6176  0.0168  0.3798  0.0841  0.0124  0.0155  0.0187  0.0167  0.0152  0.0249  0.0855  0.0105  0.0000  0.0225  0.0000  0.0000  0.0000
 0.0210  0.0000  0.0044  0.0800  0.0247  0.0036  1.0000  0.0176  0.0024  0.0931  0.0048  0.0018  0.5893  0.0146  0.0170  0.0156  0.0489  0.1492  0.0041  0.0019  0.0000  0.0090  0.0000  0.0000  0.0000
 0.0076  0.0000  0.0014  0.0074  0.0030  0.0008  0.0458  0.0017  0.0017  0.0037  0.0018  0.0009  0.0532  0.0038  0.0027  0.0022  1.0000  0.1518  0.0028  0.0005  0.0000  0.0012  0.0000  0.0000  0.0000
 0.0455  0.0000  0.0017  0.0009  0.0018  0.1691  0.0018  0.0014  0.0291  0.0028  1.0000  0.0192  0.0017  0.0028  0.0034  0.0443  0.0023  0.0039  0.0166  0.0019  0.0000  0.0023  0.0000  0.0000  0.0000
 1.0000  0.0000  0.0030  0.0024  0.0027  0.0011  0.2053  0.0005  0.0013  0.0029  0.0029  0.0014  0.0021  0.0075  0.0020  0.0021  0.1767  0.0053  0.0049  0.0004  0.0000  0.0009  0.0000  0.0000  0.0000
 0.0366  0.0000  0.0046  0.0280  0.0222  0.0059  0.0780  1.0000  0.0055  0.0413  0.0119  0.0042  0.0324  0.0144  0.0560  0.0322  0.0299  0.0165  0.0868  0.0023  0.0000  0.0093  0.0000  0.0000  0.0000
 0.1149  0.0000  0.0228  0.0197  0.0225  0.0476  0.0204  0.0102  0.5729  0.0290  1.0000  0.0626  0.0341  0.1123  0.0252  0.0201  0.2920  0.2444  0.1879  0.0080  0.0000  0.0130  0.0000  0.0000  0.0000
 0.5561  0.0000  0.1477  0.2718  0.2098  0.2408  0.3254  0.2124  0.1881  0.2466  0.2760  0.1060  0.3701  0.2187  0.1976  0.2301  0.8806  1.0000  0.2779  0.0723  0.0000  0.3408  0.0000  0.0000  0.0000
 0.9022  0.0000  0.0640  0.4778  0.7353  0.1208  0.6663  0.2278  0.2820  0.6904  0.2926  0.1032  0.6277  0.2525  0.4512  0.4391  1.0000  0.7030  0.2689  0.0357  0.0000  0.1492  0.0000  0.0000  0.0000
 0.3028  0.0000  0.0038  0.0102  0.1078  0.0019  0.0186  0.0023  0.0036  0.0125  0.0057  0.0025  0.0082  1.0000  0.0082  0.0526  0.0845  0.0703  0.0083  0.0008  0.0000  0.0019  0.0000  0.0000  0.0000
 0.9277  0.0000  0.0751  0.2472  0.2486  0.0458  0.9965  0.1487  0.0707  0.4560  0.1243  0.0512  0.2558  0.7910  0.1719  0.1835  1.0000  0.3974  0.1583  0.0177  0.0000  0.0523  0.0000  0.0000  0.0000
 0.5759  0.0000  0.3945  0.3890  0.5916  0.0509  0.9129  0.0893  0.1280  0.6349  0.2008  0.0727  0.5489  0.1916  0.3876  0.3202  1.0000  0.5690  0.2588  0.0175  0.0000  0.0523  0.0000  0.0000  0.0000
 0.7849  0.0000  0.0657  0.6252  1.0000  0.1034  0.3998  0.1784  0.2354  0.9444  0.3441  0.1952  0.5436  0.2827  0.6192  0.5471  0.7748  0.6059  0.3798  0.0311  0.0000  0.1151  0.0000  0.0000  0.0000
 0.0574  0.0000  0.0013  1.0000  0.3877  0.0029  0.1075  0.0082  0.0045  0.0328  0.0080  0.0032  0.0225  0.1499  0.0573  0.0114  0.2503  0.0166  0.0082  0.0013  0.0000  0.0040  0.0000  0.0000  0.0000
 0.5427  0.0000  0.0631  0.3747  0.6098  0.1607  0.3208  1.0000  0.1808  0.9100  0.3051  0.1050  0.4661  0.3573  0.5494  0.6451  0.5629  0.4002  0.2550  0.1647  0.0000  0.2181  0.0000  0.0000  0.0000
 0.2668  0.0000  0.0547  0.1503  0.1927  0.1955  0.1336  0.1831  0.1867  0.1885  1.0000  0.1905  0.1417  0.1284  0.2078  0.1557  0.4438  0.2243  0.1948  0.0518  0.0000  0.2742  0.0000  0.0000  0.0000
 0.2852  0.0000  0.0579  0.2253  0.2724  0.1977  0.1636  0.4661  0.1695  0.2643  0.2905  0.0799  0.2070  1.0000  0.2479  0.2423  0.4113  0.2195  0.2427  0.0528  0.0000  0.2754  0.0000  0.0000  0.0000
 0.6896  0.0000  0.1202  0.1441  0.1952  0.4678  0.2230  0.3610  0.2943  0.2085  0.4999  0.1974  0.2344  0.2347  0.2611  0.3966  0.2761  0.2748  1.0000  0.1228  0.0000  0.7065  0.0000  0.0000  0.0000
 0.1988  0.0000  0.0166  0.2321  0.2627  0.0149  0.2213  0.0423  0.0479  1.0000  0.0770  0.0273  0.3209  0.2325  0.3423  0.1376  0.3595  0.4878  0.0732  0.0057  0.0000  0.0160  0.0000  0.0000  0.0000
 0.7140  0.0000  0.0549  0.5759  0.8231  0.0804  0.3150  0.1263  0.8559  1.0000  0.3962  0.2202  0.4041  0.3002  0.4792  0.5060  0.5964  0.4809  0.3411  0.0242  0.0000  0.0866  0.0000  0.0000  0.0000
 0.8123  0.0000  0.0935  0.6209  1.0000  0.2239  0.4793  0.2633  0.2935  0.9169  0.9525  0.1518  0.5765  0.3247  0.7686  0.5649  0.8243  0.6478  0.3854  0.0626  0.0000  0.2895  0.0000  0.0000  0.0000
 0.8849  0.0000  0.0498  0.5628  0.9340  0.0507  0.3518  0.1323  0.1752  1.0000  0.3117  0.1006  0.4578  0.3259  0.7897  0.5957  0.8330  0.5299  0.2654  0.0186  0.0000  0.0453  0.0000  0.0000  0.0000
 0.1147  0.0000  0.0025  0.0665  0.0173  0.0016  0.0104  0.0029  0.0042  0.0148  0.0057  0.0024  0.0129  1.0000  0.0696  0.0901  0.1245  0.0880  0.0070  0.0008  0.0000  0.0018  0.0000  0.0000  0.0000
 1.0000  0.0000  0.1326  0.2542  0.3110  0.0160  0.7629  0.0379  0.0581  0.3742  0.0937  0.0804  0.2095  0.2085  0.2145  0.2303  0.3344  0.5888  0.6134  0.0055  0.0000  0.0125  0.0000  0.0000  0.0000
 0.1923  0.0000  0.0094  0.2068  0.1600  0.0086  0.1482  0.0224  0.0298  1.0000  0.0479  0.0169  0.1501  0.0460  0.0946  0.1962  0.3646  0.4780  0.0456  0.0032  0.0000  0.0079  0.0000  0.0000  0.0000
 1.0000  0.0000  0.0039  0.0379  0.0609  0.0045  0.0603  0.0087  0.0123  0.1012  0.0199  0.0947  0.0309  0.0179  0.0829  0.0688  0.3797  0.1272  0.3982  0.0015  0.0000  0.0044  0.0000  0.0000  0.0000
 0.0830  0.0000  0.0065  1.0000  0.7957  0.0061  0.1089  0.0174  0.0198  0.2279  0.0323  0.0113  0.2581  0.0323  0.0660  0.4257  0.3162  0.0954  0.0303  0.0023  0.0000  0.0064  0.0000  0.0000  0.0000
 0.3462  0.0000  0.0148  0.4215  0.6763  0.0141  0.1065  0.0344  0.0522  1.0000  0.0844  0.0296  0.1384  0.1787  0.2357  0.1832  0.2049  0.1922  0.1942  0.0049  0.0000  0.0109  0.0000  0.0000  0.0000
 0.2043  0.0000  0.0075  0.1614  1.0000  0.0077  0.0550  0.0189  0.0263  0.1337  0.0425  0.2356  0.1122  0.0435  0.3508  0.0722  0.3121  0.1649  0.0407  0.0028  0.0000  0.0066  0.0000  0.0000  0.0000
 0.0730  0.0000  0.0081  0.0339  0.0587  0.0151  0.0257  0.0156  0.0160  0.0376  0.0231  0.0089  0.2134  1.0000  0.3703  0.0250  0.3797  0.1047  0.0347  0.0048  0.0000  0.0638  0.0000  0.0000  0.0000
 0.2858  0.0000  0.0976  0.1095  0.1487  0.9333  0.1764  0.6213  0.4319  0.1655  1.0000  0.1862  0.1659  0.1160  0.1661  0.5683  0.2152  0.2168  0.3203  0.1031  0.0000  0.6279  0.0000  0.0000  0.0000
 0.1763  0.0000  0.0162  0.3672  0.8207  0.1372  0.0548  0.0378  0.4718  0.1364  1.0000  0.1677  0.0615  0.0929  0.1793  0.0492  0.0753  0.0877  0.2174  0.0199  0.0000  0.0316  0.0000  0.0000  0.0000
 0.0562  0.0000  0.0061  0.2226  0.0276  0.0039  1.0000  0.0135  0.0040  0.3877  0.0084  0.0033  0.0660  0.1271  0.0189  0.1067  0.2150  0.0217  0.0094  0.0019  0.0000  0.0074  0.0000  0.0000  0.0000
 0.1900  0.0000  0.0195  0.0640  0.2442  0.0457  0.1400  0.1505  0.0750  1.0000  0.1693  0.0545  0.3451  0.1225  0.4634  0.9245  0.1574  0.1807  0.1976  0.0256  0.0000  0.0834  0.0000  0.0000  0.0000
 0.0003  0.0000  0.0002  0.0001  0.0001  0.0186  0.0001  0.0000  0.0007  0.0000  0.0016  0.0003  0.0000  0.0001  0.0000  0.0000  0.0002  0.0002  0.0006  0.0015  0.0000  1.0000  0.0000  0.0000  0.0000
 0.0132  0.0000  0.0012  0.0032  0.4900  0.0027  0.0092  0.0266  0.0055  0.4454  0.0131  0.0043  0.0126  0.0103  1.0000  0.6614  0.0107  0.2534  0.0074  0.0020  0.0000  0.0058  0.0000  0.0000  0.0000
 0.0818  0.0000  0.0075  0.0021  0.0057  0.0077  0.0012  0.0014  0.6031  0.0060  1.0000  0.1274  0.0030  0.0076  0.0042  0.0036  0.0373  0.1846  0.9995  0.0011  0.0000  0.0027  0.0000  0.0000  0.0000
 0.0636  0.0000  0.0178  0.0250  0.0167  0.1005  0.2693  0.0035  1.0000  0.0242  0.6087  0.1052  0.0169  0.0158  0.0134  0.0207  0.0299  0.0560  0.9594  0.0121  0.0000  0.0349  0.0000  0.0000  0.0000
 0.1273  0.0000  0.0019  0.0030  0.0118  0.0020  0.0101  0.0069  0.0041  1.0000  0.0087  0.0031  0.0093  0.1330  0.0187  0.2442  0.1776  0.0395  0.0064  0.0014  0.0000  0.0037  0.0000  0.0000  0.0000
 0.0990  0.0000  0.0212  0.0068  0.0164  0.0291  0.0050  0.0040  0.3754  0.0179  0.4566  0.0395  0.0381  0.0215  0.0125  0.0114  0.0205  1.0000  0.7204  0.0040  0.0000  0.0097  0.0000  0.0000  0.0000
 0.0009  0.0000  0.0002  0.0001  0.0002  0.0019  0.0002  0.0001  0.1582  0.0003  1.0000  0.0023  0.0002  0.0003  0.0004  0.0003  0.0003  0.0006  0.0683  0.0002  0.0000  0.0003  0.0000  0.0000  0.0000
 0.0207  0.0000  0.0005  0.0005  0.0005  0.0002  1.0000  0.0001  0.0003  0.0006  0.0006  0.0002  0.0004  0.0014  0.0004  0.0004  0.0026  0.0009  0.0009  0.0001  0.0000  0.0002  0.0000  0.0000  0.0000
 0.2498  0.0000  0.0155  0.4203  1.0000  0.0346  0.1467  0.1686  0.1581  0.8257  0.1270  0.0449  0.1938  0.1623  0.3942  0.5653  0.3190  0.2051  0.0928  0.0212  0.0000  0.0628  0.0000  0.0000  0.0000
 0.0000  0.0000  0.0000  0.0000  0.0000  0.0000  1.0000  0.0000  0.0000  0.0000  0.0000  0.0000  0.0000  0.0000  0.0000  0.0000  0.0000  0.0000  0.0000  0.0000  0.0000  0.0000  0.0000  0.0000  0.0000
 0.0394  0.0000  0.0077  0.0506  0.0186  0.0044  0.6068  0.0115  0.0085  0.0217  0.0092  0.0047  0.3329  0.0205  0.0157  0.0124  1.0000  0.5254  0.0141  0.0026  0.0000  0.0074  0.0000  0.0000  0.0000
 0.0000  0.0000  0.0000  0.0000  0.0000  1.0000  0.0000  0.0000  0.0000  0.0000  0.0000  0.0000  0.0000  0.0000  0.0000  0.0000  0.0000  0.0000  0.0000  0.0000  0.0000  0.0000  0.0000  0.0000  0.0000
 0.4313  0.0000  0.0010  0.0008  0.0009  0.0004  1.0000  0.0002  0.0004  0.0010  0.0010  0.0004  0.0007  0.0025  0.0007  0.0007  0.0050  0.0017  0.0016  0.0002  0.0000  0.0003  0.0000  0.0000  0.0000
 0.0060  0.0000  0.0009  0.0020  0.0047  0.0009  0.0031  0.0029  0.0021  1.0000  0.0036  0.0014  0.0053  0.0038  0.0075  0.0358  0.1209  0.2718  0.0030  0.0006  0.0000  0.0016  0.0000  0.0000  0.0000
 0.0000  0.0000  0.0000  0.0000  0.0000  0.0000  0.0000  0.0000  0.0000  0.0000  0.0000  0.0000  0.0000  0.0000  0.0000  0.0000  0.0000  0.0000  1.0000  0.0000  0.0000  0.0000  0.0000  0.0000  0.0000
 0.0914  0.0000  0.0134  0.0700  0.1025  0.0253  0.1569  0.0619  0.0357  1.0000  0.0839  0.0213  0.0883  0.1161  0.1352  0.3133  0.0791  0.0773  0.0454  0.0230  0.0000  0.3894  0.0000  0.0000  0.0000
 0.4329  0.0000  0.0530  0.0605  0.0808  0.3688  0.0969  0.2645  0.4266  0.0862  1.0000  0.0726  0.0906  0.0613  0.0874  0.1027  0.3648  0.1178  0.2497  0.0549  0.0000  0.3174  0.0000  0.0000  0.0000
 1.0000  0.0000  0.0014  0.0227  0.0016  0.0006  0.3676  0.0004  0.0006  0.0016  0.0014  0.0006  0.0018  0.0037  0.0011  0.0011  0.0076  0.0026  0.0023  0.0002  0.0000  0.0005  0.0000  0.0000  0.0000
 0.5251  0.0000  0.1197  0.2946  0.8974  0.4175  0.3026  0.3546  0.5357  0.5246  0.5021  0.1622  0.3288  0.2077  0.4743  1.0000  0.7956  0.5243  0.4449  0.1124  0.0000  0.6459  0.0000  0.0000  0.0000
 0.0066  0.0000  0.0012  0.0186  0.0093  0.0014  0.0151  1.0000  0.0016  0.0254  0.0038  0.0013  0.3284  0.0053  0.0102  0.4920  0.0121  0.0070  0.0023  0.0009  0.0000  0.0033  0.0000  0.0000  0.0000
 0.2968  0.0000  0.0290  0.0588  0.0441  0.0234  0.0135  0.0142  0.9934  0.0434  0.2546  0.0322  0.0258  0.0364  0.2850  0.0692  0.0859  0.4159  1.0000  0.0051  0.0000  0.0175  0.0000  0.0000  0.0000
 0.9203  0.0000  0.0509  0.6123  1.0000  0.0477  0.3899  0.1157  0.1915  0.9586  0.4721  0.1008  0.4713  0.3122  0.5612  0.5183  0.7187  0.5848  0.3035  0.0164  0.0000  0.0364  0.0000  0.0000  0.0000
 0.0427  0.0000  0.0091  0.4019  0.0122  0.0046  0.0127  0.0056  0.0225  0.0181  0.0122  0.0066  0.0356  0.0223  0.0142  0.0113  0.3932  1.0000  0.0209  0.0030  0.0000  0.0053  0.0000  0.0000  0.0000
 0.0013  0.0000  0.0003  0.0277  0.0019  0.0003  1.0000  0.0014  0.0001  0.0018  0.0003  0.0001  0.1696  0.0011  0.0012  0.0009  0.0035  0.0014  0.0002  0.0001  0.0000  0.0007  0.0000  0.0000  0.0000
 0.6904  0.0000  0.0497  0.5918  1.0000  0.0566  0.3494  0.1377  0.1752  0.9720  0.2947  0.1016  0.4530  0.2645  0.5857  0.5895  0.6556  0.5237  0.2653  0.0210  0.0000  0.0558  0.0000  0.0000  0.0000
 0.2308  0.0000  0.0165  0.1882  0.5584  0.0164  0.1412  0.0429  0.0584  1.0000  0.1324  0.0338  0.3283  0.5937  0.3307  0.2202  0.3877  0.1774  0.0884  0.0063  0.0000  0.0148  0.0000  0.0000  0.0000
 0.0000  0.0000  0.0000  0.0000  0.0000  0.0000  0.0000  0.0000  0.0000  0.0000  0.0000  0.0000  0.0000  0.0000  0.0000  0.0000  0.0000  0.0000  1.0000  0.0000  0.0000  0.0000  0.0000  0.0000  0.0000
 1.0000  0.0000  0.0000  0.0000  0.0000  0.0000  0.0000  0.0000  0.0000  0.0000  0.0000  0.0000  0.0000  0.0000  0.0000  0.0000  0.0000  0.0000  0.0000  0.0000  0.0000  0.0000  0.0000  0.0000  0.0000
 0.0012  0.0000  0.0004  0.0003  0.0004  0.0021  0.0006  0.0000  1.0000  0.0006  0.4394  0.0020  0.0004  0.0002  0.0002  0.0005  0.0006  0.0015  0.6547  0.0003  0.0000  0.0009  0.0000  0.0000  0.0000
 0.0000  0.0000  0.0000  0.0000  0.0000  0.0000  0.0000  0.0000  0.0000  1.0000  0.0000  0.0000  0.0000  0.0000  0.0000  0.0000  0.0000  0.0000  0.0000  0.0000  0.0000  0.0000  0.0000  0.0000  0.0000
 0.2982  0.0000  0.0611  0.0168  0.0471  0.0641  0.0093  0.2850  1.0000  0.0495  0.3902  0.1019  0.0243  0.0674  0.0395  0.0311  0.0476  0.2085  0.7538  0.0097  0.0000  0.0144  0.0000  0.0000  0.0000
 0.0016  0.0000  0.0006  0.0004  0.0005  0.0028  0.0008  0.0000  1.0000  0.0007  0.6981  0.0027  0.0005  0.0003  0.0003  0.0006  0.0007  0.0019  0.6328  0.0003  0.0000  0.0012  0.0000  0.0000  0.0000
 0.2771  0.0000  0.0096  1.0000  0.6338  0.0126  0.1126  0.0399  0.0183  0.1281  0.0323  0.0127  0.9695  0.2321  0.1298  0.0503  0.2110  0.0829  0.2649  0.0058  0.0000  0.0201  0.0000  0.0000  0.0000
 0.0017  0.0000  0.0002  0.0004  0.0024  0.0004  0.0013  0.0015  0.0007  1.0000  0.0017  0.0006  0.0016  0.0014  0.0040  0.6526  0.0014  0.0018  0.0010  0.0003  0.0000  0.0008  0.0000  0.0000  0.0000
 0.0301  0.0000  0.0023  0.3842  1.0000  0.0035  0.0269  0.0274  0.0063  0.4124  0.0122  0.0043  0.1262  0.0173  0.0375  0.7770  0.0304  0.0608  0.0098  0.0018  0.0000  0.0061  0.0000  0.0000  0.0000
 0.0051  0.0000  0.0005  0.0009  0.0068  0.0010  0.0035  0.0044  0.0022  1.0000  0.0050  0.0017  0.0048  0.0039  0.0116  0.6250  0.0042  0.1291  0.0646  0.0008  0.0000  0.0022  0.0000  0.0000  0.0000
 0.0026  0.0000  0.0009  0.0006  0.0007  0.0042  0.0012  0.0001  1.0000  0.0011  0.6429  0.0404  0.0007  0.0005  0.0005  0.0009  0.0325  0.0029  0.9819  0.0005  0.0000  0.0017  0.0000  0.0000  0.0000
 0.6527  0.0000  0.0461  0.3954  0.6632  0.0546  0.2628  0.1140  0.1599  1.0000  0.5556  0.0991  0.3475  0.2059  0.4680  0.5704  0.6313  0.8695  0.2938  0.0203  0.0000  0.0593  0.0000  0.0000  0.0000
 0.2190  0.0000  0.0111  0.4039  0.7820  0.0607  0.0792  0.0253  0.0389  1.0000  0.0628  0.0462  0.4121  0.0572  0.5169  0.1092  0.5736  0.2533  0.0594  0.0036  0.0000  0.0079  0.0000  0.0000  0.0000
 0.5134  0.0000  0.1770  0.2056  0.2776  0.7029  0.4196  0.6726  0.3971  0.3172  0.9254  0.5112  0.3100  0.2277  0.3020  0.5627  0.5820  0.3956  0.5436  0.6205  0.0000  1.0000  0.0000  0.0000  0.0000
 0.0427  0.0000  0.0087  0.9135  0.3565  0.0079  1.0000  0.0404  0.0046  0.2860  0.0100  0.0036  0.5173  0.0330  0.0439  0.0701  0.1007  0.0412  0.0078  0.0041  0.0000  0.0203  0.0000  0.0000  0.0000
 0.2440  0.0000  0.0452  0.0967  0.2086  0.0302  0.0786  0.0265  0.0833  0.0918  0.2295  0.7135  0.1508  0.1420  0.0725  0.0577  0.8760  1.0000  0.1287  0.0146  0.0000  0.0262  0.0000  0.0000  0.0000
 0.4063  0.0000  0.0683  0.0176  0.0522  0.0501  0.0037  0.0153  0.8220  0.0525  0.7606  0.1383  0.0262  0.0726  0.2423  0.0308  0.2761  0.2954  1.0000  0.0080  0.0000  0.0169  0.0000  0.0000  0.0000
 0.0093  0.0000  0.0016  0.0255  0.0077  0.0012  1.0000  0.0054  0.0007  0.0075  0.0015  0.0006  0.4523  0.0051  0.0050  0.0039  0.3538  0.0065  0.0015  0.0006  0.0000  0.0028  0.0000  0.0000  0.0000
 0.3023  0.0000  0.0239  0.7078  1.0000  0.0284  0.3992  0.0958  0.0283  0.2409  0.1025  0.0227  0.3836  0.1583  0.2601  0.0872  0.2755  0.1424  0.0598  0.0134  0.0000  0.0505  0.0000  0.0000  0.0000
 0.8545  0.0000  0.0999  0.3063  0.7801  0.0624  0.1663  0.0623  0.4089  0.3439  0.3361  0.1320  0.2027  0.2084  0.3875  0.1862  0.4699  0.7318  1.0000  0.0174  0.0000  0.0390  0.0000  0.0000  0.0000
 0.1657  0.0000  0.0029  0.0054  0.0427  0.0064  0.0216  0.2350  0.0131  1.0000  0.0310  0.2411  0.0297  0.0241  0.2327  0.8638  0.0251  0.0730  0.0174  0.0048  0.0000  0.0138  0.0000  0.0000  0.0000
 0.0009  0.0000  0.0003  0.0002  0.0003  0.0014  0.0004  0.0000  0.4820  0.0004  0.2538  0.0014  0.0003  0.0002  0.0001  0.0003  0.0004  0.0011  1.0000  0.0002  0.0000  0.0006  0.0000  0.0000  0.0000
 0.2026  0.0000  0.0077  0.4529  1.0000  0.1069  0.1013  0.0713  0.0370  0.5465  0.0746  0.0274  0.1279  0.3027  0.2866  0.3688  0.1352  0.1184  0.0606  0.0122  0.0000  0.0361  0.0000  0.0000  0.0000
 0.0151  0.0000  0.0036  0.0019  0.0051  0.0367  0.0039  0.0038  0.0688  0.0127  0.4433  0.1716  0.0045  0.0068  0.0098  1.0000  0.0050  0.0092  0.0382  0.0045  0.0000  0.0051  0.0000  0.0000  0.0000
 0.0000  0.0000  0.0000  0.0000  1.0000  0.0000  0.0000  0.0000  0.0000  0.0000  0.0000  0.0000  0.0000  0.0000  0.0000  0.0000  0.0000  0.0000  0.0000  0.0000  0.0000  0.0000  0.0000  0.0000  0.0000
 0.0006  0.0000  0.0002  0.0001  0.0002  0.0008  0.0003  0.0000  1.0000  0.0003  0.0043  0.0008  0.0002  0.0001  0.0001  0.0002  0.0003  0.0007  0.3869  0.0001  0.0000  0.0004  0.0000  0.0000  0.0000
 0.1764  0.0000  0.0196  0.0436  0.2106  0.0318  0.1049  0.1217  0.0853  1.0000  0.1537  0.0514  0.1491  0.1187  0.3746  0.8285  0.2488  0.2288  0.1947  0.0222  0.0000  0.0624  0.0000  0.0000  0.0000
 0.0299  0.0000  0.0080  0.0047  0.0084  0.0683  0.0075  0.0081  1.0000  0.0109  0.9734  0.0927  0.0736  0.0118  0.0142  0.0109  0.0112  0.1915  0.1056  0.0087  0.0000  0.4694  0.0000  0.0000  0.0000
 0.0009  0.0000  0.0160  0.0001  0.0002  0.0025  0.0002  0.0002  0.0047  0.0003  1.0000  0.2832  0.0002  0.0004  0.0005  0.0003  0.0003  0.0005  0.0026  0.0003  0.0000  0.0003  0.0000  0.0000  0.0000
 0.0030  0.0000  0.0003  0.0005  0.0041  0.0006  0.0021  0.0027  0.0013  0.9627  0.0030  0.0010  0.0029  0.0023  0.2654  1.0000  0.0024  0.0032  0.0017  0.0005  0.0000  0.0013  0.0000  0.0000  0.0000
 0.1404  0.0000  0.0231  0.0172  0.1026  0.0957  0.0511  0.0652  0.2032  0.7677  1.0000  0.1082  0.0719  0.0711  0.1687  0.4696  0.0687  0.1467  0.3343  0.0188  0.0000  0.0424  0.0000  0.0000  0.0000
 0.0106  0.0000  0.0030  0.0017  0.0029  0.5599  0.0030  0.0016  0.3072  0.0040  1.0000  0.0669  0.0028  0.0038  0.0045  0.0038  0.0035  0.0080  0.9972  0.0030  0.0000  0.0048  0.0000  0.0000  0.0000
 0.2952  0.0000  0.0329  0.1228  0.0877  0.0218  0.3487  0.0497  0.0287  0.2295  0.0582  0.3445  0.4015  0.0985  0.0975  1.0000  0.4262  0.1587  0.0868  0.0106  0.0000  0.0333  0.0000  0.0000  0.0000
 0.1154  0.0000  0.0019  0.0032  0.0024  0.0008  0.0114  1.0000  0.0009  0.0026  0.0019  0.0009  0.0033  0.0049  0.0017  0.0018  0.0414  0.0045  0.0032  0.0003  0.0000  0.0008  0.0000  0.0000  0.0000
 0.1455  0.0000  0.0021  0.0334  0.0024  0.0008  0.1080  0.0006  0.0009  0.0023  0.0020  0.0009  0.0026  1.0000  0.0016  0.0016  0.0110  0.0037  0.0034  0.0003  0.0000  0.0007  0.0000  0.0000  0.0000
 0.1466  0.0000  0.0233  0.1480  0.0555  0.0130  0.2996  1.0000  0.0212  0.0636  0.0266  0.0129  0.1861  0.0628  0.0444  0.0370  0.5396  0.4138  0.0400  0.0071  0.0000  0.0215  0.0000  0.0000  0.0000
 0.1018  0.0000  0.0029  0.0027  0.0027  0.0011  1.0000  0.0006  0.0013  0.0030  0.0028  0.0013  0.0025  0.0073  0.0020  0.0021  0.0991  0.0052  0.0048  0.0004  0.0000  0.0009  0.0000  0.0000  0.0000
 0.4006  0.0000  0.0143  0.0104  0.0123  1.0000  0.0537  0.0029  0.0295  0.0109  0.0697  0.0168  0.0079  0.0273  0.0081  0.0086  0.0513  0.0240  0.0391  0.0366  0.0000  0.1432  0.0000  0.0000  0.0000
 0.0290  0.0000  0.0036  0.0240  0.0305  0.0049  0.0296  0.0903  0.0085  0.1229  0.0191  0.0065  0.0406  0.0189  0.0440  1.0000  0.4159  0.0328  0.0123  0.0033  0.0000  0.0103  0.0000  0.0000  0.0000
 0.0801  0.0000  0.0194  0.4064  0.1175  0.0166  0.7901  0.1147  0.0081  0.1144  0.0180  0.0064  1.0000  0.0646  0.0763  0.0584  0.2182  0.0846  0.0135  0.0085  0.0000  0.0792  0.0000  0.0000  0.0000
 0.0008  0.0000  0.0002  0.0002  0.0002  0.0010  0.0003  0.0000  1.0000  0.0003  0.0053  0.0009  0.0002  0.0001  0.0001  0.0002  0.0003  0.0009  0.5646  0.0001  0.0000  0.0005  0.0000  0.0000  0.0000
 0.0008  0.0000  0.0002  0.0001  0.0002  0.0008  0.0003  0.0000  1.0000  0.0003  0.0042  0.0008  0.0002  0.0001  0.0001  0.0002  0.0087  0.0008  0.3240  0.0001  0.0000  0.0004  0.0000  0.0000  0.0000
 0.0038  0.0000  0.0004  0.0009  0.0054  0.0008  0.0289  0.0034  0.0016  1.0000  0.0039  0.0013  0.0662  0.0030  0.2710  0.9496  0.0032  0.0041  0.0022  0.0006  0.0000  0.0017  0.0000  0.0000  0.0000
 0.0007  0.0000  0.0002  0.0001  0.0002  0.0020  0.0001  0.0001  0.0037  0.0003  1.0000  0.1055  0.0002  0.0003  0.0145  0.0003  0.0002  0.0004  0.0020  0.0002  0.0000  0.0002  0.0000  0.0000  0.0000
 0.0074  0.0000  0.0022  0.0017  0.0027  0.4693  0.0028  0.0804  0.0250  0.0033  0.6268  0.0164  0.0029  0.0031  0.0040  0.0036  0.0035  0.0048  0.0153  0.0026  0.0000  1.0000  0.0000  0.0000  0.0000
 0.0116  0.0000  0.0002  0.6829  1.0000  0.0011  0.0046  0.0029  0.0014  0.0209  0.0026  0.0011  0.0053  0.0070  0.0153  0.0031  0.0061  0.2195  0.0027  0.0005  0.0000  0.0014  0.0000  0.0000  0.0000
 0.0638  0.0000  0.0395  0.0375  0.0269  0.2074  0.0921  0.0181  0.0750  0.0196  0.1099  0.0254  0.0214  0.0494  0.0191  0.0300  0.0290  0.0429  1.0000  0.3838  0.0000  0.1801  0.0000  0.0000  0.0000
 0.0044  0.0000  0.0017  0.0010  0.0013  0.2981  0.0018  0.0002  1.0000  0.0016  0.0406  0.3158  0.0011  0.0012  0.0008  0.0013  0.0022  0.0045  0.1438  0.0058  0.0000  0.2320  0.0000  0.0000  0.0000
 0.3945  0.0000  0.0005  0.1695  1.0000  0.0031  0.0127  0.0081  0.0042  0.1684  0.0077  0.0032  0.0139  0.0341  0.0448  0.0094  0.0176  0.0609  0.0080  0.0014  0.0000  0.0041  0.0000  0.0000  0.0000
 0.0649  0.0000  0.0131  0.0275  0.0179  0.0067  0.0206  0.0084  0.0190  0.0306  0.0181  0.0097  0.0499  0.0328  0.0216  0.3607  0.4301  1.0000  0.0302  0.0044  0.0000  0.0078  0.0000  0.0000  0.0000
 0.1186  0.0000  0.0028  0.0236  0.3225  0.0020  0.0158  0.0037  0.0035  0.7988  0.0060  0.0025  0.0090  1.0000  0.0153  0.0118  0.0610  0.0720  0.0075  0.0010  0.0000  0.0024  0.0000  0.0000  0.0000
 0.3079  0.0000  0.0241  0.6547  0.0563  0.0129  0.0450  0.0182  0.0563  0.2722  0.0376  0.0191  0.1216  0.0630  0.0502  0.0414  0.5339  1.0000  0.0589  0.0080  0.0000  0.0150  0.0000  0.0000  0.0000
 0.1629  0.0000  0.0091  1.0000  0.5457  0.0095  0.4875  0.0264  0.0254  0.5830  0.0416  0.0151  0.1052  0.0528  0.1035  0.0705  0.3657  0.4201  0.0406  0.0039  0.0000  0.0110  0.0000  0.0000  0.0000
 0.0032  0.0000  0.0009  0.0004  0.0008  0.4209  0.0006  0.0005  1.0000  0.0009  0.2476  0.0096  0.0007  0.0013  0.0014  0.0009  0.0011  0.0019  0.0091  0.0323  0.0000  0.0101  0.0000  0.0000  0.0000
 0.0130  0.0000  0.0046  0.0030  0.0039  0.2547  0.0057  0.0009  0.5781  0.0053  0.5242  0.0268  0.0036  0.0035  0.0031  0.0046  0.0061  0.0134  0.5406  0.0097  0.0000  1.0000  0.0000  0.0000  0.0000
 0.0063  0.0000  0.0018  0.0010  0.0017  0.3082  0.0018  0.0010  0.6798  0.0024  1.0000  0.8255  0.0017  0.0023  0.0027  0.0022  0.0021  0.0046  0.5726  0.0018  0.0000  0.0028  0.0000  0.0000  0.0000
 0.0007  0.0000  0.0002  0.0001  0.0002  0.0006  0.0002  0.0000  0.1361  0.0002  0.0030  0.0006  0.0001  0.0001  0.0001  0.0002  0.0002  0.0006  1.0000  0.0001  0.0000  0.0003  0.0000  0.0000  0.0000
 0.0016  0.0000  0.0004  0.0002  0.0004  0.0043  0.0003  0.0003  0.1899  0.0005  0.5916  1.0000  0.0004  0.0007  0.0008  0.0005  0.0004  0.0009  0.0044  0.0005  0.0000  0.0005  0.0000  0.0000  0.0000
 0.0000  0.0000  0.0000  0.0000  1.0000  0.0000  0.0000  0.0000  0.0000  0.0000  0.0000  0.0000  0.0000  0.0000  0.0000  0.0000  0.0000  0.0000  0.0000  0.0000  0.0000  0.0000  0.0000  0.0000  0.0000
 0.0279  0.0000  0.0071  0.0061  0.0143  0.2138  0.0121  0.0154  0.0808  0.0404  0.2957  0.0531  0.0129  0.0131  0.0225  0.4710  0.0146  0.0195  0.0505  0.0088  0.0000  1.0000  0.0000  0.0000  0.0000
 1.0000  0.0000  0.0774  0.0412  0.0644  0.0337  0.2607  0.0135  0.1774  0.0677  0.1522  0.0536  0.0393  0.4300  0.0480  0.0451  0.2597  0.1898  0.8236  0.0091  0.0000  0.0183  0.0000  0.0000  0.0000
 0.0926  0.0000  0.0078  0.0668  1.0000  0.0084  0.0484  0.0252  0.0619  0.6266  0.0449  0.0158  0.1014  0.0408  0.0924  0.3704  0.4211  0.3773  0.0383  0.0043  0.0000  0.0109  0.0000  0.0000  0.0000
 0.3358  0.0000  0.0358  0.0267  0.0325  0.0174  0.1005  0.0091  0.0862  0.0375  0.3421  0.0269  0.0357  0.9757  0.0275  0.0246  1.0000  0.2157  0.2573  0.0055  0.0000  0.0111  0.0000  0.0000  0.0000
 0.3906  0.0000  0.0283  0.0209  0.0250  0.0107  1.0000  0.0047  0.0124  0.0272  0.0273  0.0127  0.0177  0.0707  0.0187  0.0197  0.1446  0.0484  0.3020  0.0039  0.0000  0.0082  0.0000  0.0000  0.0000
 0.0620  0.0000  0.0064  0.0283  0.0865  0.0128  1.0000  0.0558  0.0252  0.9000  0.0597  0.0198  0.1556  0.0487  0.5210  0.5371  0.0574  0.0662  0.0336  0.0095  0.0000  0.0281  0.0000  0.0000  0.0000
 0.0027  0.0000  0.0001  0.3659  1.0000  0.0003  0.0012  0.0007  0.0003  0.0028  0.0006  0.0003  0.0013  0.0017  0.0036  0.0008  0.0014  0.0012  0.0006  0.0001  0.0000  0.0004  0.0000  0.0000  0.0000
 0.0010  0.0000  0.0003  0.0001  0.0003  0.0023  0.0002  0.0002  0.0045  0.0003  1.0000  0.0028  0.0002  0.0004  0.0005  0.0003  0.0003  0.0006  0.1445  0.0003  0.0000  0.0003  0.0000  0.0000  0.0000
 0.0000  0.0000  0.0000  0.0000  0.0000  1.0000  0.0000  0.0000  0.0000  0.0000  0.0000  0.0000  0.0000  0.0000  0.0000  0.0000  0.0000  0.0000  0.0000  0.0000  0.0000  0.0000  0.0000  0.0000  0.0000
 0.0010  0.0000  0.0002  1.0000  0.0178  0.0002  0.0029  0.0009  0.0001  0.0013  0.0002  0.0001  0.1081  0.0008  0.0010  0.0006  0.0023  0.0009  0.0002  0.0001  0.0000  0.0005  0.0000  0.0000  0.0000
 0.0194  0.0000  0.0028  0.0104  0.0174  0.4184  0.0189  0.0114  0.0101  0.3561  0.0253  0.0068  0.0173  0.0134  0.0245  0.0560  0.0157  0.0145  0.0109  0.0042  0.0000  1.0000  0.0000  0.0000  0.0000
 0.0013  0.0000  0.0004  0.0103  0.0004  0.0033  0.0003  0.0002  1.0000  0.0005  0.3241  0.0040  0.0003  0.0005  0.0006  0.0004  0.0004  0.0009  0.0060  0.0004  0.0000  0.0005  0.0000  0.0000  0.0000
 0.1350  0.0000  0.0032  0.0010  0.0025  0.0016  0.0016  0.0006  0.0149  0.0025  0.0103  0.0032  0.0014  0.0039  0.0019  0.0015  0.0046  0.4068  1.0000  0.0003  0.0000  0.0006  0.0000  0.0000  0.0000
 0.4501  0.0000  0.0028  0.1071  1.0000  0.0050  0.0297  0.0138  0.0108  0.2845  0.0189  0.0070  0.0938  0.0296  0.2298  0.0368  0.2130  0.0364  0.0179  0.0022  0.0000  0.0062  0.0000  0.0000  0.0000
 0.0087  0.0000  0.0009  0.0021  0.0122  0.0018  0.0066  0.3219  0.0037  1.0000  0.0088  0.0029  0.1316  0.0069  0.0206  0.8690  0.0074  0.0094  0.0049  0.0014  0.0000  0.0039  0.0000  0.0000  0.0000
 0.0014  0.0000  0.0002  0.0359  0.0014  0.0002  1.0000  0.0008  0.0001  0.0012  0.0003  0.0001  0.0043  0.0008  0.0099  0.0006  0.0023  0.0009  0.0003  0.0001  0.0000  0.0004  0.0000  0.0000  0.0000
 0.4110  0.0000  0.0020  0.0030  0.0195  0.0031  0.0135  0.0121  0.0061  0.3129  0.0143  0.0048  0.0135  0.0360  0.0324  1.0000  0.0147  0.0157  0.0088  0.0022  0.0000  0.0062  0.0000  0.0000  0.0000
 0.0018  0.0000  0.1230  0.0002  0.0004  0.0148  0.0004  0.0004  0.0089  0.0006  1.0000  0.3144  0.0004  0.0007  0.0009  0.0006  0.0005  0.0010  0.0049  0.0006  0.0000  0.0007  0.0000  0.0000  0.0000
 0.2450  0.0000  0.0144  0.6142  0.2655  0.0136  0.1491  0.0619  0.0489  1.0000  0.1141  0.0277  0.3303  0.3072  0.8142  0.1384  0.3064  0.1514  0.0746  0.0048  0.0000  0.0114  0.0000  0.0000  0.0000
 0.0018  0.0000  0.0000  0.1005  1.0000  0.0002  0.0007  0.0004  0.0002  0.0018  0.0004  0.0002  0.0008  0.0168  0.0024  0.0005  0.0009  0.0008  0.0004  0.0001  0.0000  0.0002  0.0000  0.0000  0.0000
 0.1369  0.0000  0.0005  1.0000  0.6461  0.0022  0.0100  0.0223  0.0034  0.2845  0.0061  0.0024  0.0236  0.1594  0.0956  0.0081  0.0141  0.0120  0.0062  0.0010  0.0000  0.0029  0.0000  0.0000  0.0000
 0.1164  0.0000  0.0026  0.3187  1.0000  0.0104  0.0423  0.0267  0.0175  0.1295  0.1461  0.0116  0.0481  0.0671  0.1588  0.0369  0.0623  0.1295  0.0995  0.0047  0.0000  0.0134  0.0000  0.0000  0.0000
 1.0000  0.0000  0.0005  0.0004  0.0005  0.0002  0.0031  0.0001  0.0002  0.0005  0.0005  0.0002  0.0004  0.0014  0.0004  0.0004  0.0339  0.0010  0.0009  0.0001  0.0000  0.0002  0.0000  0.0000  0.0000
 0.0000  0.0000  0.0000  0.0000  0.0000  0.0000  0.0000  0.0000  0.0000  0.0000  0.0000  0.0000  0.0000  0.0000  0.0000  1.0000  0.0000  0.0000  0.0000  0.0000  0.0000  0.0000  0.0000  0.0000  0.0000
 0.5223  0.0000  0.0486  0.2154  0.3488  0.0452  0.4031  0.1274  0.1136  1.0000  0.1394  0.0482  0.3575  0.1135  0.2502  0.8745  0.3967  0.2181  0.1181  0.0160  0.0000  0.0594  0.0000  0.0000  0.0000
 0.0071  0.0000  0.0019  0.0013  0.0025  1.0000  0.0022  0.0029  0.0377  0.1894  0.1279  0.0183  0.0024  0.0030  0.0041  0.0040  0.0029  0.0045  0.0165  0.0023  0.0000  0.2593  0.0000  0.0000  0.0000
 0.0000  0.0000  0.0000  0.0000  0.0000  1.0000  0.0000  0.0000  0.0000  0.0000  0.0000  0.0000  0.0000  0.0000  0.0000  0.0000  0.0000  0.0000  0.0000  0.0000  0.0000  0.0000  0.0000  0.0000  0.0000
 0.1303  0.0000  0.0016  0.0034  0.0216  0.0033  0.0114  0.0367  0.0065  0.1063  0.0154  0.0051  0.0152  0.0121  1.0000  0.4831  0.0130  0.0164  0.0087  0.1316  0.0000  0.0069  0.0000  0.0000  0.0000
 0.0000  0.0000  0.0000  0.0000  0.0000  0.0000  0.0000  0.0000  0.0000  0.0000  0.0000  0.0000  0.0000  0.0000  1.0000  0.0000  0.0000  0.0000  0.0000  0.0000  0.0000  0.0000  0.0000  0.0000  0.0000
 0.0011  0.0000  0.0004  0.0003  0.0003  0.0021  0.0005  0.0000  1.0000  0.0005  0.3279  0.0579  0.0003  0.0003  0.0002  0.0004  0.0005  0.0013  0.5126  0.0003  0.0000  0.0008  0.0000  0.0000  0.0000
 0.0011  0.0000  0.0004  0.0003  0.0003  0.0019  0.0005  0.0000  1.0000  0.0005  0.4758  0.0018  0.0003  0.0002  0.0002  0.0004  0.0005  0.0012  0.3251  0.0002  0.0000  0.0008  0.0000  0.0000  0.0000
 0.4096  0.0000  0.2470  0.0374  0.4096  0.0057  0.0798  0.0081  0.0070  0.0205  0.0131  0.0061  0.1982  0.0339  0.0145  0.0128  1.0000  0.0505  0.0215  0.0024  0.0000  0.0066  0.0000  0.0000  0.0000
 1.0000  0.0000  0.0011  0.0008  0.0010  0.0004  0.2969  0.0002  0.0005  0.0011  0.0010  0.0005  0.0007  0.0027  0.0007  0.0008  0.0056  0.0169  0.0018  0.0001  0.0000  0.0003  0.0000  0.0000  0.0000
 0.0012  0.0000  0.0003  0.0001  0.0002  0.0005  0.0001  0.0001  0.0218  0.0002  0.0024  0.0005  0.0001  0.0003  0.0002  0.0002  0.0002  0.0010  1.0000  0.0001  0.0000  0.0002  0.0000  0.0000  0.0000
 0.0268  0.0000  0.0017  0.2506  1.0000  0.0023  0.0587  0.0933  0.0054  0.0325  0.0090  0.0033  0.0248  0.0126  0.2500  0.6029  0.1192  0.0530  0.0086  0.0010  0.0000  0.0029  0.0000  0.0000  0.0000
 0.0037  0.0000  0.0021  0.0040  0.0025  0.1494  0.0058  0.4169  0.0031  0.0027  0.0065  0.0018  0.0042  0.0025  0.0022  0.0030  0.0032  0.0029  0.0034  0.0018  0.0000  1.0000  0.0000  0.0000  0.0000
 0.0010  0.0000  1.0000  0.0010  0.0006  0.0025  0.0025  0.0005  0.0007  0.0001  0.0012  0.0003  0.0006  0.0008  0.0004  0.0007  0.0005  0.0007  0.0010  0.0009  0.0000  0.0093  0.0000  0.0000  0.0000
 0.0011  0.0000  0.0014  0.0018  0.0010  0.0008  0.0037  1.0000  0.0007  0.0008  0.0012  0.0003  0.0013  0.0016  0.0007  0.0012  0.0008  0.0010  0.0009  0.0007  0.0000  0.1158  0.0000  0.0000  0.0000
 0.4042  0.0000  0.0166  0.2214  0.2473  0.0593  0.1902  0.1104  0.0678  0.2454  0.0859  0.0300  0.5190  0.0704  0.4351  1.0000  0.4311  0.1459  0.0788  0.0080  0.0000  0.0302  0.0000  0.0000  0.0000
 0.1699  0.0000  0.1400  0.2410  0.2364  0.0356  0.2436  0.2857  0.0582  1.0000  0.1364  0.0455  0.4669  0.1333  0.3363  0.8553  0.2410  0.1866  0.0789  0.0244  0.0000  0.0807  0.0000  0.0000  0.0000
 0.3815  0.0000  0.1157  0.1362  0.2801  0.4529  0.6034  0.3660  0.2664  1.0000  0.5254  0.3340  0.2851  0.1878  0.3826  0.7590  0.3013  0.3120  0.3272  0.1115  0.0000  0.5595  0.0000  0.0000  0.0000
 0.0008  0.0000  0.0003  0.0002  0.0002  0.0010  0.0003  0.0000  0.5472  0.0003  0.0052  0.0009  0.0002  0.0002  0.0001  0.0002  0.0003  0.0009  1.0000  0.0001  0.0000  0.0005  0.0000  0.0000  0.0000
 0.0131  0.0000  0.0011  0.0004  0.0007  0.1068  0.0005  0.0003  0.0103  0.0005  0.1261  0.0041  0.0004  0.0010  0.0006  0.0005  0.0013  0.0021  1.0000  0.0059  0.0000  0.1770  0.0000  0.0000  0.0000
 0.0009  0.0000  0.0006  0.0013  0.0009  0.0005  0.0030  1.0000  0.0005  0.0016  0.0010  0.0002  0.0009  0.0018  0.0008  0.0086  0.0008  0.0008  0.0006  0.0005  0.0000  0.0006  0.0000  0.0000  0.0000
 0.0000  0.0000  0.0000  0.0000  0.0000  0.0000  0.0000  0.0000  0.0000  0.0000  0.0000  0.0000  0.0000  0.0000  0.0000  1.0000  0.0000  0.0000  0.0000  0.0000  0.0000  0.0000  0.0000  0.0000  0.0000
 0.0000  0.0000  0.0000  1.0000  0.0000  0.0000  0.0000  0.0000  0.0000  0.0000  0.0000  0.0000  0.0000  0.0000  0.0000  0.0000  0.0000  0.0000  0.0000  0.0000  0.0000  0.0000  0.0000  0.0000  0.0000
 0.0012  0.0000  0.0003  0.0002  0.0003  0.0033  0.0003  0.0002  0.3634  0.0004  1.0000  0.0040  0.0003  0.0005  0.0006  0.0004  0.0003  0.0007  0.0036  0.0004  0.0000  0.0004  0.0000  0.0000  0.0000
 0.0000  0.0000  0.0000  0.0000  0.0000  0.0000  0.0000  0.0000  0.0000  1.0000  0.0000  0.0000  0.0000  0.0000  0.0000  0.0000  0.0000  0.0000  0.0000  0.0000  0.0000  0.0000  0.0000  0.0000  0.0000
 0.2630  0.0000  0.0057  0.4459  0.0162  0.0025  0.0349  0.0024  0.0028  0.0086  0.0060  0.0027  0.0099  1.0000  0.0070  0.0051  0.0313  0.0115  0.0097  0.0010  0.0000  0.0024  0.0000  0.0000  0.0000
 0.0000  0.0000  0.0000  0.0000  1.0000  0.0000  0.0000  0.0000  0.0000  0.0000  0.0000  0.0000  0.0000  0.0000  0.0000  0.0000  0.0000  0.0000  0.0000  0.0000  0.0000  0.0000  0.0000  0.0000  0.0000
 0.0017  0.0000  0.0008  0.0028  0.0011  0.0006  0.0035  0.0008  0.0007  0.0011  0.0014  0.0246  1.0000  0.0013  0.0008  0.0010  0.0019  0.0012  0.0008  0.0004  0.0000  0.0007  0.0000  0.0000  0.0000
 0.0007  0.0000  0.0002  0.0001  0.0002  0.0019  0.0001  0.0001  0.1063  0.0002  1.0000  0.0023  0.0002  0.0003  0.0004  0.0002  0.0002  0.0004  0.0081  0.0002  0.0000  0.0002  0.0000  0.0000  0.0000
 0.0000  0.0000  0.0000  0.0000  0.0000  0.0000  0.0000  0.0000  0.0000  0.0000  1.0000  0.0000  0.0000  0.0000  0.0000  0.0000  0.0000  0.0000  0.0000  0.0000  0.0000  0.0000  0.0000  0.0000  0.0000
 0.0014  0.0000  0.0004  0.0003  0.0004  0.0026  0.0005  0.0001  0.2956  0.0005  1.0000  0.0028  0.0004  0.0004  0.0004  0.0005  0.0005  0.0013  0.2836  0.0003  0.0000  0.0008  0.0000  0.0000  0.0000
 0.0011  0.0000  0.0004  1.0000  0.0011  0.0003  0.0148  0.0007  0.0003  0.0010  0.0006  0.0001  0.0027  0.0013  0.0007  0.0008  0.0015  0.0008  0.0004  0.0003  0.0000  0.0005  0.0000  0.0000  0.0000
 0.4544  0.0000  0.0631  0.1704  0.1703  0.0330  0.1874  0.0406  0.0859  0.1799  0.1156  0.0474  0.2174  0.1707  0.1284  0.1084  0.8407  1.0000  0.1521  0.0179  0.0000  0.0348  0.0000  0.0000  0.0000
 0.0927  0.0000  0.0065  0.2375  0.8464  0.0061  0.0467  0.0901  0.0814  0.9316  0.0371  0.0130  0.3026  0.0337  0.3633  1.0000  0.1848  0.1403  0.0350  0.0021  0.0000  0.0047  0.0000  0.0000  0.0000
 0.4635  0.0000  0.4439  0.9606  0.5340  0.1112  0.2542  0.3022  0.1400  0.6013  0.2278  0.0791  0.9719  0.1659  0.3561  0.6768  1.0000  0.6001  0.2017  0.0318  0.0000  0.1938  0.0000  0.0000  0.0000
 0.2425  0.0000  0.0577  0.0591  0.0918  0.2877  0.5838  0.1336  0.3353  0.2402  1.0000  0.3257  0.0945  0.0903  0.1173  0.1578  0.1657  0.1377  0.2567  0.0976  0.0000  0.2315  0.0000  0.0000  0.0000
 0.0424  0.0000  0.0574  0.1181  0.4431  0.0302  0.0400  0.0151  0.0122  0.0313  0.0146  0.0064  1.0000  0.0227  0.0229  0.0182  0.1581  0.1883  0.0662  0.0035  0.0000  0.0120  0.0000  0.0000  0.0000
 0.0034  0.0000  0.0011  0.0008  0.0010  0.0059  0.0016  0.0001  0.5750  0.0015  1.0000  0.0060  0.0010  0.0008  0.0007  0.0013  0.0015  0.0039  0.9150  0.0007  0.0000  0.0023  0.0000  0.0000  0.0000
 0.0013  0.0000  0.0001  0.0006  0.0011  0.0002  0.0014  0.0006  0.0004  1.0000  0.0008  0.0002  0.0009  0.0011  0.0015  0.0034  0.0011  0.0194  0.0005  0.0002  0.0000  0.0003  0.0000  0.0000  0.0000
 0.0012  0.0000  0.0004  0.0003  0.0003  0.0023  0.0005  0.0001  1.0000  0.0005  0.4421  0.0374  0.0003  0.0003  0.0003  0.0004  0.0005  0.0012  0.3202  0.0003  0.0000  0.0008  0.0000  0.0000  0.0000
 1.0000  0.0000  0.0168  0.0124  0.0149  0.0068  0.0871  0.0030  0.4074  0.0164  0.0197  0.0084  0.0115  0.0405  0.0114  0.0116  0.3406  0.0387  0.0370  0.0024  0.0000  0.0049  0.0000  0.0000  0.0000
 0.0000  0.0000  0.0000  1.0000  0.0000  0.0000  0.0000  0.0000  0.0000  0.0000  0.0000  0.0000  0.0000  0.0000  0.0000  0.0000  0.0000  0.0000  0.0000  0.0000  0.0000  0.0000  0.0000  0.0000  0.0000
 0.0000  0.0000  0.0000  0.0000  0.0000  1.0000  0.0000  0.0000  0.0000  0.0000  0.0000  0.0000  0.0000  0.0000  0.0000  0.0000  0.0000  0.0000  0.0000  0.0000  0.0000  0.0000  0.0000  0.0000  0.0000
 0.0000  0.0000  0.0000  0.0000  0.0000  0.0000  1.0000  0.0000  0.0000  0.0000  0.0000  0.0000  0.0000  0.0000  0.0000  0.0000  0.0000  0.0000  0.0000  0.0000  0.0000  0.0000  0.0000  0.0000  0.0000
 0.0263  0.0000  0.0066  0.0033  0.0060  0.2447  0.0070  0.0040  0.1009  0.0071  1.0000  0.0661  0.0052  0.0103  0.0102  0.0069  0.3126  0.0144  0.0580  0.0184  0.0000  0.0567  0.0000  0.0000  0.0000
 0.0569  0.0000  0.0059  0.0099  0.0069  0.0027  0.4111  0.0025  0.0029  0.0075  0.0063  0.0026  0.0096  0.0161  0.0051  0.0055  1.0000  0.0117  0.0094  0.0014  0.0000  0.0025  0.0000  0.0000  0.0000
 1.0000  0.0000  0.0472  0.1444  0.0713  0.0227  0.2990  0.0336  0.0235  0.0725  0.0483  0.0200  0.9138  0.1196  0.0496  0.0494  0.2489  0.0965  0.0705  0.0114  0.0000  0.0271  0.0000  0.0000  0.0000
 0.0169  0.0000  0.0047  0.0027  0.2400  0.0209  0.0047  0.0009  1.0000  0.0055  0.6189  0.0931  0.0035  0.0040  0.0033  0.0045  0.0322  0.0157  0.4418  0.0025  0.0000  0.0070  0.0000  0.0000  0.0000
 0.0233  0.0000  0.0056  0.0031  0.0064  0.3232  0.0060  0.0054  0.1005  0.0106  0.8770  1.0000  0.0060  0.1013  0.0120  0.2088  0.0861  0.0134  0.0562  0.0067  0.0000  0.0088  0.0000  0.0000  0.0000
 0.1214  0.0000  0.0117  0.0264  0.1796  0.0244  0.0841  0.1037  0.0507  1.0000  0.1186  0.0394  0.1162  0.0933  0.4160  0.8102  0.1222  0.3513  0.0677  0.0183  0.0000  0.0522  0.0000  0.0000  0.0000
 0.0032  0.0000  0.0010  1.0000  0.0031  0.0008  0.1506  0.0020  0.0007  0.0029  0.0013  0.0003  0.0085  0.0031  0.0020  0.0020  0.0047  0.0022  0.0010  0.0006  0.0000  0.0013  0.0000  0.0000  0.0000
 0.0118  0.0000  0.0024  0.0318  0.0099  0.0017  1.0000  0.0069  0.0019  0.0102  0.0026  0.0012  0.1914  0.0073  0.0070  0.0054  0.0691  0.4544  0.0032  0.0009  0.0000  0.0142  0.0000  0.0000  0.0000
 0.2802  0.0000  0.0786  0.0867  0.1537  0.3599  0.1429  0.2230  0.4140  0.3650  1.0000  0.2462  0.1664  0.1202  0.2036  0.3331  0.1774  0.2161  0.4080  0.0786  0.0000  0.3454  0.0000  0.0000  0.0000
 0.0016  0.0000  0.0008  0.0003  0.0004  1.0000  0.0003  0.0000  0.0037  0.0000  0.5052  0.0018  0.0000  0.0006  0.0000  0.0000  0.0011  0.0010  0.0033  0.0079  0.0000  0.5628  0.0000  0.0000  0.0000
 0.0575  0.0000  0.0074  0.2843  0.0876  0.0113  0.0734  0.3346  0.0195  1.0000  0.0444  0.0150  0.1138  0.0441  0.1103  0.2703  0.0777  0.5134  0.0267  0.0079  0.0000  0.0252  0.0000  0.0000  0.0000
 0.0285  0.0000  0.0079  0.3721  0.0204  0.0054  0.0361  0.0093  0.0078  0.0171  0.0104  0.0039  0.0401  0.0206  0.0131  0.0121  0.0673  1.0000  0.0121  0.0041  0.0000  0.0073  0.0000  0.0000  0.0000
 0.2323  0.0000  0.0431  0.0836  0.0536  0.4514  0.0837  0.0234  0.0615  0.0780  0.0687  0.0320  0.1454  0.1042  0.0603  0.0497  1.0000  0.8828  0.0984  0.0241  0.0000  0.0688  0.0000  0.0000  0.0000
 0.1755  0.0000  1.0000  0.5239  0.1021  0.0933  0.3984  0.0885  0.0742  0.0449  0.1065  0.0364  0.1841  0.1209  0.0727  0.1048  0.1243  0.1153  0.1110  0.0707  0.0000  0.1162  0.0000  0.0000  0.0000
 0.0000  0.0000  0.0000  0.0000  0.0000  0.0000  1.0000  0.0000  0.0000  0.0000  0.0000  0.0000  0.0000  0.0000  0.0000  0.0000  0.0000  0.0000  0.0000  0.0000  0.0000  0.0000  0.0000  0.0000  0.0000
 0.0038  0.0000  0.0008  0.0016  0.0010  0.0004  0.0012  0.0005  0.0011  0.0016  0.0010  0.0006  0.0030  0.0019  0.0012  0.0086  1.0000  0.7951  0.0018  0.0003  0.0000  0.0005  0.0000  0.0000  0.0000
 0.0692  0.0000  0.0482  0.0089  0.0106  0.0042  0.0421  0.0046  0.0053  0.0241  0.0106  0.0042  0.0097  1.0000  0.0111  0.3377  0.0357  0.0161  0.0139  0.0023  0.0000  0.0046  0.0000  0.0000  0.0000
 1.0000  0.0000  0.1129  0.0867  0.1034  0.0488  0.4184  0.0248  0.2335  0.1087  0.2084  0.0750  0.2982  0.2776  0.0761  0.0722  0.4202  0.2870  0.6685  0.0140  0.0000  0.0297  0.0000  0.0000  0.0000
 0.0004  0.0000  0.0002  0.0001  0.0001  0.0168  0.0001  0.0000  0.0008  0.0000  0.0324  0.0004  0.0000  0.0001  0.0000  0.0000  0.0002  0.0002  0.0007  0.0018  0.0000  1.0000  0.0000  0.0000  0.0000
 1.0000  0.0000  0.0036  0.0022  0.0031  0.0016  0.0125  0.0522  0.0078  0.0034  0.0070  0.0114  0.0023  0.0071  0.0024  0.0023  0.4276  0.0108  0.3184  0.0005  0.0000  0.0010  0.0000  0.0000  0.0000
 1.0000  0.0000  0.0058  0.0048  0.0055  0.0024  0.0332  0.0012  0.0028  0.0060  0.0060  0.0026  0.0039  0.3662  0.0041  0.0045  0.0291  0.0101  0.0098  0.0010  0.0000  0.0019  0.0000  0.0000  0.0000
 0.0357  0.0000  0.0005  0.0006  0.0006  0.0003  0.0032  0.0002  0.0003  0.0006  0.0006  0.0002  0.0004  1.0000  0.0004  0.0005  0.0026  0.0010  0.0009  0.0001  0.0000  0.0002  0.0000  0.0000  0.0000
 0.0013  0.0000  0.0002  0.0027  1.0000  0.0003  0.0014  0.0005  0.0003  0.0019  0.0006  0.0002  0.0007  0.0012  0.0015  0.0314  0.0008  0.0007  0.0004  0.0002  0.0000  0.0003  0.0000  0.0000  0.0000
 0.0798  0.0000  0.0555  0.0058  0.0143  0.0873  0.0065  0.0062  0.2008  0.0160  0.5324  0.0833  0.0094  0.0213  0.0170  0.0123  0.0162  0.0536  1.0000  0.3179  0.0000  0.0307  0.0000  0.0000  0.0000
 0.0433  0.0000  0.0005  0.0003  0.0004  0.1794  0.0005  0.0001  1.0000  0.0006  0.1445  0.0028  0.0004  0.0004  0.0004  0.0005  0.0005  0.0015  0.1008  0.0003  0.0000  0.0008  0.0000  0.0000  0.0000
 0.2585  0.0000  0.0055  0.0292  0.0693  0.0084  0.0408  0.0332  0.0184  0.2771  0.0398  0.0135  0.2254  0.0985  0.3624  0.6863  1.0000  0.0568  0.0260  0.0057  0.0000  0.0165  0.0000  0.0000  0.0000
 0.1286  0.0000  0.0327  0.3197  0.1383  0.1235  1.0000  0.1308  0.0507  0.2791  0.0931  0.0317  0.4996  0.0822  0.1290  0.2809  0.2539  0.1204  0.0678  0.0264  0.0000  0.4058  0.0000  0.0000  0.0000
 0.0097  0.0000  0.0010  0.0026  0.0135  0.0020  0.0074  0.3198  0.0041  1.0000  0.0097  0.0032  0.0103  0.0076  0.0228  0.0667  0.0270  0.0104  0.0054  0.0015  0.0000  0.0431  0.0000  0.0000  0.0000
 0.1412  0.0000  0.0135  0.0248  0.1952  0.0293  0.1138  0.1252  0.0602  1.0000  0.1780  0.0471  0.1363  0.1104  0.3341  0.8546  0.1152  0.1503  0.0797  0.0220  0.0000  0.0631  0.0000  0.0000  0.0000
 0.0022  0.0000  0.0007  0.0008  0.0005  0.0084  0.0324  0.0003  0.0095  0.0004  0.0025  0.0006  0.0006  0.0010  0.0003  0.0005  0.0013  0.0008  0.0012  0.0019  0.0000  1.0000  0.0000  0.0000  0.0000
 0.6420  0.0000  0.0786  1.0000  0.6265  0.0541  0.7927  0.2039  0.0436  0.3244  0.0910  0.0365  0.9516  0.2652  0.2599  0.1603  0.6440  0.2644  0.1084  0.0267  0.0000  0.1047  0.0000  0.0000  0.0000
 0.0998  0.0000  0.0009  0.0007  0.0008  0.0003  1.0000  0.0002  0.0004  0.0009  0.0008  0.0004  0.0007  0.0022  0.0006  0.0337  0.0044  0.0015  0.0014  0.0001  0.0000  0.0003  0.0000  0.0000  0.0000
 0.3981  0.0000  0.0106  0.0083  0.0101  0.0041  0.0596  0.0022  0.0049  0.0133  0.0106  0.0049  0.0076  1.0000  0.0081  0.4213  0.1190  0.0203  0.0177  0.0015  0.0000  0.0033  0.0000  0.0000  0.0000
 0.0226  0.0000  0.0011  0.0401  1.0000  0.0023  0.0110  0.0070  0.0037  0.3221  0.0559  0.0028  0.0113  0.0127  0.0276  0.0261  0.4022  0.0130  0.0064  0.0013  0.0000  0.0036  0.0000  0.0000  0.0000
 0.5046  0.0000  0.0055  0.0024  0.0046  0.0026  0.0127  0.0011  0.0177  0.0054  0.0137  0.0045  0.0026  0.0091  0.0036  0.0469  0.0139  0.0155  1.0000  0.0006  0.0000  0.0012  0.0000  0.0000  0.0000
 0.1262  0.0000  0.0028  1.0000  0.0048  0.0013  0.0095  0.0018  0.0030  0.0052  0.0034  0.0018  0.0105  0.0071  0.0040  0.0032  0.0749  0.2549  0.0057  0.0008  0.0000  0.0016  0.0000  0.0000  0.0000
 0.0006  0.0000  0.0002  0.0001  0.0002  0.0008  0.0002  0.0000  0.1397  0.0002  0.1162  0.0008  0.0002  0.0001  0.0001  0.0002  0.0002  0.0006  1.0000  0.0001  0.0000  0.0003  0.0000  0.0000  0.0000
 0.0015  0.0000  0.0010  0.0017  0.0011  0.0009  0.0347  0.0008  0.0007  0.0011  0.0014  0.0003  0.0009  0.0024  0.0008  0.0014  0.0010  0.0010  0.0009  1.0000  0.0000  0.0009  0.0000  0.0000  0.0000
 0.0061  0.0000  0.0311  0.0009  0.0007  0.0004  0.0036  0.0003  0.0004  0.0007  0.0008  0.0003  0.0008  0.0016  0.0005  0.0006  1.0000  0.0023  0.0012  0.0002  0.0000  0.0004  0.0000  0.0000  0.0000
 0.1567  0.0000  1.0000  0.0077  0.0094  0.0114  0.0537  0.0023  0.0169  0.0105  0.7003  0.0118  0.0073  0.0253  0.0079  0.0078  0.1124  0.0230  0.0260  0.0559  0.0000  0.0054  0.0000  0.0000  0.0000
 0.0000  0.0000  0.0000  0.0000  0.0000  0.0000  1.0000  0.0000  0.0000  0.0000  0.0000  0.0000  0.0000  0.0000  0.0000  0.0000  0.0000  0.0000  0.0000  0.0000  0.0000  0.0000  0.0000  0.0000  0.0000
 0.0006  0.0000  0.0002  0.0001  0.0002  0.0006  0.0002  0.0000  0.1646  0.0002  0.0031  0.0006  0.0001  0.0001  0.0001  0.0002  0.0002  0.0006  1.0000  0.0001  0.0000  0.0003  0.0000  0.0000  0.0000
 0.0009  0.0000  0.0003  0.0002  0.0003  0.0016  0.0004  0.0001  1.0000  0.0004  0.3956  0.0017  0.0003  0.0002  0.0002  0.0003  0.0004  0.0009  0.0932  0.0002  0.0000  0.0006  0.0000  0.0000  0.0000
 0.0000  0.0000  0.0000  0.0000  0.0000  0.0000  0.0000  0.0000  0.0000  0.0000  1.0000  0.0000  0.0000  0.0000  0.0000  0.0000  0.0000  0.0000  0.0000  0.0000  0.0000  0.0000  0.0000  0.0000  0.0000
 0.0021  0.0000  0.0008  0.0055  0.0019  0.2168  0.0049  0.0015  0.0009  0.0019  0.0021  0.0006  0.0430  0.0015  0.0013  0.0014  0.0033  0.0017  0.0010  0.0006  0.0000  1.0000  0.0000  0.0000  0.0000
 0.7343  0.0000  0.1074  0.1413  0.1087  0.0522  0.1511  0.0247  0.4033  0.0992  0.2931  0.0958  0.0788  0.1616  0.0754  0.0590  0.3129  0.5239  1.0000  0.0126  0.0000  0.0242  0.0000  0.0000  0.0000
 0.0014  0.0000  0.0004  0.0002  0.0004  0.0525  0.0003  0.0003  0.0069  0.0005  1.0000  0.5813  0.0003  0.0006  0.0007  0.0005  0.0004  0.0008  0.0038  0.0005  0.0000  0.0006  0.0000  0.0000  0.0000
 0.0049  0.0000  0.0012  0.0005  0.0012  0.0114  0.0009  0.0009  0.0230  0.0015  1.0000  0.3833  0.0011  0.0019  0.0022  0.0015  0.0013  0.0029  0.8556  0.0013  0.0000  0.0015  0.0000  0.0000  0.0000
 0.3272  0.0000  1.0000  0.0018  0.0023  0.0011  0.0128  0.0005  0.0026  0.0025  0.0033  0.0014  0.0017  0.0061  0.0017  0.0017  0.2323  0.0058  0.2146  0.0004  0.0000  0.0275  0.0000  0.0000  0.0000
 0.0402  0.0000  0.0008  0.0007  0.0007  0.0003  1.0000  0.0002  0.0003  0.0009  0.0008  0.0004  0.0007  0.0020  0.0006  0.0334  0.0040  0.0014  0.0013  0.0001  0.0000  0.0002  0.0000  0.0000  0.0000
 0.2671  0.0000  0.0521  0.6058  0.2077  0.0425  0.2684  0.1215  0.0782  0.5361  0.1096  0.0465  0.4851  0.1649  0.2182  0.5141  0.9133  1.0000  0.1180  0.0252  0.0000  0.2381  0.0000  0.0000  0.0000
 0.0012  0.0000  0.0003  0.0002  0.0003  0.0033  0.0003  0.0002  0.3634  0.0004  1.0000  0.0040  0.0003  0.0005  0.0006  0.0004  0.0003  0.0007  0.0036  0.0004  0.0000  0.0004  0.0000  0.0000  0.0000
 0.0000  0.0000  0.0000  0.0000  0.0000  0.0000  0.0000  0.0000  0.0000  0.0000  0.0000  0.0000  0.0000  1.0000  0.0000  0.0000  0.0000  0.0000  0.0000  0.0000  0.0000  0.0000  0.0000  0.0000  0.0000
 0.0000  0.0000  0.0000  0.0000  0.0000  1.0000  0.0000  0.0000  0.0000  0.0000  0.0000  0.0000  0.0000  0.0000  0.0000  0.0000  0.0000  0.0000  0.0000  0.0000  0.0000  0.0000  0.0000  0.0000  0.0000
 0.0050  0.0000  0.0001  1.0000  0.6359  0.0005  0.0020  0.0943  0.0006  0.0051  0.0011  0.0005  0.0023  0.0031  0.0765  0.0014  0.0026  0.0022  0.0012  0.0002  0.0000  0.0006  0.0000  0.0000  0.0000
 0.0176  0.0000  0.0012  1.0000  0.1522  0.0021  0.2293  0.1403  0.0020  0.0196  0.0039  0.0016  0.0308  0.0115  0.3338  0.0067  0.0183  0.0103  0.0038  0.0010  0.0000  0.0040  0.0000  0.0000  0.0000
 0.0138  0.0000  0.0002  1.0000  0.8883  0.0013  0.0057  0.0035  0.0017  0.0141  0.0031  0.0013  0.0068  0.0084  0.5294  0.0437  0.2077  0.0062  0.0032  0.0006  0.0000  0.0018  0.0000  0.0000  0.0000
 0.0055  0.0000  0.0003  0.0129  0.6695  0.0007  0.0039  0.0025  0.0010  1.0000  0.0022  0.0008  0.0197  0.0036  0.0082  0.0084  0.0041  0.0034  0.0016  0.0004  0.0000  0.0012  0.0000  0.0000  0.0000
 0.0036  0.0000  0.0003  0.0013  0.4625  0.0007  0.0026  0.0031  0.0015  1.0000  0.0035  0.0011  0.0685  0.0028  0.0083  0.2349  0.0030  0.0037  0.0020  0.0005  0.0000  0.0016  0.0000  0.0000  0.0000
 0.0005  0.0000  0.0002  0.0001  0.0001  0.0006  0.0002  0.0000  1.0000  0.0002  0.0031  0.0006  0.0001  0.0001  0.0001  0.0001  0.0002  0.0005  0.1505  0.0001  0.0000  0.0003  0.0000  0.0000  0.0000
 0.5481  0.0000  0.1649  0.1909  0.2543  0.7130  0.3064  0.5038  0.4046  0.4047  0.7750  0.2066  0.2857  0.1904  0.2737  0.3576  0.4534  0.3654  0.5482  0.1719  0.0000  1.0000  0.0000  0.0000  0.0000
 0.5755  0.0000  0.0233  0.3092  0.4668  0.0217  0.5290  0.0534  0.0812  0.7750  0.1311  0.0460  0.4116  0.1196  0.2942  1.0000  0.3455  0.2674  0.1238  0.0075  0.0000  0.0168  0.0000  0.0000  0.0000
 0.1046  0.0000  0.0014  0.0010  0.0012  0.0005  1.0000  0.0002  0.0006  0.0013  0.0013  0.0006  0.0009  0.0035  0.0009  0.0010  0.0071  0.0024  0.0539  0.0002  0.0000  0.0004  0.0000  0.0000  0.0000
 0.7291  0.0000  0.0572  0.6270  1.0000  0.0751  0.3702  0.1369  0.2557  0.9504  0.3139  0.1182  0.5214  0.2663  0.6167  0.5928  0.7038  0.5539  0.3480  0.0237  0.0000  0.0792  0.0000  0.0000  0.0000
 0.0050  0.0000  0.0019  0.0007  0.0013  0.6956  0.0010  0.0006  0.0458  0.0010  0.4302  0.0105  0.0007  0.0019  0.0013  0.0009  0.0025  0.0032  0.2219  0.0124  0.0000  1.0000  0.0000  0.0000  0.0000
 0.5027  0.0000  0.1777  0.2033  0.2701  0.7063  0.3265  0.5428  0.3902  0.2876  0.6454  0.2187  0.3045  0.2023  0.2907  0.3588  0.4038  0.4077  0.4986  0.1833  0.0000  1.0000  0.0000  0.0000  0.0000
 0.0208  0.0000  0.3831  0.0025  0.0052  0.7333  0.0040  0.0041  0.5119  0.0069  1.0000  0.2760  0.0050  0.0086  0.0105  0.0069  0.0057  0.0550  0.0588  0.0064  0.0000  0.0070  0.0000  0.0000  0.0000
 0.0181  0.0000  0.0034  0.0151  0.0131  0.0057  0.0415  0.0075  0.0062  0.0265  0.0142  0.0025  0.0094  1.0000  0.0119  0.3769  0.0131  0.0104  0.0078  0.0058  0.0000  0.0056  0.0000  0.0000  0.0000
 0.5268  0.0000  0.0595  0.9284  0.7189  0.1604  0.6262  0.2144  0.1220  0.8236  0.2115  0.0738  1.0000  0.3095  0.5272  0.7040  0.9463  0.4447  0.1842  0.0275  0.0000  0.1085  0.0000  0.0000  0.0000
 0.1290  0.0000  0.0445  0.0520  0.0712  0.2803  0.0841  0.5887  0.0994  0.0874  0.1648  0.0559  0.0792  0.0528  0.0784  0.6667  0.1022  0.1523  0.1268  0.4461  0.0000  1.0000  0.0000  0.0000  0.0000
 0.0064  0.0000  0.0018  0.0010  0.0017  0.4435  0.0019  0.0010  0.6156  0.0024  1.0000  0.3609  0.0017  0.0023  0.0027  0.0023  0.0021  0.0048  0.5466  0.0019  0.0000  0.0029  0.0000  0.0000  0.0000
 0.0000  0.0000  0.0000  0.0000  0.0000  0.0000  0.0000  0.0000  0.0000  0.0000  0.0000  0.0000  0.0000  0.0000  0.0000  0.0000  1.0000  0.0000  0.0000  0.0000  0.0000  0.0000  0.0000  0.0000  0.0000
 0.1684  0.0000  0.0038  0.0094  0.0428  0.0019  0.0064  0.0025  0.0055  0.0082  0.0052  0.0028  0.0604  1.0000  0.0371  0.0051  0.6412  0.7674  0.0087  0.0012  0.0000  0.0023  0.0000  0.0000  0.0000
 0.2474  0.0000  0.0138  0.5523  1.0000  0.0203  0.2833  0.0555  0.0247  0.1876  0.0631  0.0249  0.1661  0.1233  0.2210  0.0613  0.2116  0.1039  0.0518  0.0093  0.0000  0.0298  0.0000  0.0000  0.0000
 1.0000  0.0000  0.6926  0.0167  0.0202  0.0091  0.1400  0.0038  0.0108  0.0221  0.1716  0.0109  0.0142  0.0574  0.0152  0.0159  0.1173  0.0393  0.0381  0.0032  0.0000  0.0066  0.0000  0.0000  0.0000
 0.7351  0.0000  0.0203  0.2354  0.7447  0.0193  0.1444  0.0480  0.0956  0.8354  0.1161  0.0406  0.1880  0.1050  1.0000  0.7172  0.3107  0.3152  0.2943  0.0069  0.0000  0.0155  0.0000  0.0000  0.0000
 0.2232  0.0000  0.0280  1.0000  0.3217  0.0255  0.4561  0.4072  0.0457  0.4972  0.0798  0.0280  0.7908  0.1152  0.6161  0.5489  0.4119  0.1923  0.0703  0.0117  0.0000  0.0489  0.0000  0.0000  0.0000
 0.0006  0.0000  0.0002  0.0001  0.0002  0.0016  0.0001  0.0001  0.0344  0.0002  1.0000  0.0019  0.0001  0.0003  0.0003  0.0002  0.0002  0.0003  0.0016  0.0002  0.0000  0.0002  0.0000  0.0000  0.0000
 0.0013  0.0000  0.0003  0.0002  0.0003  0.0033  0.0003  0.0002  1.0000  0.0004  0.4049  0.0040  0.0003  0.0005  0.0006  0.0004  0.0004  0.0008  0.0044  0.0004  0.0000  0.0005  0.0000  0.0000  0.0000
 0.0361  0.0000  0.0034  0.0102  0.1653  0.0069  0.0247  0.0643  0.0146  1.0000  0.0336  0.0112  0.0340  0.3951  0.0785  0.5381  0.1073  0.2218  0.0196  0.0051  0.0000  0.0145  0.0000  0.0000  0.0000
 0.1391  0.0000  0.0105  0.0193  0.1520  0.0229  0.0774  0.1127  0.0467  1.0000  0.1107  0.0366  0.1061  0.0858  0.2740  0.9775  0.1252  0.1172  0.0620  0.2549  0.0000  0.0494  0.0000  0.0000  0.0000
 0.0430  0.0000  0.5467  0.0052  0.0110  0.3693  0.0085  0.0086  0.3775  0.0146  0.8686  1.0000  0.0105  0.0182  0.0223  0.0146  0.0120  0.0249  0.1202  0.0139  0.0000  0.0158  0.0000  0.0000  0.0000
 0.0000  0.0000  0.0000  0.0000  0.0000  0.0000  0.0000  0.0000  0.0000  0.0000  1.0000  0.0000  0.0000  0.0000  0.0000  0.0000  0.0000  0.0000  0.0000  0.0000  0.0000  0.0000  0.0000  0.0000  0.0000
 0.7843  0.0000  0.1097  0.3798  0.6238  0.1150  0.2243  0.1140  0.5305  0.5594  0.4724  0.1507  0.3044  0.2333  0.3767  0.3264  0.4770  0.5763  1.0000  0.0283  0.0000  0.1004  0.0000  0.0000  0.0000
 0.0396  0.0000  0.0079  0.0020  0.0060  0.0072  0.0008  0.0017  0.0450  0.0061  0.8660  0.0120  0.0031  0.1748  0.0049  0.0036  0.0069  0.2226  1.0000  0.0011  0.0000  0.0017  0.0000  0.0000  0.0000
 0.0296  0.0000  0.0063  0.5725  0.0805  0.0058  0.0931  0.2089  0.0037  0.0782  0.0084  0.0030  1.0000  0.0236  0.0327  0.5830  0.0717  0.0301  0.0060  0.0031  0.0000  0.0151  0.0000  0.0000  0.0000
 0.0134  0.0000  0.0006  0.0004  0.0005  0.0002  0.0030  0.0001  0.0004  0.0006  0.0007  0.0003  0.0004  1.0000  0.0004  0.0004  0.0028  0.0011  0.0089  0.0001  0.0000  0.0002  0.0000  0.0000  0.0000
 0.5952  0.0000  0.1043  0.0613  0.1281  0.0847  0.0916  0.0364  0.4759  0.1125  0.4433  0.1480  0.0721  0.1402  0.0854  0.0704  0.2588  0.4176  1.0000  0.0168  0.0000  0.0442  0.0000  0.0000  0.0000
 0.1035  0.0000  0.0075  0.7522  0.5536  0.0113  0.1082  0.2665  0.0155  1.0000  0.0284  0.0108  0.4020  0.0615  0.1755  0.0561  0.1097  0.4222  0.0266  0.0054  0.0000  0.0202  0.0000  0.0000  0.0000
 0.0000  0.0000  0.0000  0.0000  0.0000  0.0000  0.0000  0.0000  0.0000  0.0000  0.0000  0.0000  0.0000  0.0000  0.0000  1.0000  0.0000  0.0000  0.0000  0.0000  0.0000  0.0000  0.0000  0.0000  0.0000
 0.0634  0.0000  0.0322  0.0127  0.0190  0.1504  0.0815  0.0135  1.0000  0.0261  0.7623  0.1952  0.0193  0.1714  0.0249  0.0250  0.0261  0.0520  0.6380  0.0179  0.0000  0.0411  0.0000  0.0000  0.0000
 0.0180  0.0000  0.0005  0.0009  0.0006  0.0002  0.0010  0.0003  0.0007  0.0009  0.0006  0.0003  0.0017  0.0012  0.0007  0.0006  0.3247  1.0000  0.0011  0.0002  0.0000  0.0003  0.0000  0.0000  0.0000
 0.0021  0.0000  0.0006  0.0003  0.0006  0.1929  0.0006  0.0003  1.0000  0.0008  0.5425  0.0059  0.0006  0.0007  0.0009  0.0007  0.0007  0.0016  0.0593  0.0006  0.0000  0.0010  0.0000  0.0000  0.0000
 0.2843  0.0000  0.0078  0.3894  1.0000  0.0116  0.1161  0.2278  0.0209  0.1378  0.0364  0.0137  0.1221  0.6560  0.1288  0.1303  0.1792  0.0766  0.0357  0.0050  0.0000  0.0165  0.0000  0.0000  0.0000
 0.0026  0.0000  0.0000  0.0456  1.0000  0.0002  0.0009  0.0006  0.0003  0.0181  0.0006  0.0002  0.0010  0.0016  0.4365  0.0007  0.0013  0.0011  0.0006  0.0001  0.0000  0.0003  0.0000  0.0000  0.0000
 0.0005  0.0000  0.0002  0.0001  0.0001  0.0009  0.0002  0.0000  1.0000  0.0002  0.0998  0.0010  0.0001  0.0001  0.0001  0.0002  0.0002  0.0005  0.0321  0.0001  0.0000  0.0003  0.0000  0.0000  0.0000
 0.1456  0.0000  0.0388  0.0271  0.0450  0.2424  0.0422  0.0622  0.3842  0.0563  1.0000  0.2823  0.0448  0.0501  0.0730  0.1268  0.0575  0.0904  0.2737  0.0359  0.0000  0.1109  0.0000  0.0000  0.0000
 0.3208  0.0000  0.0084  0.4482  1.0000  0.0079  0.0599  0.0194  0.0294  0.5274  0.0962  0.0900  0.5622  0.0436  0.9589  0.1820  0.1153  0.0902  0.0449  0.0028  0.0000  0.0061  0.0000  0.0000  0.0000
 0.0291  0.0000  0.0070  0.8126  0.0447  0.0060  0.1050  1.0000  0.0029  0.0728  0.0065  0.0023  0.4818  0.0237  0.0282  0.0213  0.0796  0.0309  0.0049  0.0031  0.0000  0.0160  0.0000  0.0000  0.0000
 0.1137  0.0000  0.0072  0.1923  0.4137  0.0070  0.0523  0.0174  0.0256  0.2008  0.0415  0.0294  0.0678  1.0000  0.2613  0.4333  0.1402  0.0785  0.0461  0.0025  0.0000  0.0056  0.0000  0.0000  0.0000
 0.0000  0.0000  0.0000  0.0000  0.0000  0.0000  0.0000  0.0000  0.0000  0.0000  0.0000  0.0000  0.0000  0.0000  0.0000  0.0000  0.0000  0.0000  0.0000  1.0000  0.0000  0.0000  0.0000  0.0000  0.0000
 0.0036  0.0000  0.0011  0.0005  0.0009  1.0000  0.0007  0.0006  0.0536  0.0009  0.0463  0.6004  0.0007  0.0015  0.0014  0.0009  0.0013  0.0021  0.0093  0.0049  0.0000  0.0172  0.0000  0.0000  0.0000
 0.0958  0.0000  0.0646  0.0253  0.1239  0.0306  0.0651  0.1263  0.0428  1.0000  0.2871  0.0374  0.1137  0.0673  0.4899  0.4928  0.0798  0.1619  0.0569  0.0159  0.0000  0.0549  0.0000  0.0000  0.0000
 0.4860  0.0000  0.0313  0.3768  0.5839  0.0305  0.3522  0.0798  0.1500  1.0000  0.2018  0.0618  0.3109  0.3310  0.4387  0.3880  0.4261  0.3996  0.2100  0.0104  0.0000  0.0242  0.0000  0.0000  0.0000
 0.5430  0.0000  0.1926  0.4420  0.3644  0.5913  0.5842  0.5042  0.3448  0.3670  0.5698  0.1940  0.4950  0.2185  0.3245  0.3599  0.5290  0.4580  0.4452  0.1574  0.0000  1.0000  0.0000  0.0000  0.0000
 0.4922  0.0000  0.1718  0.2344  0.2889  0.7061  0.3242  0.5262  0.3909  0.2819  0.6755  0.2171  0.2981  0.1982  0.2849  0.3373  0.3889  0.3831  0.5180  0.1796  0.0000  1.0000  0.0000  0.0000  0.0000
 0.7645  0.0000  0.0666  0.5934  1.0000  0.1210  0.3928  0.1719  0.2085  0.9276  0.3572  0.1188  0.4724  0.2905  0.5834  0.5371  0.6923  0.5512  0.3309  0.0363  0.0000  0.1470  0.0000  0.0000  0.0000
 0.8173  0.0000  0.0881  0.6283  1.0000  0.1990  0.4298  0.2430  0.2595  0.9308  0.4325  0.1464  0.5296  0.3188  0.6140  0.5662  0.7763  0.6187  0.3932  0.0561  0.0000  0.2528  0.0000  0.0000  0.0000
 0.1579  0.0000  0.0395  0.0205  0.0378  0.1485  0.0310  0.0224  0.9892  0.0559  0.7651  0.1617  0.0307  0.0444  0.0381  0.0454  0.0454  0.1269  1.0000  0.0205  0.0000  0.0603  0.0000  0.0000  0.0000
 0.0202  0.0000  0.0021  0.0049  0.0259  0.0038  0.0133  0.0155  0.0081  0.3208  0.1883  0.0061  0.0185  1.0000  0.0898  0.1204  0.2038  0.0562  0.0110  0.0028  0.0000  0.0079  0.0000  0.0000  0.0000
 0.3831  0.0000  0.0249  0.5359  1.0000  0.1175  0.1751  0.0729  0.0871  0.4255  0.1893  0.0508  0.2205  0.2543  0.3239  0.2651  0.3347  0.2544  0.1339  0.0131  0.0000  0.0432  0.0000  0.0000  0.0000
 0.5284  0.0000  0.1511  0.2529  0.2833  0.4799  0.2894  0.3835  0.3160  0.3103  0.4864  0.1741  0.3656  0.2302  0.2778  0.2990  0.8312  1.0000  0.4202  0.1327  0.0000  0.6817  0.0000  0.0000  0.0000
 0.9830  0.0000  0.4547  0.5702  0.8399  0.5495  0.5014  0.4342  0.4946  1.0000  0.6442  0.2139  0.5265  0.4071  0.5792  0.5720  0.8428  0.7870  0.6086  0.1322  0.0000  0.6806  0.0000  0.0000  0.0000
 0.1555  0.0000  0.0028  1.0000  0.3649  0.0026  0.0200  0.0064  0.0098  0.0821  0.0159  0.0316  0.0260  0.0145  0.0687  0.1188  0.0764  0.0979  0.0346  0.0009  0.0000  0.0020  0.0000  0.0000  0.0000
 0.9291  0.0000  0.1553  0.6687  1.0000  0.5041  0.5148  0.4458  0.4722  0.9414  0.7147  0.2272  0.5983  0.3915  0.6915  0.6421  0.8461  0.7089  0.5516  0.1313  0.0000  0.6678  0.0000  0.0000  0.0000
 0.1644  0.0000  0.0049  0.0370  0.2009  0.0624  0.0283  0.3126  0.0162  0.5671  0.1048  0.0098  0.0647  0.0223  0.3425  1.0000  0.0490  0.0768  0.0233  0.0034  0.0000  0.0125  0.0000  0.0000  0.0000
 0.3042  0.0000  0.0361  0.1925  0.2508  0.1092  0.1266  0.1019  0.0949  0.2652  1.0000  0.0652  0.1763  0.1508  0.1914  0.3726  0.2112  0.3317  0.2933  0.0296  0.0000  0.1599  0.0000  0.0000  0.0000
 0.7430  0.0000  0.2216  0.3871  0.5628  0.7111  0.4359  0.5991  0.4441  0.5750  0.7286  0.2485  0.4486  0.2817  0.4615  0.5160  0.6133  0.5759  0.5843  0.1873  0.0000  1.0000  0.0000  0.0000  0.0000
 0.5928  0.0000  0.0271  0.4342  0.8885  0.0252  0.1929  0.1438  0.0949  0.8082  0.1530  0.0537  0.4313  0.2463  0.3562  0.3364  1.0000  0.6835  0.3097  0.0087  0.0000  0.0191  0.0000  0.0000  0.0000
 0.0835  0.0000  0.0139  0.0049  0.0871  0.0236  0.0034  0.0066  0.4993  0.0247  1.0000  0.0180  0.0071  0.0796  0.0097  0.0084  0.0547  0.0474  0.4936  0.0028  0.0000  0.0103  0.0000  0.0000  0.0000
 0.1037  0.0000  0.0076  1.0000  0.3950  0.0082  0.0709  0.0184  0.0382  0.1244  0.0408  0.2696  0.1542  0.1491  0.0822  0.0691  0.3525  0.0791  0.0782  0.0028  0.0000  0.0077  0.0000  0.0000  0.0000
 0.7654  0.0000  0.0925  0.6140  1.0000  0.0855  0.2488  0.1098  0.4392  0.6256  0.4297  0.1295  0.3891  0.4126  0.4367  0.3457  0.5529  0.7206  0.8585  0.0237  0.0000  0.0713  0.0000  0.0000  0.0000
 0.0129  0.0000  0.0018  1.0000  0.2755  0.0015  0.0123  0.0045  0.0026  0.0115  0.0034  0.0015  0.1185  0.0075  0.0106  0.0051  0.2294  0.1003  0.0786  0.0008  0.0000  0.0025  0.0000  0.0000  0.0000
 0.7588  0.0000  0.0720  0.6907  1.0000  0.0742  0.3634  0.1326  0.2577  0.8714  0.3212  0.1776  0.4846  0.2700  0.5572  0.4982  0.7424  0.6372  0.3813  0.0234  0.0000  0.0718  0.0000  0.0000  0.0000
 0.1869  0.0000  0.0412  0.1608  0.2057  0.1546  0.1317  0.0853  1.0000  0.1577  0.4585  0.0990  0.1441  0.0694  0.1141  0.1116  0.1614  0.1584  0.9733  0.0323  0.0000  0.1556  0.0000  0.0000  0.0000
 0.5795  0.0000  0.1781  0.2664  0.3663  0.7022  0.3585  0.5417  0.4027  0.3729  0.6663  0.2258  0.3576  0.2258  0.3523  0.3899  0.4641  0.4381  0.5200  0.1824  0.0000  1.0000  0.0000  0.0000  0.0000
 0.1990  0.0000  0.0079  0.3563  0.3253  0.0074  0.1474  0.0191  0.0259  0.1301  0.0417  0.0147  0.3395  0.0399  0.5053  0.0730  1.0000  0.5896  0.0396  0.0027  0.0000  0.0066  0.0000  0.0000  0.0000
 0.7613  0.0000  0.0518  0.6203  1.0000  0.0501  0.3658  0.1181  0.2135  0.8926  0.3232  0.1022  0.4854  0.2639  0.5660  0.5745  0.7782  0.6078  0.2851  0.0171  0.0000  0.0396  0.0000  0.0000  0.0000
 0.6779  0.0000  0.0933  0.5399  1.0000  0.1682  0.3342  0.1423  0.1933  0.8842  0.2983  0.1072  0.4500  0.2567  0.4938  0.4432  0.8873  0.9754  0.3178  0.0314  0.0000  0.1132  0.0000  0.0000  0.0000
 0.5482  0.0000  0.0351  0.4653  1.0000  0.0332  0.3322  0.1793  0.1219  0.8561  0.1968  0.1152  0.4182  0.1797  0.3849  0.3419  0.8996  0.3741  0.1859  0.0114  0.0000  0.0261  0.0000  0.0000  0.0000
 0.7456  0.0000  0.0535  0.6364  1.0000  0.0534  0.3744  0.1224  0.2216  0.9169  0.3071  0.1051  0.4862  0.2702  0.5793  0.5221  0.7379  0.5641  0.2855  0.0180  0.0000  0.0435  0.0000  0.0000  0.0000
 0.4408  0.0000  0.0316  0.4779  0.6154  0.0314  0.3343  0.0724  0.1959  0.6483  0.1775  0.0622  0.3352  0.1601  0.6950  0.3336  1.0000  0.3795  0.1674  0.0106  0.0000  0.0854  0.0000  0.0000  0.0000
 0.0371  0.0000  0.0008  0.7685  1.0000  0.0034  0.0159  0.0093  0.0047  0.0376  0.0085  0.0035  0.0195  0.0222  0.1538  0.0108  0.2972  0.0634  0.0088  0.0016  0.0000  0.0047  0.0000  0.0000  0.0000
 0.0322  0.0000  0.0053  0.0220  0.1903  0.0032  0.0125  0.0050  0.0093  0.0224  0.0104  0.0048  0.1057  0.0155  0.0493  0.0131  1.0000  0.2207  0.1041  0.0018  0.0000  0.0037  0.0000  0.0000  0.0000
 0.0033  0.0000  0.0008  0.0004  0.0008  0.0088  0.0007  0.0007  0.1968  0.0011  1.0000  0.1723  0.0008  0.0014  0.0017  0.0011  0.0009  0.0019  0.0094  0.0010  0.0000  0.0011  0.0000  0.0000  0.0000
//
