ID   UNK_ID; MATRIX
AC   UNK_AC
DE   UNK_DE
MA   UNK_BL
  A   B   C   D   E   F   G   H   I   K   L   M   N   P   Q   R   S   T   V   W   X   Y   Z   *   -
 0.0000  0.0000  0.0000  0.0000  0.0000  0.0000  0.0000  0.0000  0.0000  0.0000  0.0000  1.0000  0.0000  0.0000  0.0000  0.0000  0.0000  0.0000  0.0000  0.0000  0.0000  0.0000  0.0000  0.0000  0.0000
 0.0268  0.0000  0.0006  0.2049  1.0000  0.0025  0.0125  0.0069  0.0033  0.0273  0.0062  0.0025  0.0152  0.0161  0.0342  0.0080  0.0156  0.0125  0.0063  0.0012  0.0000  0.0035  0.0000  0.0000  0.0000
 0.5288  0.0000  0.0071  0.0121  0.0085  0.0033  0.0185  0.0034  0.0085  0.0120  0.0089  0.0046  0.0204  0.0175  0.0091  0.0077  0.8074  1.0000  0.0155  0.0019  0.0000  0.0035  0.0000  0.0000  0.0000
 0.4552  0.0000  0.0299  0.0222  0.0268  0.0113  0.2281  0.0050  0.0130  0.0291  0.0288  0.0135  0.0188  1.0000  0.0200  0.0209  0.1533  0.0517  0.2565  0.0041  0.0000  0.0087  0.0000  0.0000  0.0000
 1.0000  0.0000  0.0121  0.0103  0.0115  0.0048  0.2040  0.0025  0.0062  0.0129  0.0593  0.0057  0.0105  0.0874  0.0090  0.0091  0.1072  0.4644  0.0205  0.0018  0.0000  0.0039  0.0000  0.0000  0.0000
 0.9919  0.0000  0.0570  0.3452  0.5262  0.0641  0.2265  0.1197  0.1397  0.4763  0.1974  0.0750  0.3939  0.6935  0.3136  0.2795  0.9161  1.0000  0.3262  0.0234  0.0000  0.0729  0.0000  0.0000  0.0000
 0.7159  0.0000  0.0343  0.3760  0.5918  0.0380  0.3071  0.2491  0.1147  0.5512  0.1848  0.0649  0.5468  0.3268  0.4190  0.4964  1.0000  0.6418  0.1738  0.0126  0.0000  0.0353  0.0000  0.0000  0.0000
 0.3642  0.0000  0.0469  0.2749  0.4451  0.1122  0.2570  0.2188  0.1348  1.0000  0.2743  0.0857  0.3866  0.3184  0.6331  0.8058  0.5535  0.3425  0.1869  0.0420  0.0000  0.1711  0.0000  0.0000  0.0000
 0.1699  0.0000  0.0232  0.0281  0.1374  0.0261  0.0755  0.0815  0.0939  0.7123  0.1289  0.0428  0.1011  1.0000  0.2172  0.6268  0.1361  0.3679  0.4853  0.0158  0.0000  0.0437  0.0000  0.0000  0.0000
 1.0000  0.0000  0.0253  0.0306  0.0394  0.0135  0.2713  0.0093  0.0752  0.0406  0.0313  0.0137  0.0882  0.2705  0.0278  0.0274  0.4706  0.0710  0.1459  0.0047  0.0000  0.0130  0.0000  0.0000  0.0000
 0.5378  0.0000  0.0156  0.1007  0.2532  0.0101  0.1598  0.0209  0.0261  0.1076  0.0399  0.0156  0.4099  1.0000  0.0705  0.0614  0.5727  0.3483  0.0454  0.0043  0.0000  0.0109  0.0000  0.0000  0.0000
 0.2225  0.0000  0.0208  0.1204  0.3577  0.0392  0.1291  0.1076  0.0797  1.0000  0.6835  0.7389  0.1707  0.1181  0.3779  0.7819  0.1983  0.6223  0.1412  0.0199  0.0000  0.0625  0.0000  0.0000  0.0000
 0.0639  0.0000  0.0052  0.0677  0.0179  0.0031  0.0124  0.0047  0.0086  0.0193  0.0094  0.0595  0.1506  1.0000  0.0317  0.0114  0.4910  0.2229  0.0135  0.0018  0.0000  0.0036  0.0000  0.0000  0.0000
 0.8197  0.0000  0.0897  0.6298  1.0000  0.2057  0.4370  0.2372  0.2632  0.9336  0.4370  0.1484  0.5301  0.3106  0.6289  0.5676  0.7777  0.6229  0.3815  0.0594  0.0000  0.2623  0.0000  0.0000  0.0000
 0.8205  0.0000  0.0675  0.6445  1.0000  0.2156  0.4597  0.1779  0.2163  0.9564  0.3501  0.1222  0.5232  0.3300  0.5972  0.5528  0.9599  0.6543  0.3372  0.0331  0.0000  0.1257  0.0000  0.0000  0.0000
 0.5793  0.0000  0.0411  0.4790  0.8030  0.0391  0.3568  0.0947  0.1439  1.0000  0.3565  0.0816  0.4174  0.2255  0.4619  0.4479  0.7113  0.4399  0.2385  0.0136  0.0000  0.0307  0.0000  0.0000  0.0000
 0.8875  0.0000  0.0306  0.4547  0.5430  0.0305  1.0000  0.0684  0.1035  0.5023  0.2269  0.2284  0.3741  0.4312  0.3611  0.2844  0.7542  0.7155  0.1577  0.0104  0.0000  0.0256  0.0000  0.0000  0.0000
 0.9474  0.0000  0.0293  0.3646  0.5504  0.0276  0.6187  0.0667  0.1025  1.0000  0.1653  0.1131  0.2707  0.8086  0.4019  0.4539  0.4576  0.3729  0.1908  0.0095  0.0000  0.0212  0.0000  0.0000  0.0000
 0.5409  0.0000  0.0252  0.3170  0.4736  0.0710  0.4546  0.0574  0.0882  0.7928  0.1423  0.0499  0.2639  0.2613  0.3213  0.3885  1.0000  0.5575  0.1344  0.0082  0.0000  0.0184  0.0000  0.0000  0.0000
 0.4625  0.0000  0.0296  0.3870  0.5406  0.0666  0.5333  0.0691  0.1011  0.9718  0.1634  0.0573  0.4615  0.1737  0.3177  1.0000  0.5479  0.3424  0.1540  0.0100  0.0000  0.0245  0.0000  0.0000  0.0000
 0.0655  0.0000  0.0064  0.0163  0.0898  0.0138  0.0447  0.0931  0.0271  1.0000  0.1302  0.1817  0.1137  0.2161  0.1580  0.9815  0.0547  0.2647  0.0362  0.0095  0.0000  0.0282  0.0000  0.0000  0.0000
 0.0562  0.0000  0.0049  0.0509  0.2797  0.0065  0.1184  0.0698  0.0162  0.8701  0.0315  0.0107  0.2462  0.2006  0.0695  1.0000  0.1742  0.0485  0.0235  0.0037  0.0000  0.0108  0.0000  0.0000  0.0000
 0.1447  0.0000  0.0090  0.0331  0.1170  0.0205  0.0569  0.2601  0.0348  0.7966  0.1035  0.0670  0.0756  1.0000  0.2051  0.5897  0.1174  0.0851  0.0472  0.0114  0.0000  0.0369  0.0000  0.0000  0.0000
 0.8467  0.0000  0.0532  0.7517  1.0000  0.0503  0.8496  0.1211  0.2150  0.9915  0.3494  0.2660  0.6571  0.3103  0.6058  0.6603  0.8052  0.5821  0.2986  0.0172  0.0000  0.0387  0.0000  0.0000  0.0000
 0.0435  0.0000  0.0060  0.0055  0.0090  0.0262  0.0088  0.0327  0.1755  0.0483  1.0000  0.0977  0.0087  0.0798  0.0106  0.0128  0.0620  0.0162  0.0344  0.0053  0.0000  0.0224  0.0000  0.0000  0.0000
 0.0925  0.0000  0.0056  0.0658  0.1707  0.0053  0.1970  0.0132  0.0198  1.0000  0.0321  0.0112  0.0782  0.1242  0.1302  0.2827  0.1049  0.2917  0.0301  0.0019  0.0000  0.0042  0.0000  0.0000  0.0000
 0.1482  0.0000  0.0511  0.0588  0.0968  0.2287  0.0940  0.2880  0.4862  0.1147  1.0000  0.0833  0.0879  0.1970  0.0848  0.0999  0.1706  0.1139  0.1736  0.0530  0.0000  0.2850  0.0000  0.0000  0.0000
 0.4175  0.0000  0.0582  0.2921  0.4571  0.2229  0.2387  0.1613  0.2190  0.4850  0.2710  0.0881  0.4099  0.4338  0.3232  0.2813  1.0000  0.3246  0.2469  0.0454  0.0000  0.2241  0.0000  0.0000  0.0000
 0.8823  0.0000  0.1267  0.6431  1.0000  0.3539  0.4765  0.3402  0.3344  0.9450  0.5511  0.1894  0.5676  0.3310  0.6430  0.6100  0.8189  0.6741  0.4680  0.0948  0.0000  0.4660  0.0000  0.0000  0.0000
 0.8711  0.0000  0.1018  0.6321  1.0000  0.2663  0.4394  0.2679  0.3132  0.9281  0.4901  0.1656  0.5369  0.3115  0.6305  0.5757  0.7808  0.6575  0.4449  0.0695  0.0000  0.3267  0.0000  0.0000  0.0000
 0.8625  0.0000  0.0533  0.6353  1.0000  0.0706  0.4782  0.1986  0.1818  0.8677  0.3538  0.1028  0.6201  0.3750  0.5626  0.4935  0.9111  0.6340  0.3154  0.0199  0.0000  0.0569  0.0000  0.0000  0.0000
 0.7133  0.0000  0.0464  0.5569  0.9402  0.0818  0.3939  0.1056  0.1770  1.0000  0.2846  0.0920  0.4300  0.3233  0.5782  0.4996  0.6669  0.5541  0.2479  0.0150  0.0000  0.0332  0.0000  0.0000  0.0000
 0.0572  0.0000  0.0023  0.0873  0.2700  0.0021  0.0162  0.0052  0.0080  0.0685  0.0352  0.0045  0.0429  1.0000  0.1179  0.0223  0.1196  0.1861  0.0122  0.0007  0.0000  0.0017  0.0000  0.0000  0.0000
 0.2193  0.0000  0.0070  0.1123  0.1854  0.0068  0.0838  0.0280  0.0642  0.2985  0.0391  0.0137  0.1640  1.0000  0.1128  0.1305  0.1669  0.2803  0.0604  0.0023  0.0000  0.0567  0.0000  0.0000  0.0000
 0.8756  0.0000  0.0862  0.5715  1.0000  0.1697  0.3732  0.1753  0.2243  0.8461  0.3805  0.1321  0.4923  0.3180  0.6677  0.5449  0.7601  0.6672  0.4183  0.0387  0.0000  0.1619  0.0000  0.0000  0.0000
 0.5584  0.0000  0.0395  0.2245  0.3209  0.0311  0.2977  0.0513  0.1203  0.3118  0.1213  0.0478  0.2517  0.5341  0.3656  0.1805  1.0000  0.7817  0.1606  0.0132  0.0000  0.0311  0.0000  0.0000  0.0000
 0.8158  0.0000  0.0446  0.5368  1.0000  0.0428  0.3159  0.1964  0.1556  0.7698  0.2510  0.1446  0.6621  0.3026  0.4882  0.5082  0.7778  0.5229  0.2371  0.0146  0.0000  0.0336  0.0000  0.0000  0.0000
 0.6745  0.0000  0.0614  0.4323  0.8597  0.1861  0.4203  0.1612  0.3124  0.6392  0.3600  0.1693  0.3637  1.0000  0.4644  0.4406  0.6966  0.6783  0.3589  0.0395  0.0000  0.1788  0.0000  0.0000  0.0000
 0.4435  0.0000  0.1355  0.1581  0.2104  0.5384  0.2853  0.5812  0.3246  0.2238  0.6929  0.1912  0.2358  0.1567  0.2255  0.3245  0.5994  1.0000  0.5553  0.1415  0.0000  0.7887  0.0000  0.0000  0.0000
 0.3177  0.0000  0.0209  0.2218  0.6785  0.0264  0.1372  0.1111  0.3636  0.3303  0.1283  0.0399  0.2118  1.0000  0.2425  0.2257  0.3713  0.2351  0.1062  0.0084  0.0000  0.0261  0.0000  0.0000  0.0000
 0.1694  0.0000  0.0074  0.1439  0.4485  0.0069  0.2409  0.0154  0.0906  0.1126  0.0541  0.0133  0.0612  1.0000  0.0726  0.0633  0.2647  0.2022  0.0361  0.0024  0.0000  0.0057  0.0000  0.0000  0.0000
 0.1335  0.0000  0.0073  0.0281  0.2912  0.0167  0.0458  0.1087  0.0451  0.3957  0.3167  0.0202  0.0864  0.0456  0.1286  1.0000  0.0613  0.0685  0.0383  0.0092  0.0000  0.0300  0.0000  0.0000  0.0000
 0.0474  0.0000  0.0089  0.6867  0.0693  0.0056  0.0413  0.0140  0.1729  0.0364  0.0143  0.0067  1.0000  0.0257  0.0258  0.0650  0.8892  0.4494  0.0197  0.0032  0.0000  0.0086  0.0000  0.0000  0.0000
 0.0927  0.0000  0.0205  0.2027  0.0315  0.2427  0.0378  0.0872  0.2769  0.0336  1.0000  0.3743  0.0353  0.0239  0.0342  0.0646  0.0753  0.0455  0.0618  0.0215  0.0000  0.1144  0.0000  0.0000  0.0000
 0.0185  0.0000  0.0010  1.0000  0.3031  0.0016  0.0386  0.0047  0.0035  0.3756  0.0060  0.0022  0.0151  0.0091  0.0516  0.0588  0.1621  0.0119  0.0057  0.0007  0.0000  0.0021  0.0000  0.0000  0.0000
 0.0312  0.0000  0.0032  0.1930  0.0402  0.0027  0.0572  0.0086  0.0073  0.3057  0.0115  0.0042  0.2091  0.0134  0.1186  0.0210  1.0000  0.0694  0.0233  0.0011  0.0000  0.0037  0.0000  0.0000  0.0000
 0.1005  0.0000  0.0050  0.0465  0.0857  0.0062  0.0658  0.0552  0.0180  1.0000  0.0323  0.0111  0.0456  0.0279  0.1377  0.5935  0.4849  0.4271  0.0634  0.0030  0.0000  0.0081  0.0000  0.0000  0.0000
 1.0000  0.0000  0.0226  0.0781  0.0285  0.0094  0.9568  0.0070  0.0141  0.0610  0.0243  0.0115  0.0335  0.0574  0.0218  0.0207  0.1936  0.4491  0.2403  0.0039  0.0000  0.0084  0.0000  0.0000  0.0000
 0.5041  0.0000  0.1794  0.2041  0.2724  0.7046  0.3282  0.5389  0.3965  0.2978  0.6467  0.2193  0.3055  0.2032  0.2926  0.3494  0.3985  0.3957  0.4990  0.1838  0.0000  1.0000  0.0000  0.0000  0.0000
 0.0823  0.0000  0.0084  0.1712  0.1343  0.0174  0.0740  0.0214  0.7123  0.1215  1.0000  0.0142  0.0845  0.0305  0.0621  0.0567  0.1110  0.1009  0.1283  0.0050  0.0000  0.0215  0.0000  0.0000  0.0000
 0.6431  0.0000  0.0462  0.5299  0.8376  0.1804  0.3089  0.2100  0.1570  1.0000  0.3086  0.0888  0.5578  0.2221  0.6918  0.4238  0.8894  0.9966  0.2618  0.0177  0.0000  0.0520  0.0000  0.0000  0.0000
 0.1026  0.0000  0.0344  0.0664  0.0582  0.1629  0.1485  0.1027  1.0000  0.0615  0.1738  0.0782  0.0619  0.0408  0.1931  0.0695  0.2708  0.1163  0.2308  0.0354  0.0000  0.1903  0.0000  0.0000  0.0000
 0.0338  0.0000  0.0019  0.0524  0.1027  0.0018  1.0000  0.0057  0.0050  0.1858  0.0082  0.0029  0.2501  0.0527  0.0561  0.0149  0.2930  0.0171  0.0077  0.0007  0.0000  0.0023  0.0000  0.0000  0.0000
 0.1434  0.0000  0.0190  0.8843  0.8526  0.0174  1.0000  0.0862  0.0103  0.1285  0.0220  0.0082  0.5943  0.0746  0.0992  0.0603  0.2732  0.0900  0.0185  0.0089  0.0000  0.0436  0.0000  0.0000  0.0000
 0.1258  0.0000  0.0090  0.1034  0.2101  0.0090  0.1224  0.2178  0.0315  0.7872  0.0860  0.0180  0.1837  0.0462  1.0000  0.5566  0.3131  0.1242  0.1601  0.0031  0.0000  0.0075  0.0000  0.0000  0.0000
 0.6324  0.0000  0.0487  0.5311  0.8832  0.0577  0.3196  0.2984  0.3897  0.7681  0.2626  0.0922  0.8142  0.2310  0.5968  0.5983  1.0000  0.9502  0.2800  0.0187  0.0000  0.0552  0.0000  0.0000  0.0000
 0.0527  0.0000  0.0811  0.0215  0.0284  1.0000  0.1909  0.1707  0.0409  0.0302  0.0675  0.0229  0.0321  0.0212  0.0305  0.0361  0.1614  0.0407  0.0521  0.1434  0.0000  0.4923  0.0000  0.0000  0.0000
 0.2666  0.0000  0.0188  0.9085  1.0000  0.0176  0.1341  0.0551  0.0930  0.4403  0.1064  0.0373  0.2557  0.2400  0.4872  0.3164  0.4298  0.3561  0.3270  0.0060  0.0000  0.0133  0.0000  0.0000  0.0000
 0.3152  0.0000  0.0594  0.0039  0.0109  0.7672  0.0017  0.0027  0.9654  0.0113  0.3302  0.0194  0.0056  0.0147  0.0079  0.0067  0.0110  0.2160  1.0000  0.0018  0.0000  0.0046  0.0000  0.0000  0.0000
 0.2784  0.0000  0.0317  0.8721  1.0000  0.0299  0.3465  0.1372  0.0546  0.5577  0.0896  0.0331  0.6292  0.1456  0.2453  0.1713  0.8186  0.9009  0.0864  0.0139  0.0000  0.0532  0.0000  0.0000  0.0000
 1.0000  0.0000  0.0591  0.2231  0.3236  0.1050  0.1346  0.0482  0.4580  0.1587  0.6377  0.1520  0.0925  0.1222  0.1335  0.0924  0.3123  0.2449  0.4449  0.0201  0.0000  0.0577  0.0000  0.0000  0.0000
 0.0028  0.0000  0.0005  1.0000  0.2784  0.0005  0.0082  0.0381  0.0003  0.0038  0.0006  0.0002  0.1546  0.0021  0.0029  0.0251  0.0457  0.0026  0.0005  0.0003  0.0000  0.0013  0.0000  0.0000  0.0000
 0.0023  0.0000  0.0004  1.0000  0.2717  0.0004  0.0061  0.0208  0.0002  0.0030  0.0005  0.0002  0.0464  0.0017  0.0025  0.0014  0.1236  0.0020  0.0004  0.0002  0.0000  0.0010  0.0000  0.0000  0.0000
 0.0011  0.0000  0.0003  0.0001  0.0003  0.0024  0.0002  0.0002  0.0047  0.0003  1.0000  0.0029  0.0002  0.0004  0.0005  0.0003  0.0003  0.0006  0.1080  0.0003  0.0000  0.0004  0.0000  0.0000  0.0000
 0.0664  0.0000  0.0047  0.1540  1.0000  0.0045  0.0333  0.0109  0.0752  0.2662  0.0550  0.0093  0.0433  0.0243  0.1238  0.1301  0.0641  0.1099  0.1486  0.0016  0.0000  0.0036  0.0000  0.0000  0.0000
 0.4295  0.0000  0.0404  0.6896  0.5475  0.1678  0.2278  0.1926  0.1275  1.0000  0.2220  0.0738  0.4062  0.2730  0.4212  0.5564  0.4096  0.4263  0.1863  0.0240  0.0000  0.0950  0.0000  0.0000  0.0000
 0.0060  0.0000  0.0016  0.0008  0.0986  0.0157  0.0013  0.0013  0.5602  0.0025  1.0000  0.0362  0.0016  0.0025  0.0032  0.0222  0.0018  0.0036  0.0186  0.0019  0.0000  0.0258  0.0000  0.0000  0.0000
 0.4497  0.0000  0.2801  0.3224  0.1068  0.0172  1.0000  0.0111  0.0203  0.0523  0.0425  0.0412  0.0396  0.1001  0.0362  0.0353  0.3099  0.0796  0.1054  0.0061  0.0000  0.0151  0.0000  0.0000  0.0000
 0.0027  0.0000  0.0001  0.2844  1.0000  0.0003  0.0012  0.0007  0.0003  0.0028  0.0006  0.0003  0.0013  0.0017  0.0036  0.0008  0.0014  0.0012  0.0006  0.0001  0.0000  0.0004  0.0000  0.0000  0.0000
 0.0016  0.0000  0.0004  0.0002  0.0004  0.0043  0.0003  0.0003  0.3626  0.0005  1.0000  0.1206  0.0004  0.0007  0.0008  0.0005  0.0004  0.0009  0.0045  0.0005  0.0000  0.0005  0.0000  0.0000  0.0000
 0.0000  0.0000  0.0000  0.0000  0.0000  0.0000  1.0000  0.0000  0.0000  0.0000  0.0000  0.0000  0.0000  0.0000  0.0000  0.0000  0.0000  0.0000  0.0000  0.0000  0.0000  0.0000  0.0000  0.0000  0.0000
 0.0068  0.0000  0.0007  0.0040  0.0094  0.0014  0.0064  0.0853  0.0027  0.2415  0.0064  0.0021  0.1183  0.0053  0.0152  1.0000  0.2682  0.0073  0.0036  0.0010  0.0000  0.0031  0.0000  0.0000  0.0000
 0.0000  0.0000  0.0000  0.0000  0.0000  0.0000  1.0000  0.0000  0.0000  0.0000  0.0000  0.0000  0.0000  0.0000  0.0000  0.0000  0.0000  0.0000  0.0000  0.0000  0.0000  0.0000  0.0000  0.0000  0.0000
 1.0000  0.0000  0.0351  0.1013  0.0509  0.0152  0.2299  0.0223  0.0184  0.0547  0.0347  0.0163  0.4225  0.0906  0.0377  0.0345  0.2373  0.2877  0.0564  0.0065  0.0000  0.0179  0.0000  0.0000  0.0000
 0.1082  0.0000  0.1242  0.0234  0.0197  0.3462  0.1749  0.0200  0.0273  0.0196  0.0562  0.0162  0.0266  0.0302  0.0163  0.0177  0.1361  0.0329  0.0397  0.0333  0.0000  1.0000  0.0000  0.0000  0.0000
 0.0000  0.0000  0.0000  0.0000  0.0000  0.0000  1.0000  0.0000  0.0000  0.0000  0.0000  0.0000  0.0000  0.0000  0.0000  0.0000  0.0000  0.0000  0.0000  0.0000  0.0000  0.0000  0.0000  0.0000  0.0000
 0.4147  0.0000  0.0617  0.0714  0.0672  0.0326  0.0424  0.0248  0.4439  0.0866  0.1523  0.0559  0.2677  0.1071  0.1771  0.0528  0.6584  1.0000  0.8320  0.0128  0.0000  0.0238  0.0000  0.0000  0.0000
 0.0000  0.0000  0.0000  0.0000  0.0000  0.0000  0.0000  0.0000  0.0000  0.0000  0.0000  0.0000  0.0000  0.0000  0.0000  0.0000  0.0000  0.0000  1.0000  0.0000  0.0000  0.0000  0.0000  0.0000  0.0000
 0.5313  0.0000  0.1680  0.4080  0.6449  0.6512  0.3803  0.5241  0.3702  0.3412  0.6116  0.2549  0.5405  0.2272  0.3402  0.3492  0.4895  0.4179  0.5068  0.2175  0.0000  1.0000  0.0000  0.0000  0.0000
 0.0009  0.0000  0.0001  0.0002  0.0013  0.0002  0.0007  0.0008  0.0004  1.0000  0.0009  0.0003  0.0133  0.0007  0.0122  0.0158  0.0008  0.0010  0.0005  0.0001  0.0000  0.0004  0.0000  0.0000  0.0000
 0.0118  0.0000  0.0023  0.0006  0.0018  0.0020  0.0005  0.0005  0.0134  0.0018  0.0120  1.0000  0.0009  0.0026  0.0014  0.0011  0.0022  0.0191  0.5284  0.0003  0.0000  0.0006  0.0000  0.0000  0.0000
 0.4398  0.0000  0.1579  0.1708  0.2291  0.5912  0.2704  0.4570  0.4099  0.2836  0.7280  0.1810  0.2533  0.1688  0.2498  1.0000  0.3534  0.3308  0.5380  0.1505  0.0000  0.8159  0.0000  0.0000  0.0000
 0.0053  0.0000  0.0057  0.0077  0.0045  0.1942  0.0172  1.0000  0.0042  0.0037  0.0084  0.0020  0.0049  0.0081  0.0034  0.0057  0.0036  0.0044  0.0048  0.0033  0.0000  0.0043  0.0000  0.0000  0.0000
 0.5088  0.0000  0.0261  0.3064  0.5932  0.0245  0.1860  0.0595  0.1363  1.0000  0.1477  0.0832  0.2632  0.1342  0.3479  0.7742  0.5663  0.4980  0.4176  0.0084  0.0000  0.0187  0.0000  0.0000  0.0000
 0.1144  0.0000  0.0108  0.0453  0.1542  0.0218  0.0728  0.1906  0.0431  1.0000  0.1518  0.0312  0.0978  0.7970  0.6009  0.6768  0.2113  0.1439  0.0851  0.0135  0.0000  0.0407  0.0000  0.0000  0.0000
 0.0164  0.0000  0.0032  0.0065  0.0041  0.0016  0.0051  0.0019  0.0047  0.0062  0.1180  0.0024  0.0118  0.0377  0.0049  0.0040  1.0000  0.8571  0.0075  0.0010  0.0000  0.0018  0.0000  0.0000  0.0000
 0.0121  0.0000  0.0029  0.3454  0.0780  0.0024  1.0000  0.0902  0.0012  0.0173  0.0027  0.0010  0.4639  0.0097  0.0305  0.0313  0.0445  0.0127  0.0021  0.0013  0.0000  0.0065  0.0000  0.0000  0.0000
 0.5842  0.0000  0.1763  0.2071  0.3794  0.6645  0.3643  0.6772  0.4309  0.9738  0.8664  0.2401  0.3715  0.2642  0.7154  0.8462  0.4570  0.9538  0.7951  0.1832  0.0000  1.0000  0.0000  0.0000  0.0000
 0.0067  0.0000  0.0014  0.0005  0.0211  0.0016  0.0004  0.0002  1.0000  0.0436  0.0095  0.0022  0.0006  0.0014  0.0008  0.0008  0.0012  0.0218  0.5839  0.0002  0.0000  0.0007  0.0000  0.0000  0.0000
 0.0012  0.0000  0.0003  0.0001  0.0003  0.0030  0.0002  0.0002  0.1774  0.0004  0.1142  1.0000  0.0003  0.0005  0.0006  0.0004  0.0003  0.0007  0.0196  0.0003  0.0000  0.0004  0.0000  0.0000  0.0000
 1.0000  0.0000  0.0000  0.0000  0.0000  0.0000  0.0000  0.0000  0.0000  0.0000  0.0000  0.0000  0.0000  0.0000  0.0000  0.0000  0.0000  0.0000  0.0000  0.0000  0.0000  0.0000  0.0000  0.0000  0.0000
 0.0170  0.0000  0.0035  0.0009  0.0027  0.0039  0.0003  0.0008  0.0236  0.0031  0.0573  0.1298  0.0014  0.0038  0.0023  0.1084  0.0028  0.0754  1.0000  0.0005  0.0000  0.0009  0.0000  0.0000  0.0000
 0.0000  0.0000  0.0000  0.0000  0.0000  0.0000  0.0000  0.0000  0.0000  1.0000  0.0000  0.0000  0.0000  0.0000  0.0000  0.0000  0.0000  0.0000  0.0000  0.0000  0.0000  0.0000  0.0000  0.0000  0.0000
 0.0096  0.0000  0.0008  0.0064  0.3170  0.0019  0.0061  0.0073  0.0037  0.0558  0.1406  0.0029  0.0082  0.0071  0.2334  1.0000  0.0072  0.0090  0.0049  0.0013  0.0000  0.0037  0.0000  0.0000  0.0000
 0.0009  0.0000  0.0003  0.0002  0.0002  0.0012  0.0003  0.0000  1.0000  0.0003  0.0064  0.1649  0.0002  0.0002  0.0002  0.0003  0.0003  0.0010  0.0916  0.0001  0.0000  0.0005  0.0000  0.0000  0.0000
 0.0433  0.0000  0.0016  0.0033  0.0110  0.0019  0.0092  0.1142  0.0039  0.0496  0.0081  0.0028  0.0092  0.1257  0.0173  1.0000  0.0140  0.1037  0.0060  0.0013  0.0000  0.0036  0.0000  0.0000  0.0000
 0.6555  0.0000  0.0877  0.0425  0.0807  0.1700  0.1785  0.0324  0.4817  0.1094  1.0000  0.2444  0.0559  0.1455  0.0824  0.1215  0.2892  0.2644  0.6814  0.0256  0.0000  0.0442  0.0000  0.0000  0.0000
 0.0235  0.0000  0.0045  0.0123  0.3610  0.0023  0.0079  0.0030  0.0065  0.0099  0.0062  0.0033  0.0177  0.0117  0.0081  0.0059  0.2639  1.0000  0.0105  0.0015  0.0000  0.0027  0.0000  0.0000  0.0000
 0.0132  0.0000  0.0043  0.0030  0.0040  0.0442  0.2047  0.0011  0.2605  0.0059  0.3922  0.0315  0.0040  0.0037  0.0039  0.0052  0.0057  0.0135  1.0000  0.0035  0.0000  0.0088  0.0000  0.0000  0.0000
 0.0052  0.0000  0.0012  0.9607  0.0097  0.0010  0.0173  0.0053  0.0005  0.1871  0.0012  0.0004  1.0000  0.0041  0.0892  0.0038  0.0132  0.0053  0.0009  0.0005  0.0000  0.0027  0.0000  0.0000  0.0000
 0.4062  0.0000  0.0243  0.2786  1.0000  0.0554  0.1792  0.0556  0.1506  0.5163  0.1359  0.0477  0.2206  0.2287  0.2624  0.2435  0.4921  0.4302  0.1282  0.0082  0.0000  0.0199  0.0000  0.0000  0.0000
 0.6984  0.0000  0.0093  0.1030  0.6107  0.0097  0.0669  0.0267  0.0335  1.0000  0.0999  0.0197  0.2568  0.0505  0.9049  0.5519  0.1705  0.1008  0.0504  0.0040  0.0000  0.0097  0.0000  0.0000  0.0000
 0.0152  0.0000  0.0008  0.0288  1.0000  0.0017  0.0061  0.0050  0.1102  0.2344  0.0063  0.0022  0.0073  0.0089  0.0202  0.0189  0.0093  0.0441  0.0073  0.0009  0.0000  0.0026  0.0000  0.0000  0.0000
 0.0952  0.0000  0.0113  0.0415  0.1265  0.2527  0.0755  0.0792  0.0683  0.6809  0.2370  0.0491  0.2887  0.0704  1.0000  0.4762  0.0823  0.0969  0.0666  0.0158  0.0000  0.0447  0.0000  0.0000  0.0000
 0.0933  0.0000  0.0004  0.0009  0.0062  0.0009  0.0032  0.0719  0.0019  1.0000  0.0045  0.0015  0.0388  0.0035  0.0424  0.1091  0.0037  0.0423  0.0025  0.0007  0.0000  0.0020  0.0000  0.0000  0.0000
 0.0097  0.0000  0.0010  0.0019  0.0127  0.0021  0.0069  0.0080  0.0369  0.0626  0.0104  0.0033  0.0088  0.0074  0.9892  1.0000  0.0077  0.0099  0.0057  0.0015  0.0000  0.0041  0.0000  0.0000  0.0000
 0.0022  0.0000  0.0006  0.0003  0.0006  0.0060  0.0005  0.0004  0.6611  0.0008  1.0000  0.0073  0.0006  0.0009  0.0011  0.0008  0.0006  0.0013  0.0070  0.0007  0.0000  0.0008  0.0000  0.0000  0.0000
 0.0011  0.0000  0.0003  0.0002  0.0003  0.0023  0.0003  0.0001  0.1824  0.0004  1.0000  0.0028  0.0003  0.0004  0.0004  0.0004  0.0003  0.0008  0.0801  0.0003  0.0000  0.0004  0.0000  0.0000  0.0000
 0.0048  0.0000  0.0006  0.0008  0.0023  0.0010  0.0027  0.0014  0.0021  0.0097  0.0048  1.0000  0.0020  0.0021  0.0035  0.0993  0.0037  0.0163  0.0026  0.0004  0.0000  0.0008  0.0000  0.0000  0.0000
 0.0025  0.0000  0.0001  1.0000  0.3776  0.0002  0.0012  0.0006  0.0003  0.0025  0.0006  0.0002  0.0013  0.0015  0.0032  0.0007  0.0014  0.0011  0.0006  0.0001  0.0000  0.0003  0.0000  0.0000  0.0000
 0.0000  0.0000  0.0000  0.0000  0.0000  0.0000  0.0000  0.0000  0.0000  0.0000  1.0000  0.0000  0.0000  0.0000  0.0000  0.0000  0.0000  0.0000  0.0000  0.0000  0.0000  0.0000  0.0000  0.0000  0.0000
 0.0033  0.0000  0.0001  1.0000  0.2474  0.0003  0.0014  0.0008  0.0004  0.1134  0.0007  0.0003  0.0017  0.0020  0.0044  0.0009  0.0018  0.0015  0.0008  0.0001  0.0000  0.0004  0.0000  0.0000  0.0000
 0.0011  0.0000  0.0003  0.0002  0.0003  0.0013  0.0004  0.0000  0.7085  0.0004  0.0071  0.0013  0.0003  0.0002  0.0001  0.0003  0.0004  0.0012  1.0000  0.0002  0.0000  0.0006  0.0000  0.0000  0.0000
 0.3107  0.0000  0.0533  0.0537  0.0533  0.0711  0.0857  0.0204  0.3152  0.0655  0.5587  0.0978  0.1690  0.0880  0.0504  0.0434  0.6551  0.3508  1.0000  0.0131  0.0000  0.0236  0.0000  0.0000  0.0000
 0.0075  0.0000  0.0019  0.0009  0.0019  0.0202  0.0016  0.2011  0.0378  0.0027  0.5708  1.0000  0.0019  0.0032  0.0039  0.0026  0.0021  0.0043  0.0207  0.0024  0.0000  0.0025  0.0000  0.0000  0.0000
 0.0033  0.0000  0.0003  0.0006  0.0046  0.0007  0.0024  0.2526  0.0014  0.5044  0.0034  0.0011  0.0033  0.0026  0.0079  1.0000  0.0027  0.0036  0.0019  0.0005  0.0000  0.0015  0.0000  0.0000  0.0000
 0.1740  0.0000  0.1802  0.0110  0.1586  0.0027  0.0133  0.0030  0.0072  0.1261  0.0074  0.0039  0.0179  0.0140  0.0084  0.0072  1.0000  0.4114  0.0125  0.0016  0.0000  0.0029  0.0000  0.0000  0.0000
 0.2943  0.0000  0.0887  0.1402  0.1067  0.1391  0.1306  0.1339  0.1288  0.1378  0.1658  0.0679  0.2459  0.1411  0.1177  0.1136  0.7938  1.0000  0.2091  0.0450  0.0000  0.1933  0.0000  0.0000  0.0000
 0.0379  0.0000  0.0003  1.0000  0.1274  0.0004  0.0048  0.0018  0.0004  0.0040  0.0008  0.0003  0.2338  0.0024  0.0042  0.0014  0.0042  0.0022  0.0007  0.0002  0.0000  0.0009  0.0000  0.0000  0.0000
 0.0283  0.0000  1.0000  0.0107  0.0052  0.1171  0.0192  0.0231  0.0027  0.0059  0.0050  0.0020  0.0127  0.0083  0.0041  0.0039  0.2822  0.0169  0.0061  0.0008  0.0000  0.0025  0.0000  0.0000  0.0000
 0.1369  0.0000  0.0381  0.0494  0.0685  0.3080  0.0740  0.1761  0.1679  0.1574  0.1508  0.0481  0.1003  1.0000  0.1237  0.1044  0.0925  0.1047  0.1176  0.0395  0.0000  0.2134  0.0000  0.0000  0.0000
 0.0050  0.0000  0.0231  0.0021  0.0027  0.2884  0.0033  0.1455  0.0038  0.0029  0.0063  0.0021  0.0031  0.0020  0.0029  0.0034  0.0040  0.0331  0.0049  0.0018  0.0000  1.0000  0.0000  0.0000  0.0000
 0.0167  0.0000  0.0041  0.0041  0.0038  0.0049  0.0063  0.0017  1.0000  0.0045  0.0188  0.0049  0.0053  0.0067  0.0035  0.0036  0.0185  0.5628  0.0306  0.0016  0.0000  0.0029  0.0000  0.0000  0.0000
 0.0008  0.0000  0.0002  0.0001  0.0002  0.0006  0.0002  0.0000  0.1143  0.0002  0.0034  0.0006  0.0001  0.0002  0.0001  0.0002  0.0002  0.0008  1.0000  0.0001  0.0000  0.0003  0.0000  0.0000  0.0000
 0.2265  0.0000  0.0123  0.8492  1.0000  0.0229  0.3148  0.2891  0.0336  0.3817  0.0610  0.0234  0.2594  0.1317  0.7943  0.1089  0.1988  0.4480  0.0584  0.0108  0.0000  0.0370  0.0000  0.0000  0.0000
 0.0029  0.0000  0.1515  0.0016  0.0011  1.0000  0.0036  0.0007  0.0038  0.0002  0.0087  0.0019  0.0008  0.0016  0.0006  0.0010  0.0017  0.0018  0.0039  0.0073  0.0000  0.0278  0.0000  0.0000  0.0000
 0.0006  0.0000  0.0003  0.0001  0.0001  0.1173  0.0001  0.0000  0.0013  0.0000  0.0650  0.0006  0.0000  0.0002  0.0000  0.0000  0.0004  0.0004  0.0012  0.0028  0.0000  1.0000  0.0000  0.0000  0.0000
 0.0000  0.0000  0.0000  0.0000  0.0000  0.0000  1.0000  0.0000  0.0000  0.0000  0.0000  0.0000  0.0000  0.0000  0.0000  0.0000  0.0000  0.0000  0.0000  0.0000  0.0000  0.0000  0.0000  0.0000  0.0000
 1.0000  0.0000  0.0623  0.0008  0.0010  0.0004  0.0057  0.0002  0.0009  0.0011  0.0013  0.0006  0.0008  0.0027  0.0008  0.0008  0.0059  0.0940  0.0025  0.0002  0.0000  0.0003  0.0000  0.0000  0.0000
 0.0064  0.0000  0.0017  0.0008  0.0017  0.7543  0.0013  0.0013  0.0678  0.0022  1.0000  0.1832  0.0016  0.0027  0.0034  0.0022  0.0018  0.0037  0.0179  0.0021  0.0000  0.0024  0.0000  0.0000  0.0000
 0.0012  0.0000  0.0006  0.0002  0.0003  1.0000  0.0002  0.0000  0.1135  0.0000  0.0065  0.0013  0.0000  0.0004  0.0000  0.0000  0.0008  0.0008  0.0773  0.0054  0.0000  0.2405  0.0000  0.0000  0.0000
 0.0288  0.0000  0.0031  0.0076  0.0362  0.0053  0.0181  0.0208  0.0962  0.4129  0.0253  0.0085  0.0257  0.0201  0.2210  1.0000  0.1711  0.1745  0.0860  0.0038  0.0000  0.0106  0.0000  0.0000  0.0000
 0.0036  0.0000  0.0002  0.1822  1.0000  0.0004  0.0033  0.0014  0.0004  0.0039  0.0008  0.0003  0.1049  0.0023  0.0045  0.0012  0.0032  0.0019  0.0008  0.0002  0.0000  0.0007  0.0000  0.0000  0.0000
 0.0278  0.0000  0.0019  0.0016  0.0018  0.0007  1.0000  0.0004  0.0009  0.0019  0.0018  0.0009  0.0015  0.0665  0.0013  0.0014  0.0101  0.0956  0.0031  0.0003  0.0000  0.0006  0.0000  0.0000  0.0000
 0.2263  0.0000  0.0007  1.0000  0.1701  0.0012  0.0082  0.0033  0.0015  0.0120  0.0029  0.0012  0.0081  0.0079  0.0150  0.0036  0.0438  0.0061  0.0032  0.0006  0.0000  0.0017  0.0000  0.0000  0.0000
 0.0274  0.0000  0.3545  0.0009  0.0028  0.0024  0.0003  0.0007  0.1447  0.0028  0.0154  0.0043  0.0013  0.0039  0.0020  0.0016  0.0028  0.0131  1.0000  0.0004  0.0000  0.0008  0.0000  0.0000  0.0000
 0.0023  0.0000  0.0012  0.0004  0.0006  0.2129  0.0004  0.0000  0.0049  0.0000  0.0118  0.0024  0.0000  0.0009  0.0000  0.0000  0.1271  0.0014  0.0045  1.0000  0.0000  0.2869  0.0000  0.0000  0.0000
 0.0013  0.0000  0.0004  0.0002  0.0003  0.0027  0.0004  0.0002  1.0000  0.0004  0.0139  0.1689  0.0003  0.0005  0.0005  0.0004  0.0004  0.0008  0.0051  0.0004  0.0000  0.0006  0.0000  0.0000  0.0000
 0.0947  0.0000  1.0000  0.0005  0.0006  0.0003  0.0033  0.0001  0.0011  0.0007  0.0011  0.0004  0.0004  0.0016  0.0005  0.0005  0.0031  0.0016  0.0159  0.0001  0.0000  0.0002  0.0000  0.0000  0.0000
 0.0026  0.0000  0.0006  0.0003  0.0005  0.0019  0.0009  0.0002  0.0041  0.0005  0.0084  1.0000  0.0004  0.0008  0.0005  0.0005  0.0007  0.0015  0.1110  0.0004  0.0000  0.0007  0.0000  0.0000  0.0000
 0.0015  0.0000  0.0000  0.0039  1.0000  0.0001  0.0007  0.0004  0.0002  0.0015  0.0004  0.0001  0.0006  0.0009  0.0187  0.0005  0.0007  0.0006  0.0004  0.0001  0.0000  0.0002  0.0000  0.0000  0.0000
 0.0059  0.0000  0.0018  0.0009  0.0015  0.0742  0.0014  0.0009  0.0634  0.0019  1.0000  0.0162  0.0013  0.0022  0.0024  0.0018  0.0021  0.0040  0.3409  0.0050  0.0000  0.4316  0.0000  0.0000  0.0000
 0.0000  0.0000  0.0000  0.0000  0.0000  0.0000  0.0000  0.0000  0.0000  0.0000  0.0000  1.0000  0.0000  0.0000  0.0000  0.0000  0.0000  0.0000  0.0000  0.0000  0.0000  0.0000  0.0000  0.0000  0.0000
 0.0819  0.0000  0.0017  1.0000  0.0091  0.0013  0.1362  0.0065  0.0007  0.0087  0.0016  0.0006  0.0699  0.0056  0.0059  0.0045  0.2461  0.0070  0.0015  0.0007  0.0000  0.0033  0.0000  0.0000  0.0000
 0.2702  0.0000  0.0346  0.0469  0.0383  0.0303  0.3908  0.0139  0.0744  0.0531  0.1250  0.1027  0.0711  0.0849  0.0394  0.0366  0.3351  1.0000  0.0817  0.0094  0.0000  0.0168  0.0000  0.0000  0.0000
 0.0630  0.0000  0.1708  0.0066  0.0059  0.0024  0.1369  0.0015  0.0027  0.0064  0.0058  0.0027  0.0064  0.0152  0.0044  0.0045  1.0000  0.0121  0.0099  0.0009  0.0000  0.0020  0.0000  0.0000  0.0000
 0.1597  0.0000  0.0307  0.0026  0.0060  0.2637  0.0030  0.0039  0.2307  0.0068  1.0000  0.0779  0.0045  0.0083  0.0075  0.0057  0.1414  0.0202  0.1490  0.0037  0.0000  0.0067  0.0000  0.0000  0.0000
 0.0079  0.0000  0.0002  1.0000  0.1351  0.0008  0.0036  0.0020  0.0010  0.0079  0.0987  0.0008  0.0041  0.0048  0.0101  0.0022  0.0043  0.0035  0.0019  0.0004  0.0000  0.0010  0.0000  0.0000  0.0000
 0.0018  0.0000  0.0002  0.0942  0.0030  0.0004  0.0021  0.0015  0.0006  1.0000  0.0014  0.0005  0.0030  0.0014  0.0035  0.0397  0.0019  0.0018  0.0008  0.0003  0.0000  0.0008  0.0000  0.0000  0.0000
 0.0038  0.0000  0.0010  0.0005  0.0010  1.0000  0.0008  0.0007  0.1235  0.0013  0.6167  0.0126  0.0009  0.0016  0.0019  0.0013  0.0011  0.0022  0.0106  0.0017  0.0000  0.0035  0.0000  0.0000  0.0000
 0.0051  0.0000  0.0007  0.0015  0.0045  0.0035  0.0036  0.0028  0.0063  0.1209  0.0864  0.0043  0.0035  0.0033  0.0071  0.0163  0.0035  0.0040  0.0047  0.0009  0.0000  1.0000  0.0000  0.0000  0.0000
 0.0390  0.0000  0.0020  0.1158  0.0321  0.0036  0.0158  0.0314  0.0074  1.0000  0.0163  0.0055  0.0222  0.2274  0.0385  0.1903  0.0200  0.0833  0.0101  0.0025  0.0000  0.0072  0.0000  0.0000  0.0000
 0.5511  0.0000  0.1704  0.2719  0.3839  0.6919  0.3467  0.5205  0.3959  0.4477  0.6510  0.2166  0.3435  0.2188  0.3629  0.4086  0.4551  0.4242  0.5024  0.1741  0.0000  1.0000  0.0000  0.0000  0.0000
 0.0426  0.0000  0.0038  0.0010  0.0028  0.0026  0.0003  0.0007  0.4306  0.0029  0.0162  0.1416  0.0015  0.0039  0.0021  0.0017  0.1290  0.0424  1.0000  0.0004  0.0000  0.0009  0.0000  0.0000  0.0000
 0.2059  0.0000  0.1949  0.0833  0.1107  0.6318  0.1338  0.2552  0.3950  0.1529  0.6315  0.0898  0.1247  0.0829  0.1192  0.1412  0.2854  0.1589  0.2041  0.0752  0.0000  1.0000  0.0000  0.0000  0.0000
 0.2063  0.0000  0.0099  0.5574  1.0000  0.0096  0.0719  0.0236  0.0351  0.8533  0.1546  0.0200  0.0932  0.0535  0.1681  0.1364  0.5834  0.1078  0.0537  0.0034  0.0000  0.0076  0.0000  0.0000  0.0000
 0.3968  0.0000  0.1178  0.1782  0.2756  0.4530  0.2513  0.5397  0.3796  1.0000  0.5672  0.1546  0.3943  0.1664  0.3573  0.6130  0.4914  0.3123  0.4588  0.1217  0.0000  0.6701  0.0000  0.0000  0.0000
 0.5063  0.0000  0.0150  0.8328  0.3589  0.0140  1.0000  0.1076  0.0509  0.5805  0.0822  0.0288  0.6187  0.1243  0.6854  0.1437  0.2800  0.1578  0.0776  0.0049  0.0000  0.0117  0.0000  0.0000  0.0000
 0.7314  0.0000  0.0524  0.6676  1.0000  0.0522  0.5684  0.1264  0.1829  0.9828  0.3651  0.1600  0.4805  0.2678  0.6458  0.5722  0.7146  0.5558  0.2781  0.0181  0.0000  0.0433  0.0000  0.0000  0.0000
 0.6182  0.0000  0.1844  0.2454  0.4090  0.6943  0.4181  0.5882  0.4300  0.8204  0.7121  0.2421  0.3938  0.3041  0.4746  0.8275  0.5200  0.5773  0.5740  0.1900  0.0000  1.0000  0.0000  0.0000  0.0000
 0.0019  0.0000  0.0005  0.0003  0.0361  0.0020  0.0006  0.0001  1.0000  0.0006  0.0181  0.1771  0.0004  0.0004  0.0003  0.0005  0.0006  0.0019  0.1897  0.0002  0.0000  0.0008  0.0000  0.0000  0.0000
 0.0057  0.0000  0.0003  0.1298  0.1315  0.0006  0.0049  0.0206  0.0007  0.0059  0.0013  0.0005  0.0072  1.0000  0.0069  0.0019  0.0180  0.0189  0.0013  0.0003  0.0000  0.0011  0.0000  0.0000  0.0000
 0.0000  0.0000  0.0000  0.0000  1.0000  0.0000  0.0000  0.0000  0.0000  0.0000  0.0000  0.0000  0.0000  0.0000  0.0000  0.0000  0.0000  0.0000  0.0000  0.0000  0.0000  0.0000  0.0000  0.0000  0.0000
 0.3192  0.0000  0.1019  1.0000  0.7022  0.0753  0.2282  0.1284  0.0925  0.3198  0.1505  0.0522  0.4919  0.3830  0.2120  0.4488  0.9123  0.2499  0.1327  0.0454  0.0000  0.1359  0.0000  0.0000  0.0000
 0.0031  0.0000  0.0008  0.0003  0.0006  0.0020  0.0005  0.0001  1.0000  0.0008  0.0114  0.0165  0.0004  0.0007  0.0804  0.0006  0.0007  0.0026  0.2169  0.0003  0.0000  0.0008  0.0000  0.0000  0.0000
 0.0007  0.0000  0.0002  0.0001  0.0002  0.0018  0.0001  0.0001  0.0354  0.0002  1.0000  0.0023  0.0002  0.0003  0.0004  0.0002  0.0002  0.0004  0.0019  0.0002  0.0000  0.0003  0.0000  0.0000  0.0000
 0.2359  0.0000  0.0169  0.0028  0.0032  0.0013  1.0000  0.0007  0.0015  0.0042  0.0033  0.0015  0.0026  0.0083  0.0238  0.1289  0.0169  0.0058  0.0054  0.0005  0.0000  0.0010  0.0000  0.0000  0.0000
 0.0060  0.0000  0.0006  0.0012  0.0875  0.0681  0.0121  0.0054  0.0026  1.0000  0.0061  0.0160  0.0057  0.0046  0.0586  0.1969  0.0049  0.0063  0.0035  0.0010  0.0000  0.0221  0.0000  0.0000  0.0000
 0.0009  0.0000  0.0003  0.0002  0.0002  0.0012  0.0004  0.0000  1.0000  0.0003  0.0062  0.1256  0.0002  0.0002  0.0001  0.0003  0.0003  0.0010  0.2268  0.0001  0.0000  0.0005  0.0000  0.0000  0.0000
 0.7751  0.0000  0.0022  0.0022  0.0022  0.0010  0.0101  0.0006  0.0018  0.0025  0.0026  0.0012  0.0026  0.0053  0.0018  0.0018  0.0148  1.0000  0.0047  0.0004  0.0000  0.0008  0.0000  0.0000  0.0000
 0.0284  0.0000  0.0094  0.0100  0.0435  0.1110  0.0160  0.0255  0.0708  0.0147  0.7537  0.1948  0.1196  0.0108  0.0149  0.0172  0.0197  0.0532  1.0000  0.0093  0.0000  0.1033  0.0000  0.0000  0.0000
 1.0000  0.0000  0.0017  0.0013  0.0015  0.0006  0.0092  0.0003  0.0008  0.0017  0.0017  0.0008  0.0012  0.0042  0.0012  0.0248  0.5917  0.0036  0.0122  0.0002  0.0000  0.0005  0.0000  0.0000  0.0000
 0.0833  0.0000  0.0184  0.0065  0.0143  0.0256  0.0064  0.0028  0.8296  0.0161  0.1461  0.0321  0.0088  0.0174  0.0096  0.0104  0.0175  0.7858  1.0000  0.0035  0.0000  0.0110  0.0000  0.0000  0.0000
 0.0007  0.0000  0.0002  0.0001  0.0002  0.0010  0.0003  0.0000  0.1267  0.0003  0.1243  0.0010  0.0002  0.0001  0.0001  0.0002  0.0003  0.0008  1.0000  0.0001  0.0000  0.0004  0.0000  0.0000  0.0000
 0.0421  0.0000  0.0040  0.0642  0.0577  0.0060  0.0333  0.1207  0.0133  1.0000  0.0274  0.2013  0.3603  0.0240  0.1140  0.3809  0.2514  0.0385  0.0188  0.0037  0.0000  0.0111  0.0000  0.0000  0.0000
 1.0000  0.0000  0.0014  0.0011  0.0013  0.0006  0.3695  0.0003  0.0006  0.0014  0.0014  0.0006  0.0009  0.0036  0.0010  0.0010  0.0071  0.0024  0.0023  0.0002  0.0000  0.0004  0.0000  0.0000  0.0000
 0.0000  0.0000  0.0000  0.0000  0.0000  0.0000  0.0000  0.0000  0.0000  0.0000  1.0000  0.0000  0.0000  0.0000  0.0000  0.0000  0.0000  0.0000  0.0000  0.0000  0.0000  0.0000  0.0000  0.0000  0.0000
 0.3620  0.0000  0.0380  0.3184  0.9162  0.0814  0.2002  0.4622  0.1124  0.8849  0.1850  0.1028  1.0000  0.1382  0.3159  0.3307  0.7229  0.2775  0.1627  0.0240  0.0000  0.3644  0.0000  0.0000  0.0000
 0.0410  0.0000  0.0137  0.0209  0.1349  0.0782  0.0280  0.5164  0.0300  0.0247  0.0491  0.0168  0.0290  0.0171  0.0239  0.0277  0.0666  0.2260  0.0385  0.0140  0.0000  1.0000  0.0000  0.0000  0.0000
 0.0000  0.0000  0.0000  0.0000  0.0000  0.0000  0.0000  0.0000  0.0000  0.0000  1.0000  0.0000  0.0000  0.0000  0.0000  0.0000  0.0000  0.0000  0.0000  0.0000  0.0000  0.0000  0.0000  0.0000  0.0000
 0.0273  0.0000  0.0026  0.0051  0.0380  0.0057  0.0195  0.4605  0.0117  1.0000  0.0277  0.0091  0.0268  0.0215  0.0649  0.2807  0.0225  0.0293  0.0155  0.0043  0.0000  0.0811  0.0000  0.0000  0.0000
 0.2521  0.0000  0.0069  0.5758  1.0000  0.0067  0.1043  0.0243  0.0105  0.0665  0.0174  0.0067  0.1275  0.0341  0.0552  0.0313  0.4702  0.1868  0.0177  0.0032  0.0000  0.0121  0.0000  0.0000  0.0000
 0.0332  0.0000  0.0025  0.2389  0.3386  0.0026  0.0209  0.0216  0.0080  1.0000  0.0133  0.0047  0.2987  0.0133  0.2940  0.0723  0.0961  0.0254  0.0122  0.0010  0.0000  0.0159  0.0000  0.0000  0.0000
 0.0640  0.0000  0.0150  0.0170  0.0296  0.1376  0.0259  0.1561  0.2570  0.0669  1.0000  0.1706  0.0262  0.0322  0.0544  0.0585  0.0258  0.0401  0.1454  0.0179  0.0000  0.0216  0.0000  0.0000  0.0000
 0.3021  0.0000  0.0146  0.1438  0.1922  0.0182  0.3689  0.0691  0.0416  1.0000  0.0832  0.0284  0.5540  0.0796  0.2164  0.4853  0.4709  0.1286  0.0609  0.0107  0.0000  0.0327  0.0000  0.0000  0.0000
 0.0013  0.0000  0.0004  0.0003  0.0004  0.0017  0.0006  0.0000  0.9992  0.0005  0.0091  0.0016  0.0003  0.0003  0.0002  0.0004  0.0005  0.0015  1.0000  0.0002  0.0000  0.0008  0.0000  0.0000  0.0000
 0.0000  0.0000  0.0000  0.0000  0.0000  0.0000  0.0000  0.0000  1.0000  0.0000  0.0000  0.0000  0.0000  0.0000  0.0000  0.0000  0.0000  0.0000  0.0000  0.0000  0.0000  0.0000  0.0000  0.0000  0.0000
 0.0000  0.0000  0.0000  0.0000  0.0000  0.0000  0.0000  1.0000  0.0000  0.0000  0.0000  0.0000  0.0000  0.0000  0.0000  0.0000  0.0000  0.0000  0.0000  0.0000  0.0000  0.0000  0.0000  0.0000  0.0000
 0.0000  0.0000  0.0000  0.0000  0.0000  0.0000  0.0000  0.0000  0.0000  0.0000  0.0000  0.0000  0.0000  0.0000  0.0000  1.0000  0.0000  0.0000  0.0000  0.0000  0.0000  0.0000  0.0000  0.0000  0.0000
 0.0000  0.0000  0.0000  1.0000  0.0000  0.0000  0.0000  0.0000  0.0000  0.0000  0.0000  0.0000  0.0000  0.0000  0.0000  0.0000  0.0000  0.0000  0.0000  0.0000  0.0000  0.0000  0.0000  0.0000  0.0000
 0.0008  0.0000  0.0002  0.0001  0.0002  0.0007  0.0002  0.0000  0.1360  0.0002  0.0035  0.0007  0.0001  0.0002  0.0001  0.0002  0.0002  0.0008  1.0000  0.0001  0.0000  0.0003  0.0000  0.0000  0.0000
 0.0000  0.0000  0.0000  0.0000  0.0000  0.0000  0.0000  0.0000  0.0000  1.0000  0.0000  0.0000  0.0000  0.0000  0.0000  0.0000  0.0000  0.0000  0.0000  0.0000  0.0000  0.0000  0.0000  0.0000  0.0000
 0.0000  0.0000  0.0000  0.0000  0.0000  0.0000  0.0000  0.0000  0.0000  0.0000  0.0000  0.0000  0.0000  1.0000  0.0000  0.0000  0.0000  0.0000  0.0000  0.0000  0.0000  0.0000  0.0000  0.0000  0.0000
 0.0025  0.0000  0.0005  0.0010  0.0006  0.0002  0.0008  0.0003  0.0007  0.0009  0.0006  0.0003  0.0018  0.0012  0.0007  0.0006  1.0000  0.2364  0.0011  0.0002  0.0000  0.0003  0.0000  0.0000  0.0000
 0.0000  0.0000  0.0000  0.0000  0.0000  0.0000  0.0000  0.0000  0.0000  0.0000  0.0000  0.0000  1.0000  0.0000  0.0000  0.0000  0.0000  0.0000  0.0000  0.0000  0.0000  0.0000  0.0000  0.0000  0.0000
 0.0007  0.0000  0.0002  0.0001  0.0002  0.0008  0.0003  0.0000  1.0000  0.0003  0.0045  0.0008  0.0002  0.0001  0.0001  0.0002  0.0003  0.0007  0.2916  0.0001  0.0000  0.0004  0.0000  0.0000  0.0000
 0.0000  0.0000  0.0000  0.0000  0.0000  0.0000  0.0000  0.0000  0.0000  0.0000  1.0000  0.0000  0.0000  0.0000  0.0000  0.0000  0.0000  0.0000  0.0000  0.0000  0.0000  0.0000  0.0000  0.0000  0.0000
 0.0824  0.0000  0.1545  0.0011  0.0025  0.0071  0.0012  0.0007  1.0000  0.0029  0.8187  0.1033  0.0016  0.0031  0.0021  0.0020  0.0027  0.0107  0.4272  0.0009  0.0000  0.0021  0.0000  0.0000  0.0000
 0.0031  0.0000  0.0007  0.5922  0.0046  0.0006  0.0112  0.1147  0.0003  0.0411  0.0007  0.0002  1.0000  0.0025  0.0030  0.0022  0.1444  0.0033  0.0005  0.0003  0.0000  0.0017  0.0000  0.0000  0.0000
 0.1274  0.0000  0.0061  0.0664  0.4262  0.0059  0.0418  0.0151  0.0209  0.3738  0.0343  0.0453  0.1720  0.0312  0.0678  1.0000  0.4350  0.3932  0.0317  0.0023  0.0000  0.0053  0.0000  0.0000  0.0000
 0.4588  0.0000  0.0163  0.1916  0.5555  0.0152  0.2128  0.0372  0.0572  0.5640  0.2234  0.0324  0.3548  0.0840  0.6457  1.0000  0.6227  0.2062  0.0872  0.0053  0.0000  0.0116  0.0000  0.0000  0.0000
 0.0000  0.0000  0.0000  0.0000  0.0000  0.0000  1.0000  0.0000  0.0000  0.0000  0.0000  0.0000  0.0000  0.0000  0.0000  0.0000  0.0000  0.0000  0.0000  0.0000  0.0000  0.0000  0.0000  0.0000  0.0000
 0.0817  0.0000  0.0060  0.3395  0.4520  0.0059  0.0482  0.1714  0.0195  0.1273  0.0318  0.0112  0.5636  0.0316  1.0000  0.0921  0.1121  0.2148  0.0300  0.0022  0.0000  0.0057  0.0000  0.0000  0.0000
 0.0012  0.0000  0.0004  0.0003  0.0003  0.0016  0.0005  0.0000  1.0000  0.0005  0.0084  0.0015  0.0003  0.0002  0.0002  0.0004  0.0005  0.0014  0.8984  0.0002  0.0000  0.0008  0.0000  0.0000  0.0000
 0.0000  0.0000  0.0000  0.0000  0.0000  0.0000  0.0000  0.0000  0.0000  1.0000  0.0000  0.0000  0.0000  0.0000  0.0000  0.0000  0.0000  0.0000  0.0000  0.0000  0.0000  0.0000  0.0000  0.0000  0.0000
 0.0029  0.0000  0.0008  0.0004  0.0008  0.0080  0.0006  0.0006  0.5968  0.0010  1.0000  0.5585  0.0007  0.0012  0.0015  0.0010  0.0008  0.0017  0.0084  0.0009  0.0000  0.0010  0.0000  0.0000  0.0000
 0.0000  0.0000  1.0000  0.0000  0.0000  0.0000  0.0000  0.0000  0.0000  0.0000  0.0000  0.0000  0.0000  0.0000  0.0000  0.0000  0.0000  0.0000  0.0000  0.0000  0.0000  0.0000  0.0000  0.0000  0.0000
 0.0000  0.0000  0.0000  1.0000  0.0000  0.0000  0.0000  0.0000  0.0000  0.0000  0.0000  0.0000  0.0000  0.0000  0.0000  0.0000  0.0000  0.0000  0.0000  0.0000  0.0000  0.0000  0.0000  0.0000  0.0000
 0.0000  0.0000  0.0000  0.0000  0.0000  1.0000  0.0000  0.0000  0.0000  0.0000  0.0000  0.0000  0.0000  0.0000  0.0000  0.0000  0.0000  0.0000  0.0000  0.0000  0.0000  0.0000  0.0000  0.0000  0.0000
 0.0000  0.0000  0.0000  0.0000  0.0000  0.0000  1.0000  0.0000  0.0000  0.0000  0.0000  0.0000  0.0000  0.0000  0.0000  0.0000  0.0000  0.0000  0.0000  0.0000  0.0000  0.0000  0.0000  0.0000  0.0000
 0.0007  0.0000  0.0002  0.0002  0.0002  0.0009  0.0003  0.0000  1.0000  0.0003  0.0050  0.0009  0.0002  0.0001  0.0001  0.0002  0.0003  0.0008  0.3752  0.0001  0.0000  0.0004  0.0000  0.0000  0.0000
 0.0000  0.0000  0.0000  0.0000  0.0000  0.0000  0.0000  0.0000  0.0000  0.0000  0.0000  0.0000  0.0000  0.0000  0.0000  0.0000  1.0000  0.0000  0.0000  0.0000  0.0000  0.0000  0.0000  0.0000  0.0000
 0.0000  0.0000  0.0000  0.0000  0.0000  0.0000  1.0000  0.0000  0.0000  0.0000  0.0000  0.0000  0.0000  0.0000  0.0000  0.0000  0.0000  0.0000  0.0000  0.0000  0.0000  0.0000  0.0000  0.0000  0.0000
 0.1778  0.0000  0.0242  0.2174  0.2463  0.0453  0.2336  0.1703  0.0663  1.0000  0.1527  0.0508  0.3958  0.1381  0.4272  0.8545  0.2169  0.1884  0.0889  0.0275  0.0000  0.1671  0.0000  0.0000  0.0000
 0.0000  0.0000  0.0000  0.0000  0.0000  0.0000  0.0000  0.0000  0.0000  0.0000  1.0000  0.0000  0.0000  0.0000  0.0000  0.0000  0.0000  0.0000  0.0000  0.0000  0.0000  0.0000  0.0000  0.0000  0.0000
 0.0009  0.0000  0.0002  0.0001  0.0002  0.0006  0.0002  0.0000  0.0979  0.0002  0.0033  0.0006  0.0001  0.0002  0.0001  0.0002  0.0002  0.0008  1.0000  0.0001  0.0000  0.0003  0.0000  0.0000  0.0000
 0.2444  0.0000  0.0039  1.0000  0.0091  0.0017  0.0252  0.0025  0.0018  0.0063  0.0038  0.0018  0.0122  0.0103  0.0047  0.0038  0.0422  0.0090  0.0061  0.0007  0.0000  0.0020  0.0000  0.0000  0.0000
 0.0000  0.0000  0.0000  0.0000  0.0000  0.0000  0.0000  0.0000  0.0000  0.0000  0.0000  0.0000  0.0000  0.0000  0.0000  0.0000  1.0000  0.0000  0.0000  0.0000  0.0000  0.0000  0.0000  0.0000  0.0000
 0.0067  0.0000  0.0022  0.0015  0.0019  0.0103  0.0029  0.0002  1.0000  0.2693  0.1820  0.1755  0.0018  0.0014  0.0012  0.0023  0.0028  0.0075  0.6861  0.0012  0.0000  0.0042  0.0000  0.0000  0.0000
 1.0000  0.0000  0.0006  0.0005  0.0006  0.0002  0.0036  0.0001  0.0003  0.0006  0.0006  0.0003  0.0004  0.0016  0.0004  0.0004  0.0300  0.0011  0.0011  0.0001  0.0000  0.0002  0.0000  0.0000  0.0000
 0.0018  0.0000  0.0002  0.0007  0.0025  0.0004  0.0015  0.0016  0.0008  1.0000  0.0018  0.0006  0.1683  0.0014  0.0042  0.0754  0.0016  0.0020  0.0010  0.0003  0.0000  0.0008  0.0000  0.0000  0.0000
 0.0019  0.0000  0.0004  0.0008  0.0005  0.0002  0.0006  0.0002  0.0005  0.0007  0.0005  0.0003  0.0014  0.0010  0.0006  0.0005  0.0955  1.0000  0.0009  0.0001  0.0000  0.0002  0.0000  0.0000  0.0000
 0.1471  0.0000  0.0304  0.0285  0.1137  0.2156  0.0717  0.0939  0.3774  0.4702  1.0000  0.2399  0.1087  0.0831  0.1894  0.4298  0.0871  0.1208  0.2380  0.0376  0.0000  0.0994  0.0000  0.0000  0.0000
 0.0034  0.0000  0.0005  1.0000  0.0183  0.0004  0.0062  0.0019  0.0003  0.0034  0.0007  0.0003  0.0095  0.0021  0.0031  0.0015  0.2280  0.0026  0.0007  0.0002  0.0000  0.0010  0.0000  0.0000  0.0000
 1.0000  0.0000  0.0076  0.0020  0.0058  0.0050  0.0022  0.0014  0.2940  0.0058  0.0310  0.0088  0.0028  0.0084  0.0043  0.0034  0.0070  0.0264  0.2011  0.0008  0.0000  0.0017  0.0000  0.0000  0.0000
 0.0000  0.0000  0.0000  0.0000  0.0000  0.0000  1.0000  0.0000  0.0000  0.0000  0.0000  0.0000  0.0000  0.0000  0.0000  0.0000  0.0000  0.0000  0.0000  0.0000  0.0000  0.0000  0.0000  0.0000  0.0000
 0.0038  0.0000  1.0000  0.0014  0.0009  0.0009  0.0037  0.0006  0.0010  0.0006  0.0012  0.0005  0.0012  0.0015  0.0007  0.0010  0.0032  0.0934  0.0017  0.0006  0.0000  0.0010  0.0000  0.0000  0.0000
 0.3549  0.0000  0.0014  0.0025  0.0196  0.0029  0.0100  0.0125  0.0060  1.0000  0.0142  0.0047  0.0136  0.0111  0.5074  0.9207  0.0115  0.0150  0.0080  0.0022  0.0000  0.0063  0.0000  0.0000  0.0000
 0.2402  0.0000  0.0017  0.0013  0.0015  0.0006  0.0096  0.0003  0.0008  0.0017  0.0017  0.0008  0.0012  1.0000  0.0012  0.0012  0.4558  0.0033  0.0028  0.0002  0.0000  0.0005  0.0000  0.0000  0.0000
 0.0000  0.0000  0.0000  0.0000  0.0000  0.0000  0.0000  0.0000  0.0000  0.0000  0.0000  0.0000  0.0000  0.0000  0.0000  0.0000  0.0000  0.0000  0.0000  0.0000  0.0000  1.0000  0.0000  0.0000  0.0000
 0.0000  0.0000  0.0000  0.0000  0.0000  0.0000  0.0000  0.0000  0.0000  0.0000  0.0000  1.0000  0.0000  0.0000  0.0000  0.0000  0.0000  0.0000  0.0000  0.0000  0.0000  0.0000  0.0000  0.0000  0.0000
 1.0000  0.0000  0.0007  0.0005  0.0006  0.0003  0.0040  0.0001  0.0003  0.0007  0.0007  0.0003  0.0005  0.0018  0.0005  0.0005  0.0932  0.0013  0.0012  0.0001  0.0000  0.0002  0.0000  0.0000  0.0000
 0.0000  0.0000  0.0000  0.0000  0.0000  0.0000  0.0000  0.0000  0.0000  0.0000  0.0000  0.0000  0.0000  1.0000  0.0000  0.0000  0.0000  0.0000  0.0000  0.0000  0.0000  0.0000  0.0000  0.0000  0.0000
 0.0000  0.0000  0.0000  0.0000  1.0000  0.0000  0.0000  0.0000  0.0000  0.0000  0.0000  0.0000  0.0000  0.0000  0.0000  0.0000  0.0000  0.0000  0.0000  0.0000  0.0000  0.0000  0.0000  0.0000  0.0000
 0.0000  0.0000  0.0000  0.0000  0.0000  0.0000  0.0000  0.0000  0.0000  0.0000  0.0000  0.0000  0.0000  0.0000  0.0000  1.0000  0.0000  0.0000  0.0000  0.0000  0.0000  0.0000  0.0000  0.0000  0.0000
 0.0008  0.0000  0.0002  0.0001  0.0002  0.0020  0.0002  0.0001  1.0000  0.0003  0.1006  0.0023  0.0002  0.0003  0.0004  0.0003  0.0002  0.0005  0.0034  0.0002  0.0000  0.0003  0.0000  0.0000  0.0000
 0.1597  0.0000  0.0032  1.0000  0.0294  0.0029  0.0679  0.0138  0.0030  0.1146  0.0058  0.0021  0.3924  0.0122  0.1605  0.0869  0.0368  0.0173  0.0047  0.0015  0.0000  0.0068  0.0000  0.0000  0.0000
 0.0937  0.0000  0.0055  0.0042  0.0049  0.0021  0.2723  0.0010  0.0024  0.0054  0.0053  0.0025  0.0037  1.0000  0.0037  0.0038  0.1136  0.0096  0.0090  0.0008  0.0000  0.0016  0.0000  0.0000  0.0000
 0.2959  0.0000  0.0183  0.5041  1.0000  0.0172  0.3824  0.0422  0.0636  0.3174  0.1027  0.0632  0.3385  0.0946  0.6274  0.1784  0.5434  0.3082  0.0971  0.0060  0.0000  0.0134  0.0000  0.0000  0.0000
 0.9119  0.0000  0.0942  0.6365  1.0000  0.1920  0.5154  0.2259  0.2647  0.9391  0.4703  0.1483  0.5522  0.3712  0.6177  0.5960  0.8740  0.7610  0.3891  0.0554  0.0000  0.2413  0.0000  0.0000  0.0000
 0.1816  0.0000  0.0081  0.2671  0.1458  0.0075  0.2737  0.0187  0.0272  0.2807  0.0438  0.0973  1.0000  0.0407  0.0856  0.1099  0.4476  0.3045  0.0415  0.0027  0.0000  0.0063  0.0000  0.0000  0.0000
 0.3916  0.0000  0.0255  0.1486  0.3454  0.0330  0.2581  0.1132  0.0822  1.0000  0.1655  0.0677  0.1989  0.2656  0.5263  0.8160  0.2660  0.2304  0.1220  0.0197  0.0000  0.0541  0.0000  0.0000  0.0000
 0.6924  0.0000  0.0369  0.4235  0.6792  0.0362  0.3993  0.1028  0.1432  1.0000  0.2063  0.0724  0.3540  0.3519  0.6047  0.3599  0.5273  0.4962  0.1945  0.0124  0.0000  0.0295  0.0000  0.0000  0.0000
 0.0896  0.0000  0.0094  0.3185  0.1828  0.0086  1.0000  0.1985  0.0192  0.2219  0.0322  0.0114  0.1778  0.0414  0.3092  0.0622  0.1509  0.4157  0.0297  0.0037  0.0000  0.0140  0.0000  0.0000  0.0000
 0.0000  0.0000  0.0000  0.0000  0.0000  0.0000  0.0000  0.0000  0.0000  0.0000  0.0000  0.0000  0.0000  0.0000  0.0000  0.0000  0.0000  0.0000  0.0000  0.0000  0.0000  1.0000  0.0000  0.0000  0.0000
 0.0086  0.0000  0.0020  1.0000  0.0074  0.0013  0.0162  0.0051  0.0018  0.0078  0.0022  0.0010  0.2450  0.0057  0.0054  0.0042  0.5263  0.1642  0.0029  0.0008  0.0000  0.0028  0.0000  0.0000  0.0000
 0.0009  0.0000  0.0003  0.0002  0.0002  0.0010  0.0003  0.0000  0.4567  0.0003  0.0055  0.0010  0.0002  0.0002  0.0001  0.0003  0.0003  0.0010  1.0000  0.0001  0.0000  0.0005  0.0000  0.0000  0.0000
 0.0033  0.0000  0.0003  0.0006  0.0046  0.0007  0.0023  0.0029  0.0014  0.4211  0.0033  0.0011  0.0032  0.0026  0.5135  1.0000  0.0027  0.0035  0.0019  0.0005  0.0000  0.0015  0.0000  0.0000  0.0000
 0.1992  0.0000  0.0010  0.0008  0.0009  0.0004  0.0054  0.0002  0.0004  0.0010  0.0010  0.0004  0.0007  0.0024  0.0007  0.0007  1.0000  0.0021  0.0016  0.0001  0.0000  0.0003  0.0000  0.0000  0.0000
 0.0000  0.0000  0.0000  1.0000  0.0000  0.0000  0.0000  0.0000  0.0000  0.0000  0.0000  0.0000  0.0000  0.0000  0.0000  0.0000  0.0000  0.0000  0.0000  0.0000  0.0000  0.0000  0.0000  0.0000  0.0000
 0.0010  0.0000  0.0003  0.0002  0.0003  0.0012  0.0004  0.0000  0.6083  0.0004  0.0065  0.0012  0.0002  0.0002  0.0001  0.0003  0.0004  0.0011  1.0000  0.0001  0.0000  0.0006  0.0000  0.0000  0.0000
 0.0000  0.0000  0.0000  0.0000  0.0000  0.0000  0.0000  0.0000  0.0000  0.0000  0.0000  0.0000  0.0000  0.0000  0.0000  0.0000  0.0000  0.0000  0.0000  1.0000  0.0000  0.0000  0.0000  0.0000  0.0000
 0.0000  0.0000  0.0000  0.0000  0.0000  0.0000  0.0000  0.0000  0.0000  0.0000  0.0000  0.0000  0.0000  0.0000  0.0000  0.0000  1.0000  0.0000  0.0000  0.0000  0.0000  0.0000  0.0000  0.0000  0.0000
 0.0000  0.0000  0.0000  0.0000  0.0000  0.0000  0.0000  0.0000  0.0000  0.0000  1.0000  0.0000  0.0000  0.0000  0.0000  0.0000  0.0000  0.0000  0.0000  0.0000  0.0000  0.0000  0.0000  0.0000  0.0000
 0.0000  0.0000  0.0000  0.0000  0.0000  0.0000  1.0000  0.0000  0.0000  0.0000  0.0000  0.0000  0.0000  0.0000  0.0000  0.0000  0.0000  0.0000  0.0000  0.0000  0.0000  0.0000  0.0000  0.0000  0.0000
 0.0014  0.0000  0.0004  0.0002  0.0004  0.0037  0.0003  0.0003  1.0000  0.0005  0.3848  0.0045  0.0004  0.0006  0.0007  0.0005  0.0004  0.0009  0.0052  0.0004  0.0000  0.0006  0.0000  0.0000  0.0000
 0.0089  0.0000  0.0014  0.0028  0.0018  0.0007  0.0439  0.0008  0.0017  0.0025  0.0018  0.0009  0.0046  0.0035  0.0019  0.0016  0.8284  1.0000  0.0030  0.0004  0.0000  0.0007  0.0000  0.0000  0.0000
 0.0023  0.0000  0.0006  0.0003  0.0006  0.0058  0.0005  0.0004  0.3075  0.0008  1.0000  0.5617  0.0006  0.0009  0.0011  0.0008  0.0007  0.0014  0.0624  0.0007  0.0000  0.0008  0.0000  0.0000  0.0000
 0.0032  0.0000  0.0012  0.0009  0.0010  0.0062  0.0018  0.0001  1.0000  0.0016  0.2474  0.2515  0.0011  0.0007  0.0006  0.0013  0.0016  0.0040  0.5449  0.0007  0.0000  0.2058  0.0000  0.0000  0.0000
 0.0000  0.0000  0.0000  0.0000  1.0000  0.0000  0.0000  0.0000  0.0000  0.0000  0.0000  0.0000  0.0000  0.0000  0.0000  0.0000  0.0000  0.0000  0.0000  0.0000  0.0000  0.0000  0.0000  0.0000  0.0000
 0.0080  0.0000  0.2210  0.0008  0.0018  0.0141  0.0011  0.0011  0.0630  0.0022  1.0000  0.8500  0.0015  0.0027  0.0029  0.0020  0.0019  0.0051  0.3012  0.0017  0.0000  0.0019  0.0000  0.0000  0.0000
 1.0000  0.0000  0.0006  0.0005  0.0006  0.0002  0.0036  0.0001  0.0003  0.0006  0.0006  0.0003  0.0004  0.0016  0.0004  0.0005  0.0355  0.0012  0.0011  0.0001  0.0000  0.0002  0.0000  0.0000  0.0000
 0.0765  0.0000  0.0173  0.0072  0.0162  0.0945  0.0084  0.0089  0.7566  0.1156  0.6494  0.1469  0.0134  0.0240  0.0238  0.0196  0.0231  1.0000  0.2125  0.0115  0.0000  0.0139  0.0000  0.0000  0.0000
 0.2356  0.0000  0.0165  0.0126  0.0148  0.0076  1.0000  0.0030  0.0097  0.0162  0.2260  0.0091  0.0108  0.0412  0.0112  0.0118  0.0836  0.0283  0.0282  0.0025  0.0000  0.0050  0.0000  0.0000  0.0000
 0.0581  0.0000  0.0011  0.0061  0.0172  0.0019  0.0078  0.0359  0.0044  0.2496  0.0093  0.1460  0.1064  0.0075  0.2085  1.0000  0.0357  0.0644  0.0061  0.0012  0.0000  0.0035  0.0000  0.0000  0.0000
 0.0014  0.0000  0.0007  0.0002  0.0003  1.0000  0.0002  0.0000  0.0029  0.0000  0.0070  0.0014  0.0000  0.0005  0.0000  0.0000  0.0864  0.0008  0.0027  0.0065  0.0000  0.5644  0.0000  0.0000  0.0000
 0.0000  0.0000  0.0000  0.0000  0.0000  0.0000  0.0000  0.0000  0.0000  0.0000  0.0000  0.0000  0.0000  1.0000  0.0000  0.0000  0.0000  0.0000  0.0000  0.0000  0.0000  0.0000  0.0000  0.0000  0.0000
 0.0008  0.0000  0.0005  0.0002  0.0002  0.0146  0.0004  0.0001  0.0906  0.0001  0.0036  0.0007  0.0001  0.0004  0.0001  0.0001  0.0005  0.0005  0.0014  0.0032  0.0000  1.0000  0.0000  0.0000  0.0000
 0.1462  0.0000  0.0058  0.4146  0.4025  0.0059  0.0451  0.0152  0.0200  0.3134  0.0326  0.0115  0.1234  1.0000  0.0694  0.2189  0.1576  0.0625  0.0308  0.0021  0.0000  0.0053  0.0000  0.0000  0.0000
 0.2859  0.0000  0.0368  0.5056  0.3461  0.0297  0.4610  0.1049  0.0645  0.9431  0.1000  0.0374  0.8471  0.3404  0.2196  0.2834  0.9711  1.0000  0.0996  0.0141  0.0000  0.0499  0.0000  0.0000  0.0000
 0.0069  0.0000  0.2191  0.0011  0.0018  0.3080  0.0012  0.0001  0.0147  0.0001  0.0356  0.0071  0.0001  0.1363  0.0001  0.0001  0.0048  0.0043  0.0136  1.0000  0.0000  0.2836  0.0000  0.0000  0.0000
 0.1205  0.0000  0.0162  0.5711  0.1993  0.0147  0.6828  0.0630  0.0235  0.3300  0.0683  0.0146  1.0000  0.0652  0.1064  0.2607  0.2179  0.1055  0.0363  0.0068  0.0000  0.0297  0.0000  0.0000  0.0000
 0.0339  0.0000  0.0014  0.0030  0.0018  0.0007  0.0021  0.0009  0.0020  0.0027  0.0018  0.0010  0.3079  0.0034  0.0021  0.0017  0.6201  1.0000  0.0031  0.0005  0.0000  0.0008  0.0000  0.0000  0.0000
 0.2756  0.0000  0.0562  0.0321  0.0514  0.0591  0.0221  0.0101  0.7381  0.0482  0.3453  0.0827  0.0260  0.0835  0.0326  0.0293  0.0554  0.1987  1.0000  0.0086  0.0000  0.0238  0.0000  0.0000  0.0000
 0.0000  0.0000  0.0000  0.0000  0.0000  1.0000  0.0000  0.0000  0.0000  0.0000  0.0000  0.0000  0.0000  0.0000  0.0000  0.0000  0.0000  0.0000  0.0000  0.0000  0.0000  0.0000  0.0000  0.0000  0.0000
 0.0916  0.0000  0.0002  0.2952  1.0000  0.0014  0.0058  0.0037  0.0018  0.0155  0.0034  0.0014  0.0065  0.0093  0.3416  0.0041  0.3048  0.0068  0.0036  0.0007  0.0000  0.0019  0.0000  0.0000  0.0000
 0.0451  0.0000  0.0096  0.0040  0.0095  0.0492  0.0061  0.0049  0.1136  0.0130  0.3871  0.0630  0.0067  0.0137  1.0000  0.0108  0.0106  0.0282  0.2715  0.0060  0.0000  0.0070  0.0000  0.0000  0.0000
 0.0000  0.0000  0.0000  0.0000  0.0000  0.0000  0.0000  0.0000  0.0000  0.0000  1.0000  0.0000  0.0000  0.0000  0.0000  0.0000  0.0000  0.0000  0.0000  0.0000  0.0000  0.0000  0.0000  0.0000  0.0000
 0.2895  0.0000  0.1435  0.6058  0.3088  0.0366  0.3234  0.2898  0.0714  0.7998  0.1041  0.0410  0.5643  0.1500  0.2148  0.3436  0.8047  1.0000  0.1094  0.0180  0.0000  0.0613  0.0000  0.0000  0.0000
 0.2887  0.0000  0.0016  0.0582  0.1983  0.0044  0.0171  0.0153  0.0075  0.3177  0.0164  0.0058  0.0204  0.0218  1.0000  0.0736  0.0209  0.0217  0.0116  0.0027  0.0000  0.1420  0.0000  0.0000  0.0000
 0.0008  0.0000  0.0003  0.0002  0.0002  0.0009  0.0003  0.0000  0.3756  0.0003  0.0050  0.0009  0.0002  0.0002  0.0001  0.0002  0.0003  0.0009  1.0000  0.0001  0.0000  0.0004  0.0000  0.0000  0.0000
 0.0038  0.0000  0.0317  0.0002  0.0006  0.0013  0.0002  0.0002  0.0065  0.0006  0.1648  0.0018  0.0003  0.0009  0.0005  0.0004  0.0006  0.0026  1.0000  0.0002  0.0000  0.0003  0.0000  0.0000  0.0000
 0.0669  0.0000  0.0043  0.5825  1.0000  0.0051  0.0371  0.3207  0.0150  0.6985  0.0251  0.0090  0.3513  0.0284  0.5473  0.0690  0.0619  0.1496  0.0234  0.0021  0.0000  0.0055  0.0000  0.0000  0.0000
 0.1115  0.0000  0.0118  0.6552  1.0000  0.0136  0.9560  0.0560  0.0111  0.1126  0.0224  0.0088  0.2572  0.0690  0.1110  0.0440  0.2411  0.0687  0.0218  0.0067  0.0000  0.0286  0.0000  0.0000  0.0000
 0.0779  0.0000  0.0045  1.0000  0.9560  0.0087  0.0769  0.0311  0.0090  0.0839  0.0172  0.0069  0.1280  0.7621  0.0964  0.0274  0.1433  0.0440  0.0170  0.0042  0.0000  0.0157  0.0000  0.0000  0.0000
 0.0282  0.0000  0.0009  0.0007  0.0008  0.0004  0.0052  0.0002  0.0004  0.0009  0.0009  0.0004  0.0007  1.0000  0.0006  0.0007  0.2389  0.0019  0.0015  0.0001  0.0000  0.0003  0.0000  0.0000  0.0000
 0.0000  0.0000  0.0000  0.0000  0.0000  0.0000  0.0000  0.0000  0.0000  0.0000  0.0000  0.0000  0.0000  1.0000  0.0000  0.0000  0.0000  0.0000  0.0000  0.0000  0.0000  0.0000  0.0000  0.0000  0.0000
 0.2201  0.0000  0.1174  0.1412  0.2849  0.0257  0.1208  0.0785  0.0664  0.7901  0.2525  0.0426  0.1896  0.1229  0.8246  1.0000  0.2989  0.3992  0.0962  0.0138  0.0000  0.0384  0.0000  0.0000  0.0000
 0.0007  0.0000  0.0002  0.0001  0.0002  0.0018  0.0002  0.0001  0.0032  0.0002  1.0000  0.0021  0.0002  0.0003  0.0003  0.0002  0.0002  0.0004  0.0120  0.0002  0.0000  0.0003  0.0000  0.0000  0.0000
 0.0132  0.0000  0.0010  0.0116  0.2872  0.0013  0.0078  0.0270  0.0036  0.0769  0.0065  0.0022  0.0670  1.0000  0.0216  0.0348  0.1215  0.0485  0.0053  0.0006  0.0000  0.0017  0.0000  0.0000  0.0000
 0.9787  0.0000  0.0347  0.4658  1.0000  0.0324  0.5169  0.2495  0.1214  0.6312  0.1959  0.0687  0.3352  0.2946  0.4539  0.3406  0.8447  0.4186  0.1852  0.0112  0.0000  0.0247  0.0000  0.0000  0.0000
 0.2989  0.0000  0.0224  1.0000  0.5897  0.0251  0.5222  0.2531  0.0758  0.4929  0.1227  0.1560  0.2942  0.1095  0.2601  0.3685  0.4531  0.2272  0.1149  0.0083  0.0000  0.0578  0.0000  0.0000  0.0000
 0.4652  0.0000  0.0314  0.4075  1.0000  0.0293  0.3374  0.0898  0.1974  0.8137  0.1773  0.1852  0.3533  0.1612  0.5099  0.4084  0.4495  0.4553  0.1676  0.0101  0.0000  0.0222  0.0000  0.0000  0.0000
 0.0004  0.0000  0.0002  0.0001  0.0001  1.0000  0.0001  0.0000  0.0009  0.0000  0.0021  0.0004  0.0000  0.0002  0.0000  0.0000  0.0003  0.0003  0.0008  0.0020  0.0000  0.0920  0.0000  0.0000  0.0000
 0.0037  0.0000  0.0005  0.0009  0.0006  0.0002  0.0120  0.0002  0.0005  0.0008  0.0006  0.0003  0.0014  0.0013  0.0006  0.0005  1.0000  0.0800  0.0010  0.0001  0.0000  0.0002  0.0000  0.0000  0.0000
 0.6562  0.0000  0.0229  0.4248  0.6412  0.0214  0.3944  0.1558  0.0955  0.5450  0.1580  0.1705  0.4091  1.0000  0.3398  0.2254  0.6515  0.2961  0.1226  0.0074  0.0000  0.0163  0.0000  0.0000  0.0000
 0.0096  0.0000  0.0002  0.4099  1.0000  0.0008  0.0041  0.0023  0.0013  0.0820  0.0024  0.0009  0.0277  0.0055  0.0364  0.0032  0.0902  0.0047  0.0427  0.0004  0.0000  0.0011  0.0000  0.0000  0.0000
 0.2290  0.0000  0.0015  0.0007  0.0011  1.0000  0.0031  0.0003  0.0078  0.0008  0.0295  0.0045  0.0005  0.0022  0.0008  0.0007  0.0037  0.0025  0.0067  0.0078  0.0000  0.0306  0.0000  0.0000  0.0000
 0.7214  0.0000  0.0524  0.6030  1.0000  0.0564  0.3619  0.1591  0.2248  0.9410  0.2936  0.1028  0.4693  0.2629  0.6182  0.5168  0.6932  0.5509  0.3830  0.0190  0.0000  0.0498  0.0000  0.0000  0.0000
 0.1518  0.0000  0.0016  1.0000  0.0776  0.0127  0.0184  0.0061  0.0032  0.0204  0.0055  0.0020  0.2867  0.0083  0.0354  0.0382  0.2317  0.0128  0.0051  0.0007  0.0000  0.0029  0.0000  0.0000  0.0000
 0.0004  0.0000  0.0002  0.0001  0.0001  1.0000  0.0001  0.0000  0.0012  0.0001  0.0250  0.0007  0.0000  0.0002  0.0001  0.0001  0.0003  0.0003  0.0009  0.0016  0.0000  0.0063  0.0000  0.0000  0.0000
 0.0099  0.0000  0.0240  0.0006  0.0015  0.0014  0.0002  0.0004  0.2740  0.0016  0.0085  0.0023  0.0009  0.0021  0.0011  0.0009  0.0126  0.2475  1.0000  0.0002  0.0000  0.0005  0.0000  0.0000  0.0000
 0.7239  0.0000  0.0348  0.5834  0.6436  0.0344  0.2442  0.1415  0.2600  0.8290  0.1951  0.0684  0.8478  0.1762  0.3774  0.4975  1.0000  0.4357  0.2487  0.0117  0.0000  0.0278  0.0000  0.0000  0.0000
 0.8181  0.0000  0.0538  0.6653  1.0000  0.0520  0.3786  0.1224  0.2378  0.9874  0.3839  0.1060  0.4923  0.2733  0.6699  0.5426  0.7454  0.6565  0.3171  0.0177  0.0000  0.0411  0.0000  0.0000  0.0000
 0.0056  0.0000  1.0000  0.0008  0.0007  0.0005  0.0036  0.0003  0.0004  0.0006  0.0008  0.0003  0.0007  0.0015  0.0005  0.0006  0.0222  0.0014  0.0011  0.0002  0.0000  0.0005  0.0000  0.0000  0.0000
 0.0000  0.0000  0.0000  0.0000  0.0000  0.0000  0.0000  0.0000  0.0000  0.0000  1.0000  0.0000  0.0000  0.0000  0.0000  0.0000  0.0000  0.0000  0.0000  0.0000  0.0000  0.0000  0.0000  0.0000  0.0000
 0.3362  0.0000  0.0271  0.2907  0.4541  0.0367  0.1966  0.1264  0.1699  1.0000  0.1842  0.0630  0.2923  0.1581  0.4979  0.7079  0.3238  0.4394  0.1425  0.0195  0.0000  0.0547  0.0000  0.0000  0.0000
 0.0000  0.0000  0.0000  0.0000  0.0000  0.0000  0.0000  0.0000  0.0000  1.0000  0.0000  0.0000  0.0000  0.0000  0.0000  0.0000  0.0000  0.0000  0.0000  0.0000  0.0000  0.0000  0.0000  0.0000  0.0000
 0.1390  0.0000  0.0091  0.9506  0.4915  0.0097  0.0686  0.0239  0.1694  0.5157  0.0531  0.0188  1.0000  0.0541  0.3463  0.0915  0.1287  0.1351  0.1177  0.0035  0.0000  0.0083  0.0000  0.0000  0.0000
 0.4571  0.0000  0.1677  0.1818  0.4606  0.6329  0.2912  0.5952  0.3409  0.2533  0.5626  0.1912  0.2695  0.5050  0.2554  0.3017  0.4425  0.3419  0.4356  0.1601  0.0000  1.0000  0.0000  0.0000  0.0000
 0.5939  0.0000  0.0261  0.5823  0.6684  0.0244  0.1863  0.0927  0.0916  0.8848  0.1478  0.1765  0.3582  0.1344  0.5787  0.4780  1.0000  0.5222  0.1397  0.0084  0.0000  0.0185  0.0000  0.0000  0.0000
 0.4051  0.0000  0.0119  0.6340  1.0000  0.0111  0.0999  0.0271  0.0418  0.8160  0.1469  0.0237  0.2691  0.0614  0.2426  0.3715  0.2390  0.1282  0.0990  0.0038  0.0000  0.0084  0.0000  0.0000  0.0000
 0.0000  0.0000  0.0000  0.0000  0.0000  0.0000  0.0000  0.0000  0.0000  0.0000  0.0000  0.0000  0.0000  0.0000  0.0000  1.0000  0.0000  0.0000  0.0000  0.0000  0.0000  0.0000  0.0000  0.0000  0.0000
 0.1512  0.0000  0.0032  0.0024  0.0030  0.0019  0.0171  0.0008  0.0023  0.0033  0.0113  0.0749  0.0022  1.0000  0.0023  0.0025  0.0302  0.0064  0.0063  0.0006  0.0000  0.0330  0.0000  0.0000  0.0000
 0.0961  0.0000  0.0167  0.3346  0.0505  0.0102  0.0885  0.0291  0.0200  1.0000  0.0216  0.0107  0.7214  0.0462  0.0401  0.0317  0.6062  0.7008  0.0317  0.0061  0.0000  0.0178  0.0000  0.0000  0.0000
 0.0006  0.0000  0.0003  0.0002  0.0002  0.0124  0.0003  0.0000  0.0014  0.0001  0.0928  0.0007  0.0001  0.0003  0.0001  0.0001  0.0004  0.0004  0.0012  0.0026  0.0000  1.0000  0.0000  0.0000  0.0000
 0.7541  0.0000  0.0421  0.5293  0.9666  0.0392  0.3248  0.0956  0.1474  1.0000  0.3188  0.0834  0.5313  0.3635  0.4644  0.4369  0.7325  0.5038  0.2248  0.0135  0.0000  0.0297  0.0000  0.0000  0.0000
 0.3212  0.0000  0.0093  0.1453  1.0000  0.0087  0.1020  0.0533  0.0327  0.4497  0.0654  0.0966  0.0865  0.0480  0.5343  0.2718  0.1624  0.3870  0.0499  0.0030  0.0000  0.0066  0.0000  0.0000  0.0000
 0.0000  0.0000  0.0000  0.0000  0.0000  0.0000  0.0000  0.0000  0.0000  0.0000  1.0000  0.0000  0.0000  0.0000  0.0000  0.0000  0.0000  0.0000  0.0000  0.0000  0.0000  0.0000  0.0000  0.0000  0.0000
 0.0386  0.0000  0.0008  0.0003  0.0007  0.0035  0.0003  0.0003  0.0085  0.0008  1.0000  0.2338  0.0005  0.0010  0.0009  0.0006  0.0007  0.0678  0.0281  0.0004  0.0000  0.0005  0.0000  0.0000  0.0000
 0.2796  0.0000  0.0112  0.1666  1.0000  0.0105  0.0801  0.0256  0.1126  0.6076  0.0636  0.0223  0.2068  0.0578  0.5995  0.5641  0.3853  0.1544  0.1263  0.0036  0.0000  0.0080  0.0000  0.0000  0.0000
 0.0040  0.0000  0.0010  0.0300  0.0064  0.0028  0.0055  1.0000  0.0017  0.0049  0.0030  0.0727  0.0081  0.0023  0.0672  0.0036  0.0057  0.0198  0.0024  0.0008  0.0000  0.0213  0.0000  0.0000  0.0000
 0.0656  0.0000  0.0005  0.0318  0.0257  0.0006  0.0122  0.0086  0.0018  0.0088  0.0029  0.0154  0.0145  1.0000  0.0299  0.0241  0.2284  0.0055  0.0027  0.0002  0.0000  0.0005  0.0000  0.0000  0.0000
 0.0008  0.0000  0.0004  0.0002  0.0002  1.0000  0.0002  0.0000  0.0017  0.0000  0.0042  0.0008  0.0000  0.0003  0.0000  0.0000  0.0006  0.0005  0.0016  0.3641  0.0000  0.0159  0.0000  0.0000  0.0000
 0.0030  0.0000  0.0213  0.0005  0.0008  0.3018  0.0010  0.0004  1.0000  0.0011  0.4102  0.0077  0.0008  0.0010  0.0011  0.0010  0.0011  0.0025  0.0463  0.0015  0.0000  0.0290  0.0000  0.0000  0.0000
 0.7516  0.0000  0.0536  0.6163  1.0000  0.0536  0.3806  0.1229  0.1959  0.9687  0.3463  0.1107  0.4878  0.2708  0.6125  0.5882  0.7257  0.6482  0.3391  0.0181  0.0000  0.0439  0.0000  0.0000  0.0000
 0.6856  0.0000  0.0531  0.5665  1.0000  0.0674  0.3475  0.1538  0.2187  0.9960  0.4018  0.1808  0.4480  0.2496  0.5316  0.6066  0.7215  0.5600  0.2851  0.0213  0.0000  0.0667  0.0000  0.0000  0.0000
 0.7896  0.0000  0.0807  0.1965  0.1263  0.1540  0.4803  0.8180  0.1011  0.1378  0.1704  0.0641  0.2426  0.1615  0.1119  0.1176  0.4924  0.3734  0.1713  0.0443  0.0000  1.0000  0.0000  0.0000  0.0000
 0.1764  0.0000  0.0059  0.1655  1.0000  0.0055  0.0421  0.0134  0.0333  0.2515  0.1695  0.0117  0.0809  0.0304  0.1337  0.2138  0.1209  0.1091  0.0316  0.0019  0.0000  0.0042  0.0000  0.0000  0.0000
 0.4090  0.0000  0.0561  0.2941  0.8775  0.0211  0.1612  0.0514  0.1018  0.5512  0.1647  0.0741  0.3956  0.1163  0.5298  0.2413  0.6174  1.0000  0.3076  0.0073  0.0000  0.0161  0.0000  0.0000  0.0000
 0.4178  0.0000  0.0214  0.3672  0.8449  0.0199  0.1522  0.0486  0.0749  1.0000  0.3601  0.0705  0.1980  0.1098  0.4398  0.7107  0.5148  0.2929  0.1864  0.0069  0.0000  0.0151  0.0000  0.0000  0.0000
 0.5146  0.0000  0.0284  0.7289  1.0000  0.0265  0.2378  0.2626  0.0997  0.8571  0.1906  0.0564  0.6317  0.2270  0.3504  0.2796  0.4431  0.5290  0.1520  0.0091  0.0000  0.0201  0.0000  0.0000  0.0000
 0.1274  0.0000  0.0121  0.0138  0.0938  0.0076  0.0063  0.0046  0.0548  0.0162  0.0393  0.0125  0.0099  0.0170  0.0436  0.0094  0.0289  0.7833  1.0000  0.0018  0.0000  0.0309  0.0000  0.0000  0.0000
 0.0038  0.0000  0.0001  1.0000  0.1356  0.0004  0.0017  0.0628  0.0005  0.0216  0.0174  0.0003  0.0021  0.0023  0.0050  0.0011  0.0021  0.0017  0.0009  0.0002  0.0000  0.0005  0.0000  0.0000  0.0000
 0.0011  0.0000  0.0004  0.0003  0.0003  0.0197  0.0005  0.0000  0.4137  0.0005  0.0091  0.1434  0.0003  0.0002  0.0002  0.0004  0.0005  0.0013  1.0000  0.0002  0.0000  0.0008  0.0000  0.0000  0.0000
 1.0000  0.0000  0.0019  0.0014  0.0017  0.0007  0.0107  0.0003  0.0008  0.0019  0.0018  0.0009  0.0012  0.0867  0.0013  0.0013  0.4073  0.0036  0.0032  0.0003  0.0000  0.0006  0.0000  0.0000  0.0000
 0.7079  0.0000  0.1265  0.3692  0.9178  0.0554  0.4324  0.0646  0.0993  0.5163  0.1984  0.0561  0.4155  0.1453  0.3422  0.3055  1.0000  0.3962  0.2786  0.0092  0.0000  0.0208  0.0000  0.0000  0.0000
 0.0024  0.0000  0.0012  0.0004  0.0006  1.0000  0.0004  0.0000  0.0052  0.0000  0.0127  0.0025  0.0000  0.0009  0.0000  0.0000  0.0017  0.0015  0.0048  0.8055  0.0000  0.8883  0.0000  0.0000  0.0000
 0.0017  0.0000  0.0005  0.0004  0.0005  0.1824  0.0007  0.0000  0.1672  0.0007  0.0118  0.0021  0.0004  0.0003  0.0002  0.0005  0.0007  0.0019  1.0000  0.0004  0.0000  0.0014  0.0000  0.0000  0.0000
 0.7547  0.0000  0.1367  0.5806  0.9261  0.0458  0.3590  0.1112  0.1713  1.0000  0.2811  0.0969  0.4530  0.2512  0.5695  0.4831  0.7216  0.5543  0.2612  0.0158  0.0000  0.0349  0.0000  0.0000  0.0000
 0.3179  0.0000  0.0185  0.6450  1.0000  0.0172  0.1959  0.0420  0.0819  0.6690  0.2054  0.0947  0.2396  0.0950  0.2039  0.5617  0.3484  0.2207  0.1495  0.0059  0.0000  0.0131  0.0000  0.0000  0.0000
 0.1115  0.0000  0.0132  0.0033  0.0101  0.0080  0.0005  0.0213  1.0000  0.0102  0.0592  0.0431  0.0049  0.0140  0.0077  0.1795  0.0099  0.1918  0.4572  0.0014  0.0000  0.0035  0.0000  0.0000  0.0000
 0.0016  0.0000  0.0004  0.0002  0.0004  0.0229  0.0003  0.0003  0.0615  0.0006  1.0000  0.3403  0.0004  0.0007  0.0009  0.0220  0.0005  0.0010  0.0279  0.0005  0.0000  0.0006  0.0000  0.0000  0.0000
 0.2376  0.0000  0.0078  1.0000  0.6435  0.0073  0.5550  0.0352  0.0047  0.0553  0.0099  0.0037  0.2642  0.0324  0.0445  0.0253  0.1260  0.0379  0.0086  0.0037  0.0000  0.0178  0.0000  0.0000  0.0000
 0.3433  0.0000  0.0237  0.8611  1.0000  0.0237  0.1726  0.0601  0.0843  0.9313  0.1899  0.0484  0.3836  0.2049  0.8766  0.9889  0.3269  0.2580  0.1286  0.0087  0.0000  0.0202  0.0000  0.0000  0.0000
 0.4038  0.0000  0.0454  1.0000  0.7950  0.0499  0.5533  0.1834  0.0728  0.5889  0.1347  0.0483  0.7951  0.2318  0.4040  0.4690  0.5247  0.3016  0.1172  0.0234  0.0000  0.0936  0.0000  0.0000  0.0000
 0.5837  0.0000  0.0376  0.1888  0.0818  0.0192  0.2439  0.0420  0.0260  0.0862  0.0410  0.0190  1.0000  0.1005  0.0594  0.0513  0.9121  0.2501  0.0627  0.0091  0.0000  0.0283  0.0000  0.0000  0.0000
//
