WARNING! T263 not allowed! score: 0.01 median: 2.90 # of sequence: 396
ID   UNK_ID; MATRIX
AC   UNK_AC
DE   UNK_DE
MA   UNK_BL
  A   B   C   D   E   F   G   H   I   K   L   M   N   P   Q   R   S   T   V   W   X   Y   Z   *   -
 0.0011  0.0000  0.0003  0.0002  0.0003  0.0029  0.0003  0.0002  0.0050  0.0004  0.0410  1.0000  0.0003  0.0005  0.0005  0.0004  0.0003  0.0006  0.0028  0.0004  0.0000  0.0006  0.0000  0.0000  0.0000
 0.1868  0.0000  0.0027  0.0024  0.0119  0.0010  0.1017  0.0005  0.0013  0.0027  0.0026  0.0012  0.0023  0.0222  0.0019  0.0019  1.0000  0.0213  0.0044  0.0004  0.0000  0.0008  0.0000  0.0000  0.0000
 0.7579  0.0000  0.0508  0.6203  1.0000  0.0474  0.4695  0.1155  0.1780  0.9569  0.3351  0.1007  0.5101  0.2611  0.7463  0.6540  0.8204  0.6693  0.2715  0.0163  0.0000  0.0359  0.0000  0.0000  0.0000
 0.6509  0.0000  0.0431  0.5291  1.0000  0.0404  0.3071  0.1901  0.1752  0.8397  0.2658  0.0855  0.3994  0.4172  0.5265  0.5977  0.6333  0.5039  0.2583  0.0139  0.0000  0.0308  0.0000  0.0000  0.0000
 0.1453  0.0000  0.0066  0.0948  0.1596  0.0062  0.2450  0.0150  0.0606  0.6946  0.0374  0.0778  0.0866  0.1061  0.1033  1.0000  0.1277  0.0895  0.0353  0.0021  0.0000  0.0047  0.0000  0.0000  0.0000
 0.2686  0.0000  0.0451  0.0602  0.2541  0.0061  0.1803  0.0289  0.0186  0.4496  0.0300  0.0105  0.0798  1.0000  0.1230  0.0815  0.0874  0.1397  0.0547  0.0020  0.0000  0.0386  0.0000  0.0000  0.0000
 0.0771  0.0000  0.0055  0.1839  0.1249  0.0051  1.0000  0.0678  0.0191  0.4394  0.0309  0.0108  0.0506  0.0645  0.2813  0.1484  0.1006  0.2413  0.0511  0.0018  0.0000  0.0040  0.0000  0.0000  0.0000
 0.0047  0.0000  0.0011  0.0014  0.0030  1.0000  0.0027  0.0036  0.0049  0.1689  0.0392  0.0030  0.0028  0.0136  0.0043  0.0083  0.0036  0.0240  0.0046  0.0012  0.0000  0.4755  0.0000  0.0000  0.0000
 0.1287  0.0000  0.0310  0.0496  0.0477  0.1408  0.0577  0.3633  0.4848  0.0508  0.1708  0.0386  0.1094  0.0357  0.0667  0.0808  0.0862  0.1266  0.7597  0.0324  0.0000  1.0000  0.0000  0.0000  0.0000
 0.0828  0.0000  0.0270  0.0290  0.0749  0.0225  0.0414  0.0786  0.0184  0.6354  0.1184  0.0315  0.0611  0.0161  0.8763  1.0000  0.1731  0.1141  0.1050  0.0061  0.0000  0.2385  0.0000  0.0000  0.0000
 0.2485  0.0000  0.0535  0.0363  0.0887  0.2047  0.0584  0.1032  0.1123  0.0593  0.2745  0.0612  0.0544  0.0362  0.3873  0.0616  0.0919  0.1849  0.2420  0.0448  0.0000  1.0000  0.0000  0.0000  0.0000
 0.1415  0.0000  0.0085  0.5285  1.0000  0.0396  0.0941  0.0194  0.0299  0.1579  0.0833  0.0762  0.9076  0.0438  0.4832  0.0983  0.3527  0.1558  0.1099  0.0027  0.0000  0.0061  0.0000  0.0000  0.0000
 0.0057  0.0000  0.0003  0.0002  0.0003  0.0014  0.0004  0.0000  1.0000  0.0004  0.5233  0.1485  0.0003  0.0003  0.0002  0.0003  0.0351  0.0012  0.7316  0.0002  0.0000  0.0005  0.0000  0.0000  0.0000
 0.3368  0.0000  0.1478  0.1259  0.1672  1.0000  0.2075  0.3442  0.2416  0.1781  0.4461  0.1354  0.7375  0.1252  0.1800  0.3559  0.2457  0.2813  0.3237  0.2652  0.0000  0.8258  0.0000  0.0000  0.0000
 0.0133  0.0000  0.0014  0.0059  0.0297  0.0027  1.0000  0.0118  0.0054  0.6734  0.0128  0.0042  0.0364  0.0104  0.1357  0.2944  0.0222  0.0284  0.0072  0.0020  0.0000  0.0060  0.0000  0.0000  0.0000
 0.0047  0.0000  0.0010  0.0020  0.0013  0.0006  0.0013  0.0098  0.0443  0.0020  0.0146  0.0008  0.5219  0.0077  0.0672  0.0013  0.1453  1.0000  0.0420  0.0003  0.0000  0.0006  0.0000  0.0000  0.0000
 0.4239  0.0000  0.0669  0.1414  0.3806  0.2426  0.1123  0.1372  0.4375  0.2254  1.0000  0.0585  0.1608  0.0802  0.1739  0.1841  0.2728  0.4598  0.7545  0.0411  0.0000  0.2363  0.0000  0.0000  0.0000
 0.0003  0.0000  0.0002  0.0001  0.0001  1.0000  0.0001  0.0000  0.0007  0.0000  0.0064  0.0004  0.0000  0.0001  0.0000  0.0000  0.0002  0.0002  0.0052  0.5145  0.0000  0.0227  0.0000  0.0000  0.0000
 0.0046  0.0000  0.0000  0.0228  1.0000  0.0001  0.0005  0.0003  0.0108  0.0176  0.0003  0.0001  0.0552  0.0008  0.0159  0.0004  0.0007  0.0116  0.0171  0.0001  0.0000  0.0001  0.0000  0.0000  0.0000
 0.0187  0.0000  0.0186  0.0001  0.0002  0.0075  0.0001  0.0000  0.5926  0.0003  0.0804  0.0005  0.0001  0.0003  0.0001  0.0002  0.0002  0.0045  1.0000  0.0001  0.0000  0.0002  0.0000  0.0000  0.0000
 0.0409  0.0000  0.0038  0.3306  0.0377  0.0039  0.1905  0.0072  0.0092  0.0587  0.0275  0.0052  0.0271  1.0000  0.0368  0.0771  0.5329  0.9232  0.0140  0.0015  0.0000  0.0148  0.0000  0.0000  0.0000
 0.7496  0.0000  0.0112  0.3004  0.9616  0.0104  0.0797  0.0464  0.1085  0.3815  0.0951  0.0331  0.4730  0.2136  0.3052  0.4193  1.0000  0.6419  0.1592  0.0036  0.0000  0.0079  0.0000  0.0000  0.0000
 0.0066  0.0000  0.0188  0.0020  0.0060  0.0057  0.0044  0.0480  0.0746  1.0000  0.0076  0.0144  0.0235  0.0037  0.1297  0.9142  0.0053  0.1595  0.0483  0.0018  0.0000  0.0341  0.0000  0.0000  0.0000
 0.0001  0.0000  0.0001  0.0000  0.0000  0.0027  0.0001  0.0000  0.0003  0.0000  0.0219  0.0001  0.0000  0.0001  0.0000  0.0000  0.0001  0.0001  0.0003  0.0006  0.0000  1.0000  0.0000  0.0000  0.0000
 0.7726  0.0000  0.0520  0.6270  1.0000  0.0537  0.3706  0.1183  0.1984  0.9883  0.3119  0.1031  0.4913  0.3159  0.8535  0.5945  0.7781  0.6579  0.5072  0.0167  0.0000  0.0370  0.0000  0.0000  0.0000
 0.1987  0.0000  0.0116  0.5889  0.2724  0.0354  0.1349  0.0368  0.1661  0.2144  0.0654  0.0722  0.4282  1.0000  0.1467  0.1430  0.2520  0.1382  0.1128  0.0039  0.0000  0.0091  0.0000  0.0000  0.0000
 0.0020  0.0000  0.0005  0.0002  0.0005  0.0045  0.0003  0.0003  0.6313  0.0006  1.0000  0.0124  0.0004  0.0468  0.0685  0.0006  0.0005  0.0012  0.0727  0.0005  0.0000  0.0006  0.0000  0.0000  0.0000
 0.3704  0.0000  0.0524  0.4802  0.4664  0.0215  0.1628  0.1108  0.1283  0.9472  0.2507  0.4555  0.4447  0.1174  1.0000  0.8466  0.8710  0.5690  0.1424  0.0074  0.0000  0.0164  0.0000  0.0000  0.0000
 0.0415  0.0000  0.0144  0.0025  0.0034  0.0086  0.0041  0.0493  0.0052  0.0036  0.0403  0.0118  0.0038  1.0000  0.0197  0.0043  0.0116  0.0050  0.0780  0.0023  0.0000  0.0577  0.0000  0.0000  0.0000
 0.0004  0.0000  0.0001  0.0001  0.0001  0.0005  0.0002  0.0000  0.8972  0.0002  0.0027  0.0005  0.0001  0.0001  0.0000  0.0001  0.0002  0.0004  1.0000  0.0001  0.0000  0.0002  0.0000  0.0000  0.0000
 0.0000  0.0000  0.0000  0.0000  0.0000  0.0000  1.0000  0.0000  0.0000  0.0000  0.0000  0.0000  0.0000  0.0000  0.0000  0.0000  0.0000  0.0000  0.0000  0.0000  0.0000  0.0000  0.0000  0.0000  0.0000
 0.1208  0.0000  0.0247  0.0834  0.4027  0.0070  0.0615  0.0467  0.0703  0.4888  0.0405  0.4410  0.0660  0.0366  0.1983  1.0000  0.8396  0.2392  0.0604  0.0024  0.0000  0.0056  0.0000  0.0000  0.0000
 0.0000  0.0000  0.0000  0.0000  0.0000  0.0000  1.0000  0.0000  0.0000  0.0000  0.0000  0.0000  0.0000  0.0000  0.0000  0.0000  0.0000  0.0000  0.0000  0.0000  0.0000  0.0000  0.0000  0.0000  0.0000
 1.0000  0.0000  0.0000  0.0000  0.0000  0.0000  0.0000  0.0000  0.0000  0.0000  0.0000  0.0000  0.0000  0.0000  0.0000  0.0000  0.0000  0.0000  0.0000  0.0000  0.0000  0.0000  0.0000  0.0000  0.0000
 0.0012  0.0000  0.0188  0.0005  0.0005  0.1725  0.0008  0.0007  0.0042  0.0005  0.0011  0.0004  0.0063  0.0004  0.0005  0.0005  0.0080  0.0009  0.0008  0.0003  0.0000  1.0000  0.0000  0.0000  0.0000
 0.0004  0.0000  0.0002  0.0044  0.0003  0.0002  1.0000  0.0002  0.0002  0.0003  0.0003  0.0001  0.0004  0.0007  0.0002  0.0004  0.0004  0.0003  0.0002  0.0002  0.0000  0.0002  0.0000  0.0000  0.0000
 0.1579  0.0000  0.0172  0.0046  0.0132  0.0360  0.0019  0.0042  1.0000  0.0137  0.4423  0.1277  0.0071  0.0184  0.3267  0.0085  0.3120  0.1659  0.4402  0.0030  0.0000  0.0057  0.0000  0.0000  0.0000
 0.0004  0.0000  0.0001  0.0001  0.0001  0.0002  0.0001  0.0000  0.0151  0.0001  0.0008  0.0002  0.0001  0.0001  0.0001  0.0001  0.0001  0.0003  1.0000  0.0000  0.0000  0.0001  0.0000  0.0000  0.0000
 0.0013  0.0000  1.0000  0.0001  0.0002  0.0002  0.0001  0.0001  0.0126  0.0002  0.0012  0.0026  0.0001  0.0003  0.0002  0.0030  0.0199  0.0009  0.0427  0.0024  0.0000  0.0001  0.0000  0.0000  0.0000
 0.2084  0.0000  0.0384  0.0005  0.0006  0.0003  0.0117  0.0001  0.0003  0.0779  0.0007  0.0003  0.0005  0.0071  0.0005  0.0005  1.0000  0.0013  0.0012  0.0001  0.0000  0.0002  0.0000  0.0000  0.0000
 1.0000  0.0000  0.0004  0.0003  0.0004  0.0002  0.0059  0.0001  0.0095  0.0004  0.0144  0.0002  0.0003  0.0010  0.0003  0.0003  0.1123  0.0079  0.0869  0.0001  0.0000  0.0001  0.0000  0.0000  0.0000
 0.1979  0.0000  0.0854  0.1013  0.2104  0.4795  0.1287  0.2329  0.6283  0.5152  0.8633  0.2671  0.1439  0.0797  0.1344  0.3638  0.1749  0.4290  1.0000  0.0935  0.0000  0.6454  0.0000  0.0000  0.0000
 0.0065  0.0000  0.0395  1.0000  0.0241  0.0014  0.0194  0.1185  0.0319  0.0229  0.0019  0.0007  0.8853  0.0048  0.0059  0.0044  0.0150  0.0065  0.1028  0.0007  0.0000  0.0033  0.0000  0.0000  0.0000
 0.4308  0.0000  0.0203  0.1286  0.2128  0.0976  0.1350  0.0521  0.0855  0.5617  0.1547  0.0245  0.2104  0.0580  0.4893  0.6394  1.0000  0.8992  0.1393  0.0062  0.0000  0.0227  0.0000  0.0000  0.0000
 0.2747  0.0000  0.0176  0.2891  1.0000  0.0165  0.2420  0.0400  0.0730  0.4662  0.3695  0.0348  0.1754  0.1935  0.2733  0.4360  0.2533  0.1883  0.1261  0.0057  0.0000  0.0284  0.0000  0.0000  0.0000
 0.0446  0.0000  0.0074  0.0013  0.0016  0.0039  0.0019  0.0198  0.0023  0.0018  0.0830  0.0013  0.0440  0.0061  0.0098  0.0082  0.1825  1.0000  0.0066  0.0010  0.0000  0.0197  0.0000  0.0000  0.0000
 0.0903  0.0000  0.0032  0.0748  0.0723  0.0033  1.0000  0.0714  0.0253  0.2144  0.0179  0.0063  0.8706  0.0161  0.0765  0.3174  0.1844  0.0622  0.0168  0.0011  0.0000  0.0275  0.0000  0.0000  0.0000
 0.0994  0.0000  0.0040  0.0671  1.0000  0.0117  0.0398  0.0298  0.0511  0.0828  0.0949  0.0989  0.0597  0.0302  0.4296  0.0862  0.0993  0.2109  0.1261  0.0013  0.0000  0.0030  0.0000  0.0000  0.0000
 0.0955  0.0000  0.0025  0.0521  0.4123  0.0023  0.0348  0.1053  0.0087  1.0000  0.0659  0.1388  0.1646  0.1059  0.1214  0.2961  0.1004  0.0406  0.0133  0.0008  0.0000  0.0074  0.0000  0.0000  0.0000
 0.0001  0.0000  0.0000  0.0000  0.0000  0.0002  0.0039  0.0000  0.0408  0.0001  0.0011  0.0060  0.0000  0.0000  0.0000  0.0000  0.0001  0.0001  1.0000  0.0000  0.0000  0.0001  0.0000  0.0000  0.0000
 1.0000  0.0000  0.0002  0.0002  0.0002  0.0001  0.0011  0.0001  0.0001  0.0002  0.0002  0.0001  0.0001  0.0042  0.0001  0.0002  0.0009  0.0003  0.0003  0.0000  0.0000  0.0001  0.0000  0.0000  0.0000
 0.0003  0.0000  0.0001  0.0001  0.0001  0.0003  0.0001  0.0000  1.0000  0.0001  0.0233  0.0110  0.0001  0.0000  0.0000  0.0001  0.0074  0.0031  0.2695  0.0000  0.0000  0.0001  0.0000  0.0000  0.0000
 0.0000  0.0000  0.0000  0.0000  0.0000  0.0000  0.0000  0.0000  0.0000  1.0000  0.0000  0.0000  0.0000  0.0000  0.0000  0.0000  0.0000  0.0000  0.0000  0.0000  0.0000  0.0000  0.0000  0.0000  0.0000
 0.0000  0.0000  0.0000  0.0000  0.0000  0.0000  0.0000  0.0000  0.0000  1.0000  0.0000  0.0000  0.0000  0.0000  0.0000  0.0000  0.0000  0.0000  0.0000  0.0000  0.0000  0.0000  0.0000  0.0000  0.0000
 0.0005  0.0000  0.0001  0.0001  0.0001  0.0292  0.0002  0.0001  1.0000  0.0002  0.5276  0.0015  0.0001  0.0002  0.0002  0.0002  0.0002  0.0004  0.0303  0.0002  0.0000  0.0003  0.0000  0.0000  0.0000
 1.0000  0.0000  0.0357  0.0211  0.0279  0.0716  0.5078  0.1374  0.0567  0.0297  0.0661  0.4414  0.1393  0.0209  0.0543  0.0355  0.7719  0.2002  0.0708  0.0188  0.0000  0.2003  0.0000  0.0000  0.0000
 0.0461  0.0000  0.0095  0.1927  0.0674  0.0095  0.1343  0.0479  0.0082  0.4265  0.0189  0.0065  1.0000  0.0371  0.0596  0.7960  0.1105  0.0493  0.0121  0.0054  0.0000  0.0242  0.0000  0.0000  0.0000
 0.6941  0.0000  0.0011  0.0005  0.0009  0.0005  0.0023  0.0002  0.0085  0.0009  0.0026  0.0009  0.0005  1.0000  0.0006  0.0006  0.0085  0.0125  0.0535  0.0001  0.0000  0.0002  0.0000  0.0000  0.0000
 0.0001  0.0000  0.0001  0.0000  0.0000  1.0000  0.0001  0.0000  0.0003  0.0000  0.0071  0.0001  0.0000  0.0001  0.0000  0.0000  0.0001  0.0001  0.0002  0.0005  0.0000  0.0021  0.0000  0.0000  0.0000
 0.0400  0.0000  0.0009  1.0000  0.4053  0.0011  0.0553  0.0158  0.0009  0.0093  0.0017  0.0007  0.0495  0.0054  0.9288  0.0038  0.3623  0.0057  0.0016  0.0006  0.0000  0.0025  0.0000  0.0000  0.0000
 0.0063  0.0000  0.0014  0.0317  0.0028  0.0008  0.0047  0.1949  0.0069  0.0036  0.0018  0.0009  1.0000  0.0036  0.0027  0.0191  0.7444  0.4514  0.0028  0.0005  0.0000  0.0012  0.0000  0.0000  0.0000
 0.8354  0.0000  0.0759  0.6082  1.0000  0.1555  0.3986  0.2191  0.2669  0.9285  0.4044  0.1318  0.5069  0.3274  0.6093  0.5992  0.7660  0.5970  0.3507  0.0439  0.0000  0.2002  0.0000  0.0000  0.0000
 0.0016  0.0000  0.0005  0.0002  0.0004  0.0014  0.0004  0.0000  1.0000  0.0225  0.0931  0.3216  0.0003  0.0003  0.0002  0.0004  0.0005  0.1865  0.7293  0.0002  0.0000  0.0006  0.0000  0.0000  0.0000
 0.1413  0.0000  0.0410  0.3112  0.0903  0.3019  0.1281  0.1986  0.3323  0.0876  1.0000  0.2163  0.1760  0.0671  0.0878  0.0780  0.1229  0.1030  0.2191  0.0428  0.0000  0.1648  0.0000  0.0000  0.0000
 1.0000  0.0000  0.1053  0.0003  0.0003  0.0001  0.0142  0.0001  0.0002  0.0004  0.0004  0.0002  0.0003  0.0010  0.0003  0.0003  0.0645  0.0121  0.0006  0.0001  0.0000  0.0001  0.0000  0.0000  0.0000
 0.0018  0.0000  0.0002  0.0003  0.0026  0.0004  0.0013  0.0016  0.0008  1.0000  0.1350  0.0006  0.0018  0.0014  0.0495  0.1047  0.0015  0.0020  0.0010  0.0003  0.0000  0.0008  0.0000  0.0000  0.0000
 0.0000  0.0000  0.0000  0.0000  0.0000  0.0000  0.0000  0.0000  0.0000  0.0000  0.0000  0.0000  0.0000  0.0000  0.0000  1.0000  0.0000  0.0000  0.0000  0.0000  0.0000  0.0000  0.0000  0.0000  0.0000
 0.0974  0.0000  0.0002  0.0003  0.0002  0.0001  0.0004  0.0001  0.0118  0.0003  0.0002  0.0001  0.0005  0.0004  0.0002  0.0002  0.0062  1.0000  0.0004  0.0000  0.0000  0.0001  0.0000  0.0000  0.0000
 0.0042  0.0000  0.0011  0.0005  0.0011  0.0535  0.0009  0.0139  0.0208  0.0015  1.0000  0.0138  0.0011  0.0018  0.0022  0.0015  0.0012  0.0024  0.0114  0.0014  0.0000  0.8199  0.0000  0.0000  0.0000
 0.0000  0.0000  0.0000  0.0000  0.0000  0.0000  0.0000  0.0000  0.0000  0.0000  0.0000  0.0000  0.0000  0.0000  0.0000  1.0000  0.0000  0.0000  0.0000  0.0000  0.0000  0.0000  0.0000  0.0000  0.0000
 0.0000  0.0000  0.0000  0.0000  1.0000  0.0000  0.0000  0.0000  0.0000  0.0000  0.0000  0.0000  0.0000  0.0000  0.0000  0.0000  0.0000  0.0000  0.0000  0.0000  0.0000  0.0000  0.0000  0.0000  0.0000
 0.0009  0.0000  0.0002  0.0001  0.0002  0.0097  0.0002  0.0002  0.7678  0.0003  1.0000  0.0719  0.0002  0.0004  0.0005  0.0003  0.0002  0.0005  0.0024  0.0003  0.0000  0.0003  0.0000  0.0000  0.0000
 0.0012  0.0000  0.0079  0.0002  0.0106  0.0003  0.0009  0.0156  0.0005  1.0000  0.0483  0.0174  0.0012  0.0010  0.0029  0.4202  0.0010  0.0210  0.0007  0.0002  0.0000  0.0005  0.0000  0.0000  0.0000
 0.0003  0.0000  0.0001  0.0000  0.0001  0.0007  0.0001  0.0001  0.0406  0.0001  1.0000  0.0460  0.0001  0.0001  0.0001  0.0001  0.0001  0.0001  0.0007  0.0001  0.0000  0.0170  0.0000  0.0000  0.0000
 0.0002  0.0000  0.0001  0.0000  0.0001  0.0036  0.0000  0.0000  0.0010  0.0001  1.0000  0.0057  0.0001  0.0001  0.0001  0.0001  0.0001  0.0001  0.0069  0.0001  0.0000  0.0001  0.0000  0.0000  0.0000
 0.0026  0.0000  0.0655  0.0004  0.0036  0.0005  0.0018  0.0023  0.0011  1.0000  0.0382  0.0222  0.0025  0.0020  0.0413  0.9148  0.0395  0.0296  0.0015  0.0004  0.0000  0.0012  0.0000  0.0000  0.0000
 0.0010  0.0000  0.0123  0.0004  0.0006  0.0204  0.0006  1.0000  0.0008  0.0007  0.0073  0.0004  0.0006  0.0004  0.0070  0.0473  0.0088  0.0008  0.0010  0.0004  0.0000  0.0281  0.0000  0.0000  0.0000
 0.0008  0.0000  0.0002  0.0001  0.0002  0.1838  0.0002  0.0002  0.0342  0.0003  0.6743  1.0000  0.0002  0.0003  0.0004  0.0003  0.0002  0.0005  0.0094  0.0003  0.0000  0.0003  0.0000  0.0000  0.0000
 0.0962  0.0000  0.0189  1.0000  0.1798  0.0244  0.0480  0.0702  0.0211  0.6031  0.0341  0.0119  0.3292  0.0299  0.2139  0.5522  0.1428  0.0690  0.0319  0.0024  0.0000  0.0220  0.0000  0.0000  0.0000
 0.0004  0.0000  0.0000  0.0011  0.0193  0.0001  0.0005  1.0000  0.0001  0.0007  0.0002  0.0001  0.0005  0.0004  0.0110  0.0004  0.0004  0.0003  0.0001  0.0000  0.0000  0.0001  0.0000  0.0000  0.0000
 0.0030  0.0000  0.0000  0.0664  1.0000  0.0001  0.0002  0.0001  0.0001  0.0006  0.0001  0.0001  0.0002  0.0051  0.0008  0.0002  0.0003  0.0002  0.0001  0.0000  0.0000  0.0001  0.0000  0.0000  0.0000
 0.0003  0.0000  0.0001  0.0010  0.0004  0.0001  0.0011  0.0003  0.0001  0.0004  0.0002  0.0000  1.0000  0.0004  0.0105  0.0003  0.0005  0.0003  0.0001  0.0001  0.0000  0.0002  0.0000  0.0000  0.0000
 0.0003  0.0000  0.0001  0.0001  0.0001  0.0005  0.0002  0.0000  0.6513  0.0001  0.0943  0.0005  0.0001  0.0001  0.0000  0.0001  0.0001  0.0004  1.0000  0.0001  0.0000  0.0002  0.0000  0.0000  0.0000
 0.0003  0.0000  0.0001  0.0000  0.0001  0.0003  0.0001  0.0000  1.0000  0.0001  0.0078  0.0065  0.0001  0.0044  0.0000  0.0001  0.0001  0.0002  0.1257  0.0000  0.0000  0.0001  0.0000  0.0000  0.0000
 0.6819  0.0000  0.1131  0.1104  0.0444  0.0010  1.0000  0.0024  0.0037  0.0939  0.0209  0.0021  0.0504  0.0054  0.0480  0.0307  0.4937  0.0916  0.0265  0.0003  0.0000  0.0007  0.0000  0.0000  0.0000
 0.0009  0.0000  0.0002  0.0001  0.0002  0.0014  0.0002  0.0001  0.6354  0.0003  1.0000  0.0231  0.0002  0.0003  0.0003  0.0002  0.0052  0.0086  0.0426  0.0002  0.0000  0.0003  0.0000  0.0000  0.0000
 0.6430  0.0000  0.0456  0.5437  0.8625  0.0433  0.3238  0.1042  0.1678  1.0000  0.6016  0.1073  0.4362  0.2337  0.5253  0.6003  0.7070  0.5011  0.2598  0.0149  0.0000  0.0336  0.0000  0.0000  0.0000
 0.0067  0.0000  0.0001  1.0000  0.0005  0.0001  0.0010  0.0003  0.0000  0.0004  0.0001  0.0000  0.0146  0.0002  0.0003  0.0002  0.0008  0.0003  0.0001  0.0000  0.0000  0.0001  0.0000  0.0000  0.0000
 0.0079  0.0000  0.0602  0.0002  0.0004  0.0005  0.0001  0.0001  1.0000  0.0004  0.0369  0.0007  0.0002  0.0005  0.0003  0.0003  0.0004  0.0218  0.8656  0.0001  0.0000  0.0002  0.0000  0.0000  0.0000
 0.0079  0.0000  0.0023  0.0017  0.0025  1.0000  0.0028  0.0028  0.7308  0.0031  0.1360  0.1840  0.0026  0.0027  0.0668  0.0032  0.0105  0.0137  0.1442  0.0021  0.0000  0.0193  0.0000  0.0000  0.0000
 0.9790  0.0000  0.1971  0.6271  0.9595  0.6471  0.5575  0.5832  0.5668  1.0000  0.8077  0.3120  0.6198  0.5216  0.6979  0.8405  0.9020  0.9443  0.6396  0.1730  0.0000  0.9028  0.0000  0.0000  0.0000
 0.0205  0.0000  0.0003  0.0003  0.0003  0.0001  0.0011  0.0001  0.0002  0.0004  0.0042  0.0001  0.0005  1.0000  0.0003  0.0083  0.2072  0.0224  0.0005  0.0001  0.0000  0.0001  0.0000  0.0000  0.0000
 0.4749  0.0000  0.0093  0.1101  0.0487  0.0010  0.0306  0.0025  0.0442  0.0275  0.0061  0.0180  0.1147  1.0000  0.0212  0.0106  0.0721  0.0933  0.0623  0.0003  0.0000  0.0008  0.0000  0.0000  0.0000
 0.7476  0.0000  0.0555  0.6285  1.0000  0.0575  0.3741  0.1467  0.1996  0.9307  0.3984  0.1039  0.4848  0.2765  0.6394  0.5325  0.7440  0.6110  0.3043  0.0176  0.0000  0.0416  0.0000  0.0000  0.0000
 0.2075  0.0000  0.0605  0.2403  0.2014  0.0110  0.1472  0.0429  0.0377  0.3200  0.0603  0.0213  0.2323  0.1599  0.1190  0.9037  1.0000  0.5458  0.0575  0.0040  0.0000  0.0102  0.0000  0.0000  0.0000
 0.2858  0.0000  0.0955  0.0907  0.1206  0.4566  0.1676  0.2399  0.4028  0.2123  1.0000  0.1321  0.1573  0.0903  0.1298  0.7284  0.1771  0.1965  0.2729  0.0818  0.0000  0.5461  0.0000  0.0000  0.0000
 0.0222  0.0000  0.0006  0.3644  1.0000  0.0006  0.0140  0.0241  0.0021  0.0291  0.0165  0.0012  0.0893  0.0031  0.0634  0.0757  0.0986  0.0493  0.0033  0.0002  0.0000  0.0004  0.0000  0.0000  0.0000
 0.6863  0.0000  0.0115  0.6875  0.6567  0.0108  0.1807  0.0552  0.0724  0.3049  0.0725  0.0229  1.0000  0.0673  0.6096  0.1707  0.8753  0.2548  0.0918  0.0037  0.0000  0.0082  0.0000  0.0000  0.0000
 0.0002  0.0000  0.0001  0.0000  0.0001  1.0000  0.0000  0.0000  0.0170  0.0000  0.0112  0.0454  0.0000  0.0001  0.0001  0.0000  0.0001  0.0001  0.0005  0.0006  0.0000  0.0078  0.0000  0.0000  0.0000
 0.0426  0.0000  0.0030  0.1071  0.4934  0.0029  0.0214  0.0894  0.0106  0.3302  0.0171  0.0203  1.0000  0.0155  0.3015  0.0820  0.2224  0.1314  0.0324  0.0010  0.0000  0.0254  0.0000  0.0000  0.0000
 0.0007  0.0000  0.0000  1.0000  0.1161  0.0001  0.0006  0.0120  0.0001  0.0008  0.0002  0.0001  0.0135  0.0005  0.0696  0.0002  0.0006  0.0004  0.0002  0.0000  0.0000  0.0001  0.0000  0.0000  0.0000
 0.0003  0.0000  0.0001  0.0001  0.0001  0.1125  0.0002  0.0000  0.1904  0.0002  0.0424  0.0108  0.0001  0.0001  0.0001  0.0001  0.0001  0.0004  1.0000  0.0001  0.0000  0.0002  0.0000  0.0000  0.0000
 0.0003  0.0000  0.0005  0.0005  0.0003  0.0003  0.0012  0.0061  0.0002  0.0002  0.0004  0.0001  0.0003  0.0005  0.0002  0.0004  0.0002  0.0003  0.0003  0.0002  0.0000  1.0000  0.0000  0.0000  0.0000
 0.0018  0.0000  0.0005  0.0002  0.0005  0.3494  0.0004  0.0003  0.8546  0.0006  1.0000  0.1152  0.0005  0.0007  0.0009  0.0006  0.0061  0.0012  0.0556  0.0006  0.0000  0.0007  0.0000  0.0000  0.0000
 0.1548  0.0000  0.0002  0.0002  0.0002  0.0049  0.0163  0.0000  0.0879  0.0003  0.0028  0.0140  0.0002  0.0003  0.0001  0.0002  0.0095  0.0065  1.0000  0.0001  0.0000  0.0003  0.0000  0.0000  0.0000
 0.1702  0.0000  0.0376  0.0707  0.0513  0.0561  0.0560  0.0453  0.0621  0.0719  0.0720  0.1136  0.1350  0.0805  0.1310  0.0539  0.5423  1.0000  0.0917  0.0190  0.0000  0.3061  0.0000  0.0000  0.0000
 0.0092  0.0000  0.0331  0.1083  1.0000  0.0017  0.0270  0.2771  0.0012  0.0115  0.0023  0.0303  0.0645  0.1947  0.0084  0.0057  0.0285  0.0553  0.0020  0.0008  0.0000  0.0041  0.0000  0.0000  0.0000
 0.0002  0.0000  0.0001  0.0000  0.0001  0.0872  0.0000  0.0000  0.0005  0.0000  1.0000  0.0003  0.0000  0.0001  0.0000  0.0000  0.0066  0.0001  0.0004  0.0008  0.0000  0.0177  0.0000  0.0000  0.0000
 0.0003  0.0000  0.0001  0.0000  0.0001  0.0008  0.0001  0.0001  0.0015  0.0001  0.1150  1.0000  0.0001  0.0001  0.0459  0.0001  0.0001  0.0002  0.0008  0.0001  0.0000  0.0001  0.0000  0.0000  0.0000
 0.0245  0.0000  0.0009  1.0000  0.3157  0.0025  0.7765  0.0079  0.0029  0.0257  0.0054  0.0022  0.0235  0.0153  0.1118  0.0189  0.0176  0.0121  0.0055  0.0012  0.0000  0.0040  0.0000  0.0000  0.0000
 0.3289  0.0000  0.0003  0.0005  0.0003  0.0001  0.0006  0.0001  0.0104  0.0005  0.0004  0.0002  0.0008  0.0007  0.0004  0.0003  0.0367  1.0000  0.0006  0.0001  0.0000  0.0001  0.0000  0.0000  0.0000
 0.0000  0.0000  0.0000  1.0000  0.0000  0.0000  0.0000  0.0000  0.0000  0.0000  0.0000  0.0000  0.0000  0.0000  0.0000  0.0000  0.0000  0.0000  0.0000  0.0000  0.0000  0.0000  0.0000  0.0000  0.0000
 0.0002  0.0000  0.0001  0.0000  0.0001  0.0006  0.0000  0.0000  0.0011  0.0001  1.0000  0.0482  0.0001  0.0001  0.0001  0.0001  0.0001  0.0001  0.0006  0.0001  0.0000  0.0001  0.0000  0.0000  0.0000
 0.0019  0.0000  0.0172  0.0093  0.0027  0.0004  0.0696  1.0000  0.0002  0.0026  0.0004  0.0002  0.4386  0.0015  0.0896  0.0013  0.0352  0.0020  0.0003  0.0002  0.0000  0.0754  0.0000  0.0000  0.0000
 0.0080  0.0000  0.0008  0.0041  0.0112  0.0017  0.0228  0.1607  0.0032  0.4020  0.0077  0.0025  0.6056  0.0063  1.0000  0.5955  0.0442  0.0361  0.0043  0.0012  0.0000  0.0037  0.0000  0.0000  0.0000
 0.0003  0.0000  0.0001  0.0001  0.0001  0.0005  0.0001  0.0000  1.0000  0.0001  0.2879  0.0005  0.0001  0.0001  0.0001  0.0001  0.0001  0.0003  0.1012  0.0001  0.0000  0.0002  0.0000  0.0000  0.0000
 0.0005  0.0000  0.0002  0.0001  0.0002  0.0080  0.0002  0.0000  1.0000  0.0002  0.4023  0.1471  0.0002  0.0001  0.0001  0.0002  0.0002  0.0116  0.2031  0.0001  0.0000  0.0003  0.0000  0.0000  0.0000
 0.0046  0.0000  0.0040  0.0011  0.0059  0.0016  0.0970  0.0344  0.0021  0.6894  0.0047  0.0057  0.0167  0.0033  0.0742  1.0000  0.0139  0.2398  0.0028  0.0008  0.0000  0.0249  0.0000  0.0000  0.0000
 0.0204  0.0000  0.1756  0.0088  0.0060  0.0221  0.0061  0.0680  0.0381  0.0087  0.0081  0.1303  0.0160  0.0104  0.0333  0.0060  1.0000  0.4313  0.0118  0.0019  0.0000  0.0052  0.0000  0.0000  0.0000
 0.0006  0.0000  0.0000  0.0006  0.0890  0.0001  0.0004  0.0097  0.0002  0.0033  0.0005  0.0002  0.0005  0.0005  1.0000  0.1737  0.0005  0.0005  0.0003  0.0001  0.0000  0.0002  0.0000  0.0000  0.0000
 0.4771  0.0000  0.0084  0.2164  0.3050  0.0078  0.3261  0.1321  0.0295  0.6538  0.0573  0.0167  0.1420  1.0000  0.1647  0.3847  0.2398  0.2676  0.1039  0.0027  0.0000  0.0059  0.0000  0.0000  0.0000
 0.0002  0.0000  0.0001  0.0000  0.0001  0.0415  0.0000  0.0000  0.0012  0.0001  1.0000  0.0041  0.0001  0.0001  0.0001  0.0001  0.0001  0.0001  0.0007  0.0001  0.0000  0.0001  0.0000  0.0000  0.0000
 0.0028  0.0000  0.0006  0.0017  0.2440  0.0003  0.0122  0.0004  0.0114  0.0013  0.0008  0.0004  0.0676  0.0015  0.0010  0.0088  1.0000  0.4852  0.0014  0.0002  0.0000  0.0004  0.0000  0.0000  0.0000
 0.0038  0.0000  0.0002  1.0000  0.4563  0.0003  0.0020  0.0047  0.0007  0.2581  0.0011  0.0004  0.2153  0.0122  0.0147  0.0018  0.0132  0.0097  0.0205  0.0001  0.0000  0.0004  0.0000  0.0000  0.0000
 0.0016  0.0000  0.0000  1.0000  0.4031  0.0001  0.0006  0.0004  0.0002  0.0016  0.0003  0.0001  0.0006  0.0009  0.2191  0.0004  0.0008  0.0007  0.0004  0.0001  0.0000  0.0002  0.0000  0.0000  0.0000
 0.0018  0.0000  0.0002  0.0003  0.0025  0.1741  0.0013  1.0000  0.0008  0.0821  0.0019  0.0006  0.0018  0.0014  0.0110  0.0492  0.0015  0.0020  0.0010  0.0003  0.0000  0.0008  0.0000  0.0000  0.0000
 0.0550  0.0000  1.0000  0.0007  0.0021  0.0151  0.0001  0.0005  0.5597  0.0021  0.0172  0.0032  0.0010  0.0030  0.0016  0.0012  0.0649  0.0236  0.7654  0.0003  0.0000  0.0006  0.0000  0.0000  0.0000
 0.0007  0.0000  0.0396  0.0001  0.0009  0.0001  0.0005  0.0006  0.0003  0.0216  0.0006  0.0002  0.0006  0.0005  1.0000  0.0534  0.0005  0.0007  0.0004  0.0001  0.0000  0.0003  0.0000  0.0000  0.0000
 0.0002  0.0000  0.0001  0.0000  0.0001  0.4576  0.0000  0.0000  0.0005  0.0000  0.0011  0.0002  0.0000  0.0001  0.0000  0.0000  0.0002  0.0001  0.0004  0.0011  0.0000  1.0000  0.0000  0.0000  0.0000
 0.0007  0.0000  0.0003  0.0001  0.0002  1.0000  0.0002  0.0001  0.0028  0.0002  0.5495  0.0018  0.0001  0.0003  0.0003  0.0002  0.0003  0.0004  0.0017  0.0013  0.0000  0.0046  0.0000  0.0000  0.0000
 0.0028  0.0000  0.0006  0.0002  0.0005  0.0032  0.0002  0.0041  0.3414  0.0006  1.0000  0.0411  0.0004  0.0008  0.0008  0.0005  0.0006  0.0265  0.5825  0.0004  0.0000  0.0004  0.0000  0.0000  0.0000
 0.0001  0.0000  0.0001  0.0000  0.0000  0.0588  0.0000  0.0000  0.0003  0.0000  0.0006  0.0001  0.0000  0.0000  0.0000  0.0000  0.0001  0.0001  0.0002  0.0006  0.0000  1.0000  0.0000  0.0000  0.0000
 0.0000  0.0000  0.0000  0.0000  0.0000  0.0000  0.0000  0.0000  0.0000  0.0000  0.0000  0.0000  0.0000  0.0000  1.0000  0.0000  0.0000  0.0000  0.0000  0.0000  0.0000  0.0000  0.0000  0.0000  0.0000
 0.0011  0.0000  0.0003  0.0002  0.0003  0.0018  0.0003  0.0001  1.0000  0.0004  0.5572  0.1580  0.0002  0.0003  0.0003  0.0003  0.0003  0.1099  0.0676  0.0002  0.0000  0.0004  0.0000  0.0000  0.0000
 0.0002  0.0000  0.0001  0.0000  0.0001  0.0006  0.0000  0.0000  0.0011  0.0001  1.0000  0.0374  0.0001  0.0001  0.0001  0.0001  0.0001  0.0001  0.0006  0.0001  0.0000  0.0001  0.0000  0.0000  0.0000
 0.0004  0.0000  0.0079  0.0001  0.0005  0.0001  0.0003  0.0003  0.0001  0.0694  0.0003  0.0001  0.0003  0.0003  0.0008  1.0000  0.0003  0.0004  0.0002  0.0001  0.0000  0.0002  0.0000  0.0000  0.0000
 0.0755  0.0000  0.0002  0.0002  0.0002  0.0001  1.0000  0.0001  0.0001  0.0002  0.0002  0.0001  0.0002  0.0006  0.0002  0.0002  0.0011  0.0004  0.0004  0.0000  0.0000  0.0001  0.0000  0.0000  0.0000
 0.0002  0.0000  0.0001  0.0000  0.0001  0.0006  0.0000  0.0000  0.0122  0.0001  1.0000  0.0101  0.0001  0.0001  0.0001  0.0001  0.0001  0.0001  0.0006  0.0001  0.0000  0.0001  0.0000  0.0000  0.0000
 0.0003  0.0000  0.0000  0.0001  0.0004  0.0001  0.0004  0.0002  0.0001  1.0000  0.0003  0.0001  0.0003  0.0003  0.0006  0.0132  0.0002  0.0003  0.0002  0.0001  0.0000  0.0001  0.0000  0.0000  0.0000
 0.0596  0.0000  0.0004  0.0006  0.0005  0.0120  0.0018  0.0106  0.0004  0.0005  0.0008  0.0003  0.0007  0.0008  0.0004  0.0004  0.0015  0.0007  0.0007  0.0001  0.0000  1.0000  0.0000  0.0000  0.0000
 0.0003  0.0000  0.0001  0.0001  0.0001  0.0161  0.0002  0.0000  1.0000  0.0002  0.1507  0.0399  0.0001  0.0001  0.0001  0.0001  0.0001  0.0004  0.4853  0.0001  0.0000  0.0002  0.0000  0.0000  0.0000
 0.0000  0.0000  0.0000  0.0000  0.0000  0.0000  0.0000  1.0000  0.0000  0.0000  0.0000  0.0000  0.0000  0.0000  0.0000  0.0000  0.0000  0.0000  0.0000  0.0000  0.0000  0.0000  0.0000  0.0000  0.0000
 0.0277  0.0000  0.0002  0.0002  0.0002  0.0001  0.0007  0.0000  0.0001  0.0002  0.0002  0.0001  0.0003  0.0004  0.0002  0.0001  1.0000  0.0129  0.0003  0.0000  0.0000  0.0001  0.0000  0.0000  0.0000
 1.0000  0.0000  0.0105  0.0001  0.0002  0.0001  0.0011  0.0000  0.0002  0.0002  0.0002  0.0001  0.0001  0.0005  0.0001  0.0001  0.0010  0.0004  0.0070  0.0000  0.0000  0.0001  0.0000  0.0000  0.0000
 0.0630  0.0000  0.0060  0.2770  0.0693  0.0053  0.9366  0.0473  0.0029  0.0593  0.0063  0.0023  1.0000  0.0213  0.0371  0.0405  0.0685  0.0274  0.0048  0.0027  0.0000  0.0138  0.0000  0.0000  0.0000
 0.0002  0.0000  0.0001  0.0001  0.0001  0.0004  0.0001  0.0000  0.5354  0.0001  0.0204  0.0004  0.0001  0.0000  0.0000  0.0001  0.0001  0.0003  1.0000  0.0000  0.0000  0.0002  0.0000  0.0000  0.0000
 0.0009  0.0000  0.0003  0.0002  0.0003  0.0017  0.0004  0.0000  0.9623  0.0004  1.0000  0.0018  0.0003  0.0002  0.0002  0.0004  0.0004  0.0010  0.3508  0.0002  0.0000  0.0006  0.0000  0.0000  0.0000
 0.0000  0.0000  0.0000  0.0000  0.0000  0.0000  0.0000  1.0000  0.0000  0.0000  0.0000  0.0000  0.0000  0.0000  0.0000  0.0000  0.0000  0.0000  0.0000  0.0000  0.0000  0.0000  0.0000  0.0000  0.0000
 0.0003  0.0000  0.0001  0.0001  0.0004  0.0001  0.0004  0.0055  0.0001  0.0017  0.0003  0.0001  0.0003  0.0003  0.0006  1.0000  0.0003  0.0003  0.0027  0.0001  0.0000  0.0001  0.0000  0.0000  0.0000
 0.0000  0.0000  0.0000  1.0000  0.0000  0.0000  0.0000  0.0000  0.0000  0.0000  0.0000  0.0000  0.0000  0.0000  0.0000  0.0000  0.0000  0.0000  0.0000  0.0000  0.0000  0.0000  0.0000  0.0000  0.0000
 0.0002  0.0000  0.0001  0.0000  0.0001  0.0005  0.0001  0.0000  0.0036  0.0001  1.0000  0.0007  0.0001  0.0001  0.0001  0.0001  0.0001  0.0001  0.0005  0.0001  0.0000  0.0001  0.0000  0.0000  0.0000
 0.0003  0.0000  0.0000  0.0001  0.0004  0.0001  0.0003  0.0002  0.0001  1.0000  0.0003  0.0001  0.0003  0.0003  0.0006  0.0201  0.0002  0.0003  0.0002  0.0001  0.0000  0.0001  0.0000  0.0000  0.0000
 0.0000  0.0000  0.0000  0.0000  0.0000  0.0000  0.0000  0.0000  0.0000  0.0000  0.0000  0.0000  0.0000  1.0000  0.0000  0.0000  0.0000  0.0000  0.0000  0.0000  0.0000  0.0000  0.0000  0.0000  0.0000
 0.0073  0.0000  0.0121  0.0009  0.0007  0.0003  0.1772  0.0002  0.0004  0.0009  0.0007  0.0004  0.0010  0.0019  0.0006  0.0032  1.0000  0.0071  0.0012  0.0001  0.0000  0.0003  0.0000  0.0000  0.0000
 0.0004  0.0000  0.0001  0.0011  0.0003  0.0001  0.0010  0.0002  0.0001  0.0004  0.0001  0.0000  1.0000  0.0003  0.0002  0.0002  0.0033  0.0003  0.0001  0.0001  0.0000  0.0001  0.0000  0.0000  0.0000
 0.0005  0.0000  0.0001  0.0001  0.0001  0.0011  0.0001  0.0001  0.4559  0.0002  1.0000  0.0013  0.0001  0.0002  0.0002  0.0002  0.0002  0.0004  0.0500  0.0001  0.0000  0.0002  0.0000  0.0000  0.0000
 0.5416  0.0000  0.0025  0.0013  0.0023  0.0939  0.0057  0.0012  0.0269  0.0028  1.0000  0.0172  0.0018  0.0046  0.0033  0.0024  0.0144  0.0057  0.0284  0.0019  0.0000  0.0028  0.0000  0.0000  0.0000
 0.0008  0.0000  0.0002  0.0002  0.0002  0.0016  0.0003  0.0001  0.2903  0.0003  0.9358  0.0155  0.0002  0.0002  0.0002  0.0003  0.0003  0.0008  1.0000  0.0002  0.0000  0.0005  0.0000  0.0000  0.0000
 0.0003  0.0000  0.0001  0.0013  0.0004  0.0001  0.0009  0.0003  0.0000  0.0039  0.0001  0.0000  1.0000  0.0002  0.0002  0.0002  0.0117  0.0003  0.0001  0.0000  0.0000  0.0001  0.0000  0.0000  0.0000
 0.9438  0.0000  0.0182  0.0676  1.0000  0.0086  0.1127  0.0084  0.0113  0.0379  0.0218  0.0101  0.0256  0.0560  0.0507  0.0185  0.1806  0.1403  0.0344  0.0035  0.0000  0.0080  0.0000  0.0000  0.0000
 0.0009  0.0000  0.0002  0.6358  0.0012  0.0002  0.0030  0.0009  0.0001  0.0337  0.0002  0.0001  1.0000  0.0007  0.0008  0.0006  0.0469  0.0649  0.0002  0.0001  0.0000  0.0005  0.0000  0.0000  0.0000
 0.0004  0.0000  1.0000  0.0005  0.0003  0.0003  0.0012  0.0003  0.0003  0.0001  0.0004  0.0001  0.0056  0.0004  0.0002  0.0003  0.0002  0.0003  0.0004  0.0003  0.0000  0.0004  0.0000  0.0000  0.0000
 0.0012  0.0000  0.0000  1.0000  0.5447  0.0001  0.0004  0.0003  0.0001  0.0012  0.0152  0.0001  0.0005  0.0007  0.0105  0.0003  0.0006  0.0005  0.0003  0.0001  0.0000  0.0001  0.0000  0.0000  0.0000
 0.0000  0.0000  0.0000  0.0000  0.0000  0.0000  0.0000  0.0000  0.0000  0.0000  1.0000  0.0000  0.0000  0.0000  0.0000  0.0000  0.0000  0.0000  0.0000  0.0000  0.0000  0.0000  0.0000  0.0000  0.0000
 0.0003  0.0000  0.0000  0.0001  0.0005  0.0001  0.0003  0.0003  0.0001  1.0000  0.0003  0.0001  0.0003  0.0003  0.0007  0.1303  0.0003  0.0003  0.0002  0.0001  0.0000  0.0001  0.0000  0.0000  0.0000
 0.0001  0.0000  0.0000  0.0000  0.0000  0.0002  0.0001  0.0000  1.0000  0.0001  0.0095  0.0002  0.0000  0.0000  0.0000  0.0000  0.0001  0.0002  0.0615  0.0000  0.0000  0.0001  0.0000  0.0000  0.0000
 0.1438  0.0000  1.0000  0.0060  0.0173  0.0055  0.2022  0.0016  0.0307  0.0081  0.6834  0.0067  0.0054  0.0204  0.0058  0.0059  0.0417  0.0275  0.0157  0.0014  0.0000  0.0027  0.0000  0.0000  0.0000
 0.0003  0.0000  0.0001  1.0000  0.0004  0.0001  0.0094  0.0003  0.0001  0.0004  0.0001  0.0000  0.0014  0.0003  0.0003  0.0002  0.0007  0.0003  0.0001  0.0001  0.0000  0.0034  0.0000  0.0000  0.0000
 0.0001  0.0000  0.0001  0.0000  0.0000  1.0000  0.0001  0.0000  0.0003  0.0000  0.0104  0.0002  0.0000  0.0001  0.0000  0.0000  0.0001  0.0001  0.0003  0.0005  0.0000  0.0021  0.0000  0.0000  0.0000
 0.0004  0.0000  0.0003  0.0005  0.0003  0.0002  1.0000  0.0002  0.0002  0.0003  0.0004  0.0001  0.0003  0.0007  0.0002  0.0004  0.0003  0.0003  0.0003  0.0040  0.0000  0.0003  0.0000  0.0000  0.0000
 0.0000  0.0000  0.0000  0.0000  0.0000  0.0000  0.0000  0.0000  0.0000  0.0000  1.0000  0.0000  0.0000  0.0000  0.0000  0.0000  0.0000  0.0000  0.0000  0.0000  0.0000  0.0000  0.0000  0.0000  0.0000
 1.0000  0.0000  0.0002  0.0001  0.0002  0.0001  0.0011  0.0000  0.0001  0.0002  0.0002  0.0001  0.0001  0.0005  0.0001  0.0001  0.0115  0.0003  0.0003  0.0000  0.0000  0.0001  0.0000  0.0000  0.0000
 0.0003  0.0000  0.0000  0.0001  0.0004  0.0001  0.0004  0.0002  0.0001  0.0016  0.0003  0.0001  0.0003  0.0032  0.0032  1.0000  0.0003  0.0003  0.0002  0.0001  0.0000  0.0001  0.0000  0.0000  0.0000
 0.6622  0.0000  0.1559  0.3528  0.5193  0.5642  0.3927  0.6609  0.5765  0.5317  0.6469  0.2153  0.3960  0.5164  0.5719  0.4344  0.6736  1.0000  0.6535  0.1499  0.0000  0.7939  0.0000  0.0000  0.0000
 0.4736  0.0000  0.0094  0.0248  0.0505  0.0010  0.0350  0.0024  0.0036  0.0486  0.0139  0.0021  0.1484  0.0053  0.3221  0.0161  0.1768  1.0000  0.0671  0.0003  0.0000  0.0007  0.0000  0.0000  0.0000
 0.0933  0.0000  0.0130  1.0000  0.2263  0.0007  0.0080  0.0025  0.0014  0.0443  0.0019  0.0008  0.1882  0.0035  0.0043  0.0033  0.6596  0.0948  0.0022  0.0004  0.0000  0.0013  0.0000  0.0000  0.0000
 0.2113  0.0000  0.0051  1.0000  0.4759  0.0438  0.0336  0.0124  0.0171  0.0798  0.0275  0.0097  0.1474  0.5067  0.1393  0.0449  0.4058  0.1832  0.0553  0.0021  0.0000  0.0198  0.0000  0.0000  0.0000
 0.5213  0.0000  0.1775  0.2267  0.3658  0.7630  0.3346  0.5423  0.3961  0.3062  0.6568  0.2258  0.3185  0.2114  0.3273  0.3547  0.4258  0.4207  0.5059  0.1847  0.0000  1.0000  0.0000  0.0000  0.0000
 0.0002  0.0000  0.0001  0.0000  0.0001  0.0006  0.0000  0.0000  0.0012  0.0001  0.0674  1.0000  0.0001  0.0001  0.0001  0.0001  0.0001  0.0001  0.0074  0.0001  0.0000  0.0001  0.0000  0.0000  0.0000
 0.0006  0.0000  0.0002  0.0003  0.0002  0.0002  0.0006  0.0001  0.0002  0.0002  0.0003  0.0134  0.0003  0.0004  0.0002  0.0002  0.0011  1.0000  0.0003  0.0001  0.0000  0.0002  0.0000  0.0000  0.0000
 0.2995  0.0000  0.0194  0.3414  1.0000  0.0174  0.4768  0.0339  0.0213  0.1373  0.0425  0.0184  0.0775  0.1144  0.1677  0.0461  0.1533  0.0823  0.0548  0.0076  0.0000  0.0206  0.0000  0.0000  0.0000
 0.0000  0.0000  0.0000  0.0000  0.0000  0.0000  0.0000  0.0000  0.0000  0.0000  0.0000  0.0000  0.0000  0.0000  0.0000  0.0000  0.0000  0.0000  0.0000  0.0000  0.0000  1.0000  0.0000  0.0000  0.0000
 0.0043  0.0000  0.0002  0.0001  0.0002  0.0001  0.0005  0.0001  0.0006  0.0002  0.0005  0.0002  0.0001  0.0003  0.0001  0.0001  0.0004  0.0005  1.0000  0.0001  0.0000  0.0001  0.0000  0.0000  0.0000
 0.7757  0.0000  0.0078  0.0049  0.0066  0.0073  0.0348  0.0013  0.0105  0.0071  0.0114  0.0044  0.0044  0.0172  0.0050  0.0049  0.2955  0.0167  1.0000  0.0010  0.0000  0.0022  0.0000  0.0000  0.0000
 0.0000  0.0000  0.0000  0.0000  0.0000  0.0000  0.0000  0.0000  0.0000  0.0000  0.0000  0.0000  0.0000  0.0000  0.0000  0.0000  0.0000  1.0000  0.0000  0.0000  0.0000  0.0000  0.0000  0.0000  0.0000
 0.0000  0.0000  0.0000  0.0000  0.0000  0.0000  0.0000  0.0000  0.0000  0.0000  0.0000  0.0000  0.0000  0.0000  0.0000  1.0000  0.0000  0.0000  0.0000  0.0000  0.0000  0.0000  0.0000  0.0000  0.0000
 0.0002  0.0000  0.0001  0.0001  0.0001  0.0033  0.0001  0.0000  0.0003  0.0000  0.0008  0.0002  0.0000  0.0001  0.0000  0.0000  0.0001  0.0001  0.0003  1.0000  0.0000  0.1798  0.0000  0.0000  0.0000
 0.0003  0.0000  0.0005  0.0005  0.0003  0.0003  0.0012  0.0067  0.0002  0.0002  0.0004  0.0001  0.0003  0.0005  0.0002  0.0004  0.0002  0.0003  0.0003  0.0159  0.0000  1.0000  0.0000  0.0000  0.0000
 0.0000  0.0000  0.0000  0.0000  0.0000  0.0000  0.0000  0.0000  0.0000  0.0000  0.0000  0.0000  0.0000  0.0000  0.0000  1.0000  0.0000  0.0000  0.0000  0.0000  0.0000  0.0000  0.0000  0.0000  0.0000
 1.0000  0.0000  0.0002  0.0002  0.0002  0.0001  0.0032  0.0000  0.0001  0.0002  0.0002  0.0001  0.0001  0.0156  0.0001  0.0002  0.0011  0.0004  0.0004  0.0000  0.0000  0.0001  0.0000  0.0000  0.0000
 0.0000  0.0000  0.0000  0.0000  0.0000  0.0000  0.0000  0.0000  0.0000  0.0000  0.0000  0.0000  0.0000  1.0000  0.0000  0.0000  0.0000  0.0000  0.0000  0.0000  0.0000  0.0000  0.0000  0.0000  0.0000
 0.0005  0.0000  0.0000  0.0012  1.0000  0.0000  0.0040  0.0001  0.0001  0.0005  0.0001  0.0000  0.0002  0.0003  0.0046  0.0001  0.0003  0.0002  0.0001  0.0000  0.0000  0.0001  0.0000  0.0000  0.0000
 0.0009  0.0000  0.0003  0.0001  0.0002  0.0014  0.0002  0.0001  1.0000  0.0003  0.8214  0.0016  0.0002  0.0045  0.0002  0.0003  0.0003  0.0008  0.2000  0.0002  0.0000  0.0004  0.0000  0.0000  0.0000
 0.0007  0.0000  0.0002  0.0001  0.0002  0.0020  0.0001  0.0001  0.1990  0.0003  0.8510  1.0000  0.0002  0.0003  0.0004  0.0003  0.0002  0.0004  0.0113  0.0002  0.0000  0.0003  0.0000  0.0000  0.0000
 0.0000  0.0000  0.0000  0.0000  0.0000  0.0000  0.0000  0.0000  0.0000  0.0000  1.0000  0.0000  0.0000  0.0000  0.0000  0.0000  0.0000  0.0000  0.0000  0.0000  0.0000  0.0000  0.0000  0.0000  0.0000
 0.0049  0.0000  0.0830  0.0026  0.0014  0.0005  0.0017  0.0007  0.0015  0.0021  0.0014  0.0007  1.0000  0.0026  0.0016  0.0013  0.1930  0.3122  0.0023  0.0003  0.0000  0.0006  0.0000  0.0000  0.0000
 0.0272  0.0000  0.4875  0.0036  0.0048  0.4139  0.0097  0.0004  0.0303  0.0015  0.0731  0.0150  0.0016  0.0086  0.0011  0.0011  0.3982  0.0132  0.0296  1.0000  0.0000  0.2716  0.0000  0.0000  0.0000
 0.7391  0.0000  0.0516  0.6614  1.0000  0.0483  0.3672  0.1179  0.1803  0.9774  0.2910  0.4017  0.4866  0.2659  0.6922  0.5177  0.9571  0.5855  0.2751  0.0167  0.0000  0.0371  0.0000  0.0000  0.0000
 0.0931  0.0000  0.0062  0.4888  0.8350  0.0063  0.1771  1.0000  0.0197  0.5547  0.0323  0.0114  0.2214  0.0326  0.1784  0.1143  0.0836  0.0792  0.0301  0.0024  0.0000  0.0157  0.0000  0.0000  0.0000
 0.0000  0.0000  0.0000  0.0000  0.0000  0.0000  0.0000  0.0000  0.0000  0.0000  0.0000  0.0000  0.0000  0.0000  0.0000  0.0000  0.0000  0.0000  0.0000  0.0000  0.0000  1.0000  0.0000  0.0000  0.0000
 0.0168  0.0000  0.0040  0.3495  0.0220  0.0032  0.1983  0.0160  0.0022  0.0216  0.0039  0.0015  0.5756  0.0130  0.0329  0.0110  0.1354  1.0000  0.0036  0.0017  0.0000  0.0082  0.0000  0.0000  0.0000
 1.0000  0.0000  0.0455  0.5401  0.8567  0.0424  0.3423  0.1031  0.1589  0.9613  0.2561  0.1408  0.4347  0.2332  0.8814  0.4451  0.7018  0.6070  0.4210  0.0146  0.0000  0.0323  0.0000  0.0000  0.0000
 1.0000  0.0000  0.0018  0.0098  0.2777  0.0011  0.0047  0.0016  0.0025  0.0424  0.0029  0.0014  0.0068  0.0058  0.0177  0.0034  0.2518  0.7709  0.0044  0.0006  0.0000  0.0013  0.0000  0.0000  0.0000
 0.0056  0.0000  0.0002  0.0001  0.0002  0.0005  0.0002  0.0000  1.0000  0.0002  0.0027  0.0005  0.0001  0.0002  0.0001  0.0001  0.0002  0.0007  0.9283  0.0001  0.0000  0.0002  0.0000  0.0000  0.0000
 0.0000  0.0000  0.0000  1.0000  0.0000  0.0000  0.0000  0.0000  0.0000  0.0000  0.0000  0.0000  0.0000  0.0000  0.0000  0.0000  0.0000  0.0000  0.0000  0.0000  0.0000  0.0000  0.0000  0.0000  0.0000
 0.0003  0.0000  0.0001  0.0001  0.0001  0.0005  0.0002  0.0000  1.0000  0.0001  0.0342  0.0751  0.0001  0.0001  0.0000  0.0001  0.0001  0.0003  0.5439  0.0001  0.0000  0.0002  0.0000  0.0000  0.0000
 0.0000  0.0000  0.0000  0.0000  0.0000  0.0000  0.0000  0.0000  0.0000  0.0000  0.0000  0.0000  0.0000  0.0000  0.0000  0.0000  0.0000  0.0000  0.0000  1.0000  0.0000  0.0000  0.0000  0.0000  0.0000
 0.0008  0.0000  0.0002  0.0003  0.0002  0.0045  0.0009  0.0001  0.0002  0.0002  0.0004  0.0001  0.0002  0.0005  0.0002  0.0002  1.0000  0.0004  0.0003  0.0002  0.0000  0.0007  0.0000  0.0000  0.0000
 0.1283  0.0000  0.0004  0.0001  0.0003  0.0002  0.0000  0.0001  0.0171  0.0003  0.0015  0.0004  0.0001  0.0004  0.0002  0.0002  0.0003  0.0301  1.0000  0.0000  0.0000  0.0001  0.0000  0.0000  0.0000
 0.0067  0.0000  0.0033  0.0002  0.0002  0.0001  1.0000  0.0000  0.0001  0.0002  0.0002  0.0001  0.0001  0.0005  0.0001  0.0001  0.0010  0.0003  0.0003  0.0000  0.0000  0.0001  0.0000  0.0000  0.0000
 0.0000  0.0000  1.0000  0.0000  0.0000  0.0000  0.0000  0.0000  0.0000  0.0000  0.0000  0.0000  0.0000  0.0000  0.0000  0.0000  0.0000  0.0000  0.0000  0.0000  0.0000  0.0000  0.0000  0.0000  0.0000
 0.0002  0.0000  0.0001  0.0001  0.0001  0.0002  0.0002  0.0000  1.0000  0.0001  0.0010  0.0002  0.0001  0.0001  0.0001  0.0001  0.0001  0.0002  0.0070  0.0001  0.0000  0.0001  0.0000  0.0000  0.0000
 0.0034  0.0000  0.0010  0.0004  0.0009  1.0000  0.0007  0.0006  0.0158  0.0010  0.5705  0.8116  0.0007  0.0014  0.0015  0.0010  0.0049  0.0020  0.0227  0.0032  0.0000  0.0281  0.0000  0.0000  0.0000
 1.0000  0.0000  0.0024  0.0017  0.0021  0.0010  0.1720  0.0004  0.0095  0.0023  0.0057  0.2643  0.0015  0.0060  0.0016  0.0017  0.0336  0.0041  0.0040  0.0003  0.0000  0.0007  0.0000  0.0000  0.0000
 0.0004  0.0000  0.0000  0.0053  1.0000  0.0001  0.0003  0.0001  0.0001  0.0004  0.0001  0.0000  0.0002  0.0003  0.0005  0.0002  0.0002  0.0002  0.0001  0.0000  0.0000  0.0001  0.0000  0.0000  0.0000
 0.0008  0.0000  0.0002  0.0001  0.0002  0.0020  0.0002  0.0002  0.2819  0.0003  1.0000  0.7129  0.0002  0.0003  0.0004  0.0003  0.0002  0.0162  0.0143  0.0002  0.0000  0.0003  0.0000  0.0000  0.0000
 0.0005  0.0000  0.0001  0.0001  0.0001  0.0011  0.0001  0.0001  0.2521  0.0002  1.0000  0.2961  0.0001  0.0002  0.0002  0.0002  0.0002  0.0035  0.0679  0.0001  0.0000  0.0107  0.0000  0.0000  0.0000
 0.2430  0.0000  0.0351  0.3373  0.5462  0.0147  0.3934  0.0358  0.0613  0.3467  0.1003  0.0419  0.3419  0.0809  0.2324  0.1945  0.3726  1.0000  0.0841  0.0051  0.0000  0.0111  0.0000  0.0000  0.0000
 0.0746  0.0000  0.0132  0.2165  0.0899  0.0131  1.0000  0.0631  0.0132  0.2204  0.0305  0.0105  0.3277  0.0524  0.0877  0.8792  0.1685  0.0682  0.0202  0.0077  0.0000  0.0321  0.0000  0.0000  0.0000
 0.0104  0.0000  0.0001  0.0003  0.1765  0.0002  0.0007  0.0009  0.0004  1.0000  0.0010  0.0003  0.0010  0.0008  0.1362  0.3663  0.0069  0.0283  0.0006  0.0002  0.0000  0.0005  0.0000  0.0000  0.0000
 0.0638  0.0000  0.0011  0.0003  0.0009  0.0006  0.0004  0.0002  0.0136  0.0009  0.0037  0.0011  0.0005  1.0000  0.0007  0.0005  0.0015  0.3750  0.0410  0.0001  0.0000  0.0002  0.0000  0.0000  0.0000
 0.0003  0.0000  0.0001  0.0000  0.0001  0.0007  0.0001  0.0000  0.0871  0.0001  1.0000  0.0008  0.0001  0.0001  0.0001  0.0001  0.0001  0.0002  0.0139  0.0001  0.0000  0.0001  0.0000  0.0000  0.0000
 0.0001  0.0000  0.0001  0.0000  0.0000  1.0000  0.0000  0.0000  0.0004  0.0000  0.0050  0.0002  0.0000  0.0001  0.0000  0.0000  0.0001  0.0001  0.0049  0.0005  0.0000  0.0019  0.0000  0.0000  0.0000
 0.0268  0.0000  0.0002  0.0002  0.0005  0.0001  0.0034  0.0003  0.0002  0.0936  0.0004  0.0001  0.0004  1.0000  0.0143  0.0054  0.0061  0.0005  0.0004  0.0001  0.0000  0.0002  0.0000  0.0000  0.0000
 0.0005  0.0000  0.0002  0.0005  0.0003  0.0002  1.0000  0.0002  0.0002  0.0004  0.0004  0.0001  0.0003  0.0008  0.0002  0.0050  0.0004  0.0003  0.0002  0.0002  0.0000  0.0002  0.0000  0.0000  0.0000
 0.0262  0.0000  0.0019  0.0344  0.0057  0.0011  0.0042  0.0021  0.0237  1.0000  0.0037  0.0017  0.1913  0.0054  0.0058  0.4092  0.1762  0.4786  0.0049  0.0007  0.0000  0.0015  0.0000  0.0000  0.0000
 0.0005  0.0000  0.0001  1.0000  0.0603  0.0001  0.0011  0.0400  0.0000  0.0006  0.0001  0.0000  0.0127  0.0003  0.0005  0.0002  0.0008  0.0004  0.0001  0.0000  0.0000  0.0002  0.0000  0.0000  0.0000
 0.0020  0.0000  0.0985  0.0080  0.0024  0.0005  0.0061  1.0000  0.0003  0.0024  0.0006  0.0002  0.0153  0.0015  0.0016  0.0014  0.0045  0.0019  0.0005  0.0003  0.0000  0.7415  0.0000  0.0000  0.0000
 0.0258  0.0000  0.0013  0.0004  0.0011  0.0046  0.0003  0.1236  0.7766  0.0012  0.4172  0.0629  0.0007  0.0016  0.0013  0.0009  0.0011  0.0040  1.0000  0.0006  0.0000  0.0007  0.0000  0.0000  0.0000
 0.0104  0.0000  0.0022  0.6676  0.0418  0.0020  0.0338  1.0000  0.0011  0.0144  0.0023  0.0008  0.4439  0.0082  0.1496  0.0070  0.0414  0.0103  0.0018  0.0010  0.0000  0.0052  0.0000  0.0000  0.0000
 0.0003  0.0000  0.0000  0.0002  0.0004  0.0001  0.0004  0.0033  0.0001  0.0072  0.0003  0.0001  0.0004  0.0003  1.0000  0.0013  0.0003  0.0003  0.0001  0.0001  0.0000  0.0001  0.0000  0.0000  0.0000
 0.0005  0.0000  0.0001  0.0001  0.0001  0.1756  0.0001  0.0001  0.0344  0.0002  1.0000  0.0936  0.0001  0.0002  0.0003  0.0002  0.0001  0.0003  0.0014  0.0002  0.0000  0.0002  0.0000  0.0000  0.0000
 0.0953  0.0000  0.0060  0.0648  0.1084  0.0061  0.0828  0.0163  0.0211  0.9248  0.0468  0.0276  0.5872  0.0317  0.2064  1.0000  0.7091  0.8034  0.0413  0.0025  0.0000  0.0060  0.0000  0.0000  0.0000
 0.0171  0.0000  0.0018  0.0032  0.0883  0.0043  0.0120  0.0670  0.2620  0.1267  1.0000  0.0185  0.0163  0.0132  0.1645  0.3359  0.0236  0.0181  0.0101  0.0028  0.0000  0.0084  0.0000  0.0000  0.0000
 0.0003  0.0000  0.0001  0.0000  0.0001  0.0003  0.0001  0.0000  1.0000  0.0001  0.1247  0.0004  0.0001  0.0001  0.0001  0.0001  0.0001  0.0061  0.0145  0.0000  0.0000  0.0001  0.0000  0.0000  0.0000
 0.3189  0.0000  0.0841  0.0149  0.0468  0.0457  0.0016  0.0124  0.4950  0.0469  0.7120  0.6917  0.0346  0.0664  0.0363  0.0269  0.0461  1.0000  0.7933  0.0069  0.0000  0.0118  0.0000  0.0000  0.0000
 0.0429  0.0000  0.0008  0.1778  1.0000  0.0063  0.0594  0.0018  0.0027  0.2091  0.0044  0.0174  0.1564  0.0040  0.0542  0.1095  0.0667  0.0173  0.0042  0.0003  0.0000  0.0006  0.0000  0.0000  0.0000
 0.0013  0.0000  0.0004  0.0002  0.0003  0.0298  0.0004  0.0001  0.2443  0.0203  1.0000  0.0557  0.0003  0.0004  0.0004  0.0004  0.0004  0.0410  0.5677  0.0003  0.0000  0.0006  0.0000  0.0000  0.0000
 0.0277  0.0000  0.0369  0.0006  0.0017  0.0016  0.0001  0.0004  0.5600  0.0017  1.0000  0.0028  0.0008  0.0024  0.0013  0.0010  0.0017  0.2921  0.3254  0.0003  0.0000  0.0005  0.0000  0.0000  0.0000
 0.0073  0.0000  0.0002  0.0002  0.0002  0.0001  1.0000  0.0001  0.0001  0.0002  0.0002  0.0001  0.0002  0.0005  0.0001  0.0002  0.0009  0.0003  0.0003  0.0001  0.0000  0.0001  0.0000  0.0000  0.0000
 0.0141  0.0000  0.0174  0.0008  0.0005  0.0002  0.0005  0.0097  0.0103  0.0213  0.0006  0.0003  0.0048  0.0102  0.0006  0.0005  0.5388  1.0000  0.0695  0.0001  0.0000  0.0002  0.0000  0.0000  0.0000
 0.0022  0.0000  0.0003  0.0005  0.0005  0.0002  0.0016  0.0002  0.0003  0.0006  0.0008  0.0247  0.0003  1.0000  0.0384  0.0005  0.0011  0.0005  0.0005  0.0001  0.0000  0.0002  0.0000  0.0000  0.0000
 0.2730  0.0000  0.0779  0.9896  0.3755  0.0212  0.3591  0.0268  0.0411  0.2537  0.0663  0.0233  0.3692  0.9527  0.1296  0.2174  1.0000  0.7763  0.0627  0.0038  0.0000  0.0084  0.0000  0.0000  0.0000
 0.2729  0.0000  0.0033  1.0000  0.9784  0.0031  0.0417  0.0075  0.0115  0.1403  0.0810  0.0987  0.0543  0.1979  0.1831  0.0444  0.0963  0.0677  0.0335  0.0011  0.0000  0.0023  0.0000  0.0000  0.0000
 0.4016  0.0000  0.0034  0.6916  1.0000  0.0111  0.0449  0.0282  0.0114  0.0669  0.0184  0.0064  0.0342  0.0303  0.0348  0.0500  0.4511  0.0838  0.0172  0.0013  0.0000  0.0245  0.0000  0.0000  0.0000
 0.3991  0.0000  0.0875  0.0864  0.1011  0.1895  0.0388  0.0597  0.6345  0.0840  0.6715  0.1667  0.0565  0.0973  0.0738  0.0650  0.1132  0.2894  1.0000  0.0285  0.0000  0.1025  0.0000  0.0000  0.0000
 0.0008  0.0000  0.0002  0.0001  0.0002  0.0484  0.0002  0.0001  0.3759  0.0003  1.0000  0.1809  0.0002  0.0003  0.0003  0.0003  0.0003  0.0006  0.1502  0.0002  0.0000  0.0547  0.0000  0.0000  0.0000
 0.5281  0.0000  0.0582  0.5600  0.9669  0.0252  1.0000  0.1484  0.0900  0.6630  0.1532  0.0971  0.4982  0.1312  0.7768  0.3285  0.5421  0.3111  0.1560  0.0085  0.0000  0.1982  0.0000  0.0000  0.0000
 0.6334  0.0000  0.1099  0.4422  0.7201  0.5626  0.3521  0.2161  0.2156  1.0000  0.3656  0.1230  0.4081  0.2340  0.4700  0.5464  0.5934  0.6119  0.3055  0.0566  0.0000  0.2652  0.0000  0.0000  0.0000
 0.0005  0.0000  0.0002  0.0001  0.0001  0.0085  0.0002  0.0001  1.0000  0.0002  0.5029  0.0433  0.0001  0.0002  0.0002  0.0002  0.0002  0.0226  0.1212  0.0001  0.0000  0.0003  0.0000  0.0000  0.0000
 0.7904  0.0000  0.2037  0.7022  0.9863  0.0473  0.3775  0.1339  0.2444  1.0000  0.3023  0.1005  0.5229  0.3011  0.6752  0.8513  0.9482  0.6434  0.2878  0.0163  0.0000  0.0359  0.0000  0.0000  0.0000
 0.0014  0.0000  0.0003  0.0707  0.0012  0.0002  0.0027  0.0008  0.0003  0.0013  0.0003  0.0002  0.3549  0.0009  0.0009  0.0007  1.0000  0.0284  0.0004  0.0001  0.0000  0.0005  0.0000  0.0000  0.0000
 0.0532  0.0000  0.0010  0.3903  1.0000  0.0009  0.0109  0.0586  0.0295  0.1031  0.0172  0.0206  0.0601  0.1196  0.0778  0.1027  0.0138  0.0273  0.0137  0.0003  0.0000  0.0007  0.0000  0.0000  0.0000
 0.2074  0.0000  0.0029  0.3674  0.2699  0.0027  0.0204  0.1077  0.0100  0.4284  0.0161  0.0056  1.0000  0.0147  0.0570  0.1957  0.2959  0.0715  0.0152  0.0009  0.0000  0.0020  0.0000  0.0000  0.0000
 1.0000  0.0000  0.0003  0.0003  0.0003  0.0001  0.0014  0.0001  0.0002  0.0004  0.0003  0.0002  0.0004  0.0008  0.0003  0.0002  0.0384  0.1738  0.0006  0.0001  0.0000  0.0001  0.0000  0.0000  0.0000
 0.0034  0.0000  0.0088  0.0006  0.0047  0.0007  0.0024  0.0030  0.0015  0.3477  0.2068  0.0012  0.0032  0.0026  0.0152  1.0000  0.0027  0.0036  0.0106  0.0005  0.0000  0.0015  0.0000  0.0000  0.0000
 0.0663  0.0000  0.0017  0.0739  0.1063  0.0016  0.0120  0.0234  0.0059  0.3824  0.0320  0.0158  0.4955  0.0087  0.0731  1.0000  0.2347  0.1425  0.0090  0.0005  0.0000  0.0012  0.0000  0.0000  0.0000
 0.0002  0.0000  0.0001  0.0000  0.0000  0.2586  0.0000  0.0000  0.0004  0.0000  0.0009  0.0002  0.0000  0.0001  0.0000  0.0000  0.0001  0.0001  0.0003  0.0008  0.0000  1.0000  0.0000  0.0000  0.0000
 0.0003  0.0000  0.0001  0.0001  0.0001  0.0119  0.0002  0.0000  1.0000  0.0002  0.0793  0.1205  0.0001  0.0001  0.0001  0.0001  0.0002  0.0004  0.4596  0.0001  0.0000  0.0002  0.0000  0.0000  0.0000
 0.0615  0.0000  0.0007  0.0168  0.1076  0.0007  0.0053  0.0017  0.0026  0.6468  0.1043  0.0196  0.0506  0.0039  0.4557  1.0000  0.0463  0.0757  0.0040  0.0002  0.0000  0.0005  0.0000  0.0000  0.0000
 0.0555  0.0000  0.0008  0.0125  0.0206  0.0006  0.0693  0.0601  0.0006  0.0040  0.0009  0.0004  0.0791  0.0026  0.4336  0.0021  1.0000  0.0412  0.0010  0.0003  0.0000  0.0014  0.0000  0.0000  0.0000
 0.0003  0.0000  0.0001  0.0000  0.0001  0.0055  0.0001  0.0001  0.0070  0.0001  1.0000  0.0496  0.0001  0.0001  0.0181  0.0001  0.0001  0.0002  0.0007  0.0001  0.0000  0.0001  0.0000  0.0000  0.0000
 0.0199  0.0000  0.0052  0.0056  0.0003  0.0001  0.0119  0.0001  0.0001  0.0003  0.0003  0.0001  0.0003  1.0000  0.0231  0.0002  0.0060  0.0093  0.0005  0.0000  0.0000  0.0001  0.0000  0.0000  0.0000
 0.4697  0.0000  0.1615  0.2037  0.2932  0.7274  0.2935  0.5986  0.3615  0.6065  0.6484  0.2123  0.3224  0.3059  0.6719  0.4171  0.3828  0.3560  0.5396  0.1592  0.0000  1.0000  0.0000  0.0000  0.0000
 0.4165  0.0000  0.1393  0.1615  0.2146  0.6602  0.2594  0.4968  0.3368  0.3079  0.5475  0.4230  0.2436  0.1607  0.2534  0.5172  0.4089  0.4089  0.4623  0.1516  0.0000  1.0000  0.0000  0.0000  0.0000
 0.0715  0.0000  0.0137  0.0894  0.2980  0.0010  0.0172  0.0024  0.0036  0.2253  0.0114  0.0021  0.0164  1.0000  0.0584  0.1123  0.0502  0.0325  0.0274  0.0003  0.0000  0.0007  0.0000  0.0000  0.0000
 0.0175  0.0000  0.0005  0.0009  0.0069  0.0010  0.1534  0.0486  0.0021  0.8456  0.0050  0.0017  0.0048  0.1201  0.0781  1.0000  0.0041  0.0053  0.0028  0.0008  0.0000  0.0022  0.0000  0.0000  0.0000
 0.2595  0.0000  0.0442  0.1560  0.2477  0.0790  0.1216  0.0856  0.2215  0.7372  0.1612  0.0953  0.1391  0.0809  1.0000  0.5483  0.2309  0.2347  0.4376  0.0219  0.0000  0.1057  0.0000  0.0000  0.0000
 0.0646  0.0000  0.0046  0.7384  0.1225  0.0044  0.0337  0.0257  0.0229  0.1317  0.0257  0.0090  0.4179  1.0000  0.1839  0.0603  0.4233  0.0703  0.0242  0.0015  0.0000  0.0035  0.0000  0.0000  0.0000
 0.0004  0.0000  0.0002  0.0001  0.0001  1.0000  0.0001  0.0000  0.0087  0.0000  0.3587  0.0005  0.0000  0.0001  0.0000  0.0000  0.0003  0.0002  0.0008  0.0524  0.0000  0.0144  0.0000  0.0000  0.0000
 0.9396  0.0000  0.0062  0.1196  0.1567  0.0058  0.0921  0.0423  0.0216  0.4710  0.0402  0.0280  0.1529  0.1088  0.1724  0.5111  1.0000  0.3267  0.1255  0.0020  0.0000  0.0044  0.0000  0.0000  0.0000
 0.5779  0.0000  0.0223  0.5350  1.0000  0.0393  0.2252  0.0748  0.0780  0.6203  0.2633  0.0632  0.5242  0.1145  0.6586  0.6038  0.6998  0.4439  0.2312  0.0072  0.0000  0.0158  0.0000  0.0000  0.0000
 0.2768  0.0000  0.0966  0.1120  0.1490  0.4150  0.2010  0.3028  0.3297  0.6490  1.0000  0.2716  0.1743  0.1115  0.1739  0.5485  0.2188  0.2272  0.7826  0.1010  0.0000  0.6426  0.0000  0.0000  0.0000
 0.0002  0.0000  0.0001  0.0000  0.0000  1.0000  0.0000  0.0000  0.0004  0.0000  0.0437  0.0002  0.0000  0.0001  0.0000  0.0000  0.0001  0.0001  0.0003  0.0134  0.0000  0.1376  0.0000  0.0000  0.0000
 0.0891  0.0000  0.0090  0.0248  0.0628  0.0029  0.0154  0.0484  0.0769  0.2573  0.0719  0.0045  0.0198  1.0000  0.0450  0.1844  0.1101  0.0779  0.0737  0.0009  0.0000  0.0029  0.0000  0.0000  0.0000
 0.1061  0.0000  0.0205  0.2003  0.1423  0.0091  0.6946  0.3889  0.0255  0.2760  0.0552  0.0144  1.0000  0.0360  0.2286  0.2648  0.1663  0.2342  0.0385  0.0029  0.0000  0.0274  0.0000  0.0000  0.0000
 1.0000  0.0000  0.0042  0.0211  0.0062  0.0280  0.0073  0.0120  0.0383  0.0121  0.0247  0.2069  0.0149  0.0048  0.0066  0.0078  0.0175  0.0476  0.3230  0.0041  0.0000  0.0302  0.0000  0.0000  0.0000
 0.0166  0.0000  0.0009  0.3889  0.1656  0.0008  0.0128  0.3123  0.0030  0.0213  0.0279  0.0017  1.0000  0.0234  0.1032  0.0084  0.6417  0.0569  0.0204  0.0003  0.0000  0.0006  0.0000  0.0000  0.0000
 0.0538  0.0000  0.0001  0.0352  0.0231  0.0001  0.0129  0.0003  0.0033  0.0091  0.0006  0.0002  0.0010  1.0000  0.0057  0.0089  0.0460  0.0032  0.0095  0.0000  0.0000  0.0001  0.0000  0.0000  0.0000
 0.7533  0.0000  0.0506  0.6561  1.0000  0.0523  0.4083  0.1152  0.1856  0.9094  0.5414  0.1165  0.4753  0.2599  0.6273  0.5009  0.7275  0.5542  0.2843  0.0164  0.0000  0.0364  0.0000  0.0000  0.0000
 1.0000  0.0000  0.0002  0.0002  0.0002  0.0001  0.0013  0.0000  0.0001  0.0002  0.0002  0.0001  0.0001  0.0060  0.0002  0.0063  0.0142  0.0004  0.0106  0.0000  0.0000  0.0001  0.0000  0.0000  0.0000
 0.0532  0.0000  0.0004  0.0002  0.0003  0.0009  0.0002  0.0001  1.0000  0.0004  0.3136  0.0561  0.0002  0.0004  0.0002  0.0003  0.0004  0.0182  0.7103  0.0001  0.0000  0.0003  0.0000  0.0000  0.0000
 0.0004  0.0000  0.0060  1.0000  0.0126  0.0001  0.0041  0.0098  0.0000  0.0006  0.0001  0.0000  0.0569  0.0003  0.0076  0.0003  0.0181  0.0004  0.0001  0.0000  0.0000  0.0002  0.0000  0.0000  0.0000
 0.0003  0.0000  0.0001  0.0000  0.0001  0.0185  0.0001  0.0062  0.0081  0.0001  1.0000  0.0009  0.0001  0.0001  0.0001  0.0001  0.0001  0.0002  0.0221  0.0001  0.0000  0.0001  0.0000  0.0000  0.0000
 0.0354  0.0000  0.0043  0.0001  0.0002  0.0044  0.0001  0.0001  0.0971  0.0002  1.0000  0.0483  0.0001  0.0003  0.0003  0.0002  0.0002  0.0005  0.1630  0.0001  0.0000  0.0002  0.0000  0.0000  0.0000
 0.0272  0.0000  0.0002  0.2152  1.0000  0.0002  0.0515  0.0005  0.0007  0.0171  0.0055  0.0004  0.0020  0.0012  0.0915  0.0058  0.0210  0.0145  0.0011  0.0001  0.0000  0.0082  0.0000  0.0000  0.0000
 0.0006  0.0000  0.0001  0.0001  0.0043  0.0001  0.0004  0.0066  0.0003  1.0000  0.0100  0.0002  0.0169  0.0005  0.0377  0.3542  0.0032  0.0045  0.0003  0.0001  0.0000  0.0003  0.0000  0.0000  0.0000
 0.0008  0.0000  0.0057  0.0001  0.0001  0.0005  0.0003  0.0001  0.0010  0.0002  0.0543  1.0000  0.0002  0.0003  0.0002  0.0001  0.0057  0.0222  0.0008  0.0001  0.0000  0.0001  0.0000  0.0000  0.0000
 0.0000  0.0000  0.0000  0.0000  0.0000  0.0000  0.0000  0.0000  0.0000  0.0000  1.0000  0.0000  0.0000  0.0000  0.0000  0.0000  0.0000  0.0000  0.0000  0.0000  0.0000  0.0000  0.0000  0.0000  0.0000
 0.1198  0.0000  0.0137  0.0863  0.3358  0.0481  0.0369  0.0627  0.1424  0.0565  0.0944  0.0285  0.0671  0.0244  0.0785  0.0492  0.0883  0.5089  1.0000  0.0128  0.0000  0.0872  0.0000  0.0000  0.0000
 0.0010  0.0000  0.0003  0.0001  0.0003  1.0000  0.0002  0.0002  0.0190  0.0003  0.5878  0.0197  0.0002  0.0004  0.0005  0.0003  0.0003  0.0006  0.0079  0.0003  0.0000  0.0004  0.0000  0.0000  0.0000
 0.0004  0.0000  0.0001  1.0000  0.0006  0.0001  0.0048  0.0004  0.0000  0.0005  0.0001  0.0000  0.1357  0.0003  0.0004  0.0003  0.0069  0.0004  0.0031  0.0000  0.0000  0.0002  0.0000  0.0000  0.0000
 0.1609  0.0000  0.0076  0.0091  0.0008  0.0004  0.0012  0.0003  0.0080  0.0010  0.0018  0.0007  0.0014  1.0000  0.0008  0.0006  0.0963  0.1017  0.0852  0.0002  0.0000  0.0003  0.0000  0.0000  0.0000
 0.3898  0.0000  0.0243  1.0000  0.6404  0.0157  0.1197  0.1415  0.0588  0.7594  0.1797  0.0389  0.3911  0.0863  0.1920  0.5866  0.7610  0.4045  0.2132  0.0054  0.0000  0.0119  0.0000  0.0000  0.0000
 0.0105  0.0000  0.0089  0.0022  0.0125  0.0004  0.0117  0.0096  0.0008  1.0000  0.0035  0.0005  0.0237  0.0010  0.1652  0.2609  0.0206  0.0451  0.0034  0.0001  0.0000  0.0117  0.0000  0.0000  0.0000
 0.0000  0.0000  0.0000  0.0000  0.0000  0.0000  0.0000  0.0000  0.0000  0.0000  0.0000  0.0000  0.0000  0.0000  0.0000  1.0000  0.0000  0.0000  0.0000  0.0000  0.0000  0.0000  0.0000  0.0000  0.0000
 0.0113  0.0000  0.0004  0.0001  0.0003  0.0003  0.0000  0.0001  1.0000  0.0003  0.1343  0.0005  0.0002  0.0400  0.0002  0.0002  0.0003  0.0054  0.1008  0.0000  0.0000  0.0001  0.0000  0.0000  0.0000
 0.0056  0.0000  0.0003  0.0304  0.0256  0.0002  0.0177  0.0006  0.0005  0.0192  0.0008  0.0003  0.0296  0.0070  0.0017  0.0375  0.2008  1.0000  0.0008  0.0001  0.0000  0.0003  0.0000  0.0000  0.0000
 0.9312  0.0000  0.0043  0.0087  0.0033  0.0022  0.0019  0.0008  0.0328  0.0032  0.0143  0.0044  0.0016  0.0050  0.0024  0.0019  0.0045  0.0146  1.0000  0.0004  0.0000  0.0007  0.0000  0.0000  0.0000
 0.3858  0.0000  0.0056  0.2793  1.0000  0.0052  0.1036  0.0369  0.0446  0.1210  0.0426  0.0242  0.0514  0.0285  0.0646  0.0545  0.2017  0.3442  0.0453  0.0018  0.0000  0.0040  0.0000  0.0000  0.0000
 0.0162  0.0000  0.0001  0.1742  1.0000  0.0002  0.0476  0.0006  0.0002  0.0017  0.0004  0.0001  0.0106  0.0010  0.2769  0.0074  0.0074  0.0008  0.0004  0.0001  0.0000  0.0003  0.0000  0.0000  0.0000
 1.0000  0.0000  0.0002  0.0002  0.0002  0.0001  0.0136  0.0000  0.0001  0.0002  0.0002  0.0001  0.0001  0.0005  0.0001  0.0001  0.0258  0.0004  0.0030  0.0000  0.0000  0.0001  0.0000  0.0000  0.0000
 0.0002  0.0000  0.0001  0.0000  0.0001  0.0006  0.0000  0.0000  0.0010  0.0001  1.0000  0.0187  0.0001  0.0001  0.0001  0.0001  0.0001  0.0001  0.0006  0.0001  0.0000  0.0001  0.0000  0.0000  0.0000
 1.0000  0.0000  0.1452  0.0483  0.2630  0.0019  0.0305  0.0404  0.0071  0.1064  0.0114  0.0040  0.0749  0.0104  0.0942  0.0198  0.1612  0.0803  0.0399  0.0006  0.0000  0.0014  0.0000  0.0000  0.0000
 0.0004  0.0000  0.0001  0.0043  0.0006  0.0003  0.0004  1.0000  0.0005  0.0006  0.0090  0.0059  0.0006  0.0002  0.0065  0.0005  0.0004  0.0003  0.0004  0.0001  0.0000  0.0039  0.0000  0.0000  0.0000
 0.0645  0.0000  0.0001  0.0171  0.1094  0.0001  0.0007  0.0003  0.0003  0.0017  0.0058  0.0002  0.0034  1.0000  0.0128  0.0158  0.0110  0.0009  0.0065  0.0001  0.0000  0.0002  0.0000  0.0000  0.0000
 0.0001  0.0000  0.0001  0.0000  0.0000  0.0658  0.0000  0.0000  0.0003  0.0000  0.0044  0.0001  0.0000  0.0000  0.0000  0.0000  0.0001  0.0001  0.0003  0.0065  0.0000  1.0000  0.0000  0.0000  0.0000
 0.0009  0.0000  0.0002  0.0001  0.0002  0.3119  0.0002  0.0002  0.0047  0.0003  1.0000  0.1970  0.0002  0.0004  0.0005  0.0003  0.0142  0.0005  0.0454  0.0003  0.0000  0.0003  0.0000  0.0000  0.0000
 1.0000  0.0000  0.0045  0.0846  0.7435  0.0042  0.0323  0.0103  0.0364  0.1494  0.0315  0.0090  0.0673  0.0233  0.1133  0.0533  0.5129  0.1444  0.0722  0.0015  0.0000  0.0032  0.0000  0.0000  0.0000
 0.1730  0.0000  0.0026  0.0300  0.1476  0.0024  0.0183  0.0059  0.0090  0.4131  0.0324  0.0458  0.1095  1.0000  0.6427  0.1875  0.7964  0.0559  0.0137  0.0008  0.0000  0.0019  0.0000  0.0000  0.0000
 0.0045  0.0000  0.0012  0.0007  0.0013  0.1674  0.0012  0.0123  0.0202  0.0017  1.0000  0.0134  0.0013  0.0019  0.0024  0.0017  0.0016  0.0027  0.0114  0.0168  0.0000  0.9799  0.0000  0.0000  0.0000
 0.1320  0.0000  0.0008  0.0011  0.0019  0.0103  0.0020  1.0000  0.0018  0.0045  0.0032  0.0011  0.0020  0.0013  0.0069  0.0867  0.0263  0.0022  0.0024  0.0008  0.0000  0.1270  0.0000  0.0000  0.0000
 0.0035  0.0000  0.0001  1.0000  0.1082  0.0001  0.0156  0.0003  0.0000  0.0006  0.0001  0.0000  0.0219  0.0003  0.0005  0.0002  0.0008  0.0004  0.0001  0.0000  0.0000  0.0002  0.0000  0.0000  0.0000
 0.2173  0.0000  0.0303  0.0087  0.0743  0.0202  0.0029  0.0095  0.5352  0.0285  0.1365  0.0322  0.0174  1.0000  0.0187  0.0153  0.0253  0.1482  0.4088  0.0039  0.0000  0.0167  0.0000  0.0000  0.0000
 0.3995  0.0000  0.0044  0.6992  0.6546  0.0041  0.0962  0.0108  0.0126  0.0626  0.0201  0.0072  0.9525  0.0209  0.0585  0.0348  1.0000  0.8933  0.0473  0.0016  0.0000  0.0492  0.0000  0.0000  0.0000
 0.0455  0.0000  0.0070  1.0000  0.2094  0.0002  0.0040  0.0004  0.0006  0.0131  0.0158  0.0004  0.0017  0.0010  0.0071  0.0018  0.0104  0.0139  0.0216  0.0001  0.0000  0.0002  0.0000  0.0000  0.0000
 0.0006  0.0000  0.0000  0.0212  1.0000  0.0001  0.0004  0.0002  0.0001  0.0006  0.0001  0.0001  0.0358  0.0047  0.0008  0.0002  0.0004  0.0003  0.0001  0.0000  0.0000  0.0001  0.0000  0.0000  0.0000
 0.0094  0.0000  0.0002  0.0003  0.0005  0.0001  0.0006  0.0051  0.0003  0.0019  0.0069  0.0002  0.0007  1.0000  0.0467  0.0053  0.0060  0.0782  0.0005  0.0001  0.0000  0.0002  0.0000  0.0000  0.0000
 0.2988  0.0000  0.0493  0.2252  0.7889  0.0172  0.1711  0.0417  0.4076  0.3421  0.1035  0.0363  0.1962  0.2146  0.2254  0.1798  0.4409  0.6197  1.0000  0.0059  0.0000  0.0131  0.0000  0.0000  0.0000
 1.0000  0.0000  0.6259  0.0017  0.0021  0.0009  0.0471  0.0004  0.0010  0.0023  0.0023  0.0011  0.0015  0.0155  0.0016  0.0017  0.1824  0.0041  0.0228  0.0003  0.0000  0.0007  0.0000  0.0000  0.0000
 0.2639  0.0000  0.0106  0.3082  1.0000  0.0099  0.0757  0.0594  0.0476  0.2056  0.0809  0.0211  0.0985  0.6937  0.4354  0.1354  0.3138  0.2922  0.0568  0.0034  0.0000  0.0075  0.0000  0.0000  0.0000
 0.0257  0.0000  0.0006  0.0042  0.0361  0.0060  0.0031  0.0071  0.0019  0.2324  0.0983  0.0011  0.0039  1.0000  0.0315  0.0113  0.0204  0.0171  0.0127  0.0004  0.0000  0.0017  0.0000  0.0000  0.0000
 0.0008  0.0000  0.0053  0.0001  0.0002  1.0000  0.0002  0.0003  0.1183  0.0003  0.0769  0.0194  0.0002  0.0003  0.0004  0.0003  0.0032  0.0005  0.0083  0.0006  0.0000  0.4385  0.0000  0.0000  0.0000
 0.0138  0.0000  0.0005  1.0000  0.0797  0.0005  0.0038  0.0176  0.0103  0.0494  0.0076  0.0011  0.1461  0.0453  0.0060  0.0245  0.4202  0.0438  0.0324  0.0002  0.0000  0.0004  0.0000  0.0000  0.0000
 0.4392  0.0000  0.1308  0.4684  0.6427  1.0000  0.2664  0.4470  0.3130  0.2956  0.6031  0.1694  0.2530  0.2176  0.4830  0.2804  0.3279  0.3172  0.3850  0.3040  0.0000  0.7441  0.0000  0.0000  0.0000
 0.0319  0.0000  0.0009  1.0000  0.1946  0.0008  0.0569  0.0487  0.0004  0.0057  0.0009  0.0003  0.0968  0.0033  0.0040  0.0028  0.9808  0.0620  0.0007  0.0004  0.0000  0.0021  0.0000  0.0000  0.0000
 0.0021  0.0000  0.0007  0.0147  0.0011  1.0000  0.0014  0.0023  0.0801  0.0012  0.0898  0.0575  0.0013  0.0070  0.0012  0.0108  0.0110  0.0154  0.0292  0.0008  0.0000  0.0114  0.0000  0.0000  0.0000
 0.0049  0.0000  0.0001  0.2040  1.0000  0.0660  0.0024  0.0013  0.0006  0.0050  0.0011  0.0004  0.2027  0.0107  0.0119  0.0014  0.0029  0.0022  0.0011  0.0002  0.0000  0.0007  0.0000  0.0000  0.0000
 0.1714  0.0000  0.0047  1.0000  0.5062  0.0239  0.1049  0.1247  0.0166  0.2045  0.1197  0.0094  0.1730  0.0243  0.8572  0.1243  0.2484  0.0746  0.0586  0.0015  0.0000  0.0034  0.0000  0.0000  0.0000
 0.8978  0.0000  0.1139  0.6345  1.0000  0.3282  0.4581  0.3332  0.3123  0.9292  0.5209  0.1930  0.5513  0.3500  0.6413  0.6024  0.7890  0.6488  0.4449  0.0887  0.0000  0.4204  0.0000  0.0000  0.0000
 0.2714  0.0000  0.0018  1.0000  0.4040  0.0016  0.0602  0.0466  0.0061  0.1252  0.0099  0.0110  0.1196  0.0526  0.0407  0.0235  0.3368  0.0683  0.0094  0.0006  0.0000  0.0209  0.0000  0.0000  0.0000
 0.0031  0.0000  0.0338  0.0155  0.0017  0.1038  0.0020  0.0094  0.0755  0.0018  1.0000  0.0092  0.0054  0.0013  0.0154  0.0729  0.0111  0.0024  0.0031  0.0011  0.0000  0.0164  0.0000  0.0000  0.0000
 0.4630  0.0000  0.0312  0.5124  0.6254  0.0292  0.3860  0.0710  0.1149  0.5679  0.2167  0.0619  0.3335  0.6516  0.3447  0.3186  0.7862  1.0000  0.1783  0.0100  0.0000  0.0222  0.0000  0.0000  0.0000
 0.6669  0.0000  0.0473  0.5514  1.0000  0.0456  0.3366  0.1079  0.2053  0.8338  0.2869  0.0949  0.4348  0.2446  0.5227  0.4749  0.6454  0.5039  0.3424  0.0155  0.0000  0.0359  0.0000  0.0000  0.0000
 0.0352  0.0000  0.0003  0.6710  1.0000  0.0004  0.0023  0.0066  0.0011  0.0058  0.0279  0.0006  0.0133  0.0176  0.0376  0.0029  0.0633  0.0151  0.0086  0.0001  0.0000  0.0004  0.0000  0.0000  0.0000
 0.1517  0.0000  0.0075  0.2885  0.9466  0.0070  0.1242  0.2199  0.0264  0.4564  0.0775  0.1519  0.2647  0.0387  1.0000  0.1337  0.1305  0.6750  0.0791  0.0024  0.0000  0.0053  0.0000  0.0000  0.0000
 0.0220  0.0000  0.0059  0.0030  0.0058  0.0574  0.0051  0.0040  0.6949  0.0078  0.5973  0.2680  0.0056  0.0088  0.0106  0.0076  0.0066  0.0143  0.1617  1.0000  0.0000  0.0085  0.0000  0.0000  0.0000
 0.0004  0.0000  0.0000  0.0001  0.0005  0.0001  0.0004  0.0003  0.0002  1.0000  0.0004  0.0001  0.0004  0.0004  0.0009  0.2367  0.0003  0.0004  0.0002  0.0001  0.0000  0.0002  0.0000  0.0000  0.0000
 0.0652  0.0000  0.0031  0.1990  1.0000  0.0029  0.0369  0.0070  0.1349  0.1630  0.0240  0.0132  0.0283  0.0157  0.1984  0.1797  0.0875  0.0552  0.1679  0.0010  0.0000  0.0052  0.0000  0.0000  0.0000
 0.0048  0.0000  0.0017  0.0020  0.0026  0.0178  0.0031  0.0852  0.0732  0.0418  1.0000  0.5282  0.0029  0.0089  0.0137  0.0359  0.0084  0.0037  0.0495  0.0018  0.0000  0.0506  0.0000  0.0000  0.0000
 0.0136  0.0000  0.0006  0.0003  0.0005  0.0122  0.0004  0.0001  1.0000  0.0006  0.0425  0.3750  0.0003  0.0005  0.0003  0.0004  0.0006  0.2488  0.3468  0.0002  0.0000  0.0006  0.0000  0.0000  0.0000
 0.0017  0.0000  0.0006  0.0007  0.0009  0.2495  0.0011  0.0360  0.0111  0.0010  0.0389  0.0054  0.0010  0.0007  0.0010  0.0103  0.0013  0.0013  0.0019  0.4147  0.0000  1.0000  0.0000  0.0000  0.0000
 0.1331  0.0000  0.0071  0.4421  0.9072  0.0066  0.0506  0.0769  0.0249  0.9171  0.0730  0.0396  0.5294  0.0365  0.7199  1.0000  0.8629  0.2554  0.0379  0.0023  0.0000  0.0050  0.0000  0.0000  0.0000
 0.0078  0.0000  0.0000  0.0128  1.0000  0.0001  0.0002  0.0001  0.0001  0.0006  0.0068  0.0001  0.0002  0.0004  0.0114  0.0002  0.0003  0.0003  0.0043  0.0000  0.0000  0.0001  0.0000  0.0000  0.0000
 0.3602  0.0000  0.0029  0.0025  0.0027  0.0118  0.0556  0.0003  1.0000  0.0040  0.1163  0.2192  0.0030  0.0026  0.0015  0.0032  0.3273  0.1369  0.6230  0.0015  0.0000  0.0057  0.0000  0.0000  0.0000
 0.0791  0.0000  0.0400  0.0094  0.0586  0.0116  0.0237  0.0287  0.2167  0.0230  1.0000  0.1378  0.0097  0.0059  0.0619  0.0253  0.0514  0.1439  0.2961  0.0031  0.0000  0.0162  0.0000  0.0000  0.0000
 0.9473  0.0000  0.1366  0.6835  1.0000  0.4006  0.4866  0.3963  0.3570  0.9515  0.5883  0.2021  0.6186  0.3340  0.6437  0.6417  0.8740  0.6817  0.4960  0.1083  0.0000  0.5471  0.0000  0.0000  0.0000
 0.0003  0.0000  0.0001  0.0000  0.0001  1.0000  0.0000  0.0000  0.0159  0.0000  0.1018  0.0159  0.0000  0.0001  0.0000  0.0000  0.0002  0.0002  0.0006  0.0116  0.0000  0.2454  0.0000  0.0000  0.0000
 0.0755  0.0000  0.0056  0.0920  0.2101  0.0061  0.0394  0.8655  0.0192  0.6925  0.0314  0.0110  1.0000  0.0282  0.2613  0.1313  0.2065  0.0826  0.1865  0.0021  0.0000  0.0131  0.0000  0.0000  0.0000
 0.0083  0.0000  0.0081  0.0085  0.0131  0.0095  0.0012  0.0011  0.0009  0.0106  0.0015  0.0005  0.0402  1.0000  0.0091  0.0121  0.0161  0.0242  0.0013  0.0003  0.0000  0.0085  0.0000  0.0000  0.0000
 0.5663  0.0000  0.0354  1.0000  0.9721  0.0331  0.2634  0.1021  0.1241  0.6369  0.3219  0.0702  0.3538  0.7951  0.5071  0.3677  0.5279  0.4829  0.3279  0.0114  0.0000  0.0251  0.0000  0.0000  0.0000
 0.4126  0.0000  0.0199  0.3745  0.3489  0.0527  0.1158  0.0512  0.0917  0.2254  0.1094  0.1076  0.1265  1.0000  0.3399  0.1350  0.2062  0.1481  0.3347  0.0119  0.0000  0.0519  0.0000  0.0000  0.0000
 0.6788  0.0000  0.1803  0.2550  0.3570  0.7392  0.3701  0.5486  0.4503  0.3643  0.7298  0.2558  0.3544  0.3171  0.3396  0.3880  0.5048  0.4478  0.5493  0.1852  0.0000  1.0000  0.0000  0.0000  0.0000
 0.8827  0.0000  0.1199  0.7365  1.0000  0.3935  0.4657  0.3115  0.3136  0.9514  0.5178  0.1823  0.5797  0.3222  0.6714  0.5947  0.8398  0.6652  0.4450  0.0848  0.0000  0.4280  0.0000  0.0000  0.0000
 1.0000  0.0000  0.0248  0.2903  0.6621  0.0235  0.4407  0.0565  0.1462  0.4308  0.1401  0.1111  0.2857  0.1654  0.7384  0.2878  0.5585  0.2849  0.1782  0.0081  0.0000  0.0181  0.0000  0.0000  0.0000
 0.3770  0.0000  0.0223  0.6965  1.0000  0.0209  0.1877  0.0507  0.1302  0.4786  0.1261  0.0733  0.3810  0.1146  0.8303  0.2192  0.3381  0.2395  0.2052  0.0072  0.0000  0.0159  0.0000  0.0000  0.0000
 0.6738  0.0000  0.0476  0.5623  1.0000  0.0467  0.3345  0.1086  0.1770  0.8155  0.3108  0.0965  0.4674  0.2412  0.5327  0.4609  0.6860  0.5090  0.2905  0.0158  0.0000  0.0375  0.0000  0.0000  0.0000
 0.0167  0.0000  0.0041  0.0049  0.0650  0.0327  0.0248  0.0067  0.0726  0.0117  1.0000  0.6975  0.0064  0.0072  0.0910  0.0105  0.0090  0.1320  0.0327  0.0047  0.0000  0.0109  0.0000  0.0000  0.0000
 0.0735  0.0000  0.0002  0.0536  1.0000  0.0010  0.0041  0.0027  0.0014  0.1154  0.0025  0.0010  0.0046  0.0068  0.2020  0.0032  0.0057  0.0050  0.0026  0.0005  0.0000  0.0013  0.0000  0.0000  0.0000
 0.0155  0.0000  0.0028  0.0311  0.0103  0.0019  0.0247  0.0068  0.0022  0.0108  0.0031  0.0014  0.2892  0.0082  0.0073  0.0060  1.0000  0.0266  0.0040  0.0010  0.0000  0.0038  0.0000  0.0000  0.0000
//
