WARNING! S229 not allowed! score: 0.04 median: 3.16 # of sequence: 393
WARNING! M230 not allowed! score: 0.05 median: 3.16 # of sequence: 393
ID   UNK_ID; MATRIX
AC   UNK_AC
DE   UNK_DE
MA   UNK_BL
  A   B   C   D   E   F   G   H   I   K   L   M   N   P   Q   R   S   T   V   W   X   Y   Z   *   -
 0.0004  0.0000  0.0001  0.0000  0.0001  0.0009  0.0001  0.0001  0.0018  0.0001  0.1135  1.0000  0.0001  0.0002  0.0002  0.0001  0.0001  0.0002  0.0497  0.0001  0.0000  0.0001  0.0000  0.0000  0.0000
 0.0538  0.0000  0.0005  0.4819  1.0000  0.0005  0.0068  0.0090  0.0018  0.0204  0.0336  0.0010  0.0437  0.0026  0.1581  0.0198  0.0691  0.0184  0.0027  0.0002  0.0000  0.0052  0.0000  0.0000  0.0000
 0.1352  0.0000  0.0396  0.7486  0.3313  0.0052  0.0630  0.0245  0.0194  1.0000  0.0314  0.0319  0.9402  0.0285  0.6508  0.4603  0.1746  0.0596  0.0504  0.0018  0.0000  0.0039  0.0000  0.0000  0.0000
 0.0002  0.0000  0.0001  0.0000  0.0001  0.4929  0.0000  0.0000  0.0005  0.0000  0.0012  0.0002  0.0000  0.0001  0.0000  0.0000  0.0002  0.0001  0.0005  0.0012  0.0000  1.0000  0.0000  0.0000  0.0000
 0.0452  0.0000  0.0017  0.1027  0.8217  0.0016  0.0122  0.1214  0.0577  0.1287  0.1067  0.0101  0.0275  0.0088  1.0000  0.0168  0.0572  0.1272  0.0554  0.0006  0.0000  0.0013  0.0000  0.0000  0.0000
 0.0007  0.0000  0.0001  0.0001  0.0053  0.0001  0.0294  0.0006  0.0003  1.0000  0.0007  0.0002  0.0043  0.0005  0.1469  0.2003  0.0006  0.0007  0.0004  0.0001  0.0000  0.0003  0.0000  0.0000  0.0000
 0.0043  0.0000  0.0009  0.0003  0.0133  0.0027  0.0003  0.0003  0.5501  0.0009  1.0000  0.1066  0.0005  0.0010  0.0469  0.0006  0.0008  0.0330  0.4156  0.0003  0.0000  0.0006  0.0000  0.0000  0.0000
 0.0058  0.0000  0.0000  0.0085  1.0000  0.0001  0.0040  0.0002  0.0001  0.0007  0.0041  0.0001  0.0356  0.0004  0.0008  0.0002  0.0005  0.0003  0.0001  0.0000  0.0000  0.0001  0.0000  0.0000  0.0000
 0.0003  0.0000  0.0000  0.0001  0.0004  0.0001  0.0002  0.0002  0.0001  1.0000  0.0003  0.0001  0.0029  0.0002  0.0006  0.0118  0.0002  0.0003  0.0002  0.0000  0.0000  0.0001  0.0000  0.0000  0.0000
 0.0151  0.0000  0.0001  0.0001  0.0001  0.0005  0.0001  0.0000  1.0000  0.0001  0.2208  0.0005  0.0001  0.0001  0.0001  0.0001  0.0001  0.0004  0.2306  0.0001  0.0000  0.0002  0.0000  0.0000  0.0000
 0.0005  0.0000  0.0002  0.0350  0.0004  0.0002  1.0000  0.0003  0.0002  0.0004  0.0003  0.0001  0.0007  0.0007  0.0003  0.0004  0.0005  0.0003  0.0002  0.0002  0.0000  0.0002  0.0000  0.0000  0.0000
 0.0057  0.0000  0.0001  0.0010  1.0000  0.0001  0.0005  0.0001  0.0001  0.0004  0.0002  0.0001  0.0002  0.0004  0.0005  0.0002  0.0004  0.0002  0.0002  0.0001  0.0000  0.0001  0.0000  0.0000  0.0000
 0.0000  0.0000  0.0000  0.0000  0.0000  0.0000  1.0000  0.0000  0.0000  0.0000  0.0000  0.0000  0.0000  0.0000  0.0000  0.0000  0.0000  0.0000  0.0000  0.0000  0.0000  0.0000  0.0000  0.0000  0.0000
 0.0043  0.0000  0.0001  0.0001  0.0001  0.0002  0.0003  0.0001  0.0005  0.0002  0.0067  0.0025  0.0002  0.0003  0.0001  0.0001  0.0010  1.0000  0.0008  0.0000  0.0000  0.0001  0.0000  0.0000  0.0000
 0.0002  0.0000  0.0002  0.0002  0.0001  0.0019  0.0004  0.0001  0.0003  0.0001  0.0005  0.0001  0.0001  0.0002  0.0001  0.0001  0.0001  0.0059  0.0003  0.0005  0.0000  1.0000  0.0000  0.0000  0.0000
 0.1272  0.0000  0.0002  0.0002  0.0002  0.0001  1.0000  0.0001  0.0001  0.0002  0.0003  0.0001  0.0002  0.0006  0.0002  0.0002  0.0012  0.0004  0.0004  0.0000  0.0000  0.0001  0.0000  0.0000  0.0000
 0.0058  0.0000  0.0012  0.0003  0.0009  0.0012  0.0002  0.0002  0.0645  0.1273  0.0421  0.0018  0.0005  0.0012  0.0007  0.0006  0.0010  0.3078  1.0000  0.0002  0.0000  0.0005  0.0000  0.0000  0.0000
 0.0000  0.0000  0.0000  0.0000  0.0000  0.0000  0.0000  0.0000  0.0000  0.0000  0.0000  0.0000  0.0000  0.0000  0.0000  0.0000  0.0000  0.0000  1.0000  0.0000  0.0000  0.0000  0.0000  0.0000  0.0000
 0.0002  0.0000  0.0001  0.0000  0.0000  0.2517  0.0000  0.0000  0.0004  0.0000  0.0009  0.0002  0.0000  0.0001  0.0000  0.0000  0.0001  0.0001  0.0003  0.0008  0.0000  1.0000  0.0000  0.0000  0.0000
 0.0003  0.0000  0.0000  0.0001  0.0004  0.0001  0.0003  0.0003  0.0001  1.0000  0.0003  0.0001  0.0003  0.0003  0.0006  0.0489  0.0002  0.0003  0.0002  0.0001  0.0000  0.0001  0.0000  0.0000  0.0000
 1.0000  0.0000  0.0114  0.0004  0.0005  0.0002  0.4431  0.0001  0.0002  0.0005  0.0005  0.0002  0.0003  0.0014  0.0004  0.0004  0.0150  0.0009  0.0009  0.0001  0.0000  0.0002  0.0000  0.0000  0.0000
 0.0029  0.0000  0.0170  0.0005  0.0244  0.0006  0.0019  0.0024  0.0297  0.5795  0.0971  0.0009  0.0026  0.0021  0.1032  1.0000  0.0022  0.0089  0.0190  0.0004  0.0000  0.0012  0.0000  0.0000  0.0000
 0.0031  0.0000  0.0132  1.0000  0.1396  0.0006  0.0110  0.2174  0.0003  0.0044  0.0007  0.0002  0.9551  0.0025  0.0030  0.0022  0.0297  0.0033  0.0068  0.0003  0.0000  0.0017  0.0000  0.0000  0.0000
 0.0372  0.0000  0.0388  0.0360  0.0357  0.0037  0.0145  0.0062  0.0300  0.9033  0.2512  0.0289  0.1430  0.0113  0.0227  1.0000  0.0755  0.1877  0.0124  0.0013  0.0000  0.0041  0.0000  0.0000  0.0000
 0.7746  0.0000  0.0493  0.6145  1.0000  0.0495  0.3563  0.2327  0.2045  0.9359  0.3447  0.1058  0.4866  0.2491  0.6770  0.5214  0.7183  0.5750  0.3870  0.0167  0.0000  0.0659  0.0000  0.0000  0.0000
 0.0017  0.0000  0.0004  0.0404  0.0019  0.0003  0.0075  0.0124  0.0003  0.0019  0.0004  0.0002  0.1137  0.0712  0.0072  0.0010  0.1132  1.0000  0.0005  0.0002  0.0000  0.0007  0.0000  0.0000  0.0000
 0.0037  0.0000  0.0009  0.0439  0.0037  0.0028  1.0000  0.0637  0.0019  0.0256  0.0248  0.0364  0.3624  0.0021  0.0312  0.0126  0.0047  0.0090  0.0024  0.0087  0.0000  0.0043  0.0000  0.0000  0.0000
 0.0558  0.0000  0.0005  0.0448  1.0000  0.0004  0.0134  0.0117  0.0017  0.1004  0.0073  0.0010  0.0290  0.0025  0.4653  0.3428  0.0238  0.0323  0.0026  0.0002  0.0000  0.0003  0.0000  0.0000  0.0000
 0.0116  0.0000  0.0016  0.0090  0.0020  0.1024  0.0020  0.0030  1.0000  0.0021  0.3132  0.1228  0.0020  0.0166  0.0019  0.0022  0.0200  0.3284  0.3728  0.0011  0.0000  0.0146  0.0000  0.0000  0.0000
 0.0166  0.0000  0.0165  0.0001  0.0002  0.0386  0.0001  0.0000  0.1800  0.0002  0.0085  0.0004  0.0001  0.0002  0.0001  0.0001  0.0130  0.0009  1.0000  0.0000  0.0000  0.0001  0.0000  0.0000  0.0000
 1.0000  0.0000  0.0002  0.0002  0.0002  0.0001  0.0011  0.0000  0.0001  0.0002  0.0002  0.0001  0.0001  0.0005  0.0001  0.0002  0.0010  0.0035  0.0003  0.0000  0.0000  0.0001  0.0000  0.0000  0.0000
 0.0003  0.0000  0.0001  0.0000  0.0001  0.0007  0.0001  0.0001  0.0013  0.0001  1.0000  0.1694  0.0001  0.0001  0.0001  0.0001  0.0001  0.0002  0.0007  0.0001  0.0000  0.0001  0.0000  0.0000  0.0000
 0.0000  0.0000  0.0000  0.0000  0.0000  0.0000  0.0000  0.0000  0.0000  1.0000  0.0000  0.0000  0.0000  0.0000  0.0000  0.0000  0.0000  0.0000  0.0000  0.0000  0.0000  0.0000  0.0000  0.0000  0.0000
 0.0008  0.0000  0.0060  0.0002  0.1531  0.0001  0.0147  0.0006  0.0003  1.0000  0.0007  0.0002  0.0007  0.0006  0.0017  0.2026  0.0006  0.0050  0.0004  0.0001  0.0000  0.0003  0.0000  0.0000  0.0000
 0.0003  0.0000  0.0001  0.0001  0.0001  0.0069  0.0001  0.0000  1.0000  0.0001  0.0018  0.0003  0.0001  0.0001  0.0000  0.0001  0.0001  0.0720  0.1890  0.0000  0.0000  0.0002  0.0000  0.0000  0.0000
 0.0005  0.0000  0.0001  0.0002  0.0008  0.0001  0.0005  0.1054  0.0002  0.0452  0.0005  0.0002  0.0160  0.0072  0.0013  1.0000  0.0108  0.0006  0.0003  0.0001  0.0000  0.0002  0.0000  0.0000  0.0000
 0.0002  0.0000  0.0001  0.0000  0.0001  0.0006  0.0000  0.0000  0.0012  0.0001  1.0000  0.0541  0.0001  0.0001  0.0001  0.0001  0.0001  0.0001  0.0135  0.0001  0.0000  0.0001  0.0000  0.0000  0.0000
 0.0014  0.0000  0.0000  0.5240  1.0000  0.0001  0.0005  0.0133  0.0002  0.0015  0.0003  0.0001  0.0006  0.0009  0.0129  0.0004  0.0007  0.0006  0.0003  0.0001  0.0000  0.0002  0.0000  0.0000  0.0000
 0.5485  0.0000  0.0048  0.2728  0.2638  0.0044  0.0682  0.0931  0.0167  0.2596  0.0582  0.1350  0.1943  0.0562  0.5805  0.0468  1.0000  0.3416  0.0415  0.0015  0.0000  0.0034  0.0000  0.0000  0.0000
 0.0009  0.0000  0.0000  0.2760  1.0000  0.0001  0.0004  0.0002  0.0001  0.0009  0.0002  0.0001  0.0004  0.0006  0.0011  0.0003  0.0005  0.0004  0.0002  0.0000  0.0000  0.0001  0.0000  0.0000  0.0000
 0.0094  0.0000  0.0136  1.0000  0.2994  0.0003  0.0132  0.0106  0.0010  0.0208  0.0017  0.0051  0.0028  0.0015  0.0032  0.0589  0.0621  0.0779  0.0016  0.0001  0.0000  0.0002  0.0000  0.0000  0.0000
 0.0005  0.0000  0.0000  0.0266  1.0000  0.0001  0.0003  0.0001  0.0001  0.0005  0.0001  0.0000  0.0002  0.0003  0.0006  0.0001  0.0002  0.0002  0.0001  0.0000  0.0000  0.0001  0.0000  0.0000  0.0000
 0.0006  0.0000  0.0002  0.0005  0.0034  0.0002  1.0000  0.0002  0.0002  0.0004  0.0004  0.0001  0.0003  0.0007  0.0002  0.0004  0.0004  0.0003  0.0002  0.0002  0.0000  0.0002  0.0000  0.0000  0.0000
 0.0007  0.0000  0.0002  0.0001  0.0002  0.0470  0.0002  0.0000  0.2385  0.0002  0.0029  0.0005  0.0001  0.0001  0.0001  0.0002  0.0002  0.1593  1.0000  0.0001  0.0000  0.0003  0.0000  0.0000  0.0000
 0.0000  0.0000  0.0000  0.0000  0.0000  0.0000  0.0000  0.0000  0.0000  0.0000  0.0000  0.0000  0.0000  1.0000  0.0000  0.0000  0.0000  0.0000  0.0000  0.0000  0.0000  0.0000  0.0000  0.0000  0.0000
 0.0069  0.0000  0.0082  0.0006  0.0006  0.0003  0.0036  0.0001  0.0004  0.0007  0.0366  0.0003  0.0006  0.0623  0.0005  0.0005  1.0000  0.0019  0.0012  0.0001  0.0000  0.0002  0.0000  0.0000  0.0000
 0.0006  0.0000  0.0001  0.0003  0.0002  0.0001  0.0002  0.0001  0.0002  0.0002  0.0002  0.0001  0.0005  0.0003  0.0002  0.0002  0.1092  1.0000  0.0003  0.0000  0.0000  0.0001  0.0000  0.0000  0.0000
 1.0000  0.0000  0.0002  0.0002  0.0002  0.0001  0.0011  0.0000  0.0001  0.0002  0.0002  0.0001  0.0002  0.0006  0.0002  0.0002  0.0654  0.0317  0.0004  0.0000  0.0000  0.0001  0.0000  0.0000  0.0000
 0.0004  0.0000  0.0001  0.0001  0.0001  0.0113  0.0001  0.0001  1.0000  0.0001  0.3003  0.0093  0.0001  0.0001  0.0001  0.0001  0.0001  0.0003  0.0514  0.0001  0.0000  0.0002  0.0000  0.0000  0.0000
 0.0000  0.0000  0.0000  0.0000  0.0000  0.0000  0.0000  0.0000  0.0000  0.0000  0.0000  0.0000  0.0000  0.0000  0.0000  1.0000  0.0000  0.0000  0.0000  0.0000  0.0000  0.0000  0.0000  0.0000  0.0000
 0.0004  0.0000  0.0002  0.0007  1.0000  0.0002  0.0043  0.0002  0.0002  0.0004  0.0003  0.0001  0.0003  0.0007  0.0003  0.0004  0.0003  0.0003  0.0002  0.0002  0.0000  0.0002  0.0000  0.0000  0.0000
 0.0002  0.0000  0.0001  0.0000  0.0000  0.0002  0.0001  0.0000  1.0000  0.0001  0.0010  0.0002  0.0000  0.0000  0.0000  0.0001  0.0001  0.0002  0.0684  0.0000  0.0000  0.0001  0.0000  0.0000  0.0000
 0.0309  0.0000  0.1152  0.0009  0.0006  0.0002  0.0015  0.0002  0.0005  0.0008  0.0006  0.0003  0.0398  0.0012  0.0006  0.0005  1.0000  0.0136  0.0010  0.0001  0.0000  0.0002  0.0000  0.0000  0.0000
 0.0003  0.0000  0.0001  0.0000  0.0001  0.0118  0.0001  0.0001  0.0908  0.0001  1.0000  0.0009  0.0001  0.0001  0.0001  0.0001  0.0001  0.0002  0.0188  0.0001  0.0000  0.0001  0.0000  0.0000  0.0000
 0.0002  0.0000  0.0001  0.0000  0.0001  0.0007  0.0001  0.0001  0.0013  0.0001  1.0000  0.1253  0.0001  0.0001  0.0001  0.0001  0.0001  0.0001  0.0007  0.0001  0.0000  0.0001  0.0000  0.0000  0.0000
 0.0006  0.0000  0.0001  0.0001  0.0008  0.0001  0.0004  0.0005  0.0002  1.0000  0.0379  0.0002  0.0006  0.0005  0.0766  0.0410  0.0005  0.0006  0.0003  0.0001  0.0000  0.0003  0.0000  0.0000  0.0000
 0.0036  0.0000  0.0003  0.0017  1.0000  0.0002  0.0046  0.0002  0.0002  0.0008  0.0004  0.0634  0.0006  0.0011  0.0009  0.0004  0.0481  0.0008  0.0006  0.0001  0.0000  0.0002  0.0000  0.0000  0.0000
 0.0004  0.0000  0.0001  0.0001  0.0001  0.0464  0.0001  0.0001  0.0121  0.0001  1.0000  0.2991  0.0001  0.0002  0.0002  0.0001  0.0001  0.0003  0.0444  0.0001  0.0000  0.0001  0.0000  0.0000  0.0000
 0.0575  0.0000  0.0027  0.1798  0.0836  0.0026  0.0195  0.4025  0.0096  1.0000  0.0155  0.0054  0.3754  0.0310  0.5932  0.2937  0.2611  0.0396  0.0213  0.0009  0.0000  0.0236  0.0000  0.0000  0.0000
 0.0011  0.0000  0.0063  0.1753  0.0017  0.0002  0.0041  1.0000  0.0001  0.0016  0.0003  0.0001  0.0237  0.0009  0.0418  0.0008  0.0031  0.0012  0.0002  0.0001  0.0000  0.0043  0.0000  0.0000  0.0000
 0.0672  0.0000  0.0079  0.2225  0.3905  0.0018  0.1119  0.0045  0.0068  0.2233  0.0110  0.0039  0.0324  1.0000  0.0311  0.1679  0.2074  0.0209  0.0104  0.0006  0.0000  0.0014  0.0000  0.0000  0.0000
 0.0007  0.0000  0.0002  0.0032  0.0009  0.0106  0.0022  0.0227  0.0001  0.0009  0.0002  0.0001  1.0000  0.0005  0.0006  0.0005  0.0652  0.0035  0.0002  0.0001  0.0000  0.0491  0.0000  0.0000  0.0000
 0.0003  0.0000  0.0098  0.0000  0.0001  0.0003  0.0001  0.0000  1.0000  0.0001  0.0014  0.0003  0.0001  0.0001  0.0000  0.0001  0.0001  0.0003  0.2488  0.0000  0.0000  0.0001  0.0000  0.0000  0.0000
 0.0003  0.0000  0.0001  0.0000  0.0001  0.0002  0.0001  0.0000  0.0157  0.0001  0.0301  0.0003  0.0000  0.0001  0.0000  0.0001  0.0001  0.0002  1.0000  0.0000  0.0000  0.0001  0.0000  0.0000  0.0000
 0.0782  0.0000  0.1025  0.1031  0.0680  0.0040  0.0461  0.0171  0.0109  0.2433  0.0321  0.0154  0.0626  0.0488  0.0858  1.0000  0.3150  0.0734  0.0165  0.0142  0.0000  0.0155  0.0000  0.0000  0.0000
 0.0002  0.0000  0.0001  0.0000  0.0001  0.0006  0.0001  0.0000  0.0011  0.0001  1.0000  0.0007  0.0001  0.0001  0.0001  0.0001  0.0001  0.0001  0.0342  0.0001  0.0000  0.0001  0.0000  0.0000  0.0000
 0.3680  0.0000  0.1437  0.1489  0.2681  0.5675  0.2392  0.5128  0.3230  0.2769  0.7607  0.1874  0.2311  0.1482  0.3768  0.2963  0.2972  0.2839  0.3645  0.1343  0.0000  1.0000  0.0000  0.0000  0.0000
 0.0007  0.0000  0.0310  1.0000  0.0991  0.0001  0.0024  0.0069  0.0001  0.0010  0.0002  0.0001  0.1098  0.0006  0.0247  0.0005  0.0193  0.0007  0.0001  0.0001  0.0000  0.0004  0.0000  0.0000  0.0000
 0.0084  0.0000  0.0105  0.0001  0.0001  0.0002  0.0000  0.0000  0.2092  0.0002  0.0100  0.0003  0.0001  0.0002  0.0001  0.0001  0.0001  0.0006  1.0000  0.0000  0.0000  0.0001  0.0000  0.0000  0.0000
 0.0108  0.0000  0.0145  0.0006  0.1296  0.0031  0.0002  0.0152  0.7657  0.0237  0.7250  0.0244  0.0009  0.0024  0.0015  0.0011  0.0017  0.0076  1.0000  0.0004  0.0000  0.0006  0.0000  0.0000  0.0000
 0.0078  0.0000  0.0027  0.0031  0.0042  0.0108  0.0051  1.0000  0.0060  0.0046  0.0261  0.2056  0.0210  0.0104  0.0362  0.0075  0.0117  0.0138  0.0530  0.0028  0.0000  0.0813  0.0000  0.0000  0.0000
 0.2974  0.0000  0.0890  0.0836  0.3075  0.0024  0.1426  0.0115  0.0465  0.0692  0.0238  0.0361  0.0791  0.0134  0.3813  0.0450  1.0000  0.6841  0.0806  0.0008  0.0000  0.0019  0.0000  0.0000  0.0000
 0.0132  0.0000  0.0002  0.6092  1.0000  0.0003  0.0169  0.0008  0.0008  0.0731  0.0164  0.0005  0.0158  0.0148  0.0316  0.0020  0.0620  0.0025  0.0012  0.0001  0.0000  0.0003  0.0000  0.0000  0.0000
 0.1302  0.0000  0.0048  0.0664  0.1030  0.0046  0.1166  0.2683  0.0168  1.0000  0.0272  0.0095  0.9496  0.0402  0.1716  0.2607  0.6370  0.0786  0.0256  0.0016  0.0000  0.0215  0.0000  0.0000  0.0000
 0.0026  0.0000  0.0870  0.0095  0.0035  0.0005  0.0024  0.0022  0.0010  1.0000  0.0023  0.0008  0.0491  0.0019  0.0257  0.5758  0.0655  0.0029  0.0198  0.0004  0.0000  0.0011  0.0000  0.0000  0.0000
 0.0003  0.0000  0.0050  0.0000  0.0001  0.0007  0.0001  0.0001  0.1044  0.0001  1.0000  0.0009  0.0001  0.0001  0.0001  0.0001  0.0001  0.0002  0.0072  0.0001  0.0000  0.0001  0.0000  0.0000  0.0000
 0.0092  0.0000  0.0032  0.0037  0.0049  0.0961  0.0130  0.0098  0.0462  0.0052  0.0119  0.1374  0.0234  0.0037  0.0053  0.0063  0.0073  0.3062  0.0240  0.0057  0.0000  1.0000  0.0000  0.0000  0.0000
 0.0002  0.0000  0.0001  0.0000  0.0001  0.0006  0.0000  0.0000  0.0091  0.0001  1.0000  0.0379  0.0001  0.0001  0.0001  0.0001  0.0001  0.0001  0.0033  0.0001  0.0000  0.0001  0.0000  0.0000  0.0000
 0.0003  0.0000  0.0001  0.0000  0.0001  0.0002  0.0001  0.0000  0.1700  0.0001  0.0012  0.0002  0.0001  0.0001  0.0000  0.0001  0.0053  0.0003  1.0000  0.0000  0.0000  0.0001  0.0000  0.0000  0.0000
 0.0002  0.0000  0.0024  0.0000  0.0000  1.0000  0.0000  0.0000  0.0007  0.0000  0.0051  0.0393  0.0000  0.0001  0.0001  0.0000  0.0001  0.0001  0.0005  0.0004  0.0000  0.0016  0.0000  0.0000  0.0000
 0.0005  0.0000  0.0000  0.0266  1.0000  0.0001  0.0003  0.0001  0.0001  0.0005  0.0001  0.0000  0.0002  0.0003  0.0006  0.0001  0.0002  0.0002  0.0001  0.0000  0.0000  0.0001  0.0000  0.0000  0.0000
 0.0013  0.0000  0.0004  0.0004  0.0005  1.0000  0.0006  0.1599  0.0040  0.0006  0.0218  0.0026  0.0005  0.0006  0.0006  0.0006  0.0006  0.0008  0.0025  0.0009  0.0000  0.8774  0.0000  0.0000  0.0000
 0.0008  0.0000  0.1442  0.0001  0.0002  0.0175  0.0002  0.0002  0.0209  0.0003  1.0000  0.2877  0.0002  0.0003  0.0004  0.0003  0.0002  0.0005  0.0376  0.0003  0.0000  0.0003  0.0000  0.0000  0.0000
 0.0011  0.0000  0.0002  1.0000  0.0980  0.0002  0.0033  0.0442  0.0001  0.0015  0.0003  0.0001  0.0543  0.0009  0.0067  0.0007  0.1699  0.0506  0.0002  0.0001  0.0000  0.0152  0.0000  0.0000  0.0000
 0.4682  0.0000  0.1453  0.2417  0.3337  0.4991  0.3234  0.5034  0.3017  0.5051  1.0000  0.4513  0.2934  0.1817  0.7421  0.3634  0.4207  0.4234  0.4177  0.1317  0.0000  0.7191  0.0000  0.0000  0.0000
 0.0000  0.0000  0.0000  1.0000  0.0000  0.0000  0.0000  0.0000  0.0000  0.0000  0.0000  0.0000  0.0000  0.0000  0.0000  0.0000  0.0000  0.0000  0.0000  0.0000  0.0000  0.0000  0.0000  0.0000  0.0000
 0.0002  0.0000  0.0001  0.0000  0.0001  0.0042  0.0001  0.0000  0.0009  0.0001  1.0000  0.0006  0.0001  0.0001  0.0001  0.0001  0.0001  0.0001  0.0005  0.0001  0.0000  0.0003  0.0000  0.0000  0.0000
 0.0003  0.0000  0.0000  0.0002  0.0004  0.0001  0.0004  0.0002  0.0001  1.0000  0.0003  0.0001  0.0003  0.0004  0.0005  0.0064  0.0002  0.0003  0.0002  0.0001  0.0000  0.0001  0.0000  0.0000  0.0000
 0.0006  0.0000  0.0001  0.0001  0.0080  0.0001  0.0386  0.0112  0.0002  1.0000  0.0006  0.0002  0.0006  0.0004  0.0013  0.1219  0.0005  0.0052  0.0003  0.0001  0.0000  0.0003  0.0000  0.0000  0.0000
 0.0027  0.0000  0.0111  0.0011  0.0015  0.2279  0.0018  0.2282  0.0090  0.0016  0.1335  0.0012  0.0016  0.0011  0.0307  0.0019  0.0021  0.0021  0.0316  0.0075  0.0000  1.0000  0.0000  0.0000  0.0000
 0.0008  0.0000  0.0002  0.0001  0.0002  0.1647  0.0002  0.0002  0.1372  0.0003  0.3652  1.0000  0.0002  0.0003  0.0004  0.0192  0.0002  0.0005  0.0124  0.0003  0.0000  0.0003  0.0000  0.0000  0.0000
 0.0008  0.0000  0.0000  1.0000  0.3232  0.0001  0.0006  0.0003  0.0001  0.0163  0.0002  0.0001  0.0085  0.0005  0.0011  0.0116  0.0006  0.0058  0.0002  0.0000  0.0000  0.0001  0.0000  0.0000  0.0000
 0.1508  0.0000  0.0057  0.0502  0.0526  0.0010  0.0366  0.0299  0.0132  0.0708  0.0225  0.0085  0.0404  0.0056  0.0247  0.0382  1.0000  0.2232  0.1353  0.0004  0.0000  0.0008  0.0000  0.0000  0.0000
 0.7603  0.0000  0.4903  0.3966  0.5718  0.6023  0.4118  0.6327  0.6455  0.5936  1.0000  0.3129  0.4974  0.2822  0.4798  0.5649  0.8049  0.6110  0.6224  0.1597  0.0000  0.8513  0.0000  0.0000  0.0000
 0.2266  0.0000  0.0122  0.3078  0.2644  0.0114  0.4586  0.0580  0.0487  0.3389  0.1380  0.0243  0.4279  1.0000  0.1743  0.2498  0.2455  0.1472  0.0771  0.0039  0.0000  0.0087  0.0000  0.0000  0.0000
 0.6757  0.0000  0.0631  0.5227  1.0000  0.1426  0.9725  0.1749  0.2037  0.7706  0.3286  0.1360  0.4296  0.3121  0.7323  0.4844  0.7532  0.5966  0.3802  0.0274  0.0000  0.1294  0.0000  0.0000  0.0000
 0.3757  0.0000  0.0161  0.3546  0.5013  0.2051  1.0000  0.0461  0.0553  0.3947  0.0893  0.0516  0.1783  0.3607  0.3084  0.1677  0.3365  0.2087  0.1058  0.0057  0.0000  0.0392  0.0000  0.0000  0.0000
 0.0210  0.0000  0.0039  0.0046  0.0146  0.0832  0.0070  0.0112  0.4141  0.1889  1.0000  0.3175  0.0245  0.0236  0.0066  0.0193  0.0451  0.0091  0.0645  0.0038  0.0000  0.0205  0.0000  0.0000  0.0000
 0.0555  0.0000  0.0151  1.0000  0.3240  0.0021  0.3138  0.0052  0.0080  0.0954  0.0274  0.0045  0.1515  0.2762  0.0608  0.0224  0.2014  0.0332  0.0122  0.0007  0.0000  0.0016  0.0000  0.0000  0.0000
 0.3646  0.0000  0.0175  0.3046  0.4064  0.0217  0.1285  0.0929  0.0835  0.3375  0.3452  0.1346  0.1490  1.0000  0.3289  0.2384  0.3799  0.2648  0.1250  0.0069  0.0000  0.0848  0.0000  0.0000  0.0000
 0.9367  0.0000  0.0525  0.6669  1.0000  0.0536  0.3710  0.1504  0.1720  0.9721  0.2809  0.1953  0.4955  0.3382  0.6050  0.6245  0.8118  0.5736  0.3123  0.0158  0.0000  0.0349  0.0000  0.0000  0.0000
 0.0418  0.0000  0.0086  0.0324  0.0924  0.0109  0.0013  0.0024  0.4459  0.0075  1.0000  0.2906  0.0038  0.0094  0.1958  0.0096  0.0072  0.4330  0.4055  0.0016  0.0000  0.0033  0.0000  0.0000  0.0000
 0.0960  0.0000  0.0485  0.0002  0.0005  0.0005  0.0001  0.0001  0.6283  0.0005  0.0457  0.0073  0.0003  0.0007  0.0004  0.0003  0.0005  0.0266  1.0000  0.0001  0.0000  0.0002  0.0000  0.0000  0.0000
 0.0004  0.0000  0.0000  0.0001  0.0005  0.0001  0.0003  0.0004  0.0002  1.0000  0.0004  0.0051  0.0004  0.0003  0.0583  0.0771  0.0003  0.0004  0.0057  0.0001  0.0000  0.0002  0.0000  0.0000  0.0000
 0.0201  0.0000  0.0513  0.0351  0.0204  0.0027  0.0306  0.0037  0.0221  0.2512  0.0194  0.0916  0.0110  0.0063  0.0125  0.0445  1.0000  0.0694  0.0154  0.0008  0.0000  0.0032  0.0000  0.0000  0.0000
 0.0003  0.0000  0.0002  0.0001  0.0001  1.0000  0.0001  0.0000  0.0008  0.0000  0.0931  0.0004  0.0000  0.0001  0.0000  0.0000  0.0002  0.0193  0.0007  0.0017  0.0000  0.5894  0.0000  0.0000  0.0000
 0.0182  0.0000  0.0153  0.0002  0.0005  0.0110  0.0001  0.0002  0.0463  0.0006  1.0000  0.8007  0.0003  0.0008  0.0006  0.0004  0.0202  0.0771  0.0459  0.0002  0.0000  0.0003  0.0000  0.0000  0.0000
 0.0997  0.0000  0.0196  0.0048  0.0064  0.2715  0.0078  0.1820  0.0210  0.0177  0.1948  0.0478  0.0505  0.0048  0.0423  0.0232  0.0648  0.0092  0.0175  0.0399  0.0000  1.0000  0.0000  0.0000  0.0000
 0.0000  0.0000  0.0000  0.0000  0.0000  0.0000  0.0000  0.0000  0.0000  0.0000  0.0000  0.0000  0.0000  0.0000  1.0000  0.0000  0.0000  0.0000  0.0000  0.0000  0.0000  0.0000  0.0000  0.0000  0.0000
 0.0006  0.0000  0.0001  0.0001  0.0001  0.0015  0.0001  0.0001  0.4410  0.0002  1.0000  0.0961  0.0001  0.0002  0.0003  0.0002  0.0002  0.0003  0.0117  0.0002  0.0000  0.0002  0.0000  0.0000  0.0000
 0.0024  0.0000  0.1646  0.0002  0.0005  0.0136  0.0003  0.0003  0.0832  0.0006  1.0000  0.0207  0.0283  0.0007  0.0007  0.0005  0.0005  0.0513  0.1161  0.0004  0.0000  0.0005  0.0000  0.0000  0.0000
 0.2074  0.0000  0.1345  0.1276  0.5542  0.0033  0.0255  0.0421  0.0125  0.8818  0.0694  0.0299  0.1681  0.0184  0.6082  1.0000  0.2438  0.0765  0.0191  0.0011  0.0000  0.0025  0.0000  0.0000  0.0000
 0.0809  0.0000  0.0002  0.0002  0.0002  0.0001  1.0000  0.0000  0.0001  0.0002  0.0002  0.0001  0.0002  0.0006  0.0002  0.0002  0.0013  0.0004  0.0058  0.0000  0.0000  0.0001  0.0000  0.0000  0.0000
 0.0089  0.0000  0.0003  0.0001  0.0002  0.0007  0.0002  0.0000  1.0000  0.0003  0.4213  0.0110  0.0002  0.0002  0.0002  0.0002  0.0003  0.0369  0.4170  0.0001  0.0000  0.0003  0.0000  0.0000  0.0000
 1.0000  0.0000  0.0404  0.0951  0.0789  0.0744  0.0704  0.0669  0.0578  0.1711  0.2592  0.0648  0.1057  0.0348  0.0903  0.1715  0.1374  0.0794  0.1197  0.0198  0.0000  0.1690  0.0000  0.0000  0.0000
 0.0029  0.0000  0.0009  0.0012  0.0014  1.0000  0.0019  0.1618  0.0020  0.0015  0.0036  0.0011  0.0017  0.0011  0.0014  0.0017  0.0074  0.0020  0.0173  0.0009  0.0000  0.9140  0.0000  0.0000  0.0000
 0.0010  0.0000  1.0000  0.0001  0.0001  0.0006  0.0004  0.0001  0.0058  0.0001  0.0375  0.0007  0.0001  0.0003  0.0002  0.0001  0.0208  0.0004  0.0009  0.0001  0.0000  0.0001  0.0000  0.0000  0.0000
 0.0000  0.0000  0.0000  0.0000  0.0000  0.0000  0.0000  1.0000  0.0000  0.0000  0.0000  0.0000  0.0000  0.0000  0.0000  0.0000  0.0000  0.0000  0.0000  0.0000  0.0000  0.0000  0.0000  0.0000  0.0000
 0.1495  0.0000  0.0714  0.1920  0.1626  0.0014  0.0854  0.0390  0.0053  0.0487  0.0086  0.0030  0.0221  0.0078  0.1646  0.0898  1.0000  0.0479  0.0081  0.0005  0.0000  0.0011  0.0000  0.0000  0.0000
 0.0081  0.0000  0.0003  0.0010  0.0035  0.0005  0.0021  1.0000  0.0010  0.0213  0.0025  0.0008  0.3407  0.0020  0.0438  0.4445  0.0023  0.0027  0.0014  0.0004  0.0000  0.0011  0.0000  0.0000  0.0000
 0.0023  0.0000  0.0003  0.0021  0.0033  0.0005  0.0853  0.0150  0.0009  0.0277  0.0021  0.0007  0.1119  0.0019  0.0148  1.0000  0.0104  0.0025  0.0012  0.0415  0.0000  0.0011  0.0000  0.0000  0.0000
 0.0003  0.0000  0.0001  0.0001  0.0001  0.0037  0.0001  0.0000  0.3003  0.0001  0.0015  0.0003  0.0001  0.0001  0.0000  0.0001  0.0001  0.0138  1.0000  0.0000  0.0000  0.0001  0.0000  0.0000  0.0000
 0.0003  0.0000  0.0001  0.0000  0.0001  0.0007  0.0001  0.0001  0.0802  0.0001  1.0000  0.0341  0.0001  0.0001  0.0001  0.0001  0.0001  0.0002  0.0167  0.0001  0.0000  0.0001  0.0000  0.0000  0.0000
 0.0000  0.0000  0.0000  0.0000  0.0000  0.0000  0.0000  1.0000  0.0000  0.0000  0.0000  0.0000  0.0000  0.0000  0.0000  0.0000  0.0000  0.0000  0.0000  0.0000  0.0000  0.0000  0.0000  0.0000  0.0000
 0.0000  0.0000  0.0000  0.0000  0.0000  0.0000  0.0000  0.0000  0.0000  0.0000  0.0000  0.0000  0.0000  0.0000  0.0000  1.0000  0.0000  0.0000  0.0000  0.0000  0.0000  0.0000  0.0000  0.0000  0.0000
 0.0000  0.0000  0.0000  1.0000  0.0000  0.0000  0.0000  0.0000  0.0000  0.0000  0.0000  0.0000  0.0000  0.0000  0.0000  0.0000  0.0000  0.0000  0.0000  0.0000  0.0000  0.0000  0.0000  0.0000  0.0000
 0.0002  0.0000  0.0001  0.0000  0.0001  0.0005  0.0000  0.0000  0.0010  0.0001  1.0000  0.0077  0.0001  0.0001  0.0001  0.0001  0.0001  0.0001  0.0006  0.0001  0.0000  0.0001  0.0000  0.0000  0.0000
 0.0000  0.0000  0.0000  0.0000  0.0000  0.0000  0.0000  0.0000  0.0000  1.0000  0.0000  0.0000  0.0000  0.0000  0.0000  0.0000  0.0000  0.0000  0.0000  0.0000  0.0000  0.0000  0.0000  0.0000  0.0000
 0.0007  0.0000  0.0002  0.0005  0.0003  0.0002  0.0014  0.0002  0.0002  0.0004  0.0004  0.0001  0.0003  1.0000  0.0003  0.0004  0.0006  0.0341  0.0003  0.0002  0.0000  0.0002  0.0000  0.0000  0.0000
 0.0012  0.0000  0.0001  0.0011  0.0007  0.0001  0.0012  0.0208  0.0001  0.0008  0.0002  0.0001  0.0012  0.0128  1.0000  0.0006  0.0359  0.0007  0.0002  0.0000  0.0000  0.0002  0.0000  0.0000  0.0000
 0.0000  0.0000  0.0000  0.0000  0.0000  0.0000  0.0000  0.0000  0.0000  0.0000  0.0000  0.0000  1.0000  0.0000  0.0000  0.0000  0.0000  0.0000  0.0000  0.0000  0.0000  0.0000  0.0000  0.0000  0.0000
 0.0002  0.0000  0.0001  0.0000  0.0001  0.0006  0.0001  0.0000  0.0514  0.0001  1.0000  0.0008  0.0001  0.0001  0.0001  0.0001  0.0001  0.0001  0.0006  0.0001  0.0000  0.0001  0.0000  0.0000  0.0000
 0.0000  0.0000  0.0000  0.0000  0.0000  0.0000  0.0000  0.0000  0.0000  0.0000  1.0000  0.0000  0.0000  0.0000  0.0000  0.0000  0.0000  0.0000  0.0000  0.0000  0.0000  0.0000  0.0000  0.0000  0.0000
 0.0002  0.0000  0.0001  0.0000  0.0001  0.0003  0.0001  0.0000  1.0000  0.0001  0.0752  0.0101  0.0001  0.0000  0.0000  0.0001  0.0001  0.0002  0.0913  0.0000  0.0000  0.0001  0.0000  0.0000  0.0000
 0.0013  0.0000  0.0003  1.0000  0.0019  0.0003  0.0130  0.0014  0.0001  0.0018  0.0003  0.0001  0.8331  0.0010  0.0012  0.0009  0.0460  0.0094  0.0002  0.0001  0.0000  0.0007  0.0000  0.0000  0.0000
 0.1601  0.0000  0.0025  0.1187  0.1230  0.0127  0.0750  0.0057  0.0088  0.8104  0.0142  0.0153  0.3805  0.0281  0.0702  1.0000  0.2696  0.1692  0.0134  0.0008  0.0000  0.0018  0.0000  0.0000  0.0000
 0.0917  0.0000  0.0044  0.4541  0.8102  0.0041  0.0450  0.0440  0.0153  1.0000  0.1277  0.0284  0.5849  0.0225  0.1899  0.6638  0.1833  0.1976  0.0234  0.0014  0.0000  0.0268  0.0000  0.0000  0.0000
 0.0014  0.0000  0.0035  0.0089  0.0010  0.0002  1.0000  0.0007  0.0003  0.0103  0.0043  0.0055  0.0560  0.0008  0.0226  0.0006  0.0106  0.1340  0.0005  0.0001  0.0000  0.0004  0.0000  0.0000  0.0000
 0.6754  0.0000  0.0473  0.4956  1.0000  0.0510  0.2907  0.1026  0.2583  0.7069  0.2761  0.0963  0.7632  0.2092  0.5588  0.4057  0.6145  0.5119  0.3458  0.0155  0.0000  0.0427  0.0000  0.0000  0.0000
 0.0006  0.0000  0.0002  0.0001  0.0001  0.0012  0.0001  0.0001  0.3975  0.0002  1.0000  0.0050  0.0001  0.0002  0.0002  0.0002  0.0002  0.0258  0.0275  0.0001  0.0000  0.0002  0.0000  0.0000  0.0000
 0.0003  0.0000  0.0000  0.0002  0.0004  0.0001  0.0005  0.0002  0.0001  1.0000  0.0003  0.0001  0.0003  0.0004  0.0259  0.0013  0.0003  0.0003  0.0002  0.0001  0.0000  0.0001  0.0000  0.0000  0.0000
 0.0003  0.0000  0.0001  0.0001  0.0001  0.0008  0.0001  0.0000  0.2039  0.0001  1.0000  0.0009  0.0001  0.0001  0.0001  0.0001  0.0001  0.0002  0.0531  0.0001  0.0000  0.0001  0.0000  0.0000  0.0000
 1.0000  0.0000  0.0383  0.0002  0.0003  0.0001  0.1332  0.0001  0.0001  0.0003  0.0003  0.0002  0.0002  0.0008  0.0002  0.0002  0.0017  0.0006  0.0005  0.0000  0.0000  0.0001  0.0000  0.0000  0.0000
 0.0000  0.0000  0.0000  1.0000  0.0000  0.0000  0.0000  0.0000  0.0000  0.0000  0.0000  0.0000  0.0000  0.0000  0.0000  0.0000  0.0000  0.0000  0.0000  0.0000  0.0000  0.0000  0.0000  0.0000  0.0000
 0.0002  0.0000  0.0001  0.0000  0.0000  1.0000  0.0001  0.0000  0.0005  0.0000  0.0617  0.0003  0.0000  0.0001  0.0000  0.0000  0.0001  0.0001  0.0004  0.0005  0.0000  0.0021  0.0000  0.0000  0.0000
 0.0000  0.0000  0.0000  0.0000  0.0000  0.0000  1.0000  0.0000  0.0000  0.0000  0.0000  0.0000  0.0000  0.0000  0.0000  0.0000  0.0000  0.0000  0.0000  0.0000  0.0000  0.0000  0.0000  0.0000  0.0000
 0.0000  0.0000  0.0000  0.0000  0.0000  0.0000  0.0000  0.0000  0.0000  0.0000  1.0000  0.0000  0.0000  0.0000  0.0000  0.0000  0.0000  0.0000  0.0000  0.0000  0.0000  0.0000  0.0000  0.0000  0.0000
 1.0000  0.0000  0.0003  0.0002  0.0002  0.0001  0.1099  0.0000  0.0001  0.0003  0.0003  0.0001  0.0002  0.0007  0.0002  0.0002  0.0066  0.0005  0.0004  0.0000  0.0000  0.0001  0.0000  0.0000  0.0000
 0.0000  0.0000  0.0000  0.0000  0.0000  0.0000  0.0000  0.0000  0.0000  0.0000  0.0000  0.0000  0.0000  0.0000  0.0000  1.0000  0.0000  0.0000  0.0000  0.0000  0.0000  0.0000  0.0000  0.0000  0.0000
 1.0000  0.0000  0.0002  0.0066  0.0086  0.0001  0.0006  0.0001  0.0104  0.0005  0.0003  0.0001  0.0005  0.0006  0.0367  0.0002  0.0437  0.0136  0.0004  0.0001  0.0000  0.0001  0.0000  0.0000  0.0000
 0.0001  0.0000  0.0001  0.0000  0.0000  1.0000  0.0000  0.0000  0.0057  0.0000  0.0007  0.0001  0.0000  0.0000  0.0000  0.0000  0.0001  0.0001  0.0062  0.0006  0.0000  0.0516  0.0000  0.0000  0.0000
 0.0159  0.0000  0.0003  0.0008  0.0004  0.0001  1.0000  0.0002  0.0002  0.0005  0.0003  0.0001  0.0068  0.0007  0.0132  0.0003  0.0327  0.0744  0.0004  0.0001  0.0000  0.0001  0.0000  0.0000  0.0000
 0.0003  0.0000  0.0001  0.0001  0.0001  0.0006  0.0042  0.0000  1.0000  0.0002  0.1106  0.0006  0.0001  0.0001  0.0000  0.0001  0.0530  0.0004  0.4775  0.0001  0.0000  0.0003  0.0000  0.0000  0.0000
 0.0000  0.0000  0.0000  0.0000  0.0000  0.0000  0.0000  0.0000  0.0000  0.0000  0.0000  0.0000  0.0000  1.0000  0.0000  0.0000  0.0000  0.0000  0.0000  0.0000  0.0000  0.0000  0.0000  0.0000  0.0000
 0.0142  0.0000  0.0003  0.0001  0.0003  0.0372  0.0002  0.0001  0.1155  0.0003  0.4467  0.0204  0.0002  0.0003  0.0002  0.0002  0.0003  0.0497  1.0000  0.0001  0.0000  0.0003  0.0000  0.0000  0.0000
 0.0007  0.0000  0.0001  0.0002  0.0010  0.0002  0.0006  0.0007  0.0003  0.2292  0.0007  0.0002  0.1531  0.0006  0.0017  1.0000  0.0006  0.0008  0.0004  0.0001  0.0000  0.0003  0.0000  0.0000  0.0000
 0.2234  0.0000  0.2083  0.0261  0.0416  0.0024  0.0290  0.0053  0.0706  0.1320  0.0128  0.0045  0.0730  0.1045  0.0633  0.0537  0.2874  1.0000  0.3085  0.0008  0.0000  0.0020  0.0000  0.0000  0.0000
 0.0004  0.0000  0.0001  0.0001  0.0001  0.3465  0.0001  0.0108  0.0018  0.0002  0.0312  0.0012  0.0001  0.0002  0.0002  0.0002  0.0002  0.0003  0.0010  0.0002  0.0000  1.0000  0.0000  0.0000  0.0000
 0.0008  0.0000  0.0002  0.0003  0.0002  0.0001  0.0003  0.0001  0.0002  0.0003  0.0002  0.0001  0.0006  0.0004  0.0002  0.0002  0.2754  1.0000  0.0004  0.0001  0.0000  0.0001  0.0000  0.0000  0.0000
 0.1244  0.0000  0.0004  0.0048  0.0015  0.0003  0.0041  1.0000  0.0002  0.0016  0.0004  0.0002  0.1357  0.0012  0.0010  0.0009  0.0036  0.0059  0.0005  0.0001  0.0000  0.0006  0.0000  0.0000  0.0000
 0.0008  0.0000  0.0000  0.0020  1.0000  0.0001  0.0003  0.0002  0.0002  0.0008  0.0340  0.0001  0.0003  0.0005  0.0044  0.0002  0.0004  0.0003  0.0002  0.0000  0.0000  0.0001  0.0000  0.0000  0.0000
 0.0037  0.0000  0.0001  0.0000  0.0001  0.0002  0.0001  0.0000  0.1625  0.0001  0.0011  0.0002  0.0001  0.0001  0.0001  0.0001  0.0001  0.0005  1.0000  0.0000  0.0000  0.0001  0.0000  0.0000  0.0000
 0.0002  0.0000  0.0001  0.0000  0.0000  0.0002  0.0001  0.0000  0.0407  0.0001  0.0098  0.0002  0.0000  0.0000  0.0000  0.0000  0.0001  0.0002  1.0000  0.0000  0.0000  0.0001  0.0000  0.0000  0.0000
 0.0006  0.0000  0.0001  0.0002  0.0002  0.0001  0.0003  0.0001  0.0002  0.0028  0.0049  0.0001  0.0004  0.0003  0.0002  0.0003  0.0014  1.0000  0.0003  0.0000  0.0000  0.0001  0.0000  0.0000  0.0000
 0.0000  0.0000  0.0000  0.0000  0.0000  0.0000  0.0000  0.0000  0.0000  0.0000  1.0000  0.0000  0.0000  0.0000  0.0000  0.0000  0.0000  0.0000  0.0000  0.0000  0.0000  0.0000  0.0000  0.0000  0.0000
 0.0000  0.0000  0.0000  0.0000  0.0000  0.0000  0.0000  0.0000  0.0000  0.0000  0.0000  0.0000  0.0000  0.0000  0.0000  0.0000  0.0000  0.0000  0.0000  1.0000  0.0000  0.0000  0.0000  0.0000  0.0000
 0.0000  0.0000  0.0000  0.0000  0.0000  0.0000  0.0000  0.0000  0.0000  0.0000  0.0000  0.0000  0.0000  0.0000  0.0000  0.0000  0.0000  0.0000  0.0000  0.0000  0.0000  1.0000  0.0000  0.0000  0.0000
 0.0004  0.0000  0.0002  0.0004  0.0003  0.0002  0.0010  0.0002  0.0002  0.0007  0.0004  0.0001  0.0003  0.0006  0.0003  1.0000  0.0003  0.0037  0.0002  0.0002  0.0000  0.0002  0.0000  0.0000  0.0000
 1.0000  0.0000  0.0006  0.0005  0.0006  0.0002  0.0036  0.0001  0.0003  0.0006  0.0006  0.0003  0.0004  0.1422  0.0004  0.0004  0.0826  0.0011  0.0010  0.0001  0.0000  0.0002  0.0000  0.0000  0.0000
 0.0071  0.0000  0.0002  0.0002  0.0002  0.0001  0.0011  0.0000  0.0001  0.0002  0.0002  0.0001  0.0001  1.0000  0.0001  0.0001  0.0039  0.0003  0.0003  0.0000  0.0000  0.0001  0.0000  0.0000  0.0000
 0.0012  0.0000  0.0000  0.4239  1.0000  0.0001  0.0044  0.0003  0.0001  0.0012  0.0003  0.0001  0.0007  0.0007  0.0015  0.0003  0.0007  0.0005  0.0003  0.0001  0.0000  0.0002  0.0000  0.0000  0.0000
 0.0003  0.0000  0.0001  0.0001  0.0001  0.0005  0.0002  0.0000  0.7202  0.0001  0.0600  0.0005  0.0001  0.0001  0.0000  0.0001  0.0001  0.0004  1.0000  0.0001  0.0000  0.0002  0.0000  0.0000  0.0000
 0.0000  0.0000  0.0000  0.0000  0.0000  0.0000  0.0000  0.0000  0.0000  0.0000  1.0000  0.0000  0.0000  0.0000  0.0000  0.0000  0.0000  0.0000  0.0000  0.0000  0.0000  0.0000  0.0000  0.0000  0.0000
 0.0004  0.0000  0.0001  0.0000  0.0001  0.1050  0.0001  0.0001  0.0053  0.0001  1.0000  0.1131  0.0001  0.0002  0.0002  0.0001  0.0001  0.0002  0.0010  0.0001  0.0000  0.0001  0.0000  0.0000  0.0000
 0.0000  0.0000  0.0000  0.0000  0.0000  0.0000  1.0000  0.0000  0.0000  0.0000  0.0000  0.0000  0.0000  0.0000  0.0000  0.0000  0.0000  0.0000  0.0000  0.0000  0.0000  0.0000  0.0000  0.0000  0.0000
 0.4572  0.0000  0.0928  0.0025  0.0030  0.0013  0.2468  0.0006  0.0015  0.0033  0.0033  0.0015  0.0022  0.0085  0.0670  0.0024  1.0000  0.0108  0.0209  0.0005  0.0000  0.0010  0.0000  0.0000  0.0000
 0.1086  0.0000  0.0072  0.0164  0.0481  0.0013  0.0100  0.0358  0.0049  0.9476  0.0149  0.0028  0.0468  0.1685  0.0710  1.0000  0.0608  0.2029  0.0407  0.0005  0.0000  0.0011  0.0000  0.0000  0.0000
 0.4805  0.0000  0.1462  0.1696  0.2258  0.6834  0.2724  1.0000  0.3253  0.4478  0.8068  0.2031  0.2539  0.1688  0.8175  0.7652  0.3727  0.6523  0.4476  0.1528  0.0000  0.9839  0.0000  0.0000  0.0000
 0.0000  0.0000  0.0000  0.0000  0.0000  0.0000  0.0000  0.0000  0.0000  0.0000  0.0000  0.0000  0.0000  0.0000  0.0000  0.0000  0.0000  0.0000  0.0000  0.0000  0.0000  1.0000  0.0000  0.0000  0.0000
 0.0308  0.0000  0.0002  0.0005  0.0003  0.0031  0.0004  0.0001  0.0003  0.0005  0.0067  0.0002  0.1322  0.0006  0.0004  0.0003  1.0000  0.1153  0.0005  0.0001  0.0000  0.0001  0.0000  0.0000  0.0000
 0.0070  0.0000  0.0936  0.0002  0.0006  0.0004  0.0000  0.0001  0.0153  0.0006  0.0106  0.0008  0.0003  0.0162  0.0004  0.0003  0.0006  1.0000  0.0327  0.0001  0.0000  0.0001  0.0000  0.0000  0.0000
 0.3656  0.0000  0.0028  0.0022  0.0140  0.0011  0.2926  0.0005  0.0013  0.0027  0.0027  0.0013  0.0020  1.0000  0.0019  0.0020  0.5300  0.0345  0.0046  0.0004  0.0000  0.0008  0.0000  0.0000  0.0000
 0.0002  0.0000  0.0001  0.0001  0.0001  0.0004  0.0001  0.0000  0.5405  0.0001  0.0162  0.0004  0.0001  0.0000  0.0000  0.0001  0.0001  0.0003  1.0000  0.0000  0.0000  0.0002  0.0000  0.0000  0.0000
 0.0000  0.0000  0.0000  1.0000  0.0000  0.0000  0.0000  0.0000  0.0000  0.0000  0.0000  0.0000  0.0000  0.0000  0.0000  0.0000  0.0000  0.0000  0.0000  0.0000  0.0000  0.0000  0.0000  0.0000  0.0000
 0.0015  0.0000  0.0004  0.0002  0.0003  0.0013  0.0004  0.0000  1.0000  0.0005  0.0344  0.6765  0.0003  0.0003  0.0002  0.0003  0.0133  0.0257  0.3917  0.0002  0.0000  0.0006  0.0000  0.0000  0.0000
 0.0000  0.0000  0.0000  0.0000  0.0000  0.0000  0.0000  0.0000  0.0000  0.0000  0.0000  0.0000  0.0000  0.0000  0.0000  0.0000  0.0000  0.0000  0.0000  1.0000  0.0000  0.0000  0.0000  0.0000  0.0000
 0.0000  0.0000  0.0000  0.0000  0.0000  0.0000  0.0000  0.0000  0.0000  0.0000  0.0000  0.0000  0.0000  0.0000  0.0000  0.0000  1.0000  0.0000  0.0000  0.0000  0.0000  0.0000  0.0000  0.0000  0.0000
 0.5698  0.0000  0.0452  0.0007  0.0020  0.0018  0.0001  0.0005  0.7240  0.0020  0.3511  0.0232  0.0010  0.0028  0.0015  0.0012  0.0020  0.0839  1.0000  0.0003  0.0000  0.0006  0.0000  0.0000  0.0000
 0.0122  0.0000  0.0002  0.0002  0.0002  0.0001  1.0000  0.0001  0.0001  0.0002  0.0002  0.0001  0.0002  0.0005  0.0001  0.0002  0.0009  0.0003  0.0003  0.0001  0.0000  0.0001  0.0000  0.0000  0.0000
 0.0642  0.0000  1.0000  0.0002  0.0002  0.0001  0.0008  0.0001  0.0008  0.0003  0.0006  0.0002  0.0002  0.0005  0.0002  0.0002  0.0010  0.0924  0.0116  0.0000  0.0000  0.0001  0.0000  0.0000  0.0000
 0.0002  0.0000  0.0001  0.0001  0.0001  0.0005  0.0003  0.0001  1.0000  0.0001  0.0052  0.0005  0.0001  0.0002  0.0001  0.0001  0.0001  0.0002  0.0008  0.0001  0.0000  0.0002  0.0000  0.0000  0.0000
 0.0005  0.0000  0.0001  0.0001  0.0001  1.0000  0.0001  0.0001  0.0141  0.0002  0.0392  0.1418  0.0001  0.0002  0.0002  0.0002  0.0001  0.0003  0.0158  0.0002  0.0000  0.0002  0.0000  0.0000  0.0000
 1.0000  0.0000  0.0003  0.0002  0.0002  0.0050  0.0242  0.0000  0.0001  0.0003  0.0003  0.0001  0.0002  0.0007  0.0002  0.0002  0.0275  0.0005  0.0246  0.0000  0.0000  0.0001  0.0000  0.0000  0.0000
 0.0000  0.0000  0.0000  0.0000  1.0000  0.0000  0.0000  0.0000  0.0000  0.0000  0.0000  0.0000  0.0000  0.0000  0.0000  0.0000  0.0000  0.0000  0.0000  0.0000  0.0000  0.0000  0.0000  0.0000  0.0000
 0.0003  0.0000  0.0001  0.0000  0.0001  0.0009  0.0001  0.0001  0.0333  0.0001  0.2746  1.0000  0.0001  0.0001  0.0002  0.0001  0.0001  0.0002  0.0009  0.0001  0.0000  0.0001  0.0000  0.0000  0.0000
 0.9470  0.0000  0.5205  0.0255  0.0413  0.1612  0.0409  0.1178  0.4249  0.0363  0.2596  0.0278  0.0382  0.0257  0.0366  0.0433  0.1526  0.0497  1.0000  0.0230  0.0000  0.3621  0.0000  0.0000  0.0000
 0.0093  0.0000  0.0018  0.0672  0.0046  0.0012  0.0036  0.0017  0.0029  0.0131  0.0251  0.0465  0.8329  0.0048  0.0629  0.0198  0.2329  1.0000  0.0045  0.0090  0.0000  0.0015  0.0000  0.0000  0.0000
 0.3919  0.0000  0.0040  0.0371  0.0693  0.0048  0.0531  0.0149  0.0145  1.0000  0.0803  0.0810  0.0368  0.0228  0.4903  0.2780  0.1997  0.1273  0.0214  0.0024  0.0000  0.0064  0.0000  0.0000  0.0000
 0.0859  0.0000  0.0087  0.0305  0.1194  0.0178  0.6629  0.1163  0.0356  0.6327  0.0843  0.0360  0.1087  0.0675  0.1992  1.0000  0.0762  0.0918  0.0473  0.0133  0.0000  0.0389  0.0000  0.0000  0.0000
 0.0598  0.0000  0.0005  0.0428  0.0621  0.0004  0.0034  0.0126  0.0177  0.8500  0.0027  0.0009  0.0044  0.0063  0.1615  1.0000  0.0240  0.0221  0.0441  0.0002  0.0000  0.0003  0.0000  0.0000  0.0000
 0.1924  0.0000  0.0003  0.0003  0.0003  0.0001  0.0018  0.0001  0.0002  0.0004  0.0004  0.0001  0.0002  1.0000  0.0002  0.0003  0.0015  0.0005  0.0005  0.0001  0.0000  0.0001  0.0000  0.0000  0.0000
 0.0002  0.0000  0.0001  0.0000  0.0001  0.0006  0.0000  0.0000  0.0249  0.0001  1.0000  0.0114  0.0001  0.0001  0.0001  0.0001  0.0001  0.0001  0.0006  0.0001  0.0000  0.0001  0.0000  0.0000  0.0000
 0.0002  0.0000  0.0001  0.0000  0.0000  1.0000  0.0001  0.0000  0.0067  0.0000  0.0010  0.0002  0.0000  0.0001  0.0000  0.0000  0.0027  0.0001  0.0058  0.0005  0.0000  0.0020  0.0000  0.0000  0.0000
 0.0497  0.0000  0.0263  0.0032  0.0027  0.0020  0.0029  0.1419  0.0188  0.0047  0.0031  0.0013  0.0512  1.0000  0.0720  0.0173  0.0708  0.0318  0.0037  0.0008  0.0000  0.0028  0.0000  0.0000  0.0000
 0.0137  0.0000  0.0002  0.0002  0.0002  0.0001  1.0000  0.0000  0.0001  0.0002  0.0002  0.0001  0.0001  0.0005  0.0001  0.0001  0.0011  0.0004  0.0031  0.0000  0.0000  0.0001  0.0000  0.0000  0.0000
 0.0356  0.0000  0.0013  1.0000  0.0021  0.0007  0.0020  0.0009  0.0121  0.0512  0.0019  0.0010  0.0542  0.0032  0.0022  0.0018  0.1069  0.2303  0.0548  0.0004  0.0000  0.0123  0.0000  0.0000  0.0000
 0.0247  0.0000  0.0154  0.1368  0.0008  0.0035  0.0253  0.0004  0.0005  0.0010  0.0005  0.0003  0.0111  0.0011  0.0008  0.0006  1.0000  0.1968  0.0009  0.0001  0.0000  0.0003  0.0000  0.0000  0.0000
 0.0058  0.0000  0.0002  0.0440  1.0000  0.0006  0.0036  0.0017  0.0007  0.0059  0.0013  0.0005  0.1701  0.0036  0.0073  0.0017  0.0040  0.0119  0.1273  0.0003  0.0000  0.0009  0.0000  0.0000  0.0000
 0.0736  0.0000  0.0114  0.1662  0.2664  0.1033  0.0401  0.0336  1.0000  0.0456  0.1224  0.0156  0.0325  0.0207  0.0552  0.0352  0.0565  0.0649  0.0816  0.0107  0.0000  0.0561  0.0000  0.0000  0.0000
 0.0004  0.0000  0.0002  1.0000  0.0010  0.0002  0.0013  0.0003  0.0002  0.0005  0.0003  0.0001  0.0008  0.0007  0.0607  0.0004  0.0005  0.0003  0.0002  0.0002  0.0000  0.0002  0.0000  0.0000  0.0000
 0.0009  0.0000  0.0000  0.0022  0.3370  0.0001  0.0003  0.0002  0.0001  0.0009  0.0002  0.0153  0.0003  0.0005  1.0000  0.0003  0.0004  0.0004  0.0002  0.0000  0.0000  0.0001  0.0000  0.0000  0.0000
 0.0004  0.0000  0.0001  0.0000  0.0001  0.0009  0.0001  0.0001  0.2284  0.0001  1.0000  0.0053  0.0001  0.0002  0.0002  0.0001  0.0001  0.0041  0.0050  0.0001  0.0000  0.0001  0.0000  0.0000  0.0000
 0.0383  0.0000  0.0134  0.0917  0.0206  1.0000  0.0249  0.0638  0.0798  0.1352  0.1607  0.1107  0.0274  0.0339  0.1230  0.0359  0.0367  0.0337  0.0571  0.0140  0.0000  0.1302  0.0000  0.0000  0.0000
 0.0011  0.0000  0.0001  0.0002  0.0015  0.0002  0.0008  0.0958  0.0005  0.9494  0.0011  0.0004  0.0011  0.0009  0.0026  1.0000  0.0284  0.0012  0.0006  0.0002  0.0000  0.0005  0.0000  0.0000  0.0000
 0.0002  0.0000  0.0001  0.0000  0.0001  0.0003  0.0001  0.0000  1.0000  0.0001  0.0015  0.0314  0.0000  0.0001  0.0000  0.0001  0.0001  0.0002  0.0119  0.0000  0.0000  0.0001  0.0000  0.0000  0.0000
 0.0002  0.0000  0.0001  0.0001  0.0001  1.0000  0.0002  0.0000  0.0002  0.0001  0.0006  0.0001  0.0000  0.0002  0.0000  0.0001  0.0050  0.0001  0.0002  0.0005  0.0000  0.0019  0.0000  0.0000  0.0000
 0.0005  0.0000  0.0000  0.0001  0.0068  0.0001  0.0003  0.0004  0.0002  0.2052  0.0005  0.0002  0.0005  0.0004  0.0401  1.0000  0.0301  0.0005  0.0003  0.0001  0.0000  0.0002  0.0000  0.0000  0.0000
 0.1168  0.0000  0.0036  0.0010  0.0027  0.0585  0.0004  0.0008  1.0000  0.0028  0.9499  0.0531  0.0014  0.0038  0.0249  0.0018  0.0395  0.4942  0.6704  0.0006  0.0000  0.0011  0.0000  0.0000  0.0000
 0.0004  0.0000  0.0001  0.0001  0.0001  0.0119  0.0001  0.0001  0.0065  0.0001  1.0000  0.2495  0.0001  0.0071  0.0002  0.0103  0.0001  0.0066  0.0047  0.0064  0.0000  0.0001  0.0000  0.0000  0.0000
 0.0008  0.0000  0.0001  0.0003  0.0005  0.0001  1.0000  0.0003  0.0002  0.0346  0.0004  0.0001  0.0005  0.0004  0.0008  0.0199  0.0006  0.0081  0.0003  0.0001  0.0000  0.0002  0.0000  0.0000  0.0000
 0.0005  0.0000  0.0001  0.0002  0.0001  0.0001  0.0002  0.0001  0.0002  0.0002  0.0001  0.0001  0.0063  0.0003  0.0002  0.0001  0.0142  1.0000  0.0002  0.0000  0.0000  0.0001  0.0000  0.0000  0.0000
 0.0060  0.0000  0.0002  0.0002  0.0002  0.0001  0.0012  0.0001  0.0002  0.0002  0.0061  0.0001  0.0001  1.0000  0.0002  0.0002  0.0010  0.0004  0.0004  0.0000  0.0000  0.0001  0.0000  0.0000  0.0000
 0.0049  0.0000  0.0012  0.4073  0.0130  0.0010  0.0346  0.0452  0.0005  0.0642  0.0011  0.0004  1.0000  0.0039  0.0300  0.0036  0.3527  0.6482  0.0009  0.0005  0.0000  0.0111  0.0000  0.0000  0.0000
 0.0024  0.0000  0.0001  0.0953  1.0000  0.0002  0.0012  0.0006  0.0003  0.0024  0.0072  0.0002  0.0803  0.0363  0.0031  0.0007  0.0274  0.0011  0.0358  0.0001  0.0000  0.0003  0.0000  0.0000  0.0000
 0.2761  0.0000  0.0074  0.7735  1.0000  0.0069  0.1205  0.0271  0.0742  0.2421  0.0563  0.0146  0.1549  0.0378  0.1877  0.4441  0.2782  0.3436  0.1482  0.0024  0.0000  0.0052  0.0000  0.0000  0.0000
 0.1088  0.0000  0.0058  0.1552  0.2107  0.0058  0.0483  0.0131  0.5795  0.0972  0.0670  0.1061  0.1777  0.0289  0.2009  0.0550  0.5514  1.0000  0.5418  0.0019  0.0000  0.0047  0.0000  0.0000  0.0000
 0.0003  0.0000  0.0002  0.0003  0.0002  0.0077  0.0006  0.0107  0.0004  0.0002  0.0009  0.0002  0.0003  0.0002  0.0001  0.0002  0.0002  0.0002  0.0003  1.0000  0.0000  0.0146  0.0000  0.0000  0.0000
 0.0058  0.0000  0.0001  0.0002  0.0003  0.0001  0.0006  0.0002  0.0002  0.0064  0.0003  0.0001  0.0003  1.0000  0.0104  0.0046  0.0201  0.0036  0.0061  0.0000  0.0000  0.0001  0.0000  0.0000  0.0000
 0.0223  0.0000  0.0002  0.0867  0.0775  0.0002  1.0000  0.0010  0.0001  0.0016  0.0003  0.0001  0.0247  0.0009  0.0432  0.0008  0.0430  0.0211  0.0003  0.0001  0.0000  0.0005  0.0000  0.0000  0.0000
 0.0122  0.0000  0.0136  0.0001  0.0001  0.0507  0.0001  0.0000  0.2108  0.0002  0.0444  0.0452  0.0001  0.0001  0.0001  0.0001  0.0002  0.0006  1.0000  0.0001  0.0000  0.0002  0.0000  0.0000  0.0000
 0.0891  0.0000  0.0006  0.0070  0.1601  0.0181  0.0042  0.0014  0.0078  0.0302  0.0034  0.0012  0.0530  0.0031  0.0827  0.0175  0.7692  1.0000  0.1132  0.0002  0.0000  0.0005  0.0000  0.0000  0.0000
 0.1347  0.0000  0.0250  0.1082  0.3223  0.0046  0.0629  0.0794  0.0165  0.4113  0.0544  0.0094  0.0779  0.0241  0.5885  0.0612  1.0000  0.2103  0.0252  0.0016  0.0000  0.1123  0.0000  0.0000  0.0000
 0.0004  0.0000  0.0001  0.0001  0.0001  0.1482  0.0001  0.0000  0.0016  0.0001  1.0000  0.0667  0.0001  0.0002  0.0001  0.0001  0.0002  0.0002  0.0010  0.0008  0.0000  0.0553  0.0000  0.0000  0.0000
 0.0132  0.0000  0.0002  0.0137  0.0015  0.0002  0.0009  0.0005  0.0004  0.0158  0.0006  0.0003  0.0013  1.0000  0.0697  0.0649  0.0540  0.0212  0.0006  0.0001  0.0000  0.0003  0.0000  0.0000  0.0000
 0.0188  0.0000  0.0002  1.0000  0.1995  0.0002  0.0472  0.0148  0.0004  0.0310  0.0221  0.0002  0.0605  0.0010  0.0104  0.0011  0.0118  0.0014  0.0006  0.0001  0.0000  0.0003  0.0000  0.0000  0.0000
 0.0010  0.0000  0.0004  0.0004  0.0005  0.3858  0.0006  0.0095  0.0011  0.0005  0.0023  0.0006  0.0005  0.0004  0.0005  0.0006  0.0007  0.0007  0.0533  0.1662  0.0000  1.0000  0.0000  0.0000  0.0000
 0.0135  0.0000  0.0002  0.0284  0.0171  0.0004  0.0016  0.0803  0.0008  1.0000  0.0014  0.0005  0.0174  0.0012  0.0173  0.0369  0.0280  0.0023  0.0412  0.0001  0.0000  0.0071  0.0000  0.0000  0.0000
 0.2088  0.0000  0.0029  0.0827  0.1461  0.0027  0.0209  0.0067  0.0439  0.0647  0.0357  0.0058  0.0963  1.0000  0.0813  0.0608  0.5526  0.9216  0.2015  0.0009  0.0000  0.0021  0.0000  0.0000  0.0000
 0.0082  0.0000  0.0029  0.0456  0.0044  1.0000  0.0082  0.0088  0.0064  0.0047  0.0560  0.0095  0.1592  0.0118  0.0047  0.0213  0.0065  0.0269  0.0081  0.0064  0.0000  0.1121  0.0000  0.0000  0.0000
 0.0160  0.0000  0.0031  0.0038  0.0053  0.1466  0.0067  0.0084  0.0073  0.0092  0.0159  0.0172  0.0061  1.0000  0.0113  0.0166  0.0143  0.0364  0.0094  0.0418  0.0000  0.0146  0.0000  0.0000  0.0000
 0.0820  0.0000  0.0919  0.0581  0.0680  0.0741  0.0489  0.1429  0.1220  1.0000  0.1068  0.1165  0.1481  0.0683  0.4437  0.2130  0.1565  0.0923  0.2538  0.0196  0.0000  0.1185  0.0000  0.0000  0.0000
 0.0065  0.0000  0.0023  0.0026  0.0035  0.0774  0.0042  0.0119  0.0397  0.0526  0.0122  0.0257  0.0040  0.0199  0.0173  0.0095  0.0052  0.0155  0.1014  1.0000  0.0000  0.1933  0.0000  0.0000  0.0000
 0.4605  0.0000  0.1516  0.2004  0.3006  0.6513  0.3002  0.5223  0.3469  0.4094  0.5700  0.1908  0.3236  0.5172  0.3608  0.3768  0.4028  0.3845  0.4475  0.1568  0.0000  1.0000  0.0000  0.0000  0.0000
 1.0000  0.0000  0.0202  0.2372  0.6387  0.0188  0.2998  0.0459  0.0964  0.6759  0.1222  0.0454  0.2094  0.4108  0.3803  0.5296  0.5326  0.3204  0.2200  0.0065  0.0000  0.0143  0.0000  0.0000  0.0000
 0.2194  0.0000  0.0275  0.2888  0.3367  0.0144  0.2395  0.0456  0.1645  0.8977  0.0815  0.0678  0.2216  1.0000  0.1744  0.4874  0.4848  0.7565  0.0769  0.0049  0.0000  0.1353  0.0000  0.0000  0.0000
 0.2855  0.0000  0.0313  0.2543  0.4356  0.0833  0.2585  0.0913  0.1241  0.4497  0.2809  0.1659  0.4503  0.1337  1.0000  0.2691  0.3083  0.4331  0.1965  0.0201  0.0000  0.1387  0.0000  0.0000  0.0000
 0.1228  0.0000  0.0065  1.0000  0.2089  0.0376  0.1217  0.0148  0.0228  0.1304  0.2130  0.0129  0.5723  0.3443  0.1394  0.0788  0.4855  0.1368  0.0348  0.0021  0.0000  0.0046  0.0000  0.0000  0.0000
 0.0050  0.0000  0.0017  0.0020  0.0027  0.0758  0.0186  0.0053  0.0769  0.0103  1.0000  0.0188  0.0030  0.0020  0.0029  0.0075  0.0150  0.0151  0.0229  0.1887  0.0000  0.0235  0.0000  0.0000  0.0000
 1.0000  0.0000  0.0166  0.2439  0.5211  0.0155  0.4079  0.1215  0.0809  0.4211  0.0937  0.0329  0.2500  0.1085  0.2379  0.6498  0.8897  0.3004  0.1554  0.0053  0.0000  0.0117  0.0000  0.0000  0.0000
 0.5359  0.0000  0.0249  0.3753  0.6589  0.0502  0.2414  0.1165  0.0925  1.0000  0.3438  0.0774  0.5070  0.1717  0.6203  0.4159  0.8780  0.6917  0.1871  0.0082  0.0000  0.0399  0.0000  0.0000  0.0000
 0.3559  0.0000  0.0183  0.0883  0.0375  0.1950  0.0369  0.1769  0.8287  0.1517  0.6428  0.1245  0.0806  0.0318  0.1993  0.0402  0.1368  0.0832  1.0000  0.0187  0.0000  0.1011  0.0000  0.0000  0.0000
 0.0130  0.0000  0.0585  0.0001  0.0003  0.0782  0.0001  0.0001  0.1326  0.0004  0.1953  0.0236  0.0002  0.0005  0.0078  0.0003  0.0004  0.0014  1.0000  0.0002  0.0000  0.0002  0.0000  0.0000  0.0000
 0.0012  0.0000  0.0003  0.0067  0.0015  0.0002  0.0029  0.0129  0.0002  0.2267  0.0004  0.0002  0.0113  1.0000  0.0318  0.0013  0.0357  0.0564  0.0004  0.0001  0.0000  0.0131  0.0000  0.0000  0.0000
 0.3376  0.0000  0.0106  0.1945  0.2150  0.0098  0.4452  0.0240  0.0370  0.3668  0.0697  0.0288  1.0000  0.1729  0.4003  0.3108  0.3833  0.3003  0.0704  0.0034  0.0000  0.0075  0.0000  0.0000  0.0000
 0.0181  0.0000  0.0074  0.0002  0.0003  0.0320  0.0064  0.0122  0.1307  0.0004  1.0000  0.0592  0.0004  0.0003  0.0004  0.0004  0.0064  0.0005  0.0141  0.0003  0.0000  0.0010  0.0000  0.0000  0.0000
 0.0039  0.0000  0.1080  1.0000  0.2501  0.0008  0.1140  0.0040  0.0004  0.0053  0.0009  0.0003  0.1523  0.0146  0.0035  0.0027  0.1671  0.0282  0.0007  0.0004  0.0000  0.0020  0.0000  0.0000  0.0000
 0.5106  0.0000  0.0064  0.4425  0.9321  0.0363  0.1433  0.0734  0.0225  0.3153  0.0672  0.0127  0.0964  1.0000  0.2131  0.1851  0.6568  0.1285  0.0568  0.0021  0.0000  0.0046  0.0000  0.0000  0.0000
 0.9185  0.0000  0.0485  0.8321  1.0000  0.0455  0.3564  0.1290  0.1869  0.9550  0.4041  0.1377  0.5959  0.2617  0.5512  0.5426  0.7875  0.6229  0.3106  0.0156  0.0000  0.0421  0.0000  0.0000  0.0000
 0.0446  0.0000  0.0100  0.0003  0.0002  0.0001  1.0000  0.0001  0.0001  0.0003  0.0002  0.0001  0.0060  0.0006  0.0002  0.0002  0.0062  0.0004  0.0004  0.0000  0.0000  0.0001  0.0000  0.0000  0.0000
 0.0470  0.0000  0.0219  0.0056  0.0229  0.1081  0.0073  0.0128  0.6764  0.0534  1.0000  0.0592  0.0084  0.0096  0.0203  0.3473  0.0123  0.0514  0.3940  0.0045  0.0000  0.0227  0.0000  0.0000  0.0000
 0.0097  0.0000  0.0000  1.0000  0.0294  0.0001  0.0007  0.0003  0.0001  0.0028  0.0021  0.0001  0.0663  0.0004  0.0033  0.0067  0.0277  0.0004  0.0002  0.0000  0.0000  0.0001  0.0000  0.0000  0.0000
 0.0002  0.0000  0.0001  0.0000  0.0001  0.0006  0.0000  0.0000  0.0105  0.0001  1.0000  0.0046  0.0001  0.0001  0.0001  0.0001  0.0001  0.0001  0.0006  0.0001  0.0000  0.0001  0.0000  0.0000  0.0000
 0.0003  0.0000  0.0001  0.0000  0.0001  0.0091  0.0001  0.0001  0.0799  0.0001  1.0000  0.0036  0.0001  0.0001  0.0001  0.0001  0.0001  0.0001  0.0007  0.0001  0.0000  0.0001  0.0000  0.0000  0.0000
 0.3089  0.0000  0.0188  0.2632  0.3647  0.0111  0.1171  0.0095  0.0241  0.1544  0.0787  0.0267  0.2511  0.0215  0.7148  0.1026  1.0000  0.1757  0.0224  0.0014  0.0000  0.0072  0.0000  0.0000  0.0000
 0.1419  0.0000  0.0169  0.0084  0.0352  0.0007  0.0156  0.0111  0.0026  1.0000  0.0258  0.0255  0.0884  0.0038  0.2103  0.3932  0.1596  0.0078  0.0039  0.0003  0.0000  0.0006  0.0000  0.0000  0.0000
 0.0006  0.0000  0.0254  0.0001  0.0001  0.0049  0.0001  0.0001  0.0086  0.0002  0.3671  1.0000  0.0001  0.0002  0.0003  0.0002  0.0002  0.0562  0.0016  0.0002  0.0000  0.0002  0.0000  0.0000  0.0000
 0.0003  0.0000  0.0024  0.0000  0.0001  0.0006  0.0000  0.0000  0.0271  0.0001  1.0000  0.0042  0.0001  0.0001  0.0001  0.0001  0.0024  0.0002  0.0237  0.0001  0.0000  0.0001  0.0000  0.0000  0.0000
 0.5197  0.0000  0.1880  0.2124  0.2949  0.7024  0.3330  0.5501  0.4303  0.3171  0.6518  0.2235  0.3121  0.2068  0.3452  0.3711  0.4106  0.4165  0.5417  0.1847  0.0000  1.0000  0.0000  0.0000  0.0000
 0.0170  0.0000  0.1485  0.0025  0.0035  0.1051  0.0040  0.0060  0.0172  0.0038  0.3910  0.0650  0.0037  0.0033  0.0043  0.0044  0.0112  0.0059  0.0218  0.0043  0.0000  1.0000  0.0000  0.0000  0.0000
 0.0132  0.0000  0.0005  1.0000  0.1308  0.0006  0.0069  0.0059  0.0006  0.0051  0.0011  0.0004  0.1303  0.0025  0.0333  0.2197  0.0135  0.0239  0.0010  0.0003  0.0000  0.0098  0.0000  0.0000  0.0000
 0.0085  0.0000  0.0002  0.0002  0.0002  0.0001  0.0012  0.0000  0.0001  0.0002  0.0002  0.0001  0.0001  1.0000  0.0001  0.0001  0.0303  0.0004  0.0003  0.0000  0.0000  0.0001  0.0000  0.0000  0.0000
 1.0000  0.0000  0.0932  0.2619  0.6462  0.3041  0.2070  0.2553  0.2521  0.2999  0.3249  0.1210  0.5919  0.2063  0.2574  0.2610  0.7628  0.3475  0.4162  0.0774  0.0000  0.4510  0.0000  0.0000  0.0000
 0.1612  0.0000  0.0113  0.1054  0.1646  0.0159  0.1674  0.1707  0.0181  1.0000  0.1327  0.1442  0.1117  0.0264  0.2985  0.3128  0.1091  0.0744  0.0331  0.0017  0.0000  0.0039  0.0000  0.0000  0.0000
 0.0000  0.0000  0.0000  0.0000  0.0000  0.0000  0.0000  0.0000  0.0000  0.0000  0.0000  0.0000  0.0000  0.0000  0.0000  1.0000  0.0000  0.0000  0.0000  0.0000  0.0000  0.0000  0.0000  0.0000  0.0000
 0.0056  0.0000  0.0001  0.0000  0.0001  0.0003  0.0000  0.0000  1.0000  0.0001  0.0314  0.0190  0.0001  0.0001  0.0001  0.0001  0.0001  0.0059  0.0265  0.0000  0.0000  0.0001  0.0000  0.0000  0.0000
 0.0012  0.0000  0.0064  0.0247  0.0004  0.0001  0.0004  0.0002  0.0004  0.0005  0.0003  0.0002  0.0262  0.0116  0.0004  0.0003  1.0000  0.3947  0.0006  0.0001  0.0000  0.0002  0.0000  0.0000  0.0000
 1.0000  0.0000  0.0059  0.0002  0.0002  0.0001  0.0349  0.0000  0.0001  0.0002  0.0002  0.0001  0.0001  0.0006  0.0001  0.0002  0.0058  0.0027  0.0004  0.0000  0.0000  0.0001  0.0000  0.0000  0.0000
 0.1167  0.0000  0.0007  0.0924  0.2660  0.0007  0.0052  0.0610  0.0141  1.0000  0.0041  0.0243  0.0300  0.0037  0.0374  0.5778  0.0424  0.0205  0.0152  0.0002  0.0000  0.0005  0.0000  0.0000  0.0000
 0.8069  0.0000  0.0485  0.6586  1.0000  0.0454  0.3507  0.1132  0.1732  0.8776  0.2795  0.1076  0.4641  0.2493  0.6368  0.5200  0.6895  0.5391  0.2627  0.0156  0.0000  0.0372  0.0000  0.0000  0.0000
 1.0000  0.0000  0.0064  0.0002  0.0003  0.0001  0.0115  0.0001  0.0361  0.0003  0.0003  0.0001  0.0002  0.0008  0.0002  0.0002  0.0271  0.0034  0.0005  0.0000  0.0000  0.0001  0.0000  0.0000  0.0000
 0.0308  0.0000  0.0994  0.0001  0.0004  0.0130  0.0001  0.0002  0.0395  0.0004  1.0000  0.2376  0.0003  0.0006  0.0005  0.0194  0.0004  0.0114  0.0389  0.0002  0.0000  0.0003  0.0000  0.0000  0.0000
 0.4804  0.0000  0.0452  0.4849  1.0000  0.0181  0.1385  0.0827  0.1560  0.6875  0.2341  0.1692  0.5027  0.0999  0.8119  0.4155  0.3963  0.3370  0.2194  0.0062  0.0000  0.0138  0.0000  0.0000  0.0000
 0.0003  0.0000  0.0001  0.0003  0.0004  0.0001  0.0006  1.0000  0.0001  0.0013  0.0003  0.0001  0.0004  0.0004  0.0053  0.0045  0.0003  0.0003  0.0002  0.0001  0.0000  0.0001  0.0000  0.0000  0.0000
 0.1125  0.0000  0.0043  0.0566  0.2281  0.0004  0.0029  0.0116  0.0014  0.0340  0.0023  0.0008  0.0111  1.0000  0.0095  0.0710  0.0397  0.0139  0.0022  0.0001  0.0000  0.0003  0.0000  0.0000  0.0000
 0.0002  0.0000  0.0001  0.0000  0.0001  0.1117  0.0000  0.0000  0.0005  0.0000  0.0012  0.0002  0.0000  0.0001  0.0000  0.0000  0.0002  0.0001  0.0004  0.2140  0.0000  1.0000  0.0000  0.0000  0.0000
 0.0001  0.0000  0.0001  0.0000  0.0000  1.0000  0.0001  0.0000  0.0004  0.0000  0.0305  0.0002  0.0000  0.0001  0.0000  0.0000  0.0001  0.0001  0.0003  0.0005  0.0000  0.0021  0.0000  0.0000  0.0000
 0.4199  0.0000  0.0143  1.0000  0.4146  0.0267  0.1224  0.2800  0.0500  0.8268  0.0986  0.0283  0.5447  0.0732  0.4957  0.5427  0.3815  0.3332  0.0762  0.0047  0.0000  0.0336  0.0000  0.0000  0.0000
 0.0009  0.0000  0.0002  1.0000  0.2218  0.0002  0.0693  0.0010  0.0001  0.0013  0.0002  0.0001  0.0489  0.0007  0.0009  0.0086  0.0724  0.0123  0.0002  0.0001  0.0000  0.0005  0.0000  0.0000  0.0000
 0.0028  0.0000  0.0009  0.0133  0.0011  0.2117  0.0014  0.0013  0.3885  0.0013  1.0000  0.0040  0.0195  0.0077  0.0011  0.0014  0.0015  0.0026  0.3827  0.0008  0.0000  0.0766  0.0000  0.0000  0.0000
 0.7289  0.0000  0.1769  0.6642  1.0000  0.0529  0.3565  0.2090  0.1978  0.9186  0.3510  0.1004  0.8945  0.9336  0.5502  0.5207  0.9694  0.8880  0.3938  0.0177  0.0000  0.0446  0.0000  0.0000  0.0000
 0.2180  0.0000  0.0217  0.0956  0.2770  0.0441  0.1455  0.1319  0.0787  1.0000  0.2552  0.0827  0.1976  0.3235  0.3535  0.8292  0.2093  0.2018  0.1087  0.0245  0.0000  0.0781  0.0000  0.0000  0.0000
 0.0000  0.0000  0.0000  0.0000  0.0000  0.0000  0.0000  0.0000  0.0000  0.0000  0.0000  0.0000  0.0000  1.0000  0.0000  0.0000  0.0000  0.0000  0.0000  0.0000  0.0000  0.0000  0.0000  0.0000  0.0000
//
