ID   UNK_ID; MATRIX
AC   UNK_AC
DE   UNK_DE
MA   UNK_BL
  A   B   C   D   E   F   G   H   I   K   L   M   N   P   Q   R   S   T   V   W   X   Y   Z   *   -
 0.0003  0.0000  0.0001  0.0000  0.0001  0.0009  0.0001  0.0001  0.0127  0.0001  0.0792  1.0000  0.0001  0.0001  0.0002  0.0001  0.0001  0.0002  0.0009  0.0001  0.0000  0.0001  0.0000  0.0000  0.0000
 0.0019  0.0000  0.0000  0.6521  1.0000  0.0002  0.0009  0.0005  0.0002  0.0020  0.0004  0.0002  0.0217  0.0012  0.0074  0.0006  0.0011  0.0009  0.0004  0.0001  0.0000  0.0003  0.0000  0.0000  0.0000
 0.1556  0.0000  0.0543  0.0630  0.0837  0.3787  0.1011  0.3263  0.2370  0.0891  1.0000  0.0677  0.1151  0.2459  0.1130  0.2826  0.1230  0.1564  0.2108  0.0782  0.0000  0.3170  0.0000  0.0000  0.0000
 0.1610  0.0000  0.0235  0.0197  0.1385  0.0511  0.0661  0.0874  0.2901  0.6811  0.3022  0.1130  0.0943  0.0880  0.2266  1.0000  0.0856  0.1458  0.3361  0.0185  0.0000  0.0474  0.0000  0.0000  0.0000
 0.0103  0.0000  0.0001  0.0001  0.0001  0.0103  0.0063  0.0000  0.2758  0.0001  0.0018  0.0003  0.0001  0.0000  0.0000  0.0001  0.0001  0.0002  1.0000  0.0000  0.0000  0.0002  0.0000  0.0000  0.0000
 0.0961  0.0000  0.0001  0.0093  0.0005  0.0001  1.0000  0.0003  0.0000  0.0005  0.0001  0.0000  0.0200  0.0003  0.0045  0.0002  0.0036  0.0004  0.0001  0.0000  0.0000  0.0002  0.0000  0.0000  0.0000
 0.2036  0.0000  0.0131  0.1762  0.2763  0.0122  0.9171  0.0302  0.0449  0.2884  0.0725  0.0254  1.0000  0.1334  0.1421  0.2054  0.2252  0.1593  0.1578  0.0042  0.0000  0.0097  0.0000  0.0000  0.0000
 0.0008  0.0000  0.0001  0.0001  0.0012  0.0002  0.0006  0.0633  0.0004  1.0000  0.0069  0.0003  0.0397  0.0007  0.0147  0.1152  0.0007  0.0009  0.0207  0.0001  0.0000  0.0004  0.0000  0.0000  0.0000
 0.0003  0.0000  0.0052  0.0000  0.0001  0.5218  0.0000  0.0000  0.0006  0.0000  0.0014  0.0003  0.0000  0.0001  0.0000  0.0000  0.0002  0.0002  0.0005  0.0369  0.0000  1.0000  0.0000  0.0000  0.0000
 0.0350  0.0000  0.0069  0.0001  0.0011  0.0002  0.0006  0.0007  0.0003  0.4590  0.0102  0.0003  0.0008  0.0006  0.0100  1.0000  0.0007  0.0009  0.0005  0.0001  0.0000  0.0004  0.0000  0.0000  0.0000
 0.0006  0.0000  0.0002  0.0001  0.0002  0.0074  0.0002  0.0001  0.3591  0.0002  1.0000  0.0228  0.0002  0.0002  0.0003  0.0002  0.0002  0.0005  0.2440  0.0002  0.0000  0.0003  0.0000  0.0000  0.0000
 0.0066  0.0000  0.0009  0.0007  0.0145  0.0026  1.0000  0.0005  0.0611  0.0021  0.0193  0.0167  0.0009  0.0017  0.0011  0.0081  0.0291  0.0024  0.1001  0.0004  0.0000  0.0012  0.0000  0.0000  0.0000
 0.0005  0.0000  0.0034  0.0001  0.0007  0.0001  0.0004  0.0004  0.0002  0.2219  0.0005  0.0002  0.0005  0.0004  0.0579  1.0000  0.0149  0.0005  0.0003  0.0001  0.0000  0.0002  0.0000  0.0000  0.0000
 0.0003  0.0000  0.0000  0.0002  0.0004  0.0001  0.0005  0.0002  0.0001  1.0000  0.0003  0.0001  0.0003  0.0004  0.0005  0.0061  0.0002  0.0003  0.0002  0.0001  0.0000  0.0001  0.0000  0.0000  0.0000
 0.0002  0.0000  0.0001  0.0000  0.0001  0.0004  0.0001  0.0000  1.0000  0.0001  0.0965  0.0004  0.0001  0.0001  0.0001  0.0001  0.0001  0.0002  0.0167  0.0000  0.0000  0.0001  0.0000  0.0000  0.0000
 0.0000  0.0000  0.0000  0.0000  0.0000  0.0000  1.0000  0.0000  0.0000  0.0000  0.0000  0.0000  0.0000  0.0000  0.0000  0.0000  0.0000  0.0000  0.0000  0.0000  0.0000  0.0000  0.0000  0.0000  0.0000
 0.0369  0.0000  0.0572  0.0007  0.0751  0.0004  0.0873  0.0002  0.0004  0.0009  0.0009  0.0004  0.0007  0.0024  0.0006  0.0007  1.0000  0.0017  0.0016  0.0001  0.0000  0.0003  0.0000  0.0000  0.0000
 0.0000  0.0000  0.0000  0.0000  0.0000  0.0000  1.0000  0.0000  0.0000  0.0000  0.0000  0.0000  0.0000  0.0000  0.0000  0.0000  0.0000  0.0000  0.0000  0.0000  0.0000  0.0000  0.0000  0.0000  0.0000
 0.0007  0.0000  0.0001  0.0010  0.0003  0.0019  0.0009  0.0002  0.0001  0.0003  0.0001  0.0001  0.0332  0.0003  0.0002  0.0002  1.0000  0.0008  0.0002  0.0000  0.0000  0.0001  0.0000  0.0000  0.0000
 0.0002  0.0000  0.0001  0.0001  0.0001  1.0000  0.0002  0.0000  0.0002  0.0001  0.0006  0.0001  0.0000  0.0002  0.0000  0.0001  0.0038  0.0001  0.0002  0.0005  0.0000  0.0019  0.0000  0.0000  0.0000
 0.0008  0.0000  0.0042  0.0004  0.0003  0.0003  1.0000  0.0002  0.0002  0.0001  0.0003  0.0001  0.0003  0.0004  0.0002  0.0003  0.0004  0.0003  0.0004  0.0002  0.0000  0.0003  0.0000  0.0000  0.0000
 0.0037  0.0000  0.0000  1.0000  0.8957  0.0003  0.0013  0.0009  0.0004  0.0193  0.0008  0.0003  0.0015  0.0023  0.0187  0.0010  0.0018  0.0016  0.1221  0.0002  0.0000  0.0004  0.0000  0.0000  0.0000
 0.0002  0.0000  0.0001  0.0000  0.0001  0.0004  0.0001  0.0000  1.0000  0.0001  0.1938  0.0004  0.0001  0.0001  0.0001  0.0001  0.0001  0.0002  0.0469  0.0000  0.0000  0.0001  0.0000  0.0000  0.0000
 0.0008  0.0000  0.0006  0.0008  0.0006  0.2786  0.0019  0.0004  0.0006  0.0010  0.0012  0.0003  0.0006  0.0009  0.0006  0.0420  0.0005  0.0006  0.0006  0.0005  0.0000  1.0000  0.0000  0.0000  0.0000
 0.0036  0.0000  0.0005  0.0006  0.0818  0.0020  0.0022  0.0537  0.0575  0.0442  1.0000  0.0124  0.0029  0.0025  0.0154  0.0618  0.0026  0.0035  0.0357  0.0006  0.0000  0.0018  0.0000  0.0000  0.0000
 0.2185  0.0000  0.0048  0.0002  0.0003  0.0001  1.0000  0.0000  0.0001  0.0003  0.0003  0.0001  0.0002  0.0008  0.0002  0.0002  0.0076  0.0005  0.0005  0.0000  0.0000  0.0001  0.0000  0.0000  0.0000
 0.1725  0.0000  0.0079  0.0021  0.0061  0.0346  0.0006  0.0022  0.2817  0.1098  0.1018  0.0660  0.0032  0.0083  0.0265  0.0037  0.0349  1.0000  0.3818  0.0010  0.0000  0.0026  0.0000  0.0000  0.0000
 0.0007  0.0000  0.0002  0.1323  0.0073  0.0090  0.0025  0.1154  0.0001  0.0147  0.0002  0.0001  1.0000  0.0006  0.0048  0.0005  0.0568  0.0259  0.0001  0.0001  0.0000  0.0004  0.0000  0.0000  0.0000
 0.0017  0.0000  0.0004  0.0002  0.0003  0.0010  0.0002  0.0001  1.0000  0.0004  0.2596  0.0597  0.0002  0.0004  0.0171  0.0003  0.0364  0.0513  0.3348  0.0001  0.0000  0.0003  0.0000  0.0000  0.0000
 0.5886  0.0000  0.1771  0.2678  0.3444  0.6946  0.3525  0.5515  0.4778  0.3524  0.6913  0.2237  0.3431  0.2197  0.4986  0.3781  0.4557  0.4747  0.5441  0.1823  0.0000  1.0000  0.0000  0.0000  0.0000
 0.0616  0.0000  0.0148  0.0012  0.0007  0.0003  0.0008  0.0003  0.0102  0.0011  0.0008  0.0004  0.3805  0.0014  0.0009  0.0007  0.5738  1.0000  0.0087  0.0002  0.0000  0.0003  0.0000  0.0000  0.0000
 0.0078  0.0000  0.0019  0.0166  0.0030  0.0409  1.0000  0.0286  0.0043  0.0174  0.0142  0.0362  0.3476  0.0022  0.0081  0.0108  0.0350  0.0042  0.0054  0.0020  0.0000  0.0478  0.0000  0.0000  0.0000
 0.0007  0.0000  0.0000  0.0322  1.0000  0.0001  0.0003  0.0158  0.0001  0.0041  0.0002  0.0001  0.0003  0.0004  0.0674  0.0002  0.0004  0.0118  0.0044  0.0000  0.0000  0.0001  0.0000  0.0000  0.0000
 0.0055  0.0000  0.0009  0.0475  1.0000  0.0095  0.0029  0.0032  0.0812  0.0144  0.0090  0.0014  0.0031  0.0333  0.0836  0.0149  0.0041  0.0321  0.0032  0.0010  0.0000  0.0456  0.0000  0.0000  0.0000
 0.0149  0.0000  0.0053  0.0001  0.0001  0.0146  0.0001  0.0000  0.0822  0.0042  0.0062  0.0003  0.0001  0.0001  0.0001  0.0001  0.0001  0.0005  1.0000  0.0000  0.0000  0.0056  0.0000  0.0000  0.0000
 1.0000  0.0000  0.0002  0.0002  0.0002  0.0001  0.0402  0.0000  0.0001  0.0002  0.0002  0.0001  0.0001  0.0045  0.0002  0.0002  0.0060  0.0004  0.0004  0.0000  0.0000  0.0001  0.0000  0.0000  0.0000
 0.0153  0.0000  0.0001  0.0001  0.0001  0.0004  0.0001  0.0000  1.0000  0.0001  0.0519  0.0042  0.0001  0.0001  0.0001  0.0001  0.0067  0.0004  0.3660  0.0000  0.0000  0.0002  0.0000  0.0000  0.0000
 0.0011  0.0000  0.0001  0.0002  0.0003  0.0001  0.0007  0.0002  0.0001  1.0000  0.0003  0.0001  0.0002  0.0004  0.0004  0.0009  0.0053  0.0004  0.0041  0.0000  0.0000  0.0001  0.0000  0.0000  0.0000
 0.0004  0.0000  0.0001  0.0001  0.0001  0.1020  0.0001  0.0001  0.0699  0.0002  1.0000  0.0549  0.0001  0.0002  0.0002  0.0002  0.0001  0.0003  0.0438  0.0001  0.0000  0.0002  0.0000  0.0000  0.0000
 0.0000  0.0000  0.0000  0.0000  1.0000  0.0000  0.0000  0.0000  0.0000  0.0000  0.0000  0.0000  0.0000  0.0000  0.0000  0.0000  0.0000  0.0000  0.0000  0.0000  0.0000  0.0000  0.0000  0.0000  0.0000
 0.0948  0.0000  0.2919  0.1531  0.0451  0.0122  0.1201  0.0302  0.0075  0.0452  0.0126  0.0055  0.5849  0.4365  0.1032  0.0243  1.0000  0.0813  0.0161  0.0040  0.0000  0.0168  0.0000  0.0000  0.0000
 0.2040  0.0000  0.0202  0.0158  0.0232  0.0301  0.0180  0.0434  0.2540  0.0295  0.0726  0.0755  0.0291  0.0123  0.1452  0.1652  0.1553  0.2116  1.0000  0.0079  0.0000  0.0421  0.0000  0.0000  0.0000
 0.0007  0.0000  0.0001  0.0001  0.0009  0.0069  0.0005  0.0166  0.0003  1.0000  0.0039  0.0002  0.0222  0.0005  0.0015  0.1813  0.0189  0.0095  0.0004  0.0001  0.0000  0.0126  0.0000  0.0000  0.0000
 0.6362  0.0000  0.0006  0.0010  0.0007  0.0003  0.0010  0.0003  0.0078  0.0010  0.0009  0.0004  0.0018  0.0014  0.0008  0.0006  0.5163  1.0000  0.0114  0.0002  0.0000  0.0003  0.0000  0.0000  0.0000
 0.0110  0.0000  0.0002  0.1019  0.0021  0.0003  0.0011  0.0013  0.0100  1.0000  0.0015  0.0005  0.0222  0.0060  0.0034  0.5362  0.0013  0.0016  0.0303  0.0002  0.0000  0.0006  0.0000  0.0000  0.0000
 0.1044  0.0000  0.0003  0.0031  0.0013  0.0002  0.0029  1.0000  0.0002  0.0014  0.0003  0.0001  0.0168  0.0030  0.0095  0.0009  0.0024  0.0010  0.0004  0.0001  0.0000  0.0004  0.0000  0.0000  0.0000
 0.0056  0.0000  0.0002  0.0004  0.0005  0.0001  0.0011  0.0071  0.0001  0.0005  0.0002  0.0001  0.0004  1.0000  0.0140  0.0004  0.0010  0.0004  0.0003  0.0000  0.0000  0.0001  0.0000  0.0000  0.0000
 0.0003  0.0000  0.0001  0.0004  0.0004  0.0002  0.0011  0.0002  0.0002  0.0008  0.0004  0.0001  0.0003  0.0007  1.0000  0.0121  0.0003  0.0003  0.0002  0.0002  0.0000  0.0002  0.0000  0.0000  0.0000
 0.0000  0.0000  0.0000  0.0000  0.0000  0.0000  0.0000  0.0000  0.0000  0.0000  1.0000  0.0000  0.0000  0.0000  0.0000  0.0000  0.0000  0.0000  0.0000  0.0000  0.0000  0.0000  0.0000  0.0000  0.0000
 0.7974  0.0000  0.0862  0.6178  1.0000  0.2009  0.4122  0.3176  0.2548  0.8998  0.5270  0.1435  0.5099  0.2901  0.6071  0.5648  0.7499  0.6018  0.3661  0.0555  0.0000  0.2514  0.0000  0.0000  0.0000
 0.0050  0.0000  0.0016  0.0865  0.0023  0.0895  0.0026  0.0199  0.2064  0.0025  0.0805  0.0065  0.0025  0.0020  0.0028  0.0029  0.0032  0.0035  0.0076  0.0017  0.0000  1.0000  0.0000  0.0000  0.0000
 0.0000  0.0000  0.0000  0.0000  1.0000  0.0000  0.0000  0.0000  0.0000  0.0000  0.0000  0.0000  0.0000  0.0000  0.0000  0.0000  0.0000  0.0000  0.0000  0.0000  0.0000  0.0000  0.0000  0.0000  0.0000
 0.4584  0.0000  0.0049  0.0056  0.0074  0.0583  0.0104  0.0304  0.0104  0.0079  0.0172  0.0059  0.0083  0.0062  0.0078  0.0093  1.0000  0.0115  0.0174  0.0143  0.0000  0.2235  0.0000  0.0000  0.0000
 0.0006  0.0000  0.0001  0.0001  0.0008  0.0001  0.0004  0.0168  0.0003  1.0000  0.0072  0.0002  0.0006  0.0005  0.0014  0.4448  0.0005  0.0006  0.0003  0.0001  0.0000  0.0003  0.0000  0.0000  0.0000
 0.0167  0.0000  0.0015  0.0005  0.0012  0.3303  0.0005  0.0003  0.2869  0.0013  1.0000  0.0035  0.0007  0.0015  0.0009  0.0009  0.0233  0.1135  0.5031  0.0004  0.0000  0.0009  0.0000  0.0000  0.0000
 0.0002  0.0000  0.0001  0.0000  0.0000  0.0028  0.0000  0.0000  0.0005  0.0000  0.0386  0.0067  0.0000  0.0001  0.0000  0.0000  0.0001  0.0001  0.0004  0.0006  0.0000  1.0000  0.0000  0.0000  0.0000
 0.0035  0.0000  0.0003  0.0006  0.0047  0.0007  0.0024  0.0030  0.0015  1.0000  0.0034  0.2349  0.0687  0.0027  0.0080  0.4496  0.0147  0.0116  0.0105  0.0005  0.0000  0.0015  0.0000  0.0000  0.0000
 0.1766  0.0000  0.0154  0.0178  0.0236  0.0855  0.0285  0.1517  1.0000  0.0251  0.5653  0.3227  0.0266  0.0177  0.1449  0.0301  0.2154  0.2108  0.2118  0.0160  0.0000  0.2010  0.0000  0.0000  0.0000
 0.0003  0.0000  0.0001  0.0000  0.0001  0.0172  0.0001  0.0001  0.0015  0.0001  1.0000  0.1788  0.0001  0.0001  0.0002  0.0001  0.0001  0.0002  0.0008  0.0001  0.0000  0.0001  0.0000  0.0000  0.0000
 0.3046  0.0000  0.0050  0.0584  0.1334  0.0049  0.1435  0.0513  0.0222  0.1185  0.0425  0.0161  0.1142  0.0256  1.0000  0.0548  0.2398  0.0615  0.1192  0.0017  0.0000  0.0039  0.0000  0.0000  0.0000
 0.0029  0.0000  0.0002  0.0076  0.0004  0.0001  1.0000  0.0002  0.0001  0.0004  0.0071  0.0001  0.0067  0.0052  0.0003  0.0002  0.0311  0.0004  0.0002  0.0000  0.0000  0.0001  0.0000  0.0000  0.0000
 0.0274  0.0000  0.0491  0.0030  0.0094  0.0006  1.0000  0.0050  0.0005  0.0016  0.0009  0.0004  0.0225  0.0016  0.0011  0.0136  0.0108  0.0150  0.0429  0.0002  0.0000  0.0009  0.0000  0.0000  0.0000
 0.0555  0.0000  0.0078  0.0890  0.0769  0.0068  0.0182  0.0082  0.3023  0.0423  0.0612  0.0179  0.0653  0.1777  0.0477  0.0247  0.2271  0.6585  1.0000  0.0023  0.0000  0.0064  0.0000  0.0000  0.0000
 0.0000  0.0000  0.0000  0.0000  0.0000  0.0000  1.0000  0.0000  0.0000  0.0000  0.0000  0.0000  0.0000  0.0000  0.0000  0.0000  0.0000  0.0000  0.0000  0.0000  0.0000  0.0000  0.0000  0.0000  0.0000
 0.0002  0.0000  0.0001  0.0000  0.0000  0.0209  0.0001  0.0000  1.0000  0.0001  0.0013  0.0002  0.0000  0.0000  0.0000  0.0001  0.0001  0.0002  0.1460  0.0000  0.0000  0.0001  0.0000  0.0000  0.0000
 0.0709  0.0000  0.0002  0.0002  0.0002  0.0001  0.0013  0.0000  0.0001  0.0002  0.0002  0.0001  0.0002  1.0000  0.0002  0.0002  0.0012  0.0039  0.0004  0.0000  0.0000  0.0001  0.0000  0.0000  0.0000
 0.3858  0.0000  0.0727  0.2450  0.4069  0.6132  0.1942  0.7042  0.1363  0.4506  0.2293  0.1173  1.0000  0.1291  0.5070  0.4593  0.5797  0.4847  0.1891  0.0408  0.0000  0.2029  0.0000  0.0000  0.0000
 0.0245  0.0000  0.0003  0.0002  0.0003  0.0121  0.0003  0.0000  0.9112  0.0004  0.3670  0.1214  0.0002  0.0003  0.0002  0.0003  0.0004  0.0207  1.0000  0.0001  0.0000  0.0005  0.0000  0.0000  0.0000
 0.0367  0.0000  0.0110  0.0131  0.0258  0.1122  0.0242  0.1861  0.0612  1.0000  0.1133  0.0155  0.0248  0.0175  0.0341  0.9863  0.0291  0.0304  0.0335  0.0474  0.0000  0.3236  0.0000  0.0000  0.0000
 0.0006  0.0000  0.0201  0.0003  0.0003  0.0290  0.0005  0.0289  0.0006  0.0003  0.0013  0.0003  0.0004  0.0003  0.0003  0.0004  0.0005  0.0004  0.0007  1.0000  0.0000  0.1660  0.0000  0.0000  0.0000
 0.0141  0.0000  0.3813  0.0059  0.0075  1.0000  0.0093  0.0791  0.0107  0.0080  0.0178  0.0060  0.0087  0.0057  0.0080  0.0094  0.0479  0.0108  0.0137  0.0163  0.0000  0.5477  0.0000  0.0000  0.0000
 0.0006  0.0000  0.0001  0.0120  0.0171  0.0001  1.0000  0.0003  0.0000  0.0004  0.0001  0.0000  0.0015  0.0003  0.0003  0.0002  0.0046  0.0003  0.0001  0.0000  0.0000  0.0002  0.0000  0.0000  0.0000
 0.2780  0.0000  0.0254  0.0372  0.0519  0.1255  0.0512  0.0772  0.2342  0.1238  0.1188  0.0322  0.0666  0.1070  0.3908  0.1371  0.1558  0.4496  1.0000  0.0260  0.0000  0.1599  0.0000  0.0000  0.0000
 0.0368  0.0000  0.0496  0.1218  1.0000  0.0002  0.0027  0.0005  0.0003  0.0021  0.0005  0.0002  0.0011  0.0013  0.0226  0.0006  0.0013  0.0175  0.0005  0.0001  0.0000  0.0003  0.0000  0.0000  0.0000
 0.0284  0.0000  0.1360  0.0054  0.0148  0.0022  1.0000  0.0040  0.0021  0.1257  0.0043  0.0015  0.0294  0.0042  0.0070  0.0742  0.0116  0.0052  0.0085  0.0009  0.0000  0.0188  0.0000  0.0000  0.0000
 0.0079  0.0000  0.0007  1.0000  0.4429  0.0007  0.0487  0.0067  0.0018  0.0651  0.1104  0.0011  0.0799  0.0033  0.0210  0.0053  0.0316  0.0638  0.0028  0.0003  0.0000  0.0064  0.0000  0.0000  0.0000
 0.0020  0.0000  0.0089  0.0338  0.0559  0.1310  0.0038  0.1213  0.0010  0.0019  0.0016  0.0006  0.0117  0.0012  0.0015  0.0014  0.0032  0.0018  0.0013  0.0005  0.0000  1.0000  0.0000  0.0000  0.0000
 0.0004  0.0000  0.0001  0.0138  0.0006  0.0001  0.0014  0.0048  0.0000  0.0006  0.0001  0.0000  1.0000  0.0003  0.0004  0.0003  0.0149  0.0264  0.0001  0.0103  0.0000  0.0030  0.0000  0.0000  0.0000
 0.3950  0.0000  0.0515  0.0007  0.0008  0.0011  0.0144  0.0001  0.2419  0.0010  0.0051  0.0011  0.0006  0.0019  0.0006  0.0007  0.0041  0.0368  1.0000  0.0002  0.0000  0.0006  0.0000  0.0000  0.0000
 0.0005  0.0000  0.0001  0.0001  0.0001  0.0014  0.0001  0.0001  0.0026  0.0002  0.6770  1.0000  0.0001  0.0002  0.0003  0.0002  0.0001  0.0003  0.0108  0.0002  0.0000  0.0002  0.0000  0.0000  0.0000
 0.0378  0.0000  0.0002  0.0001  0.0002  0.0001  0.0000  0.0000  0.0316  0.0002  0.0009  0.0003  0.0001  0.0002  0.0001  0.0001  0.0002  0.0008  1.0000  0.0000  0.0000  0.0001  0.0000  0.0000  0.0000
 0.0010  0.0000  0.0003  0.0001  0.0003  0.0028  0.0002  0.0002  0.8154  0.0003  0.2283  1.0000  0.0002  0.0004  0.0005  0.0003  0.0003  0.0006  0.0029  0.0003  0.0000  0.0059  0.0000  0.0000  0.0000
 0.0007  0.0000  0.0000  1.0000  0.2564  0.0001  0.0004  0.0002  0.0001  0.0007  0.0002  0.0001  0.0058  0.0004  0.0100  0.0002  0.0004  0.0003  0.0002  0.0000  0.0000  0.0001  0.0000  0.0000  0.0000
 0.0002  0.0000  0.0001  0.0000  0.0001  0.0056  0.0000  0.0000  0.0011  0.0001  1.0000  0.0007  0.0001  0.0001  0.0001  0.0001  0.0001  0.0001  0.0110  0.0001  0.0000  0.0001  0.0000  0.0000  0.0000
 0.0000  0.0000  0.0000  0.0000  0.0000  0.0000  0.0000  0.0000  0.0000  0.0000  1.0000  0.0000  0.0000  0.0000  0.0000  0.0000  0.0000  0.0000  0.0000  0.0000  0.0000  0.0000  0.0000  0.0000  0.0000
 0.0000  0.0000  0.0000  0.0000  0.0000  0.0000  1.0000  0.0000  0.0000  0.0000  0.0000  0.0000  0.0000  0.0000  0.0000  0.0000  0.0000  0.0000  0.0000  0.0000  0.0000  0.0000  0.0000  0.0000  0.0000
 0.0006  0.0000  0.0001  0.0005  0.0004  0.0002  0.0132  0.0002  0.0002  0.0005  0.0004  0.0001  0.0003  1.0000  0.0003  0.0005  0.0004  0.0003  0.0002  0.0002  0.0000  0.0002  0.0000  0.0000  0.0000
 0.0007  0.0000  0.0001  0.0008  0.0003  0.0001  0.0009  0.0002  0.0001  0.0003  0.0002  0.0001  0.0110  0.0004  0.0002  0.0002  1.0000  0.0007  0.0002  0.0001  0.0000  0.0001  0.0000  0.0000  0.0000
 0.0002  0.0000  0.0001  0.0000  0.0001  0.0006  0.0000  0.0000  0.0010  0.0001  1.0000  0.0250  0.0001  0.0001  0.0001  0.0001  0.0001  0.0001  0.0006  0.0001  0.0000  0.0001  0.0000  0.0000  0.0000
 0.0000  0.0000  0.0000  0.0000  1.0000  0.0000  0.0000  0.0000  0.0000  0.0000  0.0000  0.0000  0.0000  0.0000  0.0000  0.0000  0.0000  0.0000  0.0000  0.0000  0.0000  0.0000  0.0000  0.0000  0.0000
 0.0004  0.0000  0.0001  1.0000  0.0314  0.0001  0.0005  0.0002  0.0001  0.0005  0.0002  0.0000  0.0004  0.0004  0.0005  0.0002  0.0003  0.0002  0.0001  0.0001  0.0000  0.0001  0.0000  0.0000  0.0000
 0.0002  0.0000  0.0001  0.0000  0.0001  0.0104  0.0000  0.0000  0.0012  0.0001  1.0000  0.0078  0.0001  0.0001  0.0001  0.0001  0.0001  0.0001  0.0218  0.0001  0.0000  0.0001  0.0000  0.0000  0.0000
 0.0000  0.0000  0.0000  0.0000  0.0000  1.0000  0.0000  0.0000  0.0000  0.0000  0.0000  0.0000  0.0000  0.0000  0.0000  0.0000  0.0000  0.0000  0.0000  0.0000  0.0000  0.0000  0.0000  0.0000  0.0000
 0.0031  0.0000  0.0450  0.1325  0.0020  0.0004  0.0081  0.0013  0.0007  0.0022  0.0008  0.0004  1.0000  0.0018  0.0016  0.0012  0.1019  0.0733  0.0785  0.0002  0.0000  0.0008  0.0000  0.0000  0.0000
 0.0032  0.0000  0.0082  0.0013  0.0017  1.0000  0.0021  0.0833  0.0488  0.0018  0.1575  0.0210  0.0019  0.0013  0.0105  0.0022  0.0258  0.0224  0.0031  0.0012  0.0000  0.5971  0.0000  0.0000  0.0000
 0.0000  0.0000  1.0000  0.0000  0.0000  0.0000  0.0000  0.0000  0.0000  0.0000  0.0000  0.0000  0.0000  0.0000  0.0000  0.0000  0.0000  0.0000  0.0000  0.0000  0.0000  0.0000  0.0000  0.0000  0.0000
 0.0083  0.0000  0.0266  0.1511  0.0258  0.0016  0.4143  0.1081  0.0010  0.0470  0.0020  0.0007  1.0000  0.0064  0.0353  0.0060  0.8199  0.1160  0.0016  0.0008  0.0000  0.0042  0.0000  0.0000  0.0000
 0.0003  0.0000  0.0000  0.0002  0.0004  0.0001  0.0004  0.0002  0.0001  0.0134  0.0003  0.0001  0.0003  0.0004  0.0006  1.0000  0.0002  0.0003  0.0002  0.0001  0.0000  0.0001  0.0000  0.0000  0.0000
 0.0011  0.0000  0.0001  0.0002  0.0015  0.0002  0.0008  0.0495  0.0079  1.0000  0.0011  0.0004  0.0058  0.0008  0.0145  0.3892  0.0256  0.0734  0.0006  0.0002  0.0000  0.0005  0.0000  0.0000  0.0000
 0.0003  0.0000  0.0001  0.0001  0.0001  1.0000  0.0001  0.0000  0.0011  0.0001  0.2162  0.0007  0.0000  0.0001  0.0001  0.0001  0.0001  0.0002  0.0007  0.0007  0.0000  0.0028  0.0000  0.0000  0.0000
 0.0009  0.0000  0.0002  0.0005  0.0003  0.0001  0.0003  0.0001  0.0003  0.0104  0.0003  0.0001  0.0165  0.0005  0.0119  0.0003  1.0000  0.3561  0.0005  0.0001  0.0000  0.0001  0.0000  0.0000  0.0000
 0.0007  0.0000  0.0002  0.0001  0.0002  0.0425  0.0001  0.0001  0.0919  0.0002  1.0000  0.1006  0.0002  0.0300  0.0003  0.0002  0.0002  0.0116  0.0398  0.0002  0.0000  0.0331  0.0000  0.0000  0.0000
 0.0000  0.0000  0.0000  0.0000  0.0000  0.0000  0.0000  0.0000  0.0000  1.0000  0.0000  0.0000  0.0000  0.0000  0.0000  0.0000  0.0000  0.0000  0.0000  0.0000  0.0000  0.0000  0.0000  0.0000  0.0000
 0.0122  0.0000  0.0001  0.0002  0.0002  0.0001  0.0003  0.0001  0.0002  0.0002  0.0002  0.0001  0.0004  0.0003  0.0002  0.0001  0.0387  1.0000  0.0003  0.0000  0.0000  0.0001  0.0000  0.0000  0.0000
 0.0011  0.0000  0.0002  0.0001  0.0002  0.0001  0.0000  0.0000  0.0206  0.0002  0.0009  0.0003  0.0001  0.0002  0.0001  0.0001  0.0062  0.0444  1.0000  0.0000  0.0000  0.0001  0.0000  0.0000  0.0000
 0.0004  0.0000  0.0114  0.0000  0.0001  0.0008  0.0001  0.0001  0.0455  0.0001  1.0000  0.0050  0.0001  0.0001  0.0002  0.0060  0.0001  0.0002  0.0629  0.0001  0.0000  0.0001  0.0000  0.0000  0.0000
 0.0004  0.0000  0.0001  0.0000  0.0001  0.0010  0.0001  0.0001  0.0061  0.0001  0.4093  1.0000  0.0001  0.0002  0.0081  0.0001  0.0001  0.0002  0.0011  0.0001  0.0000  0.0001  0.0000  0.0000  0.0000
 0.0126  0.0000  0.0002  0.0001  0.0002  0.0004  0.0000  0.0001  0.0468  0.0002  1.0000  0.0005  0.0001  0.0003  0.0002  0.0001  0.0002  0.0207  0.0589  0.0000  0.0000  0.0001  0.0000  0.0000  0.0000
 1.0000  0.0000  0.0069  0.0002  0.0003  0.0066  0.0244  0.0000  0.0001  0.0003  0.0003  0.0001  0.0002  0.0007  0.0002  0.0002  0.0015  0.0005  0.0370  0.0000  0.0000  0.0001  0.0000  0.0000  0.0000
 0.0022  0.0000  0.0000  1.0000  0.0519  0.0002  0.0008  0.0005  0.0367  0.0728  0.0437  0.0002  0.0009  0.0013  0.0029  0.0007  0.0011  0.0010  0.0006  0.0001  0.0000  0.0003  0.0000  0.0000  0.0000
 0.0003  0.0000  0.0001  0.0004  0.0004  0.0002  0.0011  0.0002  0.0002  0.0008  0.0004  0.0001  0.0003  0.0007  1.0000  0.0120  0.0003  0.0003  0.0002  0.0002  0.0000  0.0002  0.0000  0.0000  0.0000
 0.0005  0.0000  0.0001  0.0001  0.0001  0.0250  0.0001  0.0001  0.0232  0.0002  0.4344  1.0000  0.0001  0.0002  0.0002  0.0002  0.0001  0.0156  0.0013  0.0001  0.0000  0.0002  0.0000  0.0000  0.0000
 0.0003  0.0000  0.0001  0.0001  0.0001  0.0183  0.0001  0.0000  1.0000  0.0001  0.2406  0.0007  0.0001  0.0001  0.0001  0.0001  0.0001  0.0003  0.0408  0.0001  0.0000  0.0002  0.0000  0.0000  0.0000
 0.1711  0.0000  0.1516  0.0173  0.0137  0.0016  0.1405  0.0285  0.0034  0.0317  0.0049  0.0019  0.6209  0.0065  0.0619  0.0356  1.0000  0.2598  0.0052  0.0008  0.0000  0.0024  0.0000  0.0000  0.0000
 0.0003  0.0000  0.0000  0.0002  0.0086  0.0001  0.0003  0.0064  0.0001  0.0018  0.0003  0.0001  0.0003  0.0003  0.0006  1.0000  0.0003  0.0003  0.0002  0.0001  0.0000  0.0001  0.0000  0.0000  0.0000
 0.0004  0.0000  0.0001  0.0001  0.0001  0.0006  0.0002  0.0000  1.0000  0.0002  0.1555  0.0578  0.0001  0.0001  0.0001  0.0001  0.0002  0.0077  0.6605  0.0001  0.0000  0.0003  0.0000  0.0000  0.0000
 0.0006  0.0000  0.0000  0.0294  1.0000  0.0001  0.0003  0.0002  0.0001  0.0006  0.0001  0.0001  0.0096  0.0004  0.1104  0.0002  0.0003  0.0003  0.0001  0.0000  0.0000  0.0001  0.0000  0.0000  0.0000
 0.0021  0.0000  0.0007  0.0125  0.0012  0.3803  0.0016  0.0116  0.0015  0.0013  0.0066  0.0008  0.0069  0.0009  0.0012  0.0014  0.0395  0.0767  0.0019  0.0007  0.0000  1.0000  0.0000  0.0000  0.0000
 0.0008  0.0000  0.0446  0.0002  0.0002  0.0321  0.0004  0.0000  1.0000  0.0004  0.0956  0.3868  0.0002  0.0002  0.0002  0.0003  0.0004  0.0009  0.8393  0.0002  0.0000  0.0006  0.0000  0.0000  0.0000
 0.0004  0.0000  0.0002  0.0005  0.0004  0.0002  0.0010  1.0000  0.0086  0.0007  0.0008  0.0002  0.0004  0.0006  0.0092  0.0007  0.0003  0.0003  0.0004  0.0002  0.0000  0.0002  0.0000  0.0000  0.0000
 0.2137  0.0000  0.0311  0.0112  0.1285  0.0057  0.0842  0.0057  0.0057  0.0165  0.0549  0.0366  0.0786  0.0057  0.0553  0.0257  1.0000  0.1911  0.0582  0.0016  0.0000  0.0329  0.0000  0.0000  0.0000
 0.0005  0.0000  0.0000  0.0001  0.0115  0.0001  0.0003  0.0004  0.0002  1.0000  0.0005  0.0002  0.0152  0.0004  0.0011  0.3208  0.0004  0.0005  0.0003  0.0001  0.0000  0.0002  0.0000  0.0000  0.0000
 0.0151  0.0000  0.1343  0.1548  0.0214  0.0030  0.5278  0.0207  0.0015  0.0207  0.0033  0.0012  1.0000  0.0119  0.0139  0.0105  0.8677  0.0159  0.0290  0.0015  0.0000  0.0080  0.0000  0.0000  0.0000
 0.0003  0.0000  0.0001  0.0000  0.0001  1.0000  0.0001  0.0000  0.0079  0.0000  0.1367  0.0006  0.0000  0.0001  0.0001  0.0000  0.0002  0.0002  0.0373  0.0010  0.0000  0.0863  0.0000  0.0000  0.0000
 0.0006  0.0000  0.0002  0.0001  0.0002  0.0139  0.0001  0.0001  1.0000  0.0002  0.5063  0.0020  0.0001  0.0002  0.0003  0.0002  0.0002  0.0003  0.0017  0.0002  0.0000  0.0003  0.0000  0.0000  0.0000
 0.0005  0.0000  0.0004  0.0009  0.0004  0.0002  0.0013  1.0000  0.0002  0.0005  0.0003  0.0001  0.0009  0.0005  0.0003  0.0005  0.0006  0.0095  0.0003  0.0002  0.0000  0.1004  0.0000  0.0000  0.0000
 0.0005  0.0000  0.0003  0.0005  0.0003  0.0002  0.0012  0.0002  0.0002  0.0006  0.0004  0.0001  0.0003  0.0007  0.0003  1.0000  0.0003  0.0003  0.0085  0.0002  0.0000  0.0003  0.0000  0.0000  0.0000
 0.0000  0.0000  0.0000  1.0000  0.0000  0.0000  0.0000  0.0000  0.0000  0.0000  0.0000  0.0000  0.0000  0.0000  0.0000  0.0000  0.0000  0.0000  0.0000  0.0000  0.0000  0.0000  0.0000  0.0000  0.0000
 0.0002  0.0000  0.0001  0.0000  0.0001  0.0003  0.0001  0.0000  1.0000  0.0001  0.0175  0.0294  0.0001  0.0000  0.0000  0.0001  0.0001  0.0002  0.1849  0.0000  0.0000  0.0001  0.0000  0.0000  0.0000
 0.0000  0.0000  0.0000  0.0000  0.0000  0.0000  0.0000  0.0000  0.0000  1.0000  0.0000  0.0000  0.0000  0.0000  0.0000  0.0000  0.0000  0.0000  0.0000  0.0000  0.0000  0.0000  0.0000  0.0000  0.0000
 0.0000  0.0000  0.0000  0.0000  0.0000  0.0000  0.0000  0.0000  0.0000  0.0000  0.0000  0.0000  0.0000  1.0000  0.0000  0.0000  0.0000  0.0000  0.0000  0.0000  0.0000  0.0000  0.0000  0.0000  0.0000
 0.0005  0.0000  0.0000  1.0000  0.0494  0.0001  0.0004  0.0002  0.0001  0.0005  0.0002  0.0000  0.0003  0.0004  0.0006  0.0002  0.0003  0.0002  0.0001  0.0001  0.0000  0.0001  0.0000  0.0000  0.0000
 0.0000  0.0000  0.0000  0.0000  0.0000  0.0000  0.0000  0.0000  0.0000  0.0000  0.0000  0.0000  1.0000  0.0000  0.0000  0.0000  0.0000  0.0000  0.0000  0.0000  0.0000  0.0000  0.0000  0.0000  0.0000
 0.0000  0.0000  0.0000  0.0000  0.0000  1.0000  0.0000  0.0000  0.0000  0.0000  0.0000  0.0000  0.0000  0.0000  0.0000  0.0000  0.0000  0.0000  0.0000  0.0000  0.0000  0.0000  0.0000  0.0000  0.0000
 0.0002  0.0000  0.0001  0.0000  0.0001  0.0005  0.0000  0.0000  0.0010  0.0001  1.0000  0.0051  0.0001  0.0001  0.0001  0.0001  0.0001  0.0001  0.0006  0.0001  0.0000  0.0001  0.0000  0.0000  0.0000
 0.0006  0.0000  0.0001  0.0001  0.0001  0.0007  0.0001  0.0001  0.2093  0.0002  0.0243  1.0000  0.0001  0.0002  0.0002  0.0001  0.0001  0.0145  0.0256  0.0001  0.0000  0.0001  0.0000  0.0000  0.0000
 0.0006  0.0000  0.0001  0.0005  0.0004  0.0002  1.0000  0.0002  0.0002  0.0141  0.0004  0.0001  0.0003  0.0009  0.0003  0.0004  0.0005  0.0003  0.0002  0.0002  0.0000  0.0001  0.0000  0.0000  0.0000
 0.0188  0.0000  0.0067  0.0010  0.0012  0.0077  0.0331  0.0004  0.5113  0.0018  1.0000  0.0142  0.0013  0.0010  0.0010  0.2677  0.0019  0.0865  0.1840  0.0010  0.0000  0.0029  0.0000  0.0000  0.0000
 0.0266  0.0000  0.0005  0.0004  0.0005  0.0002  1.0000  0.0001  0.0002  0.0005  0.0005  0.0002  0.0003  0.0935  0.0003  0.0004  0.0026  0.0009  0.0008  0.0001  0.0000  0.0002  0.0000  0.0000  0.0000
 0.0018  0.0000  0.0084  0.0016  0.0021  0.0003  0.0651  0.0014  0.0006  0.9931  0.0013  0.0004  0.0139  0.0013  0.0032  1.0000  0.0178  0.0017  0.0008  0.0002  0.0000  0.0007  0.0000  0.0000  0.0000
 0.0884  0.0000  0.0263  0.0016  0.0083  0.0012  0.0043  0.2984  0.0025  1.0000  0.0058  0.0019  0.1052  0.0046  0.0405  0.7628  0.0249  0.0738  0.0034  0.0009  0.0000  0.0026  0.0000  0.0000  0.0000
 1.0000  0.0000  0.2872  0.0048  0.0237  0.0059  0.8855  0.0045  0.0119  0.0068  0.0355  0.0465  0.0050  0.0072  0.1400  0.0054  0.0992  0.0142  0.0515  0.0016  0.0000  0.0078  0.0000  0.0000  0.0000
 0.0077  0.0000  0.0002  0.0082  0.0009  0.0001  0.0082  0.0793  0.0001  0.0009  0.0001  0.0001  1.0000  0.0005  0.0366  0.0004  0.1192  0.0231  0.0001  0.0001  0.0000  0.0003  0.0000  0.0000  0.0000
 0.2004  0.0000  0.0321  0.0454  0.1855  0.0699  0.0989  0.1896  0.1826  0.9703  0.4660  0.0633  0.1315  0.1114  1.0000  0.6762  0.1300  0.3191  0.3654  0.0287  0.0000  0.1073  0.0000  0.0000  0.0000
 0.0072  0.0000  0.0098  0.0001  0.0001  0.0003  0.0001  0.0000  0.1743  0.0002  0.1412  0.0004  0.0001  0.0002  0.0001  0.0001  0.0002  0.0007  1.0000  0.0000  0.0000  0.0001  0.0000  0.0000  0.0000
 0.0087  0.0000  0.0025  0.0206  0.0079  0.2230  0.0162  0.2976  0.0039  0.0081  0.0065  0.0023  0.2492  0.0051  0.0062  0.0059  0.0197  0.0341  0.0052  0.0020  0.0000  1.0000  0.0000  0.0000  0.0000
 0.0570  0.0000  0.0218  0.0002  0.0003  0.0010  0.0002  0.0001  1.0000  0.0004  0.3422  0.0809  0.0002  0.0004  0.0002  0.0003  0.0004  0.0015  0.6610  0.0001  0.0000  0.0004  0.0000  0.0000  0.0000
 0.0002  0.0000  0.0001  0.0000  0.0000  0.0002  0.0001  0.0000  1.0000  0.0001  0.0011  0.0002  0.0000  0.0000  0.0000  0.0001  0.0001  0.0002  0.0879  0.0000  0.0000  0.0001  0.0000  0.0000  0.0000
 0.0000  0.0000  0.0000  1.0000  0.0000  0.0000  0.0000  0.0000  0.0000  0.0000  0.0000  0.0000  0.0000  0.0000  0.0000  0.0000  0.0000  0.0000  0.0000  0.0000  0.0000  0.0000  0.0000  0.0000  0.0000
 0.0001  0.0000  0.0001  0.0000  0.0000  1.0000  0.0000  0.0000  0.0003  0.0000  0.0093  0.0002  0.0000  0.0001  0.0000  0.0000  0.0001  0.0001  0.0003  0.0007  0.0000  0.1377  0.0000  0.0000  0.0000
 0.0010  0.0000  0.0003  0.0004  0.0003  0.0002  1.0000  0.0002  0.0002  0.0002  0.0003  0.0001  0.0002  0.0006  0.0002  0.0003  0.0005  0.0003  0.0026  0.0002  0.0000  0.0002  0.0000  0.0000  0.0000
 0.0002  0.0000  0.0001  0.0000  0.0001  0.0006  0.0001  0.0000  0.0012  0.0001  1.0000  0.0642  0.0001  0.0040  0.0001  0.0001  0.0001  0.0001  0.0007  0.0001  0.0000  0.0001  0.0000  0.0000  0.0000
 1.0000  0.0000  0.0002  0.0002  0.0002  0.0001  0.0219  0.0000  0.0001  0.0002  0.0002  0.0001  0.0001  0.0006  0.0001  0.0002  0.0395  0.0004  0.0004  0.0000  0.0000  0.0001  0.0000  0.0000  0.0000
 0.0003  0.0000  0.0000  0.0001  0.0004  0.0001  0.0004  0.0002  0.0001  1.0000  0.0003  0.0001  0.0003  0.0003  0.0006  0.0132  0.0002  0.0003  0.0002  0.0001  0.0000  0.0001  0.0000  0.0000  0.0000
 0.0006  0.0000  0.0001  0.0001  0.0442  0.0001  0.0004  0.0134  0.0003  1.0000  0.0149  0.0002  0.0006  0.0005  0.0647  0.1523  0.0005  0.0006  0.0003  0.0001  0.0000  0.0003  0.0000  0.0000  0.0000
 0.0001  0.0000  0.0001  0.0000  0.0000  0.1006  0.0000  0.0000  0.0003  0.0000  0.0007  0.0001  0.0000  0.0001  0.0000  0.0000  0.0001  0.0001  0.0003  0.0007  0.0000  1.0000  0.0000  0.0000  0.0000
 0.0005  0.0000  0.0001  0.0001  0.0008  0.0036  0.0004  0.0005  0.0333  0.0428  0.0006  0.0002  0.0005  0.0004  0.0063  1.0000  0.0004  0.0006  0.0003  0.0001  0.0000  0.0002  0.0000  0.0000  0.0000
 0.0004  0.0000  0.0037  1.0000  0.0003  0.0003  0.0012  0.0003  0.0003  0.0001  0.0004  0.0001  0.0004  0.0004  0.0002  0.0003  0.0002  0.0003  0.0004  0.0002  0.0000  0.0004  0.0000  0.0000  0.0000
 0.5104  0.0000  0.0398  0.0473  0.0618  0.3018  0.0972  0.1275  0.0874  0.0662  0.5115  0.0612  0.1909  1.0000  0.0660  0.0775  0.5389  0.2302  0.1373  0.0406  0.0000  0.2191  0.0000  0.0000  0.0000
 0.0353  0.0000  0.0105  0.0136  0.1114  0.0011  0.0136  0.0846  0.0041  0.7288  0.0066  0.0023  0.1854  0.0060  0.4131  1.0000  0.2279  0.1927  0.0267  0.0004  0.0000  0.0008  0.0000  0.0000  0.0000
 0.0082  0.0000  0.0001  0.0003  0.0002  0.0001  0.0002  0.0001  0.0002  0.0030  0.0002  0.0001  0.0107  0.0003  0.0002  0.0053  0.0947  1.0000  0.0003  0.0000  0.0000  0.0001  0.0000  0.0000  0.0000
 0.0119  0.0000  0.0013  0.0015  0.0029  0.0078  0.0227  1.0000  0.0030  0.1761  0.0301  0.0081  0.1090  0.0020  0.0469  0.1673  0.0034  0.0035  0.0039  0.0014  0.0000  0.0299  0.0000  0.0000  0.0000
 0.1518  0.0000  0.0198  0.0357  0.0516  0.2131  0.0433  0.0933  0.0699  0.3940  0.1832  0.0380  0.0636  0.0278  1.0000  0.3340  0.0870  0.1127  0.1252  0.0198  0.0000  0.1062  0.0000  0.0000  0.0000
 0.0005  0.0000  0.0002  0.0006  0.0003  0.0002  0.0012  1.0000  0.0002  0.0004  0.0004  0.0001  0.0004  0.0007  0.0002  0.0004  0.0056  0.0003  0.0002  0.0002  0.0000  0.0002  0.0000  0.0000  0.0000
 0.0002  0.0000  0.0002  0.0002  0.0001  0.0017  0.0004  0.0001  1.0000  0.0001  0.0006  0.0001  0.0001  0.0002  0.0001  0.0001  0.0001  0.0002  0.0004  0.0004  0.0000  0.0067  0.0000  0.0000  0.0000
 0.0105  0.0000  0.0092  0.0004  0.0056  0.0004  0.0086  0.0003  0.0024  0.0005  0.0079  0.0032  0.0005  1.0000  0.0035  0.0004  0.0576  0.0072  0.0156  0.0001  0.0000  0.0006  0.0000  0.0000  0.0000
 0.0001  0.0000  0.0001  0.0000  0.0000  0.0092  0.0000  0.0000  0.0002  0.0000  0.0006  0.0001  0.0000  0.0000  0.0000  0.0000  0.0001  0.0001  0.0002  0.0006  0.0000  1.0000  0.0000  0.0000  0.0000
 0.0004  0.0000  0.0000  0.0001  0.0005  0.0001  0.0003  0.0003  0.0001  0.0853  0.0003  0.0001  0.0003  0.0003  0.0008  1.0000  0.0125  0.0004  0.0002  0.0001  0.0000  0.0001  0.0000  0.0000  0.0000
 0.0005  0.0000  0.0000  0.0236  1.0000  0.0001  0.0003  0.0001  0.0001  0.0005  0.0001  0.0000  0.0002  0.0003  0.0006  0.0001  0.0002  0.0002  0.0001  0.0000  0.0000  0.0001  0.0000  0.0000  0.0000
 0.0016  0.0000  0.0004  0.1704  0.0161  0.0003  0.1140  0.0533  0.0002  0.0161  0.0004  0.0001  1.0000  0.0013  0.0015  0.0861  0.0043  0.0017  0.0003  0.0002  0.0000  0.0009  0.0000  0.0000  0.0000
 0.0000  0.0000  0.0000  0.0000  0.0000  0.0000  0.0000  0.0000  0.0000  1.0000  0.0000  0.0000  0.0000  0.0000  0.0000  0.0000  0.0000  0.0000  0.0000  0.0000  0.0000  0.0000  0.0000  0.0000  0.0000
 0.0005  0.0000  0.0001  0.0025  0.0007  0.0001  0.0018  0.0060  0.0001  0.0008  0.0001  0.0000  1.0000  0.0004  0.0005  0.0151  0.2364  0.0006  0.0001  0.0001  0.0000  0.0003  0.0000  0.0000  0.0000
 0.0000  0.0000  0.0000  0.0000  0.0000  0.0000  0.0000  0.0000  0.0000  0.0000  1.0000  0.0000  0.0000  0.0000  0.0000  0.0000  0.0000  0.0000  0.0000  0.0000  0.0000  0.0000  0.0000  0.0000  0.0000
 0.0007  0.0000  0.0001  0.0003  0.0002  0.0001  0.0002  0.0001  0.0110  0.0003  0.0002  0.0001  0.0005  0.0003  0.0002  0.0002  0.0667  1.0000  0.0131  0.0000  0.0000  0.0001  0.0000  0.0000  0.0000
 0.0000  0.0000  0.0000  0.0000  0.0000  0.0000  1.0000  0.0000  0.0000  0.0000  0.0000  0.0000  0.0000  0.0000  0.0000  0.0000  0.0000  0.0000  0.0000  0.0000  0.0000  0.0000  0.0000  0.0000  0.0000
 0.0031  0.0000  0.0002  0.0002  0.0002  0.0001  0.0006  0.0001  0.0002  0.0002  0.0002  0.0001  0.0003  0.0004  0.0002  0.0002  0.0012  1.0000  0.0003  0.0001  0.0000  0.0001  0.0000  0.0000  0.0000
 1.0000  0.0000  0.0002  0.0002  0.0002  0.0001  0.0013  0.0000  0.0001  0.0002  0.0002  0.0001  0.0001  0.0181  0.0002  0.0002  0.0012  0.0004  0.0049  0.0000  0.0000  0.0001  0.0000  0.0000  0.0000
 0.0129  0.0000  0.0002  0.0003  0.0003  0.0002  0.0012  0.0002  0.0002  0.0006  0.0003  0.0001  0.0002  0.0006  0.0003  1.0000  0.0006  0.0003  0.0003  0.0001  0.0000  0.0002  0.0000  0.0000  0.0000
 0.0001  0.0000  0.0001  0.0000  0.0000  0.0139  0.0000  0.0000  0.0002  0.0000  0.0006  0.0001  0.0000  0.0000  0.0000  0.0000  0.0001  0.0001  0.0002  0.0006  0.0000  1.0000  0.0000  0.0000  0.0000
 1.0000  0.0000  0.0406  0.0005  0.0006  0.0003  0.0034  0.0001  0.0006  0.0006  0.0008  0.1046  0.0004  0.0016  0.0004  0.0005  0.0033  0.0180  0.0017  0.0001  0.0000  0.0002  0.0000  0.0000  0.0000
 0.0000  0.0000  0.0000  0.0000  0.0000  0.0000  0.0000  0.0000  0.0000  0.0000  0.0000  0.0000  0.0000  0.0000  0.0000  0.0000  1.0000  0.0000  0.0000  0.0000  0.0000  0.0000  0.0000  0.0000  0.0000
 0.0010  0.0000  0.0922  0.0001  0.0002  0.0007  0.0002  0.0000  1.0000  0.0003  0.0633  0.0969  0.0002  0.0002  0.0001  0.0106  0.0003  0.0086  0.4120  0.0001  0.0000  0.0003  0.0000  0.0000  0.0000
 0.0006  0.0000  0.0001  0.0011  0.0004  0.0001  0.0010  0.0002  0.0001  0.0004  0.0049  0.0000  1.0000  0.0003  0.0002  0.0002  0.0172  0.0005  0.0001  0.0000  0.0000  0.0001  0.0000  0.0000  0.0000
 0.1873  0.0000  0.0002  0.0003  0.0002  0.0001  0.0008  0.0001  0.0002  0.0003  0.0003  0.0001  0.0005  0.0005  0.0002  0.0002  0.0115  1.0000  0.0004  0.0001  0.0000  0.0001  0.0000  0.0000  0.0000
 0.0000  0.0000  0.0000  0.0000  0.0000  0.0000  0.0000  1.0000  0.0000  0.0000  0.0000  0.0000  0.0000  0.0000  0.0000  0.0000  0.0000  0.0000  0.0000  0.0000  0.0000  0.0000  0.0000  0.0000  0.0000
 0.0003  0.0000  0.0001  0.0000  0.0001  0.0008  0.0001  0.0001  0.0354  0.0001  1.0000  0.0213  0.0001  0.0001  0.0121  0.0088  0.0001  0.0002  0.0136  0.0001  0.0000  0.0001  0.0000  0.0000  0.0000
 0.0000  0.0000  0.0000  0.0000  0.0000  0.0000  1.0000  0.0000  0.0000  0.0000  0.0000  0.0000  0.0000  0.0000  0.0000  0.0000  0.0000  0.0000  0.0000  0.0000  0.0000  0.0000  0.0000  0.0000  0.0000
 0.0016  0.0000  0.0004  0.0002  0.0007  0.0009  0.0005  0.0003  1.0000  0.0462  0.0050  0.0010  0.0005  0.0005  0.0008  0.0869  0.0235  0.0015  0.3011  0.0002  0.0000  0.0005  0.0000  0.0000  0.0000
 0.0005  0.0000  0.0002  0.0007  1.0000  0.0002  0.0053  0.0002  0.0002  0.0004  0.0003  0.0001  0.0003  0.0007  0.0003  0.0004  0.0003  0.0003  0.0002  0.0002  0.0000  0.0002  0.0000  0.0000  0.0000
 0.0004  0.0000  0.0002  0.0005  0.0003  0.0002  0.0056  0.0002  0.0002  0.0004  0.0004  0.0001  0.0003  0.0008  1.0000  0.0004  0.0003  0.0003  0.0002  0.0002  0.0000  0.0002  0.0000  0.0000  0.0000
 0.0216  0.0000  0.0002  0.0002  0.0002  0.0001  0.0228  0.0000  0.0001  0.0002  0.0002  0.0001  0.0002  0.0006  0.0002  0.0002  1.0000  0.0004  0.0004  0.0000  0.0000  0.0001  0.0000  0.0000  0.0000
 0.0004  0.0000  0.0039  0.0005  0.0003  0.0003  0.0012  0.0003  0.0003  0.0001  0.0004  0.0001  0.0003  0.0004  0.0002  1.0000  0.0002  0.0003  0.0004  0.0003  0.0000  0.0004  0.0000  0.0000  0.0000
 0.0000  0.0000  0.0000  0.0000  0.0000  0.0000  0.0000  0.0000  0.0000  0.0000  0.0000  0.0000  0.0000  0.0000  0.0000  1.0000  0.0000  0.0000  0.0000  0.0000  0.0000  0.0000  0.0000  0.0000  0.0000
 0.0000  0.0000  0.0000  1.0000  0.0000  0.0000  0.0000  0.0000  0.0000  0.0000  0.0000  0.0000  0.0000  0.0000  0.0000  0.0000  0.0000  0.0000  0.0000  0.0000  0.0000  0.0000  0.0000  0.0000  0.0000
 0.0000  0.0000  0.0000  1.0000  0.0000  0.0000  0.0000  0.0000  0.0000  0.0000  0.0000  0.0000  0.0000  0.0000  0.0000  0.0000  0.0000  0.0000  0.0000  0.0000  0.0000  0.0000  0.0000  0.0000  0.0000
 0.0004  0.0000  0.0001  0.0000  0.0001  0.0010  0.0001  0.0001  0.0741  0.0001  1.0000  0.3149  0.0001  0.0002  0.0002  0.0001  0.0001  0.0002  0.0011  0.0001  0.0000  0.0001  0.0000  0.0000  0.0000
 0.0005  0.0000  0.0002  0.0009  1.0000  0.0002  0.0008  0.0002  0.0002  0.0004  0.0003  0.0001  0.0002  0.0005  0.0004  0.0003  0.0003  0.0003  0.0067  0.0001  0.0000  0.0002  0.0000  0.0000  0.0000
 0.2019  0.0000  0.0004  0.0003  0.0004  0.0002  0.0453  0.0001  0.0002  0.0004  0.0004  0.0002  0.0003  0.0011  0.0003  0.0003  1.0000  0.0008  0.0007  0.0001  0.0000  0.0001  0.0000  0.0000  0.0000
 0.0003  0.0000  0.0001  0.0000  0.0001  0.0007  0.0001  0.0001  0.0824  0.0001  1.0000  0.0078  0.0001  0.0001  0.0001  0.0001  0.0001  0.0002  0.0443  0.0001  0.0000  0.0001  0.0000  0.0000  0.0000
 0.0185  0.0000  0.0002  0.0002  0.0002  0.0001  1.0000  0.0001  0.0001  0.0002  0.0002  0.0001  0.0002  0.0005  0.0001  0.0002  0.0009  0.0003  0.0003  0.0001  0.0000  0.0001  0.0000  0.0000  0.0000
 0.0005  0.0000  0.0006  0.0007  0.0004  0.0101  0.0015  0.1023  0.0004  0.0003  0.0007  0.0002  0.0005  0.0006  0.0003  0.0005  0.0003  0.0004  0.0005  0.0003  0.0000  1.0000  0.0000  0.0000  0.0000
 0.0022  0.0000  0.0001  0.0000  0.0001  0.0003  0.0001  0.0000  0.0816  0.0001  0.0261  0.0587  0.0001  0.0001  0.0001  0.0001  0.0001  0.0003  1.0000  0.0000  0.0000  0.0001  0.0000  0.0000  0.0000
 0.0004  0.0000  0.0001  0.0001  0.0001  0.1483  0.0001  0.0001  0.0057  0.0001  1.0000  0.1334  0.0001  0.0002  0.0002  0.0001  0.0001  0.0003  0.0012  0.0002  0.0000  0.0040  0.0000  0.0000  0.0000
 0.0004  0.0000  0.0001  0.0000  0.0001  0.0011  0.0001  0.0001  0.0993  0.0001  0.2990  1.0000  0.0001  0.0002  0.0002  0.0001  0.0001  0.0002  0.0120  0.0001  0.0000  0.0001  0.0000  0.0000  0.0000
 0.0000  0.0000  0.0000  0.0000  0.0000  0.0000  0.0000  0.0000  0.0000  0.0000  0.0000  0.0000  0.0000  0.0000  0.0000  0.0000  0.0000  0.0000  0.0000  0.0000  0.0000  1.0000  0.0000  0.0000  0.0000
 0.0000  0.0000  0.0000  0.0000  0.0000  1.0000  0.0000  0.0000  0.0000  0.0000  0.0000  0.0000  0.0000  0.0000  0.0000  0.0000  0.0000  0.0000  0.0000  0.0000  0.0000  0.0000  0.0000  0.0000  0.0000
 0.0788  0.0000  0.0989  0.0104  0.0177  0.1310  0.0131  0.0115  0.2726  0.0228  1.0000  0.1714  0.1683  0.0291  0.0297  0.0202  0.0463  0.0796  0.1837  0.0159  0.0000  0.0178  0.0000  0.0000  0.0000
 0.0014  0.0000  0.0001  0.0002  0.0020  0.0003  0.0010  0.0082  0.0006  0.1245  0.1306  0.0005  0.0014  0.0011  0.0034  1.0000  0.0012  0.0015  0.0008  0.0002  0.0000  0.0006  0.0000  0.0000  0.0000
 0.0024  0.0000  0.0002  0.0004  0.0003  0.0001  1.0000  0.0001  0.0001  0.0003  0.0002  0.0001  0.0004  0.0006  0.0002  0.0002  0.0212  0.0454  0.0004  0.0000  0.0000  0.0001  0.0000  0.0000  0.0000
 0.0458  0.0000  0.0156  0.0009  0.0007  0.0006  0.0651  0.0005  0.0007  0.0009  0.0078  0.0004  0.0060  0.0012  0.0098  0.0007  1.0000  0.0789  0.0340  0.0002  0.0000  0.0085  0.0000  0.0000  0.0000
 0.0000  0.0000  0.0000  0.0000  0.0000  0.0000  0.0000  0.0000  0.0000  0.0000  1.0000  0.0000  0.0000  0.0000  0.0000  0.0000  0.0000  0.0000  0.0000  0.0000  0.0000  0.0000  0.0000  0.0000  0.0000
 0.0000  0.0000  0.0000  0.0000  0.0000  0.0000  0.0000  0.0000  0.0000  0.0000  0.0000  0.0000  0.0000  1.0000  0.0000  0.0000  0.0000  0.0000  0.0000  0.0000  0.0000  0.0000  0.0000  0.0000  0.0000
 0.0000  0.0000  0.0000  0.0000  0.0000  0.0000  0.0000  0.0000  0.0000  0.0000  0.0000  0.0000  0.0000  0.0000  0.0000  0.0000  0.0000  0.0000  0.0000  1.0000  0.0000  0.0000  0.0000  0.0000  0.0000
 0.0003  0.0000  0.0000  0.0004  0.0004  0.0001  0.0010  0.0002  0.0002  0.0127  0.0004  0.0001  0.0003  0.0007  1.0000  0.0008  0.0003  0.0003  0.0002  0.0001  0.0000  0.0001  0.0000  0.0000  0.0000
 0.0000  0.0000  0.0000  0.0000  0.0000  0.0000  1.0000  0.0000  0.0000  0.0000  0.0000  0.0000  0.0000  0.0000  0.0000  0.0000  0.0000  0.0000  0.0000  0.0000  0.0000  0.0000  0.0000  0.0000  0.0000
 0.0002  0.0000  0.0001  0.0000  0.0001  0.0006  0.0000  0.0000  0.0443  0.0001  1.0000  0.0363  0.0001  0.0001  0.0001  0.0001  0.0001  0.0001  0.0007  0.0001  0.0000  0.0001  0.0000  0.0000  0.0000
 0.0003  0.0000  0.0000  0.0001  0.0005  0.0001  0.0002  0.0003  0.0001  1.0000  0.0003  0.0001  0.0003  0.0094  0.0227  0.0540  0.0003  0.0004  0.0002  0.0001  0.0000  0.0002  0.0000  0.0000  0.0000
 1.0000  0.0000  0.0002  0.0002  0.0002  0.0001  0.0011  0.0000  0.0001  0.0002  0.0002  0.0001  0.0001  0.0005  0.0001  0.0001  0.0130  0.0083  0.0003  0.0000  0.0000  0.0001  0.0000  0.0000  0.0000
 1.0000  0.0000  0.0120  0.1065  0.0437  0.0461  0.6285  0.1020  0.0733  0.0285  0.0620  0.0255  0.1753  0.0161  0.0403  0.0437  0.0336  0.2515  0.1180  0.0121  0.0000  0.0908  0.0000  0.0000  0.0000
 0.0009  0.0000  0.0002  0.0270  0.0004  0.0001  0.0006  0.0002  0.0002  0.0005  0.0002  0.0001  0.1000  0.0005  0.0003  0.0003  0.0497  1.0000  0.0004  0.0001  0.0000  0.0002  0.0000  0.0000  0.0000
 0.0006  0.0000  0.0001  0.0002  0.0007  0.0004  0.0004  0.0004  0.0008  1.0000  0.0363  0.0090  0.0664  0.0004  0.0012  0.0027  0.0005  0.0006  0.0006  0.0001  0.0000  0.0003  0.0000  0.0000  0.0000
 0.0102  0.0000  0.0001  0.0001  0.0209  0.0001  0.0005  0.0006  0.0003  1.0000  0.0007  0.0002  0.0076  0.0005  0.1393  0.3165  0.0005  0.0007  0.0004  0.0001  0.0000  0.0003  0.0000  0.0000  0.0000
 0.0009  0.0000  0.0000  0.0613  0.1472  0.0001  0.0003  0.0002  0.0001  0.0009  0.0002  0.0001  0.0004  0.0005  1.0000  0.0002  0.0004  0.0004  0.0002  0.0000  0.0000  0.0001  0.0000  0.0000  0.0000
 0.0003  0.0000  0.0000  0.0001  0.0005  0.0001  0.0003  0.0003  0.0123  1.0000  0.0003  0.0001  0.0003  0.0003  0.0008  0.0340  0.0003  0.0004  0.0002  0.0001  0.0000  0.0002  0.0000  0.0000  0.0000
 0.0001  0.0000  0.0001  0.0000  0.0000  0.0073  0.0000  0.0000  0.0002  0.0000  0.0006  0.0001  0.0000  0.0000  0.0000  0.0000  0.0001  0.0001  0.0002  0.0005  0.0000  1.0000  0.0000  0.0000  0.0000
 0.0255  0.0000  0.0001  0.8576  1.0000  0.0004  0.0016  0.0562  0.0005  0.0276  0.0010  0.0004  0.0377  0.0023  0.0980  0.0012  0.0297  0.0019  0.0188  0.0002  0.0000  0.0005  0.0000  0.0000  0.0000
 0.0156  0.0000  0.0001  0.0002  0.0014  0.0002  0.0088  0.0009  0.0038  1.0000  0.0260  0.0003  0.0009  0.0008  0.0023  0.6798  0.0008  0.0010  0.0006  0.0002  0.0000  0.0004  0.0000  0.0000  0.0000
 0.0000  0.0000  0.0000  0.0000  0.0000  0.0000  0.0000  0.0000  1.0000  0.0000  0.0000  0.0000  0.0000  0.0000  0.0000  0.0000  0.0000  0.0000  0.0000  0.0000  0.0000  0.0000  0.0000  0.0000  0.0000
 0.3387  0.0000  0.1300  0.0275  0.0292  0.0126  0.3053  0.0068  0.0147  0.0333  0.0558  0.3255  0.0431  0.0786  0.0226  0.0434  1.0000  0.0685  0.0522  0.0046  0.0000  0.0104  0.0000  0.0000  0.0000
 0.0006  0.0000  0.0000  0.0949  1.0000  0.0001  0.0002  0.0002  0.0001  0.0100  0.0001  0.0001  0.0003  0.0004  0.0008  0.0002  0.0058  0.0003  0.0001  0.0000  0.0000  0.0001  0.0000  0.0000  0.0000
 0.0006  0.0000  0.0098  0.0001  0.0006  0.0001  0.0004  0.0004  0.0002  1.0000  0.0005  0.0002  0.0005  0.0004  0.0011  0.0861  0.0096  0.0519  0.0003  0.0001  0.0000  0.0002  0.0000  0.0000  0.0000
 0.0000  0.0000  0.0000  0.0000  0.0000  0.0000  0.0000  0.0000  0.0000  1.0000  0.0000  0.0000  0.0000  0.0000  0.0000  0.0000  0.0000  0.0000  0.0000  0.0000  0.0000  0.0000  0.0000  0.0000  0.0000
 0.0328  0.0000  0.0125  0.0005  0.0017  0.0013  0.0001  0.0005  0.2429  0.0236  0.1880  1.0000  0.0008  0.0024  0.1687  0.0909  0.0017  0.0151  0.2521  0.0002  0.0000  0.0004  0.0000  0.0000  0.0000
 0.2146  0.0000  0.0454  0.0088  0.0054  0.0023  0.0285  0.0129  0.0053  0.0076  0.2149  0.0028  0.0577  0.0093  0.0292  0.0049  1.0000  0.4299  0.0086  0.0013  0.0000  0.0028  0.0000  0.0000  0.0000
 0.0012  0.0000  0.0002  0.0001  0.0002  0.0002  0.0001  0.0001  0.0330  0.0002  0.0056  0.0003  0.0002  0.0003  0.0002  0.0001  0.0051  1.0000  0.0209  0.0000  0.0000  0.0001  0.0000  0.0000  0.0000
 0.0521  0.0000  0.0003  0.0087  0.0004  0.0001  0.0005  0.0002  0.0004  0.0085  0.0004  0.0002  0.0065  1.0000  0.0004  0.0120  0.3373  0.0341  0.0097  0.0001  0.0000  0.0002  0.0000  0.0000  0.0000
 0.0322  0.0000  0.0006  0.0002  0.0005  0.0187  0.0003  0.0001  1.0000  0.0006  0.0584  0.0013  0.0371  0.0005  0.0003  0.0004  0.0006  0.1926  0.6038  0.0001  0.0000  0.0005  0.0000  0.0000  0.0000
 0.0009  0.0000  0.0000  0.0833  1.0000  0.0001  0.0030  0.0002  0.0001  0.0591  0.0002  0.0001  0.0095  0.0006  0.0131  0.0003  0.0005  0.0004  0.0167  0.0000  0.0000  0.0001  0.0000  0.0000  0.0000
 0.1977  0.0000  0.0031  0.1125  0.0693  0.0223  0.0108  0.0143  0.0577  0.0297  0.0629  0.0140  0.0127  0.0075  0.0433  0.0137  0.0566  0.1562  1.0000  0.0025  0.0000  0.0123  0.0000  0.0000  0.0000
 0.0000  0.0000  0.0000  0.0000  0.0000  0.0000  0.0000  0.0000  0.0000  0.0000  1.0000  0.0000  0.0000  0.0000  0.0000  0.0000  0.0000  0.0000  0.0000  0.0000  0.0000  0.0000  0.0000  0.0000  0.0000
 0.0014  0.0000  1.0000  0.0002  0.0002  0.0001  0.0007  0.0001  0.0001  0.0002  0.0002  0.0001  0.0003  0.0004  0.0002  0.0002  0.0055  0.0361  0.0003  0.0000  0.0000  0.0001  0.0000  0.0000  0.0000
 0.0479  0.0000  0.0002  0.0326  0.1554  0.0002  0.0014  0.0006  0.0007  1.0000  0.0012  0.0004  0.0145  0.0011  0.0255  0.3727  0.0253  0.0021  0.0070  0.0001  0.0000  0.0002  0.0000  0.0000  0.0000
 0.0060  0.0000  0.0002  0.0041  0.0012  0.0002  1.0000  0.0210  0.0001  0.0012  0.0002  0.0001  0.1359  0.0007  0.0151  0.0006  0.2750  0.0089  0.0002  0.0001  0.0000  0.0004  0.0000  0.0000  0.0000
 0.0317  0.0000  0.0430  0.0028  0.0037  0.8659  0.0044  0.2213  0.0053  0.0039  0.2776  0.0030  0.0041  0.0028  0.0179  0.0047  0.0611  0.0118  0.0068  0.0025  0.0000  1.0000  0.0000  0.0000  0.0000
 0.0078  0.0000  0.0002  0.0002  0.0002  0.0001  0.0012  0.0000  0.0001  0.0002  0.0002  0.0001  0.0001  1.0000  0.0001  0.0001  0.0259  0.0004  0.0003  0.0000  0.0000  0.0001  0.0000  0.0000  0.0000
 0.5994  0.0000  0.0340  0.1521  0.5137  0.1260  0.0971  0.0361  0.1223  0.2791  0.1172  0.0686  0.3478  0.1851  0.1512  0.1222  1.0000  0.3294  0.2594  0.0050  0.0000  0.0146  0.0000  0.0000  0.0000
 0.0119  0.0000  0.0000  0.0014  1.0000  0.0000  0.0002  0.0001  0.0001  0.0005  0.0001  0.0000  0.0002  0.0003  0.0072  0.0001  0.0003  0.0002  0.0001  0.0000  0.0000  0.0001  0.0000  0.0000  0.0000
 0.0001  0.0000  0.0001  0.0000  0.0000  1.0000  0.0000  0.0000  0.0003  0.0000  0.0007  0.0411  0.0000  0.0001  0.0000  0.0000  0.0001  0.0001  0.0003  0.0064  0.0000  0.0027  0.0000  0.0000  0.0000
 1.0000  0.0000  0.0027  0.0154  0.0241  0.0069  0.0582  0.0244  0.1539  0.0227  0.0530  0.0041  0.0495  0.0360  0.1025  0.0359  0.2918  0.2182  0.2515  0.0019  0.0000  0.0091  0.0000  0.0000  0.0000
 0.2857  0.0000  0.0117  0.1847  0.3382  0.0109  0.0834  0.0266  0.2927  0.3162  0.0785  0.3420  0.1530  0.0602  0.1591  0.1281  1.0000  0.8777  0.1372  0.0038  0.0000  0.0083  0.0000  0.0000  0.0000
 0.0001  0.0000  0.0001  0.0000  0.0000  0.0696  0.0000  0.0000  0.0003  0.0000  0.0007  0.0001  0.0000  0.0000  0.0000  0.0000  0.0001  0.0001  0.0003  0.0006  0.0000  1.0000  0.0000  0.0000  0.0000
 0.0015  0.0000  0.0004  0.0002  0.0004  0.5618  0.0003  0.0003  0.0416  0.0005  1.0000  0.1599  0.0004  0.0070  0.0008  0.0005  0.0004  0.0074  0.0043  0.0005  0.0000  0.0005  0.0000  0.0000  0.0000
 0.0441  0.0000  0.0322  0.0081  0.0335  0.0150  0.0094  0.6590  0.0095  0.0508  0.0675  0.0054  1.0000  0.0062  0.0502  0.1052  0.0480  0.1075  0.0124  0.0040  0.0000  0.0445  0.0000  0.0000  0.0000
 0.0006  0.0000  0.0018  0.0002  0.0003  0.1115  0.0004  0.0061  0.0069  0.0004  0.0036  0.0003  0.0040  0.0003  0.0004  0.0004  0.0005  0.0005  0.0029  0.0002  0.0000  1.0000  0.0000  0.0000  0.0000
 0.0304  0.0000  1.0000  0.0002  0.0005  0.0003  0.0001  0.0001  0.0257  0.0005  0.0019  0.0006  0.0003  0.0007  0.0003  0.0003  0.0176  0.1830  0.1954  0.0001  0.0000  0.0001  0.0000  0.0000  0.0000
 0.0004  0.0000  0.0000  0.0001  0.0006  0.0001  0.0003  0.0698  0.0002  0.0613  0.0004  0.0001  0.0004  0.0003  0.0009  1.0000  0.0003  0.0004  0.0002  0.0001  0.0000  0.0002  0.0000  0.0000  0.0000
 0.0927  0.0000  0.0111  0.0048  0.0064  0.0133  0.1905  0.0040  0.0033  0.0373  0.0053  0.0019  0.1347  0.0029  0.0620  0.0678  1.0000  0.0731  0.0045  0.0012  0.0000  0.0152  0.0000  0.0000  0.0000
 0.0002  0.0000  0.0001  0.0000  0.0001  0.0006  0.0000  0.0000  0.0010  0.0001  1.0000  0.0223  0.0001  0.0001  0.0001  0.0001  0.0001  0.0001  0.0006  0.0001  0.0000  0.0001  0.0000  0.0000  0.0000
 0.0243  0.0000  0.0006  0.0531  0.0053  0.0006  0.1163  0.0288  0.0008  0.0586  0.0016  0.0006  0.0153  0.0024  0.0072  1.0000  0.0157  0.0774  0.0012  0.0003  0.0000  0.0013  0.0000  0.0000  0.0000
 0.0000  0.0000  0.0000  0.0000  0.0000  1.0000  0.0000  0.0000  0.0000  0.0000  0.0000  0.0000  0.0000  0.0000  0.0000  0.0000  0.0000  0.0000  0.0000  0.0000  0.0000  0.0000  0.0000  0.0000  0.0000
 0.0054  0.0000  0.0001  0.9242  1.0000  0.0623  0.0021  0.0013  0.0007  0.0052  0.0012  0.0005  0.0024  0.0032  0.0068  0.0014  0.0071  0.0427  0.0248  0.0002  0.0000  0.0007  0.0000  0.0000  0.0000
 0.0075  0.0000  0.0000  1.0000  0.3946  0.0001  0.0005  0.0003  0.0002  0.0013  0.0003  0.0001  0.0115  0.0008  0.1193  0.0003  0.0007  0.0006  0.0003  0.0001  0.0000  0.0002  0.0000  0.0000  0.0000
 0.1381  0.0000  0.0004  0.0049  0.0158  0.0005  0.0122  0.0012  0.0016  1.0000  0.0124  0.0009  0.0041  0.0113  0.0638  0.3776  0.0407  0.1322  0.0101  0.0002  0.0000  0.0004  0.0000  0.0000  0.0000
 0.0000  0.0000  0.0000  0.0000  0.0000  0.0000  0.0000  0.0000  0.0000  0.0000  0.0000  0.0000  0.0000  1.0000  0.0000  0.0000  0.0000  0.0000  0.0000  0.0000  0.0000  0.0000  0.0000  0.0000  0.0000
 0.0003  0.0000  0.0001  1.0000  0.0048  0.0001  0.0009  0.0003  0.0000  0.0004  0.0001  0.0000  0.0226  0.0002  0.0003  0.0002  0.0007  0.0003  0.0001  0.0000  0.0000  0.0001  0.0000  0.0000  0.0000
 0.0001  0.0000  0.0001  0.0000  0.0000  0.0081  0.0000  0.0000  0.0002  0.0000  0.0006  0.0001  0.0000  0.0000  0.0000  0.0000  0.0001  0.0001  0.0002  0.0006  0.0000  1.0000  0.0000  0.0000  0.0000
 0.5138  0.0000  0.0443  0.3105  0.1825  0.0100  0.1945  0.0227  0.0561  0.1820  0.1579  0.2745  0.1051  0.1087  0.1523  0.0954  1.0000  0.1750  0.0524  0.0034  0.0000  0.0082  0.0000  0.0000  0.0000
 0.0004  0.0000  0.0005  0.0006  0.0003  0.1256  0.0012  0.0252  0.0004  0.0002  0.0007  0.0002  0.0004  0.0005  0.0002  0.0004  0.0003  0.0003  0.0004  0.0004  0.0000  1.0000  0.0000  0.0000  0.0000
 0.0002  0.0000  0.0001  0.0000  0.0001  0.0064  0.0000  0.0000  0.0116  0.0001  1.0000  0.0008  0.0001  0.0001  0.0001  0.0001  0.0001  0.0001  0.0265  0.0001  0.0000  0.0001  0.0000  0.0000  0.0000
 0.0622  0.0000  0.0001  0.0002  0.0012  0.0002  0.0007  0.0008  0.0004  0.6354  0.0009  0.0003  0.0009  0.0007  0.0021  1.0000  0.0008  0.0010  0.0005  0.0001  0.0000  0.0004  0.0000  0.0000  0.0000
 0.0024  0.0000  0.0002  0.0959  0.0465  0.0004  0.0024  0.0199  0.0008  0.5726  0.0018  0.0006  0.0261  0.0017  0.5288  1.0000  0.0142  0.0023  0.0011  0.0003  0.0000  0.0009  0.0000  0.0000  0.0000
 0.0004  0.0000  0.0001  0.0001  0.0001  0.0010  0.0001  0.0001  0.1877  0.0001  1.0000  0.0286  0.0083  0.0002  0.0002  0.0001  0.0001  0.0054  0.0135  0.0001  0.0000  0.0001  0.0000  0.0000  0.0000
 0.0002  0.0000  0.0001  0.0000  0.0000  1.0000  0.0000  0.0000  0.0005  0.0000  0.0849  0.0061  0.0000  0.0001  0.0000  0.0000  0.0001  0.0001  0.0004  0.0007  0.0000  0.0060  0.0000  0.0000  0.0000
 0.0007  0.0000  0.0001  0.0001  0.0010  0.0001  0.0005  0.0110  0.0003  0.1460  0.0007  0.0002  0.0007  0.0006  0.0017  1.0000  0.0112  0.1041  0.0004  0.0001  0.0000  0.0003  0.0000  0.0000  0.0000
 0.0125  0.0000  0.0009  1.0000  0.1210  0.0008  0.0135  0.0020  0.1966  0.0460  0.0050  0.0066  0.2137  0.0046  0.0780  0.0086  0.0401  0.0321  0.0101  0.0003  0.0000  0.0006  0.0000  0.0000  0.0000
 0.0456  0.0000  0.0001  0.0000  0.0001  0.0068  0.0001  0.0001  0.0019  0.0001  1.0000  0.0133  0.0001  0.0053  0.0002  0.0001  0.0001  0.0003  0.0386  0.0001  0.0000  0.0001  0.0000  0.0000  0.0000
 0.0087  0.0000  0.0002  0.0002  0.0002  1.0000  0.0053  0.0001  0.0005  0.0002  0.0858  0.0003  0.0001  0.0005  0.0001  0.0002  0.0353  0.0004  0.0006  0.0007  0.0000  0.0331  0.0000  0.0000  0.0000
 0.5079  0.0000  0.1756  0.2529  0.2788  0.7281  0.3252  0.7033  0.8193  0.3689  0.6452  0.2296  0.3038  0.2017  0.3126  0.5053  0.4312  0.4521  0.6362  0.1813  0.0000  1.0000  0.0000  0.0000  0.0000
 0.0014  0.0000  0.0003  0.0151  0.0018  0.0003  0.0031  0.0079  0.0003  0.0701  0.0007  0.0002  0.0594  0.0010  0.0018  1.0000  0.0116  0.1796  0.0005  0.0002  0.0000  0.0006  0.0000  0.0000  0.0000
 0.1170  0.0000  0.0136  0.0480  1.0000  0.0040  0.0378  0.0095  0.0144  0.1467  0.3222  0.0470  0.0467  0.0211  0.2944  0.0405  0.0654  0.0547  0.0220  0.0014  0.0000  0.0032  0.0000  0.0000  0.0000
 0.0043  0.0000  0.0002  0.0349  0.0373  0.0002  1.0000  0.0010  0.0001  0.0015  0.0003  0.0001  0.2260  0.0009  0.0050  0.0072  0.1011  0.0011  0.0051  0.0001  0.0000  0.0005  0.0000  0.0000  0.0000
 0.0045  0.0000  0.0063  0.0201  0.1248  0.8828  0.0052  0.2546  0.0028  0.0033  0.0047  0.0016  0.0068  0.0022  0.0030  0.0030  0.0050  0.0036  0.0037  0.0014  0.0000  1.0000  0.0000  0.0000  0.0000
 0.0267  0.0000  0.0161  0.0505  0.1402  0.0019  0.0134  0.1358  0.0067  0.0426  0.0108  0.0491  0.0175  0.0321  1.0000  0.0721  0.1781  0.1482  0.1121  0.0007  0.0000  0.0016  0.0000  0.0000  0.0000
 0.0203  0.0000  0.0071  0.0842  0.1203  0.6946  0.0132  0.0217  0.0157  0.0215  0.0959  0.0271  0.1119  0.0212  0.0117  0.0139  0.0305  0.0156  0.0898  0.0285  0.0000  1.0000  0.0000  0.0000  0.0000
 0.0000  0.0000  0.0000  1.0000  0.0000  0.0000  0.0000  0.0000  0.0000  0.0000  0.0000  0.0000  0.0000  0.0000  0.0000  0.0000  0.0000  0.0000  0.0000  0.0000  0.0000  0.0000  0.0000  0.0000  0.0000
 0.0073  0.0000  0.0076  0.0018  0.0020  0.1025  0.0923  0.0580  0.0028  0.0022  0.0046  0.0016  0.0120  0.0015  0.0021  0.0231  0.0030  0.0028  0.0035  0.0013  0.0000  1.0000  0.0000  0.0000  0.0000
 0.0206  0.0000  0.0017  0.0004  0.1421  0.0011  0.0001  0.0003  0.2249  0.0013  0.1006  0.0569  0.0006  0.0018  0.0009  0.0007  0.0055  0.0993  1.0000  0.0002  0.0000  0.0004  0.0000  0.0000  0.0000
 0.0002  0.0000  0.0001  0.0000  0.0000  1.0000  0.0000  0.0000  0.0003  0.0000  0.0069  0.0002  0.0000  0.0001  0.0000  0.0000  0.0001  0.0001  0.0003  0.0008  0.0000  0.1656  0.0000  0.0000  0.0000
 0.0000  0.0000  0.0000  1.0000  0.0000  0.0000  0.0000  0.0000  0.0000  0.0000  0.0000  0.0000  0.0000  0.0000  0.0000  0.0000  0.0000  0.0000  0.0000  0.0000  0.0000  0.0000  0.0000  0.0000  0.0000
 0.0000  0.0000  0.0000  0.0000  0.0000  0.0000  0.0000  0.0000  0.0000  0.0000  0.0000  0.0000  0.0000  0.0000  0.0000  0.0000  0.0000  0.0000  0.0000  1.0000  0.0000  0.0000  0.0000  0.0000  0.0000
 0.0110  0.0000  0.0097  0.0005  0.0007  0.0004  0.0002  0.0002  0.0405  0.0008  0.0147  0.1020  0.1990  0.0011  0.0006  0.0005  0.0421  1.0000  0.0311  0.0001  0.0000  0.0002  0.0000  0.0000  0.0000
 0.0628  0.0000  0.0484  0.0060  0.0081  0.1009  0.1086  0.0147  1.0000  0.1611  0.4676  0.7625  0.0090  0.0062  0.0417  0.0103  0.0118  0.0605  0.6035  0.0056  0.0000  0.0284  0.0000  0.0000  0.0000
 0.0042  0.0000  0.0013  0.0011  0.0016  0.0166  0.0017  0.0025  0.0704  0.1364  1.0000  0.0334  0.0017  0.0017  0.0298  0.0021  0.0237  0.0028  0.0312  0.0014  0.0000  0.1785  0.0000  0.0000  0.0000
 0.0134  0.0000  0.0003  0.0006  0.0021  0.0009  0.0079  0.0229  0.0081  1.0000  0.0262  0.0006  0.1329  0.0041  0.0605  0.2079  0.0094  0.0017  0.0012  0.0003  0.0000  0.0165  0.0000  0.0000  0.0000
 0.0864  0.0000  0.0530  0.0262  0.0348  0.4132  0.1272  0.1011  0.0996  0.0650  0.1435  0.0282  0.1032  0.0369  0.2974  0.0502  0.1351  0.0869  0.1139  0.0236  0.0000  1.0000  0.0000  0.0000  0.0000
 0.6779  0.0000  0.0458  0.5375  0.9092  0.0428  0.6940  0.1305  0.1604  1.0000  0.2770  0.0908  0.4640  0.4314  0.8766  0.4842  0.6791  0.5514  0.2478  0.0147  0.0000  0.0325  0.0000  0.0000  0.0000
 0.5695  0.0000  0.0071  0.0828  0.2175  0.0066  0.1420  0.0160  0.0247  0.4337  0.0526  0.0271  0.1357  0.0363  1.0000  0.2837  0.1828  0.2168  0.0411  0.0023  0.0000  0.0050  0.0000  0.0000  0.0000
 0.7230  0.0000  0.0152  0.2206  0.3604  0.0610  0.4639  0.1278  0.1195  0.3041  0.0968  0.0562  0.2211  0.1530  0.1653  0.1477  1.0000  0.2116  0.1582  0.0067  0.0000  0.0376  0.0000  0.0000  0.0000
 0.3234  0.0000  0.0171  0.2703  0.3295  0.0166  0.1819  0.1010  0.0932  0.5146  0.2075  0.1811  0.2344  0.1192  1.0000  0.6950  0.4213  0.1873  0.1173  0.1702  0.0000  0.0133  0.0000  0.0000  0.0000
 0.8148  0.0000  0.0495  0.6036  1.0000  0.0461  0.5412  0.1204  0.2052  0.9716  0.2978  0.1442  0.6633  0.2872  0.7842  0.5343  0.7404  0.5861  0.3079  0.0159  0.0000  0.0350  0.0000  0.0000  0.0000
 1.0000  0.0000  0.0170  0.3265  0.5252  0.0291  0.1605  0.0388  0.1393  0.4328  0.0957  0.0534  0.2793  0.8939  0.4308  0.4191  0.5154  0.2863  0.1850  0.0056  0.0000  0.1724  0.0000  0.0000  0.0000
 0.7288  0.0000  0.0355  0.5226  0.9927  0.0332  0.3047  0.1342  0.2654  1.0000  0.2508  0.1562  0.3680  0.3349  0.6267  0.6374  0.7265  0.4863  0.2313  0.0114  0.0000  0.0333  0.0000  0.0000  0.0000
 0.7884  0.0000  0.0543  0.6518  1.0000  0.0515  0.3863  0.1305  0.1938  0.9117  0.3061  0.1263  0.5016  0.2970  0.6061  0.5214  0.7408  0.5604  0.2844  0.0175  0.0000  0.0434  0.0000  0.0000  0.0000
 0.8193  0.0000  0.0768  0.6277  1.0000  0.1519  0.4180  0.1979  0.2610  0.9348  0.3980  0.1364  0.5229  0.3095  0.6085  0.5667  0.7881  0.6135  0.3689  0.0436  0.0000  0.1959  0.0000  0.0000  0.0000
 0.6237  0.0000  0.0296  0.8129  0.8983  0.0551  0.2971  0.0673  0.1145  0.5520  0.2456  0.0587  0.4750  0.3868  0.5185  0.3634  1.0000  0.3778  0.2407  0.0095  0.0000  0.0209  0.0000  0.0000  0.0000
 0.6980  0.0000  0.0352  0.4670  0.6987  0.0328  0.4367  0.1294  0.1295  0.7782  0.2778  0.0697  0.5190  0.3381  0.7363  0.9620  1.0000  0.4804  0.2429  0.0113  0.0000  0.0249  0.0000  0.0000  0.0000
 0.6172  0.0000  0.0375  0.5083  1.0000  0.0352  0.4251  0.1041  0.1539  0.6961  0.2506  0.0940  0.5363  0.2728  0.5473  0.4392  0.7241  0.4635  0.2127  0.0121  0.0000  0.0425  0.0000  0.0000  0.0000
 0.7255  0.0000  0.0325  0.5350  0.6667  0.0432  0.4648  0.0885  0.1202  0.7639  0.2176  0.1403  0.4986  0.1985  0.7548  1.0000  0.6248  0.5072  0.2027  0.0110  0.0000  0.0746  0.0000  0.0000  0.0000
 0.7151  0.0000  0.0470  0.6385  1.0000  0.0560  0.4415  0.1924  0.1822  0.8415  0.3475  0.1264  0.4563  0.2899  0.5883  0.6875  0.7290  0.5496  0.2722  0.0152  0.0000  0.0340  0.0000  0.0000  0.0000
 0.7469  0.0000  0.0396  0.6447  1.0000  0.0584  0.3215  0.0955  0.1734  0.7176  0.3099  0.0785  0.4509  0.2231  0.6918  0.4953  0.6803  0.5217  0.2397  0.0127  0.0000  0.0281  0.0000  0.0000  0.0000
 0.7407  0.0000  0.0537  0.6472  1.0000  0.0434  0.4283  0.3644  0.1629  0.9778  0.2972  0.0921  0.4935  0.3082  0.6499  0.5685  0.6687  0.5831  0.2484  0.0316  0.0000  0.0330  0.0000  0.0000  0.0000
 0.5729  0.0000  0.0262  0.4643  1.0000  0.0245  0.2667  0.1642  0.1348  0.5323  0.1626  0.0520  0.4706  0.3133  0.5391  0.3731  0.4286  0.4484  0.2072  0.0084  0.0000  0.0185  0.0000  0.0000  0.0000
 0.7799  0.0000  0.0319  0.4873  0.8192  0.0298  0.3612  0.2672  0.1552  0.9388  0.3268  0.0632  0.5068  0.3150  0.5979  1.0000  0.5303  0.4504  0.2064  0.0102  0.0000  0.0226  0.0000  0.0000  0.0000
 0.7734  0.0000  0.0458  0.6247  1.0000  0.0430  0.3770  0.1161  0.1602  0.7996  0.2970  0.0906  0.4715  0.3315  0.5931  0.6014  0.7320  0.5562  0.2615  0.0148  0.0000  0.0537  0.0000  0.0000  0.0000
 0.6844  0.0000  0.0460  0.6101  1.0000  0.0430  0.4027  0.1396  0.1724  0.8452  0.3416  0.0942  0.4387  0.3625  0.5837  0.5245  0.7007  0.5412  0.2610  0.0197  0.0000  0.0327  0.0000  0.0000  0.0000
 0.8221  0.0000  0.0407  0.4842  0.9003  0.0766  0.4094  0.1700  0.1637  0.9252  0.2524  0.0807  0.4657  0.4250  0.7152  1.0000  0.8702  0.6585  0.3126  0.0131  0.0000  0.0292  0.0000  0.0000  0.0000
 0.8437  0.0000  0.1023  0.6334  1.0000  0.2610  0.4499  0.2780  0.2911  0.9335  0.4714  0.1711  0.5491  0.3140  0.6253  0.5831  0.7901  0.6411  0.4130  0.0715  0.0000  0.3380  0.0000  0.0000  0.0000
 0.5392  0.0000  0.0111  0.3503  0.2716  0.0105  1.0000  0.0253  0.1080  0.2868  0.0740  0.0407  0.6900  0.1033  0.6141  0.1990  0.5451  0.3835  0.1073  0.0204  0.0000  0.0181  0.0000  0.0000  0.0000
 0.7617  0.0000  0.0419  0.6195  0.8961  0.0403  0.4171  0.1094  0.2135  1.0000  0.2858  0.1383  0.5215  0.2664  0.9745  0.5606  0.8907  0.4897  0.3023  0.0327  0.0000  0.0464  0.0000  0.0000  0.0000
 0.8745  0.0000  0.0700  0.6016  1.0000  0.0481  0.4334  0.1161  0.3062  0.8894  0.4148  0.1284  0.5090  0.4088  0.6149  0.5345  0.7822  0.6163  0.4056  0.0165  0.0000  0.0369  0.0000  0.0000  0.0000
 0.6650  0.0000  0.0325  0.4691  0.7216  0.0367  0.3347  0.0921  0.1139  0.7901  0.2481  0.1396  0.3243  0.2138  0.4236  1.0000  0.4956  0.3771  0.4050  0.0105  0.0000  0.0232  0.0000  0.0000  0.0000
 0.6498  0.0000  0.0414  0.5620  0.9580  0.0502  1.0000  0.1268  0.1614  0.9021  0.3787  0.0813  0.7564  0.3573  0.6692  0.5007  0.8609  0.5752  0.3052  0.0140  0.0000  0.0788  0.0000  0.0000  0.0000
 0.6528  0.0000  0.0423  0.4159  0.6518  0.0915  0.3109  0.1111  0.1449  0.6156  0.4217  0.0871  0.4307  0.4334  0.4949  0.4663  1.0000  0.5247  0.2179  0.0197  0.0000  0.0719  0.0000  0.0000  0.0000
 1.0000  0.0000  0.0140  0.1391  0.2421  0.1049  0.2323  0.2005  0.0994  0.2787  0.0944  0.0328  0.1800  0.2291  0.2246  0.1708  0.6656  0.5752  0.1780  0.0062  0.0000  0.0217  0.0000  0.0000  0.0000
 1.0000  0.0000  0.0420  0.4159  0.5363  0.0344  0.5074  0.0609  0.1334  0.4922  0.2153  0.2703  0.4607  0.3639  0.3670  0.3737  0.9793  0.7844  0.2486  0.0087  0.0000  0.0194  0.0000  0.0000  0.0000
 0.5168  0.0000  0.0257  0.2978  0.6287  0.0253  0.6195  0.0740  0.0896  0.7038  0.2023  0.1030  0.4450  0.1661  0.7108  1.0000  0.3734  0.3548  0.1809  0.0086  0.0000  0.0357  0.0000  0.0000  0.0000
 1.0000  0.0000  0.0174  0.2513  0.4552  0.0165  0.3461  0.0396  0.1019  0.4556  0.1344  0.0583  0.2438  0.2648  0.4373  0.2247  0.3320  0.2292  0.1269  0.0185  0.0000  0.0250  0.0000  0.0000  0.0000
 0.4896  0.0000  0.1138  0.1871  0.3174  0.5042  0.3271  0.3331  0.3922  0.2787  1.0000  0.1685  0.2588  0.2007  0.2605  0.2857  0.3254  0.2995  0.4017  0.1045  0.0000  0.5794  0.0000  0.0000  0.0000
 0.4004  0.0000  0.0135  0.2148  0.3437  0.0391  0.3410  0.1614  0.0575  0.2623  0.0859  0.0267  0.2877  1.0000  0.2788  0.3257  0.3478  0.2312  0.1026  0.0044  0.0000  0.0098  0.0000  0.0000  0.0000
 0.8686  0.0000  0.0386  0.6795  0.8541  0.0360  0.6833  0.1450  0.1353  0.6898  0.2454  0.2915  0.5750  1.0000  0.4795  0.6017  0.8848  0.9541  0.2289  0.0124  0.0000  0.0274  0.0000  0.0000  0.0000
 0.9821  0.0000  0.1423  0.8648  0.8804  0.4749  0.8797  0.6151  0.4183  0.8959  0.6888  0.2483  0.6133  0.3364  0.6554  0.7796  1.0000  0.7669  0.5545  0.1431  0.0000  0.6476  0.0000  0.0000  0.0000
 0.8930  0.0000  0.0503  0.7602  0.9356  0.2009  0.4501  0.1907  0.2529  0.8804  0.3633  0.0984  0.6140  1.0000  0.7452  0.5536  0.7997  0.7631  0.3459  0.0173  0.0000  0.0436  0.0000  0.0000  0.0000
 0.7149  0.0000  0.0496  0.5026  0.7531  0.1550  0.4131  0.2888  0.1668  0.7845  0.3403  0.1232  0.5823  1.0000  0.4974  0.6649  0.9372  0.4742  0.3941  0.0376  0.0000  0.0933  0.0000  0.0000  0.0000
 0.8331  0.0000  0.0533  0.6367  1.0000  0.0531  0.4108  0.1387  0.1946  0.9704  0.3265  0.1049  0.5564  0.4350  0.6218  0.5509  0.8239  0.7321  0.3405  0.0179  0.0000  0.0996  0.0000  0.0000  0.0000
 0.4979  0.0000  0.0991  0.1100  0.0687  0.1669  1.0000  0.2175  0.1626  0.0837  0.2163  0.0619  0.2518  0.1152  0.1840  0.0844  0.3690  0.1460  0.2171  0.0702  0.0000  0.3211  0.0000  0.0000  0.0000
 1.0000  0.0000  0.0388  0.4677  0.7349  0.0614  0.4035  0.0947  0.1601  0.7708  0.2980  0.0767  0.5044  0.2923  0.5638  0.5769  0.6137  0.5796  0.3808  0.0127  0.0000  0.0288  0.0000  0.0000  0.0000
 1.0000  0.0000  0.0445  0.6152  0.8664  0.0590  0.4628  0.1875  0.2951  0.7545  0.2688  0.0872  0.5342  0.3775  0.5787  0.5230  0.9403  0.8662  0.4107  0.0152  0.0000  0.0377  0.0000  0.0000  0.0000
 0.9081  0.0000  0.0118  0.1653  0.3512  0.0111  0.3451  0.0269  0.0975  0.2591  0.0926  0.0539  0.2474  0.1999  0.1872  0.2575  1.0000  0.2748  0.1538  0.0038  0.0000  0.0355  0.0000  0.0000  0.0000
 0.3489  0.0000  0.0145  1.0000  0.5002  0.0136  0.6153  0.0852  0.0633  0.2957  0.1118  0.0501  0.9283  0.1711  0.3493  0.2278  0.4089  0.3041  0.1342  0.0047  0.0000  0.0103  0.0000  0.0000  0.0000
 0.2593  0.0000  0.0091  0.1276  0.1873  0.0228  0.2581  0.0208  0.0320  0.2877  0.1036  0.0347  0.1080  0.0893  0.2887  1.0000  0.2001  0.2295  0.0802  0.0029  0.0000  0.0065  0.0000  0.0000  0.0000
 0.8273  0.0000  0.0903  0.6316  1.0000  0.2156  0.4286  0.2525  0.2755  0.9219  0.4776  0.1485  0.5288  0.3181  0.6148  0.5895  0.7728  0.6224  0.3970  0.0590  0.0000  0.2714  0.0000  0.0000  0.0000
 0.7705  0.0000  0.0586  0.5724  0.9510  0.1143  0.3981  0.1959  0.2919  0.8470  0.3310  0.1067  0.6305  0.3976  0.5314  1.0000  0.9040  0.5665  0.3269  0.0281  0.0000  0.1130  0.0000  0.0000  0.0000
 0.2935  0.0000  0.0164  0.2222  0.4279  0.0156  1.0000  0.1265  0.0573  0.4810  0.0925  0.0324  0.4395  0.3031  0.2190  0.2361  0.6694  0.4710  0.1603  0.0053  0.0000  0.1101  0.0000  0.0000  0.0000
 1.0000  0.0000  0.0520  0.3051  0.5961  0.2073  0.4377  0.1726  0.2054  0.4634  0.2443  0.0818  0.3336  0.2022  0.3883  0.6762  0.9996  0.6555  0.4064  0.0376  0.0000  0.1963  0.0000  0.0000  0.0000
 0.7688  0.0000  0.0535  0.6330  1.0000  0.0573  0.3986  0.1283  0.1876  0.9245  0.3032  0.1073  0.4975  0.2945  0.6072  0.5222  0.7379  0.5767  0.3000  0.0207  0.0000  0.0430  0.0000  0.0000  0.0000
 0.2724  0.0000  0.0071  0.2745  1.0000  0.0067  0.1050  0.0987  0.0416  0.1848  0.0696  0.0471  0.1245  0.1224  0.2891  0.3783  0.2824  0.1527  0.0382  0.0023  0.0000  0.0051  0.0000  0.0000  0.0000
 0.7764  0.0000  0.0583  0.5883  1.0000  0.0911  0.4357  0.1656  0.2030  0.8461  0.3207  0.1067  0.4779  0.4122  0.5785  0.5700  0.6833  0.5231  0.3936  0.0347  0.0000  0.1228  0.0000  0.0000  0.0000
 0.5481  0.0000  0.1758  0.2230  0.2812  0.7091  0.3789  0.5410  0.4500  0.3003  0.6564  0.2407  0.3139  0.2164  0.3194  0.3841  0.4602  0.4088  0.5834  0.1927  0.0000  1.0000  0.0000  0.0000  0.0000
 0.8122  0.0000  0.0500  0.6270  1.0000  0.0537  0.3685  0.1322  0.2019  0.9060  0.2917  0.1045  0.4771  0.3384  0.5457  0.5121  0.7287  0.5447  0.3058  0.0169  0.0000  0.0438  0.0000  0.0000  0.0000
 0.7533  0.0000  0.0476  0.6799  0.9143  0.0844  0.3636  0.1821  0.1753  0.8317  0.2924  0.1118  0.5091  0.4030  0.6467  0.5554  1.0000  0.5421  0.3478  0.0158  0.0000  0.0369  0.0000  0.0000  0.0000
 0.3785  0.0000  0.0221  0.2795  0.3557  0.0312  0.2281  0.0649  0.1484  0.3388  0.1959  0.3360  0.2349  0.1635  0.4246  0.3909  0.6951  1.0000  0.3060  0.0211  0.0000  0.0329  0.0000  0.0000  0.0000
 0.3068  0.0000  0.0164  0.4262  0.4081  0.0733  0.1742  0.0506  0.0566  0.3104  0.1422  0.0861  0.4338  1.0000  0.1914  0.2665  0.3958  0.2829  0.1084  0.0261  0.0000  0.0150  0.0000  0.0000  0.0000
 0.9727  0.0000  0.1229  0.6512  1.0000  0.3600  0.5106  0.3704  0.3778  0.8893  0.5926  0.2033  0.5635  0.3871  0.6171  0.6399  0.9070  0.6579  0.4934  0.1008  0.0000  0.4921  0.0000  0.0000  0.0000
 0.2689  0.0000  0.0149  0.1521  0.2733  0.0613  0.2632  0.0356  0.0494  0.6197  0.1675  0.0810  0.3316  0.0876  0.3409  0.3589  1.0000  0.7583  0.0909  0.0063  0.0000  0.0558  0.0000  0.0000  0.0000
 0.7339  0.0000  0.0607  0.6469  1.0000  0.0481  0.4866  0.1329  0.1804  0.9675  0.3677  0.1020  0.7570  0.3706  0.6408  0.9401  0.9891  0.6322  0.3843  0.0166  0.0000  0.0366  0.0000  0.0000  0.0000
 0.6482  0.0000  0.1988  0.3279  0.4554  0.7059  0.4054  0.5581  0.4518  0.4810  0.7302  0.2415  0.4145  0.2825  0.4210  0.4613  0.5329  0.5304  0.5836  0.1855  0.0000  1.0000  0.0000  0.0000  0.0000
 0.4842  0.0000  0.0206  0.2610  0.4871  0.0584  0.1721  0.0877  0.0717  0.3827  0.1580  0.0405  0.6104  0.3361  0.6169  0.3834  1.0000  0.3799  0.2237  0.0260  0.0000  0.0168  0.0000  0.0000  0.0000
 0.6558  0.0000  0.0316  0.4614  0.6193  0.0554  0.4383  0.2643  0.1893  0.6586  0.1778  0.1369  0.3063  1.0000  0.6247  0.4906  0.5983  0.3983  0.2457  0.0104  0.0000  0.0239  0.0000  0.0000  0.0000
 1.0000  0.0000  0.0809  0.5964  0.8057  0.1048  0.5450  0.2040  0.2070  0.7282  0.3664  0.2217  0.5558  0.2630  0.6065  0.4537  0.9313  0.6695  0.4226  0.0271  0.0000  0.1048  0.0000  0.0000  0.0000
 1.0000  0.0000  0.0744  0.6353  0.9837  0.2005  0.7470  0.2826  0.2802  0.8592  0.4700  0.2455  0.4735  0.2993  0.6006  0.5392  0.8456  0.5895  0.3236  0.0452  0.0000  0.2163  0.0000  0.0000  0.0000
 0.6748  0.0000  0.0257  0.4327  0.5610  0.0242  0.3902  0.1197  0.1443  0.4468  0.1452  0.1032  0.9627  0.4063  0.3132  0.2827  1.0000  0.3681  0.1603  0.0083  0.0000  0.0185  0.0000  0.0000  0.0000
 0.2555  0.0000  0.0134  0.1452  0.2971  0.0237  0.1608  0.0334  0.1543  0.1763  0.1825  0.0239  0.2049  0.0933  0.1952  0.1174  0.2975  1.0000  0.0845  0.0321  0.0000  0.0482  0.0000  0.0000  0.0000
 0.2269  0.0000  0.0056  0.1517  0.1045  0.0289  0.0771  0.0331  0.0658  0.1814  0.0460  0.0111  0.1995  0.1741  0.0908  0.2215  1.0000  0.3929  0.0299  0.0019  0.0000  0.0046  0.0000  0.0000  0.0000
 0.1367  0.0000  0.0097  0.1771  0.2670  0.0090  0.1387  0.0669  0.0636  0.3931  0.1089  0.0191  0.1433  1.0000  0.2520  0.2906  0.3335  0.1615  0.1371  0.0031  0.0000  0.0069  0.0000  0.0000  0.0000
 0.1592  0.0000  0.0096  0.2102  0.3314  0.0266  0.2058  0.0524  0.0531  0.2742  0.1178  0.0630  0.1284  0.0592  0.1702  1.0000  0.1910  0.2605  0.0644  0.0031  0.0000  0.0070  0.0000  0.0000  0.0000
 1.0000  0.0000  0.0417  0.2331  0.2924  0.1365  0.2847  0.1414  0.1089  0.3008  0.2914  0.0810  0.2435  0.3387  0.1871  0.2843  0.3476  0.2668  0.2138  0.0345  0.0000  0.2043  0.0000  0.0000  0.0000
 0.4966  0.0000  0.1675  0.2295  0.3325  0.6905  0.4447  0.5215  0.5948  0.3279  0.9905  0.2221  0.3297  0.1992  0.3501  0.4297  0.7892  0.3829  0.9660  0.1741  0.0000  1.0000  0.0000  0.0000  0.0000
 0.2833  0.0000  0.0146  0.2745  0.3281  0.0568  0.3778  0.1018  0.0720  0.2683  0.1188  0.0286  0.2586  0.0895  0.1561  0.2540  1.0000  0.5021  0.1806  0.0051  0.0000  0.0133  0.0000  0.0000  0.0000
 0.8501  0.0000  0.0559  0.6090  1.0000  0.0971  0.6716  0.1464  0.1877  0.8888  0.3606  0.1223  0.5023  0.3016  0.6707  0.7500  0.8730  0.5974  0.3270  0.0226  0.0000  0.0804  0.0000  0.0000  0.0000
 1.0000  0.0000  0.1600  0.5044  0.6790  0.5907  0.4173  0.4725  0.5019  0.6201  0.7237  0.3866  0.4816  0.2911  0.4863  0.5038  0.8730  0.5780  0.6415  0.1509  0.0000  0.8074  0.0000  0.0000  0.0000
 0.1372  0.0000  0.0097  1.0000  0.7996  0.0090  0.1049  0.0220  0.0790  0.5201  0.0896  0.0192  0.1792  0.0780  0.3889  0.0952  0.5361  0.3747  0.2342  0.0031  0.0000  0.0069  0.0000  0.0000  0.0000
 0.1103  0.0000  0.0034  0.0363  0.1444  0.0500  0.0573  0.1003  0.0430  0.2234  0.0187  0.0755  0.1491  0.0597  0.4739  1.0000  0.0666  0.0337  0.0174  0.0014  0.0000  0.0043  0.0000  0.0000  0.0000
 0.3454  0.0000  0.0245  0.3556  1.0000  0.0233  0.1739  0.0781  0.0857  0.7356  0.2098  0.0485  0.5748  0.2426  0.3380  0.3168  0.6830  0.3000  0.1736  0.0080  0.0000  0.0481  0.0000  0.0000  0.0000
 0.3246  0.0000  0.0188  0.2360  0.4131  0.0175  0.2115  0.1604  0.0657  0.4057  0.1060  0.0372  0.3072  0.2707  0.2299  1.0000  0.7913  0.2754  0.1167  0.0060  0.0000  0.0133  0.0000  0.0000  0.0000
 0.4433  0.0000  0.0243  0.3819  0.5597  0.0226  0.1729  0.0551  0.0850  1.0000  0.2336  0.0481  0.6644  0.4658  0.3150  0.6110  0.4983  0.4590  0.1296  0.0078  0.0000  0.0172  0.0000  0.0000  0.0000
 0.2976  0.0000  0.0109  0.0196  0.0277  0.0367  0.0841  0.0284  0.1867  0.0282  0.1455  0.0535  0.0235  0.0387  0.0232  0.0611  0.1819  0.1139  1.0000  0.0096  0.0000  0.0504  0.0000  0.0000  0.0000
 0.1128  0.0000  0.0237  0.0257  0.1563  0.0022  0.0714  0.0051  0.0077  0.0382  0.0327  0.0044  0.4323  0.0113  0.0606  0.0804  1.0000  0.1769  0.0368  0.0007  0.0000  0.0017  0.0000  0.0000  0.0000
 0.5088  0.0000  0.1756  0.2091  0.2795  0.6971  0.3424  0.5498  0.4379  0.2963  0.6815  0.3856  0.3624  0.2417  0.3033  0.3869  0.4679  0.4028  0.5360  0.1832  0.0000  1.0000  0.0000  0.0000  0.0000
 0.2421  0.0000  0.0171  0.3874  0.4168  0.0160  0.1624  0.1667  0.0599  0.3216  0.1411  0.0339  0.3344  0.1943  0.2440  1.0000  0.5330  0.2947  0.0914  0.0055  0.0000  0.0122  0.0000  0.0000  0.0000
 0.6685  0.0000  0.1865  0.3401  0.4902  0.7061  0.4248  0.5622  0.4309  0.4909  0.7354  0.2425  0.4159  0.2698  0.4222  0.4654  0.5583  0.5161  0.5595  0.1864  0.0000  1.0000  0.0000  0.0000  0.0000
 0.7862  0.0000  0.0546  0.6026  1.0000  0.0693  0.5074  0.6849  0.2033  0.8938  0.2970  0.1039  0.4613  0.3635  0.5670  0.7951  0.8878  0.5845  0.2769  0.0219  0.0000  0.1181  0.0000  0.0000  0.0000
 0.8113  0.0000  0.0591  0.6273  1.0000  0.0904  0.3986  0.1402  0.2263  0.9147  0.3420  0.1572  0.5008  0.2748  0.6130  0.6787  0.7766  0.6092  0.3322  0.0243  0.0000  0.0782  0.0000  0.0000  0.0000
 0.2166  0.0000  0.0033  0.0608  0.0092  0.0297  1.0000  0.0054  0.0027  0.0097  0.0037  0.0017  0.1460  0.0395  0.0068  0.0055  0.7147  0.1466  0.0053  0.0010  0.0000  0.0034  0.0000  0.0000  0.0000
 1.0000  0.0000  0.0138  0.0530  0.0884  0.0671  0.1076  0.0242  0.0258  0.5452  0.0439  0.0528  0.0565  0.0460  0.0704  0.3207  0.7185  0.3151  0.0429  0.0060  0.0000  0.0200  0.0000  0.0000  0.0000
 0.1257  0.0000  0.0049  0.2964  0.1197  0.0046  0.1027  0.0111  0.0808  0.1652  0.0275  0.0097  0.0451  1.0000  0.0537  0.1489  0.1714  0.1123  0.0596  0.0016  0.0000  0.0035  0.0000  0.0000  0.0000
 1.0000  0.0000  0.0088  0.1312  0.1619  0.0089  0.0910  0.0202  0.0794  0.1496  0.0493  0.0875  0.1976  0.1007  0.1653  0.1498  0.3378  0.1218  0.3294  0.0030  0.0000  0.0074  0.0000  0.0000  0.0000
 0.8956  0.0000  0.1152  0.6641  1.0000  0.3194  0.4832  0.3154  0.3229  0.9476  0.5471  0.2104  0.7843  0.3313  0.6365  0.6909  0.8062  0.6818  0.5305  0.0860  0.0000  0.4175  0.0000  0.0000  0.0000
 0.4551  0.0000  0.1089  0.1393  0.2175  0.5234  0.2088  0.3843  0.3658  0.1983  0.6624  0.1367  0.2208  0.4753  0.1921  0.2698  0.3271  0.4695  1.0000  0.1126  0.0000  0.6095  0.0000  0.0000  0.0000
 0.0607  0.0000  0.0034  0.0051  0.0053  0.0095  0.0713  0.0304  0.0064  0.0062  0.0098  0.0322  0.0079  0.0558  0.0218  0.0060  1.0000  0.2271  0.0089  0.0027  0.0000  0.0459  0.0000  0.0000  0.0000
 0.0577  0.0000  0.0012  0.0119  0.0404  0.0010  0.0202  0.0024  0.0036  0.1968  0.0287  0.0021  0.0912  0.0364  0.0109  0.0098  1.0000  0.1084  0.0056  0.0004  0.0000  0.0009  0.0000  0.0000  0.0000
 0.1577  0.0000  0.0022  0.0506  0.0787  0.0021  0.0332  0.0407  0.0077  0.0384  0.0125  0.0044  0.1475  0.0491  0.0824  0.0769  1.0000  0.0502  0.0800  0.0007  0.0000  0.0016  0.0000  0.0000  0.0000
 0.3564  0.0000  0.0179  1.0000  0.4082  0.0167  0.3649  0.0581  0.0625  0.3794  0.1459  0.0354  0.5344  0.0918  0.1970  0.4483  0.8500  0.3342  0.0954  0.0057  0.0000  0.0127  0.0000  0.0000  0.0000
 0.4492  0.0000  0.1064  0.2142  0.3114  0.7248  0.2704  0.3216  0.2680  0.2669  1.0000  0.1835  0.2287  0.1893  0.4977  0.3152  0.3081  0.2851  0.3935  0.1070  0.0000  0.5745  0.0000  0.0000  0.0000
 0.6765  0.0000  0.1699  0.2772  0.3807  0.6378  0.3698  0.4865  0.4096  0.3918  0.9047  0.2326  0.3602  0.3217  0.5529  0.3805  0.6638  1.0000  0.4989  0.1647  0.0000  0.8712  0.0000  0.0000  0.0000
 0.0740  0.0000  0.0035  0.0707  0.0583  0.0034  1.0000  0.0093  0.0107  0.0901  0.0386  0.0062  0.0589  0.0170  0.0830  0.2826  0.3184  0.0339  0.0163  0.0013  0.0000  0.0036  0.0000  0.0000  0.0000
 0.1411  0.0000  0.0059  0.1269  0.2414  0.0056  0.0420  0.0137  0.0539  0.1379  0.0334  0.0117  0.0546  0.0909  0.3639  1.0000  0.5444  0.0632  0.0315  0.0020  0.0000  0.0044  0.0000  0.0000  0.0000
 0.7779  0.0000  0.0503  0.5821  1.0000  0.0495  0.4777  0.1858  0.1877  0.9050  0.2950  0.0991  0.4603  0.3304  0.9585  0.4881  0.9789  0.5942  0.3208  0.0168  0.0000  0.0397  0.0000  0.0000  0.0000
 0.5149  0.0000  0.0294  0.8766  1.0000  0.0274  0.5185  0.0668  0.1372  0.5119  0.2182  0.0583  0.3132  0.1510  0.5311  0.3889  0.5885  0.4166  0.2269  0.0094  0.0000  0.0209  0.0000  0.0000  0.0000
 0.8258  0.0000  0.1010  0.7213  0.9827  0.0952  0.4799  0.1528  0.2075  0.9116  0.3782  0.1663  0.4998  0.4311  0.8595  0.5268  1.0000  0.9764  0.5248  0.0293  0.0000  0.1035  0.0000  0.0000  0.0000
 0.0925  0.0000  0.0037  0.0422  0.1313  0.0037  0.1183  0.0085  0.0325  0.0832  0.0636  0.0072  0.0598  0.1318  0.0399  0.0659  1.0000  0.0388  0.0194  0.0012  0.0000  0.0030  0.0000  0.0000  0.0000
 0.1057  0.0000  0.0034  0.0734  0.1379  0.0035  0.0314  0.0106  0.0521  0.0459  0.0132  0.0047  0.3678  0.0164  0.0307  1.0000  0.1186  0.0314  0.0124  0.0015  0.0000  0.0050  0.0000  0.0000  0.0000
 0.7974  0.0000  0.0741  0.6403  1.0000  0.1359  0.4061  0.1843  0.2861  0.9296  0.3808  0.1830  0.5226  0.2898  0.6158  0.6419  0.7639  0.6115  0.3467  0.0396  0.0000  0.1615  0.0000  0.0000  0.0000
 0.5423  0.0000  0.0279  0.3254  0.5748  0.0266  0.2528  0.0635  0.0975  0.4829  0.1979  0.0551  0.2922  0.4424  0.3824  0.3251  1.0000  0.3212  0.2376  0.0091  0.0000  0.0207  0.0000  0.0000  0.0000
 1.0000  0.0000  0.0912  0.1750  0.1627  0.3548  0.2244  0.3389  0.2033  0.1701  0.3346  0.1620  0.1696  0.3661  0.1630  0.1883  0.3645  0.7040  0.3642  0.0935  0.0000  0.6239  0.0000  0.0000  0.0000
 0.4396  0.0000  0.0408  0.2419  0.3780  0.0660  0.2449  0.0794  0.1563  0.3945  0.1577  0.0787  0.2386  0.2878  0.2335  0.2160  1.0000  0.2875  0.2786  0.0196  0.0000  0.0801  0.0000  0.0000  0.0000
 0.3651  0.0000  0.0205  0.2896  0.4646  0.0195  0.1746  0.0841  0.0716  0.3545  0.1518  0.0405  0.1888  0.1484  1.0000  0.3166  0.7344  0.2867  0.1439  0.0067  0.0000  0.0152  0.0000  0.0000  0.0000
 0.6178  0.0000  0.0171  0.1422  0.2166  0.0147  0.1389  0.0301  0.0471  0.2788  0.0715  0.0264  0.4090  0.0716  0.1319  0.1599  1.0000  0.7266  0.3547  0.0058  0.0000  0.0134  0.0000  0.0000  0.0000
 0.1172  0.0000  0.0023  0.0044  0.0030  0.0010  0.0129  0.0489  0.0013  0.0033  0.0024  0.0011  0.0049  0.0059  0.0023  0.0022  1.0000  0.0095  0.0040  0.0004  0.0000  0.0010  0.0000  0.0000  0.0000
 0.1773  0.0000  0.0440  0.0851  0.1190  0.1543  0.1202  0.1001  0.7389  0.1343  0.3097  0.1096  0.1026  0.0663  0.0966  0.2561  0.2427  0.2703  1.0000  0.0370  0.0000  0.1858  0.0000  0.0000  0.0000
 0.1611  0.0000  0.0246  0.0349  0.0403  0.1083  0.1071  0.0182  0.1844  0.0531  0.7184  0.1149  0.0292  1.0000  0.0395  0.0457  0.0770  0.0622  0.1428  0.0211  0.0000  0.0318  0.0000  0.0000  0.0000
 0.0033  0.0000  0.0012  0.0005  0.0009  1.0000  0.0008  0.0004  0.0120  0.0007  0.1236  0.0074  0.0005  0.0014  0.0010  0.0007  0.0015  0.0020  0.0078  0.0070  0.0000  0.0268  0.0000  0.0000  0.0000
 0.0862  0.0000  0.0017  0.8822  1.0000  0.0078  0.0339  0.0206  0.0113  0.0854  0.0199  0.0080  0.0386  0.0510  0.1097  0.0237  0.0453  0.0388  0.1629  0.0036  0.0000  0.0105  0.0000  0.0000  0.0000
 0.0356  0.0000  0.0075  0.0409  0.0250  0.0069  0.0380  1.0000  0.0113  0.0390  0.0166  0.0057  0.0487  0.0198  0.0205  0.0294  0.0631  0.1829  0.0185  0.0036  0.0000  0.0098  0.0000  0.0000  0.0000
 0.0583  0.0000  0.0150  0.0081  0.0164  0.1476  0.0133  0.0924  0.2721  0.0239  1.0000  0.2162  0.0156  0.0245  0.0309  0.0234  0.0183  0.0347  0.1530  0.0179  0.0000  0.0238  0.0000  0.0000  0.0000
 0.0000  0.0000  0.0000  0.0000  0.0000  0.0000  1.0000  0.0000  0.0000  0.0000  0.0000  0.0000  0.0000  0.0000  0.0000  0.0000  0.0000  0.0000  0.0000  0.0000  0.0000  0.0000  0.0000  0.0000  0.0000
 0.0000  0.0000  0.0000  0.0000  0.0000  0.0000  0.0000  0.0000  0.0000  1.0000  0.0000  0.0000  0.0000  0.0000  0.0000  0.0000  0.0000  0.0000  0.0000  0.0000  0.0000  0.0000  0.0000  0.0000  0.0000
//
