WARNING! C68 not allowed! score: 0.02 median: 2.78 # of sequence: 23
WARNING! G198 not allowed! score: 0.04 median: 2.77 # of sequence: 25
WARNING! D265 not allowed! score: 0.03 median: 2.77 # of sequence: 25
ID   UNK_ID; MATRIX
AC   UNK_AC
DE   UNK_DE
MA   UNK_BL
  A   B   C   D   E   F   G   H   I   K   L   M   N   P   Q   R   S   T   V   W   X   Y   Z   *   -
 0.0000  0.0000  0.0000  0.0000  0.0000  0.0000  0.0000  0.0000  0.0000  0.0000  0.0000  1.0000  0.0000  0.0000  0.0000  0.0000  0.0000  0.0000  0.0000  0.0000  0.0000  0.0000  0.0000  0.0000  0.0000
 0.0414  0.0000  0.0011  0.3025  1.0000  0.0039  0.0198  0.0106  0.0055  0.0427  0.0099  0.0040  0.0246  0.0242  0.0516  0.0133  0.0253  0.0201  0.0101  0.0018  0.0000  0.0054  0.0000  0.0000  0.0000
 0.0999  0.0000  0.0092  0.0504  0.1323  0.0157  0.0610  0.0534  0.0346  1.0000  0.0709  0.0239  0.0821  0.0575  0.1540  0.5228  0.0940  0.3101  0.0488  0.0095  0.0000  0.0279  0.0000  0.0000  0.0000
 0.0250  0.0000  0.0024  0.0064  0.0357  0.0050  0.0175  0.0210  0.0103  0.4850  0.0241  0.0080  0.0239  0.0189  1.0000  0.2830  0.0207  0.0261  0.0138  0.0037  0.0000  0.0106  0.0000  0.0000  0.0000
 0.6348  0.0000  0.0274  0.0751  0.1254  0.0153  0.1499  0.0163  0.0266  0.0833  0.0438  0.0177  0.0423  1.0000  0.3192  0.0549  0.1532  0.0782  0.0681  0.0057  0.0000  0.0150  0.0000  0.0000  0.0000
 0.8811  0.0000  0.1868  0.4517  0.7730  0.6238  0.5014  0.5830  0.4641  1.0000  0.7826  0.2579  0.4786  0.3766  0.6194  0.8440  0.6582  0.6122  0.6448  0.1717  0.0000  0.8724  0.0000  0.0000  0.0000
 0.4750  0.0000  0.0529  0.9076  0.7822  0.1273  0.6356  0.1832  0.1065  1.0000  0.1795  0.0632  0.9700  0.2237  0.3999  0.3309  0.6259  0.3844  0.1625  0.0239  0.0000  0.0994  0.0000  0.0000  0.0000
 0.6972  0.0000  0.0493  0.5517  0.8827  0.0490  0.3920  0.1107  0.1673  1.0000  0.2697  0.0948  0.4839  0.2720  0.5186  0.4633  0.6792  0.5409  0.2891  0.0166  0.0000  0.0408  0.0000  0.0000  0.0000
 0.0262  0.0000  0.0024  0.0098  0.1276  0.0049  0.1048  0.0203  0.0102  1.0000  0.0234  0.0078  0.0253  0.0189  0.0549  0.5191  0.0223  0.0263  0.0137  0.0035  0.0000  0.0102  0.0000  0.0000  0.0000
 0.1973  0.0000  0.0212  0.1671  0.2594  0.0320  0.1771  0.1270  0.0653  1.0000  0.1395  0.0472  0.3312  0.1259  0.3211  0.8533  0.5039  0.2175  0.0912  0.0210  0.0000  0.0639  0.0000  0.0000  0.0000
 0.5921  0.0000  0.0672  0.9749  0.8080  0.0791  1.0000  0.2101  0.2041  0.9926  0.1984  0.0706  0.8589  0.2676  0.4318  0.4238  0.6705  0.4017  0.1829  0.0317  0.0000  0.1282  0.0000  0.0000  0.0000
 0.0822  0.0000  0.0223  0.0159  0.0275  0.2213  0.0250  0.0339  0.3265  0.0590  1.0000  0.1814  0.0270  0.0779  0.0416  0.0370  0.0337  0.0535  0.1890  0.0240  0.0000  0.0599  0.0000  0.0000  0.0000
 1.0000  0.0000  0.0342  0.0424  0.0484  0.0172  0.1153  0.0127  0.0600  0.0541  0.0590  0.0237  0.0540  0.2934  0.0386  0.0348  0.3466  0.4195  0.2283  0.0066  0.0000  0.0145  0.0000  0.0000  0.0000
 0.7392  0.0000  0.1936  0.2092  0.3727  0.5817  0.3130  0.4875  0.6315  0.6981  0.8032  0.2581  0.3299  0.3190  0.4129  0.6504  0.4330  0.5754  1.0000  0.1548  0.0000  0.7912  0.0000  0.0000  0.0000
 0.2917  0.0000  0.0657  0.0913  0.2497  0.2422  0.1927  0.2580  0.2068  0.9086  0.4250  0.1930  0.2121  0.1594  0.3662  1.0000  0.2289  0.2529  0.2414  0.0727  0.0000  0.4416  0.0000  0.0000  0.0000
 0.3369  0.0000  0.0692  0.0279  0.0674  0.0726  0.0159  0.0189  0.6548  0.0657  0.4058  0.1031  0.0341  0.0739  0.0474  0.0406  0.0632  0.2451  1.0000  0.0113  0.0000  0.0310  0.0000  0.0000  0.0000
 0.2722  0.0000  0.0116  0.0036  0.0090  0.0162  0.0028  0.0022  0.2899  0.0098  0.3530  0.0218  0.0051  0.0116  0.0068  0.0062  0.0096  0.0406  1.0000  0.0022  0.0000  0.0056  0.0000  0.0000  0.0000
 0.4420  0.0000  0.0863  0.0218  0.0652  0.0503  0.0132  0.0166  0.4964  0.0653  0.3220  0.0946  0.0312  0.1117  0.0484  0.0373  0.0724  0.3027  1.0000  0.0084  0.0000  0.0167  0.0000  0.0000  0.0000
 0.6993  0.0000  0.1066  0.1143  0.1983  0.1033  0.1675  0.0748  0.4603  0.2172  0.3403  0.1101  0.1223  0.6597  0.1450  0.2320  0.3567  0.4242  1.0000  0.0258  0.0000  0.1001  0.0000  0.0000  0.0000
 0.0959  0.0000  0.0194  0.0165  0.0211  0.1031  0.0428  0.0132  1.0000  0.0286  0.5042  0.1001  0.0213  0.0162  0.0171  0.0260  0.0326  0.0600  0.9139  0.0144  0.0000  0.0526  0.0000  0.0000  0.0000
 0.2877  0.0000  0.0289  0.0086  0.0230  0.0284  0.0046  0.0078  0.2750  0.0236  0.2390  0.0945  0.0123  0.0304  0.0178  0.0147  0.1849  0.1008  1.0000  0.0045  0.0000  0.0120  0.0000  0.0000  0.0000
 1.0000  0.0000  0.1418  0.3257  0.4838  0.3278  0.5548  0.2684  0.2996  0.4718  0.4523  0.1548  0.3206  0.3033  0.3461  0.3491  0.6815  0.4556  0.4278  0.0886  0.0000  0.4360  0.0000  0.0000  0.0000
 0.4928  0.0000  0.0788  0.0258  0.0659  0.0589  0.0121  0.0229  0.5565  0.0667  0.6293  0.0923  0.0367  0.0854  0.0502  0.0406  0.1694  0.3337  1.0000  0.0106  0.0000  0.0298  0.0000  0.0000  0.0000
 0.0674  0.0000  0.0194  0.0171  0.0215  0.0963  0.0688  0.0132  1.0000  0.0291  0.7403  0.0880  0.0218  0.0177  0.0170  0.0261  0.1331  0.0627  0.9608  0.0137  0.0000  0.0516  0.0000  0.0000  0.0000
 0.4474  0.0000  0.0601  0.0753  0.1028  0.1931  0.2222  0.0956  0.9223  0.1112  0.8682  0.1209  0.0887  0.0943  0.0863  0.1000  0.2600  0.1607  1.0000  0.0413  0.0000  0.1933  0.0000  0.0000  0.0000
 0.4110  0.0000  0.0845  0.0381  0.0770  0.1128  0.0537  0.0531  0.6248  0.0804  0.3979  0.1085  0.0537  0.0953  0.0635  0.0607  0.1157  0.2873  1.0000  0.0229  0.0000  0.0953  0.0000  0.0000  0.0000
 0.1637  0.0000  0.0127  0.0049  0.0102  0.0317  0.0060  0.0026  0.7327  0.0120  0.3248  0.6138  0.0069  0.0123  0.0082  0.0086  0.0116  0.0434  1.0000  0.0040  0.0000  0.0101  0.0000  0.0000  0.0000
 0.4552  0.0000  0.0729  0.0215  0.0572  0.0721  0.0162  0.0177  0.6400  0.0592  0.4538  0.1067  0.0306  0.0778  0.0441  0.0366  0.0709  0.2540  1.0000  0.0111  0.0000  0.0274  0.0000  0.0000  0.0000
 0.2218  0.0000  0.0388  0.0132  0.0307  0.0566  0.0127  0.0086  0.7303  0.0337  0.6036  0.0725  0.0184  0.0388  0.0229  0.0221  0.1447  0.1360  1.0000  0.0079  0.0000  0.0225  0.0000  0.0000  0.0000
 0.1709  0.0000  0.0575  0.0587  0.0790  0.3074  0.1589  0.1292  0.9956  0.0905  0.9018  0.3411  0.0865  0.0632  0.0855  0.1007  0.1569  0.1415  1.0000  0.0567  0.0000  0.2614  0.0000  0.0000  0.0000
 0.5456  0.0000  0.1060  0.1183  0.1999  0.1189  0.0834  0.0823  0.5163  0.1977  0.3910  0.1214  0.1389  0.1455  0.1435  0.1296  0.2788  0.5154  1.0000  0.0285  0.0000  0.1163  0.0000  0.0000  0.0000
 0.3793  0.0000  0.0594  0.0191  0.0487  0.1944  0.0130  0.0248  0.3750  0.0502  0.7555  0.1019  0.0289  0.0650  0.0421  0.0344  0.0539  0.3946  1.0000  0.0131  0.0000  0.0378  0.0000  0.0000  0.0000
 0.5515  0.0000  0.0551  0.0184  0.0458  0.0596  0.0236  0.0164  0.3352  0.0480  0.7160  0.0872  0.1021  0.0643  0.0376  0.0309  0.0603  0.1887  1.0000  0.0094  0.0000  0.0213  0.0000  0.0000  0.0000
 0.1608  0.0000  0.0037  0.0016  0.0035  0.0265  0.0026  0.0022  0.1100  0.0043  1.0000  0.0331  0.0029  0.0055  0.0057  0.0039  0.0042  0.0099  0.0411  0.0032  0.0000  0.0037  0.0000  0.0000  0.0000
 0.0265  0.0000  0.0102  0.0053  0.0084  0.7516  0.0076  0.0083  0.0770  0.0067  0.6758  0.1301  0.0060  0.0107  0.0084  0.0074  0.0151  0.0171  0.0547  0.0599  0.0000  1.0000  0.0000  0.0000  0.0000
 0.0576  0.0000  0.1835  0.0076  0.0148  0.4061  0.0120  0.0125  0.3328  0.0189  1.0000  0.2113  0.0138  0.0216  0.0253  0.0185  0.0171  0.0371  0.2808  0.0153  0.0000  0.0236  0.0000  0.0000  0.0000
 0.4496  0.0000  0.4783  0.1807  0.2398  0.7367  0.3402  0.4713  0.6620  0.2567  0.7460  0.2102  0.2697  0.1793  0.2567  0.3056  0.3525  0.3510  0.7655  0.1633  0.0000  1.0000  0.0000  0.0000  0.0000
 0.0134  0.0000  0.0604  0.0012  0.0026  0.0132  0.0016  0.0011  0.2051  0.0032  1.0000  0.0163  0.0020  0.0036  0.0030  0.0025  0.0030  0.0098  0.1474  0.0016  0.0000  0.0027  0.0000  0.0000  0.0000
 0.7657  0.0000  0.0580  0.6595  1.0000  0.0698  0.3947  0.1383  0.1957  0.9644  0.3258  0.1112  0.4973  0.2786  0.5951  0.5801  0.7336  0.5762  0.3012  0.0228  0.0000  0.0678  0.0000  0.0000  0.0000
 0.2625  0.0000  0.0570  0.1217  0.2481  0.2012  0.1639  0.3717  0.1960  0.8141  0.2590  0.0877  0.2726  0.1262  0.4174  1.0000  0.2217  0.2199  0.2534  0.1241  0.0000  0.2931  0.0000  0.0000  0.0000
 0.1593  0.0000  0.0354  0.0362  0.1180  0.2303  0.0796  0.1068  0.3484  0.4497  1.0000  0.2312  0.0950  0.0859  0.1871  0.3785  0.0978  0.1281  0.2369  0.0424  0.0000  0.1289  0.0000  0.0000  0.0000
 0.5058  0.0000  0.1761  0.2052  0.2735  0.7038  0.3289  0.5411  0.3921  0.3001  0.6472  0.2198  0.3078  0.2040  0.2943  0.3507  0.4003  0.3921  0.5009  0.1841  0.0000  1.0000  0.0000  0.0000  0.0000
 0.7585  0.0000  0.0556  0.6225  1.0000  0.0605  0.3845  0.1293  0.2010  0.9392  0.3093  0.1083  0.4966  0.2750  0.5927  0.5309  0.7322  0.5785  0.2954  0.0200  0.0000  0.0536  0.0000  0.0000  0.0000
 0.8861  0.0000  0.0559  0.6237  1.0000  0.0584  0.4993  0.1271  0.1907  0.9783  0.3075  0.1542  0.5268  0.3197  0.5874  0.5242  0.9044  0.6184  0.3156  0.0195  0.0000  0.0502  0.0000  0.0000  0.0000
 0.3146  0.0000  0.0117  0.0123  0.0141  0.0049  0.0634  0.0034  0.0065  0.0181  0.0127  0.0058  0.0124  1.0000  0.0111  0.0825  0.5708  0.0352  0.0207  0.0019  0.0000  0.0043  0.0000  0.0000  0.0000
 0.5865  0.0000  0.0608  0.4258  0.7331  0.1313  0.3350  0.2046  0.1886  1.0000  0.3237  0.1278  0.4009  0.2535  0.5341  0.7188  0.5635  0.4630  0.2706  0.0426  0.0000  0.1752  0.0000  0.0000  0.0000
 0.7602  0.0000  0.0541  0.6289  1.0000  0.0598  0.3840  0.1239  0.1881  0.9318  0.3035  0.1064  0.5073  0.2777  0.5934  0.5362  0.7384  0.5711  0.2940  0.0182  0.0000  0.0442  0.0000  0.0000  0.0000
 0.9502  0.0000  0.0285  0.4506  0.6820  0.0270  0.2095  0.0673  0.0975  0.6019  0.1575  0.0553  0.6614  0.3305  0.3131  0.2741  1.0000  0.3028  0.1490  0.0095  0.0000  0.0221  0.0000  0.0000  0.0000
 0.7790  0.0000  0.0605  0.6286  1.0000  0.0823  0.3905  0.1517  0.2058  0.9245  0.3253  0.1137  0.4972  0.2831  0.5964  0.5281  0.7513  0.5957  0.3021  0.0256  0.0000  0.0944  0.0000  0.0000  0.0000
 1.0000  0.0000  0.0834  0.3714  0.6092  0.1048  0.4798  0.1183  0.1862  0.5401  0.2521  0.0923  0.3069  0.3136  0.3552  0.3273  0.6646  0.4094  0.5366  0.0312  0.0000  0.1225  0.0000  0.0000  0.0000
 0.5362  0.0000  0.0355  0.6233  1.0000  0.0374  0.3358  0.0942  0.1252  0.6678  0.2038  0.0722  0.3589  0.2812  0.4945  0.3496  0.5118  0.3903  0.1935  0.0136  0.0000  0.0330  0.0000  0.0000  0.0000
 0.2192  0.0000  0.0081  0.1155  0.1667  0.0065  0.0479  0.0102  0.0139  0.0561  0.0221  0.0085  0.0326  1.0000  0.0438  0.0293  0.2512  0.0496  0.1242  0.0024  0.0000  0.0066  0.0000  0.0000  0.0000
 0.1966  0.0000  0.0279  0.1785  0.1605  0.0203  0.2502  0.0425  0.0489  0.1720  0.0646  0.0270  0.2960  0.1600  0.1113  0.2822  1.0000  0.7637  0.0771  0.0099  0.0000  0.0264  0.0000  0.0000  0.0000
 0.5348  0.0000  0.1782  0.2559  0.3197  0.6965  0.3729  0.5691  0.3979  0.4513  0.6801  0.2252  0.4013  0.2265  0.3509  0.4857  0.4466  0.4240  0.5086  0.1856  0.0000  1.0000  0.0000  0.0000  0.0000
 1.0000  0.0000  0.7883  0.4762  0.6356  0.5498  0.8190  0.4653  0.3832  0.6963  0.6312  0.2664  0.6381  0.3493  0.4846  0.5097  0.8805  0.6808  0.7727  0.1490  0.0000  0.7664  0.0000  0.0000  0.0000
 0.4835  0.0000  0.0542  0.2246  0.4412  0.1003  0.4243  0.1752  0.1322  1.0000  0.2497  0.1141  0.2835  0.4515  0.4470  0.8258  0.4128  0.3902  0.1975  0.0391  0.0000  0.1481  0.0000  0.0000  0.0000
 0.5537  0.0000  0.1781  0.2433  0.3371  0.6960  0.3557  0.5493  0.4006  0.3976  0.6632  0.2255  0.3435  0.2292  0.3435  0.4226  0.4531  0.4298  0.5139  0.1841  0.0000  1.0000  0.0000  0.0000  0.0000
 0.2574  0.0000  0.0153  0.1755  0.1101  0.0113  1.0000  0.0231  0.0233  0.1038  0.0384  0.0146  0.1019  0.0517  0.0671  0.2316  0.2496  0.1852  0.0421  0.0043  0.0000  0.0135  0.0000  0.0000  0.0000
 0.2342  0.0000  0.0662  0.2728  0.1922  0.2364  0.2158  1.0000  0.1443  0.4401  0.2458  0.0836  0.2717  0.1112  0.1894  0.5231  0.6095  0.1961  0.1871  0.0657  0.0000  0.5071  0.0000  0.0000  0.0000
 0.5660  0.0000  0.1803  0.2605  0.3611  0.7771  0.3688  0.5626  0.4162  0.3693  0.6701  0.2279  0.3689  0.2263  0.3415  0.4004  0.5011  0.4369  0.5219  0.1852  0.0000  1.0000  0.0000  0.0000  0.0000
 0.5271  0.0000  0.0377  0.2875  0.4810  0.0356  0.2187  0.0881  0.1062  0.8004  0.1759  0.0633  0.2715  0.2109  0.3406  0.7302  1.0000  0.4872  0.1638  0.0161  0.0000  0.0402  0.0000  0.0000  0.0000
 0.8253  0.0000  0.0881  0.6252  1.0000  0.1872  0.4184  0.2166  0.2847  0.9246  0.4540  0.1569  0.5243  0.3009  0.6077  0.5570  0.7796  0.6379  0.4102  0.0521  0.0000  0.2259  0.0000  0.0000  0.0000
 1.0000  0.0000  0.1187  0.3038  0.4401  0.1795  0.5437  0.1595  0.1794  0.4315  0.3068  0.1108  0.2918  0.3113  0.2999  0.2896  0.7720  0.5798  0.3067  0.0525  0.0000  0.2285  0.0000  0.0000  0.0000
 0.8575  0.0000  0.0643  0.6220  0.9884  0.0655  0.3941  0.1343  0.2025  0.9438  0.3186  0.1135  0.5122  0.3435  0.7732  0.7263  1.0000  0.8085  0.3375  0.0230  0.0000  0.0604  0.0000  0.0000  0.0000
 0.2459  0.0000  0.0360  0.0246  0.0403  0.2414  0.0340  0.0516  1.0000  0.0435  0.6494  0.5142  0.0365  0.0395  0.0398  0.0423  0.1216  0.1749  0.5360  0.0213  0.0000  0.0972  0.0000  0.0000  0.0000
 0.7082  0.0000  0.0525  0.5750  0.9972  0.0550  0.3558  0.1241  0.2102  1.0000  0.2943  0.1028  0.4628  0.2603  0.5610  0.5591  0.6928  0.5588  0.3405  0.0190  0.0000  0.0488  0.0000  0.0000  0.0000
 0.1209  0.0000  0.0253  0.0637  0.0372  0.0135  0.0432  0.0178  0.0371  0.0543  0.0350  0.0986  0.9362  0.0626  0.0413  0.0341  0.5094  1.0000  0.0587  0.0085  0.0000  0.0163  0.0000  0.0000  0.0000
 0.1704  0.0000  0.0183  0.0368  0.2028  0.0318  0.1196  0.1288  0.0642  1.0000  0.1484  0.0493  0.1499  0.1190  0.3388  0.8409  0.1361  0.1630  0.0890  0.0230  0.0000  0.0664  0.0000  0.0000  0.0000
 0.3675  0.0000  0.0305  0.3443  0.6471  0.0359  0.2466  0.1169  0.0986  0.8894  0.1782  0.0615  0.5963  0.1663  0.3810  0.8665  1.0000  0.3096  0.1459  0.0179  0.0000  0.0515  0.0000  0.0000  0.0000
 0.1463  0.0000  0.0143  0.0309  0.1965  0.0300  0.0998  0.1206  0.0831  1.0000  0.1416  0.0467  0.1344  0.2045  0.3213  0.8752  0.1189  0.1517  0.0846  0.0215  0.0000  0.0622  0.0000  0.0000  0.0000
 0.1441  0.0000  0.0141  0.0290  0.1981  0.0305  0.1034  0.1263  0.0610  1.0000  0.1442  0.0475  0.1398  0.1120  0.3337  0.8496  0.1186  0.1527  0.0810  0.0579  0.0000  0.0648  0.0000  0.0000  0.0000
 0.0251  0.0000  0.0066  0.0031  0.0064  0.8458  0.0051  0.0049  0.2675  0.0084  1.0000  0.0816  0.0060  0.0105  0.0126  0.0084  0.0073  0.0148  0.0744  0.0104  0.0000  0.0196  0.0000  0.0000  0.0000
 0.1588  0.0000  0.0056  0.0104  0.0070  0.0027  0.0124  0.0029  0.0072  0.0101  0.0072  0.0038  0.0179  0.0138  0.0077  0.0064  0.8570  1.0000  0.0126  0.0016  0.0000  0.0029  0.0000  0.0000  0.0000
 0.1342  0.0000  0.0865  0.0567  0.0395  1.0000  0.1193  0.0260  0.1205  0.0200  0.2676  0.0596  0.0425  0.0558  0.0233  0.0331  0.0844  0.0707  0.1300  0.2246  0.0000  0.9026  0.0000  0.0000  0.0000
 0.6166  0.0000  0.0562  0.5649  1.0000  0.1159  0.3490  0.1353  0.1451  0.6138  0.2358  0.0843  0.4938  0.2647  0.4251  0.3481  0.6647  0.4557  0.2240  0.0278  0.0000  0.1084  0.0000  0.0000  0.0000
 0.1098  0.0000  0.0010  0.0715  1.0000  0.0027  0.0123  0.0069  0.0045  0.0316  0.0077  0.0031  0.0132  0.0173  0.1785  0.0110  0.0185  0.0920  0.0085  0.0013  0.0000  0.0035  0.0000  0.0000  0.0000
 0.0204  0.0000  0.0060  0.0036  0.0052  0.0284  0.0065  0.0011  0.5158  0.0072  0.9503  0.0305  0.0047  0.0048  0.0041  0.0060  0.0070  0.0198  1.0000  0.0034  0.0000  0.0097  0.0000  0.0000  0.0000
 0.7006  0.0000  0.0498  0.5608  1.0000  0.0528  0.3442  0.1165  0.1721  0.8858  0.3543  0.1735  0.4838  0.2486  0.5725  0.6373  0.6600  0.5177  0.2803  0.0178  0.0000  0.0461  0.0000  0.0000  0.0000
 0.2458  0.0000  0.0190  0.1694  0.4028  0.0252  0.1346  0.0806  0.1396  1.0000  0.1325  0.0453  0.1778  0.1129  0.3615  0.5256  0.2302  0.5191  0.1040  0.0133  0.0000  0.0360  0.0000  0.0000  0.0000
 0.2162  0.0000  0.0394  0.1049  0.2379  0.1828  0.0397  0.0292  0.4988  0.0970  1.0000  0.2464  0.0434  0.0738  0.0953  0.0618  0.0669  0.1373  0.4806  0.0246  0.0000  0.0401  0.0000  0.0000  0.0000
 0.1019  0.0000  0.0198  0.0106  0.0170  0.0121  0.0099  0.0051  0.0979  0.0191  0.0676  0.0207  0.0166  0.0259  0.0141  0.0117  0.0592  1.0000  0.8042  0.0028  0.0000  0.0056  0.0000  0.0000  0.0000
 0.1631  0.0000  0.0286  0.3646  0.2051  0.0326  0.3170  0.1358  0.0415  0.5711  0.0939  0.0308  1.0000  0.1244  0.2283  0.8159  0.2628  0.1669  0.0592  0.0212  0.0000  0.0711  0.0000  0.0000  0.0000
 0.1230  0.0000  0.0144  0.1764  0.2017  0.0216  0.1504  0.0918  0.0373  0.8832  0.0834  0.0281  1.0000  0.1677  0.5487  0.4299  0.1498  0.1218  0.0524  0.0141  0.0000  0.0464  0.0000  0.0000  0.0000
 0.0147  0.0000  0.0044  0.0020  0.0038  1.0000  0.0031  0.0025  0.0655  0.0042  0.8231  0.0423  0.0030  0.0062  0.0063  0.0042  0.0053  0.0086  0.0383  0.0160  0.0000  0.0536  0.0000  0.0000  0.0000
 0.0261  0.0000  0.0013  0.0425  0.2668  0.0036  0.0140  0.0131  0.0065  0.8667  0.0143  0.0050  0.0178  0.0174  1.0000  0.0671  0.0173  0.0185  0.0097  0.0023  0.0000  0.0066  0.0000  0.0000  0.0000
 0.0660  0.0000  0.0669  0.0122  0.0778  0.0167  0.0433  0.0506  0.0318  0.4223  0.1686  0.0224  0.0552  0.0456  0.1300  1.0000  0.0507  0.0640  0.0420  0.0096  0.0000  0.0288  0.0000  0.0000  0.0000
 0.0039  0.0000  0.0011  0.0007  0.0009  0.0041  0.0012  0.0001  0.1876  0.0013  0.0847  0.0042  0.0008  0.0008  0.0006  0.0010  0.0013  0.0039  1.0000  0.0005  0.0000  0.0017  0.0000  0.0000  0.0000
 0.0000  0.0000  0.0000  0.0000  0.0000  0.0000  1.0000  0.0000  0.0000  0.0000  0.0000  0.0000  0.0000  0.0000  0.0000  0.0000  0.0000  0.0000  0.0000  0.0000  0.0000  0.0000  0.0000  0.0000  0.0000
 0.0316  0.0000  0.0024  0.0240  1.0000  0.0053  0.0195  0.0212  0.0109  0.6714  0.0246  0.0083  0.0260  0.0220  0.2208  0.2807  0.0245  0.0287  0.0150  0.0037  0.0000  0.0106  0.0000  0.0000  0.0000
 0.0000  0.0000  0.0000  0.0000  0.0000  0.0000  1.0000  0.0000  0.0000  0.0000  0.0000  0.0000  0.0000  0.0000  0.0000  0.0000  0.0000  0.0000  0.0000  0.0000  0.0000  0.0000  0.0000  0.0000  0.0000
 0.7370  0.0000  0.0073  0.0065  0.0069  0.0028  1.0000  0.0015  0.0032  0.0074  0.0071  0.0033  0.0058  0.0184  0.0051  0.0053  0.0376  0.0127  0.0120  0.0011  0.0000  0.0023  0.0000  0.0000  0.0000
 0.0562  0.0000  0.0161  0.0068  0.0115  1.0000  0.0118  0.0037  0.1583  0.0095  0.2181  0.0471  0.0061  0.0167  0.0083  0.0077  0.0207  0.0363  0.6380  0.0659  0.0000  0.2590  0.0000  0.0000  0.0000
 0.1405  0.0000  0.0152  0.0867  0.0608  0.0121  1.0000  0.0318  0.0148  0.7356  0.0342  0.0114  0.1011  0.0623  0.0588  0.1088  0.1048  0.0522  0.0301  0.0078  0.0000  0.0187  0.0000  0.0000  0.0000
 0.6095  0.0000  0.1848  0.2469  0.3846  0.6962  0.3693  0.5637  0.5191  0.6406  0.7310  0.2539  0.3670  0.2511  0.4125  0.6253  0.4732  0.5150  0.6613  0.1860  0.0000  1.0000  0.0000  0.0000  0.0000
 0.0000  0.0000  0.0000  0.0000  0.0000  0.0000  0.0000  0.0000  0.0000  0.0000  0.0000  0.0000  0.0000  0.0000  0.0000  0.0000  0.0000  0.0000  1.0000  0.0000  0.0000  0.0000  0.0000  0.0000  0.0000
 0.0041  0.0000  0.0021  0.0007  0.0011  0.7270  0.0007  0.0001  0.0088  0.0000  0.0214  0.0043  0.0000  0.0016  0.0000  0.0000  0.0029  0.0026  0.0082  0.0200  0.0000  1.0000  0.0000  0.0000  0.0000
 0.1605  0.0000  0.0481  0.0602  0.0808  0.2689  0.0886  0.1734  0.3347  0.1262  1.0000  0.2145  0.0914  0.0693  0.1012  0.1265  0.1043  0.1158  0.2425  0.0518  0.0000  0.2131  0.0000  0.0000  0.0000
 0.5686  0.0000  0.0460  0.0998  0.4153  0.0196  1.0000  0.0191  0.0234  0.0736  0.0493  0.0224  0.0809  0.1229  0.0548  0.0454  0.8836  0.1019  0.0784  0.0074  0.0000  0.0186  0.0000  0.0000  0.0000
 0.7184  0.0000  0.1371  0.6824  1.0000  0.3341  0.4327  0.3032  0.2768  0.7557  0.4891  0.1562  0.5735  0.2759  0.5244  0.4935  0.7098  0.5563  0.3855  0.0834  0.0000  0.4141  0.0000  0.0000  0.0000
 0.2194  0.0000  0.0447  0.0385  0.0541  0.2539  0.1240  0.0606  0.6765  0.0700  1.0000  0.2181  0.0540  0.0693  0.0644  0.0690  0.1137  0.1049  0.5888  0.0809  0.0000  0.1435  0.0000  0.0000  0.0000
 0.2967  0.0000  0.0217  0.4128  0.5438  0.0219  0.1769  0.0594  0.0700  1.0000  0.1144  0.0404  0.7880  0.1175  0.3403  0.2060  0.2981  0.5310  0.1076  0.0082  0.0000  0.0221  0.0000  0.0000  0.0000
 0.1847  0.0000  0.0056  0.5205  1.0000  0.0177  0.1595  0.0528  0.0224  0.1906  0.0418  0.0169  0.1390  0.1116  0.2531  0.0573  0.1204  0.0888  0.0425  0.0084  0.0000  0.0267  0.0000  0.0000  0.0000
 0.7444  0.0000  0.1995  0.3448  0.5093  0.7107  0.4150  0.5942  0.4936  0.5642  0.7657  0.2564  0.4371  0.2833  0.4466  0.5317  0.5912  0.6149  0.7477  0.1883  0.0000  1.0000  0.0000  0.0000  0.0000
 0.6071  0.0000  0.0159  0.4030  0.8836  0.0300  0.1420  0.0960  0.0628  1.0000  0.1235  0.0438  0.1677  0.1536  0.5104  0.4461  0.2036  0.1857  0.0989  0.0167  0.0000  0.0468  0.0000  0.0000  0.0000
 0.0000  0.0000  0.0000  0.0000  0.0000  0.0000  0.0000  0.0000  0.0000  0.0000  0.0000  0.0000  0.0000  0.0000  0.0000  0.0000  0.0000  0.0000  1.0000  0.0000  0.0000  0.0000  0.0000  0.0000  0.0000
 1.0000  0.0000  0.0375  0.0283  0.0564  0.0195  0.1225  0.0166  0.0969  0.5627  0.0902  0.0307  0.0320  0.0772  0.0501  0.0808  0.1301  0.1101  0.3021  0.0061  0.0000  0.0141  0.0000  0.0000  0.0000
 0.0122  0.0000  0.0036  0.0022  0.0032  0.0189  0.0041  0.0008  0.5348  0.0045  1.0000  0.0205  0.0030  0.0030  0.0028  0.0038  0.0043  0.0119  0.5356  0.0023  0.0000  0.0061  0.0000  0.0000  0.0000
 0.1726  0.0000  0.0170  0.0473  0.2216  0.0339  0.1157  0.1277  0.0680  1.0000  0.1662  0.0511  0.1527  0.1195  0.3421  0.8344  0.1739  0.1797  0.0916  0.0230  0.0000  0.0671  0.0000  0.0000  0.0000
 0.7567  0.0000  0.0594  0.6133  1.0000  0.0741  0.3828  0.1419  0.2134  0.9527  0.3212  0.1365  0.4969  0.2791  0.6130  0.5977  0.7937  0.6167  0.3000  0.0243  0.0000  0.0746  0.0000  0.0000  0.0000
 0.2546  0.0000  0.0209  0.4634  1.0000  0.0872  0.1245  0.1345  0.1079  0.4949  0.4502  0.0717  0.1492  0.1492  0.3767  0.3284  0.1604  0.1570  0.1236  0.0270  0.0000  0.1002  0.0000  0.0000  0.0000
 0.0256  0.0000  0.0051  0.0116  0.0075  0.0026  0.0087  0.0034  0.0074  0.1139  0.0071  0.0038  0.0202  0.0128  0.0086  0.0080  1.0000  0.6404  0.0119  0.0017  0.0000  0.0031  0.0000  0.0000  0.0000
 0.1512  0.0000  0.0164  0.0687  0.2018  0.0326  0.1239  0.2932  0.0600  1.0000  0.1377  0.0459  0.1750  0.1120  0.3170  0.9402  0.9398  0.1686  0.0808  0.0222  0.0000  0.0674  0.0000  0.0000  0.0000
 0.2616  0.0000  0.0505  0.1377  0.0994  0.0339  0.1032  0.0420  0.0782  0.1300  0.0911  0.0399  0.2193  0.1303  0.0952  0.0824  0.7712  1.0000  0.1241  0.0179  0.0000  0.0414  0.0000  0.0000  0.0000
 0.0256  0.0000  0.0004  0.1776  0.6997  0.0023  0.0099  0.0063  0.0031  0.0260  0.0057  0.0023  0.0114  0.0155  1.0000  0.0070  0.0132  0.0113  0.0059  0.0011  0.0000  0.0032  0.0000  0.0000  0.0000
 0.1174  0.0000  0.0234  0.0143  0.0244  0.1814  0.0641  0.0184  0.4284  0.0325  1.0000  0.2225  0.0227  0.0400  0.0391  0.0310  0.0468  0.0532  0.2923  0.0227  0.0000  0.0354  0.0000  0.0000  0.0000
 0.4589  0.0000  0.0667  0.3541  0.6311  0.1984  0.2833  0.2522  0.1855  1.0000  0.3324  0.1135  0.3509  0.2169  0.4890  0.7675  0.4079  0.3683  0.2545  0.0632  0.0000  0.3018  0.0000  0.0000  0.0000
 0.0971  0.0000  0.0022  0.6460  0.7488  0.0091  0.0463  0.0261  0.0121  1.0000  0.0226  0.0091  0.0579  0.0588  0.1264  0.0331  0.0569  0.0456  0.0228  0.0043  0.0000  0.0132  0.0000  0.0000  0.0000
 0.0598  0.0000  0.0010  0.9374  1.0000  0.0055  0.0252  0.1472  0.0072  0.0612  0.0135  0.0055  0.0301  0.0362  0.3925  0.0170  0.0324  0.0269  0.0138  0.0026  0.0000  0.0077  0.0000  0.0000  0.0000
 0.0000  0.0000  0.0000  0.0000  0.0000  1.0000  0.0000  0.0000  0.0000  0.0000  0.0000  0.0000  0.0000  0.0000  0.0000  0.0000  0.0000  0.0000  0.0000  0.0000  0.0000  0.0000  0.0000  0.0000  0.0000
 0.1582  0.0000  0.0252  0.0367  0.1165  0.1631  0.0872  0.0682  0.3160  0.5076  1.0000  0.2054  0.0828  0.0916  0.1765  0.3741  0.0886  0.1154  0.2170  0.0294  0.0000  0.0490  0.0000  0.0000  0.0000
 1.0000  0.0000  0.1374  0.0965  0.1576  0.1011  0.3251  0.0901  0.4339  0.1769  0.3868  0.1241  0.1018  0.2314  0.1175  0.1275  0.3730  0.4104  0.9502  0.0251  0.0000  0.0805  0.0000  0.0000  0.0000
 0.4759  0.0000  0.0454  0.6234  1.0000  0.0398  0.4777  0.0915  0.0417  0.2595  0.0857  0.0319  0.3192  0.2175  0.2571  0.1188  0.3271  0.1644  0.0936  0.0223  0.0000  0.0557  0.0000  0.0000  0.0000
 0.4273  0.0000  0.0226  0.0064  0.0176  0.0314  0.0076  0.0054  0.1623  0.0184  0.9077  0.0458  0.0094  0.0260  0.0153  0.0117  0.0215  0.0759  1.0000  0.0043  0.0000  0.0071  0.0000  0.0000  0.0000
 0.0623  0.0000  0.0026  0.2313  1.0000  0.0054  0.0279  0.0152  0.0117  0.2345  0.0210  0.0077  0.0344  0.0321  0.8299  0.3979  0.0446  0.0376  0.0192  0.0025  0.0000  0.0069  0.0000  0.0000  0.0000
 0.0130  0.0000  0.0033  0.0016  0.0033  0.0343  0.0026  0.0025  0.4088  0.0044  1.0000  0.8316  0.0031  0.0054  0.0066  0.0044  0.0036  0.0077  0.0394  0.0040  0.0000  0.0044  0.0000  0.0000  0.0000
 0.0000  0.0000  0.0000  0.0000  0.0000  0.0000  0.0000  0.0000  0.0000  0.0000  1.0000  0.0000  0.0000  0.0000  0.0000  0.0000  0.0000  0.0000  0.0000  0.0000  0.0000  0.0000  0.0000  0.0000  0.0000
 0.3069  0.0000  0.0409  0.1259  0.3272  0.1349  0.1559  0.1500  0.2540  1.0000  0.6592  0.1673  0.2075  0.1592  0.4037  0.7770  0.2589  0.3398  0.2681  0.0378  0.0000  0.1122  0.0000  0.0000  0.0000
 1.0000  0.0000  0.0819  0.0959  0.1016  0.0343  0.5296  0.0281  0.0416  0.1463  0.0891  0.0402  0.0973  0.2109  0.0828  0.8302  0.7342  0.1770  0.1395  0.0132  0.0000  0.0315  0.0000  0.0000  0.0000
 0.0137  0.0000  0.0041  0.0025  0.0036  0.0235  0.0046  0.0011  0.5393  0.0051  0.8094  0.1563  0.0034  0.0036  0.0035  0.0044  0.0049  0.0129  1.0000  0.0028  0.0000  0.0069  0.0000  0.0000  0.0000
 0.0298  0.0000  0.0049  0.0511  0.0555  0.0069  0.0423  1.0000  0.0092  0.0920  0.0203  0.0062  0.0513  0.0229  0.7158  0.0724  0.0337  0.0255  0.0126  0.0043  0.0000  0.0116  0.0000  0.0000  0.0000
 0.3914  0.0000  0.0570  0.6387  0.2149  0.0416  0.6942  1.0000  0.0307  0.2228  0.0622  0.0251  0.7420  0.1681  0.1451  0.1270  0.9662  0.2284  0.0710  0.0191  0.0000  0.0839  0.0000  0.0000  0.0000
 0.1621  0.0000  0.0075  0.0803  0.2811  0.0081  0.0531  0.0222  0.1072  1.0000  0.0457  0.0159  0.0694  0.0405  0.1577  0.3400  0.0982  0.1414  0.0403  0.0034  0.0000  0.0086  0.0000  0.0000  0.0000
 0.0437  0.0000  0.0110  0.1868  0.0591  0.0158  0.1349  0.6160  0.0089  0.0640  0.0172  0.0059  1.0000  0.0328  0.0411  0.0379  0.1052  0.0455  0.0128  0.0062  0.0000  0.1267  0.0000  0.0000  0.0000
 0.0230  0.0000  0.0054  0.0022  0.0047  0.0302  0.0033  0.0024  0.0983  0.0059  1.0000  0.0364  0.0037  0.0069  0.0065  0.0050  0.0055  0.0157  0.6625  0.0037  0.0000  0.0057  0.0000  0.0000  0.0000
 0.0081  0.0000  0.0018  0.0007  0.0014  0.0044  0.0009  0.0004  0.0286  0.0016  0.0788  0.0051  0.0009  0.0019  0.0012  0.0012  0.0017  0.0059  1.0000  0.0006  0.0000  0.0015  0.0000  0.0000  0.0000
 0.3654  0.0000  0.0513  0.2476  0.2886  0.0467  0.3621  0.0688  0.0987  0.3043  0.1309  0.0539  0.3143  0.1555  0.2002  0.2271  0.8611  1.0000  0.1944  0.0199  0.0000  0.0564  0.0000  0.0000  0.0000
 0.0043  0.0000  0.0011  0.0005  0.0011  0.0115  0.0009  0.0009  0.0214  0.0015  1.0000  0.2141  0.0010  0.0018  0.0022  0.0015  0.0012  0.0025  0.0118  0.0014  0.0000  0.0016  0.0000  0.0000  0.0000
 0.0951  0.0000  0.0051  0.0021  0.0041  0.0113  0.0026  0.0009  0.4154  0.0049  0.4775  0.0132  0.0028  0.0047  0.0029  0.0034  0.0048  0.0179  1.0000  0.0014  0.0000  0.0043  0.0000  0.0000  0.0000
 0.0000  0.0000  0.0000  0.0000  0.0000  0.0000  1.0000  0.0000  0.0000  0.0000  0.0000  0.0000  0.0000  0.0000  0.0000  0.0000  0.0000  0.0000  0.0000  0.0000  0.0000  0.0000  0.0000  0.0000  0.0000
 0.0019  0.0000  0.0010  0.0003  0.0005  0.0874  0.0004  0.0000  0.0040  0.0000  0.0097  0.0019  0.0000  0.0007  0.0000  0.0000  0.0013  0.0012  0.0037  0.0090  0.0000  1.0000  0.0000  0.0000  0.0000
 0.0000  0.0000  1.0000  0.0000  0.0000  0.0000  0.0000  0.0000  0.0000  0.0000  0.0000  0.0000  0.0000  0.0000  0.0000  0.0000  0.0000  0.0000  0.0000  0.0000  0.0000  0.0000  0.0000  0.0000  0.0000
 0.0546  0.0000  0.0010  0.8161  1.0000  0.0050  0.0231  0.0138  0.0067  0.4938  0.0124  0.0050  0.0276  0.0330  0.0715  0.0162  0.0298  0.0247  0.0127  0.0024  0.0000  0.0070  0.0000  0.0000  0.0000
 0.0356  0.0000  0.0006  0.8568  1.0000  0.0033  0.0148  0.0090  0.0043  0.1504  0.0080  0.0033  0.0176  0.0216  0.0467  0.0101  0.0191  0.0159  0.0082  0.0015  0.0000  0.0045  0.0000  0.0000  0.0000
 0.4364  0.0000  0.0305  1.0000  0.9957  0.0343  0.9933  0.0924  0.0981  0.5327  0.1617  0.0575  0.3583  0.1816  0.4897  0.3730  0.4233  0.4243  0.1527  0.0131  0.0000  0.0375  0.0000  0.0000  0.0000
 0.2990  0.0000  0.0339  1.0000  0.7861  0.1582  0.4798  0.1325  0.0586  0.4536  0.1012  0.0362  0.7387  0.1568  0.2725  0.1916  0.4128  0.2370  0.0918  0.0162  0.0000  0.0688  0.0000  0.0000  0.0000
 0.5601  0.0000  0.1676  0.3754  0.3027  0.5506  0.4007  0.4895  0.3411  0.3351  0.5369  0.1897  0.5791  0.2476  0.3022  0.3300  0.8409  1.0000  0.4485  0.1516  0.0000  0.8305  0.0000  0.0000  0.0000
 0.0139  0.0000  0.0036  0.0017  0.0035  0.0365  0.0028  0.0027  0.6574  0.0047  1.0000  0.5107  0.0034  0.0057  0.0070  0.0047  0.0039  0.0083  0.0451  0.0043  0.0000  0.0048  0.0000  0.0000  0.0000
 0.0114  0.0000  0.0036  0.0023  0.0031  0.0180  0.0044  0.0006  1.0000  0.0045  0.8926  0.0188  0.0030  0.0026  0.0023  0.0038  0.0044  0.0119  0.5227  0.0022  0.0000  0.0065  0.0000  0.0000  0.0000
 0.1804  0.0000  0.0477  0.0913  0.0633  0.6006  0.1067  0.0346  0.1030  0.0806  0.1947  0.0507  0.1172  0.0827  0.0535  0.0625  0.3270  0.7192  0.1284  0.1360  0.0000  1.0000  0.0000  0.0000  0.0000
 0.0000  0.0000  0.0000  0.0000  1.0000  0.0000  0.0000  0.0000  0.0000  0.0000  0.0000  0.0000  0.0000  0.0000  0.0000  0.0000  0.0000  0.0000  0.0000  0.0000  0.0000  0.0000  0.0000  0.0000  0.0000
 0.0000  0.0000  0.0000  0.0000  0.0000  0.0000  0.0000  0.0000  0.0000  0.0000  0.0000  0.0000  0.0000  0.0000  0.0000  0.0000  0.0000  0.0000  0.0000  0.0000  0.0000  1.0000  0.0000  0.0000  0.0000
 0.2539  0.0000  0.0675  0.1392  0.1449  0.2060  0.2127  0.1363  0.3614  0.2734  1.0000  0.3068  0.1536  0.1292  0.1473  0.2374  0.1650  0.1665  0.2782  0.0459  0.0000  0.0854  0.0000  0.0000  0.0000
 0.7294  0.0000  0.0135  0.0114  0.0130  0.0052  0.0741  0.0026  0.0065  0.0139  0.0133  0.0062  0.0104  1.0000  0.0096  0.0098  0.5402  0.0310  0.0229  0.0019  0.0000  0.0041  0.0000  0.0000  0.0000
 0.3849  0.0000  0.0472  0.8480  1.0000  0.1417  0.4199  0.1693  0.2370  0.4961  0.6209  0.1509  0.6157  0.2184  0.3741  0.2910  0.4052  0.2747  0.2203  0.0349  0.0000  0.1080  0.0000  0.0000  0.0000
 0.0000  0.0000  0.0000  0.0000  0.0000  0.0000  1.0000  0.0000  0.0000  0.0000  0.0000  0.0000  0.0000  0.0000  0.0000  0.0000  0.0000  0.0000  0.0000  0.0000  0.0000  0.0000  0.0000  0.0000  0.0000
 0.0264  0.0000  0.0050  0.0109  0.0069  0.0026  0.0094  0.0031  0.0071  0.0100  0.0068  0.0036  0.0188  0.0125  0.0076  0.0063  1.0000  0.5010  0.0116  0.0016  0.0000  0.0029  0.0000  0.0000  0.0000
 0.0000  0.0000  0.0000  0.0000  0.0000  0.0000  0.0000  0.0000  0.0000  0.0000  1.0000  0.0000  0.0000  0.0000  0.0000  0.0000  0.0000  0.0000  0.0000  0.0000  0.0000  0.0000  0.0000  0.0000  0.0000
 0.4269  0.0000  0.0338  0.3219  0.5631  0.0422  0.3146  0.1243  0.1170  1.0000  0.2113  0.0728  0.3193  0.1853  0.6728  0.7407  0.7063  0.3450  0.1729  0.0203  0.0000  0.0567  0.0000  0.0000  0.0000
 0.0271  0.0000  0.0064  1.0000  0.0405  0.0055  0.2177  0.0288  0.0027  0.0379  0.0060  0.0021  0.6501  0.0217  0.0256  0.0192  0.0727  0.0283  0.0045  0.0028  0.0000  0.0145  0.0000  0.0000  0.0000
 0.0000  0.0000  0.0000  0.0000  0.0000  0.0000  0.0000  0.0000  0.0000  0.0000  1.0000  0.0000  0.0000  0.0000  0.0000  0.0000  0.0000  0.0000  0.0000  0.0000  0.0000  0.0000  0.0000  0.0000  0.0000
 0.0913  0.0000  0.0059  0.3341  1.0000  0.0076  0.0568  0.0224  0.0193  0.6659  0.0328  0.0118  0.1949  0.0420  0.0889  0.1546  0.0847  0.0636  0.0304  0.0032  0.0000  0.0095  0.0000  0.0000  0.0000
 0.1806  0.0000  0.0015  0.1723  1.0000  0.0068  0.0271  0.2708  0.0092  0.0752  0.0170  0.0067  0.0308  0.0398  0.1633  0.0268  0.0364  0.0313  0.0169  0.0031  0.0000  0.0095  0.0000  0.0000  0.0000
 0.3122  0.0000  0.0723  0.2082  0.1387  0.1115  0.1648  0.1253  0.1563  0.2124  0.1815  0.0699  0.3112  0.1517  0.1422  0.1616  0.7613  1.0000  0.2407  0.0383  0.0000  0.1517  0.0000  0.0000  0.0000
 0.2481  0.0000  0.0074  0.0036  0.0074  0.1570  0.0060  0.0060  0.1387  0.0097  1.0000  0.4535  0.0070  0.0120  0.0145  0.0097  0.0084  0.0169  0.0782  0.0091  0.0000  0.0114  0.0000  0.0000  0.0000
 0.1165  0.0000  0.0271  0.5466  0.1601  0.0234  0.6218  0.2068  0.0123  0.1560  0.0262  0.0095  1.0000  0.0895  0.1042  0.0801  0.9374  0.1250  0.0207  0.0118  0.0000  0.0605  0.0000  0.0000  0.0000
 0.1494  0.0000  0.0428  0.0428  0.0679  0.2625  0.0748  0.0963  0.4083  0.1039  1.0000  0.2286  0.0680  0.0614  0.0878  0.1030  0.0877  0.1026  0.2928  0.0465  0.0000  0.1713  0.0000  0.0000  0.0000
 0.6941  0.0000  0.0454  0.5305  0.9055  0.0425  0.4172  0.1031  0.1580  1.0000  0.2547  0.0894  0.5091  0.3712  0.4969  0.4425  0.8534  0.6486  0.2410  0.0147  0.0000  0.0327  0.0000  0.0000  0.0000
 0.0348  0.0000  0.0035  0.0119  0.0486  0.0073  0.0277  0.1333  0.0145  1.0000  0.0342  0.0113  0.3689  0.0272  0.0804  0.8746  0.0307  0.0372  0.0192  0.0054  0.0000  0.0157  0.0000  0.0000  0.0000
 0.1711  0.0000  0.0415  0.8569  0.2509  0.0383  0.6069  0.1851  0.0189  0.2403  0.0409  0.0146  1.0000  0.1369  0.1619  0.1229  0.4608  0.1801  0.0308  0.0188  0.0000  0.0983  0.0000  0.0000  0.0000
 0.1506  0.0000  0.0149  0.0442  0.2093  0.0320  0.1628  0.1412  0.0625  1.0000  0.1458  0.0483  0.1542  0.1143  0.3734  0.8674  0.1286  0.1580  0.0834  0.0228  0.0000  0.0671  0.0000  0.0000  0.0000
 0.9216  0.0000  0.1443  0.6743  1.0000  0.4298  0.5247  0.4049  0.3746  0.9469  0.6090  0.2102  0.6300  0.3500  0.6603  0.6352  0.8822  0.7405  0.5163  0.1163  0.0000  0.5824  0.0000  0.0000  0.0000
 0.0463  0.0000  0.0159  0.0150  0.0195  0.1529  0.0261  0.0268  0.6759  0.0236  0.2888  0.1316  0.0211  0.0144  0.0179  0.0247  0.0288  0.0886  1.0000  0.0133  0.0000  0.2866  0.0000  0.0000  0.0000
 0.1246  0.0000  0.0283  0.0970  0.0576  0.1783  0.1008  0.0372  0.3344  0.0802  1.0000  0.2163  0.1273  0.0613  0.0641  0.0641  0.0918  0.0867  0.2067  0.0256  0.0000  0.0372  0.0000  0.0000  0.0000
 0.0204  0.0000  0.0043  0.0123  0.0065  0.0022  0.0083  0.0033  0.0061  0.0093  0.0057  0.0031  0.2904  0.0108  0.0071  0.0058  0.2372  1.0000  0.0097  0.0014  0.0000  0.0028  0.0000  0.0000  0.0000
 0.0000  0.0000  0.0000  0.0000  0.0000  0.0000  0.0000  0.0000  0.0000  0.0000  0.0000  0.0000  0.0000  0.0000  0.0000  0.0000  0.0000  0.0000  0.0000  1.0000  0.0000  0.0000  0.0000  0.0000  0.0000
 0.4901  0.0000  0.0371  0.3977  0.8756  0.0432  0.5321  0.2091  0.1303  1.0000  0.2262  0.0783  0.4291  0.2009  0.9044  0.7029  0.4742  0.3872  0.1943  0.0189  0.0000  0.0511  0.0000  0.0000  0.0000
 0.7474  0.0000  0.0688  0.5985  1.0000  0.1184  0.3870  0.2387  0.2298  0.9064  0.3451  0.1208  0.5447  0.2778  0.5762  0.5749  0.7649  0.6709  0.3153  0.0358  0.0000  0.1397  0.0000  0.0000  0.0000
 0.0000  0.0000  0.0000  0.0000  0.0000  0.0000  0.0000  0.0000  0.0000  0.0000  0.0000  0.0000  0.0000  0.0000  0.0000  1.0000  0.0000  0.0000  0.0000  0.0000  0.0000  0.0000  0.0000  0.0000  0.0000
 0.0036  0.0000  0.0009  0.0004  0.0009  0.0097  0.0007  0.0007  0.0180  0.0012  1.0000  0.1057  0.0009  0.0015  0.0019  0.0012  0.0010  0.0021  0.0099  0.0011  0.0000  0.0013  0.0000  0.0000  0.0000
 0.0440  0.0000  0.0041  0.0124  0.1558  0.0084  0.0299  0.0352  0.0178  0.8707  0.0410  0.1649  0.0407  0.0323  0.7150  1.0000  0.0367  0.0452  0.0238  0.0062  0.0000  0.0176  0.0000  0.0000  0.0000
 0.0095  0.0000  0.0028  0.0017  0.0025  0.0161  0.0032  0.0007  1.0000  0.0036  0.7645  0.0177  0.0024  0.0025  0.0024  0.0031  0.0034  0.0091  0.2405  0.0019  0.0000  0.0049  0.0000  0.0000  0.0000
 1.0000  0.0000  0.0062  0.0032  0.0053  0.0032  0.0175  0.0012  0.0177  0.0055  0.0149  0.0049  0.0031  0.0111  0.0039  0.0036  0.0183  0.0166  0.2124  0.0008  0.0000  0.0016  0.0000  0.0000  0.0000
 0.0141  0.0000  0.0042  0.0025  0.0037  0.0238  0.0046  0.0011  0.5153  0.0052  0.6645  0.2697  0.0035  0.0037  0.0036  0.0045  0.0050  0.0132  1.0000  0.0028  0.0000  0.0070  0.0000  0.0000  0.0000
 0.0341  0.0000  0.0014  0.5326  1.0000  0.0034  0.0955  0.0110  0.0039  0.0350  0.0075  0.0030  0.0335  0.0210  0.0424  0.0106  0.0251  0.0169  0.0076  0.0016  0.0000  0.0056  0.0000  0.0000  0.0000
 1.0000  0.0000  0.1038  0.1289  0.1176  0.1158  0.5390  0.0491  0.0715  0.1288  0.1350  0.0566  0.1383  0.2501  0.0913  0.0950  0.6103  0.3207  0.1894  0.0330  0.0000  0.1414  0.0000  0.0000  0.0000
 1.0000  0.0000  0.0218  0.0094  0.0180  0.0116  0.0425  0.0041  0.0798  0.0184  0.0609  0.0192  0.0100  0.0339  0.0133  0.0116  0.0494  0.0642  0.7587  0.0025  0.0000  0.0052  0.0000  0.0000  0.0000
 1.0000  0.0000  0.1047  0.1886  0.2657  0.0832  0.4947  0.0669  0.1451  0.3009  0.3295  0.0898  0.1815  0.2704  0.4323  0.2132  0.8663  0.5031  0.2802  0.0265  0.0000  0.0742  0.0000  0.0000  0.0000
 1.0000  0.0000  0.1460  0.2233  0.1733  0.1622  0.7488  0.0742  0.6230  0.1998  0.5699  0.1383  0.1925  0.3476  0.1316  0.1741  0.5396  0.2632  0.6641  0.0602  0.0000  0.1080  0.0000  0.0000  0.0000
 0.0087  0.0000  0.0022  0.0011  0.0022  0.0216  0.0018  0.0016  0.5344  0.0029  1.0000  0.0262  0.0021  0.0034  0.0041  0.0029  0.0025  0.0054  0.0342  0.0026  0.0000  0.0033  0.0000  0.0000  0.0000
 0.0642  0.0000  0.0052  0.3305  1.0000  0.0076  0.0799  0.0295  0.0085  0.0759  0.0160  0.0062  0.4223  0.0405  0.0747  0.1163  0.0742  0.0417  0.0150  0.0037  0.0000  0.0147  0.0000  0.0000  0.0000
 0.0019  0.0000  0.0010  0.0003  0.0005  0.0972  0.0004  0.0000  0.0041  0.0000  0.0099  0.0020  0.0000  0.0007  0.0000  0.0000  0.0013  0.0012  0.0038  0.0092  0.0000  1.0000  0.0000  0.0000  0.0000
 0.0000  0.0000  0.0000  0.0000  0.0000  0.0000  0.0000  0.0000  0.0000  0.0000  1.0000  0.0000  0.0000  0.0000  0.0000  0.0000  0.0000  0.0000  0.0000  0.0000  0.0000  0.0000  0.0000  0.0000  0.0000
 0.0000  0.0000  0.0000  0.0000  0.0000  0.0000  0.0000  1.0000  0.0000  0.0000  0.0000  0.0000  0.0000  0.0000  0.0000  0.0000  0.0000  0.0000  0.0000  0.0000  0.0000  0.0000  0.0000  0.0000  0.0000
 0.0632  0.0000  0.0092  0.1082  0.0871  0.0144  0.0966  0.4066  0.0202  0.3916  0.0448  0.0151  1.0000  0.0460  0.1069  0.3971  0.1983  0.0669  0.0278  0.0083  0.0000  0.0302  0.0000  0.0000  0.0000
 0.3121  0.0000  0.0306  0.0488  0.0352  0.0123  0.4430  0.0109  0.0141  0.0374  0.0299  0.0139  0.0506  1.0000  0.0256  0.0254  0.9880  0.0701  0.0497  0.0048  0.0000  0.0116  0.0000  0.0000  0.0000
 0.2452  0.0000  0.1757  0.0266  0.0243  0.0099  0.1320  0.0064  0.0138  0.0274  0.0253  0.0117  0.0280  1.0000  0.0189  0.0192  0.2053  0.0742  0.0439  0.0038  0.0000  0.0085  0.0000  0.0000  0.0000
 0.0238  0.0000  0.0060  0.0030  0.0062  0.0569  0.0047  0.1075  0.1068  0.0082  1.0000  0.7813  0.0058  0.0096  0.0116  0.0081  0.0069  0.0143  0.1279  0.0068  0.0000  0.0087  0.0000  0.0000  0.0000
 0.0580  0.0000  0.0160  0.0129  0.0145  0.0695  0.0398  0.0011  1.0000  0.0220  0.3639  0.0645  0.0147  0.0119  0.0072  0.0181  0.0303  0.0533  0.9531  0.0087  0.0000  0.0335  0.0000  0.0000  0.0000
 0.3155  0.0000  0.0681  0.2883  0.1735  0.0507  0.2627  0.2749  0.1004  0.2686  0.1277  0.0496  0.3698  0.1741  0.1528  0.1978  0.7237  1.0000  0.1647  0.0294  0.0000  0.0686  0.0000  0.0000  0.0000
 0.0550  0.0000  0.0086  0.0128  0.0466  0.0401  0.0379  0.0293  0.0768  0.2024  0.4062  0.0503  0.0340  0.0362  0.0747  1.0000  0.0349  0.0434  0.0581  0.0099  0.0000  0.0189  0.0000  0.0000  0.0000
 0.1904  0.0000  0.0412  0.0683  0.0529  0.0695  0.0255  0.0088  0.8413  0.0426  0.3798  0.0818  0.0264  0.0425  0.0280  0.0273  0.0486  0.1501  1.0000  0.0097  0.0000  0.0306  0.0000  0.0000  0.0000
 0.0254  0.0000  0.0066  0.0032  0.0054  0.0209  0.0052  0.0010  0.5019  0.0070  0.1146  0.7295  0.0042  0.0055  0.0038  0.0053  0.0069  0.0226  1.0000  0.0026  0.0000  0.0080  0.0000  0.0000  0.0000
 0.8958  0.0000  0.1220  0.2352  0.2975  0.0752  0.5744  0.1596  0.1516  1.0000  0.2711  0.0939  0.3447  0.3085  0.3757  0.8011  0.5689  0.3853  0.3016  0.0388  0.0000  0.1016  0.0000  0.0000  0.0000
 0.6708  0.0000  0.0732  0.7507  0.2332  0.0395  0.4913  0.0761  0.0729  0.2260  0.1037  0.0468  0.3968  0.2044  0.1571  0.1317  0.8812  1.0000  0.1466  0.0190  0.0000  0.0516  0.0000  0.0000  0.0000
 0.0193  0.0000  0.0038  0.0080  0.0050  0.0019  0.0064  0.0023  0.0054  0.0075  0.0051  0.0027  0.0142  0.0094  0.0058  0.0047  0.6937  1.0000  0.0087  0.0012  0.0000  0.0022  0.0000  0.0000  0.0000
 0.0079  0.0000  0.0015  0.0228  0.0071  0.0011  0.0173  0.0049  0.0009  0.0072  0.0016  0.0006  1.0000  0.0048  0.0048  0.0038  0.1287  0.0102  0.0017  0.0006  0.0000  0.0026  0.0000  0.0000  0.0000
 0.0000  0.0000  0.0000  1.0000  0.0000  0.0000  0.0000  0.0000  0.0000  0.0000  0.0000  0.0000  0.0000  0.0000  0.0000  0.0000  0.0000  0.0000  0.0000  0.0000  0.0000  0.0000  0.0000  0.0000  0.0000
 0.0000  0.0000  0.0000  0.0000  0.0000  0.0000  0.0000  0.0000  0.0000  0.0000  1.0000  0.0000  0.0000  0.0000  0.0000  0.0000  0.0000  0.0000  0.0000  0.0000  0.0000  0.0000  0.0000  0.0000  0.0000
 0.2650  0.0000  0.0288  0.9246  0.5507  0.0291  0.3023  0.0840  0.0308  0.1898  0.0580  0.0210  0.3574  1.0000  0.1767  0.0863  0.2690  0.1519  0.0609  0.0153  0.0000  0.0481  0.0000  0.0000  0.0000
 0.0000  0.0000  0.0000  0.0000  0.0000  0.0000  0.0000  0.0000  0.0000  1.0000  0.0000  0.0000  0.0000  0.0000  0.0000  0.0000  0.0000  0.0000  0.0000  0.0000  0.0000  0.0000  0.0000  0.0000  0.0000
 0.5309  0.0000  0.0138  0.0188  0.0190  0.0071  0.0436  0.0055  0.0243  0.0217  0.0240  0.0097  0.0252  0.0309  0.0154  0.0143  0.1098  1.0000  0.0523  0.0029  0.0000  0.0061  0.0000  0.0000  0.0000
 0.0000  0.0000  0.0000  0.0000  0.0000  0.0000  0.0000  0.0000  0.0000  0.0000  1.0000  0.0000  0.0000  0.0000  0.0000  0.0000  0.0000  0.0000  0.0000  0.0000  0.0000  0.0000  0.0000  0.0000  0.0000
 0.0000  0.0000  0.0000  0.0000  0.0000  0.0000  0.0000  0.0000  0.0000  0.0000  0.0000  0.0000  0.0000  0.0000  0.0000  0.0000  1.0000  0.0000  0.0000  0.0000  0.0000  0.0000  0.0000  0.0000  0.0000
 0.0000  0.0000  0.0000  0.0000  0.0000  0.0000  0.0000  0.0000  0.0000  0.0000  0.0000  0.0000  0.0000  0.0000  1.0000  0.0000  0.0000  0.0000  0.0000  0.0000  0.0000  0.0000  0.0000  0.0000  0.0000
 0.0566  0.0000  0.0243  0.0131  0.0168  0.7251  0.0216  0.0062  0.8400  0.0126  0.3131  0.0637  0.0092  0.0215  0.0088  0.0122  0.0338  0.0411  0.2616  0.1530  0.0000  1.0000  0.0000  0.0000  0.0000
 0.0035  0.0000  0.0009  0.0004  0.0009  0.0092  0.0007  0.0007  0.0171  0.0012  1.0000  0.0779  0.0008  0.0015  0.0018  0.0012  0.0010  0.0020  0.0095  0.0011  0.0000  0.0013  0.0000  0.0000  0.0000
 0.0000  0.0000  0.0000  0.0000  0.0000  0.0000  0.0000  0.0000  0.0000  0.0000  1.0000  0.0000  0.0000  0.0000  0.0000  0.0000  0.0000  0.0000  0.0000  0.0000  0.0000  0.0000  0.0000  0.0000  0.0000
 0.0648  0.0000  0.0146  0.4222  0.0759  0.0110  0.1583  0.0487  0.0109  0.0705  0.0158  0.0068  1.0000  0.0458  0.0490  0.0366  0.1875  0.7818  0.0178  0.0060  0.0000  0.0258  0.0000  0.0000  0.0000
 0.4393  0.0000  0.0549  0.2256  0.5883  0.0310  0.1710  0.0426  0.0786  0.1838  0.0919  0.0435  0.2035  0.1629  0.1492  0.1016  0.9680  1.0000  0.1398  0.0168  0.0000  0.0336  0.0000  0.0000  0.0000
 0.1616  0.0000  0.0312  0.7305  0.2567  0.0336  0.4230  0.2524  0.0278  0.2919  0.0560  0.0196  1.0000  0.1147  0.2482  0.4992  0.3449  0.1588  0.0423  0.0161  0.0000  0.0765  0.0000  0.0000  0.0000
 0.0087  0.0000  0.0653  0.0019  0.0028  1.0000  0.0025  0.0026  0.0184  0.0016  0.2551  0.0099  0.0016  0.0034  0.0018  0.0019  0.0058  0.0057  0.0158  0.0274  0.0000  0.1574  0.0000  0.0000  0.0000
 0.6207  0.0000  0.0460  0.6266  1.0000  0.0560  0.3528  0.1538  0.1544  0.7517  0.2507  0.1034  0.4291  0.2353  0.5277  0.4188  0.6737  0.4636  0.2350  0.0187  0.0000  0.0559  0.0000  0.0000  0.0000
 0.6107  0.0000  0.0789  0.0196  0.0593  0.0529  0.0046  0.0153  0.6410  0.0599  0.3531  0.0935  0.0288  0.0825  0.0442  0.0344  0.0595  0.2982  1.0000  0.0084  0.0000  0.0177  0.0000  0.0000  0.0000
 0.3753  0.0000  0.0728  0.0339  0.1167  0.1724  0.0574  0.0564  0.7514  0.4180  1.0000  0.2300  0.0744  0.1124  0.1496  0.2746  0.1035  0.2717  0.9929  0.0275  0.0000  0.0536  0.0000  0.0000  0.0000
 0.4903  0.0000  0.0341  0.0114  0.0269  0.0722  0.0109  0.0078  0.8639  0.0302  1.0000  0.0928  0.0166  0.0352  0.0231  0.0207  0.0293  0.1160  0.8124  0.0092  0.0000  0.0199  0.0000  0.0000  0.0000
 1.0000  0.0000  0.1013  0.4416  0.2167  0.0507  0.6950  0.0980  0.0641  0.2135  0.1165  0.0486  0.5506  0.2674  0.1415  0.1335  0.6391  0.2930  0.1788  0.0219  0.0000  0.0678  0.0000  0.0000  0.0000
 0.0000  0.0000  0.0000  1.0000  0.0000  0.0000  0.0000  0.0000  0.0000  0.0000  0.0000  0.0000  0.0000  0.0000  0.0000  0.0000  0.0000  0.0000  0.0000  0.0000  0.0000  0.0000  0.0000  0.0000  0.0000
 0.0147  0.0000  0.0044  0.0020  0.0038  1.0000  0.0031  0.0025  0.0655  0.0042  0.8231  0.0423  0.0030  0.0062  0.0063  0.0042  0.0053  0.0086  0.0383  0.0160  0.0000  0.0536  0.0000  0.0000  0.0000
 0.0519  0.0000  0.0095  0.7500  0.0517  0.0074  1.0000  0.0291  0.0049  0.0417  0.0105  0.0036  0.1516  0.0313  0.0293  0.0225  0.0818  0.0329  0.0096  0.0042  0.0000  0.0158  0.0000  0.0000  0.0000
 0.5111  0.0000  0.0304  0.0194  0.0303  0.1107  0.0930  0.0120  0.2162  0.0354  1.0000  0.1315  0.0221  0.0601  0.0338  0.0287  0.0927  0.0702  0.1887  0.0156  0.0000  0.0238  0.0000  0.0000  0.0000
 0.5704  0.0000  0.0746  0.0968  0.0933  0.2243  0.2905  0.0385  0.3608  0.1222  1.0000  0.2308  0.1194  0.1760  0.0950  0.0941  0.4483  0.3812  0.3071  0.0402  0.0000  0.0805  0.0000  0.0000  0.0000
 0.1456  0.0000  0.0140  0.0302  0.1959  0.0289  0.1035  0.1225  0.0590  1.0000  0.1394  0.0461  0.1368  0.1965  0.3256  0.8981  0.1182  0.1496  0.0792  0.0217  0.0000  0.0619  0.0000  0.0000  0.0000
 0.5416  0.0000  0.1055  0.0965  0.1061  0.0940  0.0887  0.0433  0.4841  0.1330  0.4576  0.1332  0.1638  0.1696  0.1029  0.0855  0.6486  1.0000  0.8541  0.0240  0.0000  0.0519  0.0000  0.0000  0.0000
 0.0562  0.0000  0.0161  0.0068  0.0115  1.0000  0.0118  0.0037  0.1583  0.0095  0.2181  0.0471  0.0061  0.0167  0.0083  0.0077  0.0207  0.0363  0.6380  0.0659  0.0000  0.2590  0.0000  0.0000  0.0000
 0.6502  0.0000  0.1061  0.9347  0.8050  0.2425  0.5926  0.2789  0.3487  0.5994  0.6131  0.1705  1.0000  0.3851  0.4387  0.3659  0.7622  0.6173  0.4440  0.0655  0.0000  0.2899  0.0000  0.0000  0.0000
 0.7319  0.0000  0.1944  0.3457  0.5428  0.7062  0.4295  0.5893  0.4787  0.7484  0.7624  0.2580  0.4452  0.2958  0.5050  0.6722  0.5875  0.5738  0.6523  0.1898  0.0000  1.0000  0.0000  0.0000  0.0000
 0.3406  0.0000  0.0234  0.5591  1.0000  0.0275  0.2610  0.0712  0.0608  0.3425  0.1025  0.0378  0.2573  0.1474  0.2818  0.1654  0.4265  0.2131  0.1453  0.0110  0.0000  0.0337  0.0000  0.0000  0.0000
 0.2988  0.0000  0.0171  0.1819  0.0852  0.0116  1.0000  0.0395  0.0134  0.2439  0.0251  0.0098  0.7986  0.0535  0.0550  0.0483  0.8165  0.0767  0.0280  0.0052  0.0000  0.0215  0.0000  0.0000  0.0000
 0.2426  0.0000  0.0172  0.6977  1.0000  0.0267  0.2986  0.0958  0.0315  0.2712  0.0592  0.0229  0.3728  0.1456  0.2738  0.1182  0.2439  0.1434  0.0569  0.0128  0.0000  0.0483  0.0000  0.0000  0.0000
 0.3161  0.0000  0.1232  0.0559  0.0901  0.0724  0.0462  0.0535  0.2919  0.0905  0.1721  0.1149  0.0673  0.0678  0.0691  0.1615  0.2714  1.0000  0.5254  0.0184  0.0000  0.0835  0.0000  0.0000  0.0000
 0.0791  0.0000  0.0213  0.0148  0.0254  0.1901  0.0235  0.0554  0.3276  0.0348  1.0000  0.2162  0.0257  0.0333  0.0426  0.0353  0.0303  0.0489  0.1892  0.0249  0.0000  0.0484  0.0000  0.0000  0.0000
 0.0061  0.0000  0.0014  0.0006  0.0011  0.0027  0.0007  0.0002  0.0780  0.0013  0.0149  0.0031  0.0007  0.0013  0.0007  0.0009  0.0013  0.0049  1.0000  0.0004  0.0000  0.0012  0.0000  0.0000  0.0000
 0.1827  0.0000  0.0215  0.0878  0.0809  0.0149  0.1321  0.0382  0.0250  0.7567  0.0465  0.0180  0.1149  0.0728  0.0839  0.1577  1.0000  0.1693  0.0480  0.0087  0.0000  0.0232  0.0000  0.0000  0.0000
 0.3539  0.0000  0.2611  0.0944  0.0673  0.0375  0.1542  0.0296  0.1045  0.0870  0.1020  0.0423  0.1425  0.1276  0.0674  0.0617  0.5703  1.0000  0.2041  0.0186  0.0000  0.0356  0.0000  0.0000  0.0000
 0.2752  0.0000  0.0102  0.0698  0.0266  0.0055  1.0000  0.0151  0.0047  0.0264  0.0102  0.0044  0.4748  0.0281  0.0176  0.0152  0.0717  0.0275  0.0141  0.0024  0.0000  0.0093  0.0000  0.0000  0.0000
 0.3238  0.0000  0.0554  0.1245  0.3249  0.1418  0.1740  0.2095  0.1820  1.0000  0.2849  0.0952  0.2227  0.1682  0.3965  0.8323  0.2663  0.3268  0.2916  0.0503  0.0000  0.2125  0.0000  0.0000  0.0000
 0.2655  0.0000  0.0549  0.0241  0.0730  0.1753  0.0416  0.0373  0.7603  0.1906  1.0000  0.2219  0.0502  0.0782  0.0950  0.1945  0.0715  0.1916  0.8838  0.0250  0.0000  0.0477  0.0000  0.0000  0.0000
 1.0000  0.0000  0.0968  0.2866  0.8016  0.0555  0.2362  0.0416  0.3332  0.1851  0.2698  0.0894  0.0867  0.2078  0.1813  0.0863  0.2808  0.3225  0.8407  0.0147  0.0000  0.0337  0.0000  0.0000  0.0000
 0.1115  0.0000  0.0220  0.0143  0.0234  0.1790  0.0495  0.0159  0.3988  0.0324  1.0000  0.2164  0.0222  0.0392  0.0384  0.0303  0.0437  0.0503  0.2567  0.0221  0.0000  0.0299  0.0000  0.0000  0.0000
 0.2282  0.0000  0.0502  0.1245  0.0781  0.0495  0.0926  0.0743  0.0782  0.1170  0.0852  0.0404  0.2056  0.1172  0.0866  0.0820  0.7215  1.0000  0.1191  0.0269  0.0000  0.0664  0.0000  0.0000  0.0000
 0.9783  0.0000  0.1079  0.1009  0.1293  0.2181  0.5904  0.0579  0.3834  0.1707  1.0000  0.2395  0.1064  0.3469  0.1216  0.1376  0.4910  0.2267  0.3528  0.0394  0.0000  0.0927  0.0000  0.0000  0.0000
 0.0628  0.0000  0.0103  0.6556  0.2719  0.0105  1.0000  0.1431  0.0069  0.0798  0.0142  0.0053  0.2507  0.0458  0.0666  0.0357  0.1225  0.0528  0.0121  0.0053  0.0000  0.0252  0.0000  0.0000  0.0000
 0.0041  0.0000  0.0021  0.0007  0.0011  0.7270  0.0007  0.0001  0.0088  0.0000  0.0214  0.0043  0.0000  0.0016  0.0000  0.0000  0.0029  0.0026  0.0082  0.0200  0.0000  1.0000  0.0000  0.0000  0.0000
 0.0186  0.0000  0.0043  0.0018  0.0037  0.0205  0.0025  0.0016  0.0808  0.0045  0.7685  0.0245  0.0028  0.0052  0.0045  0.0037  0.0043  0.0131  1.0000  0.0026  0.0000  0.0043  0.0000  0.0000  0.0000
 1.0000  0.0000  0.0792  0.8167  0.5930  0.0454  0.5547  0.0835  0.0526  0.2180  0.1013  0.0426  0.3499  0.2535  0.2010  0.1071  0.5010  0.2227  0.1473  0.0202  0.0000  0.0576  0.0000  0.0000  0.0000
 0.0000  0.0000  0.0000  0.0000  0.0000  0.0000  0.0000  0.0000  0.0000  0.0000  0.0000  0.0000  0.0000  1.0000  0.0000  0.0000  0.0000  0.0000  0.0000  0.0000  0.0000  0.0000  0.0000  0.0000  0.0000
 0.0000  0.0000  0.0000  0.0000  1.0000  0.0000  0.0000  0.0000  0.0000  0.0000  0.0000  0.0000  0.0000  0.0000  0.0000  0.0000  0.0000  0.0000  0.0000  0.0000  0.0000  0.0000  0.0000  0.0000  0.0000
 0.2711  0.0000  0.0254  0.8173  1.0000  0.0395  0.3254  0.1213  0.0392  0.3075  0.0776  0.0281  0.4662  0.1718  0.4755  0.1361  0.2978  0.1789  0.0669  0.1083  0.0000  0.0691  0.0000  0.0000  0.0000
 0.1867  0.0000  0.0371  0.0174  0.0471  0.1294  0.0322  0.0277  0.3340  0.1034  1.0000  0.1620  0.0328  0.1379  0.0610  0.1171  0.0536  0.1213  0.4362  0.0185  0.0000  0.0345  0.0000  0.0000  0.0000
 0.2324  0.0000  0.0553  0.1060  0.0775  0.2085  0.0932  0.0716  0.0997  0.1058  0.1365  0.0521  0.1773  0.1122  0.0854  0.0818  0.6726  1.0000  0.1399  0.2349  0.0000  0.2753  0.0000  0.0000  0.0000
 0.2053  0.0000  0.0292  0.1556  0.8673  0.0177  0.0870  0.0273  0.0434  0.1068  0.0495  0.0239  0.1257  1.0000  0.0924  0.0566  0.6970  0.9140  0.0749  0.0100  0.0000  0.0208  0.0000  0.0000  0.0000
 0.4558  0.0000  0.1191  0.2037  0.3543  0.4525  0.3255  0.4218  0.3146  1.0000  0.5979  0.1891  0.3513  0.2284  0.4562  0.8833  0.3724  0.3741  0.3835  0.1275  0.0000  0.6399  0.0000  0.0000  0.0000
 0.1107  0.0000  0.0113  0.0274  0.0154  0.0049  1.0000  0.0061  0.0053  0.0163  0.0112  0.0051  0.0296  0.0295  0.0110  0.0107  0.8808  0.0269  0.0178  0.0021  0.0000  0.0053  0.0000  0.0000  0.0000
 0.0351  0.0000  0.0006  0.9065  1.0000  0.0032  0.0146  0.0088  0.0042  0.0354  0.0078  0.0032  0.0171  0.1350  0.0458  0.0096  0.0187  0.0156  0.0080  0.0015  0.0000  0.0044  0.0000  0.0000  0.0000
 0.1279  0.0000  0.0316  0.0269  0.0357  0.0810  0.0279  0.0124  0.9426  0.0396  0.4011  0.0807  0.0272  0.0289  0.0231  0.0294  0.0419  0.1129  1.0000  0.0117  0.0000  0.0447  0.0000  0.0000  0.0000
 0.1578  0.0000  0.0431  0.0304  0.0461  0.1312  0.0460  0.0518  1.0000  0.0531  0.4174  0.1696  0.0432  0.0419  0.0407  0.0502  0.0649  0.2487  0.9993  0.0254  0.0000  0.5051  0.0000  0.0000  0.0000
 0.2884  0.0000  0.0483  0.1446  0.1812  0.0256  0.1169  0.0339  0.0663  0.1193  0.0689  0.0353  0.1871  0.3455  0.0935  0.0715  1.0000  0.9806  0.1125  0.0152  0.0000  0.0297  0.0000  0.0000  0.0000
 0.0000  0.0000  0.0000  0.0000  0.0000  1.0000  0.0000  0.0000  0.0000  0.0000  0.0000  0.0000  0.0000  0.0000  0.0000  0.0000  0.0000  0.0000  0.0000  0.0000  0.0000  0.0000  0.0000  0.0000  0.0000
 0.1426  0.0000  0.0218  0.5796  0.1996  0.0214  1.0000  0.1503  0.0269  0.1886  0.0476  0.0168  0.6328  0.0812  0.3439  0.1652  0.3552  0.1284  0.0416  0.0095  0.0000  0.0440  0.0000  0.0000  0.0000
 0.6806  0.0000  0.1071  0.3940  0.6855  0.1813  0.2226  0.1673  0.6194  0.6008  0.5240  0.1575  0.2827  0.2292  0.3828  0.4048  0.4032  0.5149  1.0000  0.0472  0.0000  0.1997  0.0000  0.0000  0.0000
 0.5823  0.0000  0.1016  0.9695  0.7822  0.2477  0.6798  0.3460  0.2048  0.7102  0.3417  0.1182  1.0000  0.2830  0.4762  0.4637  0.7414  0.4930  0.2933  0.0749  0.0000  0.3732  0.0000  0.0000  0.0000
 0.0065  0.0000  0.0015  0.0007  0.0014  0.0118  0.0011  0.0009  0.0269  0.0018  1.0000  0.0143  0.0012  0.0023  0.0024  0.0017  0.0017  0.0041  0.1530  0.0014  0.0000  0.0019  0.0000  0.0000  0.0000
 0.0108  0.0000  0.0028  0.0013  0.0028  0.0287  0.0022  0.0021  0.2789  0.0037  1.0000  0.7652  0.0026  0.0045  0.0055  0.0037  0.0030  0.0064  0.0321  0.0034  0.0000  0.0037  0.0000  0.0000  0.0000
 0.1664  0.0000  0.0037  0.4989  1.0000  0.0158  0.0803  0.0585  0.0200  0.1708  0.0374  0.0152  0.1011  0.2052  0.2167  0.0483  0.0971  0.0768  0.0383  0.0074  0.0000  0.0228  0.0000  0.0000  0.0000
 0.8832  0.0000  0.0929  0.6237  1.0000  0.1627  0.4105  0.2004  0.3826  0.9639  0.4901  0.1506  0.5186  0.3383  0.6196  0.5607  0.8349  0.6594  0.5278  0.0459  0.0000  0.1909  0.0000  0.0000  0.0000
 0.2153  0.0000  0.0607  0.0551  0.0739  0.1831  0.0802  0.1018  0.9677  0.0845  0.4132  0.1003  0.0823  0.0671  0.0705  0.0843  0.1905  0.2661  1.0000  0.0415  0.0000  0.4165  0.0000  0.0000  0.0000
 0.2880  0.0000  0.0583  0.9039  0.3545  0.0461  0.5911  0.1878  0.0549  0.3385  0.0808  0.0334  1.0000  0.1898  0.2240  0.2020  0.7576  0.6548  0.0874  0.0245  0.0000  0.1010  0.0000  0.0000  0.0000
 0.1225  0.0000  0.0124  0.3956  1.0000  0.0158  0.3372  0.0641  0.0156  0.1497  0.0303  0.0115  0.3906  0.0784  0.1777  0.0657  0.1611  0.0838  0.0277  0.0077  0.0000  0.0324  0.0000  0.0000  0.0000
 0.0088  0.0000  0.0008  0.0016  0.0123  0.0018  0.0063  0.0640  0.0038  1.0000  0.0089  0.0029  0.0086  0.0069  0.0822  0.1803  0.0072  0.0094  0.0050  0.0014  0.0000  0.0040  0.0000  0.0000  0.0000
 0.4822  0.0000  0.0949  0.0847  0.0940  0.0550  0.0645  0.0350  0.4820  0.1156  0.2652  0.0903  0.1447  0.4030  0.0879  0.0714  0.6008  1.0000  0.7766  0.0176  0.0000  0.0370  0.0000  0.0000  0.0000
 1.0000  0.0000  0.1857  0.7425  0.7774  0.5587  0.4864  0.6052  0.5150  0.7083  0.6998  0.2396  0.5244  0.3391  0.5401  0.5335  0.8476  0.7710  0.7461  0.1497  0.0000  0.7692  0.0000  0.0000  0.0000
 0.0157  0.0000  0.0031  0.0069  0.0596  0.0074  0.0060  0.0018  1.0000  0.0072  0.0347  0.0077  0.0037  0.0057  0.0052  0.0050  0.0061  0.0105  0.0479  0.0015  0.0000  0.0033  0.0000  0.0000  0.0000
 0.0329  0.0000  0.0075  0.0891  0.0243  0.0841  0.0223  0.0091  0.0691  0.0162  0.4223  0.0437  0.0204  0.0156  0.0154  0.0124  0.0222  0.0208  0.0458  1.0000  0.0000  0.0525  0.0000  0.0000  0.0000
 0.1125  0.0000  0.0110  0.0262  0.1533  0.0230  0.0787  0.0944  0.0477  1.0000  0.1090  0.0360  0.1389  0.0845  0.2509  0.7595  0.0934  0.1184  0.2017  0.0167  0.0000  0.0483  0.0000  0.0000  0.0000
 0.6653  0.0000  0.0476  0.6050  1.0000  0.0523  0.3361  0.1236  0.2574  0.9265  0.2739  0.0961  0.4367  0.2541  0.5530  0.5357  0.6352  0.5195  0.2548  0.0191  0.0000  0.0494  0.0000  0.0000  0.0000
 0.3354  0.0000  0.0535  0.7844  0.2819  0.0413  1.0000  0.1799  0.0307  0.4000  0.0675  0.0254  0.9722  0.8488  0.1977  0.2148  0.5097  0.2158  0.0627  0.0209  0.0000  0.0951  0.0000  0.0000  0.0000
 0.1410  0.0000  0.0052  1.0000  0.2421  0.0050  0.1636  0.0162  0.0063  0.0444  0.0117  0.0046  0.0695  0.0269  0.0411  0.0192  0.1138  0.0288  0.0126  0.0023  0.0000  0.0084  0.0000  0.0000  0.0000
 0.1153  0.0000  0.0263  0.0106  0.0213  0.0539  0.0135  0.0061  1.0000  0.0251  0.2771  0.0591  0.0143  0.1966  0.0155  0.0176  0.0261  0.0915  0.9625  0.0580  0.0000  0.0245  0.0000  0.0000  0.0000
 0.8235  0.0000  0.0913  0.6316  1.0000  0.2143  0.4425  0.2390  0.3013  0.9548  0.4320  0.1500  0.5398  0.3042  0.6230  0.5705  0.8432  0.6566  0.3917  0.0590  0.0000  0.2679  0.0000  0.0000  0.0000
 0.0675  0.0000  0.0150  0.4741  0.0964  0.0128  0.2933  0.0653  0.0078  0.0926  0.0162  0.0058  0.6840  0.0507  0.0618  0.1287  1.0000  0.0713  0.0129  0.0065  0.0000  0.0330  0.0000  0.0000  0.0000
 0.2411  0.0000  0.0730  0.0775  0.1094  0.8534  0.1206  0.2723  1.0000  0.1289  0.7665  0.1945  0.1160  0.1558  0.1230  0.1409  0.1535  0.1776  0.3313  0.0709  0.0000  0.3332  0.0000  0.0000  0.0000
 0.0158  0.0000  0.0042  0.0021  0.0041  0.1633  0.0036  0.0029  0.4270  0.0055  1.0000  0.5203  0.0039  0.0062  0.0075  0.0054  0.0047  0.0102  0.2011  0.0047  0.0000  0.0060  0.0000  0.0000  0.0000
 0.3963  0.0000  0.0564  0.5318  0.6113  0.2096  0.3683  0.1708  0.3611  0.6732  1.0000  0.2327  0.4665  0.2131  0.3608  0.5060  0.3591  0.2780  0.2921  0.0471  0.0000  0.1261  0.0000  0.0000  0.0000
 0.7486  0.0000  0.0747  0.1382  0.0970  0.0314  1.0000  0.0317  0.0365  0.1049  0.0758  0.0347  0.1453  0.4716  0.0697  0.0714  0.4361  0.2428  0.1221  0.0127  0.0000  0.0312  0.0000  0.0000  0.0000
 0.0785  0.0000  0.0181  0.4530  0.1175  0.0162  0.2621  0.7698  0.0093  0.2648  0.0195  0.0070  1.0000  0.0610  0.0747  0.0582  0.4047  0.0843  0.0151  0.0081  0.0000  0.0413  0.0000  0.0000  0.0000
 0.0217  0.0000  0.0081  0.0065  0.0075  0.0397  0.0914  0.0020  0.9272  0.0113  0.6781  0.0358  0.0079  0.0043  0.0040  0.0098  0.0118  0.0277  1.0000  0.0051  0.0000  0.0922  0.0000  0.0000  0.0000
 0.1640  0.0000  0.0111  0.3215  1.0000  0.0163  0.1050  0.1199  0.0346  0.2712  0.0582  0.0644  0.4332  0.0754  0.1558  0.0990  0.1530  0.1126  0.0547  0.0063  0.0000  0.0208  0.0000  0.0000  0.0000
 0.0856  0.0000  0.0085  0.0126  0.0097  0.0038  1.0000  0.0030  0.0595  0.0108  0.0095  0.0041  0.0130  0.0215  0.0072  0.0075  0.0976  0.0204  0.0144  0.0014  0.0000  0.0035  0.0000  0.0000  0.0000
 0.8642  0.0000  0.0697  0.6099  0.7173  0.0556  0.4807  0.1028  0.1413  0.6827  0.2346  0.0860  0.4057  0.2656  0.4180  0.3709  1.0000  0.4760  0.3604  0.0193  0.0000  0.0533  0.0000  0.0000  0.0000
 0.8344  0.0000  0.1817  0.8887  0.6179  0.5092  0.7735  0.4694  0.3593  0.4553  0.5179  0.1802  0.9428  0.3505  0.3915  0.3535  1.0000  0.8374  0.5267  0.1422  0.0000  0.7348  0.0000  0.0000  0.0000
 0.2712  0.0000  0.0605  0.0932  0.1266  0.1613  0.0775  0.0670  0.8856  0.1174  0.6074  0.1481  0.0937  0.0783  0.0887  0.0877  0.1386  0.2339  1.0000  0.0303  0.0000  0.1244  0.0000  0.0000  0.0000
 0.5321  0.0000  0.0454  0.0321  0.0420  0.0224  0.0886  0.0121  0.1415  0.0476  0.1082  0.0374  0.0454  0.0782  0.0351  0.0301  0.3869  0.3201  1.0000  0.0066  0.0000  0.0134  0.0000  0.0000  0.0000
 0.4943  0.0000  0.0628  0.9720  0.6495  0.0823  0.7167  0.4188  0.1190  0.6163  0.1988  0.0699  1.0000  0.2342  0.4000  0.9555  0.8345  0.5646  0.1784  0.0300  0.0000  0.1321  0.0000  0.0000  0.0000
 0.0271  0.0000  0.0087  0.0038  0.0072  0.9921  0.0057  0.0052  0.1137  0.0073  0.4937  0.4801  0.0055  0.0112  0.0108  0.0075  0.0109  0.0163  0.0683  1.0000  0.0000  0.1405  0.0000  0.0000  0.0000
 0.0687  0.0000  0.0067  0.0160  0.0960  0.0144  0.0506  0.9075  0.0291  1.0000  0.0688  0.0227  0.0697  0.0538  0.1611  0.4804  0.0575  0.0734  0.0386  0.0108  0.0000  0.0311  0.0000  0.0000  0.0000
 0.3592  0.0000  0.0714  0.0208  0.0559  0.1344  0.0145  0.0181  0.7284  0.0601  0.8048  0.1848  0.0319  0.0782  0.0510  0.0398  0.0583  0.2414  1.0000  0.0175  0.0000  0.0297  0.0000  0.0000  0.0000
 0.3024  0.0000  0.0440  0.0167  0.0365  0.3590  0.0181  0.0161  0.7487  0.0412  0.6165  0.1301  0.0246  0.0460  0.0330  0.0304  0.0409  0.1461  1.0000  0.0153  0.0000  0.0398  0.0000  0.0000  0.0000
 0.0171  0.0000  0.0004  1.0000  0.7700  0.0016  0.0081  0.0045  0.0020  0.0174  0.0038  0.0016  0.0098  0.0105  0.0223  0.0048  0.0097  0.0078  0.0039  0.0008  0.0000  0.0023  0.0000  0.0000  0.0000
 0.0111  0.0000  0.0029  0.0015  0.0028  0.0266  0.0025  0.0019  1.0000  0.0038  0.8075  0.0320  0.0026  0.0042  0.0049  0.0036  0.0033  0.0073  0.0539  0.0032  0.0000  0.0044  0.0000  0.0000  0.0000
 1.0000  0.0000  0.1065  0.2455  0.2206  0.0618  0.5924  0.1086  0.0942  0.2357  0.1625  0.0606  0.2327  0.2701  0.1414  0.1738  0.5315  0.2508  0.2307  0.0265  0.0000  0.0649  0.0000  0.0000  0.0000
 0.4171  0.0000  0.0421  0.2122  0.4199  0.0947  0.2064  0.1471  0.1389  1.0000  0.4065  0.2856  0.2438  0.1654  0.3767  0.6535  0.3684  0.2981  0.1928  0.0330  0.0000  0.1268  0.0000  0.0000  0.0000
 1.0000  0.0000  0.1645  0.1057  0.2676  0.0161  0.1481  0.0237  0.0367  0.4462  0.0614  0.0235  0.0881  0.0823  0.0964  0.0921  0.6031  0.1307  0.0726  0.0058  0.0000  0.0147  0.0000  0.0000  0.0000
 0.0000  0.0000  1.0000  0.0000  0.0000  0.0000  0.0000  0.0000  0.0000  0.0000  0.0000  0.0000  0.0000  0.0000  0.0000  0.0000  0.0000  0.0000  0.0000  0.0000  0.0000  0.0000  0.0000  0.0000  0.0000
 0.9018  0.0000  0.1107  0.6312  1.0000  0.2780  0.4805  0.2872  0.3278  0.9955  0.5392  0.1810  0.5523  0.3298  0.6401  0.6230  0.8283  0.6852  0.4598  0.0766  0.0000  0.3568  0.0000  0.0000  0.0000
 0.5339  0.0000  0.0370  0.3175  0.1861  0.0251  0.2897  0.0750  0.0393  0.4053  0.0648  0.0260  1.0000  0.1169  0.1295  0.1386  0.6940  0.2831  0.0740  0.0121  0.0000  0.0423  0.0000  0.0000  0.0000
 0.6987  0.0000  0.1088  0.4444  0.7524  0.3222  0.3789  0.3323  0.3108  1.0000  0.5109  0.1702  0.4470  0.3052  0.5992  0.7336  0.6113  0.5425  0.4302  0.0917  0.0000  0.4435  0.0000  0.0000  0.0000
 0.2042  0.0000  0.0419  0.1904  0.1339  0.1361  0.0894  0.0760  0.1379  0.1424  0.1179  0.0455  0.2211  0.0904  0.1070  0.1012  1.0000  0.7715  0.1867  0.0264  0.0000  0.1151  0.0000  0.0000  0.0000
 0.8552  0.0000  0.0906  0.1551  0.1217  0.0417  0.4906  0.0378  0.0588  0.1339  0.1028  0.0460  0.1705  0.4972  0.0912  0.0922  1.0000  0.4429  0.1617  0.0193  0.0000  0.0397  0.0000  0.0000  0.0000
 1.0000  0.0000  0.0201  0.1382  0.2793  0.0175  0.0924  0.0308  0.0493  0.1907  0.0714  0.0936  0.2528  0.0749  0.1241  0.1097  0.4787  0.4017  0.0775  0.0070  0.0000  0.0175  0.0000  0.0000  0.0000
 0.1783  0.0000  0.0143  0.1536  1.0000  0.0216  0.1030  0.2192  0.0502  0.3962  0.0915  0.0315  0.2345  0.0813  0.3450  0.8411  0.1685  0.2283  0.0736  0.0099  0.0000  0.0304  0.0000  0.0000  0.0000
 0.0000  0.0000  0.0000  0.0000  0.0000  0.0000  0.0000  0.0000  0.0000  0.0000  0.0000  0.0000  0.0000  0.0000  0.0000  1.0000  0.0000  0.0000  0.0000  0.0000  0.0000  0.0000  0.0000  0.0000  0.0000
 0.0000  0.0000  0.0000  0.0000  0.0000  0.0000  0.0000  0.0000  0.0000  0.0000  0.0000  0.0000  0.0000  1.0000  0.0000  0.0000  0.0000  0.0000  0.0000  0.0000  0.0000  0.0000  0.0000  0.0000  0.0000
 0.0172  0.0000  0.0036  0.0093  0.0052  0.0019  0.0062  0.0025  0.0052  0.0076  0.0049  0.0026  0.1328  0.0090  0.0059  0.0047  0.4200  1.0000  0.0083  0.0012  0.0000  0.0023  0.0000  0.0000  0.0000
 1.0000  0.0000  0.0553  0.0412  0.0553  0.0539  0.2517  0.0129  0.1078  0.0599  0.2174  0.7676  0.0371  0.1246  0.0429  0.0439  0.2399  0.1186  0.1855  0.0120  0.0000  0.0248  0.0000  0.0000  0.0000
 0.3612  0.0000  0.0533  0.1152  0.0956  0.0270  0.1292  0.0315  0.0711  0.1199  0.0748  0.0379  0.1785  0.1350  0.2378  0.0762  0.8568  1.0000  0.1238  0.0157  0.0000  0.0298  0.0000  0.0000  0.0000
 0.5481  0.0000  0.0346  0.8227  1.0000  0.0465  0.2527  0.1888  0.1188  0.5894  0.1939  0.1363  0.4191  0.1954  0.7513  0.3180  0.4558  0.3564  0.1822  0.0158  0.0000  0.0484  0.0000  0.0000  0.0000
 0.0059  0.0000  0.0014  0.0006  0.0011  0.0028  0.0007  0.0002  0.0848  0.0013  0.0150  0.0031  0.0007  0.0012  0.0007  0.0009  0.0013  0.0048  1.0000  0.0004  0.0000  0.0012  0.0000  0.0000  0.0000
 0.0182  0.0000  0.0042  0.0017  0.0036  0.0198  0.0025  0.0016  0.0789  0.0044  0.7450  0.0237  0.0027  0.0051  0.0044  0.0036  0.0042  0.0128  1.0000  0.0025  0.0000  0.0042  0.0000  0.0000  0.0000
 0.8356  0.0000  0.0887  0.6596  1.0000  0.2042  0.4209  0.2293  0.2786  0.9155  0.4207  0.1517  0.5217  0.2986  0.6055  0.5557  0.7766  0.6302  0.3807  0.0561  0.0000  0.2527  0.0000  0.0000  0.0000
 0.2488  0.0000  0.0067  0.4438  1.0000  0.0160  0.0804  0.0410  0.0318  0.2081  0.0546  0.0209  0.0966  0.1007  0.3274  0.0797  0.1318  0.3099  0.0547  0.0070  0.0000  0.0190  0.0000  0.0000  0.0000
 0.0247  0.0000  0.0096  0.0046  0.0070  0.3020  0.0070  0.0035  0.0767  0.0057  1.0000  0.0454  0.0040  0.0103  0.0065  0.0056  0.0131  0.0150  0.0537  0.0621  0.0000  0.7854  0.0000  0.0000  0.0000
 0.0632  0.0000  0.0061  0.0204  0.0890  0.0126  0.0475  0.0539  0.0259  1.0000  0.0606  0.0201  0.5581  0.0481  0.9499  0.4810  0.0547  0.0666  0.0346  0.0094  0.0000  0.0271  0.0000  0.0000  0.0000
 0.0417  0.0000  0.0013  0.1734  1.0000  0.0040  0.0190  0.0116  0.0067  0.6060  0.0126  0.0048  0.0235  0.0241  0.0538  0.0959  0.0263  0.0225  0.0115  0.0020  0.0000  0.0057  0.0000  0.0000  0.0000
 0.0591  0.0000  1.0000  0.0045  0.0084  0.0086  0.0115  0.0026  0.0539  0.0083  0.0394  0.0114  0.0050  0.0136  0.0064  0.0057  0.0153  0.0345  0.7859  0.0020  0.0000  0.0044  0.0000  0.0000  0.0000
 0.0093  0.0000  0.0024  0.0012  0.0023  0.1311  0.0020  0.0015  0.1065  0.0031  1.0000  0.0262  0.0022  0.0035  0.0040  0.0030  0.0027  0.0062  0.2431  0.0026  0.0000  0.0037  0.0000  0.0000  0.0000
 0.7375  0.0000  0.0562  0.6249  1.0000  0.0711  0.3733  0.1379  0.1904  0.8814  0.3036  0.1064  0.4896  0.2684  0.5687  0.5006  0.7071  0.5622  0.2841  0.0228  0.0000  0.0711  0.0000  0.0000  0.0000
 0.3223  0.0000  0.0576  0.1048  0.0747  0.0507  0.1139  0.0333  0.1243  0.1098  0.2422  0.0646  0.1800  0.1360  0.0833  0.0726  0.8005  1.0000  0.1757  0.0192  0.0000  0.0363  0.0000  0.0000  0.0000
 0.1816  0.0000  0.0253  0.1938  0.4294  0.1731  0.0756  0.0376  0.3168  0.1361  1.0000  0.2002  0.0607  0.0879  0.1336  0.0809  0.0818  0.0934  0.2235  0.0266  0.0000  0.0443  0.0000  0.0000  0.0000
 0.3419  0.0000  0.0248  0.4911  1.0000  0.0262  0.1863  0.0631  0.0832  0.4227  0.1352  0.1634  0.3154  0.1304  0.2761  0.9371  0.4187  0.2587  0.1272  0.0093  0.0000  0.0247  0.0000  0.0000  0.0000
 0.3796  0.0000  0.0216  1.0000  0.5998  0.0209  0.1804  0.0583  0.0666  0.7401  0.1086  0.0383  0.9400  0.1114  0.2293  0.1918  0.5483  0.2159  0.1024  0.0078  0.0000  0.0216  0.0000  0.0000  0.0000
 0.8348  0.0000  0.0535  0.6326  1.0000  0.0560  0.3685  0.1646  0.1826  0.8872  0.2941  0.1033  0.4804  0.2656  0.5652  0.5416  0.7996  0.6521  0.2775  0.0188  0.0000  0.0487  0.0000  0.0000  0.0000
 0.6956  0.0000  0.0692  0.4555  0.8117  0.1197  0.3200  0.1809  0.2412  1.0000  0.3551  0.1816  0.4022  0.2554  0.5703  0.7711  0.5666  0.5056  0.4304  0.0388  0.0000  0.1493  0.0000  0.0000  0.0000
 0.8616  0.0000  0.1228  0.5867  0.8811  0.2948  0.4689  0.2968  0.3067  0.8663  0.4840  0.2098  0.5618  0.3308  0.5834  0.5711  1.0000  0.9751  0.4593  0.0845  0.0000  0.3933  0.0000  0.0000  0.0000
 0.6088  0.0000  0.0518  0.3160  0.3062  0.0348  0.6482  0.0691  0.0641  0.2887  0.1107  0.0428  0.3512  0.2543  0.2544  0.1676  1.0000  0.2659  0.1263  0.0132  0.0000  0.0419  0.0000  0.0000  0.0000
 0.8388  0.0000  0.0484  0.5121  1.0000  0.0485  0.3930  0.1014  0.1477  0.7177  0.2407  0.1438  0.3836  0.2312  0.9179  0.4052  0.7153  0.4504  0.2312  0.0164  0.0000  0.0432  0.0000  0.0000  0.0000
 0.3246  0.0000  0.0250  0.0463  0.0402  0.0137  0.1459  0.0137  0.1816  0.0503  0.0343  0.0169  0.0701  0.0629  0.0371  0.0323  0.8474  1.0000  0.0541  0.0070  0.0000  0.0149  0.0000  0.0000  0.0000
 0.0330  0.0000  0.0031  0.0082  0.1203  0.0067  0.0228  0.0277  0.0138  0.3427  0.1541  0.0106  0.0310  0.0249  0.0744  1.0000  0.0271  0.0344  0.0184  0.0049  0.0000  0.0141  0.0000  0.0000  0.0000
 0.0176  0.0000  0.0003  0.3629  1.0000  0.0016  0.0078  0.0045  0.0021  0.0178  0.0039  0.0016  0.0093  0.0107  0.0230  0.0049  0.0097  0.0079  0.0040  0.0008  0.0000  0.0023  0.0000  0.0000  0.0000
 0.0000  0.0000  0.0000  0.0000  0.0000  0.0000  0.0000  0.0000  0.0000  0.0000  0.0000  1.0000  0.0000  0.0000  0.0000  0.0000  0.0000  0.0000  0.0000  0.0000  0.0000  0.0000  0.0000  0.0000  0.0000
 0.0000  0.0000  0.0000  0.0000  0.0000  0.0000  0.0000  0.0000  0.0000  0.0000  1.0000  0.0000  0.0000  0.0000  0.0000  0.0000  0.0000  0.0000  0.0000  0.0000  0.0000  0.0000  0.0000  0.0000  0.0000
//
