WARNING! Y191 not allowed! score: 0.03 median: 2.79 # of sequence: 118
ID   UNK_ID; MATRIX
AC   UNK_AC
DE   UNK_DE
MA   UNK_BL
  A   B   C   D   E   F   G   H   I   K   L   M   N   P   Q   R   S   T   V   W   X   Y   Z   *   -
 0.0000  0.0000  0.0000  0.0000  0.0000  0.0000  0.0000  0.0000  0.0000  0.0000  0.0000  1.0000  0.0000  0.0000  0.0000  0.0000  0.0000  0.0000  0.0000  0.0000  0.0000  0.0000  0.0000  0.0000  0.0000
 0.0000  0.0000  0.0000  0.0000  0.0000  0.0000  0.0000  0.0000  0.0000  0.0000  0.0000  0.0000  0.0000  0.0000  0.0000  0.0000  0.0000  0.0000  1.0000  0.0000  0.0000  0.0000  0.0000  0.0000  0.0000
 0.8926  0.0000  0.0588  0.0578  0.1047  0.0285  0.3321  0.0389  0.0433  0.2747  0.0896  0.0366  0.0732  0.2968  0.1140  1.0000  0.3125  0.1397  0.1195  0.0129  0.0000  0.0311  0.0000  0.0000  0.0000
 0.0780  0.0000  0.0165  0.0517  0.0259  0.0086  0.0350  0.0134  0.0232  0.0364  0.0218  0.0118  0.9973  0.0415  0.0278  0.0223  0.7660  1.0000  0.0367  0.0056  0.0000  0.0111  0.0000  0.0000  0.0000
 0.4029  0.0000  0.0252  0.0358  0.0406  0.0104  0.1379  0.0082  0.0142  0.0378  0.0270  0.0125  0.0325  0.0650  1.0000  0.0261  0.4642  0.0817  0.0446  0.0041  0.0000  0.0093  0.0000  0.0000  0.0000
 0.4035  0.0000  0.0669  0.1173  0.0948  0.0441  0.1412  0.0395  0.1403  0.1270  0.1874  0.0567  0.2065  0.1680  0.0922  0.0836  0.7228  1.0000  0.2619  0.0187  0.0000  0.0421  0.0000  0.0000  0.0000
 0.2696  0.0000  0.0064  0.3782  1.0000  0.0098  0.0703  0.1417  0.0212  0.5408  0.0361  0.0133  0.2037  0.0562  0.1170  0.0601  0.0989  0.0729  0.0347  0.0041  0.0000  0.0127  0.0000  0.0000  0.0000
 0.7875  0.0000  0.0472  0.3137  0.3373  0.0255  0.2887  0.0398  0.0387  0.1520  0.0685  0.0299  0.1618  0.4512  0.5177  0.0788  1.0000  0.2335  0.0967  0.0107  0.0000  0.0283  0.0000  0.0000  0.0000
 1.0000  0.0000  0.1091  0.1269  0.1558  0.0409  0.6258  0.0315  0.0519  0.1571  0.1067  0.0473  0.1173  0.2392  0.1014  0.2024  0.6406  0.2029  0.1636  0.0148  0.0000  0.0365  0.0000  0.0000  0.0000
 0.6892  0.0000  0.0467  0.5023  0.7410  0.0514  0.4437  0.1006  0.2559  0.7428  0.3108  0.0840  0.3803  0.2145  0.4393  0.3924  1.0000  0.7834  0.2264  0.0173  0.0000  0.0486  0.0000  0.0000  0.0000
 0.1569  0.0000  0.0076  0.0149  0.0186  0.0035  0.1027  0.0039  0.0050  0.0946  0.0101  0.0043  0.0136  1.0000  0.1561  0.0148  0.3135  0.0203  0.0143  0.0014  0.0000  0.0033  0.0000  0.0000  0.0000
 0.8066  0.0000  0.0553  0.7007  1.0000  0.0579  0.6664  0.1681  0.1892  0.9666  0.3693  0.1071  0.6382  0.8841  0.7179  0.5232  0.8496  0.5725  0.2874  0.0194  0.0000  0.0504  0.0000  0.0000  0.0000
 0.5201  0.0000  0.0467  0.3532  0.6623  0.1052  1.0000  0.2095  0.2603  0.4600  0.2138  0.0745  0.2689  0.1558  0.3081  0.2793  0.6976  0.3132  0.2637  0.0297  0.0000  0.1349  0.0000  0.0000  0.0000
 0.8199  0.0000  0.0894  0.7255  1.0000  0.2019  0.4277  0.2329  0.6564  0.9326  0.4766  0.2412  0.5523  0.4346  0.6367  0.6036  0.7981  0.6499  0.4368  0.0568  0.0000  0.2565  0.0000  0.0000  0.0000
 0.1640  0.0000  0.0111  0.0091  0.0110  0.0043  0.1497  0.0021  0.0051  0.0117  0.0110  0.0051  0.0080  1.0000  0.0592  0.0083  0.3627  0.0219  0.0833  0.0016  0.0000  0.0035  0.0000  0.0000  0.0000
 1.0000  0.0000  0.0397  0.4405  0.7044  0.0400  0.9169  0.0891  0.1341  0.6535  0.2161  0.3341  0.5245  0.2660  0.6405  0.4595  0.8524  0.5156  0.2045  0.0135  0.0000  0.0338  0.0000  0.0000  0.0000
 0.4394  0.0000  0.0196  0.3542  0.7880  0.0187  1.0000  0.0450  0.0656  0.3708  0.1475  0.0376  0.1775  0.2376  0.2161  0.1827  0.4942  0.2025  0.1015  0.0066  0.0000  0.0152  0.0000  0.0000  0.0000
 0.1320  0.0000  0.0232  0.0291  0.0414  0.0834  0.0452  0.0657  0.1158  0.0535  0.0843  0.0287  0.0426  0.0304  0.1523  0.0899  1.0000  0.0668  0.1394  0.0222  0.0000  0.1911  0.0000  0.0000  0.0000
 0.1330  0.0000  0.0100  0.1915  0.2892  0.0106  0.3057  0.1931  0.0332  0.3301  0.0562  0.0196  0.1058  0.0537  0.6613  1.0000  0.1922  0.1027  0.0503  0.0044  0.0000  0.0119  0.0000  0.0000  0.0000
 0.4524  0.0000  0.1360  0.3909  0.8032  0.2103  0.2407  0.1996  0.1573  0.5827  0.2562  0.0886  0.3537  0.2347  1.0000  0.3133  0.4648  0.5666  0.2232  0.0396  0.0000  0.2110  0.0000  0.0000  0.0000
 0.1534  0.0000  0.0108  0.2047  0.5743  0.0114  1.0000  0.0278  0.0349  0.1782  0.0878  0.0203  0.1054  0.1002  0.1526  0.0950  0.2610  0.3426  0.0545  0.0043  0.0000  0.0110  0.0000  0.0000  0.0000
 0.4264  0.0000  0.0158  0.3724  0.7333  0.0149  0.2125  0.0369  0.0545  0.2726  0.0880  0.0309  0.5085  1.0000  0.2564  0.1532  0.8266  0.2769  0.0833  0.0052  0.0000  0.0119  0.0000  0.0000  0.0000
 0.8036  0.0000  0.0413  0.5106  1.0000  0.0387  0.2936  0.1444  0.1444  0.7174  0.2330  0.1947  0.5797  0.3339  0.5183  0.4494  0.7940  0.7623  0.2202  0.0133  0.0000  0.0296  0.0000  0.0000  0.0000
 0.1493  0.0000  0.0424  0.0489  0.0653  0.2137  0.0782  0.3341  0.1748  0.0697  0.3067  1.0000  0.0732  0.0493  0.2528  0.0829  0.2148  0.1185  0.1261  0.0441  0.0000  0.2370  0.0000  0.0000  0.0000
 0.0423  0.0000  0.0018  1.0000  0.1094  0.0017  0.0446  0.1235  0.0040  0.0232  0.0067  0.0024  0.1242  0.0084  0.0809  0.0126  0.1945  0.0436  0.0062  0.0007  0.0000  0.0027  0.0000  0.0000  0.0000
 0.5831  0.0000  0.2324  0.1926  0.2560  0.7628  0.6712  0.5083  0.3861  0.2725  0.6091  0.2069  0.3414  0.2107  0.2753  0.3259  0.4736  0.3673  0.5112  0.1734  0.0000  1.0000  0.0000  0.0000  0.0000
 0.5765  0.0000  0.0375  0.4394  0.9121  0.0351  0.2668  0.0853  0.1313  0.7793  0.2754  0.0743  0.4967  0.1925  0.4430  0.6508  1.0000  0.8889  0.2780  0.0121  0.0000  0.0268  0.0000  0.0000  0.0000
 1.0000  0.0000  0.1747  0.1708  0.1747  0.1087  0.1315  0.0629  0.0608  0.1647  0.0991  0.0342  0.1326  0.2280  0.1379  0.1846  0.8002  0.3379  0.0847  0.0553  0.0000  0.0880  0.0000  0.0000  0.0000
 1.0000  0.0000  0.0365  0.1795  0.2807  0.1051  0.8405  0.1012  0.0976  0.2650  0.1993  0.1178  0.1949  0.0940  0.2804  0.3994  0.4128  0.4417  0.2996  0.0913  0.0000  0.1418  0.0000  0.0000  0.0000
 0.2407  0.0000  0.0115  0.1744  1.0000  0.0555  0.0795  0.0852  0.0380  0.1825  0.0616  0.0217  0.1261  0.0584  0.2091  0.1012  0.7002  0.1699  0.0579  0.0049  0.0000  0.0153  0.0000  0.0000  0.0000
 0.4863  0.0000  0.0098  0.5247  0.3854  0.0094  0.0696  0.0225  0.0342  0.1697  0.0551  0.0592  0.0904  1.0000  0.3169  0.0951  0.4157  0.2295  0.0859  0.0033  0.0000  0.0073  0.0000  0.0000  0.0000
 0.7619  0.0000  0.0527  0.6393  1.0000  0.0492  0.4607  0.1198  0.2307  0.9292  0.2978  0.1365  0.5009  0.2801  0.6764  0.7007  0.8409  0.5908  0.2815  0.0169  0.0000  0.0374  0.0000  0.0000  0.0000
 0.5114  0.0000  0.0332  1.0000  0.8047  0.0864  0.2882  0.0775  0.1144  0.5570  0.2237  0.0648  0.2978  0.5921  0.3811  0.3143  0.6441  0.3989  0.1740  0.0119  0.0000  0.0312  0.0000  0.0000  0.0000
 0.0853  0.0000  0.0123  0.2025  0.0538  0.0247  1.0000  0.1377  0.0139  0.0525  0.0246  0.0086  0.9066  0.0588  0.0377  0.0320  0.5560  0.0455  0.1520  0.0081  0.0000  0.0620  0.0000  0.0000  0.0000
 0.6267  0.0000  0.0296  0.1645  0.2865  0.0663  0.2552  0.2379  0.1915  0.2387  0.1220  0.2368  0.1490  0.0876  0.2047  0.1494  1.0000  0.8858  0.1112  0.0191  0.0000  0.0864  0.0000  0.0000  0.0000
 0.5452  0.0000  0.0121  0.1395  0.3088  0.0121  1.0000  0.0278  0.1275  0.2314  0.0981  0.0420  0.3425  0.1143  0.1313  0.1386  0.1981  0.2478  0.1419  0.0041  0.0000  0.0099  0.0000  0.0000  0.0000
 0.4990  0.0000  0.0096  0.1130  0.3402  0.0090  0.2114  0.0903  0.0337  0.3049  0.0544  0.0191  0.1726  0.2098  0.2400  0.1384  1.0000  0.1739  0.0514  0.0031  0.0000  0.0068  0.0000  0.0000  0.0000
 0.7319  0.0000  0.0640  0.5878  1.0000  0.1085  0.3853  0.1578  0.2558  0.8914  0.4113  0.1220  0.4765  0.2683  0.5789  0.5171  0.7147  0.5561  0.3440  0.0319  0.0000  0.1207  0.0000  0.0000  0.0000
 0.4393  0.0000  0.0117  0.1377  0.6422  0.0398  0.1218  0.0267  0.0411  0.5886  0.0663  0.1515  0.1567  0.1324  1.0000  0.1503  0.2069  0.1910  0.0627  0.0038  0.0000  0.0084  0.0000  0.0000  0.0000
 0.7317  0.0000  0.0549  0.6227  1.0000  0.0636  0.3769  0.2104  0.3633  0.8994  0.3023  0.3014  0.4784  0.2890  0.7374  0.5910  0.7174  0.6161  0.3117  0.0206  0.0000  0.0590  0.0000  0.0000  0.0000
 1.0000  0.0000  0.0313  0.5133  0.8952  0.0292  0.6446  0.0712  0.1097  0.5765  0.1980  0.0621  0.2904  0.1610  0.4447  0.4477  0.6678  0.4396  0.1674  0.0101  0.0000  0.0222  0.0000  0.0000  0.0000
 0.6397  0.0000  0.1839  0.2783  0.3912  0.7350  0.3487  0.5467  0.4296  0.3444  0.7107  0.2948  0.3343  0.2243  0.6075  0.3762  0.4423  0.4470  0.8879  0.2102  0.0000  1.0000  0.0000  0.0000  0.0000
 0.9688  0.0000  0.0408  0.4742  0.9108  0.0396  0.2883  0.1357  0.1666  0.8118  0.3493  0.0925  0.3945  0.3908  0.5460  0.3974  1.0000  0.4933  0.2668  0.0135  0.0000  0.0313  0.0000  0.0000  0.0000
 0.5050  0.0000  0.1757  0.2039  0.2782  0.7045  0.3273  0.5391  0.3918  0.2885  0.6587  0.2209  0.3050  0.2240  0.2915  0.3592  0.3979  0.3932  0.5033  0.1837  0.0000  1.0000  0.0000  0.0000  0.0000
 0.6962  0.0000  0.0364  0.2236  0.3298  0.0281  0.1378  0.0493  0.1461  0.3509  0.1295  0.0487  0.4270  0.7492  0.3246  0.1829  0.6628  1.0000  0.4950  0.0115  0.0000  0.0255  0.0000  0.0000  0.0000
 0.0784  0.0000  0.0068  0.0334  0.4230  0.0125  0.0499  0.2003  0.0286  1.0000  0.0627  0.0210  0.0677  0.0506  0.9467  0.6517  0.1748  0.6873  0.0392  0.0087  0.0000  0.0247  0.0000  0.0000  0.0000
 0.5292  0.0000  0.0197  0.2281  0.3655  0.0192  0.2524  0.2334  0.0687  0.9643  0.1117  0.0391  0.6297  1.0000  0.3561  0.2434  0.3380  0.3664  0.1044  0.0068  0.0000  0.0161  0.0000  0.0000  0.0000
 0.0885  0.0000  0.0087  0.0243  0.1223  0.0457  0.3293  0.0760  0.0368  0.8294  0.0860  0.0285  0.1188  0.0955  0.2265  1.0000  0.0754  0.1083  0.0490  0.0133  0.0000  0.0390  0.0000  0.0000  0.0000
 0.0035  0.0000  0.0003  0.0006  0.0048  0.0007  0.0025  0.0031  0.0349  1.0000  0.0035  0.0012  0.0034  0.0027  0.1256  0.2932  0.0886  0.0037  0.0020  0.0005  0.0000  0.0016  0.0000  0.0000  0.0000
 0.5522  0.0000  0.1790  0.2103  0.3308  0.7014  0.3519  0.5651  0.4316  0.5973  0.7401  0.2424  0.3422  0.2369  0.3908  0.5946  0.4286  0.4372  0.5553  0.1873  0.0000  1.0000  0.0000  0.0000  0.0000
 0.1219  0.0000  0.0174  0.0455  0.1170  0.0200  0.0699  0.0698  0.0455  0.7477  0.0851  0.0311  0.1723  0.0817  0.2196  0.8824  0.9053  1.0000  0.0642  0.0144  0.0000  0.0379  0.0000  0.0000  0.0000
 0.0674  0.0000  0.0166  0.0072  0.0158  0.1465  0.0107  0.0113  0.3309  0.0204  1.0000  0.3032  0.0141  0.1602  0.0361  0.0195  0.0170  0.0409  0.1947  0.0172  0.0000  0.0186  0.0000  0.0000  0.0000
 0.0830  0.0000  0.0050  0.4354  1.0000  0.0054  0.1110  0.0185  0.0115  0.0700  0.0193  0.0070  0.5209  0.0280  0.1352  0.0351  0.1251  0.1091  0.0182  0.0023  0.0000  0.0082  0.0000  0.0000  0.0000
 0.0014  0.0000  0.0002  1.0000  0.0926  0.0002  0.0029  0.0010  0.0002  0.0017  0.0003  0.0001  0.0141  0.0010  0.0015  0.0007  0.0275  0.0011  0.0003  0.0001  0.0000  0.0005  0.0000  0.0000  0.0000
 0.0000  0.0000  0.0000  0.0000  0.0000  1.0000  0.0000  0.0000  0.0000  0.0000  0.0000  0.0000  0.0000  0.0000  0.0000  0.0000  0.0000  0.0000  0.0000  0.0000  0.0000  0.0000  0.0000  0.0000  0.0000
 0.0866  0.0000  0.0045  0.9349  1.0000  0.0045  0.0333  0.0111  0.0161  0.6959  0.0261  0.0092  0.0430  0.0253  0.2786  0.0990  0.2911  0.2595  0.0247  0.0016  0.0000  0.0037  0.0000  0.0000  0.0000
 0.0130  0.0000  0.0052  0.0018  0.0033  0.7498  0.0023  0.0012  0.4013  0.0020  1.0000  0.0267  0.0014  0.0052  0.0030  0.0020  0.0067  0.0079  0.0317  0.0377  0.0000  0.7337  0.0000  0.0000  0.0000
 1.0000  0.0000  0.0995  0.1699  0.1323  0.0720  0.6960  0.0448  0.1048  0.1702  0.5692  0.0847  0.1788  0.2554  0.1672  0.1233  0.5413  0.2064  0.1904  0.0197  0.0000  0.0444  0.0000  0.0000  0.0000
 0.0017  0.0000  0.0002  0.0003  0.0024  0.0004  0.0012  0.0015  0.0007  1.0000  0.0017  0.0006  0.0017  0.0013  0.0040  0.4083  0.0014  0.0136  0.0010  0.0003  0.0000  0.0008  0.0000  0.0000  0.0000
 0.0112  0.0000  0.0030  0.0015  0.0024  0.0088  0.0025  0.0003  0.8306  0.0032  0.7884  0.0093  0.0019  0.0023  0.0015  0.0024  0.0032  0.6811  1.0000  0.0011  0.0000  0.0038  0.0000  0.0000  0.0000
 0.0017  0.0000  0.0005  0.0003  0.0004  0.0031  0.0005  0.0002  0.1371  0.0006  1.0000  0.0036  0.0004  0.0005  0.0005  0.0005  0.0006  0.0015  0.3082  0.0004  0.0000  0.0008  0.0000  0.0000  0.0000
 0.0000  0.0000  0.0000  0.0000  0.0000  0.0000  1.0000  0.0000  0.0000  0.0000  0.0000  0.0000  0.0000  0.0000  0.0000  0.0000  0.0000  0.0000  0.0000  0.0000  0.0000  0.0000  0.0000  0.0000  0.0000
 0.0128  0.0000  0.0011  0.0061  0.4399  0.0025  0.0086  0.0103  0.0050  1.0000  0.0116  0.0039  0.0117  0.0097  0.0283  0.0913  0.0105  0.4042  0.0067  0.0018  0.0000  0.0052  0.0000  0.0000  0.0000
 0.0000  0.0000  0.0000  0.0000  0.0000  0.0000  1.0000  0.0000  0.0000  0.0000  0.0000  0.0000  0.0000  0.0000  0.0000  0.0000  0.0000  0.0000  0.0000  0.0000  0.0000  0.0000  0.0000  0.0000  0.0000
 0.0030  0.0000  0.0006  0.0012  0.0008  0.0003  0.0010  0.0003  0.0008  0.0011  0.0008  0.0004  0.0021  0.0014  0.0009  0.0007  1.0000  0.3357  0.0013  0.0002  0.0000  0.0003  0.0000  0.0000  0.0000
 0.0004  0.0000  0.0002  0.0001  0.0001  1.0000  0.0001  0.0000  0.0009  0.0000  0.0022  0.0004  0.0000  0.0002  0.0000  0.0000  0.0003  0.0003  0.0008  0.0020  0.0000  0.0736  0.0000  0.0000  0.0000
 0.0118  0.0000  0.0012  0.0022  0.0014  0.0005  1.0000  0.0005  0.0006  0.0016  0.0013  0.0005  0.0021  0.0033  0.0011  0.0011  0.3158  0.0024  0.0019  0.0003  0.0000  0.0005  0.0000  0.0000  0.0000
 0.0084  0.0000  0.0008  0.0015  0.0114  0.0017  0.0059  0.0073  0.0035  1.0000  0.0083  0.0028  0.0081  0.0065  0.0194  0.4744  0.0072  0.4359  0.0047  0.0013  0.0000  0.0037  0.0000  0.0000  0.0000
 0.0000  0.0000  0.0000  0.0000  0.0000  0.0000  0.0000  0.0000  0.0000  0.0000  0.0000  0.0000  0.0000  0.0000  0.0000  0.0000  0.0000  0.0000  1.0000  0.0000  0.0000  0.0000  0.0000  0.0000  0.0000
 0.3356  0.0000  0.0693  0.0184  0.0542  0.1313  0.0081  0.2385  0.7689  0.0576  0.7792  0.4405  0.0298  0.0787  0.0527  0.0380  0.0537  0.2329  1.0000  0.0170  0.0000  0.0224  0.0000  0.0000  0.0000
 0.0381  0.0000  0.0046  0.0062  0.0091  0.0152  0.0191  0.0031  0.0282  0.0140  1.0000  0.0189  0.0067  0.0179  0.2895  0.0112  0.0296  0.0136  0.0214  0.0023  0.0000  0.0034  0.0000  0.0000  0.0000
 0.3238  0.0000  0.0027  0.0012  0.0022  0.0014  0.0055  0.0005  0.0094  0.0022  0.0071  0.0023  0.0012  0.0043  0.0016  0.0014  0.0061  0.0077  1.0000  0.0003  0.0000  0.0006  0.0000  0.0000  0.0000
 0.0097  0.0000  0.0009  0.0017  0.0135  0.0020  0.0069  0.0087  0.0042  0.3934  0.0241  0.2234  0.0094  0.0076  0.6521  1.0000  0.0079  0.0104  0.0055  0.0015  0.0000  0.0044  0.0000  0.0000  0.0000
 0.0567  0.0000  0.0029  0.1109  1.0000  0.1062  0.0307  0.0163  0.0080  0.4589  0.0160  0.0062  0.0333  0.0313  0.0646  0.0471  0.4008  0.0316  0.0145  0.0029  0.0000  0.0086  0.0000  0.0000  0.0000
 0.0492  0.0000  0.0047  0.0086  0.0686  0.0102  0.0349  0.1348  0.0211  1.0000  0.2840  0.0165  0.0635  0.0387  0.1360  0.4295  0.0403  0.0528  0.0279  0.0077  0.0000  0.0222  0.0000  0.0000  0.0000
 0.5624  0.0000  0.0745  1.0000  0.7873  0.0580  0.5824  0.2141  0.0797  0.3636  0.1099  0.0494  0.8908  0.2665  0.3209  0.1748  0.9597  0.9048  0.1413  0.0301  0.0000  0.1055  0.0000  0.0000  0.0000
 0.0087  0.0000  0.0019  0.1072  0.0045  0.0011  0.0081  0.0027  0.0024  0.0054  0.0024  0.0012  0.3597  0.0051  0.0039  0.0031  0.1683  1.0000  0.0038  0.0007  0.0000  0.0018  0.0000  0.0000  0.0000
 0.0348  0.0000  0.0080  0.1260  0.0404  0.0093  1.0000  0.3025  0.0064  0.0441  0.0752  0.0042  0.2249  0.0241  0.1805  0.0255  0.4262  0.0625  0.0098  0.0040  0.0000  0.0193  0.0000  0.0000  0.0000
 0.0035  0.0000  0.0003  0.0006  0.0047  0.0007  0.0772  0.0030  0.0015  0.1527  0.0125  0.0165  0.0033  0.0027  0.0080  1.0000  0.0028  0.0036  0.0019  0.0005  0.0000  0.0015  0.0000  0.0000  0.0000
 0.0961  0.0000  0.0368  0.0225  0.2083  1.0000  0.0343  0.0234  0.9507  0.0283  0.4918  0.0981  0.0229  0.0297  0.0191  0.0272  0.0550  0.0816  0.8013  0.1740  0.0000  0.8959  0.0000  0.0000  0.0000
 0.0015  0.0000  0.0011  0.0036  0.0014  0.0007  0.0045  0.0011  0.0006  0.0012  0.0010  0.0003  0.0210  0.0016  0.0010  0.0013  0.0020  0.0013  0.0008  0.0006  0.0000  1.0000  0.0000  0.0000  0.0000
 1.0000  0.0000  0.0000  0.0000  0.0000  0.0000  0.0000  0.0000  0.0000  0.0000  0.0000  0.0000  0.0000  0.0000  0.0000  0.0000  0.0000  0.0000  0.0000  0.0000  0.0000  0.0000  0.0000  0.0000  0.0000
 0.0038  0.0000  0.0011  0.0007  0.0010  0.0078  0.0013  0.0004  0.6934  0.0015  0.4444  1.0000  0.0010  0.0011  0.0012  0.0013  0.0014  0.0034  0.4269  0.0009  0.0000  0.0020  0.0000  0.0000  0.0000
 0.0000  0.0000  0.0000  0.0000  0.0000  0.0000  0.0000  0.0000  0.0000  1.0000  0.0000  0.0000  0.0000  0.0000  0.0000  0.0000  0.0000  0.0000  0.0000  0.0000  0.0000  0.0000  0.0000  0.0000  0.0000
 0.0085  0.0000  0.0020  0.0008  0.0016  0.0041  0.0011  0.0003  1.0000  0.0019  0.0225  0.1195  0.0011  0.0017  0.0010  0.0013  0.0019  0.3915  0.4756  0.0005  0.0000  0.0018  0.0000  0.0000  0.0000
 0.0012  0.0000  0.0003  0.0002  0.0003  0.0033  0.0003  0.0002  0.2574  0.0004  1.0000  0.0040  0.0003  0.0005  0.0006  0.0004  0.0003  0.0007  0.0036  0.0004  0.0000  0.0004  0.0000  0.0000  0.0000
 0.0060  0.0000  0.0006  0.0017  0.5215  0.0012  0.0042  0.0052  0.0025  0.8892  0.0059  0.0019  0.0057  0.0047  0.0674  1.0000  0.0048  0.0063  0.0033  0.0009  0.0000  0.0026  0.0000  0.0000  0.0000
 0.0000  0.0000  0.0000  0.0000  0.0000  0.0000  0.0000  0.0000  0.0000  1.0000  0.0000  0.0000  0.0000  0.0000  0.0000  0.0000  0.0000  0.0000  0.0000  0.0000  0.0000  0.0000  0.0000  0.0000  0.0000
 0.6317  0.0000  0.0252  0.4600  1.0000  0.0307  0.2273  0.0962  0.0449  0.5094  0.0956  0.0358  0.2357  0.1648  0.3087  0.4816  0.2297  0.1564  0.0849  0.0169  0.0000  0.0515  0.0000  0.0000  0.0000
 0.3784  0.0000  0.0457  0.0779  0.2842  0.0503  0.1446  0.3894  0.1877  1.0000  0.2354  0.0767  0.1595  0.1579  0.4843  0.8176  0.1776  0.2551  0.5033  0.0263  0.0000  0.0766  0.0000  0.0000  0.0000
 0.0008  0.0000  0.0003  0.0002  0.0002  0.0010  0.0003  0.0000  1.0000  0.0003  0.0055  0.0010  0.0002  0.0002  0.0001  0.0003  0.0003  0.0009  0.4070  0.0001  0.0000  0.0005  0.0000  0.0000  0.0000
 0.0019  0.0000  0.0006  0.0004  0.0005  0.0023  0.0007  0.0000  1.0000  0.0007  0.0125  0.0725  0.0005  0.0004  0.0003  0.0419  0.0007  0.0021  0.7253  0.0003  0.0000  0.0011  0.0000  0.0000  0.0000
 0.5201  0.0000  0.0111  0.0141  0.0543  0.0099  0.0676  0.0313  0.0179  1.0000  0.0413  0.0147  0.0400  0.0460  0.0845  0.3043  0.4525  0.0554  0.0320  0.0064  0.0000  0.0174  0.0000  0.0000  0.0000
 0.0368  0.0000  0.0034  0.0092  0.6937  0.0075  0.0256  0.0321  0.0154  0.9137  0.0364  0.6107  0.0350  0.0287  0.0862  1.0000  0.0297  0.0387  0.0205  0.0056  0.0000  0.0162  0.0000  0.0000  0.0000
 0.0204  0.0000  0.0047  0.8270  0.0325  0.0041  0.0704  0.0214  0.0021  0.6872  0.0047  0.0017  1.0000  0.0163  0.0922  0.0150  0.6646  0.0220  0.0036  0.0021  0.0000  0.0108  0.0000  0.0000  0.0000
 0.0075  0.0000  0.0002  0.0183  1.0000  0.0008  0.0031  0.0024  0.0012  0.4920  0.0024  0.0009  0.0036  0.0047  0.5849  0.0073  0.0041  0.0039  0.0020  0.0004  0.0000  0.0012  0.0000  0.0000  0.0000
 0.0476  0.0000  0.0007  0.0002  0.0005  0.0005  0.0001  0.0001  0.0575  0.0006  0.0034  0.0009  0.0003  0.0008  0.0004  0.0003  0.0006  0.0026  1.0000  0.0001  0.0000  0.0002  0.0000  0.0000  0.0000
 0.3862  0.0000  0.0042  0.3998  1.0000  0.0145  0.0630  0.0525  0.0211  0.1641  0.0378  0.0154  0.0671  0.1973  0.2353  0.0528  0.0934  0.1654  0.0404  0.0068  0.0000  0.0193  0.0000  0.0000  0.0000
 0.0018  0.0000  0.0021  0.0032  0.0017  0.0014  0.0061  1.0000  0.0012  0.0014  0.0019  0.0005  0.0024  0.0025  0.0013  0.0021  0.0015  0.0016  0.0015  0.0011  0.0000  0.3129  0.0000  0.0000  0.0000
 0.0095  0.0000  0.0019  0.0013  0.0016  0.0011  0.0016  0.0006  0.0076  0.0018  0.0056  0.0018  0.0019  0.0027  0.0014  0.0012  0.0068  1.0000  0.3239  0.0004  0.0000  0.0006  0.0000  0.0000  0.0000
 0.4454  0.0000  0.0850  0.0463  0.1675  0.1050  0.0692  0.0920  0.6007  0.5645  0.6512  0.1421  0.1971  0.1417  0.2199  0.4728  0.1658  0.4432  1.0000  0.0266  0.0000  0.0783  0.0000  0.0000  0.0000
 0.7521  0.0000  0.0803  0.4112  0.2455  0.0407  0.3760  0.0671  0.0785  0.2152  0.1035  0.0492  0.3251  0.2194  0.1482  0.2624  0.8226  1.0000  0.1653  0.0211  0.0000  0.0510  0.0000  0.0000  0.0000
 0.0000  0.0000  0.0000  0.0000  1.0000  0.0000  0.0000  0.0000  0.0000  0.0000  0.0000  0.0000  0.0000  0.0000  0.0000  0.0000  0.0000  0.0000  0.0000  0.0000  0.0000  0.0000  0.0000  0.0000  0.0000
 0.0052  0.0000  0.0006  0.0043  0.0070  0.0010  0.0056  0.0045  0.0019  0.0940  0.0045  0.0015  0.1236  0.0040  0.0108  1.0000  0.2290  0.0059  0.0026  0.0008  0.0000  0.0023  0.0000  0.0000  0.0000
 0.1806  0.0000  0.0342  0.8294  0.1619  0.0252  0.2210  0.0849  0.0444  0.3002  0.0627  0.0269  0.3799  0.1104  0.1390  1.0000  0.8434  0.5529  0.0692  0.0154  0.0000  0.0484  0.0000  0.0000  0.0000
 0.0019  0.0000  0.0005  0.0003  0.0004  0.0023  0.0005  0.0001  0.0753  0.0006  0.0350  0.3063  0.0004  0.0005  0.0004  0.0005  0.0006  0.0017  1.0000  0.0003  0.0000  0.0007  0.0000  0.0000  0.0000
 0.0010  0.0000  0.0003  0.0001  0.0003  0.0028  0.0002  0.0002  0.0052  0.0004  1.0000  0.2719  0.0003  0.0004  0.0005  0.0004  0.0003  0.0006  0.0028  0.0003  0.0000  0.0004  0.0000  0.0000  0.0000
 0.9169  0.0000  0.0106  0.0970  0.0444  0.0065  0.2196  0.0220  0.0072  0.2043  0.0143  0.0057  0.4119  0.0323  0.7850  0.0318  1.0000  0.0414  0.0166  0.0031  0.0000  0.0121  0.0000  0.0000  0.0000
 0.2506  0.0000  0.0896  0.2657  0.4252  0.0740  0.1413  0.1344  0.1281  0.3941  0.1449  0.0499  0.8062  0.0996  0.8538  1.0000  0.2369  0.1954  0.1222  0.1802  0.0000  0.0997  0.0000  0.0000  0.0000
 0.0220  0.0000  0.0053  0.0024  0.0042  0.0113  0.0032  0.0007  0.7834  0.0052  0.6450  0.0126  0.0032  0.0046  0.0027  0.0036  0.2340  0.4609  1.0000  0.0015  0.0000  0.0049  0.0000  0.0000  0.0000
 0.1108  0.0000  0.0206  0.9286  0.2345  0.0194  0.2932  0.0958  0.0167  0.5333  0.0347  0.0122  1.0000  0.0803  0.1192  0.8480  0.3770  0.1082  0.0262  0.0102  0.0000  0.0478  0.0000  0.0000  0.0000
 0.0028  0.0000  0.0305  0.0123  0.0036  0.0006  0.0091  1.0000  0.0004  0.0036  0.0007  0.0003  0.3082  0.0021  0.0024  0.0019  0.0068  0.0028  0.0006  0.0003  0.0000  0.0014  0.0000  0.0000  0.0000
 0.0000  0.0000  0.0000  0.0000  0.0000  0.0000  0.0000  0.0000  0.0000  0.0000  0.0000  0.0000  0.0000  1.0000  0.0000  0.0000  0.0000  0.0000  0.0000  0.0000  0.0000  0.0000  0.0000  0.0000  0.0000
 0.0000  0.0000  0.0000  0.0000  0.0000  1.0000  0.0000  0.0000  0.0000  0.0000  0.0000  0.0000  0.0000  0.0000  0.0000  0.0000  0.0000  0.0000  0.0000  0.0000  0.0000  0.0000  0.0000  0.0000  0.0000
 0.0058  0.0000  0.0015  0.0007  0.0015  0.4785  0.0012  0.0012  0.5994  0.0020  1.0000  0.0195  0.0014  0.0025  0.0030  0.0020  0.0017  0.0034  0.0171  0.0022  0.0000  0.0035  0.0000  0.0000  0.0000
 0.0085  0.0000  0.0019  0.0007  0.0015  0.0027  0.0007  0.0003  0.4045  0.0017  0.0156  0.0034  0.0009  0.0018  0.0010  0.0011  0.0017  0.4386  1.0000  0.0004  0.0000  0.0012  0.0000  0.0000  0.0000
 0.9888  0.0000  0.0933  0.2195  0.2829  0.0464  0.4334  0.0605  0.1012  0.5409  0.1543  0.0673  0.2474  0.4388  0.2598  0.2416  0.9106  1.0000  0.2094  0.0219  0.0000  0.0458  0.0000  0.0000  0.0000
 0.0007  0.0000  0.0002  0.0001  0.0002  0.0020  0.0002  0.0002  0.0037  0.0003  1.0000  0.0677  0.0002  0.0003  0.0004  0.0003  0.0002  0.0004  0.0020  0.0002  0.0000  0.0003  0.0000  0.0000  0.0000
 0.5239  0.0000  0.1587  0.2070  0.3651  0.6210  0.3557  0.5548  0.3741  1.0000  0.6504  0.2189  0.3689  0.2480  0.4713  0.8476  0.4229  0.4328  0.4770  0.2148  0.0000  0.9262  0.0000  0.0000  0.0000
 0.0211  0.0000  0.0098  0.0045  0.0053  1.0000  0.2877  0.0006  0.0386  0.0009  0.0934  0.0188  0.0018  0.0081  0.0007  0.0008  0.0145  0.0121  0.0362  0.0870  0.0000  0.7417  0.0000  0.0000  0.0000
 0.3279  0.0000  0.0014  0.0023  0.0016  0.0006  0.0035  0.0006  0.0016  0.0023  0.0017  0.0009  0.0039  0.0033  0.0018  0.0015  0.5512  1.0000  0.0029  0.0004  0.0000  0.0007  0.0000  0.0000  0.0000
 0.0005  0.0000  0.0003  0.0001  0.0001  1.0000  0.0001  0.0000  0.0011  0.0000  0.0026  0.0005  0.0000  0.0002  0.0000  0.0000  0.0003  0.0003  0.0010  0.1100  0.0000  0.0098  0.0000  0.0000  0.0000
 0.0000  0.0000  0.0000  0.0000  0.0000  0.0000  0.0000  0.0000  0.0000  0.0000  0.0000  0.0000  0.0000  0.0000  1.0000  0.0000  0.0000  0.0000  0.0000  0.0000  0.0000  0.0000  0.0000  0.0000  0.0000
 0.0422  0.0000  0.0087  1.0000  0.0149  0.0046  0.0199  0.0073  0.0121  0.0193  0.0115  0.0062  0.0439  0.0221  0.0148  0.0117  0.6270  0.8318  0.0192  0.0029  0.0000  0.0059  0.0000  0.0000  0.0000
 0.6941  0.0000  0.0775  0.9200  0.8266  0.0487  0.3310  0.5000  0.1506  0.9031  0.2431  0.0852  0.3888  0.8248  0.4609  0.5958  1.0000  0.4656  0.2282  0.0337  0.0000  0.0438  0.0000  0.0000  0.0000
 0.0132  0.0000  0.0002  0.5477  1.0000  0.0013  0.0051  0.0036  0.0018  0.3911  0.0034  0.0014  0.0058  0.0081  0.0667  0.2267  0.0068  0.0062  0.0033  0.0006  0.0000  0.0018  0.0000  0.0000  0.0000
 0.0049  0.0000  0.0005  0.0015  0.0069  0.0010  0.0039  0.0044  0.0021  1.0000  0.0049  0.0016  0.4111  0.0039  0.0115  0.4764  0.0043  0.0053  0.0027  0.0008  0.0000  0.0022  0.0000  0.0000  0.0000
 0.0000  0.0000  0.0000  0.0000  0.0000  0.0000  0.0000  0.0000  0.0000  0.0000  1.0000  0.0000  0.0000  0.0000  0.0000  0.0000  0.0000  0.0000  0.0000  0.0000  0.0000  0.0000  0.0000  0.0000  0.0000
 0.1392  0.0000  0.3673  0.2243  0.0780  0.0311  0.2402  0.0581  0.0254  0.0695  0.0422  0.0151  0.2590  0.0694  0.0544  0.0560  0.1594  0.0849  0.0439  0.0199  0.0000  1.0000  0.0000  0.0000  0.0000
 0.0032  0.0000  0.0009  0.0004  0.0008  1.0000  0.0006  0.0006  0.0161  0.0011  0.2180  0.3427  0.0008  0.0014  0.0016  0.0011  0.0010  0.0019  0.0089  0.0017  0.0000  0.0040  0.0000  0.0000  0.0000
 0.2509  0.0000  0.0237  0.0175  0.0209  0.0226  0.3439  0.0035  0.2442  0.0241  0.0983  0.0232  0.0156  0.0532  0.0150  0.0179  0.1101  0.0462  1.0000  0.0046  0.0000  0.0128  0.0000  0.0000  0.0000
 0.0019  0.0000  0.0005  0.0002  0.0005  0.0053  0.0004  0.0004  0.0098  0.0007  1.0000  0.8636  0.0005  0.0008  0.0010  0.0007  0.0005  0.0011  0.0053  0.0006  0.0000  0.0007  0.0000  0.0000  0.0000
 0.4649  0.0000  0.0050  0.6087  1.0000  0.0106  0.0629  0.0273  0.0136  0.1073  0.0256  0.0107  0.0594  0.0700  0.1363  0.0307  0.4143  0.0542  0.0285  0.0049  0.0000  0.0144  0.0000  0.0000  0.0000
 0.0010  0.0000  0.0005  0.0002  0.0003  0.8396  0.0002  0.0000  0.0023  0.0000  0.0055  0.0011  0.0000  0.0004  0.0000  0.0000  0.0007  0.0007  0.0021  0.0051  0.0000  1.0000  0.0000  0.0000  0.0000
 0.8471  0.0000  0.1249  0.0035  0.0110  0.0078  0.0012  0.0027  0.1400  0.0109  0.0517  0.0156  0.0051  0.0158  0.0082  0.0061  0.0115  0.0518  1.0000  0.0013  0.0000  0.0024  0.0000  0.0000  0.0000
 0.0833  0.0000  0.0066  0.2347  0.7230  0.0109  0.0953  0.0432  0.0132  0.5903  0.0280  0.0103  1.0000  0.1666  0.1133  0.1001  0.0875  0.0558  0.0220  0.0061  0.0000  0.0218  0.0000  0.0000  0.0000
 0.0034  0.0000  0.0008  0.0098  0.0031  0.0006  1.0000  0.0022  0.0004  0.0030  0.0009  0.0003  0.3203  0.0025  0.0020  0.0018  0.0058  0.0024  0.0007  0.0004  0.0000  0.0013  0.0000  0.0000  0.0000
 0.0000  0.0000  0.0000  0.0000  0.0000  0.0000  1.0000  0.0000  0.0000  0.0000  0.0000  0.0000  0.0000  0.0000  0.0000  0.0000  0.0000  0.0000  0.0000  0.0000  0.0000  0.0000  0.0000  0.0000  0.0000
 0.0015  0.0000  0.0000  0.0116  1.0000  0.0002  0.0007  0.0004  0.0002  0.0015  0.0004  0.0001  0.0007  0.0010  0.0019  0.0004  0.0008  0.0007  0.0004  0.0001  0.0000  0.0002  0.0000  0.0000  0.0000
 0.0000  0.0000  0.0000  0.0000  0.0000  0.0000  0.0000  0.0000  0.0000  0.0000  1.0000  0.0000  0.0000  0.0000  0.0000  0.0000  0.0000  0.0000  0.0000  0.0000  0.0000  0.0000  0.0000  0.0000  0.0000
 0.0014  0.0000  0.0005  0.0002  0.0004  1.0000  0.0004  0.0002  0.0058  0.0003  0.3342  0.0037  0.0003  0.0006  0.0005  0.0004  0.0006  0.0009  0.0036  0.0026  0.0000  0.0095  0.0000  0.0000  0.0000
 0.2672  0.0000  0.0617  0.0928  0.2510  0.2901  0.1888  0.3094  0.1622  1.0000  0.3056  0.1027  0.2213  0.1558  0.3762  0.8347  0.2708  0.2454  0.2097  0.0710  0.0000  0.3408  0.0000  0.0000  0.0000
 0.0601  0.0000  0.0182  0.0228  0.0251  0.1224  0.0357  0.9168  0.2110  0.0432  1.0000  0.1390  0.0303  0.0308  0.0363  0.0412  0.0289  0.0384  0.1242  0.0186  0.0000  0.4285  0.0000  0.0000  0.0000
 0.0014  0.0000  0.0004  0.0002  0.0004  0.0037  0.0003  0.0003  0.3124  0.0005  1.0000  0.0045  0.0003  0.0006  0.0007  0.0005  0.0004  0.0008  0.0041  0.0004  0.0000  0.0005  0.0000  0.0000  0.0000
 0.0319  0.0000  0.0045  0.0093  0.0266  0.0049  0.0169  0.0161  0.0111  0.1187  0.0541  0.0075  0.0265  0.0200  0.4136  1.0000  0.6611  0.1255  0.0161  0.0035  0.0000  0.0089  0.0000  0.0000  0.0000
 0.0022  0.0000  0.0002  0.0004  0.0030  0.0005  0.0017  0.0019  0.0009  1.0000  0.0022  0.0007  0.0021  0.0018  0.0051  0.6865  0.0018  0.0023  0.0012  0.0004  0.0000  0.0010  0.0000  0.0000  0.0000
 1.0000  0.0000  0.0918  0.3490  0.8554  0.0463  0.4719  0.0432  0.2097  0.1984  0.1397  0.0582  0.1186  0.2737  0.1990  0.0952  0.6371  0.3306  0.2641  0.0175  0.0000  0.0396  0.0000  0.0000  0.0000
 0.1586  0.0000  0.0178  0.1187  0.2103  0.0309  0.5274  0.1639  0.0571  0.9306  0.1351  0.0448  0.2339  0.1190  0.6193  1.0000  0.1607  0.1588  0.0776  0.0223  0.0000  0.0681  0.0000  0.0000  0.0000
 0.1766  0.0000  0.0228  0.0253  0.1513  0.0284  0.0851  0.0931  0.1074  0.7395  0.1430  0.0465  0.1089  0.0981  0.2480  1.0000  0.3178  0.1828  0.3666  0.0176  0.0000  0.0490  0.0000  0.0000  0.0000
 0.0000  0.0000  0.0000  0.0000  0.0000  1.0000  0.0000  0.0000  0.0000  0.0000  0.0000  0.0000  0.0000  0.0000  0.0000  0.0000  0.0000  0.0000  0.0000  0.0000  0.0000  0.0000  0.0000  0.0000  0.0000
 0.1419  0.0000  0.0284  1.0000  0.0689  0.0156  0.0717  0.0269  0.0416  0.2084  0.0416  0.0213  0.2036  0.5721  0.0592  0.0477  0.6968  0.8238  0.1010  0.0097  0.0000  0.0203  0.0000  0.0000  0.0000
 0.3320  0.0000  0.0595  0.1502  0.8974  0.0611  0.0406  0.0250  0.7662  0.1049  0.3472  0.0882  0.2954  0.0904  0.0963  0.0507  0.0855  0.2339  1.0000  0.0106  0.0000  0.0279  0.0000  0.0000  0.0000
 0.2720  0.0000  0.0370  1.0000  0.8498  0.0411  0.4906  0.1654  0.0363  0.3072  0.0644  0.0256  0.8414  0.2365  0.2823  0.1299  0.4790  0.3569  0.0629  0.0203  0.0000  0.1026  0.0000  0.0000  0.0000
 0.9272  0.0000  0.1416  0.0551  0.1083  0.0616  0.2750  0.0264  0.4382  0.1306  0.3343  0.1094  0.0619  0.2099  0.0854  0.1089  0.3114  0.3790  1.0000  0.0143  0.0000  0.0284  0.0000  0.0000  0.0000
 1.0000  0.0000  0.0020  0.0027  0.0021  0.0009  0.0070  0.0007  0.0018  0.0028  0.0022  0.0011  0.0042  0.0048  0.0021  0.0019  0.2021  0.4928  0.0039  0.0004  0.0000  0.0008  0.0000  0.0000  0.0000
 0.0052  0.0000  0.0846  0.0009  0.0066  0.0010  0.0036  0.0042  0.0020  0.3364  0.0048  0.0016  0.0047  0.0038  0.0113  1.0000  0.0041  0.0052  0.0028  0.0008  0.0000  0.0021  0.0000  0.0000  0.0000
 0.0000  0.0000  0.0000  0.0000  0.0000  1.0000  0.0000  0.0000  0.0000  0.0000  0.0000  0.0000  0.0000  0.0000  0.0000  0.0000  0.0000  0.0000  0.0000  0.0000  0.0000  0.0000  0.0000  0.0000  0.0000
 0.0015  0.0000  0.0011  0.0036  0.0014  0.0007  0.0045  0.0011  0.0006  0.0012  0.0010  0.0003  0.0210  0.0016  0.0010  0.0013  0.0020  0.0013  0.0008  0.0006  0.0000  1.0000  0.0000  0.0000  0.0000
 1.0000  0.0000  0.0606  0.0544  0.0563  0.0235  0.6446  0.0129  0.0322  0.0646  0.0602  0.0289  0.0589  0.1512  0.0456  0.0453  0.4523  0.7628  0.1032  0.0094  0.0000  0.0193  0.0000  0.0000  0.0000
 1.0000  0.0000  0.0000  0.0000  0.0000  0.0000  0.0000  0.0000  0.0000  0.0000  0.0000  0.0000  0.0000  0.0000  0.0000  0.0000  0.0000  0.0000  0.0000  0.0000  0.0000  0.0000  0.0000  0.0000  0.0000
 0.0016  0.0000  0.0000  0.0041  1.0000  0.0002  0.0007  0.0004  0.0002  0.0016  0.0004  0.0001  0.0007  0.0010  0.0248  0.0005  0.0008  0.0007  0.0004  0.0001  0.0000  0.0002  0.0000  0.0000  0.0000
 0.0175  0.0000  0.0008  0.0005  0.0007  0.0035  0.0008  0.0001  1.0000  0.0009  0.4980  0.0409  0.0006  0.0006  0.0005  0.0008  0.0009  0.0026  0.6093  0.0004  0.0000  0.0012  0.0000  0.0000  0.0000
 0.0491  0.0000  0.0050  0.0012  0.0037  0.0034  0.0002  0.0009  0.0587  0.0038  0.5640  0.0061  0.0018  0.0052  0.0028  0.0021  0.0037  0.4267  1.0000  0.0005  0.0000  0.0010  0.0000  0.0000  0.0000
 1.0000  0.0000  0.1217  0.0967  0.1031  0.1698  0.5078  0.0312  0.2756  0.1197  0.7489  0.1857  0.1080  0.2571  0.0955  0.0892  0.6076  0.3736  0.3151  0.0332  0.0000  0.0642  0.0000  0.0000  0.0000
 1.0000  0.0000  0.0000  0.0000  0.0000  0.0000  0.0000  0.0000  0.0000  0.0000  0.0000  0.0000  0.0000  0.0000  0.0000  0.0000  0.0000  0.0000  0.0000  0.0000  0.0000  0.0000  0.0000  0.0000  0.0000
 0.0015  0.0000  0.0003  0.0003  0.0003  0.0018  0.0009  0.0002  0.0031  0.0004  1.0000  0.0020  0.0003  0.0007  0.0004  0.0004  0.0104  0.0006  0.0019  0.0003  0.0000  0.0004  0.0000  0.0000  0.0000
 0.0024  0.0000  0.0001  0.2038  1.0000  0.0002  0.0011  0.0006  0.0003  0.0025  0.0006  0.0002  0.0012  0.0015  0.0032  0.0007  0.0013  0.0011  0.0006  0.0001  0.0000  0.0003  0.0000  0.0000  0.0000
 0.0791  0.0000  0.3389  0.1037  0.0457  0.0393  0.1544  0.1547  0.0311  0.0356  0.0486  0.0163  0.1000  0.0473  0.0353  0.0487  0.0679  0.0524  0.0456  0.0248  0.0000  1.0000  0.0000  0.0000  0.0000
 0.0015  0.0000  0.0003  0.0003  0.0003  0.0018  0.0009  0.0002  0.0030  0.0004  1.0000  0.0020  0.0003  0.0007  0.0004  0.0004  0.0087  0.0006  0.0018  0.0003  0.0000  0.0004  0.0000  0.0000  0.0000
 0.0000  0.0000  0.0000  0.0000  0.0000  0.0000  0.0000  1.0000  0.0000  0.0000  0.0000  0.0000  0.0000  0.0000  0.0000  0.0000  0.0000  0.0000  0.0000  0.0000  0.0000  0.0000  0.0000  0.0000  0.0000
 0.2772  0.0000  0.0186  0.1124  0.2012  0.0120  0.7963  0.0238  0.0305  0.2591  0.0492  0.0192  0.0949  0.0667  0.1226  0.0861  1.0000  0.2693  0.0551  0.0052  0.0000  0.0124  0.0000  0.0000  0.0000
 0.5037  0.0000  0.1730  0.2032  0.2755  0.7637  0.3392  0.5479  0.3860  0.4256  0.6381  0.2167  0.3126  0.2032  0.3314  0.4067  0.3966  0.3902  0.5003  0.1809  0.0000  1.0000  0.0000  0.0000  0.0000
 0.0460  0.0000  0.0106  0.4510  0.0807  0.0091  0.6135  0.1026  0.0049  0.3590  0.0107  0.0038  1.0000  0.0363  0.1676  0.0335  0.1366  0.0480  0.0082  0.0047  0.0000  0.0241  0.0000  0.0000  0.0000
 0.0179  0.0000  0.0008  0.0004  0.0006  0.0017  0.0005  0.0001  1.0000  0.0008  0.0094  0.0019  0.0005  0.0007  0.0004  0.0006  0.0008  0.0029  0.9718  0.0002  0.0000  0.0008  0.0000  0.0000  0.0000
 0.0008  0.0000  0.0003  0.0002  0.0002  0.0011  0.0004  0.0000  1.0000  0.0003  0.0058  0.0010  0.0002  0.0002  0.0001  0.0003  0.0003  0.0010  0.4534  0.0001  0.0000  0.0005  0.0000  0.0000  0.0000
 0.0029  0.0000  0.0035  0.0051  0.0027  0.0022  0.0098  0.3131  0.0019  0.0022  0.0031  0.0008  0.0038  0.0041  0.0020  0.0033  0.0024  0.0026  0.0025  0.0018  0.0000  1.0000  0.0000  0.0000  0.0000
 0.0000  0.0000  0.0000  0.0000  0.0000  0.0000  0.0000  0.0000  0.0000  0.0000  0.0000  0.0000  0.0000  0.0000  0.0000  1.0000  0.0000  0.0000  0.0000  0.0000  0.0000  0.0000  0.0000  0.0000  0.0000
 0.0000  0.0000  0.0000  1.0000  0.0000  0.0000  0.0000  0.0000  0.0000  0.0000  0.0000  0.0000  0.0000  0.0000  0.0000  0.0000  0.0000  0.0000  0.0000  0.0000  0.0000  0.0000  0.0000  0.0000  0.0000
 0.0009  0.0000  0.0002  0.0001  0.0002  0.0024  0.0002  0.0002  0.1139  0.0003  1.0000  0.0029  0.0002  0.0004  0.0005  0.0003  0.0003  0.0005  0.0025  0.0003  0.0000  0.0003  0.0000  0.0000  0.0000
 0.0000  0.0000  0.0000  0.0000  0.0000  0.0000  0.0000  0.0000  0.0000  1.0000  0.0000  0.0000  0.0000  0.0000  0.0000  0.0000  0.0000  0.0000  0.0000  0.0000  0.0000  0.0000  0.0000  0.0000  0.0000
 0.0864  0.0000  0.0172  0.0399  0.0342  0.0818  0.1141  0.0197  0.1309  0.0455  0.6830  0.0822  0.0250  1.0000  0.0327  0.0430  0.0455  0.0395  0.0878  0.0225  0.0000  0.0263  0.0000  0.0000  0.0000
 0.0000  0.0000  0.0000  0.0000  1.0000  0.0000  0.0000  0.0000  0.0000  0.0000  0.0000  0.0000  0.0000  0.0000  0.0000  0.0000  0.0000  0.0000  0.0000  0.0000  0.0000  0.0000  0.0000  0.0000  0.0000
 0.0000  0.0000  0.0000  0.0000  0.0000  0.0000  0.0000  0.0000  0.0000  0.0000  0.0000  0.0000  1.0000  0.0000  0.0000  0.0000  0.0000  0.0000  0.0000  0.0000  0.0000  0.0000  0.0000  0.0000  0.0000
 0.0029  0.0000  0.0009  0.0006  0.0008  0.0055  0.0011  0.0002  1.0000  0.0012  0.9858  0.0060  0.0008  0.0008  0.0008  0.0010  0.0011  0.0028  0.1667  0.0007  0.0000  0.0016  0.0000  0.0000  0.0000
 0.0011  0.0000  0.0003  0.0001  0.0003  0.0030  0.0002  0.0002  0.0056  0.0004  1.0000  0.3245  0.0003  0.0005  0.0006  0.0004  0.0003  0.0006  0.0030  0.0004  0.0000  0.0004  0.0000  0.0000  0.0000
 0.0000  0.0000  0.0000  0.0000  0.0000  0.0000  0.0000  0.0000  0.0000  0.0000  1.0000  0.0000  0.0000  0.0000  0.0000  0.0000  0.0000  0.0000  0.0000  0.0000  0.0000  0.0000  0.0000  0.0000  0.0000
 0.0027  0.0000  0.0308  1.0000  0.0037  0.0005  0.0091  0.0027  0.0003  0.0036  0.0006  0.0002  0.2199  0.0021  0.0024  0.0018  0.0797  0.0030  0.0005  0.0003  0.0000  0.0014  0.0000  0.0000  0.0000
 0.0978  0.0000  0.0091  0.0272  0.5553  0.0199  0.0685  0.0850  0.0406  1.0000  0.0961  0.0318  0.0936  0.0763  0.2285  0.8615  0.0791  0.1025  0.0541  0.0150  0.0000  0.3549  0.0000  0.0000  0.0000
 0.1065  0.0000  0.0033  1.0000  0.3371  0.0068  0.0435  0.5217  0.0092  0.0683  0.0160  0.0065  0.0619  0.0401  0.2354  0.0225  0.0955  0.2277  0.0168  0.0033  0.0000  0.0105  0.0000  0.0000  0.0000
 0.1455  0.0000  0.0268  0.0314  0.0237  0.0165  1.0000  0.0118  0.0163  0.0230  0.0339  0.2858  0.0226  0.0543  0.0177  0.0243  0.0742  0.0334  0.0327  0.0105  0.0000  0.0155  0.0000  0.0000  0.0000
 0.0010  0.0000  0.0003  0.0045  0.0014  0.0002  0.0033  1.0000  0.0001  0.0015  0.0003  0.0001  0.0289  0.0008  0.0009  0.0008  0.0025  0.0010  0.0002  0.0001  0.0000  0.0270  0.0000  0.0000  0.0000
 0.0010  0.0000  0.0003  0.0002  0.0003  0.0017  0.0004  0.0000  1.0000  0.0004  0.3250  0.0017  0.0003  0.0002  0.0002  0.0004  0.0004  0.0011  0.1369  0.0002  0.0000  0.0006  0.0000  0.0000  0.0000
 0.4407  0.0000  0.0021  0.0040  0.0303  0.0045  0.0156  0.0192  0.0092  1.0000  0.0219  0.0072  0.0209  0.0171  0.4809  0.2398  0.0180  0.0232  0.0123  0.0034  0.0000  0.0097  0.0000  0.0000  0.0000
 0.0016  0.0000  0.0004  0.0002  0.0004  0.0043  0.0004  0.0003  1.0000  0.0006  0.4352  0.0052  0.0004  0.0007  0.0008  0.0006  0.0005  0.0010  0.0059  0.0005  0.0000  0.0006  0.0000  0.0000  0.0000
 0.0297  0.0000  0.2931  0.0109  0.0069  0.0054  0.0215  0.0042  0.0080  0.0068  0.0091  0.0038  0.0131  0.0126  0.0066  0.0072  0.0473  1.0000  0.0142  0.0035  0.0000  0.0059  0.0000  0.0000  0.0000
 0.0000  0.0000  0.0000  1.0000  0.0000  0.0000  0.0000  0.0000  0.0000  0.0000  0.0000  0.0000  0.0000  0.0000  0.0000  0.0000  0.0000  0.0000  0.0000  0.0000  0.0000  0.0000  0.0000  0.0000  0.0000
 0.0000  0.0000  0.0000  0.0000  0.0000  1.0000  0.0000  0.0000  0.0000  0.0000  0.0000  0.0000  0.0000  0.0000  0.0000  0.0000  0.0000  0.0000  0.0000  0.0000  0.0000  0.0000  0.0000  0.0000  0.0000
 0.0000  0.0000  0.0000  0.0000  0.0000  0.0000  1.0000  0.0000  0.0000  0.0000  0.0000  0.0000  0.0000  0.0000  0.0000  0.0000  0.0000  0.0000  0.0000  0.0000  0.0000  0.0000  0.0000  0.0000  0.0000
 0.0106  0.0000  0.0028  0.0014  0.0027  0.3921  0.0022  0.0019  0.0490  0.0034  1.0000  0.0322  0.0025  0.0044  0.0050  0.0033  0.0037  0.3821  0.0279  0.0061  0.0000  0.0158  0.0000  0.0000  0.0000
 1.0000  0.0000  0.9926  0.0021  0.0025  0.0011  0.0159  0.0005  0.0013  0.0027  0.0027  0.0013  0.0018  0.0071  0.0019  0.0020  0.1607  0.0052  0.0047  0.0004  0.0000  0.0008  0.0000  0.0000  0.0000
 0.0000  0.0000  0.0000  0.0000  0.0000  0.0000  0.0000  0.0000  0.0000  1.0000  0.0000  0.0000  0.0000  0.0000  0.0000  0.0000  0.0000  0.0000  0.0000  0.0000  0.0000  0.0000  0.0000  0.0000  0.0000
 0.1819  0.0000  0.0043  0.4575  1.0000  0.0188  0.0672  0.0466  0.0306  0.2192  0.0924  0.0204  0.0763  0.1076  0.2469  0.0996  0.0939  0.0865  0.0841  0.0085  0.0000  0.0245  0.0000  0.0000  0.0000
 0.9463  0.0000  0.0900  0.8148  1.0000  0.0684  0.6932  0.1310  0.0792  0.3357  0.1551  0.0589  0.5162  0.3209  0.3215  0.1540  0.6382  0.2964  0.1917  0.0266  0.0000  0.0927  0.0000  0.0000  0.0000
 0.3991  0.0000  0.0770  0.0250  0.0598  0.0716  0.0331  0.0158  0.7186  0.0631  0.4273  0.2128  0.0361  0.2052  0.0471  0.0384  0.2260  0.2921  1.0000  0.0110  0.0000  0.0223  0.0000  0.0000  0.0000
 0.4205  0.0000  0.0275  0.6519  0.6638  0.0260  0.1982  0.0643  0.0937  1.0000  0.1509  0.0532  0.3045  0.4090  0.3029  0.2613  0.5331  0.4407  0.1435  0.0092  0.0000  0.0212  0.0000  0.0000  0.0000
 0.0580  0.0000  0.0012  1.0000  0.5225  0.0064  0.0213  0.0135  0.2513  0.0565  0.0201  0.0669  0.0238  0.0342  0.0737  0.0153  0.0289  0.0258  0.0176  0.0025  0.0000  0.0071  0.0000  0.0000  0.0000
 0.2032  0.0000  0.0087  0.0632  0.1837  0.0050  0.3516  0.0135  0.0070  0.0295  0.0111  0.0049  0.2396  0.0252  0.0204  0.0166  1.0000  0.0983  0.0150  0.0024  0.0000  0.0080  0.0000  0.0000  0.0000
 0.5051  0.0000  0.0935  0.9540  0.4751  0.0497  0.6429  0.2049  0.0691  0.7025  0.1288  0.0457  1.0000  0.2095  0.3260  0.3774  0.6024  0.3218  0.1112  0.0242  0.0000  0.1024  0.0000  0.0000  0.0000
 0.2590  0.0000  0.0284  0.3481  1.0000  0.0220  0.3509  0.0511  0.0399  0.1690  0.0554  0.0251  0.2065  0.1217  0.7843  0.0772  0.5852  0.7838  0.0730  0.0115  0.0000  0.0310  0.0000  0.0000  0.0000
 1.0000  0.0000  0.0934  0.1161  0.1080  0.0377  0.5149  0.0205  0.0456  0.1007  0.0943  0.0588  0.0789  0.2351  0.0721  0.0699  0.5153  0.2285  0.1591  0.0140  0.0000  0.0311  0.0000  0.0000  0.0000
 0.0061  0.0000  0.0006  0.0011  0.0084  0.0013  0.0043  0.0054  0.0026  0.4621  0.0061  0.0020  0.0059  0.0048  0.0143  1.0000  0.0052  0.2328  0.0035  0.0009  0.0000  0.0027  0.0000  0.0000  0.0000
 0.5228  0.0000  0.0037  0.0035  0.0036  0.0018  0.0129  0.0010  0.0061  0.0043  0.0067  0.1963  0.0048  0.0081  0.0032  0.0029  0.0250  1.0000  0.0136  0.0007  0.0000  0.0013  0.0000  0.0000  0.0000
 0.1973  0.0000  0.0371  0.6468  0.2867  0.0411  0.4984  0.2098  0.0437  0.7204  0.1013  0.0342  1.0000  0.1577  0.2889  0.5140  0.4006  0.2123  0.0622  0.1229  0.0000  0.1012  0.0000  0.0000  0.0000
 0.0032  0.0000  0.0007  0.0013  0.0008  0.0003  0.0010  0.0004  0.0009  0.0013  0.0009  0.0005  0.0024  0.0016  0.0010  0.0008  0.4209  1.0000  0.0015  0.0002  0.0000  0.0004  0.0000  0.0000  0.0000
 0.0018  0.0000  0.0006  0.0003  0.0005  1.0000  0.0004  0.0003  0.0074  0.0004  0.4185  0.0047  0.0003  0.0008  0.0007  0.0005  0.0007  0.0011  0.0045  0.0030  0.0000  0.0108  0.0000  0.0000  0.0000
 0.0065  0.0000  1.0000  0.0013  0.0012  0.0015  0.0036  0.0007  0.0043  0.0008  0.0037  0.0011  0.0010  0.0020  0.0009  0.0011  0.0020  0.0034  0.3094  0.0007  0.0000  0.0012  0.0000  0.0000  0.0000
 0.0000  0.0000  0.0000  0.0000  0.0000  0.0000  1.0000  0.0000  0.0000  0.0000  0.0000  0.0000  0.0000  0.0000  0.0000  0.0000  0.0000  0.0000  0.0000  0.0000  0.0000  0.0000  0.0000  0.0000  0.0000
 0.0000  0.0000  0.0000  0.0000  0.0000  0.0000  0.0000  0.0000  0.0000  0.0000  0.0000  0.0000  0.0000  0.0000  0.0000  0.0000  0.0000  1.0000  0.0000  0.0000  0.0000  0.0000  0.0000  0.0000  0.0000
 0.3139  0.0000  0.0013  0.0011  0.0013  0.0006  0.0076  0.0003  0.0007  0.0014  0.0014  0.0006  0.0009  1.0000  0.0009  0.0010  0.0066  0.0023  0.0022  0.0002  0.0000  0.0004  0.0000  0.0000  0.0000
 0.0053  0.0000  0.0001  0.4158  1.0000  0.0005  0.0020  0.0013  0.0006  0.0054  0.0012  0.0005  0.0022  0.0032  0.4205  0.0014  0.0027  0.0023  0.0012  0.0002  0.0000  0.0006  0.0000  0.0000  0.0000
 0.0008  0.0000  0.0090  0.0006  0.0004  0.0073  0.0013  0.0003  0.0009  0.0001  0.0020  0.0005  0.0003  0.0005  0.0002  0.0004  0.0004  0.0005  0.0010  0.0018  0.0000  1.0000  0.0000  0.0000  0.0000
 0.0022  0.0000  0.0005  0.0002  0.0005  0.0043  0.0004  0.0003  0.0090  0.0006  1.0000  0.0052  0.0004  0.0008  0.0009  0.0006  0.0006  0.0013  0.3006  0.0005  0.0000  0.0007  0.0000  0.0000  0.0000
 1.0000  0.0000  0.0010  0.0008  0.0009  0.0004  0.0059  0.0002  0.0005  0.0010  0.0010  0.0005  0.0007  0.0026  0.0007  0.0007  0.3036  0.0020  0.0017  0.0001  0.0000  0.0003  0.0000  0.0000  0.0000
 0.0000  0.0000  0.0000  0.0000  0.0000  0.0000  0.0000  0.0000  0.0000  0.0000  0.0000  0.0000  0.0000  1.0000  0.0000  0.0000  0.0000  0.0000  0.0000  0.0000  0.0000  0.0000  0.0000  0.0000  0.0000
 0.0000  0.0000  0.0000  0.0000  1.0000  0.0000  0.0000  0.0000  0.0000  0.0000  0.0000  0.0000  0.0000  0.0000  0.0000  0.0000  0.0000  0.0000  0.0000  0.0000  0.0000  0.0000  0.0000  0.0000  0.0000
 0.0029  0.0000  0.0009  0.0005  0.0008  0.0046  0.0009  0.0002  0.1666  0.0011  0.9724  0.0051  0.0007  0.0007  0.0007  0.0009  0.0010  0.0027  1.0000  0.0006  0.0000  0.0014  0.0000  0.0000  0.0000
 0.0021  0.0000  0.0005  0.0002  0.0005  0.0041  0.0004  0.0003  0.0088  0.0006  1.0000  0.0050  0.0004  0.0008  0.0008  0.0006  0.0005  0.0013  0.2893  0.0005  0.0000  0.0006  0.0000  0.0000  0.0000
 0.2656  0.0000  0.0395  0.0814  0.3616  0.0228  0.0761  0.0220  0.0703  0.0798  0.2327  0.0776  0.1234  0.0952  0.0622  0.0494  0.8457  1.0000  0.1222  0.0117  0.0000  0.0216  0.0000  0.0000  0.0000
 0.1416  0.0000  0.0091  1.0000  0.9252  0.0098  0.7783  0.0417  0.0113  0.0942  0.0208  0.0077  0.4354  0.0474  0.2700  0.0429  0.5696  0.0589  0.0189  0.0047  0.0000  0.0204  0.0000  0.0000  0.0000
 0.0346  0.0000  0.0014  0.0086  0.0527  0.0029  0.0112  0.0860  0.0057  1.0000  0.0258  0.0044  0.6576  0.0110  0.2152  0.0734  0.0129  0.0149  0.0077  0.0020  0.0000  0.0060  0.0000  0.0000  0.0000
 0.0142  0.0000  0.0022  0.4944  0.0094  0.0015  1.0000  0.0063  0.0009  0.0089  0.0021  0.0008  0.0343  0.0067  0.0060  0.0047  0.4538  0.0077  0.0023  0.0007  0.0000  0.0034  0.0000  0.0000  0.0000
 0.4417  0.0000  0.0147  0.0379  0.0248  0.0108  0.0825  0.0998  0.0103  0.0305  0.0202  0.0078  0.0403  0.0345  0.0185  0.0234  0.0705  0.0302  0.0247  0.0044  0.0000  1.0000  0.0000  0.0000  0.0000
 0.4312  0.0000  0.1524  0.7495  0.2388  0.0425  0.7601  0.1616  0.0391  0.2416  0.0671  0.0291  1.0000  0.1958  0.1643  0.1301  0.6713  0.4756  0.0850  0.0214  0.0000  0.0892  0.0000  0.0000  0.0000
 0.0015  0.0000  0.0001  0.0003  0.0021  0.0003  0.0012  0.0013  0.0006  1.0000  0.0015  0.0005  0.0014  0.0012  0.0035  0.3351  0.0012  0.0016  0.0008  0.0002  0.0000  0.0007  0.0000  0.0000  0.0000
 0.6465  0.0000  0.0455  0.0036  0.0029  0.0012  0.0089  0.0010  0.0032  0.0038  0.0034  0.0017  0.0057  0.0065  0.0029  0.0025  1.0000  0.2792  0.0216  0.0006  0.0000  0.0011  0.0000  0.0000  0.0000
 0.0520  0.0000  0.0065  0.0055  0.0060  0.0040  0.0251  0.0017  0.0132  0.0067  0.0123  0.0043  0.0056  0.0139  0.0047  0.0049  0.3316  0.0223  1.0000  0.0014  0.0000  0.0028  0.0000  0.0000  0.0000
 0.0000  0.0000  0.0000  1.0000  0.0000  0.0000  0.0000  0.0000  0.0000  0.0000  0.0000  0.0000  0.0000  0.0000  0.0000  0.0000  0.0000  0.0000  0.0000  0.0000  0.0000  0.0000  0.0000  0.0000  0.0000
 0.0021  0.0000  0.0009  0.0009  0.0009  0.0134  0.0020  0.0006  0.0073  0.0009  0.3322  0.0046  0.0006  0.0017  0.0010  0.0010  0.0010  0.0014  0.0045  1.0000  0.0000  0.0093  0.0000  0.0000  0.0000
 0.0000  0.0000  0.0000  0.0000  0.0000  0.0000  0.0000  0.0000  0.0000  0.0000  0.0000  0.0000  0.0000  0.0000  0.0000  0.0000  0.0000  0.0000  0.0000  1.0000  0.0000  0.0000  0.0000  0.0000  0.0000
 0.9454  0.0000  0.0249  0.0231  0.0234  0.0097  0.8521  0.0056  0.0138  0.0271  0.0249  0.0120  0.0260  0.0621  0.0192  0.0189  1.0000  0.7855  0.0428  0.0040  0.0000  0.0081  0.0000  0.0000  0.0000
 0.0007  0.0000  0.0002  0.0001  0.0002  0.0019  0.0001  0.0001  0.0035  0.0002  1.0000  0.0259  0.0002  0.0003  0.0004  0.0002  0.0002  0.0004  0.0019  0.0002  0.0000  0.0003  0.0000  0.0000  0.0000
 0.0000  0.0000  0.0000  0.0000  0.0000  0.0000  1.0000  0.0000  0.0000  0.0000  0.0000  0.0000  0.0000  0.0000  0.0000  0.0000  0.0000  0.0000  0.0000  0.0000  0.0000  0.0000  0.0000  0.0000  0.0000
 0.1542  0.0000  0.4569  0.0019  0.0056  0.0049  0.0007  0.0014  0.4759  0.0057  0.0312  0.0087  0.0027  0.0078  0.0041  0.0033  0.0057  0.0265  1.0000  0.0008  0.0000  0.0017  0.0000  0.0000  0.0000
 0.0027  0.0000  0.0009  0.0006  0.0008  0.0047  0.0011  0.0001  0.4974  0.0011  1.0000  0.0049  0.0008  0.0006  0.0006  0.0010  0.0011  0.0029  0.5102  0.0006  0.0000  0.0017  0.0000  0.0000  0.0000
 0.0038  0.0000  0.0010  0.0006  0.0010  0.0093  0.0010  0.0006  1.0000  0.0014  0.5010  0.4876  0.0010  0.0014  0.0017  0.0013  0.0012  0.0027  0.0679  0.0011  0.0000  0.0016  0.0000  0.0000  0.0000
 0.0005  0.0000  0.0003  0.0001  0.0001  0.1822  0.0001  0.0000  0.0011  0.0000  0.0026  0.0005  0.0000  0.0002  0.0000  0.0000  0.0003  0.0003  0.0010  0.0024  0.0000  1.0000  0.0000  0.0000  0.0000
 0.0025  0.0000  0.0001  0.0066  1.0000  0.0002  0.0011  0.0006  0.0003  0.0025  0.0006  0.0002  0.0010  0.0016  0.3108  0.0008  0.0013  0.0011  0.0006  0.0001  0.0000  0.0003  0.0000  0.0000  0.0000
 0.0011  0.0000  0.0003  0.0001  0.0003  0.0030  0.0002  0.0002  0.0055  0.0004  0.3274  1.0000  0.0003  0.0005  0.0006  0.0004  0.0003  0.0006  0.0030  0.0004  0.0000  0.0004  0.0000  0.0000  0.0000
 0.0034  0.0000  0.0009  0.0004  0.0008  0.0084  0.0006  0.0006  0.0165  0.0011  1.0000  0.4643  0.0008  0.0014  0.0016  0.0011  0.0009  0.0021  0.4482  0.0010  0.0000  0.0011  0.0000  0.0000  0.0000
 0.5405  0.0000  1.0000  0.0032  0.0035  0.0016  0.0177  0.0008  0.0036  0.0040  0.0047  0.0020  0.0037  0.0090  0.0029  0.0028  0.0229  0.6390  0.0096  0.0006  0.0000  0.0012  0.0000  0.0000  0.0000
 0.0000  0.0000  0.0000  0.0000  0.0000  0.0000  1.0000  0.0000  0.0000  0.0000  0.0000  0.0000  0.0000  0.0000  0.0000  0.0000  0.0000  0.0000  0.0000  0.0000  0.0000  0.0000  0.0000  0.0000  0.0000
 0.0309  0.0000  0.0080  0.0047  0.0101  0.2243  0.0082  0.0095  0.1380  0.0192  1.0000  0.0915  0.0095  0.0135  0.0185  0.2878  0.0109  0.0190  0.0775  0.0098  0.0000  0.1125  0.0000  0.0000  0.0000
 0.3390  0.0000  0.0530  0.0583  0.0606  0.1331  0.1347  0.0255  0.2880  0.0826  1.0000  0.1645  0.0851  0.7812  0.0671  0.0616  0.3423  0.6821  0.2951  0.0237  0.0000  0.0344  0.0000  0.0000  0.0000
 0.0000  0.0000  0.0000  0.0000  0.0000  0.0000  0.0000  0.0000  0.0000  0.0000  0.0000  0.0000  0.0000  1.0000  0.0000  0.0000  0.0000  0.0000  0.0000  0.0000  0.0000  0.0000  0.0000  0.0000  0.0000
 0.0000  0.0000  0.0000  0.0000  0.0000  1.0000  0.0000  0.0000  0.0000  0.0000  0.0000  0.0000  0.0000  0.0000  0.0000  0.0000  0.0000  0.0000  0.0000  0.0000  0.0000  0.0000  0.0000  0.0000  0.0000
 0.0409  0.0000  0.0132  0.0238  0.0440  0.0157  0.0562  0.0298  0.0187  0.1765  0.0407  0.0121  0.0379  0.0375  0.0644  0.5837  0.0325  0.0368  0.0241  0.4148  0.0000  1.0000  0.0000  0.0000  0.0000
 0.5328  0.0000  0.0168  1.0000  0.0917  0.0125  0.1946  0.0565  0.0103  0.0804  0.0172  0.0071  0.7281  0.0533  0.0560  0.0412  0.1926  0.2247  0.0188  0.0065  0.0000  0.0297  0.0000  0.0000  0.0000
 0.1397  0.0000  0.0074  0.2946  0.9201  0.0120  1.0000  0.0332  0.0142  0.1172  0.0279  0.0111  0.0925  0.0739  0.5620  0.0422  0.0893  0.0567  0.0294  0.0060  0.0000  0.0177  0.0000  0.0000  0.0000
 0.0044  0.0000  0.0010  0.7884  0.0216  0.0009  0.0154  0.0046  0.0004  0.0062  0.0010  0.0004  1.0000  0.0035  0.0042  0.0031  0.5156  0.0047  0.0007  0.0005  0.0000  0.0023  0.0000  0.0000  0.0000
 0.2760  0.0000  0.0211  0.3849  0.8611  0.0411  0.1701  0.1954  0.0752  1.0000  0.1595  0.0562  0.2340  0.2270  0.4562  0.7825  0.2599  0.3374  0.1113  0.0268  0.0000  0.0778  0.0000  0.0000  0.0000
 0.5128  0.0000  0.1442  0.2162  0.4147  0.5326  0.2345  0.3549  0.5889  0.2877  1.0000  0.2973  0.2866  0.1895  0.2619  0.2852  0.3047  0.3773  0.7648  0.1273  0.0000  0.6857  0.0000  0.0000  0.0000
 0.1592  0.0000  0.0082  0.3431  0.7684  0.0224  0.0845  0.0829  0.0407  1.0000  0.3797  0.0314  0.1084  0.1076  0.2794  0.6538  0.1051  0.1147  0.0604  0.0145  0.0000  0.0417  0.0000  0.0000  0.0000
 0.0051  0.0000  0.0013  0.0006  0.0013  0.0139  0.0010  0.0010  1.0000  0.0018  0.7298  0.5060  0.0013  0.0022  0.0027  0.0018  0.0014  0.0030  0.0152  0.0016  0.0000  0.0018  0.0000  0.0000  0.0000
 0.0010  0.0000  0.0005  0.0002  0.0003  1.0000  0.0002  0.0000  0.0023  0.0000  0.0055  0.0011  0.0000  0.0004  0.0000  0.0000  0.0007  0.0007  0.0021  0.0051  0.0000  0.8336  0.0000  0.0000  0.0000
 0.0072  0.0000  0.0003  0.0138  1.0000  0.0009  0.0035  0.0032  0.0015  0.0207  0.0034  0.0012  0.0043  0.0048  0.4459  0.4373  0.0043  0.0045  0.0024  0.0006  0.0000  0.0016  0.0000  0.0000  0.0000
 0.1124  0.0000  0.0146  0.0971  0.1338  0.0438  0.1199  0.0854  0.0809  1.0000  0.4568  0.0571  0.4416  0.0810  0.1972  0.4552  0.1146  0.1083  0.0745  0.0169  0.0000  0.0456  0.0000  0.0000  0.0000
 0.0000  0.0000  0.0000  0.0000  0.0000  0.0000  0.0000  0.0000  1.0000  0.0000  0.0000  0.0000  0.0000  0.0000  0.0000  0.0000  0.0000  0.0000  0.0000  0.0000  0.0000  0.0000  0.0000  0.0000  0.0000
 0.0029  0.0000  0.0007  0.0004  0.0008  0.0076  0.0006  0.0006  0.3396  0.0011  1.0000  0.0094  0.0007  0.0012  0.0015  0.0856  0.0008  0.0017  0.0087  0.0009  0.0000  0.0010  0.0000  0.0000  0.0000
 0.0790  0.0000  0.0076  0.0194  0.1063  0.0150  0.0659  0.0628  0.0318  1.0000  0.0732  0.3831  0.0733  0.0579  0.3301  0.5806  0.2769  0.1354  0.0428  0.0111  0.0000  0.0316  0.0000  0.0000  0.0000
 0.2868  0.0000  0.0203  0.6379  1.0000  0.0255  0.2779  0.0815  0.0269  0.2229  0.0892  0.0216  0.3037  0.1479  0.2499  0.0772  0.2454  0.1293  0.0573  0.0120  0.0000  0.0431  0.0000  0.0000  0.0000
 0.0519  0.0000  0.0009  0.2092  1.0000  0.0049  0.0204  0.0140  0.0069  0.2198  0.0133  0.0053  0.0236  0.3691  0.0707  0.1979  0.0271  0.0242  0.0127  0.0025  0.0000  0.0071  0.0000  0.0000  0.0000
 0.0107  0.0000  0.0037  0.0027  0.0032  0.0172  0.0053  0.0002  1.0000  0.0049  0.8954  0.0164  0.0032  0.0021  0.0016  0.0040  0.0049  0.0334  0.7270  0.0021  0.0000  0.6595  0.0000  0.0000  0.0000
 0.1993  0.0000  0.0130  0.5426  0.4244  0.0124  0.0927  0.4344  0.0457  1.0000  0.0742  0.0461  0.1444  0.0674  0.3384  0.8831  0.1779  0.5144  0.0695  0.0044  0.0000  0.0100  0.0000  0.0000  0.0000
 0.0007  0.0000  0.0003  0.0001  0.0002  1.0000  0.0001  0.0000  0.0015  0.0000  0.0035  0.0007  0.0000  0.0003  0.0000  0.0000  0.0005  0.0004  0.0014  0.0033  0.0000  0.4056  0.0000  0.0000  0.0000
 0.0054  0.0000  0.0006  0.0010  0.0008  0.0003  0.0038  0.0003  0.0004  0.0009  0.0008  0.0003  0.0008  1.0000  0.0006  0.0007  0.0362  0.0014  0.0010  0.0002  0.0000  0.0003  0.0000  0.0000  0.0000
 0.4007  0.0000  0.0173  0.4228  1.0000  0.0199  0.1504  0.0499  0.0611  0.3274  0.1005  0.0360  0.1749  0.3274  0.2642  0.5576  0.5797  0.1927  0.0965  0.0075  0.0000  0.0186  0.0000  0.0000  0.0000
 0.4940  0.0000  0.1676  0.2118  0.2797  0.6623  0.3253  0.5211  0.3741  0.3448  0.6170  0.2097  0.3068  0.1987  0.2967  0.3394  0.4077  0.4369  0.4892  0.1769  0.0000  1.0000  0.0000  0.0000  0.0000
 0.0103  0.0000  0.0028  0.0015  0.0027  0.6144  0.0026  0.0017  0.2675  0.0037  1.0000  0.2244  0.0026  0.0040  0.0047  0.0036  0.0032  0.0071  0.7221  0.0031  0.0000  0.0042  0.0000  0.0000  0.0000
 0.5674  0.0000  0.1857  0.4585  0.3533  0.6976  0.5157  0.5886  0.3903  0.4115  0.6492  0.2209  0.6078  0.2542  0.3530  0.4213  0.5532  0.4548  0.5018  0.1854  0.0000  1.0000  0.0000  0.0000  0.0000
 0.1220  0.0000  0.0025  0.0021  0.0023  0.0010  0.0504  0.0005  0.0012  0.0027  0.0025  0.0012  0.0021  1.0000  0.0018  0.0836  0.0984  0.0338  0.0042  0.0004  0.0000  0.0008  0.0000  0.0000  0.0000
 0.4436  0.0000  0.0022  0.7025  1.0000  0.0120  0.0513  0.0321  0.0164  0.4338  0.0304  0.0124  0.0575  0.0805  0.1747  0.0379  0.0702  0.0911  0.0315  0.0056  0.0000  0.0162  0.0000  0.0000  0.0000
 1.0000  0.0000  0.0000  0.0000  0.0000  0.0000  0.0000  0.0000  0.0000  0.0000  0.0000  0.0000  0.0000  0.0000  0.0000  0.0000  0.0000  0.0000  0.0000  0.0000  0.0000  0.0000  0.0000  0.0000  0.0000
 0.0335  0.0000  0.0032  0.0058  0.0467  0.0070  0.0237  0.0659  0.0144  1.0000  0.0340  0.0112  0.0325  0.0264  0.2356  0.6968  0.0274  0.0360  0.3290  0.0053  0.0000  0.0151  0.0000  0.0000  0.0000
 0.0247  0.0000  0.0012  1.0000  0.0078  0.0011  0.0183  0.0996  0.0005  0.0073  0.0012  0.0004  0.0744  0.0042  0.0049  0.0037  0.4032  0.0058  0.0009  0.0005  0.0000  0.0028  0.0000  0.0000  0.0000
 0.0007  0.0000  0.0002  0.0001  0.0002  0.0018  0.0001  0.0001  0.0034  0.0002  1.0000  0.0099  0.0002  0.0003  0.0003  0.0002  0.0002  0.0004  0.0018  0.0002  0.0000  0.0002  0.0000  0.0000  0.0000
 0.0022  0.0000  0.0005  0.0003  0.0005  0.0043  0.0004  0.0003  0.0092  0.0006  1.0000  0.0053  0.0004  0.0008  0.0009  0.0006  0.0006  0.0014  0.3106  0.0005  0.0000  0.0007  0.0000  0.0000  0.0000
 0.3995  0.0000  0.0076  0.0605  0.8164  0.0058  0.0315  0.0121  0.0169  0.0750  0.0241  0.0097  0.0449  0.0310  0.3035  0.2252  1.0000  0.6737  0.0269  0.0029  0.0000  0.0064  0.0000  0.0000  0.0000
 0.1033  0.0000  0.0099  0.0201  0.1426  0.0212  0.3736  0.0913  0.0435  1.0000  0.1032  0.0341  0.1013  0.0806  0.3876  0.7865  0.0849  0.1096  0.0578  0.0160  0.0000  0.0460  0.0000  0.0000  0.0000
 0.0000  0.0000  0.0000  0.0000  0.0000  0.0000  0.0000  0.0000  0.0000  0.0000  1.0000  0.0000  0.0000  0.0000  0.0000  0.0000  0.0000  0.0000  0.0000  0.0000  0.0000  0.0000  0.0000  0.0000  0.0000
 0.0018  0.0000  0.0005  0.0002  0.0005  0.0892  0.0004  0.0004  0.3125  0.0006  1.0000  0.0060  0.0004  0.0008  0.0009  0.0006  0.0005  0.0010  0.0051  0.0006  0.0000  0.0009  0.0000  0.0000  0.0000
 0.4510  0.0000  0.0320  0.6155  0.6728  0.0299  0.2268  0.0725  0.2245  1.0000  0.1799  0.0631  0.5084  0.1640  0.4919  0.3125  0.5696  0.8525  0.5807  0.0103  0.0000  0.0228  0.0000  0.0000  0.0000
 0.2799  0.0000  0.0154  0.0679  0.2274  0.0287  0.1073  0.1063  0.0787  1.0000  0.2765  0.0451  0.1426  0.1414  0.3115  0.8840  0.1620  0.1616  0.0870  0.0188  0.0000  0.0543  0.0000  0.0000  0.0000
 0.0012  0.0000  0.0002  1.0000  0.0390  0.0002  0.0024  0.0008  0.0001  0.0015  0.0003  0.0001  0.0221  0.0009  0.0014  0.0006  0.0020  0.0009  0.0002  0.0001  0.0000  0.0004  0.0000  0.0000  0.0000
 0.7533  0.0000  0.0480  0.0353  0.0428  0.0201  0.2643  0.0082  0.0275  0.0468  0.3911  0.0244  0.0306  1.0000  0.0324  0.0337  0.2707  0.0886  0.0867  0.0068  0.0000  0.0140  0.0000  0.0000  0.0000
 0.1574  0.0000  0.0443  0.1246  0.2077  0.0082  0.0626  0.0334  0.0308  0.5219  0.0497  0.0174  0.3658  0.0451  0.2639  0.1807  0.2034  1.0000  0.0594  0.0028  0.0000  0.0063  0.0000  0.0000  0.0000
 0.0036  0.0000  0.0003  0.0008  0.0633  0.0007  0.0025  0.0032  0.0015  1.0000  0.0036  0.0012  0.0035  0.0028  0.5023  0.3381  0.0029  0.0038  0.0020  0.0006  0.0000  0.0016  0.0000  0.0000  0.0000
 0.0000  0.0000  0.0000  0.0000  0.0000  0.0000  0.0000  0.0000  0.0000  0.0000  0.0000  0.0000  0.0000  0.0000  0.0000  1.0000  0.0000  0.0000  0.0000  0.0000  0.0000  0.0000  0.0000  0.0000  0.0000
 0.0007  0.0000  0.0002  0.0001  0.0002  0.0020  0.0002  0.0001  0.0381  0.0002  1.0000  0.0024  0.0002  0.0003  0.0004  0.0003  0.0002  0.0004  0.0020  0.0002  0.0000  0.0003  0.0000  0.0000  0.0000
 0.0000  0.0000  0.0000  0.0000  0.0000  0.0000  1.0000  0.0000  0.0000  0.0000  0.0000  0.0000  0.0000  0.0000  0.0000  0.0000  0.0000  0.0000  0.0000  0.0000  0.0000  0.0000  0.0000  0.0000  0.0000
 1.0000  0.0000  0.4945  0.1167  0.0719  0.0244  0.9358  0.0254  0.0261  0.0757  0.0579  0.0268  0.5301  0.1545  0.0517  0.0501  0.3328  0.1141  0.0961  0.0093  0.0000  0.0244  0.0000  0.0000  0.0000
 0.1999  0.0000  0.0067  0.5483  1.0000  0.0192  0.1351  0.0573  0.0233  0.2031  0.0561  0.0179  0.1532  0.1196  0.2460  0.0627  0.1304  0.0933  0.0449  0.0091  0.0000  0.0293  0.0000  0.0000  0.0000
 0.2145  0.0000  0.0127  0.4929  1.0000  0.0198  0.1545  0.1677  0.0236  0.1943  0.0441  0.0181  0.1904  0.3060  0.2140  0.0722  0.2270  0.1176  0.0471  0.0095  0.0000  0.0317  0.0000  0.0000  0.0000
 0.1479  0.0000  0.0411  0.0335  0.0507  0.2878  0.0563  0.0742  0.3724  0.0584  1.0000  0.7387  0.0525  0.0548  0.0650  0.0626  0.2699  0.1046  0.3464  0.0518  0.0000  0.3762  0.0000  0.0000  0.0000
 0.0486  0.0000  0.0111  0.5573  0.5269  0.0096  1.0000  0.0776  0.0049  0.0684  0.0108  0.0039  0.7804  0.0389  0.0479  0.0339  0.1269  0.0498  0.0082  0.0050  0.0000  0.0255  0.0000  0.0000  0.0000
 0.0057  0.0000  0.0014  0.3415  0.0047  0.0012  1.0000  0.0030  0.0009  0.0044  0.0019  0.0005  0.0139  0.0046  0.0030  0.0029  0.0079  0.0035  0.0015  0.0009  0.0000  0.0019  0.0000  0.0000  0.0000
 1.0000  0.0000  0.0694  0.0558  0.0644  0.1224  0.3668  0.0211  0.0429  0.0696  0.0901  0.0365  0.0522  0.2406  0.0495  0.0521  0.4936  0.1414  0.1226  0.0271  0.0000  0.2441  0.0000  0.0000  0.0000
 0.8389  0.0000  0.0451  0.5803  0.9912  0.0421  0.5264  0.1031  0.1576  1.0000  0.2543  0.0892  0.4338  0.2322  0.5659  0.4557  0.6585  0.4837  0.2404  0.0146  0.0000  0.0323  0.0000  0.0000  0.0000
 0.0398  0.0000  0.0006  0.4804  1.0000  0.0036  0.0156  0.0097  0.0047  0.0400  0.0088  0.0036  0.0176  0.3833  0.0522  0.0107  0.0204  0.0174  0.0091  0.0017  0.0000  0.0049  0.0000  0.0000  0.0000
 0.0018  0.0000  0.0006  0.0005  0.0005  0.0030  0.0009  0.0000  1.0000  0.0008  0.5356  0.0030  0.0005  0.0004  0.0003  0.0007  0.0008  0.0021  0.7437  0.0004  0.0000  0.0013  0.0000  0.0000  0.0000
 0.0206  0.0000  0.0020  0.0036  0.0280  0.0043  0.0146  0.0179  0.0088  1.0000  0.0209  0.3286  0.0195  0.0160  0.0477  0.1463  0.0167  0.0216  0.0116  0.0032  0.0000  0.0090  0.0000  0.0000  0.0000
 0.9795  0.0000  0.0507  0.5942  1.0000  0.0471  0.3840  0.1164  0.1729  0.8655  0.2792  0.0981  0.6469  0.2573  0.6442  0.5919  0.7917  0.5717  0.2641  0.0165  0.0000  0.0377  0.0000  0.0000  0.0000
 0.0000  0.0000  0.0000  0.0000  0.0000  0.0000  0.0000  1.0000  0.0000  0.0000  0.0000  0.0000  0.0000  0.0000  0.0000  0.0000  0.0000  0.0000  0.0000  0.0000  0.0000  0.0000  0.0000  0.0000  0.0000
 0.1034  0.0000  0.0144  0.0231  0.0617  0.0514  0.0557  0.2438  0.0381  0.2500  0.0707  0.0629  0.0493  1.0000  0.1062  0.4562  0.1367  0.0578  0.0495  0.0162  0.0000  0.0945  0.0000  0.0000  0.0000
 0.0007  0.0000  0.0004  0.0001  0.0002  1.0000  0.0002  0.0000  0.0016  0.0000  0.0038  0.0008  0.0000  0.0003  0.0000  0.0000  0.0005  0.0005  0.0015  0.2858  0.0000  0.0145  0.0000  0.0000  0.0000
 0.0000  0.0000  0.0000  0.0000  0.0000  1.0000  0.0000  0.0000  0.0000  0.0000  0.0000  0.0000  0.0000  0.0000  0.0000  0.0000  0.0000  0.0000  0.0000  0.0000  0.0000  0.0000  0.0000  0.0000  0.0000
 0.9810  0.0000  0.0399  0.4853  1.0000  0.0376  0.3534  0.2026  0.1395  0.7178  0.3128  0.0789  0.3830  0.2044  0.4550  0.3908  0.6406  0.4432  0.2214  0.0129  0.0000  0.0289  0.0000  0.0000  0.0000
 0.4531  0.0000  0.0149  0.2103  0.9704  0.0139  0.3861  0.1074  0.0486  0.2449  0.0785  0.0276  0.6228  0.0744  0.1557  0.3333  1.0000  0.5253  0.0741  0.0050  0.0000  0.0126  0.0000  0.0000  0.0000
 0.0011  0.0000  0.0004  0.0002  0.0003  0.0015  0.0005  0.0000  1.0000  0.0005  0.0081  0.0230  0.0003  0.0002  0.0002  0.0004  0.0005  0.0013  0.7121  0.0002  0.0000  0.0007  0.0000  0.0000  0.0000
 0.1384  0.0000  0.0288  0.4352  0.0546  0.0159  0.1000  0.0287  0.0393  0.0705  0.0384  0.0306  0.3768  0.0738  0.0529  0.0422  0.5086  1.0000  0.1801  0.0099  0.0000  0.0220  0.0000  0.0000  0.0000
 0.0004  0.0000  0.0003  0.0001  0.0001  0.0317  0.0002  0.0000  0.0009  0.0000  0.0021  0.0004  0.0000  0.0002  0.0000  0.0001  0.0003  0.0003  0.0008  1.0000  0.0000  0.0076  0.0000  0.0000  0.0000
 0.0676  0.0000  0.0010  0.8480  1.0000  0.0062  0.0260  0.0168  0.0083  0.0721  0.0155  0.0063  0.0299  0.0410  0.7842  0.5621  0.0350  0.0884  0.0158  0.0029  0.0000  0.0085  0.0000  0.0000  0.0000
 0.2613  0.0000  0.0279  1.0000  0.2348  0.0297  0.3801  0.1885  0.0313  0.8576  0.0708  0.0241  0.9511  0.1173  0.2083  0.7331  0.3074  0.1574  0.0454  0.0174  0.0000  0.0732  0.0000  0.0000  0.0000
 0.0024  0.0000  0.0006  0.0003  0.0005  0.0046  0.0004  0.0004  0.0099  0.0007  1.0000  0.0056  0.0005  0.0009  0.0009  0.0006  0.0006  0.0015  0.3389  0.0006  0.0000  0.0007  0.0000  0.0000  0.0000
 0.5455  0.0000  0.1686  0.1953  0.2597  0.6703  0.3137  0.5849  0.3756  0.2766  0.6985  0.2103  0.2923  0.2023  0.3099  0.3310  0.3815  0.3802  0.5053  0.1836  0.0000  1.0000  0.0000  0.0000  0.0000
 0.2751  0.0000  0.0101  0.2255  0.4186  0.0096  0.0831  0.0618  0.0354  0.2482  0.2677  0.0201  0.1418  0.0522  1.0000  0.5069  0.1385  0.1084  0.0540  0.0033  0.0000  0.0075  0.0000  0.0000  0.0000
 0.0034  0.0000  0.0003  0.0006  0.0047  0.0007  0.0024  0.0030  0.0014  1.0000  0.0034  0.0011  0.0033  0.0026  0.4553  0.4788  0.0027  0.0036  0.0019  0.0005  0.0000  0.0015  0.0000  0.0000  0.0000
 0.0590  0.0000  0.0038  0.4205  0.0764  0.0069  0.0289  0.0275  0.0144  1.0000  0.0317  0.0108  0.0403  0.0285  0.1164  0.2743  0.0407  0.4448  0.0201  0.0048  0.0000  0.0138  0.0000  0.0000  0.0000
 0.1296  0.0000  0.0329  0.0280  0.0553  0.2464  0.0371  0.0444  0.4624  0.0561  1.0000  0.2186  0.0372  0.1076  0.0572  0.0532  0.0515  0.0843  0.3075  0.0392  0.0000  0.1651  0.0000  0.0000  0.0000
 0.1044  0.0000  0.0017  0.7283  1.0000  0.0095  0.0418  0.0258  0.0124  0.1053  0.0231  0.0095  0.0487  0.5964  0.1840  0.0283  0.2212  0.0464  0.0239  0.0045  0.0000  0.0130  0.0000  0.0000  0.0000
 0.4956  0.0000  0.0753  0.0506  0.1617  0.1517  0.1530  0.0834  0.4358  0.7837  1.0000  0.2687  0.1145  0.4587  0.2217  0.4467  0.2357  0.3553  0.6097  0.0307  0.0000  0.0620  0.0000  0.0000  0.0000
 0.0211  0.0000  0.0050  0.0022  0.0046  0.0719  0.0029  0.0029  0.1098  0.0057  1.0000  0.0343  0.0037  0.0064  0.0064  0.1624  0.0052  0.0523  0.2475  0.0035  0.0000  0.0057  0.0000  0.0000  0.0000
 1.0000  0.0000  0.0760  0.0853  0.0912  0.0321  0.3408  0.0248  0.0678  0.1481  0.0924  0.0424  0.1072  0.5163  0.0780  0.0883  0.5608  0.8329  0.1707  0.0141  0.0000  0.0286  0.0000  0.0000  0.0000
 0.3933  0.0000  0.0018  0.0018  0.0018  0.0007  0.0090  0.0004  0.0011  0.0021  0.0019  0.0009  0.0022  1.0000  0.0015  0.0014  0.2087  0.0566  0.0033  0.0003  0.0000  0.0006  0.0000  0.0000  0.0000
 0.0014  0.0000  0.0007  0.0003  0.0004  1.0000  0.0177  0.0000  0.0028  0.0000  0.0068  0.0014  0.0001  0.0005  0.0000  0.0000  0.0010  0.0008  0.0026  0.0063  0.0000  0.9295  0.0000  0.0000  0.0000
 0.4408  0.0000  0.0809  0.0339  0.1738  0.0888  0.0661  0.0916  0.5651  0.7592  0.5912  0.1408  0.1110  0.1441  0.2460  0.5910  0.1277  0.3718  1.0000  0.0237  0.0000  0.0582  0.0000  0.0000  0.0000
 0.0000  0.0000  0.0000  0.0000  0.0000  0.0000  0.0000  0.0000  0.0000  0.0000  0.0000  0.0000  0.0000  1.0000  0.0000  0.0000  0.0000  0.0000  0.0000  0.0000  0.0000  0.0000  0.0000  0.0000  0.0000
 0.9033  0.0000  0.0710  0.8464  1.0000  0.0613  0.5368  0.1691  0.1845  0.9201  0.2922  0.1055  0.8270  0.4190  0.7044  0.5493  0.9646  0.7862  0.2853  0.0246  0.0000  0.0696  0.0000  0.0000  0.0000
 0.0026  0.0000  0.0008  0.0004  0.0006  0.0034  0.0008  0.0001  0.1940  0.0158  0.1194  0.3911  0.0006  0.0006  0.0005  0.0007  0.0009  0.0025  1.0000  0.0004  0.0000  0.0012  0.0000  0.0000  0.0000
 0.5121  0.0000  0.0216  0.2153  0.3530  0.0227  0.1367  0.0514  0.0749  0.5911  0.1361  0.1356  0.1800  0.1034  0.3974  0.6478  0.9077  1.0000  0.4008  0.0083  0.0000  0.0217  0.0000  0.0000  0.0000
 0.5217  0.0000  0.0226  0.7000  1.0000  0.0171  0.5261  0.0436  0.0182  0.1204  0.0369  0.0158  0.1700  0.1020  0.1270  0.0471  0.9315  0.0853  0.0474  0.0076  0.0000  0.0253  0.0000  0.0000  0.0000
 0.3506  0.0000  0.0142  0.5626  1.0000  0.0199  0.2107  0.0480  0.0246  0.1840  0.0476  0.0201  0.1136  0.1489  0.2289  0.0556  0.1532  0.0959  0.0557  0.0090  0.0000  0.0264  0.0000  0.0000  0.0000
 0.7742  0.0000  0.0563  0.6778  1.0000  0.0610  0.3814  0.1289  0.2045  0.9271  0.3290  0.1126  0.4945  0.2752  0.6140  0.5435  0.7382  0.6258  0.3219  0.0200  0.0000  0.0538  0.0000  0.0000  0.0000
 0.0178  0.0000  0.0011  1.0000  0.4964  0.0020  0.4088  0.0070  0.0020  0.0185  0.0039  0.0015  0.0259  0.0112  0.0211  0.0062  0.0165  0.0096  0.0038  0.0010  0.0000  0.0035  0.0000  0.0000  0.0000
 0.4087  0.0000  0.0817  0.3975  0.0838  0.0452  0.0365  0.0246  0.3718  0.0883  0.2535  0.0819  0.1019  0.1167  0.0683  0.0518  0.3789  1.0000  0.7864  0.0125  0.0000  0.0230  0.0000  0.0000  0.0000
 1.0000  0.0000  0.3117  0.4997  0.7901  0.0629  0.3134  0.1131  0.1575  0.7788  0.2548  0.0891  0.3929  0.2186  0.5406  0.7234  0.6223  0.4965  0.2367  0.0198  0.0000  0.0933  0.0000  0.0000  0.0000
 0.1505  0.0000  0.0361  0.7230  0.2113  0.0323  0.5131  0.1688  0.0174  0.2081  0.0360  0.0131  1.0000  0.1185  0.1387  0.1079  0.5669  0.1769  0.0285  0.0161  0.0000  0.4733  0.0000  0.0000  0.0000
 1.0000  0.0000  0.1244  0.3943  0.2330  0.1862  0.8455  0.1041  0.0901  0.2646  0.2128  0.0686  0.3979  0.3437  0.2063  0.1977  0.6132  0.2468  0.1924  0.0422  0.0000  0.0840  0.0000  0.0000  0.0000
 0.0541  0.0000  0.0131  1.0000  0.0814  0.1796  0.1936  0.0588  0.0057  0.0768  0.0127  0.0045  0.6392  0.0437  0.0518  0.0390  0.1470  0.0574  0.0094  0.0059  0.0000  0.1623  0.0000  0.0000  0.0000
 0.6976  0.0000  0.0991  0.9886  1.0000  0.2872  0.3728  0.2968  0.2646  0.7157  0.4322  0.1490  0.5335  0.3239  0.4949  0.5477  0.6486  0.5518  0.4751  0.0783  0.0000  0.6993  0.0000  0.0000  0.0000
 0.0113  0.0000  0.0002  0.4019  1.0000  0.0010  0.0045  0.0029  0.0015  0.1040  0.0029  0.0011  0.0053  0.0067  0.0592  0.3178  0.0519  0.0054  0.0028  0.0005  0.0000  0.0014  0.0000  0.0000  0.0000
 0.0033  0.0000  0.0017  0.1084  0.0008  1.0000  0.0006  0.0000  0.0072  0.0000  0.0174  0.0035  0.0000  0.0013  0.0000  0.0000  0.0023  0.0021  0.0066  0.0595  0.0000  0.4480  0.0000  0.0000  0.0000
 0.1440  0.0000  0.0295  0.0486  0.0349  0.0161  0.0337  0.0217  0.0666  0.0510  0.0788  0.0241  0.0881  0.3139  0.0393  0.0324  0.4149  1.0000  0.1872  0.0083  0.0000  0.0158  0.0000  0.0000  0.0000
 0.2334  0.0000  0.0166  0.1927  1.0000  0.0159  0.1920  0.0401  0.0583  0.4860  0.1630  0.0333  0.2199  0.0862  0.3216  0.2383  0.7340  0.1780  0.0886  0.0058  0.0000  0.0132  0.0000  0.0000  0.0000
 0.2164  0.0000  0.0262  0.3036  1.0000  0.1547  0.0908  0.0903  0.0689  0.1657  0.2077  0.0403  0.0983  0.0840  0.1894  0.0959  0.1766  0.1164  0.0962  0.0643  0.0000  0.1330  0.0000  0.0000  0.0000
 1.0000  0.0000  0.0398  0.4806  0.7337  0.0397  0.3665  0.0909  0.1381  0.6779  0.3601  0.0781  0.4246  0.8191  0.5709  0.4824  0.6046  0.9495  0.2983  0.0134  0.0000  0.0324  0.0000  0.0000  0.0000
 1.0000  0.0000  0.1538  0.2180  0.4674  0.1486  0.1943  0.0933  0.4153  0.2322  0.3591  0.1176  0.1433  0.3758  0.1772  0.1481  0.3164  0.4572  0.9316  0.0314  0.0000  0.1300  0.0000  0.0000  0.0000
 0.1204  0.0000  0.0088  0.2147  0.2046  0.0095  0.0608  0.0592  0.1524  0.2028  0.0935  0.0955  0.0788  0.0438  1.0000  0.2264  0.1626  0.1174  0.0462  0.0032  0.0000  0.0083  0.0000  0.0000  0.0000
 0.3670  0.0000  0.0851  0.9618  0.3191  0.2543  0.3047  0.2614  0.1782  0.3122  0.2846  0.3409  0.6110  0.2260  0.4405  0.2357  1.0000  0.6991  0.2401  0.0712  0.0000  0.5078  0.0000  0.0000  0.0000
 0.4968  0.0000  0.1717  0.1954  0.2586  0.6823  0.3216  0.4963  0.9357  0.2785  0.7982  0.2377  0.2897  0.1936  0.2727  0.3282  0.3960  0.3911  1.0000  0.1739  0.0000  0.9377  0.0000  0.0000  0.0000
 0.8149  0.0000  0.1426  0.3823  0.7794  0.2975  0.2205  0.2413  0.4733  0.3404  0.4878  0.1642  0.2357  0.2468  0.3496  0.2451  0.4809  0.9915  1.0000  0.0804  0.0000  0.5695  0.0000  0.0000  0.0000
 0.2975  0.0000  0.0616  0.2983  0.2880  0.2302  0.1666  0.1847  0.8997  0.1793  0.4175  0.0808  0.1441  0.0910  0.2910  0.1597  0.1963  0.2633  1.0000  0.0608  0.0000  0.3634  0.0000  0.0000  0.0000
 0.7161  0.0000  0.0506  0.6203  1.0000  0.0476  0.4724  0.1139  0.1731  0.8560  0.2786  0.0982  0.4594  0.2725  0.5965  0.4807  0.7189  0.7477  0.2830  0.0166  0.0000  0.0374  0.0000  0.0000  0.0000
 0.2502  0.0000  0.0149  0.0218  0.1789  0.0060  0.2991  0.0036  0.0070  0.0190  0.0395  0.0071  0.0120  1.0000  0.0151  0.0121  0.0784  0.0274  0.0253  0.0022  0.0000  0.0049  0.0000  0.0000  0.0000
 0.0946  0.0000  0.0085  0.0041  0.0070  0.0049  0.0202  0.0018  0.0271  0.0074  0.0457  0.0643  0.0046  1.0000  0.0055  0.0048  0.2878  0.0265  0.1517  0.0011  0.0000  0.0022  0.0000  0.0000  0.0000
 0.7364  0.0000  0.1916  0.3942  0.5756  0.7079  0.4442  0.5705  0.4444  0.5685  0.7329  0.2495  0.4531  0.2874  0.4680  0.5015  0.6222  0.5605  0.5818  0.1873  0.0000  1.0000  0.0000  0.0000  0.0000
 0.7348  0.0000  0.0519  0.6432  1.0000  0.0487  0.3697  0.1181  0.2201  0.9150  0.2978  0.1029  0.4810  0.2912  0.5769  0.5238  0.7738  0.5857  0.2774  0.0167  0.0000  0.0371  0.0000  0.0000  0.0000
 0.6775  0.0000  0.1707  0.5803  0.4849  0.5542  0.9030  0.4858  0.3506  0.4706  0.5694  0.1983  0.6346  0.2830  0.5481  0.4014  1.0000  0.7355  0.5266  0.1514  0.0000  0.9500  0.0000  0.0000  0.0000
 0.9166  0.0000  0.1534  0.7016  1.0000  0.4809  0.5159  0.4145  0.4752  0.8493  0.8323  0.3053  0.5597  0.3494  0.6216  0.5840  0.8586  0.8347  0.6575  0.1271  0.0000  0.6289  0.0000  0.0000  0.0000
 0.6763  0.0000  0.0570  0.6380  1.0000  0.0920  0.3652  0.1512  0.1802  0.8030  0.2929  0.1040  0.4764  0.2574  0.5374  0.4564  0.6504  0.5080  0.2697  0.0284  0.0000  0.1066  0.0000  0.0000  0.0000
 1.0000  0.0000  0.1552  0.5808  0.9312  0.4035  0.4889  0.3657  0.3406  0.8533  0.6039  0.1919  0.5452  0.3817  0.7146  0.5743  0.7646  0.6340  0.4710  0.1064  0.0000  0.5347  0.0000  0.0000  0.0000
 0.7618  0.0000  0.0589  0.6260  1.0000  0.0783  0.4115  0.1457  0.1969  0.9100  0.3398  0.1191  0.4897  0.2735  0.6194  0.5504  0.7234  0.5687  0.2961  0.0245  0.0000  0.0797  0.0000  0.0000  0.0000
 0.4109  0.0000  0.0105  0.4460  1.0000  0.0148  0.2011  0.0377  0.0402  0.2279  0.0669  0.0243  0.1184  0.0872  0.5237  0.1902  0.1622  0.1282  0.0644  0.0059  0.0000  0.0152  0.0000  0.0000  0.0000
 0.7547  0.0000  0.1983  0.5232  0.6648  0.7388  0.5214  0.5847  0.4531  0.5235  0.7931  0.2580  0.5511  0.3557  0.4538  0.4759  0.6684  0.5997  0.5839  0.1899  0.0000  1.0000  0.0000  0.0000  0.0000
 0.0549  0.0000  0.0009  0.5076  1.0000  0.0051  0.0210  0.0917  0.0069  0.0561  0.1114  0.0052  0.0240  0.0329  0.1308  0.0158  0.0286  0.0246  0.0130  0.0024  0.0000  0.0069  0.0000  0.0000  0.0000
 0.7543  0.0000  0.0751  0.4847  0.7874  0.1176  0.5765  0.1825  0.1953  1.0000  0.3810  0.1166  0.4525  0.5824  0.5966  0.7254  0.7614  0.6477  0.2968  0.0401  0.0000  0.1497  0.0000  0.0000  0.0000
 0.5964  0.0000  0.1814  0.4794  0.4619  0.6711  0.5103  0.5958  0.3955  0.6993  0.6685  0.2274  0.6081  0.2774  0.4734  0.8069  0.5979  0.5065  0.5099  0.2658  0.0000  1.0000  0.0000  0.0000  0.0000
 0.7908  0.0000  0.1163  0.2712  0.3726  0.2339  0.2787  0.1755  0.2952  0.3771  0.3484  0.1256  0.3097  0.2764  0.3400  0.2603  0.9339  1.0000  0.6061  0.0590  0.0000  0.2602  0.0000  0.0000  0.0000
 0.5167  0.0000  0.1273  0.2351  0.4106  0.4445  0.3349  0.4836  0.3360  1.0000  0.5386  0.1818  0.3767  0.2463  0.4829  0.8976  0.4979  0.5048  0.4120  0.1286  0.0000  0.6432  0.0000  0.0000  0.0000
 0.0295  0.0000  0.1850  0.0056  0.0084  1.0000  0.0070  0.0039  0.0576  0.0023  0.1377  0.0283  0.0025  0.0113  0.0023  0.0027  0.0207  0.0188  0.0543  0.1240  0.0000  0.5694  0.0000  0.0000  0.0000
 1.0000  0.0000  0.1022  0.1982  0.1320  0.0520  0.5975  0.0519  0.0547  0.1441  0.1092  0.0494  0.2154  0.2592  0.0980  0.0985  0.6042  0.2882  0.1699  0.0207  0.0000  0.0569  0.0000  0.0000  0.0000
 0.9691  0.0000  0.0710  0.3562  0.6075  0.0620  0.4239  0.1273  0.1348  0.8711  0.2410  0.0882  0.3322  0.9024  1.0000  0.8707  0.8497  0.4669  0.2347  0.0264  0.0000  0.0748  0.0000  0.0000  0.0000
 0.0744  0.0000  0.0128  0.1666  0.0769  0.0106  0.1239  0.0411  0.0143  0.3746  0.0236  0.0092  0.4353  0.0436  0.0583  0.0705  1.0000  0.1233  0.0229  0.0057  0.0000  0.0221  0.0000  0.0000  0.0000
 0.6238  0.0000  0.0799  0.1343  0.1072  0.0862  1.0000  0.0444  0.3678  0.1271  0.2913  0.0756  0.1264  0.1949  0.0816  0.1033  0.3445  0.1616  0.2845  0.0290  0.0000  0.0606  0.0000  0.0000  0.0000
 0.7103  0.0000  0.0523  0.4900  1.0000  0.0585  0.3450  0.1455  0.1147  0.9522  0.2143  0.0773  0.2735  0.2653  0.4969  0.7301  0.4256  0.3234  0.2050  0.0287  0.0000  0.0832  0.0000  0.0000  0.0000
 0.4560  0.0000  0.0643  0.0602  0.0788  0.2183  0.2429  0.0469  0.9399  0.1017  1.0000  0.2193  0.0692  0.1228  0.0758  0.0867  0.2309  0.1508  0.8525  0.0351  0.0000  0.1026  0.0000  0.0000  0.0000
 1.0000  0.0000  0.0131  0.0131  0.0139  0.0053  0.0704  0.0031  0.0073  0.0148  0.0136  0.0063  0.0129  0.0327  0.0103  0.0103  0.7625  0.0381  0.0234  0.0020  0.0000  0.0044  0.0000  0.0000  0.0000
 0.5573  0.0000  0.1198  0.3400  0.4414  0.5415  0.2686  0.2114  0.8285  0.2393  0.8903  0.2270  0.2626  0.1920  0.2243  0.1847  0.3402  0.3834  1.0000  0.1190  0.0000  0.5235  0.0000  0.0000  0.0000
 0.0000  0.0000  0.0000  0.0000  0.0000  0.0000  0.0000  0.0000  0.0000  0.0000  0.0000  0.0000  0.0000  1.0000  0.0000  0.0000  0.0000  0.0000  0.0000  0.0000  0.0000  0.0000  0.0000  0.0000  0.0000
 0.2150  0.0000  0.0453  0.0472  0.0601  0.3123  0.1121  0.0736  0.3660  0.0717  1.0000  0.2272  0.0649  0.0737  0.0729  0.0722  0.1153  0.0988  0.2544  0.0556  0.0000  0.1944  0.0000  0.0000  0.0000
 1.0000  0.0000  0.0704  0.1340  0.2071  0.0495  0.2855  0.0705  0.1242  0.4130  0.1617  0.0617  0.1732  0.1901  0.1940  0.4811  0.5240  0.6691  0.2525  0.0210  0.0000  0.0573  0.0000  0.0000  0.0000
 0.0858  0.0000  0.0041  0.2105  1.0000  0.0088  0.0577  0.0268  0.0133  0.1067  0.0243  0.0093  0.3262  0.0493  0.3642  0.0469  0.0684  0.0499  0.0230  0.0041  0.0000  0.0135  0.0000  0.0000  0.0000
 1.0000  0.0000  0.0532  0.2196  0.1285  0.0288  0.3460  0.0503  0.0424  0.1233  0.0702  0.0284  0.3788  0.1404  0.0809  0.0784  0.3399  0.1765  0.1086  0.0117  0.0000  0.0367  0.0000  0.0000  0.0000
 0.3565  0.0000  1.0000  0.0070  0.0082  0.0043  0.0438  0.0020  0.0091  0.0088  0.0123  0.0049  0.0065  0.0206  0.0062  0.0064  0.0416  0.0191  0.0243  0.0014  0.0000  0.0032  0.0000  0.0000  0.0000
 0.0000  0.0000  0.0000  0.0000  0.0000  0.0000  0.0000  0.0000  0.0000  0.0000  0.0000  0.0000  0.0000  0.0000  0.0000  0.0000  0.0000  0.0000  0.0000  1.0000  0.0000  0.0000  0.0000  0.0000  0.0000
 0.0000  0.0000  0.0000  0.0000  0.0000  0.0000  0.0000  0.0000  0.0000  0.0000  0.0000  0.0000  0.0000  0.0000  0.0000  0.0000  0.0000  0.0000  0.0000  1.0000  0.0000  0.0000  0.0000  0.0000  0.0000
 0.0952  0.0000  0.0222  0.0107  0.0209  0.0912  0.0154  0.0098  0.4631  0.0257  1.0000  0.1043  0.0156  0.0253  0.0219  0.0206  0.0252  0.0707  0.9543  0.0120  0.0000  0.0269  0.0000  0.0000  0.0000
//
