ID   UNK_ID; MATRIX
AC   UNK_AC
DE   UNK_DE
MA   UNK_BL
  A   B   C   D   E   F   G   H   I   K   L   M   N   P   Q   R   S   T   V   W   X   Y   Z   *   -
 0.0000  0.0000  0.0000  0.0000  0.0000  0.0000  0.0000  0.0000  0.0000  0.0000  0.0000  1.0000  0.0000  0.0000  0.0000  0.0000  0.0000  0.0000  0.0000  0.0000  0.0000  0.0000  0.0000  0.0000  0.0000
 0.0047  0.0000  0.0008  0.1815  1.0000  0.0008  0.0150  0.0037  0.0005  0.0060  0.0010  0.0004  0.2358  0.0034  0.0051  0.0026  0.0091  0.0039  0.0009  0.0004  0.0000  0.0061  0.0000  0.0000  0.0000
 0.1705  0.0000  0.0106  0.2160  0.1574  0.0105  0.1145  0.0398  0.0194  1.0000  0.0347  0.4203  0.4807  0.0487  0.4505  0.0927  0.1514  0.0833  0.0304  0.0051  0.0000  0.0191  0.0000  0.0000  0.0000
 0.0005  0.0000  0.0003  0.0001  0.0001  0.3124  0.0001  0.0000  0.0011  0.0000  0.0026  0.0005  0.0000  0.0002  0.0000  0.0000  0.0003  0.0003  0.0010  0.0025  0.0000  1.0000  0.0000  0.0000  0.0000
 0.0030  0.0000  0.0001  0.0072  1.0000  0.0004  0.0010  0.0007  0.0007  0.0031  0.0139  0.0004  0.0011  0.0017  0.3279  0.0010  0.0014  0.0014  0.0169  0.0001  0.0000  0.0004  0.0000  0.0000  0.0000
 0.1025  0.0000  0.0114  0.0230  0.1290  0.0191  0.0612  0.0730  0.1916  1.0000  0.0928  0.0307  0.3775  0.0695  0.1961  0.5278  0.0885  0.3413  0.1246  0.0132  0.0000  0.0375  0.0000  0.0000  0.0000
 0.0087  0.0000  0.0018  0.0005  0.0164  0.0024  0.0002  0.0004  0.1596  0.0015  1.0000  0.0035  0.0007  0.0019  0.0081  0.0009  0.0014  0.0243  0.3640  0.0003  0.0000  0.0006  0.0000  0.0000  0.0000
 0.1207  0.0000  0.0201  0.1156  0.7343  0.0180  1.0000  0.0252  0.0176  0.0590  0.0369  0.0095  0.0636  0.0829  0.0495  0.0411  0.0787  0.0428  0.0309  0.0147  0.0000  0.0199  0.0000  0.0000  0.0000
 0.1463  0.0000  0.0301  0.0135  0.0426  0.1546  0.0261  0.0243  0.3711  0.3543  1.0000  0.1983  0.0307  0.0500  0.0648  0.0962  0.0405  0.0969  0.3846  0.0203  0.0000  0.0265  0.0000  0.0000  0.0000
 0.0008  0.0000  0.0003  0.0002  0.0003  0.0014  0.0004  0.0000  0.7324  0.0004  0.0707  0.0013  0.0003  0.0002  0.0001  0.0003  0.0004  0.0010  1.0000  0.0002  0.0000  0.0006  0.0000  0.0000  0.0000
 0.0000  0.0000  0.0000  0.0000  0.0000  0.0000  1.0000  0.0000  0.0000  0.0000  0.0000  0.0000  0.0000  0.0000  0.0000  0.0000  0.0000  0.0000  0.0000  0.0000  0.0000  0.0000  0.0000  0.0000  0.0000
 0.0000  0.0000  0.0000  0.0000  1.0000  0.0000  0.0000  0.0000  0.0000  0.0000  0.0000  0.0000  0.0000  0.0000  0.0000  0.0000  0.0000  0.0000  0.0000  0.0000  0.0000  0.0000  0.0000  0.0000  0.0000
 0.0000  0.0000  0.0000  0.0000  0.0000  0.0000  1.0000  0.0000  0.0000  0.0000  0.0000  0.0000  0.0000  0.0000  0.0000  0.0000  0.0000  0.0000  0.0000  0.0000  0.0000  0.0000  0.0000  0.0000  0.0000
 0.2574  0.0000  0.0013  0.0023  0.0016  0.0006  0.0029  0.0006  0.0016  0.0023  0.0017  0.0076  0.0040  0.0032  0.0018  0.0015  1.0000  0.8799  0.0029  0.0004  0.0000  0.0007  0.0000  0.0000  0.0000
 0.0000  0.0000  0.0000  0.0000  0.0000  0.0000  0.0000  0.0000  0.0000  0.0000  0.0000  0.0000  0.0000  0.0000  0.0000  0.0000  0.0000  0.0000  0.0000  0.0000  0.0000  1.0000  0.0000  0.0000  0.0000
 0.0431  0.0000  0.0006  0.0005  0.0005  0.0002  1.0000  0.0001  0.0003  0.0006  0.0006  0.0003  0.0004  0.0015  0.0004  0.0004  0.0028  0.0010  0.0009  0.0001  0.0000  0.0002  0.0000  0.0000  0.0000
 0.0235  0.0000  0.0047  0.0013  0.0036  0.0030  0.0006  0.0009  0.0250  0.0036  0.0187  0.4409  0.0020  0.0052  0.0028  0.0021  0.0054  0.4373  1.0000  0.0005  0.0000  0.0009  0.0000  0.0000  0.0000
 0.0000  0.0000  0.0000  0.0000  0.0000  0.0000  0.0000  0.0000  0.0000  0.0000  0.0000  0.0000  0.0000  0.0000  0.0000  0.0000  0.0000  0.0000  1.0000  0.0000  0.0000  0.0000  0.0000  0.0000  0.0000
 0.0532  0.0000  0.0170  0.0099  0.0167  0.3908  0.0153  0.0185  0.1942  0.0176  0.8490  0.9484  0.0148  0.0218  0.0234  0.0188  0.1087  0.0335  0.1531  0.0595  0.0000  1.0000  0.0000  0.0000  0.0000
 0.0008  0.0000  0.0001  0.0002  0.0011  0.0002  0.0007  0.0007  0.0003  1.0000  0.0008  0.0003  0.0008  0.0007  0.0018  0.0545  0.0007  0.0008  0.0004  0.0001  0.0000  0.0004  0.0000  0.0000  0.0000
 0.5989  0.0000  1.0000  0.0022  0.0026  0.0011  0.1482  0.0005  0.0013  0.0029  0.0028  0.0013  0.0019  0.0074  0.0020  0.0021  0.0152  0.0051  0.0049  0.0004  0.0000  0.0009  0.0000  0.0000  0.0000
 0.0018  0.0000  0.0002  0.0003  0.0024  0.0004  0.0012  0.0016  0.0008  0.3650  0.0310  0.0006  0.0017  0.0014  0.0042  1.0000  0.0014  0.0096  0.0010  0.0003  0.0000  0.0008  0.0000  0.0000  0.0000
 0.0097  0.0000  0.0017  0.6434  0.0950  0.0017  0.0264  0.8671  0.0010  0.0128  0.0022  0.0008  1.0000  0.0073  0.0104  0.0058  0.0206  0.0087  0.0255  0.0009  0.0000  0.0042  0.0000  0.0000  0.0000
 0.0029  0.0000  0.0003  0.0005  0.0040  0.0006  0.0021  0.0026  0.0013  1.0000  0.0469  0.0101  0.0095  0.0023  0.0069  0.3048  0.0077  0.0682  0.0017  0.0005  0.0000  0.0013  0.0000  0.0000  0.0000
 0.3498  0.0000  0.0199  1.0000  0.7877  0.0188  0.1417  0.2319  0.0818  0.3784  0.1905  0.0395  0.3649  0.1022  0.2970  0.2190  0.3034  0.2333  0.3674  0.0065  0.0000  0.0145  0.0000  0.0000  0.0000
 0.0052  0.0000  0.0011  0.0190  0.0018  0.0006  0.0023  0.0009  0.0016  0.0025  0.0015  0.0008  0.0596  0.0753  0.0071  0.0015  0.3113  1.0000  0.0025  0.0004  0.0000  0.0008  0.0000  0.0000  0.0000
 0.0065  0.0000  0.0016  0.0554  0.0096  0.0013  1.0000  0.1977  0.0006  0.0093  0.0014  0.0005  0.4489  0.0053  0.0062  0.0047  0.0178  0.0069  0.0011  0.0007  0.0000  0.0036  0.0000  0.0000  0.0000
 0.0126  0.0000  0.0009  0.0126  0.9803  0.0021  0.0083  0.0086  0.0041  0.0634  0.0384  0.0032  0.0344  0.0091  0.5043  1.0000  0.0367  0.0112  0.0058  0.0015  0.0000  0.0043  0.0000  0.0000  0.0000
 0.0026  0.0000  0.0007  0.0004  0.0006  0.0025  0.0007  0.0001  1.0000  0.0008  0.0962  0.0083  0.0005  0.0006  0.0004  0.0006  0.0008  0.2960  0.1683  0.0003  0.0000  0.0010  0.0000  0.0000  0.0000
 0.0005  0.0000  0.0002  0.0001  0.0001  0.0044  0.0002  0.0000  0.2170  0.0002  0.0076  0.0007  0.0001  0.0001  0.0001  0.0002  0.0002  0.0006  1.0000  0.0001  0.0000  0.0003  0.0000  0.0000  0.0000
 1.0000  0.0000  0.0000  0.0000  0.0000  0.0000  0.0000  0.0000  0.0000  0.0000  0.0000  0.0000  0.0000  0.0000  0.0000  0.0000  0.0000  0.0000  0.0000  0.0000  0.0000  0.0000  0.0000  0.0000  0.0000
 0.0016  0.0000  0.0005  0.0003  0.0005  0.0033  0.0006  0.0001  1.0000  0.0007  0.7527  0.0036  0.0004  0.0005  0.0005  0.0006  0.0006  0.0015  0.0938  0.0004  0.0000  0.0009  0.0000  0.0000  0.0000
 0.0000  0.0000  0.0000  0.0000  0.0000  0.0000  0.0000  0.0000  0.0000  1.0000  0.0000  0.0000  0.0000  0.0000  0.0000  0.0000  0.0000  0.0000  0.0000  0.0000  0.0000  0.0000  0.0000  0.0000  0.0000
 0.0186  0.0000  0.0018  0.0043  0.0684  0.0038  0.0130  0.0162  0.2205  1.0000  0.0185  0.0061  0.0177  0.0145  0.0434  0.1198  0.0150  0.0196  0.0105  0.0029  0.0000  0.0082  0.0000  0.0000  0.0000
 0.0046  0.0000  0.0023  0.0011  0.0013  1.0000  0.0019  0.0005  0.6644  0.0006  0.0331  0.0069  0.0006  0.0022  0.0008  0.0008  0.0027  0.0030  0.0113  0.0152  0.0000  0.0604  0.0000  0.0000  0.0000
 0.1520  0.0000  0.0196  0.0305  0.1939  0.0571  0.1058  0.1548  0.0870  1.0000  0.2899  0.0560  0.1395  0.1118  0.3250  0.9622  0.1231  0.1567  0.0968  0.0281  0.0000  0.1817  0.0000  0.0000  0.0000
 0.1706  0.0000  0.0029  0.4817  1.0000  0.0177  0.0666  0.0413  0.0244  0.1705  0.1117  0.0181  0.0740  0.1034  0.2224  0.0461  0.0870  0.0746  0.0414  0.0077  0.0000  0.0213  0.0000  0.0000  0.0000
 0.0848  0.0000  0.0027  0.4533  1.0000  0.0084  0.0474  0.0260  0.0117  0.3502  0.0223  0.0088  0.0625  0.0518  0.1115  0.1736  0.8443  0.0441  0.0210  0.0042  0.0000  0.0130  0.0000  0.0000  0.0000
 0.4006  0.0000  0.0118  0.6994  1.0000  0.0176  0.1047  0.0442  0.0463  0.2640  0.0930  0.0283  0.1298  0.4102  0.5357  0.1221  0.2202  0.3069  0.0751  0.0072  0.0000  0.0182  0.0000  0.0000  0.0000
 0.0029  0.0000  0.0001  0.3945  1.0000  0.0003  0.0013  0.0007  0.0004  0.0030  0.0007  0.0003  0.0014  0.0018  0.0039  0.0008  0.0015  0.0013  0.0007  0.0001  0.0000  0.0004  0.0000  0.0000  0.0000
 0.0133  0.0000  0.0006  1.0000  0.1121  0.0012  0.0081  0.0036  0.0022  0.2441  0.0038  0.0114  0.3093  0.0072  0.1355  0.0066  0.0107  0.1215  0.0037  0.0006  0.0000  0.0017  0.0000  0.0000  0.0000
 0.1019  0.0000  0.0020  0.0404  1.0000  0.0021  0.0153  0.0045  0.0028  0.4398  0.0055  0.0023  0.0089  0.0133  0.0215  0.0097  0.3408  0.0113  0.0065  0.0010  0.0000  0.0026  0.0000  0.0000  0.0000
 1.0000  0.0000  0.0905  0.1247  0.2734  0.0361  0.8215  0.0213  0.0418  0.1100  0.0922  0.2211  0.0730  0.2371  0.0864  0.0706  0.4731  0.1641  0.1523  0.0133  0.0000  0.0291  0.0000  0.0000  0.0000
 0.0031  0.0000  0.0006  0.0002  0.0005  0.0004  0.0004  0.0001  0.0030  0.0005  0.0021  0.0006  0.0003  0.0007  0.0004  0.0003  0.0008  0.0394  1.0000  0.0001  0.0000  0.0002  0.0000  0.0000  0.0000
 0.0304  0.0000  0.0031  0.0125  0.0419  0.0062  0.0256  0.0270  0.0123  1.0000  0.0292  0.0097  0.4489  0.9344  0.0690  0.2596  0.0275  0.0322  0.0164  0.0046  0.0000  0.0136  0.0000  0.0000  0.0000
 0.0348  0.0000  0.0024  0.0481  0.3310  0.0031  0.0205  0.0092  0.0047  1.0000  0.0097  0.0037  0.0195  0.0230  0.0323  0.0331  0.8540  0.0201  0.0088  0.0017  0.0000  0.0050  0.0000  0.0000  0.0000
 0.1049  0.0000  0.0267  0.0293  0.0253  0.0288  0.0432  0.0119  0.8054  0.0302  0.1032  0.0285  0.0385  0.0450  0.0238  0.0241  0.1380  1.0000  0.1640  0.0103  0.0000  0.0186  0.0000  0.0000  0.0000
 1.0000  0.0000  0.0008  0.0007  0.0008  0.0003  0.0042  0.0002  0.0005  0.0008  0.0009  0.0004  0.0007  0.0020  0.0006  0.0006  0.0045  0.1366  0.0016  0.0001  0.0000  0.0003  0.0000  0.0000  0.0000
 0.0082  0.0000  0.0021  0.0010  0.0018  0.0101  0.0016  0.0006  1.0000  0.0024  0.3266  0.7675  0.0015  0.0022  0.0019  0.0019  0.0022  0.2204  0.1557  0.0012  0.0000  0.0025  0.0000  0.0000  0.0000
 0.0000  0.0000  0.0000  0.0000  0.0000  0.0000  0.0000  0.0000  0.0000  0.0000  0.0000  0.0000  0.0000  0.0000  0.0000  1.0000  0.0000  0.0000  0.0000  0.0000  0.0000  0.0000  0.0000  0.0000  0.0000
 0.0000  0.0000  0.0000  0.0000  1.0000  0.0000  0.0000  0.0000  0.0000  0.0000  0.0000  0.0000  0.0000  0.0000  0.0000  0.0000  0.0000  0.0000  0.0000  0.0000  0.0000  0.0000  0.0000  0.0000  0.0000
 0.0006  0.0000  0.0002  0.0001  0.0002  0.0010  0.0002  0.0000  1.0000  0.0002  0.1435  0.0011  0.0002  0.0001  0.0001  0.0002  0.0002  0.0006  0.0350  0.0001  0.0000  0.0003  0.0000  0.0000  0.0000
 0.0116  0.0000  0.0012  0.0029  0.0131  0.0020  0.0083  0.0083  0.0040  1.0000  0.0094  0.0031  0.0102  0.0079  0.0216  0.0920  0.6932  0.0114  0.0056  0.0015  0.0000  0.0042  0.0000  0.0000  0.0000
 0.0019  0.0000  0.0005  0.0002  0.0005  0.2758  0.0004  0.0004  0.0096  0.0006  1.0000  0.2124  0.0005  0.0008  0.0010  0.0006  0.0005  0.0011  0.0053  0.0007  0.0000  0.0010  0.0000  0.0000  0.0000
 0.0006  0.0000  0.0002  0.0001  0.0002  0.0016  0.0001  0.0001  0.0029  0.0002  1.0000  0.0391  0.0001  0.0002  0.0003  0.0002  0.0002  0.0003  0.0016  0.0002  0.0000  0.0002  0.0000  0.0000  0.0000
 0.0010  0.0000  0.0001  0.0002  0.0013  0.0002  0.0008  0.0009  0.0004  1.0000  0.0010  0.0003  0.0009  0.0008  0.0022  0.1705  0.0008  0.0010  0.0005  0.0002  0.0000  0.0004  0.0000  0.0000  0.0000
 0.0116  0.0000  0.0003  0.0301  0.9268  0.0011  0.0045  0.0028  0.0015  0.0121  0.0027  0.0011  0.0050  0.0069  1.0000  0.0038  0.0067  0.2567  0.0028  0.0005  0.0000  0.0014  0.0000  0.0000  0.0000
 0.0026  0.0000  0.0007  0.0003  0.0007  0.3343  0.0005  0.0005  0.0131  0.0009  1.0000  0.4711  0.0006  0.0011  0.0013  0.0009  0.0007  0.0015  0.0072  0.0010  0.0000  0.0014  0.0000  0.0000  0.0000
 0.0102  0.0000  0.0010  0.0020  0.0142  0.0021  0.0073  0.3376  0.0043  0.5044  0.0103  0.0034  0.1787  0.0080  0.3658  1.0000  0.0934  0.0109  0.0331  0.0016  0.0000  0.0046  0.0000  0.0000  0.0000
 0.0034  0.0000  0.0006  0.1411  0.0096  0.0006  0.0081  1.0000  0.0004  0.0044  0.0008  0.0003  0.0128  0.0026  0.1558  0.0021  0.0063  0.0028  0.0007  0.0003  0.0000  0.0013  0.0000  0.0000  0.0000
 0.0759  0.0000  0.0037  0.1244  1.0000  0.0045  0.1505  0.0158  0.0057  0.0444  0.0105  0.0041  0.0705  0.2560  0.0431  0.0955  0.0574  0.0259  0.0106  0.0021  0.0000  0.0079  0.0000  0.0000  0.0000
 0.0010  0.0000  0.0003  0.0029  0.0010  0.0002  0.0026  0.0007  0.0002  0.0010  0.0003  0.0001  1.0000  0.0008  0.0006  0.0006  0.0019  0.0054  0.0003  0.0002  0.0000  0.0004  0.0000  0.0000  0.0000
 0.0023  0.0000  0.0006  0.0003  0.0006  0.0052  0.0006  0.0003  1.0000  0.0008  0.9136  0.0062  0.0006  0.0008  0.0009  0.0008  0.0007  0.0017  0.0417  0.0006  0.0000  0.0010  0.0000  0.0000  0.0000
 0.0012  0.0000  0.0003  0.0001  0.0002  0.0008  0.0001  0.0001  0.0089  0.0003  0.0417  0.0009  0.0001  0.0003  0.0002  0.0002  0.0002  0.0009  1.0000  0.0001  0.0000  0.0002  0.0000  0.0000  0.0000
 0.0746  0.0000  0.0075  0.0471  0.3730  0.0145  0.0644  0.0624  0.0286  0.6074  0.0668  0.0222  1.0000  0.0564  0.1704  0.9178  0.2699  0.0771  0.0385  0.0106  0.0000  0.0313  0.0000  0.0000  0.0000
 0.0000  0.0000  0.0000  0.0000  0.0000  0.0000  0.0000  0.0000  0.0000  0.0000  1.0000  0.0000  0.0000  0.0000  0.0000  0.0000  0.0000  0.0000  0.0000  0.0000  0.0000  0.0000  0.0000  0.0000  0.0000
 0.2091  0.0000  0.0724  0.0837  0.1137  0.3463  0.1354  0.2891  0.5709  0.3606  1.0000  0.1346  0.1268  0.0850  0.4273  0.1689  0.1645  0.1617  0.2091  0.0759  0.0000  0.5034  0.0000  0.0000  0.0000
 0.0058  0.0000  0.0003  0.5175  1.0000  0.0007  0.0059  0.0024  0.0007  0.0064  0.0013  0.0005  0.1479  0.0038  0.0073  0.0021  0.0055  0.0033  0.0013  0.0003  0.0000  0.0012  0.0000  0.0000  0.0000
 0.1624  0.0000  0.0011  0.0003  0.0008  0.0009  0.0002  0.0002  0.1906  0.0008  0.0056  0.0014  0.0004  0.0011  0.0006  0.0005  0.0009  0.0037  1.0000  0.0001  0.0000  0.0004  0.0000  0.0000  0.0000
 0.0399  0.0000  0.2459  0.0094  0.0118  0.4732  0.0182  0.0020  0.9110  0.0165  0.3315  0.0585  0.0111  0.0087  0.0064  0.0138  0.0186  0.0448  1.0000  0.0211  0.0000  0.1265  0.0000  0.0000  0.0000
 0.0444  0.0000  0.0042  0.0077  0.0618  0.0092  0.0314  0.9233  0.0190  0.8882  0.0450  0.0410  0.0431  0.0349  0.1056  1.0000  0.0363  0.0476  0.0252  0.0070  0.0000  0.0200  0.0000  0.0000  0.0000
 0.4022  0.0000  0.0189  0.1159  0.1868  0.0096  0.0806  0.0232  0.1443  1.0000  0.0567  0.0199  0.1447  0.0515  0.7646  0.5322  0.6299  0.2948  0.0534  0.0034  0.0000  0.0077  0.0000  0.0000  0.0000
 0.0146  0.0000  0.0004  0.2907  0.6564  0.0015  0.0065  0.0047  0.0022  1.0000  0.0046  0.0017  0.0079  0.0092  0.0210  0.2587  0.0082  0.0075  0.0039  0.0008  0.0000  0.0024  0.0000  0.0000  0.0000
 0.0232  0.0000  0.0044  0.0759  0.0296  0.0043  0.3522  0.0209  0.0040  1.0000  0.0092  0.0032  0.2382  0.0170  0.0274  0.0516  0.0897  0.0225  0.0061  0.0025  0.0000  0.0106  0.0000  0.0000  0.0000
 0.0036  0.0000  0.0462  0.0109  0.0046  0.0007  0.0030  0.0029  0.0013  1.0000  0.0032  0.0011  0.0041  0.0026  0.0074  0.8085  0.0032  0.0036  0.0018  0.0005  0.0000  0.0015  0.0000  0.0000  0.0000
 0.0153  0.0000  0.0122  0.0019  0.0039  0.0428  0.0030  0.0030  0.4753  0.0051  1.0000  0.0498  0.0037  0.0064  0.0077  0.0051  0.0043  0.0090  0.0447  0.4158  0.0000  0.0075  0.0000  0.0000  0.0000
 0.0040  0.0000  0.0014  0.0016  0.0022  0.0367  0.0125  0.2551  0.0101  0.0023  0.0053  0.0502  0.0024  0.0016  0.0023  0.0027  0.0032  0.0031  0.0040  0.0050  0.0000  1.0000  0.0000  0.0000  0.0000
 0.0000  0.0000  0.0000  0.0000  0.0000  0.0000  0.0000  0.0000  0.0000  0.0000  1.0000  0.0000  0.0000  0.0000  0.0000  0.0000  0.0000  0.0000  0.0000  0.0000  0.0000  0.0000  0.0000  0.0000  0.0000
 0.0022  0.0000  0.0004  0.0001  0.0003  0.0004  0.0002  0.0001  0.0102  0.0004  0.0022  0.0006  0.0002  0.0005  0.0002  0.0002  0.0057  0.0015  1.0000  0.0001  0.0000  0.0002  0.0000  0.0000  0.0000
 0.0005  0.0000  0.0047  0.0003  0.0002  1.0000  0.0007  0.0001  0.0007  0.0000  0.0016  0.0004  0.0002  0.0003  0.0001  0.0002  0.0003  0.0003  0.0007  0.0014  0.0000  0.0053  0.0000  0.0000  0.0000
 0.0000  0.0000  0.0000  0.0000  1.0000  0.0000  0.0000  0.0000  0.0000  0.0000  0.0000  0.0000  0.0000  0.0000  0.0000  0.0000  0.0000  0.0000  0.0000  0.0000  0.0000  0.0000  0.0000  0.0000  0.0000
 0.0006  0.0000  0.0003  0.0001  0.0001  1.0000  0.0001  0.0000  0.0013  0.0000  0.0076  0.0006  0.0000  0.0002  0.0000  0.0000  0.0004  0.0004  0.0012  0.0029  0.0000  0.4374  0.0000  0.0000  0.0000
 0.0023  0.0000  0.0007  0.0005  0.0007  0.0046  0.0009  0.0002  0.4006  0.0010  0.8758  0.0867  0.0006  0.0006  0.0006  0.0008  0.0009  0.0023  1.0000  0.0005  0.0000  0.0013  0.0000  0.0000  0.0000
 0.0017  0.0000  0.0003  1.0000  0.1518  0.0003  0.0044  0.0516  0.0002  0.0022  0.0004  0.0001  0.0263  0.0013  0.0018  0.0010  0.0158  0.0161  0.0003  0.0001  0.0000  0.0007  0.0000  0.0000  0.0000
 0.1363  0.0000  0.0138  0.0239  0.1864  0.0338  0.0955  0.3495  0.0646  1.0000  0.2939  0.0552  0.1302  0.1058  0.3555  0.8167  0.1106  0.1449  0.0867  0.0221  0.0000  0.0647  0.0000  0.0000  0.0000
 0.1282  0.0000  0.0297  1.0000  0.1555  0.0229  0.3492  0.1065  0.0196  0.1486  0.0305  0.0127  0.7314  0.0941  0.1021  0.0768  0.3707  0.8257  0.0319  0.0124  0.0000  0.0557  0.0000  0.0000  0.0000
 0.0037  0.0000  0.0011  0.0007  0.0010  0.0248  0.0012  0.0005  0.4842  0.0015  1.0000  0.2897  0.0010  0.0013  0.0014  0.0014  0.0013  0.0031  0.6993  0.0010  0.0000  0.0019  0.0000  0.0000  0.0000
 0.0864  0.0000  0.0152  0.0322  0.0554  0.1214  0.0850  0.0345  0.2230  0.4069  1.0000  0.1459  0.0408  0.0778  0.0796  0.1495  0.0463  0.0583  0.1361  0.0241  0.0000  0.0288  0.0000  0.0000  0.0000
 0.0198  0.0000  0.0009  1.0000  0.3363  0.0022  0.0156  0.0073  0.0025  0.8310  0.0050  0.0020  0.0319  0.0126  0.0261  0.0237  0.0157  0.0107  0.0047  0.0011  0.0000  0.0037  0.0000  0.0000  0.0000
 0.5000  0.0000  0.1667  0.3622  0.4506  0.6949  0.3232  0.5714  0.3729  0.2980  0.6587  0.2096  0.3070  0.2067  0.3071  0.3335  0.3916  0.3803  0.4768  0.1747  0.0000  1.0000  0.0000  0.0000  0.0000
 0.0014  0.0000  0.0004  0.0002  0.0004  0.0038  0.0003  0.0003  0.0225  0.0005  1.0000  0.6369  0.0003  0.0006  0.0007  0.0005  0.0004  0.0008  0.0039  0.0082  0.0000  0.0005  0.0000  0.0000  0.0000
 0.0077  0.0000  0.0001  0.6151  1.0000  0.0007  0.0028  0.0018  0.0110  0.1835  0.0017  0.0007  0.0031  0.0047  0.4091  0.0021  0.0038  0.0034  0.0018  0.0003  0.0000  0.0009  0.0000  0.0000  0.0000
 0.7816  0.0000  0.0617  0.6107  1.0000  0.0902  0.3853  0.1839  0.2024  0.9070  0.3663  0.1212  0.4930  0.2745  0.5829  0.5278  0.7665  0.5752  0.3027  0.0276  0.0000  0.0970  0.0000  0.0000  0.0000
 0.2478  0.0000  0.2732  0.1003  0.1333  0.9147  0.1611  0.2914  0.2369  0.1419  0.5242  0.3929  0.1501  0.0998  0.1818  0.2562  0.5708  0.2544  0.2455  0.0905  0.0000  1.0000  0.0000  0.0000  0.0000
 0.2624  0.0000  0.2738  0.0258  0.0213  0.0083  0.1654  0.0060  0.0102  0.0238  0.0205  0.0097  0.0419  1.0000  0.0164  0.0292  0.1375  0.0702  0.0346  0.0032  0.0000  0.0073  0.0000  0.0000  0.0000
 0.0873  0.0000  0.0065  0.1935  0.3911  0.0070  0.0722  0.4243  0.0186  0.0952  0.0303  0.0107  1.0000  0.0312  0.0766  0.0528  0.1472  0.1392  0.1919  0.0025  0.0000  0.0081  0.0000  0.0000  0.0000
 0.1235  0.0000  0.0022  0.0031  0.0023  0.0585  1.0000  0.0471  0.0010  0.0025  0.0021  0.0010  0.0032  0.0055  0.0017  0.0017  0.1048  0.0040  0.0035  0.0003  0.0000  0.0008  0.0000  0.0000  0.0000
 0.0270  0.0000  0.0058  0.0025  0.0167  0.0222  0.0031  0.0041  0.1436  0.2097  1.0000  0.0445  0.0311  0.0081  0.0157  0.0125  0.0065  0.0190  0.2598  0.0030  0.0000  0.0053  0.0000  0.0000  0.0000
 0.0420  0.0000  0.0042  1.0000  0.4305  0.0040  0.2565  0.0191  0.0027  0.0308  0.0055  0.0021  0.2043  0.3305  0.0254  0.0139  0.1119  0.0209  0.0048  0.0020  0.0000  0.0097  0.0000  0.0000  0.0000
 0.5033  0.0000  0.1744  0.2076  0.2778  0.6936  0.3264  0.5355  0.3885  0.2908  0.6448  0.2182  0.3049  0.2140  0.2923  0.3453  0.4074  0.3880  0.4957  0.1821  0.0000  1.0000  0.0000  0.0000  0.0000
 0.7257  0.0000  0.0324  0.2426  0.8402  0.0174  0.1483  0.1101  0.0652  1.0000  0.1052  0.0794  0.2969  0.2428  0.9714  0.7063  0.4170  0.3055  0.0995  0.0060  0.0000  0.0132  0.0000  0.0000  0.0000
 0.4824  0.0000  0.0890  0.0448  0.2082  0.1460  0.0861  0.1177  0.6194  0.7899  0.8158  0.2156  0.1361  0.1669  0.3014  0.6707  0.1517  0.3863  1.0000  0.0341  0.0000  0.0859  0.0000  0.0000  0.0000
 0.0059  0.0000  0.0004  0.0002  0.0003  0.0014  0.0004  0.0000  0.3109  0.0005  0.3015  0.0014  0.0003  0.0003  0.0002  0.0003  0.0004  0.0014  1.0000  0.0002  0.0000  0.0006  0.0000  0.0000  0.0000
 0.0029  0.0000  0.0003  0.0005  0.0040  0.0006  0.0020  0.0026  0.0012  1.0000  0.0029  0.0133  0.0028  0.0023  0.3970  0.5182  0.0023  0.0031  0.0016  0.0005  0.0000  0.0013  0.0000  0.0000  0.0000
 0.0517  0.0000  0.0048  0.0958  0.0464  0.0039  0.0447  0.0096  0.0111  1.0000  0.0175  0.1359  0.0336  0.0191  0.0335  0.1167  0.5150  0.1313  0.0174  0.0019  0.0000  0.0047  0.0000  0.0000  0.0000
 0.0006  0.0000  0.0003  0.0001  0.0002  0.3753  0.0001  0.0000  0.0014  0.0000  0.0033  0.0007  0.0000  0.0002  0.0000  0.0000  0.0004  0.0004  0.0333  0.0031  0.0000  1.0000  0.0000  0.0000  0.0000
 0.0012  0.0000  0.0003  0.0001  0.0003  0.0031  0.0002  0.0002  0.1712  0.0004  1.0000  0.2281  0.0003  0.0005  0.0006  0.0004  0.0003  0.0098  0.0079  0.0004  0.0000  0.0004  0.0000  0.0000  0.0000
 0.1394  0.0000  0.0038  0.0044  0.0059  1.0000  0.0071  0.0970  0.0216  0.0062  0.0409  0.0048  0.0126  0.0044  0.0063  0.0075  0.0377  0.0084  0.0108  0.0486  0.0000  0.6283  0.0000  0.0000  0.0000
 0.0000  0.0000  0.0000  0.0000  0.0000  0.0000  0.0000  0.0000  0.0000  0.0000  0.0000  0.0000  0.0000  0.0000  1.0000  0.0000  0.0000  0.0000  0.0000  0.0000  0.0000  0.0000  0.0000  0.0000  0.0000
 0.0014  0.0000  0.0004  0.0003  0.0004  0.0033  0.0005  0.0002  1.0000  0.0006  0.5586  0.0313  0.0004  0.0005  0.0005  0.0005  0.0005  0.0012  0.0851  0.0004  0.0000  0.0007  0.0000  0.0000  0.0000
 0.0028  0.0000  0.0553  0.0004  0.0007  0.0039  0.0007  0.0002  0.6757  0.0009  1.0000  0.0044  0.0006  0.0007  0.0007  0.0008  0.0009  0.0025  0.1331  0.0005  0.0000  0.0011  0.0000  0.0000  0.0000
 0.0603  0.0000  0.0575  0.0403  0.2149  0.0024  0.0186  0.0238  0.0091  0.3209  0.0147  0.0052  0.4244  0.0134  0.1954  1.0000  0.0789  0.0372  0.0139  0.0008  0.0000  0.0019  0.0000  0.0000  0.0000
 0.4989  0.0000  0.0011  0.0009  0.0010  0.0004  1.0000  0.0002  0.0005  0.0011  0.0011  0.0005  0.0007  0.0028  0.0007  0.0008  0.0055  0.0019  0.0018  0.0002  0.0000  0.0003  0.0000  0.0000  0.0000
 0.0005  0.0000  0.0002  0.0001  0.0001  0.0008  0.0002  0.0000  1.0000  0.0002  0.0826  0.0008  0.0001  0.0001  0.0001  0.0002  0.0002  0.0006  0.1409  0.0001  0.0000  0.0003  0.0000  0.0000  0.0000
 0.9589  0.0000  0.0543  0.6133  1.0000  0.0783  0.5414  0.2405  0.1781  0.8059  0.2944  0.1007  0.4440  0.2430  0.5137  0.5366  0.6474  0.5157  0.2665  0.0241  0.0000  0.0900  0.0000  0.0000  0.0000
 0.0012  0.0000  0.0006  0.0002  0.0003  0.9062  0.0002  0.0000  0.0027  0.0000  0.0065  0.0013  0.0000  0.0005  0.0000  0.0000  0.0009  0.0008  0.0025  0.2568  0.0000  1.0000  0.0000  0.0000  0.0000
 0.0028  0.0000  1.0000  0.0003  0.0007  0.0064  0.0005  0.0005  0.0413  0.0008  0.2714  0.0077  0.0006  0.0011  0.0012  0.0008  0.0008  0.0016  0.0074  0.0008  0.0000  0.0010  0.0000  0.0000  0.0000
 0.0000  0.0000  0.0000  0.0000  0.0000  0.0000  0.0000  1.0000  0.0000  0.0000  0.0000  0.0000  0.0000  0.0000  0.0000  0.0000  0.0000  0.0000  0.0000  0.0000  0.0000  0.0000  0.0000  0.0000  0.0000
 0.0375  0.0000  0.0013  0.0081  0.0083  0.0014  0.0077  0.0591  0.0027  0.2077  0.0050  0.0018  0.2132  0.0055  0.0110  0.0581  1.0000  0.0396  0.0039  0.0009  0.0000  0.0027  0.0000  0.0000  0.0000
 0.0031  0.0000  0.0005  0.0079  0.0044  0.0006  0.0065  1.0000  0.0008  0.0131  0.0019  0.0006  0.5883  0.0024  0.0734  0.0568  0.0054  0.0033  0.0011  0.0004  0.0000  0.0015  0.0000  0.0000  0.0000
 0.0403  0.0000  0.0097  0.3970  0.0593  0.0082  0.1435  0.0433  0.0041  0.0576  0.0090  0.0032  1.0000  0.0325  0.0384  0.6417  0.1688  0.0439  0.0068  0.0042  0.0000  0.0219  0.0000  0.0000  0.0000
 0.0007  0.0000  0.0002  0.0002  0.0002  0.0081  0.0003  0.0000  1.0000  0.0003  0.0056  0.0010  0.0002  0.0001  0.0001  0.0003  0.0003  0.0008  0.5576  0.0001  0.0000  0.0005  0.0000  0.0000  0.0000
 0.0017  0.0000  0.0006  0.0004  0.0005  0.0031  0.0008  0.0001  1.0000  0.0007  0.8295  0.0032  0.0005  0.0004  0.0004  0.0006  0.0007  0.0019  0.2712  0.0004  0.0000  0.0011  0.0000  0.0000  0.0000
 0.0000  0.0000  0.0000  0.0000  0.0000  0.0000  0.0000  1.0000  0.0000  0.0000  0.0000  0.0000  0.0000  0.0000  0.0000  0.0000  0.0000  0.0000  0.0000  0.0000  0.0000  0.0000  0.0000  0.0000  0.0000
 0.0000  0.0000  0.0000  0.0000  0.0000  0.0000  0.0000  0.0000  0.0000  0.0000  0.0000  0.0000  0.0000  0.0000  0.0000  1.0000  0.0000  0.0000  0.0000  0.0000  0.0000  0.0000  0.0000  0.0000  0.0000
 0.0000  0.0000  0.0000  1.0000  0.0000  0.0000  0.0000  0.0000  0.0000  0.0000  0.0000  0.0000  0.0000  0.0000  0.0000  0.0000  0.0000  0.0000  0.0000  0.0000  0.0000  0.0000  0.0000  0.0000  0.0000
 0.0017  0.0000  0.0005  0.0003  0.0005  0.0036  0.0005  0.0002  1.0000  0.0007  0.7346  0.0041  0.0004  0.0005  0.0006  0.0006  0.0006  0.0015  0.0585  0.0004  0.0000  0.0008  0.0000  0.0000  0.0000
 0.0000  0.0000  0.0000  0.0000  0.0000  0.0000  0.0000  0.0000  0.0000  1.0000  0.0000  0.0000  0.0000  0.0000  0.0000  0.0000  0.0000  0.0000  0.0000  0.0000  0.0000  0.0000  0.0000  0.0000  0.0000
 0.0000  0.0000  0.0000  0.0000  0.0000  0.0000  0.0000  0.0000  0.0000  0.0000  0.0000  0.0000  0.0000  1.0000  0.0000  0.0000  0.0000  0.0000  0.0000  0.0000  0.0000  0.0000  0.0000  0.0000  0.0000
 0.0031  0.0000  0.0001  0.0083  1.0000  0.0003  0.0014  0.0008  0.0004  0.0032  0.0008  0.0003  0.0013  0.0020  0.6934  0.0010  0.0016  0.0014  0.0008  0.0002  0.0000  0.0004  0.0000  0.0000  0.0000
 0.0000  0.0000  0.0000  0.0000  0.0000  0.0000  0.0000  0.0000  0.0000  0.0000  0.0000  0.0000  1.0000  0.0000  0.0000  0.0000  0.0000  0.0000  0.0000  0.0000  0.0000  0.0000  0.0000  0.0000  0.0000
 0.0025  0.0000  0.0007  0.0003  0.0006  0.0067  0.0006  0.0005  0.8624  0.0009  1.0000  0.0082  0.0006  0.0011  0.0013  0.0009  0.0007  0.0015  0.0080  0.0008  0.0000  0.0009  0.0000  0.0000  0.0000
 0.0000  0.0000  0.0000  0.0000  0.0000  0.0000  0.0000  0.0000  0.0000  0.0000  1.0000  0.0000  0.0000  0.0000  0.0000  0.0000  0.0000  0.0000  0.0000  0.0000  0.0000  0.0000  0.0000  0.0000  0.0000
 0.0010  0.0000  0.0003  0.0002  0.0003  0.0015  0.0005  0.0000  1.0000  0.0004  0.0309  0.0014  0.0003  0.0002  0.0001  0.0004  0.0004  0.0012  0.9438  0.0002  0.0000  0.0007  0.0000  0.0000  0.0000
 0.0130  0.0000  0.0031  0.5456  0.0187  0.0026  0.0543  0.0138  0.0013  0.0180  0.0028  0.0010  0.2498  0.0103  0.0121  0.0091  1.0000  0.0138  0.0022  0.0013  0.0000  0.0070  0.0000  0.0000  0.0000
 0.1413  0.0000  0.0067  0.0370  0.0892  0.0989  0.0307  0.2929  0.0199  0.2218  0.0601  0.0119  0.0647  0.0235  1.0000  0.7260  0.0858  0.0504  0.0279  0.0054  0.0000  0.0237  0.0000  0.0000  0.0000
 0.0271  0.0000  0.0020  0.1456  0.2284  0.0019  0.0883  0.0048  0.0066  0.0571  0.0309  0.0037  0.2968  0.0101  0.0487  0.0186  1.0000  0.3416  0.0101  0.0007  0.0000  0.0016  0.0000  0.0000  0.0000
 0.0028  0.0000  0.0007  0.1847  0.0041  0.0006  1.0000  0.0030  0.0003  0.0039  0.0006  0.0002  0.2785  0.0023  0.0026  0.0020  0.0161  0.0029  0.0005  0.0003  0.0000  0.0015  0.0000  0.0000  0.0000
 0.4058  0.0000  0.0356  0.0366  0.0824  0.0618  0.0280  0.0319  0.5960  0.0612  0.1242  0.0397  0.2343  0.0472  0.1114  0.0423  0.2112  0.1915  1.0000  0.0110  0.0000  0.0480  0.0000  0.0000  0.0000
 0.0156  0.0000  0.0037  0.0016  0.0030  0.0097  0.0022  0.0006  0.2905  0.0037  1.0000  0.0112  0.0021  0.0034  0.0022  0.0026  0.0036  0.4137  0.7224  0.0012  0.0000  0.0035  0.0000  0.0000  0.0000
 0.0000  0.0000  0.0000  0.0000  0.0000  0.0000  0.0000  0.0000  0.0000  1.0000  0.0000  0.0000  0.0000  0.0000  0.0000  0.0000  0.0000  0.0000  0.0000  0.0000  0.0000  0.0000  0.0000  0.0000  0.0000
 0.0006  0.0000  0.0001  0.0001  0.0001  0.0015  0.0001  0.0001  0.0090  0.0002  1.0000  0.0018  0.0001  0.0002  0.0003  0.0002  0.0002  0.0003  0.0015  0.0002  0.0000  0.0002  0.0000  0.0000  0.0000
 0.7136  0.0000  1.0000  0.0011  0.0012  0.0007  0.0076  0.0003  0.0008  0.0013  0.0015  0.0006  0.0009  0.0033  0.0009  0.0010  0.0066  0.0024  0.0024  0.0003  0.0000  0.0006  0.0000  0.0000  0.0000
 0.0000  0.0000  0.0000  1.0000  0.0000  0.0000  0.0000  0.0000  0.0000  0.0000  0.0000  0.0000  0.0000  0.0000  0.0000  0.0000  0.0000  0.0000  0.0000  0.0000  0.0000  0.0000  0.0000  0.0000  0.0000
 0.0000  0.0000  0.0000  0.0000  0.0000  1.0000  0.0000  0.0000  0.0000  0.0000  0.0000  0.0000  0.0000  0.0000  0.0000  0.0000  0.0000  0.0000  0.0000  0.0000  0.0000  0.0000  0.0000  0.0000  0.0000
 0.0000  0.0000  0.0000  0.0000  0.0000  0.0000  1.0000  0.0000  0.0000  0.0000  0.0000  0.0000  0.0000  0.0000  0.0000  0.0000  0.0000  0.0000  0.0000  0.0000  0.0000  0.0000  0.0000  0.0000  0.0000
 0.0027  0.0000  0.0009  0.0004  0.0007  1.0000  0.0006  0.0004  0.0114  0.0007  0.7209  0.0073  0.0005  0.0012  0.0011  0.0007  0.0010  0.0016  0.0068  0.0038  0.0000  0.0134  0.0000  0.0000  0.0000
 1.0000  0.0000  0.0005  0.0004  0.0005  0.0002  0.0030  0.0001  0.0002  0.0005  0.0005  0.0002  0.0003  0.0013  0.0004  0.0004  0.0073  0.0009  0.0009  0.0001  0.0000  0.0002  0.0000  0.0000  0.0000
 0.0000  0.0000  0.0000  0.0000  0.0000  0.0000  0.0000  0.0000  0.0000  0.0000  0.0000  0.0000  0.0000  0.0000  0.0000  1.0000  0.0000  0.0000  0.0000  0.0000  0.0000  0.0000  0.0000  0.0000  0.0000
 0.8687  0.0000  0.0023  0.0050  0.0030  0.0011  0.0079  0.0013  0.0025  0.0039  0.0028  0.0014  0.2540  0.0056  0.0029  0.0025  0.0261  1.0000  0.0049  0.0006  0.0000  0.0012  0.0000  0.0000  0.0000
 0.0040  0.0000  0.0013  0.0006  0.0011  0.6890  0.0009  0.0007  0.0180  0.0011  1.0000  0.0117  0.0008  0.0017  0.0017  0.0012  0.0015  0.0024  0.0104  0.0047  0.0000  0.0158  0.0000  0.0000  0.0000
 1.0000  0.0000  0.0028  0.0022  0.0025  0.0011  0.8689  0.0005  0.0012  0.0027  0.0027  0.0013  0.0019  0.0071  0.0019  0.0020  0.2612  0.0049  0.0046  0.0004  0.0000  0.0008  0.0000  0.0000  0.0000
 1.0000  0.0000  0.0504  0.0422  0.1840  0.0217  0.2978  0.0091  0.3315  0.0514  0.0612  0.0250  0.0331  0.1259  0.0362  0.0363  0.2839  0.0918  0.2837  0.0073  0.0000  0.0162  0.0000  0.0000  0.0000
 0.0233  0.0000  0.0023  0.0040  0.0028  0.0009  0.1588  0.0009  0.0010  0.0029  0.0022  0.0010  0.0042  1.0000  0.0302  0.0020  0.0617  0.0046  0.0037  0.0004  0.0000  0.0009  0.0000  0.0000  0.0000
 0.3542  0.0000  0.0500  0.0606  0.0538  0.1337  0.2569  0.0236  1.0000  0.0686  0.6616  0.1360  0.0822  0.0933  0.0462  0.0540  0.2300  0.1786  0.9839  0.0211  0.0000  0.0627  0.0000  0.0000  0.0000
 0.0697  0.0000  0.0135  0.7310  0.8789  0.0126  0.2713  0.0638  0.0073  0.0948  0.0156  0.0058  0.7306  0.0537  0.0725  1.0000  0.1587  0.0651  0.0126  0.0065  0.0000  0.0322  0.0000  0.0000  0.0000
 0.7149  0.0000  0.0176  0.0329  0.0132  0.0094  0.0010  0.0033  0.3239  0.0133  0.0617  0.0186  0.0067  0.0189  0.0099  0.0074  0.0161  0.9236  1.0000  0.0016  0.0000  0.0030  0.0000  0.0000  0.0000
 0.0005  0.0000  0.0002  0.0001  0.0001  0.2862  0.0001  0.0000  0.0010  0.0000  0.0025  0.0005  0.0000  0.0002  0.0000  0.0000  0.0003  0.0003  0.0010  0.0024  0.0000  1.0000  0.0000  0.0000  0.0000
 0.0016  0.0000  0.0003  0.0006  0.0004  0.0002  0.0005  0.0002  0.0004  0.0006  0.0004  0.0002  0.0011  0.0008  0.0005  0.0004  0.0420  1.0000  0.0007  0.0001  0.0000  0.0002  0.0000  0.0000  0.0000
 0.0427  0.0000  0.0016  1.0000  0.4408  0.0043  0.0300  0.7741  0.0050  0.0449  0.0095  0.0038  0.0421  0.0267  0.0548  0.0134  0.0313  0.0284  0.0095  0.0021  0.0000  0.0071  0.0000  0.0000  0.0000
 0.1615  0.0000  0.0048  0.4255  1.0000  0.0159  0.0770  0.0426  0.0206  0.1751  0.0392  0.0154  0.0853  0.0987  0.2077  0.0606  0.0898  0.0734  0.0384  0.0080  0.0000  0.2680  0.0000  0.0000  0.0000
 0.0000  0.0000  0.0000  0.0000  0.0000  0.0000  0.0000  0.0000  0.0000  0.0000  0.0000  0.0000  0.0000  0.0000  0.0000  0.0000  0.0000  0.0000  1.0000  0.0000  0.0000  0.0000  0.0000  0.0000  0.0000
 1.0000  0.0000  0.0046  0.0023  0.0037  0.0022  0.0125  0.0009  0.0129  0.0038  0.0104  0.0035  0.0022  0.0080  0.0028  0.0026  0.0127  0.0120  0.7063  0.0006  0.0000  0.0012  0.0000  0.0000  0.0000
 0.0016  0.0000  0.0003  0.0008  0.0006  0.0002  0.0012  0.0003  0.0004  0.0043  0.0006  0.0002  0.0010  0.0011  0.0005  0.0007  0.0035  1.0000  0.0007  0.0002  0.0000  0.0002  0.0000  0.0000  0.0000
 0.0976  0.0000  0.0275  0.0455  0.0630  0.1390  0.1198  0.0416  0.2478  0.1785  1.0000  0.1609  0.0481  0.0956  0.0865  0.5368  0.0520  0.0676  0.1535  0.0320  0.0000  0.0384  0.0000  0.0000  0.0000
 0.0000  0.0000  0.0000  0.0000  0.0000  0.0000  0.0000  0.0000  0.0000  0.0000  0.0000  0.0000  0.0000  0.0000  0.0000  0.0000  0.0000  0.0000  0.0000  1.0000  0.0000  0.0000  0.0000  0.0000  0.0000
 0.0000  0.0000  0.0000  0.0000  0.0000  0.0000  0.0000  0.0000  0.0000  0.0000  0.0000  0.0000  0.0000  0.0000  0.0000  0.0000  0.0000  0.0000  0.0000  0.0000  0.0000  1.0000  0.0000  0.0000  0.0000
 0.0012  0.0000  0.0003  0.0007  0.0009  0.0003  0.0019  0.0006  0.0004  0.0031  0.0009  0.0002  0.0008  0.0012  0.0012  1.0000  0.0009  0.0050  0.0006  0.0003  0.0000  0.0004  0.0000  0.0000  0.0000
 1.0000  0.0000  0.0007  0.0006  0.0007  0.0003  0.0041  0.0001  0.0003  0.0007  0.0007  0.0003  0.0005  0.0018  0.0005  0.0005  0.1897  0.0014  0.0012  0.0001  0.0000  0.0002  0.0000  0.0000  0.0000
 0.0000  0.0000  0.0000  0.0000  0.0000  0.0000  0.0000  0.0000  0.0000  0.0000  0.0000  0.0000  0.0000  1.0000  0.0000  0.0000  0.0000  0.0000  0.0000  0.0000  0.0000  0.0000  0.0000  0.0000  0.0000
 0.0014  0.0000  0.0000  0.0413  1.0000  0.0001  0.0046  0.0004  0.0002  0.0014  0.0003  0.0001  0.0009  0.0009  0.0018  0.0004  0.0008  0.0006  0.0003  0.0001  0.0000  0.0002  0.0000  0.0000  0.0000
 0.0016  0.0000  0.0005  0.0003  0.0004  0.0033  0.0006  0.0002  0.6192  0.0006  1.0000  0.0037  0.0004  0.0005  0.0005  0.0006  0.0006  0.0015  0.1104  0.0004  0.0000  0.0008  0.0000  0.0000  0.0000
 0.0014  0.0000  0.0004  0.0002  0.0003  0.0030  0.0003  0.0002  0.0060  0.0004  1.0000  0.0036  0.0003  0.0005  0.0006  0.0004  0.0004  0.0009  0.2299  0.0004  0.0000  0.0005  0.0000  0.0000  0.0000
 0.0022  0.0000  0.0006  0.0003  0.0005  0.0043  0.0004  0.0003  0.0092  0.0006  1.0000  0.0052  0.0004  0.0008  0.0009  0.0006  0.0006  0.0014  0.3897  0.0005  0.0000  0.0007  0.0000  0.0000  0.0000
 0.0068  0.0000  0.0007  0.0040  0.0026  0.0009  1.0000  0.0014  0.0010  0.2320  0.0024  0.0005  0.0034  0.0054  0.0022  0.0036  0.0046  0.0024  0.0017  0.0009  0.0000  0.0010  0.0000  0.0000  0.0000
 0.9062  0.0000  0.1697  1.0000  0.0832  0.0252  0.5658  0.0331  0.0280  0.0862  0.0582  0.0270  0.1672  0.1541  0.0764  0.0550  0.6824  0.1615  0.0949  0.0101  0.0000  0.0280  0.0000  0.0000  0.0000
 0.4993  0.0000  0.1003  0.0563  0.1538  0.1059  0.0629  0.1053  0.4563  0.3840  0.3691  0.1161  0.1028  0.1675  0.1691  0.3609  0.1589  0.4582  1.0000  0.0282  0.0000  0.1102  0.0000  0.0000  0.0000
 0.2506  0.0000  0.0817  0.0972  0.1540  0.3740  0.1639  0.6748  0.1865  1.0000  0.3141  0.1985  0.1596  0.1090  0.5315  0.3127  0.6108  0.2652  0.2383  0.0865  0.0000  0.5763  0.0000  0.0000  0.0000
 0.0000  0.0000  0.0000  0.0000  0.0000  0.0000  0.0000  0.0000  0.0000  0.0000  0.0000  0.0000  0.0000  0.0000  0.0000  0.0000  0.0000  0.0000  0.0000  0.0000  0.0000  1.0000  0.0000  0.0000  0.0000
 0.0300  0.0000  0.0016  0.0062  0.0027  0.0063  1.0000  0.0014  0.0009  0.0029  0.0016  0.0007  0.0790  0.0041  0.0020  0.0017  0.6032  0.0164  0.0025  0.0003  0.0000  0.0010  0.0000  0.0000  0.0000
 0.0198  0.0000  0.0182  0.0042  0.0226  0.0036  0.0128  0.0143  0.0076  1.0000  0.0168  0.0057  0.0176  0.0140  0.0380  0.2014  0.0223  0.7115  0.0106  0.0027  0.0000  0.0074  0.0000  0.0000  0.0000
 1.0000  0.0000  0.0296  0.0219  0.0261  0.0111  0.3265  0.0049  0.0128  0.0285  0.0283  0.0133  0.0187  0.7562  0.0196  0.0205  0.3411  0.0510  0.0485  0.0040  0.0000  0.0085  0.0000  0.0000  0.0000
 0.0008  0.0000  0.0002  0.0001  0.0002  0.0005  0.0002  0.0000  0.0639  0.0002  0.0027  0.0005  0.0001  0.0002  0.0001  0.0002  0.0002  0.0007  1.0000  0.0001  0.0000  0.0002  0.0000  0.0000  0.0000
 0.0000  0.0000  0.0000  1.0000  0.0000  0.0000  0.0000  0.0000  0.0000  0.0000  0.0000  0.0000  0.0000  0.0000  0.0000  0.0000  0.0000  0.0000  0.0000  0.0000  0.0000  0.0000  0.0000  0.0000  0.0000
 0.0028  0.0000  0.0009  0.0006  0.0007  0.0035  0.0011  0.0001  1.0000  0.0011  0.0186  0.6136  0.0007  0.0005  0.0004  0.0008  0.0011  0.0030  0.8387  0.0004  0.0000  0.0016  0.0000  0.0000  0.0000
 0.0000  0.0000  0.0000  0.0000  0.0000  0.0000  0.0000  0.0000  0.0000  0.0000  0.0000  0.0000  0.0000  0.0000  0.0000  0.0000  0.0000  0.0000  0.0000  1.0000  0.0000  0.0000  0.0000  0.0000  0.0000
 0.8968  0.0000  0.0025  0.0019  0.0022  0.0010  0.0140  0.0004  0.0011  0.0025  0.0024  0.0011  0.0017  0.0063  0.0017  0.0018  1.0000  0.0049  0.0041  0.0004  0.0000  0.0007  0.0000  0.0000  0.0000
 0.1113  0.0000  0.0491  0.0007  0.0017  0.0032  0.0007  0.0003  0.8469  0.0019  0.6305  0.0041  0.0010  0.0020  0.0011  0.0012  0.0018  0.0075  1.0000  0.0004  0.0000  0.0013  0.0000  0.0000  0.0000
 0.0000  0.0000  0.0000  0.0000  0.0000  0.0000  1.0000  0.0000  0.0000  0.0000  0.0000  0.0000  0.0000  0.0000  0.0000  0.0000  0.0000  0.0000  0.0000  0.0000  0.0000  0.0000  0.0000  0.0000  0.0000
 0.0787  0.0000  1.0000  0.0005  0.0006  0.0003  0.0033  0.0001  0.0005  0.0006  0.0007  0.0003  0.0004  0.0015  0.0004  0.0004  0.0032  0.0142  0.0014  0.0001  0.0000  0.0002  0.0000  0.0000  0.0000
 0.0030  0.0000  0.0008  0.0004  0.0008  0.0081  0.0006  0.0006  1.0000  0.0010  0.5451  0.3507  0.0007  0.0013  0.0015  0.0010  0.0008  0.0017  0.0089  0.0009  0.0000  0.0010  0.0000  0.0000  0.0000
 0.0212  0.0000  0.0064  0.0039  0.0060  1.0000  0.0073  0.0026  0.7488  0.0085  0.6355  0.1480  0.0059  0.0070  0.0079  0.0078  0.0077  0.0182  0.8911  0.0058  0.0000  0.0112  0.0000  0.0000  0.0000
 1.0000  0.0000  0.0326  0.0257  0.0294  0.0126  0.3596  0.0059  0.4251  0.0328  0.0326  0.0152  0.0243  0.0815  0.0227  0.0234  0.1800  0.3481  0.0550  0.0047  0.0000  0.0098  0.0000  0.0000  0.0000
 0.0000  0.0000  0.0000  0.0000  1.0000  0.0000  0.0000  0.0000  0.0000  0.0000  0.0000  0.0000  0.0000  0.0000  0.0000  0.0000  0.0000  0.0000  0.0000  0.0000  0.0000  0.0000  0.0000  0.0000  0.0000
 0.0007  0.0000  0.0002  0.0001  0.0002  0.0019  0.0002  0.0001  0.0035  0.0002  0.1456  1.0000  0.0002  0.0003  0.0004  0.0002  0.0002  0.0004  0.0019  0.0002  0.0000  0.0003  0.0000  0.0000  0.0000
 0.8860  0.0000  0.3317  0.1461  0.2060  0.6616  0.2309  0.3801  0.5057  0.2118  1.0000  0.1712  0.2186  0.1550  0.2114  0.2477  0.5592  0.3158  0.9976  0.1305  0.0000  0.7846  0.0000  0.0000  0.0000
 0.0443  0.0000  0.0096  0.2559  0.0192  0.0053  0.0308  0.0109  0.0127  0.0242  0.0123  0.4475  0.3546  0.0247  0.0181  0.0143  0.1668  1.0000  0.0200  0.0033  0.0000  0.0078  0.0000  0.0000  0.0000
 0.0520  0.0000  0.0033  0.0083  0.0467  0.0069  1.0000  0.0472  0.0141  0.2580  0.0334  0.0110  0.0345  0.0264  0.3337  0.4943  0.0285  0.0357  0.0188  0.0052  0.0000  0.0150  0.0000  0.0000  0.0000
 0.0875  0.0000  0.0034  0.0273  0.8163  0.0051  0.0251  0.1904  0.0135  0.8126  0.0267  0.0091  0.6092  0.0335  0.9200  1.0000  0.0397  0.0639  0.0192  0.0031  0.0000  0.0084  0.0000  0.0000  0.0000
 0.0798  0.0000  0.0006  0.0006  0.0007  0.0003  0.0037  0.0002  0.0003  0.0007  0.0007  0.0003  0.0005  1.0000  0.0005  0.0006  0.0031  0.0011  0.0011  0.0001  0.0000  0.0002  0.0000  0.0000  0.0000
 0.0010  0.0000  0.0005  0.0001  0.0002  0.0721  0.0002  0.0000  0.0025  0.0000  1.0000  0.0013  0.0000  0.0004  0.0001  0.0000  0.0006  0.0006  0.0020  0.0041  0.0000  0.1923  0.0000  0.0000  0.0000
 0.0011  0.0000  0.0003  0.0001  0.0003  1.0000  0.0003  0.0001  0.0038  0.0002  0.2396  0.0024  0.0002  0.0004  0.0003  0.0002  0.0042  0.0006  0.0024  0.0018  0.0000  0.0067  0.0000  0.0000  0.0000
 0.0518  0.0000  0.0006  0.0008  0.0008  0.0003  0.0038  0.0126  0.0003  0.0009  0.0007  0.0003  0.0007  1.0000  0.0006  0.0006  0.0033  0.0012  0.0011  0.0001  0.0000  0.0002  0.0000  0.0000  0.0000
 0.0104  0.0000  0.0010  0.0009  0.0009  0.0004  1.0000  0.0002  0.0004  0.0010  0.0010  0.0004  0.0008  0.0025  0.0007  0.0007  0.2346  0.0019  0.0063  0.0001  0.0000  0.0003  0.0000  0.0000  0.0000
 0.0048  0.0000  0.0002  1.0000  0.3688  0.0005  0.0033  0.0015  0.0006  0.0049  0.0010  0.0004  0.0045  0.0029  0.0060  0.0015  0.3853  0.0024  0.0011  0.0002  0.0000  0.0008  0.0000  0.0000  0.0000
 0.0020  0.0000  0.0003  0.0007  0.0004  0.0037  0.0007  0.0002  0.0004  0.0006  0.0005  0.0002  0.0012  0.0008  0.0005  0.0004  1.0000  0.0438  0.0008  0.0001  0.0000  0.0002  0.0000  0.0000  0.0000
 0.0070  0.0000  0.0004  0.9364  1.0000  0.0008  0.0064  0.0027  0.0008  0.0075  0.0015  0.0006  0.0799  0.0045  0.0088  0.0024  0.0062  0.0038  0.0015  0.0004  0.0000  0.0014  0.0000  0.0000  0.0000
 0.0019  0.0000  0.0005  0.0003  0.0465  0.0045  0.0004  0.0003  1.0000  0.0006  0.2631  0.0055  0.0004  0.0007  0.0009  0.0006  0.0005  0.0012  0.0069  0.0005  0.0000  0.0006  0.0000  0.0000  0.0000
 0.0000  0.0000  0.0000  1.0000  0.0000  0.0000  0.0000  0.0000  0.0000  0.0000  0.0000  0.0000  0.0000  0.0000  0.0000  0.0000  0.0000  0.0000  0.0000  0.0000  0.0000  0.0000  0.0000  0.0000  0.0000
 0.0457  0.0000  0.0015  0.1112  0.7277  0.0098  0.0177  0.0114  0.0164  0.0509  0.3750  0.0113  0.0185  0.0272  1.0000  0.0197  0.0228  0.0208  0.0168  0.0027  0.0000  0.0063  0.0000  0.0000  0.0000
 0.0007  0.0000  0.0002  0.0001  0.0002  0.0020  0.0002  0.0001  0.1133  0.0003  1.0000  0.0024  0.0002  0.0003  0.0004  0.0003  0.0002  0.0004  0.0021  0.0002  0.0000  0.0003  0.0000  0.0000  0.0000
 0.0369  0.0000  0.0124  0.0210  0.0217  1.0000  0.0278  0.5825  0.0271  0.0259  0.0452  0.0153  0.0293  0.0155  0.0927  0.0281  0.0409  0.0289  0.0346  0.0127  0.0000  0.4345  0.0000  0.0000  0.0000
 0.0296  0.0000  0.0028  0.0051  0.0411  0.0061  0.0209  0.4659  0.0127  1.0000  0.0583  0.0099  0.0287  0.0233  0.0703  0.3785  0.0243  0.2296  0.0168  0.0047  0.0000  0.0133  0.0000  0.0000  0.0000
 0.0000  0.0000  0.0000  0.0000  0.0000  0.0000  0.0000  0.0000  1.0000  0.0000  0.0000  0.0000  0.0000  0.0000  0.0000  0.0000  0.0000  0.0000  0.0000  0.0000  0.0000  0.0000  0.0000  0.0000  0.0000
 0.2719  0.0000  0.0563  0.0154  0.0440  0.8701  0.0069  0.0158  0.4284  0.0462  0.5475  0.5675  0.0244  0.0627  0.2652  0.0302  0.0451  0.2683  1.0000  0.0126  0.0000  0.0202  0.0000  0.0000  0.0000
 0.0871  0.0000  0.0103  0.0158  0.1001  0.0202  0.0514  0.0633  0.0479  0.7825  0.3678  0.1574  0.0721  0.0596  0.1668  1.0000  0.0951  0.2241  0.0978  0.0120  0.0000  0.0339  0.0000  0.0000  0.0000
 0.2472  0.0000  0.3254  0.0139  0.0388  0.0462  0.0064  0.0092  0.6734  0.2220  0.3426  0.0762  0.0200  0.0520  0.0282  0.0241  0.0394  0.2584  1.0000  0.0067  0.0000  0.0165  0.0000  0.0000  0.0000
 0.0029  0.0000  0.0007  0.0003  0.0007  0.0413  0.0005  0.0005  0.0126  0.0009  1.0000  0.1718  0.0006  0.0011  0.0181  0.0243  0.0008  0.0141  0.2965  0.0008  0.0000  0.0009  0.0000  0.0000  0.0000
 0.0000  0.0000  0.0000  0.0000  0.0000  0.0000  1.0000  0.0000  0.0000  0.0000  0.0000  0.0000  0.0000  0.0000  0.0000  0.0000  0.0000  0.0000  0.0000  0.0000  0.0000  0.0000  0.0000  0.0000  0.0000
 0.0702  0.0000  0.0139  0.0690  0.0288  0.0077  0.0536  0.0165  0.0172  0.0361  0.0178  0.0090  0.9512  0.2544  0.0261  0.0216  0.2025  1.0000  0.0283  0.0048  0.0000  0.0115  0.0000  0.0000  0.0000
 0.1315  0.0000  0.0288  0.0583  0.0527  0.1744  0.1602  0.0322  0.2961  0.0703  1.0000  0.1901  0.0398  0.2041  0.0568  0.0673  0.0643  0.0660  0.1822  0.0387  0.0000  0.0436  0.0000  0.0000  0.0000
 0.2600  0.0000  0.0572  0.4228  0.1525  0.0375  0.2882  0.0971  0.0856  0.1761  0.0732  0.0365  0.5505  0.1611  0.1276  0.1003  0.8587  1.0000  0.1080  0.0213  0.0000  0.0646  0.0000  0.0000  0.0000
 0.1338  0.0000  0.0014  0.1058  1.0000  0.0026  0.0154  0.0061  0.0033  0.0253  0.0063  0.0027  0.0121  0.9962  0.0323  0.0072  0.2321  0.0130  0.0072  0.0012  0.0000  0.0033  0.0000  0.0000  0.0000
 0.2769  0.0000  0.0175  0.5070  0.8036  0.0168  0.1666  0.5044  0.0715  0.3016  0.0984  0.0345  0.2079  0.0891  0.2938  1.0000  0.2723  0.2128  0.2094  0.0057  0.0000  0.0133  0.0000  0.0000  0.0000
 0.5609  0.0000  0.1803  0.2473  0.3388  0.7033  0.3545  0.5778  0.4103  0.3521  0.6875  0.2283  0.3423  0.2234  0.3449  0.3813  0.4718  0.4693  0.5243  0.1852  0.0000  1.0000  0.0000  0.0000  0.0000
 0.0353  0.0000  0.0036  0.0072  0.0485  0.0085  0.0251  0.1961  0.0161  0.2406  0.0387  0.2999  0.0341  0.0273  0.9914  0.2587  0.0289  0.0373  0.0205  1.0000  0.0000  0.0165  0.0000  0.0000  0.0000
 0.0608  0.0000  0.0042  0.0769  0.8601  0.0098  0.0400  0.0394  0.0184  0.5680  0.0420  0.0143  0.5062  1.0000  0.1438  0.2355  0.0459  0.0507  0.0261  0.0068  0.0000  0.0198  0.0000  0.0000  0.0000
 0.1033  0.0000  0.0206  0.0136  0.0230  0.1761  0.0368  0.0142  0.3767  0.0296  1.0000  0.2173  0.0207  0.0370  0.0373  0.0276  0.0384  0.0462  0.2329  0.0211  0.0000  0.0248  0.0000  0.0000  0.0000
 0.0103  0.0000  0.0029  0.0014  0.0023  1.0000  0.0024  0.0004  0.1663  0.0028  0.0547  0.0108  0.0017  0.0024  0.0016  0.0022  0.0033  0.0091  0.7139  0.0050  0.0000  0.0191  0.0000  0.0000  0.0000
 0.2300  0.0000  0.0562  0.1169  0.0763  0.0512  0.0858  0.0519  0.0785  0.1035  0.0850  0.0405  0.2015  0.1155  0.0868  0.0713  0.7571  1.0000  0.1190  0.0220  0.0000  0.1134  0.0000  0.0000  0.0000
 0.0522  0.0000  0.0322  0.0109  0.0283  0.0053  0.0168  0.0155  0.0107  1.0000  0.0199  0.0072  0.0253  0.0186  0.1929  0.1126  0.8030  0.1315  0.0154  0.0033  0.0000  0.0226  0.0000  0.0000  0.0000
 0.1324  0.0000  0.0402  0.0403  0.0548  0.2667  0.0619  0.0891  0.3436  0.0631  1.0000  0.2309  0.1153  0.0548  0.0726  0.0702  0.1056  0.0971  0.2292  0.0443  0.0000  0.1640  0.0000  0.0000  0.0000
 0.0075  0.0000  0.0005  0.0007  0.0006  0.0003  0.0031  0.0002  0.0003  0.0007  0.0007  0.0002  0.0005  1.0000  0.0005  0.0006  0.0021  0.0009  0.0008  0.0002  0.0000  0.0003  0.0000  0.0000  0.0000
 0.1029  0.0000  0.0266  0.0326  0.0292  0.0856  0.0227  0.0055  0.9857  0.0318  0.4661  0.0918  0.0186  0.0228  0.0175  0.0291  0.0296  0.0923  1.0000  0.0108  0.0000  0.0349  0.0000  0.0000  0.0000
 0.0005  0.0000  0.0003  0.0001  0.0001  1.0000  0.0001  0.0000  0.0011  0.0000  0.0026  0.0005  0.0000  0.0002  0.0000  0.0000  0.0003  0.0003  0.0010  0.0024  0.0000  0.2956  0.0000  0.0000  0.0000
 1.0000  0.0000  0.0525  0.0197  0.0757  0.0328  0.0412  0.2212  0.2673  0.8478  0.1950  0.0602  0.0441  0.0787  0.0896  0.1735  0.0761  0.1984  0.5657  0.0090  0.0000  0.0216  0.0000  0.0000  0.0000
 0.0899  0.0000  0.0047  0.0215  0.0050  0.0018  1.0000  0.0014  0.0021  0.0052  0.0045  0.0021  0.0061  0.2108  0.0036  0.0036  0.3217  0.0087  0.0076  0.0007  0.0000  0.0016  0.0000  0.0000  0.0000
 0.0141  0.0000  0.0030  0.0008  0.0023  0.0067  0.0005  0.0008  0.0261  0.0025  0.3138  0.1557  0.0014  0.0034  0.0024  0.0017  0.0024  0.3255  1.0000  0.0008  0.0000  0.0012  0.0000  0.0000  0.0000
 0.5696  0.0000  0.0812  0.1570  0.1743  0.0529  0.1787  0.0583  0.1508  0.2404  0.1543  0.0636  0.2502  0.1764  0.1598  0.4676  0.9043  1.0000  0.4300  0.0227  0.0000  0.0586  0.0000  0.0000  0.0000
 0.0036  0.0000  0.0012  0.0005  0.0009  1.0000  0.0009  0.0006  0.0157  0.0010  0.9246  0.0101  0.0007  0.0016  0.0015  0.0010  0.0014  0.0021  0.0093  0.0048  0.0000  0.0166  0.0000  0.0000  0.0000
 0.0000  0.0000  0.0000  0.0000  0.0000  0.0000  0.0000  0.0000  0.0000  0.0000  0.0000  0.0000  0.0000  1.0000  0.0000  0.0000  0.0000  0.0000  0.0000  0.0000  0.0000  0.0000  0.0000  0.0000  0.0000
 0.4113  0.0000  0.0032  0.1946  0.9021  0.0048  0.0286  0.0125  0.0128  1.0000  0.0216  0.0079  0.0358  0.0285  0.6604  0.1320  0.0845  0.0406  0.0205  0.0020  0.0000  0.0051  0.0000  0.0000  0.0000
 0.0505  0.0000  0.0158  0.0103  0.0135  0.0703  0.0197  0.0014  0.9520  0.0196  0.3636  0.0713  0.0127  0.0103  0.0078  0.0158  0.0196  0.0548  1.0000  0.1488  0.0000  0.0313  0.0000  0.0000  0.0000
 0.0435  0.0000  0.0075  0.0261  0.0460  0.0238  0.0252  0.0247  0.0442  1.0000  0.0538  0.0116  0.3338  0.0503  0.6148  0.1023  0.0504  0.0605  0.0631  0.0069  0.0000  0.1260  0.0000  0.0000  0.0000
 0.7827  0.0000  0.0540  0.4189  1.0000  0.0503  0.3658  0.4864  0.0988  0.5090  0.1696  0.0631  0.3052  0.3689  0.3267  0.3569  0.5357  0.3701  0.1741  0.0188  0.0000  0.0584  0.0000  0.0000  0.0000
 0.5496  0.0000  0.0092  0.1073  0.2240  0.0086  0.1093  0.0208  0.0321  0.2770  0.0517  0.0181  0.1031  1.0000  0.1234  0.6050  0.3546  0.3247  0.1128  0.0030  0.0000  0.0065  0.0000  0.0000  0.0000
 0.0262  0.0000  0.0006  0.1278  1.0000  0.0023  0.0103  0.0061  0.0038  0.7405  0.0069  0.0187  0.0416  0.0148  0.6551  0.0107  0.0153  0.0131  0.1383  0.0011  0.0000  0.0030  0.0000  0.0000  0.0000
 0.2225  0.0000  0.0188  1.0000  0.4289  0.0177  0.2389  0.0572  0.0453  0.2477  0.0744  0.0263  0.6260  0.8546  0.1981  0.1360  0.8609  0.3535  0.0698  0.0071  0.0000  0.0505  0.0000  0.0000  0.0000
 0.2800  0.0000  0.0037  0.0035  0.0050  0.0777  0.0055  0.0088  0.0513  0.0055  1.0000  0.0462  0.0119  0.0045  0.0060  0.0063  0.0130  0.0292  0.0230  0.0195  0.0000  0.0161  0.0000  0.0000  0.0000
 0.5241  0.0000  0.0243  0.2059  1.0000  0.0096  0.0983  0.0405  0.0358  0.2536  0.0578  0.0203  0.1048  0.0526  0.1241  0.5982  0.3331  0.1099  0.0546  0.0033  0.0000  0.0073  0.0000  0.0000  0.0000
 0.1762  0.0000  0.0090  0.1368  0.2115  0.0084  0.0640  0.0204  0.0393  0.9628  0.1540  0.0287  0.1278  0.0579  0.1181  1.0000  0.4434  0.5851  0.0610  0.0029  0.0000  0.0064  0.0000  0.0000  0.0000
 0.4941  0.0000  0.1231  0.1144  0.2422  0.3849  0.1866  0.2824  0.7107  0.7192  0.8826  0.2297  0.2074  0.1825  0.3019  0.8089  0.2641  0.3846  1.0000  0.0943  0.0000  0.4451  0.0000  0.0000  0.0000
 0.0126  0.0000  0.0441  0.0021  0.0034  0.1126  0.0032  0.0021  0.1006  0.0034  0.1387  0.0163  0.0025  0.0038  0.0028  0.0031  0.0053  0.0099  0.6409  0.0148  0.0000  1.0000  0.0000  0.0000  0.0000
 0.0121  0.0000  0.0021  0.0202  0.0105  0.0017  0.0113  0.0096  0.0028  0.0269  0.1457  0.0016  0.0179  1.0000  0.0073  0.0089  0.0335  0.0468  0.0046  0.0009  0.0000  0.0027  0.0000  0.0000  0.0000
 0.1478  0.0000  0.0146  0.1111  0.1816  0.0186  0.3576  0.0652  0.0440  1.0000  0.1292  0.0295  0.3237  0.1468  0.1852  0.3796  0.2162  0.2236  0.0636  0.0111  0.0000  0.0321  0.0000  0.0000  0.0000
 0.0399  0.0000  0.0003  0.0001  0.0003  0.0026  0.0002  0.0122  0.0299  0.0003  1.0000  0.0159  0.0002  0.0004  0.0005  0.0003  0.0003  0.0006  0.0059  0.0003  0.0000  0.0003  0.0000  0.0000  0.0000
 0.0363  0.0000  0.0076  0.9474  0.5548  0.0068  0.1224  0.0348  0.0037  0.0492  0.0080  0.0029  1.0000  0.2847  0.0363  0.0237  0.8713  0.0354  0.0064  0.0035  0.0000  0.0176  0.0000  0.0000  0.0000
 0.6512  0.0000  0.0426  0.5342  1.0000  0.0401  0.4551  0.1209  0.1493  0.7517  0.2410  0.0845  0.3955  0.2942  0.4750  0.4329  0.6532  0.4578  0.2293  0.0138  0.0000  0.0307  0.0000  0.0000  0.0000
 0.8981  0.0000  0.0326  0.5538  0.6071  0.0356  0.2193  0.0745  0.1122  0.5309  0.6264  0.1396  0.3804  0.1659  0.3655  0.3013  0.5762  0.3637  1.0000  0.0117  0.0000  0.0317  0.0000  0.0000  0.0000
 0.3315  0.0000  0.0418  0.0264  0.0388  0.1801  0.1590  0.0168  0.3716  0.0466  1.0000  0.2224  0.0314  0.0897  0.0493  0.0397  0.1478  0.0814  0.2598  0.0234  0.0000  0.0300  0.0000  0.0000  0.0000
 0.4860  0.0000  0.0286  0.0046  0.0141  0.0167  0.0011  0.0040  0.6761  0.0144  1.0000  0.0275  0.0069  0.0199  0.0210  0.1383  0.0138  0.0648  0.3220  0.0025  0.0000  0.0043  0.0000  0.0000  0.0000
 0.0175  0.0000  0.0001  1.0000  0.0300  0.0003  0.0023  0.0009  0.0003  0.0067  0.0040  0.0002  0.0262  0.0015  0.0086  0.0009  0.1312  0.0014  0.0006  0.0001  0.0000  0.0005  0.0000  0.0000  0.0000
 0.0010  0.0000  0.0003  0.0001  0.0003  0.0028  0.0002  0.0002  0.2413  0.0003  1.0000  0.0324  0.0002  0.0004  0.0005  0.0003  0.0003  0.0006  0.0029  0.0003  0.0000  0.0003  0.0000  0.0000  0.0000
 0.5194  0.0000  0.0075  0.0024  0.0063  0.0326  0.0023  0.0031  0.0883  0.0072  1.0000  0.2659  0.0043  0.0095  0.0083  0.0057  0.0065  0.0228  0.4353  0.0039  0.0000  0.0046  0.0000  0.0000  0.0000
 0.1986  0.0000  0.0173  0.3019  0.3369  0.0233  0.1392  0.3488  0.0423  1.0000  0.0776  0.0345  0.1873  0.0587  0.1668  0.1204  0.4547  0.1223  0.0637  0.0052  0.0000  0.0226  0.0000  0.0000  0.0000
 0.5134  0.0000  0.0069  0.0517  0.1156  0.0101  0.0493  0.0355  0.0266  1.0000  0.1036  0.0401  0.2701  0.0436  0.2460  0.2874  0.1617  0.0745  0.0381  0.0060  0.0000  0.0165  0.0000  0.0000  0.0000
 0.0475  0.0000  1.0000  0.0048  0.0107  0.0921  0.0069  0.0073  0.1937  0.0135  0.8729  0.8323  0.0093  0.0172  0.0190  0.0126  0.0118  0.0786  0.1235  0.0109  0.0000  0.0118  0.0000  0.0000  0.0000
 0.0014  0.0000  0.0037  0.0001  0.0002  0.0014  0.0004  0.0001  0.0029  0.0003  1.0000  0.0017  0.0002  0.0004  0.0003  0.0002  0.0034  0.0007  0.0189  0.0002  0.0000  0.0002  0.0000  0.0000  0.0000
 0.2008  0.0000  0.2190  0.0771  0.3019  0.2733  0.1205  0.9408  0.2234  0.5328  0.2614  0.0800  0.1131  0.0749  1.0000  0.4111  0.1740  0.1619  0.2608  0.0736  0.0000  0.3680  0.0000  0.0000  0.0000
 0.0118  0.0000  0.0033  0.0018  0.0032  0.0470  0.0032  0.0020  1.0000  0.0044  0.7686  0.1091  0.0031  0.0045  0.0053  0.0042  0.0038  0.0084  0.1150  0.0039  0.0000  0.4717  0.0000  0.0000  0.0000
 0.0145  0.0000  0.0001  1.0000  0.0759  0.0002  0.0011  0.0006  0.0003  0.0024  0.0005  0.0002  0.0014  0.0014  0.0030  0.0407  0.0014  0.0011  0.0005  0.0001  0.0000  0.0003  0.0000  0.0000  0.0000
 0.0041  0.0000  0.0004  0.0008  0.0007  0.0003  0.0031  0.0003  0.0003  0.0008  0.0007  0.0002  0.0006  1.0000  0.0005  0.0006  0.0179  0.0010  0.0008  0.0002  0.0000  0.0003  0.0000  0.0000  0.0000
 0.5491  0.0000  0.0404  1.0000  0.5080  0.0358  0.5108  0.1684  0.0359  0.2855  0.0615  0.0238  0.8933  0.1576  0.2164  0.1393  0.6395  0.3273  0.0592  0.0182  0.0000  0.0814  0.0000  0.0000  0.0000
 0.0541  0.0000  0.0038  0.4098  0.3098  0.0036  0.0798  0.0182  0.0134  1.0000  0.0217  0.0793  0.0589  0.0197  0.1235  0.2329  0.0583  0.0411  0.0335  0.0012  0.0000  0.0028  0.0000  0.0000  0.0000
 0.0000  0.0000  0.0000  0.0000  0.0000  0.0000  0.0000  0.0000  0.0000  0.0000  0.0000  0.0000  0.0000  0.0000  0.0000  1.0000  0.0000  0.0000  0.0000  0.0000  0.0000  0.0000  0.0000  0.0000  0.0000
 0.1572  0.0000  0.0357  0.0162  0.0328  0.1654  0.0191  0.0222  1.0000  0.0392  0.7918  0.2103  0.0272  0.3810  0.0407  0.0326  0.0511  0.2061  0.4206  0.0238  0.0000  0.1966  0.0000  0.0000  0.0000
 0.2166  0.0000  0.0437  0.0890  0.0563  0.0854  0.0649  0.0274  0.0674  0.0847  0.1356  0.0343  0.1716  0.1061  0.0665  0.0542  0.8630  1.0000  0.1044  0.0148  0.0000  0.0286  0.0000  0.0000  0.0000
 1.0000  0.0000  0.6569  0.0080  0.0068  0.0028  0.0272  0.0021  0.0055  0.0087  0.0074  0.0037  0.0115  0.0165  0.0064  0.0059  0.4910  0.3415  0.0129  0.0014  0.0000  0.0026  0.0000  0.0000  0.0000
 0.9873  0.0000  0.0348  0.3349  0.7813  0.0334  0.2572  0.0889  0.1101  1.0000  0.1865  0.0656  0.2881  0.1747  0.3718  0.7986  0.5812  0.5793  0.1693  0.0142  0.0000  0.0342  0.0000  0.0000  0.0000
 0.4197  0.0000  0.0083  1.0000  0.6285  0.0077  0.0760  0.0277  0.0501  0.1527  0.0469  0.0164  0.1951  0.0426  0.8306  0.1197  0.2468  0.1752  0.0537  0.0027  0.0000  0.0059  0.0000  0.0000  0.0000
 1.0000  0.0000  0.2047  0.0309  0.0384  0.0229  0.2323  0.0076  0.0392  0.0420  0.7135  0.0282  0.0270  0.1063  0.0296  0.0302  0.2195  0.0808  0.0958  0.0066  0.0000  0.0131  0.0000  0.0000  0.0000
 0.0018  0.0000  0.1084  0.0002  0.0004  0.0032  0.0003  0.0003  0.0063  0.0005  1.0000  0.0039  0.0003  0.0006  0.0007  0.0004  0.0005  0.0010  0.0237  0.0004  0.0000  0.0005  0.0000  0.0000  0.0000
 0.3604  0.0000  0.0192  0.2117  0.8258  0.0251  0.1243  1.0000  0.1397  0.2971  0.1179  0.1532  0.6955  0.0892  0.3704  0.4979  0.2607  0.2465  0.1580  0.0079  0.0000  0.0253  0.0000  0.0000  0.0000
 0.0023  0.0000  0.0005  0.0027  0.0012  0.0004  0.0038  1.0000  0.0004  0.0014  0.0008  0.0002  0.0026  0.0018  0.0009  0.0011  0.0444  0.0014  0.0007  0.0004  0.0000  0.0006  0.0000  0.0000  0.0000
 0.0855  0.0000  0.0015  0.8910  1.0000  0.0070  0.0327  0.0191  0.0092  0.0773  0.0171  0.0070  0.0371  0.6734  0.1000  0.0647  0.0551  0.0344  0.0178  0.0033  0.0000  0.0097  0.0000  0.0000  0.0000
 0.0035  0.0000  0.0017  0.0007  0.0011  0.7203  0.0009  0.0007  0.0065  0.0004  0.0371  0.0032  0.0004  0.0013  0.0004  0.0005  0.0900  0.1462  0.0062  0.1022  0.0000  1.0000  0.0000  0.0000  0.0000
 0.0003  0.0000  0.0002  0.0001  0.0001  1.0000  0.0001  0.0000  0.0008  0.0000  0.0081  0.0004  0.0000  0.0002  0.0000  0.0000  0.0002  0.0002  0.0007  0.0014  0.0000  0.0057  0.0000  0.0000  0.0000
 0.1103  0.0000  0.0079  0.1217  0.2238  0.0248  0.0566  0.1120  0.0275  0.5961  0.0447  0.0157  0.2648  0.0406  1.0000  0.2215  0.1322  0.5776  0.0419  0.0027  0.0000  0.0066  0.0000  0.0000  0.0000
 0.6350  0.0000  0.0511  0.7980  0.8882  0.0503  0.3198  0.1307  0.1598  1.0000  0.2610  0.2741  0.4351  0.2565  0.5352  0.7661  0.7203  0.7587  0.2432  0.0223  0.0000  0.0543  0.0000  0.0000  0.0000
 0.2358  0.0000  0.0815  1.0000  0.1282  0.3373  0.1704  0.2474  0.3776  0.1350  0.5112  0.1122  0.1415  0.1154  0.3586  0.1601  0.1846  0.1810  0.2690  0.0852  0.0000  0.4699  0.0000  0.0000  0.0000
 0.0604  0.0000  0.0049  0.0588  0.1373  0.0050  1.0000  0.0164  0.0135  0.1435  0.0237  0.0083  0.1335  0.0976  0.0505  0.3083  0.0866  0.0534  0.0204  0.0023  0.0000  0.0071  0.0000  0.0000  0.0000
 0.0104  0.0000  0.0209  0.0042  0.0055  1.0000  0.0067  0.0110  0.0171  0.0059  0.2376  0.0542  0.0062  0.0363  0.0060  0.0155  0.0265  0.0080  0.0345  0.0038  0.0000  0.0563  0.0000  0.0000  0.0000
 0.5792  0.0000  0.0915  0.0241  0.0703  0.0605  0.0182  0.0201  0.5541  0.0706  0.4177  0.1077  0.0347  0.1049  0.0681  0.0413  0.0902  0.3193  1.0000  0.0101  0.0000  0.0204  0.0000  0.0000  0.0000
 0.0246  0.0000  0.0012  0.2929  1.0000  0.0157  0.0064  0.0061  0.0041  0.0143  0.0791  0.0311  0.0068  0.0086  0.0622  0.0055  0.0086  0.0078  0.0060  0.0016  0.0000  0.0274  0.0000  0.0000  0.0000
 0.0031  0.0000  0.0003  0.0006  0.0041  0.0006  0.0022  0.0026  0.0012  0.5002  0.0030  0.0010  0.0029  0.0240  0.0069  1.0000  0.0255  0.0032  0.0017  0.0005  0.0000  0.0013  0.0000  0.0000  0.0000
 0.0275  0.0000  0.1055  0.0128  0.0144  1.0000  0.0406  0.0479  0.0197  0.0153  0.0326  0.0111  0.0183  0.0110  0.0152  0.0178  0.1808  0.0205  0.0254  0.0093  0.0000  0.1891  0.0000  0.0000  0.0000
 1.0000  0.0000  0.1209  0.5180  0.8140  0.2625  0.5451  0.2613  0.3038  0.8170  0.4503  0.1765  0.4635  0.3655  0.5458  0.5409  0.8541  0.5949  0.4038  0.0737  0.0000  0.3439  0.0000  0.0000  0.0000
 0.7661  0.0000  0.0536  0.5846  0.9764  0.0559  0.3695  0.1342  0.1753  0.9683  0.2899  0.1688  0.5108  0.6157  1.0000  0.6195  0.9113  0.5578  0.2681  0.0213  0.0000  0.0552  0.0000  0.0000  0.0000
 0.0125  0.0000  0.0008  0.0236  1.0000  0.0013  0.0698  0.0045  0.0020  0.0236  0.0042  0.0016  0.0105  0.0071  0.0919  0.1942  0.1050  0.0070  0.0034  0.0007  0.0000  0.0023  0.0000  0.0000  0.0000
 0.0928  0.0000  0.0157  0.0164  0.0202  0.0510  0.0709  0.0269  0.0728  0.0235  1.0000  0.0332  0.0220  0.1115  0.0215  0.0237  0.1945  0.0397  0.0503  0.0113  0.0000  0.1167  0.0000  0.0000  0.0000
 0.2458  0.0000  0.0081  0.0594  0.1245  0.0105  0.0991  0.0357  0.0284  0.8901  0.0547  0.0188  0.0713  0.0474  1.0000  0.6265  0.3844  0.2325  0.0416  0.0061  0.0000  0.0163  0.0000  0.0000  0.0000
 1.0000  0.0000  0.0947  0.0801  0.1248  0.0700  0.4722  0.0386  0.1348  0.2693  0.3642  0.0921  0.0870  0.2471  0.1168  0.1762  0.4813  0.2346  0.2579  0.0194  0.0000  0.0438  0.0000  0.0000  0.0000
 0.0728  0.0000  0.0005  0.0009  0.0072  0.0011  0.0037  0.0893  0.0022  1.0000  0.0052  0.0017  0.0050  0.0040  0.0122  0.4052  0.0042  0.0055  0.0029  0.0008  0.0000  0.0023  0.0000  0.0000  0.0000
 0.0362  0.0000  0.0134  0.0109  0.0128  0.0661  0.0533  0.0040  1.0000  0.1615  0.5475  0.0597  0.0134  0.0076  0.0074  0.0175  0.0197  0.0457  0.9613  0.0086  0.0000  0.0737  0.0000  0.0000  0.0000
 0.4944  0.0000  0.1045  0.2579  0.4999  0.3517  0.3003  0.3618  0.2643  1.0000  0.4745  0.1560  0.3408  0.2393  0.5018  0.8336  0.4251  0.4187  0.3532  0.1032  0.0000  0.5083  0.0000  0.0000  0.0000
 0.0500  0.0000  0.0048  0.0089  0.0698  0.0104  0.0355  0.0447  0.0214  1.0000  0.0507  0.0168  0.0487  0.0394  0.7143  0.4042  0.0410  0.0537  0.0284  0.0079  0.0000  0.3409  0.0000  0.0000  0.0000
 0.0264  0.0000  0.0027  0.8372  1.0000  0.0036  0.0430  0.4408  0.0029  0.0310  0.0059  0.0023  0.1969  0.0181  0.0313  0.0117  0.0362  0.0179  0.0054  0.0018  0.0000  0.0076  0.0000  0.0000  0.0000
 1.0000  0.0000  0.0107  0.0063  0.0110  0.0059  0.0288  0.0030  0.0311  0.0121  0.0264  0.0087  0.0062  0.0189  0.0728  0.0084  0.0308  0.0295  0.3831  0.0015  0.0000  0.0850  0.0000  0.0000  0.0000
 0.1812  0.0000  0.0051  0.2867  0.4864  0.0063  0.1635  0.0171  0.0191  0.9129  0.0324  0.0115  0.0528  0.0350  0.2312  1.0000  0.0732  0.0590  0.0296  0.0026  0.0000  0.0066  0.0000  0.0000  0.0000
 0.2295  0.0000  0.0485  0.8785  0.3278  0.0393  0.6052  0.1839  0.0319  0.2660  0.0533  0.0212  1.0000  0.1618  0.1890  0.1349  0.5826  0.3490  0.0585  0.0205  0.0000  0.0955  0.0000  0.0000  0.0000
 0.2693  0.0000  0.0624  0.1194  0.1070  0.0991  0.1001  0.1885  0.2944  0.1715  0.1473  0.0598  0.9450  0.1282  0.1176  0.2039  0.8590  1.0000  0.3324  0.0341  0.0000  0.1346  0.0000  0.0000  0.0000
 0.0888  0.0000  0.0022  0.0041  0.0027  0.0010  0.0045  0.0011  0.0028  0.0039  0.0028  0.0015  0.0071  0.0669  0.1103  0.0025  1.0000  0.4527  0.0048  0.0006  0.0000  0.0011  0.0000  0.0000  0.0000
 0.0078  0.0000  0.0020  0.0010  0.0018  0.3806  0.0019  0.0012  0.0315  0.0022  1.0000  0.0206  0.0016  0.0031  0.0032  0.0021  0.0913  0.0043  0.0181  0.0058  0.0000  0.0179  0.0000  0.0000  0.0000
 1.0000  0.0000  0.1253  0.0943  0.1348  0.0912  0.3886  0.0398  0.3822  0.1539  0.4036  0.1218  0.1080  0.2598  0.1188  0.1067  0.6032  0.5019  0.6712  0.0225  0.0000  0.0526  0.0000  0.0000  0.0000
 0.0040  0.0000  0.0004  0.0014  0.0055  0.0008  0.0032  0.0035  0.0016  1.0000  0.0039  0.0013  0.2749  0.0031  0.0092  0.1700  0.0035  0.0042  0.0022  0.0006  0.0000  0.0018  0.0000  0.0000  0.0000
 0.1135  0.0000  0.0111  0.0221  0.1399  0.0615  0.0791  0.0889  0.0432  1.0000  0.1015  0.0338  0.1006  0.3413  0.2353  0.7513  0.1750  0.1136  0.0587  0.0158  0.0000  0.0455  0.0000  0.0000  0.0000
 0.2028  0.0000  0.0321  0.1724  0.1493  0.1101  0.1781  0.0945  0.0612  0.9022  0.1755  0.0396  0.4611  0.1994  0.1714  0.3244  1.0000  0.3088  0.0878  0.0207  0.0000  0.0775  0.0000  0.0000  0.0000
 0.0073  0.0000  0.0002  0.0183  0.7131  0.0007  0.0031  0.0022  0.0011  0.1337  0.0021  0.0008  0.0036  0.0045  1.0000  0.0055  0.0744  0.0037  0.0019  0.0004  0.0000  0.0011  0.0000  0.0000  0.0000
 0.4271  0.0000  0.0330  0.6091  0.4320  0.0288  0.4124  0.1097  0.2029  0.3044  0.0830  0.0300  1.0000  0.1318  0.2058  0.1628  0.6032  0.2181  0.0785  0.0127  0.0000  0.0528  0.0000  0.0000  0.0000
 0.4570  0.0000  0.1116  0.2927  0.2414  0.3394  0.3285  0.2626  0.2115  0.3572  0.3436  0.1187  0.4467  0.2094  0.2441  0.4432  1.0000  0.9948  0.2916  0.0848  0.0000  0.4083  0.0000  0.0000  0.0000
 0.0021  0.0000  0.0002  0.0004  0.0029  0.0004  0.0015  0.0019  0.0009  1.0000  0.0021  0.0007  0.0722  0.0016  0.0608  0.0907  0.0017  0.0022  0.0012  0.0003  0.0000  0.0009  0.0000  0.0000  0.0000
 0.4453  0.0000  0.0161  0.2447  1.0000  0.0228  0.1190  0.1253  0.0557  0.8702  0.1818  0.0346  0.1458  0.1021  0.2275  0.2520  0.4406  0.1671  0.0858  0.0099  0.0000  0.0286  0.0000  0.0000  0.0000
 0.3204  0.0000  0.0238  0.5328  1.0000  0.0231  0.1846  0.0608  0.0762  0.4793  0.2386  0.0436  0.8380  0.1251  0.2586  0.2140  0.4720  0.3767  0.1172  0.0086  0.0000  0.0221  0.0000  0.0000  0.0000
 0.0834  0.0000  0.0027  0.2718  1.0000  0.0070  0.0340  0.0184  0.1313  0.9894  0.0238  0.0091  0.0405  0.0444  0.4001  0.0384  0.0543  0.1933  0.0234  0.0031  0.0000  0.0086  0.0000  0.0000  0.0000
 0.8431  0.0000  0.0918  0.3784  0.8681  0.0531  0.3668  0.0646  0.1334  0.3120  0.2650  0.0724  0.2542  0.3504  0.2565  0.1688  0.9552  1.0000  0.2703  0.0239  0.0000  0.0519  0.0000  0.0000  0.0000
 0.0666  0.0000  0.0064  0.0141  0.1457  0.0138  0.0463  0.2248  0.0282  1.0000  0.0657  0.0217  0.0633  0.0510  0.1529  0.5241  0.0547  0.1294  0.1923  0.0101  0.0000  0.0293  0.0000  0.0000  0.0000
 0.2489  0.0000  0.0189  1.0000  0.8994  0.1420  0.1853  0.3294  0.0638  0.9850  0.1342  0.0469  0.2583  0.1626  0.3901  0.7265  0.2038  0.1813  0.0944  0.0242  0.0000  0.0840  0.0000  0.0000  0.0000
 0.0112  0.0000  0.0004  1.0000  0.0979  0.0012  0.0070  0.0040  0.0016  0.0675  0.0032  0.0012  0.0096  0.0071  0.0155  0.1686  0.0077  0.0060  0.0028  0.0006  0.0000  0.0020  0.0000  0.0000  0.0000
 0.7171  0.0000  0.0415  0.2728  0.1998  0.1524  0.1180  0.0686  0.1961  0.2012  0.1206  0.0467  0.1686  0.1837  0.1408  0.1813  1.0000  0.6574  0.1308  0.0222  0.0000  0.0886  0.0000  0.0000  0.0000
 0.1886  0.0000  0.0326  0.0364  0.0559  0.1518  0.0616  0.0928  0.1426  0.0950  1.0000  0.1451  0.2106  0.0445  0.0689  0.1439  0.0750  0.0788  0.1273  0.0345  0.0000  0.2372  0.0000  0.0000  0.0000
 0.4571  0.0000  0.0509  0.2936  0.5561  0.1195  0.3014  0.1854  0.1585  1.0000  0.3036  0.1066  0.3171  0.2020  0.4810  0.7490  0.4363  0.3697  0.2402  0.0414  0.0000  0.1682  0.0000  0.0000  0.0000
 0.0547  0.0000  0.0030  0.1193  1.0000  0.0066  0.0358  0.0213  0.0093  0.3839  0.0192  0.0071  0.0465  0.0335  0.0735  0.0679  0.1687  0.0339  0.0156  0.0036  0.0000  0.2055  0.0000  0.0000  0.0000
 0.0218  0.0000  0.0014  0.2418  1.0000  0.0025  0.1810  0.1132  0.0025  0.0239  0.0048  0.0019  0.0348  0.0141  0.0270  0.0079  0.0213  0.0124  0.0047  0.0012  0.0000  0.0046  0.0000  0.0000  0.0000
 0.0392  0.0000  0.0038  0.0085  0.0546  0.0083  0.0287  0.1298  0.1723  0.3236  0.0396  0.0131  0.1833  0.0308  0.0927  1.0000  0.0328  0.0421  0.0222  0.0062  0.0000  0.0178  0.0000  0.0000  0.0000
 0.0078  0.0000  0.0007  0.0014  0.0108  0.0016  0.0055  0.0069  0.0033  1.0000  0.0078  0.0026  0.0075  0.1722  0.1984  0.2433  0.0063  0.0083  0.0044  0.0012  0.0000  0.0035  0.0000  0.0000  0.0000
 0.0090  0.0000  0.0019  0.0041  0.0025  0.0010  0.0027  0.0012  0.0028  0.0038  0.0026  0.1116  0.2096  0.0047  0.0030  0.0024  0.3702  1.0000  0.0044  0.0006  0.0000  0.0011  0.0000  0.0000  0.0000
 0.0044  0.0000  0.0011  0.0005  0.0010  0.0059  0.0008  0.0004  0.0918  0.0012  1.0000  0.0071  0.0008  0.0013  0.0012  0.0010  0.0602  0.0034  0.1726  0.0007  0.0000  0.0012  0.0000  0.0000  0.0000
 1.0000  0.0000  0.1020  0.1314  0.1092  0.0824  0.6212  0.0453  0.0726  0.1206  0.1246  0.0526  0.1373  0.2484  0.0845  0.0883  0.6521  0.2313  0.4897  0.0249  0.0000  0.4092  0.0000  0.0000  0.0000
 0.0546  0.0000  0.0117  0.0106  0.0109  0.0405  0.1749  0.0013  0.6155  0.0161  0.2101  0.0380  0.0132  0.0131  0.0065  0.0127  0.0417  0.1837  1.0000  0.0054  0.0000  0.0201  0.0000  0.0000  0.0000
 0.0676  0.0000  0.0091  0.2081  0.3064  0.0109  0.3980  0.0497  0.0123  0.4167  0.0268  0.0094  0.5390  0.0480  1.0000  0.1126  0.1062  0.0581  0.0190  0.0062  0.0000  0.0249  0.0000  0.0000  0.0000
 0.1223  0.0000  0.0099  1.0000  0.6752  0.0145  0.1358  0.0519  0.0165  0.1318  0.2164  0.0117  0.3670  0.0777  0.1409  0.0480  0.1482  0.3379  0.0296  0.0071  0.0000  0.0267  0.0000  0.0000  0.0000
 0.3519  0.0000  0.0733  0.0230  0.0591  0.1822  0.0160  0.0242  0.5596  0.0640  1.0000  0.2290  0.0378  0.1044  0.0612  0.0444  0.0771  0.3160  0.8150  0.0230  0.0000  0.0360  0.0000  0.0000  0.0000
 0.1525  0.0000  0.0276  0.6344  0.2282  0.0267  0.3647  0.1181  0.0261  0.2484  0.1989  0.0178  1.0000  0.1018  0.1940  0.2706  0.3769  0.1603  0.0404  0.0132  0.0000  0.0611  0.0000  0.0000  0.0000
 1.0000  0.0000  0.0283  0.0910  0.1330  0.0550  0.1634  0.0506  0.1746  0.1324  0.1715  0.0319  0.0902  0.0702  0.0912  0.3077  0.4999  0.3143  0.1426  0.0159  0.0000  0.0719  0.0000  0.0000  0.0000
 0.0324  0.0000  0.0016  1.0000  0.2052  0.0028  0.0167  0.0078  0.0061  0.1112  0.0106  0.0039  0.0215  0.0162  0.0349  0.0953  0.1974  0.0206  0.1062  0.0012  0.0000  0.0035  0.0000  0.0000  0.0000
 0.0165  0.0000  0.0011  0.0249  0.2756  0.0014  0.0093  0.0037  0.0020  0.2301  0.0039  0.0015  0.0084  1.0000  0.0144  0.0106  0.2633  0.0086  0.0039  0.0007  0.0000  0.0020  0.0000  0.0000  0.0000
 0.0840  0.0000  0.0079  0.0208  0.1159  0.0167  0.1793  0.0688  0.0344  1.0000  0.0798  0.0856  0.1529  0.0622  0.2179  0.5635  0.0702  0.0871  0.1516  0.0121  0.0000  0.0350  0.0000  0.0000  0.0000
 0.8108  0.0000  0.1794  0.3388  0.5073  0.6386  0.3655  0.4580  0.6205  0.4750  0.8748  0.2275  0.4754  0.2781  0.3925  0.4123  0.9182  1.0000  0.6306  0.1542  0.0000  0.7943  0.0000  0.0000  0.0000
 0.0888  0.0000  0.0085  0.0153  0.1225  0.0186  0.0625  0.0786  0.1473  1.0000  0.0902  0.0297  0.0853  0.1569  0.2091  0.6138  0.0723  0.0948  0.0507  0.0446  0.0000  0.0398  0.0000  0.0000  0.0000
 0.4071  0.0000  0.0233  1.0000  0.1277  0.0135  0.3041  0.0408  0.0116  0.5835  0.0252  0.0108  0.2061  0.0719  0.0582  0.0414  0.1728  0.0667  0.0336  0.0061  0.0000  0.0237  0.0000  0.0000  0.0000
 0.5040  0.0000  0.1901  0.1243  0.1782  0.4181  0.1894  0.3086  0.5667  0.1889  0.5683  0.1651  0.2849  0.1496  0.1827  0.2096  0.4399  0.3443  1.0000  0.1071  0.0000  0.6059  0.0000  0.0000  0.0000
 0.0057  0.0000  0.0005  0.0015  0.2597  0.0012  0.0040  0.0050  0.0024  1.0000  0.0057  0.0019  0.0055  0.0045  0.1661  0.6655  0.0046  0.0060  0.0032  0.0009  0.0000  0.0025  0.0000  0.0000  0.0000
 0.0338  0.0000  0.0066  0.0036  0.0056  0.0048  0.0028  0.0017  0.0354  0.0064  0.3010  0.0080  0.0061  0.0088  0.0049  0.0038  0.2123  0.1583  1.0000  0.0010  0.0000  0.0018  0.0000  0.0000  0.0000
 0.0208  0.0000  0.0054  0.0025  0.0052  1.0000  0.0041  0.0038  0.6648  0.0068  0.6286  0.0633  0.0048  0.0083  0.0099  0.0067  0.0059  0.1102  0.0689  0.0070  0.0000  0.0111  0.0000  0.0000  0.0000
 0.0132  0.0000  0.0014  0.0077  0.0064  0.0016  0.1174  0.0035  0.0020  1.0000  0.0048  0.0013  0.0082  0.0089  0.0067  0.0135  0.0095  0.0054  0.0034  0.0014  0.0000  0.0021  0.0000  0.0000  0.0000
 0.2807  0.0000  0.0036  0.0011  0.0027  0.0042  0.0010  0.0006  0.7095  0.0030  0.0243  0.0056  0.0015  0.0035  0.0019  0.0019  0.0031  0.0126  1.0000  0.0006  0.0000  0.0017  0.0000  0.0000  0.0000
 0.0132  0.0000  0.0014  0.0077  0.0064  0.0016  0.1174  0.0035  0.0020  1.0000  0.0048  0.0013  0.0082  0.0089  0.0067  0.0135  0.0095  0.0054  0.0034  0.0014  0.0000  0.0021  0.0000  0.0000  0.0000
 0.0268  0.0000  0.0959  0.0056  0.0038  0.0027  1.0000  0.0020  0.0024  0.0029  0.0042  0.0017  0.0046  0.0079  0.0028  0.0036  0.0136  0.0060  0.0058  0.0017  0.0000  0.0029  0.0000  0.0000  0.0000
 0.7361  0.0000  0.0713  0.0951  0.0748  0.0280  0.8808  0.0211  0.0318  0.0804  0.0690  0.0321  0.0954  0.2929  0.0550  0.0555  1.0000  0.1437  0.1157  0.0108  0.0000  0.0249  0.0000  0.0000  0.0000
 0.0036  0.0000  0.0003  0.0007  0.0049  0.0007  0.0025  0.0032  0.0015  1.0000  0.0036  0.0012  0.0035  0.0028  0.0084  0.3315  0.0030  0.0777  0.0020  0.0006  0.0000  0.0016  0.0000  0.0000  0.0000
 1.0000  0.0000  0.0995  0.1531  0.2299  0.0688  0.5348  0.0470  0.1052  0.1722  0.1630  0.0639  0.1128  0.2556  0.1259  0.1163  0.5621  0.2873  0.2086  0.0219  0.0000  0.0676  0.0000  0.0000  0.0000
 0.0030  0.0000  0.0001  1.0000  0.1183  0.0003  0.0018  0.0009  0.0004  0.0030  0.0007  0.0003  0.0022  0.0019  0.0038  0.0009  0.0019  0.0014  0.0007  0.0002  0.0000  0.0005  0.0000  0.0000  0.0000
 0.0564  0.0000  0.0158  0.0125  0.0140  0.0683  0.0373  0.0006  1.0000  0.0212  0.3593  0.0634  0.0142  0.0114  0.0066  0.0175  0.0291  0.0524  0.9503  0.0085  0.0000  0.0328  0.0000  0.0000  0.0000
 0.2928  0.0000  0.0213  0.3083  1.0000  0.0211  0.1411  0.0330  0.0325  0.1416  0.1732  0.0237  0.0748  0.1764  0.1573  0.0557  0.3113  0.1248  0.0666  0.0083  0.0000  0.0213  0.0000  0.0000  0.0000
 0.0697  0.0000  0.0013  0.3530  0.8203  0.0065  0.0300  0.1131  0.0085  1.0000  0.0160  0.0065  0.0363  0.2109  0.0920  0.0226  0.0382  0.0317  0.0162  0.0031  0.0000  0.0091  0.0000  0.0000  0.0000
 0.8490  0.0000  0.0927  0.0758  0.1554  0.0635  0.0793  0.0473  0.4135  0.2203  0.3154  0.1633  0.0908  0.3778  0.2128  0.2055  0.1977  0.5041  1.0000  0.0153  0.0000  0.0446  0.0000  0.0000  0.0000
 0.1216  0.0000  0.0036  0.3181  1.0000  0.0107  0.0545  0.0296  0.0183  0.4010  0.1766  0.0127  0.2052  0.0680  0.1971  0.0532  0.0776  0.0635  0.0322  0.0049  0.0000  0.0142  0.0000  0.0000  0.0000
 0.0054  0.0000  0.0007  0.0068  0.0080  0.0011  0.0070  0.0048  0.0019  1.0000  0.0044  0.0015  0.3243  0.0042  0.0777  0.0247  0.0066  0.0057  0.0025  0.0008  0.0000  0.0024  0.0000  0.0000  0.0000
 0.3259  0.0000  0.0262  0.0208  0.0277  0.0111  1.0000  0.0067  0.0784  0.1999  0.0285  0.0128  0.0191  0.1736  0.0227  0.0297  0.1352  0.0483  0.0878  0.0041  0.0000  0.0095  0.0000  0.0000  0.0000
 0.0892  0.0000  0.0189  0.2161  0.6489  0.0131  0.1442  0.1626  0.0196  0.0797  0.0237  0.0111  1.0000  0.0571  0.0577  0.0428  0.6669  0.5885  0.0312  0.0074  0.0000  0.0264  0.0000  0.0000  0.0000
 0.7990  0.0000  0.1810  0.1674  0.2782  0.5338  0.4340  0.3862  0.4674  0.5688  1.0000  0.2733  0.2697  0.2697  0.3368  0.6214  0.4782  0.4028  0.5661  0.1346  0.0000  0.6885  0.0000  0.0000  0.0000
 1.0000  0.0000  0.0102  0.1687  0.8076  0.0089  0.0741  0.0164  0.0117  0.0714  0.0226  0.0098  0.0343  0.0588  0.1682  0.0249  0.3385  0.0484  0.0295  0.0039  0.0000  0.0102  0.0000  0.0000  0.0000
 0.1125  0.0000  0.0052  0.1267  0.0141  0.0026  1.0000  0.0063  0.0024  0.0117  0.0051  0.0023  0.0329  0.0145  0.1142  0.0067  0.9109  0.0140  0.0076  0.0011  0.0000  0.0040  0.0000  0.0000  0.0000
 0.7114  0.0000  0.0661  0.7505  0.2438  0.0410  0.6924  0.1347  0.0398  0.2297  0.0734  0.0311  1.0000  0.1925  0.1568  0.1257  0.5837  0.3589  0.1601  0.0190  0.0000  0.0773  0.0000  0.0000  0.0000
 1.0000  0.0000  0.0761  0.0941  0.0893  0.0612  0.4354  0.1262  0.0612  0.1040  0.2662  0.0450  0.1142  0.1803  0.0764  0.0780  0.5854  0.4306  0.1435  0.0206  0.0000  0.0723  0.0000  0.0000  0.0000
 0.7329  0.0000  0.1445  0.4029  0.5757  0.4577  0.4538  0.4471  0.3317  0.5663  0.6300  0.2083  0.4758  0.3027  0.4289  0.4343  1.0000  0.7584  0.4500  0.1244  0.0000  0.6377  0.0000  0.0000  0.0000
 0.1488  0.0000  0.8032  0.0526  0.1398  0.0137  0.0510  0.0151  0.0393  0.0509  0.0375  0.1172  0.0925  0.0665  0.0393  0.0324  1.0000  0.6889  0.0670  0.0083  0.0000  0.0152  0.0000  0.0000  0.0000
 0.1549  0.0000  0.0294  0.0218  0.0384  0.1707  0.0450  0.0215  0.3465  0.0597  1.0000  0.2117  0.0342  0.0775  0.0652  0.0505  0.0968  0.1194  0.2506  0.0222  0.0000  0.0306  0.0000  0.0000  0.0000
 0.5242  0.0000  0.1596  0.1858  0.2477  0.6347  0.2980  0.9524  0.3560  0.2683  0.7368  0.3934  0.3258  0.2255  0.4809  0.3186  0.3623  0.3538  0.4535  0.1668  0.0000  1.0000  0.0000  0.0000  0.0000
 0.0287  0.0000  0.0060  1.0000  0.0549  0.0056  0.0857  0.3985  0.0037  0.0477  0.0082  0.0028  0.1370  0.0230  0.0302  0.1363  0.0653  0.0279  0.0060  0.0031  0.0000  0.0138  0.0000  0.0000  0.0000
 0.7010  0.0000  0.0152  0.0597  0.0714  0.0096  0.0388  0.0149  0.0286  0.0789  0.0340  0.0150  0.7296  0.0452  0.2880  0.1868  0.8449  1.0000  0.1384  0.0052  0.0000  0.0102  0.0000  0.0000  0.0000
 0.2167  0.0000  0.0145  0.0734  0.2231  0.0256  0.2808  0.1004  0.0584  1.0000  0.1266  0.0780  0.2250  0.1022  0.3413  0.7276  0.1453  0.1554  0.0807  0.0173  0.0000  0.0493  0.0000  0.0000  0.0000
 0.5772  0.0000  0.0469  0.4582  0.8466  0.0447  0.3659  0.0955  0.2218  0.7660  0.2278  0.1527  0.3775  0.3452  0.4308  0.3904  0.6933  1.0000  0.2218  0.0163  0.0000  0.0399  0.0000  0.0000  0.0000
 0.1221  0.0000  0.0270  0.0654  0.0396  0.0229  0.0454  0.0252  0.0415  0.0574  0.0427  0.0211  0.4376  0.0636  0.1118  0.0386  1.0000  0.6470  0.1264  0.0109  0.0000  0.2088  0.0000  0.0000  0.0000
 1.0000  0.0000  0.1839  0.5945  0.9116  0.5345  0.4966  0.5205  0.5047  0.8000  0.7130  0.2437  0.5454  0.3778  0.6210  0.5756  0.8401  0.7862  0.7918  0.1433  0.0000  0.7293  0.0000  0.0000  0.0000
 0.6341  0.0000  0.1822  0.2919  0.3480  0.7380  0.3586  0.6035  0.4524  0.3611  0.6715  0.2288  0.4580  0.2286  0.3381  0.3862  0.5081  0.5024  0.5472  0.1856  0.0000  1.0000  0.0000  0.0000  0.0000
 0.1153  0.0000  0.0083  0.4136  0.5484  0.0112  0.1635  0.0383  0.0176  1.0000  0.0314  0.0118  0.1515  0.2798  0.1176  0.0549  0.3651  0.0721  0.0304  0.0051  0.0000  0.0184  0.0000  0.0000  0.0000
 0.8698  0.0000  0.1229  0.1875  0.2075  0.1770  0.4612  0.1356  0.2323  0.2340  0.2988  0.1342  0.2503  0.2938  0.1814  0.1784  0.9639  1.0000  0.2878  0.0541  0.0000  0.2199  0.0000  0.0000  0.0000
 0.5616  0.0000  0.1112  0.0673  0.1013  0.0725  0.0557  0.0412  0.4672  0.1145  0.3434  0.1106  0.1091  0.1489  0.0902  0.0720  0.3866  0.7157  1.0000  0.0185  0.0000  0.0496  0.0000  0.0000  0.0000
 0.0953  0.0000  0.0019  0.0017  0.0020  0.0007  0.0104  0.0004  0.0009  0.0664  0.0019  0.0009  0.0016  1.0000  0.0015  0.0017  0.2361  0.0044  0.0032  0.0003  0.0000  0.0006  0.0000  0.0000  0.0000
 0.6285  0.0000  0.0677  0.5261  0.2651  0.0360  0.7378  0.0793  0.0403  0.1805  0.0781  0.0342  0.3946  0.2479  0.2160  0.1001  1.0000  0.2490  0.2195  0.0153  0.0000  0.0518  0.0000  0.0000  0.0000
 0.0157  0.0000  0.0034  0.0075  0.0045  0.0017  0.0048  0.0774  0.0050  0.0068  0.0045  0.0025  0.0961  0.0083  0.0053  0.0043  0.5359  1.0000  0.0850  0.0011  0.0000  0.0020  0.0000  0.0000  0.0000
 0.2628  0.0000  0.0450  0.1527  0.0752  0.0236  0.2192  0.0382  0.0535  0.0976  0.1239  0.0294  0.3239  0.2981  0.0723  0.0599  1.0000  0.8139  0.0925  0.0137  0.0000  0.0309  0.0000  0.0000  0.0000
 0.2291  0.0000  0.0494  0.8560  0.2673  0.0403  0.6092  0.1815  0.0323  0.2514  0.0971  0.0222  1.0000  0.1578  0.1720  0.1296  0.6107  0.3425  0.0516  0.0203  0.0000  0.0947  0.0000  0.0000  0.0000
 0.1007  0.0000  0.0018  0.0033  0.0224  0.0034  0.0122  0.0142  0.0071  1.0000  0.0163  0.0055  0.0159  0.0131  0.0378  0.5385  0.0157  0.4050  0.0097  0.0025  0.0000  0.0072  0.0000  0.0000  0.0000
 0.0046  0.0000  0.0011  1.0000  0.0075  0.0009  0.0161  0.0049  0.0005  0.1211  0.0010  0.0004  0.4095  0.0037  0.0045  0.0033  0.0122  0.0048  0.0008  0.0005  0.0000  0.0025  0.0000  0.0000  0.0000
 0.4896  0.0000  1.0000  0.0280  0.0335  0.0152  0.2038  0.0067  0.0232  0.0369  0.4650  0.0187  0.0253  0.2453  0.0256  0.0264  0.5214  0.0799  0.0734  0.0053  0.0000  0.0112  0.0000  0.0000  0.0000
 0.1680  0.0000  0.0058  0.0931  0.0085  0.0030  0.0091  0.0038  0.0954  0.0122  0.0079  0.0043  0.3058  0.0144  0.0094  0.0076  1.0000  0.3590  0.0134  0.0019  0.0000  0.0035  0.0000  0.0000  0.0000
 0.1208  0.0000  0.0194  0.0986  0.0397  0.0104  0.4116  0.0228  0.0194  0.0469  0.0227  0.0114  1.0000  0.0510  0.0337  0.0276  0.3495  0.3311  0.1505  0.0058  0.0000  0.0157  0.0000  0.0000  0.0000
 0.4089  0.0000  0.0643  0.0809  0.0831  0.2266  0.2387  0.0791  0.5100  0.1013  1.0000  0.2606  0.2213  0.1217  0.0882  0.0911  0.2802  0.2050  0.6301  0.0412  0.0000  0.1406  0.0000  0.0000  0.0000
 0.0989  0.0000  0.0180  0.1473  0.2789  0.0122  0.0976  0.0353  0.0254  0.7274  0.0317  0.0142  1.0000  0.0562  0.0645  0.0668  0.8091  0.5273  0.0398  0.0072  0.0000  0.0207  0.0000  0.0000  0.0000
 0.0694  0.0000  0.0193  0.0673  0.1107  0.0784  0.0192  0.0034  1.0000  0.0229  0.5144  0.1475  0.0144  0.0157  0.0126  0.0180  0.0222  0.0656  0.9298  0.0096  0.0000  0.0289  0.0000  0.0000  0.0000
 0.0549  0.0000  0.0133  1.0000  0.0819  0.0113  0.2433  0.1676  0.0055  0.0781  0.0123  0.0044  0.4986  0.3631  0.0525  0.0396  0.1508  0.1747  0.0093  0.0058  0.0000  0.0301  0.0000  0.0000  0.0000
 0.1158  0.0000  0.0275  0.4328  0.1607  0.0450  0.3164  1.0000  0.0280  0.2153  0.0548  0.0189  0.6341  0.4983  0.1788  0.1448  0.2512  0.1176  0.0396  0.0174  0.0000  0.2031  0.0000  0.0000  0.0000
 0.6503  0.0000  0.2046  0.2570  0.3194  0.7079  0.3607  0.5541  0.4623  0.3704  0.7117  0.2444  0.3962  0.2711  0.3418  0.3999  0.7685  0.9100  0.6289  0.1901  0.0000  1.0000  0.0000  0.0000  0.0000
 0.5823  0.0000  0.0715  0.0720  0.2456  0.0597  0.3199  0.1382  0.1013  1.0000  0.2386  0.0726  0.1746  0.2124  0.3583  0.8684  0.3511  0.2636  0.1841  0.0306  0.0000  0.0920  0.0000  0.0000  0.0000
 0.0387  0.0000  0.0071  0.1184  0.0352  0.0053  0.5176  0.0253  0.0031  0.0343  0.0066  0.0026  1.0000  0.0225  0.0230  0.0178  0.4256  0.0295  0.0064  0.0027  0.0000  0.0131  0.0000  0.0000  0.0000
 0.3274  0.0000  0.0212  0.0166  0.0192  0.0080  0.4883  0.0037  0.0092  0.0207  0.0204  0.0095  0.0143  1.0000  0.0143  0.0149  0.1086  0.0364  0.0347  0.0029  0.0000  0.0062  0.0000  0.0000  0.0000
 0.4074  0.0000  0.1088  0.8306  0.2384  0.0393  1.0000  0.1610  0.0270  0.4622  0.0576  0.0235  0.8744  0.1803  0.1569  0.1248  0.8981  0.2213  0.0671  0.0189  0.0000  0.0865  0.0000  0.0000  0.0000
 0.3396  0.0000  0.0689  0.0176  0.1703  0.0458  0.0037  0.0129  0.5125  0.0526  0.2912  0.2553  0.0254  0.0719  0.0385  0.0301  0.0532  0.3276  1.0000  0.0072  0.0000  0.0151  0.0000  0.0000  0.0000
 1.0000  0.0000  0.0290  0.0068  0.0216  0.0158  0.0006  0.0054  0.3646  0.0215  0.1043  0.1104  0.0101  0.0305  0.0160  0.0120  0.0215  0.4362  0.5375  0.0026  0.0000  0.0048  0.0000  0.0000  0.0000
 0.0735  0.0000  0.0151  0.0086  0.0277  0.0896  0.0185  0.0161  1.0000  0.4474  0.5103  0.6782  0.0205  0.0280  0.0430  0.0733  0.0257  0.0514  0.2109  0.0121  0.0000  0.0178  0.0000  0.0000  0.0000
 0.1204  0.0000  0.0016  0.0013  0.0015  0.0006  0.0090  0.0003  0.0007  0.0016  0.0016  0.0007  0.0011  1.0000  0.0011  0.0011  0.1785  0.0033  0.0027  0.0002  0.0000  0.0005  0.0000  0.0000  0.0000
 0.0070  0.0000  0.0007  0.0039  0.0045  0.0012  0.0099  0.0022  0.0016  0.2833  0.0037  0.0008  0.0033  1.0000  0.0044  0.0090  0.0048  0.0034  0.0023  0.0012  0.0000  0.0013  0.0000  0.0000  0.0000
 0.0176  0.0000  0.0043  0.0019  0.0039  0.0307  0.0027  0.0024  0.9854  0.0050  1.0000  0.0380  0.0035  0.0060  0.0064  0.0045  0.0052  0.4874  0.0622  0.0037  0.0000  0.0046  0.0000  0.0000  0.0000
 0.1663  0.0000  0.0273  0.2310  0.5947  0.0192  0.1128  0.0433  0.0431  0.1243  0.0493  0.1163  0.8581  0.0911  0.1031  0.0670  0.4083  1.0000  0.0718  0.0109  0.0000  0.0280  0.0000  0.0000  0.0000
 0.2600  0.0000  0.0644  0.2618  0.1319  0.2523  0.2026  0.3698  0.1041  0.1682  0.1365  0.0562  0.3941  0.1386  0.1750  0.1240  0.7790  1.0000  0.1492  0.0380  0.0000  0.1619  0.0000  0.0000  0.0000
 0.0026  0.0000  0.0006  0.3127  0.0037  0.0005  0.0090  0.0027  0.0003  0.0036  0.0006  0.0002  1.0000  0.0020  0.0024  0.0018  0.1151  0.0028  0.0004  0.0003  0.0000  0.0014  0.0000  0.0000  0.0000
 0.0372  0.0000  0.0091  0.0043  0.0087  0.3268  0.0077  0.0063  0.1571  0.0110  1.0000  0.0978  0.0079  0.0142  0.0157  0.0106  0.2182  0.0220  0.1752  0.0134  0.0000  0.0274  0.0000  0.0000  0.0000
 0.1339  0.0000  0.0220  0.0668  0.0362  0.0524  0.0780  0.0200  0.1006  0.0502  0.3484  0.2360  0.8129  0.0524  0.0378  0.0347  1.0000  0.2418  0.0835  0.0102  0.0000  0.0184  0.0000  0.0000  0.0000
 1.0000  0.0000  0.0316  0.0219  0.0298  0.0754  0.1283  0.0098  0.1385  0.0338  0.6446  0.0864  0.0215  0.0692  0.0291  0.0267  0.1190  0.0646  0.1373  0.0123  0.0000  0.0205  0.0000  0.0000  0.0000
 0.1508  0.0000  0.0122  0.0031  0.0091  0.0091  0.0010  0.0023  0.3642  0.0094  0.2113  0.2472  0.0046  0.0125  0.0067  0.0054  0.2035  0.1159  1.0000  0.0014  0.0000  0.0032  0.0000  0.0000  0.0000
 0.5247  0.0000  0.0502  0.9264  0.3121  0.0378  0.6342  0.1746  0.0232  0.2471  0.0498  0.0193  1.0000  0.1647  0.1741  0.1249  0.5001  0.2011  0.0501  0.0189  0.0000  0.0907  0.0000  0.0000  0.0000
 0.2574  0.0000  0.0017  0.0015  0.0017  0.0007  0.0098  0.0004  0.0009  0.0018  0.0018  0.0008  0.0012  1.0000  0.0012  0.0014  0.0086  0.0031  0.0030  0.0003  0.0000  0.0006  0.0000  0.0000  0.0000
 0.0969  0.0000  0.0200  0.2520  0.0832  0.0141  1.0000  0.0560  0.0173  0.7781  0.0237  0.0105  0.9217  0.0603  0.0611  0.0532  0.6622  0.5719  0.0285  0.0078  0.0000  0.0306  0.0000  0.0000  0.0000
 0.0570  0.0000  0.0138  0.0064  0.0133  0.1224  0.0108  0.0096  0.8263  0.0174  1.0000  0.2657  0.0123  0.2293  0.0247  0.0167  0.1431  0.0351  0.1545  0.0145  0.0000  0.0162  0.0000  0.0000  0.0000
 0.0148  0.0000  0.0031  0.0136  0.0058  0.0017  0.0097  0.0033  0.0040  0.0076  0.0040  0.0021  0.9978  0.0079  0.0056  0.0045  1.0000  0.1374  0.0065  0.0010  0.0000  0.0024  0.0000  0.0000  0.0000
 0.2534  0.0000  0.0014  0.1643  0.2759  0.0016  0.0129  0.0040  0.0021  0.0144  0.0039  0.0017  0.0111  0.0105  0.0174  0.0046  1.0000  0.0096  0.0047  0.0008  0.0000  0.0022  0.0000  0.0000  0.0000
 0.2181  0.0000  0.0041  0.0224  0.0086  0.0020  1.0000  0.0048  0.0018  0.0087  0.0039  0.0017  0.6831  0.0110  0.0059  0.0051  0.0269  0.0097  0.0058  0.0009  0.0000  0.0031  0.0000  0.0000  0.0000
 0.0533  0.0000  0.0137  0.0065  0.0136  0.1759  0.0107  0.0107  0.2683  0.0181  1.0000  0.4105  0.0130  0.1562  0.0276  0.0181  0.0151  0.0307  0.1470  0.0175  0.0000  0.0209  0.0000  0.0000  0.0000
 0.3058  0.0000  0.0295  0.0270  0.0276  0.1890  1.0000  0.0066  0.0147  0.0303  0.0316  0.0140  0.0254  0.0735  0.0209  0.0216  0.4860  0.0591  0.0958  0.0049  0.0000  0.0124  0.0000  0.0000  0.0000
 0.2857  0.0000  0.0841  0.2386  0.1346  0.0548  0.2853  0.1597  0.0932  0.1854  0.1198  0.0447  0.2912  0.1932  0.1215  0.1484  0.6823  1.0000  0.1455  0.0406  0.0000  0.0666  0.0000  0.0000  0.0000
 1.0000  0.0000  0.0781  0.4538  0.8929  0.0544  0.4288  0.0950  0.5479  0.8626  0.2176  0.0819  0.2722  0.7534  0.3914  0.3872  0.8045  0.4595  0.2884  0.0219  0.0000  0.0546  0.0000  0.0000  0.0000
 0.1848  0.0000  0.0396  0.0895  0.0538  0.0235  0.0592  0.0277  0.0585  0.0803  0.0555  0.0771  0.2714  0.2338  0.0626  0.0513  0.8116  1.0000  0.0914  0.0139  0.0000  0.0726  0.0000  0.0000  0.0000
 0.2506  0.0000  0.0543  0.0239  0.0457  0.0694  0.0199  0.0144  0.7734  0.0538  0.3754  0.0877  0.0357  0.0577  0.0351  0.0366  0.0950  0.2453  1.0000  0.0109  0.0000  0.0335  0.0000  0.0000  0.0000
 0.3753  0.0000  0.0377  0.1075  0.2281  0.0387  0.3171  0.1373  0.0685  1.0000  0.1598  0.0558  0.2220  0.2150  0.3460  0.9106  0.2793  0.2029  0.1143  0.0254  0.0000  0.0737  0.0000  0.0000  0.0000
 0.1046  0.0000  0.0243  0.0097  0.0199  0.0743  0.0123  0.0062  0.7826  0.0241  0.8905  0.0900  0.0141  0.0249  0.1418  0.0179  0.2266  0.0818  1.0000  0.0092  0.0000  0.0202  0.0000  0.0000  0.0000
 0.1649  0.0000  0.0323  0.1698  0.0942  0.0191  0.1213  0.0435  0.0435  0.1242  0.0472  0.0232  0.3133  0.1839  0.7573  0.0818  0.4837  1.0000  0.0701  0.0118  0.0000  0.0293  0.0000  0.0000  0.0000
 0.1595  0.0000  0.0304  0.6753  0.6074  0.0273  0.5358  0.1358  0.0171  0.2052  0.0358  0.0132  1.0000  0.1156  0.2135  0.1000  0.5290  0.1477  0.0299  0.0139  0.0000  0.0686  0.0000  0.0000  0.0000
 0.1681  0.0000  0.0282  0.3080  0.2254  0.0531  0.2797  0.2040  0.0589  0.7685  0.1302  0.0435  0.4896  0.1274  0.2913  1.0000  0.2445  0.1757  0.0795  0.0268  0.0000  0.4300  0.0000  0.0000  0.0000
 0.4697  0.0000  0.0232  0.0495  0.0502  0.0148  0.0665  0.1671  0.0335  0.1422  0.0433  0.0196  0.0892  0.0651  0.0653  1.0000  0.4231  0.6000  0.0561  0.0088  0.0000  0.0203  0.0000  0.0000  0.0000
 0.1379  0.0000  0.0134  0.0267  0.1908  0.0293  0.0969  0.1341  0.0588  1.0000  0.1378  0.0456  0.1326  0.1066  0.3338  0.8069  0.1298  0.1472  0.1671  0.0214  0.0000  0.0622  0.0000  0.0000  0.0000
 0.0927  0.0000  0.0109  1.0000  0.2836  0.1430  0.1481  0.0534  0.0133  0.6301  0.0261  0.0098  0.2306  0.0604  0.2102  0.0735  0.2398  0.0758  0.0225  0.0068  0.0000  0.0281  0.0000  0.0000  0.0000
 0.1194  0.0000  0.0124  0.1208  1.0000  0.1435  0.0872  0.0841  0.0488  0.5319  0.1122  0.1689  0.2278  0.0815  0.2137  0.9403  0.0979  0.1044  0.0620  0.0164  0.0000  0.0554  0.0000  0.0000  0.0000
 0.0118  0.0000  0.0011  0.0022  0.2042  0.0025  0.0084  0.1188  0.0050  0.9447  0.0120  0.1571  0.0115  0.0093  0.0281  1.0000  0.0097  0.0127  0.0067  0.0019  0.0000  0.0053  0.0000  0.0000  0.0000
 0.0118  0.0000  0.0023  0.0061  0.1716  0.0012  0.0041  0.0015  0.0032  0.0050  0.0031  0.0017  0.0090  0.0059  0.0040  0.0030  0.1267  1.0000  0.0053  0.0007  0.0000  0.0014  0.0000  0.0000  0.0000
 0.1135  0.0000  0.0126  0.0440  0.0393  0.0088  0.0847  0.0197  0.0134  0.8664  0.0266  0.0097  0.0561  0.0463  0.0425  0.0812  1.0000  0.0798  0.0269  0.0056  0.0000  0.0124  0.0000  0.0000  0.0000
 0.0521  0.0000  0.0085  0.1138  0.0672  0.0093  0.0925  0.0418  0.0131  0.9413  0.0280  0.0098  0.2960  0.0374  0.2383  0.1405  1.0000  0.0725  0.0190  0.0059  0.0000  0.0215  0.0000  0.0000  0.0000
 1.0000  0.0000  0.1527  0.4257  0.2277  0.1169  0.7043  0.1491  0.1097  0.3066  0.1872  0.0772  0.5150  0.3090  0.2872  0.2219  0.8994  0.6316  0.2341  0.0414  0.0000  0.2300  0.0000  0.0000  0.0000
 0.2281  0.0000  0.2227  0.0872  0.0579  0.0229  0.0728  0.0264  0.0668  0.1517  0.1167  0.0328  0.1574  0.1082  0.0681  0.0608  1.0000  0.9964  0.1107  0.0141  0.0000  0.0257  0.0000  0.0000  0.0000
 0.3134  0.0000  0.0573  0.1632  0.1774  0.0446  0.1513  0.0999  0.4305  0.6958  0.1757  0.0654  0.3717  0.1665  0.2387  0.4650  0.6940  1.0000  0.2613  0.0256  0.0000  0.0626  0.0000  0.0000  0.0000
 0.5658  0.0000  0.0563  0.1160  0.0900  0.0290  0.8650  0.0365  0.0330  0.1514  0.0747  0.0287  0.1189  1.0000  0.0771  0.1839  0.3086  0.1192  0.0966  0.0158  0.0000  0.0303  0.0000  0.0000  0.0000
 0.2348  0.0000  0.0498  0.1917  0.0927  0.0615  0.1341  0.0523  0.0695  0.1270  0.0700  0.0358  0.2877  0.1260  0.1129  0.0799  0.7751  1.0000  0.1091  0.0180  0.0000  0.0440  0.0000  0.0000  0.0000
 0.0859  0.0000  0.0172  0.0052  0.2063  0.0119  0.0011  0.0035  0.0985  0.0137  0.2964  0.0213  0.0067  0.0186  0.0105  0.0078  0.0146  0.2393  1.0000  0.0019  0.0000  0.0034  0.0000  0.0000  0.0000
 0.0704  0.0000  0.0163  0.0090  0.0295  0.1561  0.0186  0.0208  0.3282  0.4634  1.0000  0.2525  0.0241  0.0328  0.1063  0.0801  0.0249  0.0463  0.1714  0.0197  0.0000  0.0241  0.0000  0.0000  0.0000
 0.0551  0.0000  0.0058  0.0137  0.0124  0.0026  0.0324  0.0032  0.0037  0.0121  0.0067  0.0030  0.0138  1.0000  0.3812  0.0083  0.4393  0.0274  0.0102  0.0012  0.0000  0.0028  0.0000  0.0000  0.0000
 0.0105  0.0000  0.0024  0.1740  0.0133  0.0019  0.0310  0.0093  0.0013  0.0126  0.0023  0.1180  1.0000  0.0077  0.0086  0.0064  0.3912  0.0150  0.0022  0.0010  0.0000  0.0048  0.0000  0.0000  0.0000
 0.0039  0.0000  0.0004  0.0007  0.0054  0.0008  0.0028  0.0035  0.0017  0.4592  0.0040  0.0013  0.0038  0.0031  0.2631  1.0000  0.0032  0.0042  0.0022  0.0006  0.0000  0.0018  0.0000  0.0000  0.0000
 0.0681  0.0000  0.0079  0.0968  0.1087  0.0102  0.0820  1.0000  0.0142  0.1591  0.0316  0.0100  0.0917  0.2995  0.5177  0.1225  0.0673  0.0462  0.0220  0.0068  0.0000  0.0180  0.0000  0.0000  0.0000
 0.0637  0.0000  0.0053  0.0549  0.5843  0.0036  0.0354  0.0065  0.0048  0.0242  0.0089  0.0039  0.0200  0.1108  0.0262  0.0098  1.0000  0.0288  0.0122  0.0017  0.0000  0.0043  0.0000  0.0000  0.0000
 0.0920  0.0000  0.0147  0.7969  0.1317  0.0168  0.1600  0.0345  0.0158  0.0692  0.0343  0.0080  0.1248  1.0000  0.0532  0.0443  0.0920  0.0490  0.0249  0.0138  0.0000  0.0221  0.0000  0.0000  0.0000
 0.6292  0.0000  0.0189  0.0279  0.0211  0.0084  0.0619  0.0076  0.0192  0.0287  0.0223  0.0115  0.0449  0.3983  0.0217  0.0188  1.0000  0.7316  0.0386  0.0046  0.0000  0.0085  0.0000  0.0000  0.0000
 0.0000  0.0000  0.0000  0.0000  0.0000  0.0000  1.0000  0.0000  0.0000  0.0000  0.0000  0.0000  0.0000  0.0000  0.0000  0.0000  0.0000  0.0000  0.0000  0.0000  0.0000  0.0000  0.0000  0.0000  0.0000
 0.8322  0.0000  0.1026  0.1260  0.1328  0.0968  0.3329  0.2388  1.0000  0.1662  0.2559  0.0876  0.1584  0.2060  0.1128  0.1249  0.6543  0.5290  0.4580  0.0284  0.0000  0.1006  0.0000  0.0000  0.0000
 0.0075  0.0000  0.0026  0.0038  0.0026  0.0471  0.0056  0.0013  0.0059  0.0027  0.0128  0.0029  0.0039  0.0035  0.0018  0.0023  0.0091  0.1179  0.0065  0.0105  0.0000  1.0000  0.0000  0.0000  0.0000
 0.0082  0.0000  0.0017  0.0290  0.0094  0.0013  0.0210  0.0063  0.0010  0.0096  0.0019  0.0007  1.0000  0.0055  0.1363  0.0053  0.2083  0.0116  0.0018  0.0007  0.0000  0.0033  0.0000  0.0000  0.0000
 0.0136  0.0000  0.0039  0.0023  0.0033  0.0147  0.0041  0.0004  1.0000  0.0045  0.0796  0.7663  0.0029  0.0028  0.0020  0.0036  0.0045  0.0135  0.6976  0.0018  0.0000  0.0061  0.0000  0.0000  0.0000
 0.0083  0.0000  0.0016  0.0225  0.0070  0.0011  0.0172  0.0049  0.0010  0.0071  0.0017  0.0007  1.0000  0.0049  0.0047  0.0038  0.3386  0.0113  0.0018  0.0006  0.0000  0.0026  0.0000  0.0000  0.0000
 0.0068  0.0000  0.0015  0.0006  0.0013  0.0056  0.0008  0.0005  0.0266  0.0015  0.2195  0.0066  0.0009  0.0018  0.0013  0.0012  0.0015  0.0049  1.0000  0.0007  0.0000  0.0014  0.0000  0.0000  0.0000
 0.0115  0.0000  0.0023  0.0048  0.0030  0.0012  0.0038  0.0014  0.0032  0.0045  0.0031  0.0016  0.0085  0.0056  0.0035  0.0028  0.5096  1.0000  0.0052  0.0007  0.0000  0.0013  0.0000  0.0000  0.0000
 0.3338  0.0000  0.0035  0.0060  0.0042  0.0016  0.0090  0.0017  0.0042  0.0059  0.0044  0.0023  0.0101  0.0086  0.0045  0.0038  0.2904  1.0000  0.0077  0.0010  0.0000  0.0017  0.0000  0.0000  0.0000
 0.5302  0.0000  0.0696  0.0875  0.0850  0.2218  0.2720  0.0354  0.3559  0.1106  1.0000  0.2298  0.1068  0.1647  0.0881  0.0860  0.3982  0.3362  0.2920  0.0390  0.0000  0.0760  0.0000  0.0000  0.0000
 0.0000  0.0000  0.0000  0.0000  0.0000  0.0000  0.0000  0.0000  0.0000  0.0000  0.0000  0.0000  0.0000  0.0000  0.0000  0.0000  0.0000  0.0000  1.0000  0.0000  0.0000  0.0000  0.0000  0.0000  0.0000
 0.1380  0.0000  0.0032  0.0031  0.0031  0.0013  0.0171  0.0007  0.0017  0.0034  0.0032  0.0015  0.0031  0.0079  0.0024  0.0024  1.0000  0.0096  0.0055  0.0005  0.0000  0.0010  0.0000  0.0000  0.0000
 0.0463  0.0000  0.0082  0.1298  0.0391  0.0060  1.0000  0.0277  0.0037  0.0383  0.0078  0.0030  0.6885  0.0257  0.0257  0.0200  0.6314  0.0356  0.0079  0.0030  0.0000  0.0145  0.0000  0.0000  0.0000
 1.0000  0.0000  0.1331  0.1318  0.1169  0.0685  0.5647  0.0400  0.1104  0.1260  0.1663  0.0632  0.1266  0.2659  0.0894  0.1003  0.5254  0.2682  0.2736  0.0277  0.0000  0.0592  0.0000  0.0000  0.0000
 0.0000  0.0000  0.0000  0.0000  0.0000  0.0000  0.0000  0.0000  0.0000  0.0000  0.0000  0.0000  0.0000  1.0000  0.0000  0.0000  0.0000  0.0000  0.0000  0.0000  0.0000  0.0000  0.0000  0.0000  0.0000
 0.0000  0.0000  0.0000  0.0000  0.0000  0.0000  0.0000  0.0000  0.0000  0.0000  1.0000  0.0000  0.0000  0.0000  0.0000  0.0000  0.0000  0.0000  0.0000  0.0000  0.0000  0.0000  0.0000  0.0000  0.0000
 1.0000  0.0000  0.1076  0.2037  0.1607  0.0504  0.5707  0.0493  0.0743  0.1718  0.1245  0.0562  0.2267  0.3907  0.1169  0.1165  0.8937  0.5778  0.1970  0.0227  0.0000  0.0499  0.0000  0.0000  0.0000
 0.3180  0.0000  0.0493  1.0000  0.6733  0.0527  0.5722  0.1888  0.0529  0.4942  0.1086  0.0361  0.8000  0.2207  0.3099  0.4446  0.4615  0.2503  0.0856  0.0311  0.0000  0.1031  0.0000  0.0000  0.0000
 0.1291  0.0000  0.0137  1.0000  0.4045  0.0174  0.1922  0.0672  0.0181  0.7532  0.0362  0.0130  0.2830  0.0851  0.1394  0.0924  0.1665  0.0918  0.0313  0.0093  0.0000  0.0346  0.0000  0.0000  0.0000
 0.0000  0.0000  0.0000  0.0000  0.0000  0.0000  0.0000  0.0000  0.0000  0.0000  0.0000  0.0000  0.0000  0.0000  0.0000  0.0000  1.0000  0.0000  0.0000  0.0000  0.0000  0.0000  0.0000  0.0000  0.0000
 0.2867  0.0000  0.0314  0.1925  0.1458  0.0255  0.9761  0.0736  0.0327  1.0000  0.0745  0.0258  0.2303  0.1231  0.1419  0.2672  0.2238  0.1178  0.0645  0.0154  0.0000  0.0425  0.0000  0.0000  0.0000
 1.0000  0.0000  0.1155  0.3328  0.3152  0.0941  0.6294  0.1217  0.1340  0.3366  0.2200  0.0788  0.3210  0.2937  0.1983  0.2486  0.5947  0.3199  0.2925  0.0347  0.0000  0.1114  0.0000  0.0000  0.0000
 0.0809  0.0000  0.0127  1.0000  0.0912  0.0095  0.1306  0.0360  0.0091  0.0587  0.0153  0.0063  0.1892  0.0425  0.0444  0.0297  0.9032  0.0903  0.0177  0.0049  0.0000  0.0197  0.0000  0.0000  0.0000
 0.1974  0.0000  0.0332  0.0345  0.0504  0.1910  0.0919  0.0239  0.3512  0.0672  1.0000  0.2205  0.0371  0.0786  0.0570  0.0574  0.0860  0.0890  0.2523  0.0283  0.0000  0.0424  0.0000  0.0000  0.0000
 0.0000  0.0000  0.0000  0.0000  0.0000  0.0000  0.0000  0.0000  0.0000  0.0000  0.0000  0.0000  0.0000  1.0000  0.0000  0.0000  0.0000  0.0000  0.0000  0.0000  0.0000  0.0000  0.0000  0.0000  0.0000
 0.0000  0.0000  0.0000  0.0000  0.0000  0.0000  0.0000  0.0000  0.0000  0.0000  0.0000  0.0000  0.0000  0.0000  1.0000  0.0000  0.0000  0.0000  0.0000  0.0000  0.0000  0.0000  0.0000  0.0000  0.0000
 0.0000  0.0000  0.0000  0.0000  0.0000  0.0000  0.0000  0.0000  0.0000  0.0000  0.0000  1.0000  0.0000  0.0000  0.0000  0.0000  0.0000  0.0000  0.0000  0.0000  0.0000  0.0000  0.0000  0.0000  0.0000
 0.0000  0.0000  0.0000  0.0000  1.0000  0.0000  0.0000  0.0000  0.0000  0.0000  0.0000  0.0000  0.0000  0.0000  0.0000  0.0000  0.0000  0.0000  0.0000  0.0000  0.0000  0.0000  0.0000  0.0000  0.0000
 0.0000  0.0000  0.0000  0.0000  0.0000  0.0000  0.0000  1.0000  0.0000  0.0000  0.0000  0.0000  0.0000  0.0000  0.0000  0.0000  0.0000  0.0000  0.0000  0.0000  0.0000  0.0000  0.0000  0.0000  0.0000
 0.0000  0.0000  0.0000  0.0000  0.0000  0.0000  0.0000  0.0000  0.0000  0.0000  0.0000  0.0000  0.0000  0.0000  1.0000  0.0000  0.0000  0.0000  0.0000  0.0000  0.0000  0.0000  0.0000  0.0000  0.0000
 0.0000  0.0000  0.0000  0.0000  0.0000  0.0000  0.0000  1.0000  0.0000  0.0000  0.0000  0.0000  0.0000  0.0000  0.0000  0.0000  0.0000  0.0000  0.0000  0.0000  0.0000  0.0000  0.0000  0.0000  0.0000
//
