ID   UNK_ID; MATRIX
AC   UNK_AC
DE   UNK_DE
MA   UNK_BL
  A   B   C   D   E   F   G   H   I   K   L   M   N   P   Q   R   S   T   V   W   X   Y   Z   *   -
 0.0149  0.0000  0.0035  0.0017  0.0035  0.0253  0.0027  0.0022  0.1742  0.0047  0.1345  1.0000  0.0029  0.0051  0.0053  0.0042  0.0044  0.0098  0.0453  0.0032  0.0000  0.0052  0.0000  0.0000  0.0000
 1.0000  0.0000  0.0363  0.3509  0.3357  0.0247  0.2456  0.0528  0.0542  0.6512  0.0905  0.0348  0.2256  0.1310  0.1732  0.1449  0.7053  0.2412  0.1016  0.0099  0.0000  0.0282  0.0000  0.0000  0.0000
 0.1774  0.0000  0.0127  0.2668  0.9442  0.0287  0.1153  1.0000  0.0482  0.9712  0.1020  0.0354  0.1573  0.1150  0.2873  0.4576  0.1453  0.2647  0.0712  0.0167  0.0000  0.0519  0.0000  0.0000  0.0000
 0.0095  0.0000  0.0023  0.0039  0.0475  0.0315  0.0037  0.0031  0.0271  0.0067  1.0000  0.0172  0.0036  0.0041  0.0054  0.0057  0.0047  0.0058  0.0175  0.0057  0.0000  0.0855  0.0000  0.0000  0.0000
 0.1000  0.0000  0.0049  0.0296  0.0652  0.0081  0.0385  0.0321  0.0171  0.8586  0.0374  0.0126  0.3950  0.0319  0.0857  1.0000  0.1599  0.0500  0.0238  0.0055  0.0000  0.0161  0.0000  0.0000  0.0000
 0.7127  0.0000  0.0504  0.6522  1.0000  0.0490  0.3875  0.1190  0.1978  0.9187  0.2831  0.0994  0.4777  0.2629  0.5734  0.4927  0.7063  0.5381  0.2673  0.0170  0.0000  0.0399  0.0000  0.0000  0.0000
 0.4996  0.0000  0.1744  0.2022  0.2687  0.8013  0.3248  0.5606  0.4414  0.2861  0.8403  0.2486  0.3284  0.2807  0.2892  0.3544  0.4064  0.3854  0.5108  0.1823  0.0000  1.0000  0.0000  0.0000  0.0000
 0.8860  0.0000  0.0482  0.9109  0.8589  0.0456  0.3838  0.1090  0.1592  0.7881  0.2573  0.0905  0.5094  0.3711  0.7133  0.4447  1.0000  0.4954  0.2729  0.0158  0.0000  0.0380  0.0000  0.0000  0.0000
 0.0766  0.0000  0.0187  0.0813  1.0000  0.0659  0.0631  0.1897  0.0413  0.0691  0.0960  0.0235  0.2015  0.0950  0.0563  0.0547  0.1683  0.0605  0.0546  0.0179  0.0000  0.1227  0.0000  0.0000  0.0000
 0.1351  0.0000  0.0091  0.0989  0.5075  0.0117  0.0581  0.0894  0.1756  0.1372  0.0474  0.0167  0.2243  0.0427  1.0000  0.0783  0.2131  0.1402  0.0447  0.0038  0.0000  0.0121  0.0000  0.0000  0.0000
 0.2516  0.0000  0.0233  0.2215  0.4008  0.0422  0.1295  0.2289  0.0979  0.3442  0.1174  0.2621  1.0000  0.0923  0.1920  0.1743  0.5521  0.2082  0.1983  0.0124  0.0000  0.0501  0.0000  0.0000  0.0000
 0.9308  0.0000  0.1395  0.6376  1.0000  0.4214  0.5085  0.4053  0.3676  0.9376  0.6765  0.2068  0.6061  0.3464  0.6525  0.6296  0.9238  0.7115  0.5081  0.1132  0.0000  0.5675  0.0000  0.0000  0.0000
 0.3524  0.0000  0.0278  0.2995  0.4246  0.1252  0.1678  0.1681  0.2410  1.0000  0.1457  0.0509  0.3002  0.1201  0.3255  0.6624  0.3891  0.3810  0.1340  0.0131  0.0000  0.0480  0.0000  0.0000  0.0000
 0.9833  0.0000  0.0504  0.5760  1.0000  0.0515  0.3805  0.1158  0.2133  0.9504  0.4297  0.1162  0.4561  0.2615  0.5583  0.5453  0.6759  0.5593  0.4783  0.0173  0.0000  0.0430  0.0000  0.0000  0.0000
 0.0016  0.0000  0.0003  1.0000  0.0034  0.0003  0.0051  0.0016  0.0002  0.0022  0.0004  0.0001  0.0326  0.0013  0.1017  0.0011  0.0039  0.0016  0.0003  0.0002  0.0000  0.0008  0.0000  0.0000  0.0000
 0.0072  0.0000  0.0013  0.0020  0.0016  0.0016  0.0068  0.0008  0.0017  0.0019  0.0042  0.0500  0.0012  1.0000  0.0012  0.0018  0.0038  0.0021  0.0024  0.0008  0.0000  0.0011  0.0000  0.0000  0.0000
 0.1204  0.0000  0.0017  0.0126  1.0000  0.0010  0.0074  0.0019  0.0020  0.0060  0.0025  0.0012  0.0238  0.0058  0.0060  0.0028  0.1352  0.0449  0.0038  0.0006  0.0000  0.0013  0.0000  0.0000  0.0000
 0.3079  0.0000  0.0218  0.2724  1.0000  0.0206  0.1549  0.0496  0.0981  0.4136  0.2440  0.0432  0.2015  0.1118  0.3304  0.2328  0.4094  0.4511  0.1879  0.0071  0.0000  0.0158  0.0000  0.0000  0.0000
 0.0679  0.0000  0.0237  0.0274  0.0367  0.1769  0.0441  0.1352  0.3046  0.1577  1.0000  0.0297  0.0412  0.0274  0.1278  0.1118  0.0536  0.0524  0.2255  0.0248  0.0000  0.2546  0.0000  0.0000  0.0000
 0.0010  0.0000  0.0005  0.0002  0.0002  1.0000  0.0002  0.0000  0.0021  0.0000  0.0051  0.0010  0.0000  0.0004  0.0000  0.0000  0.0007  0.0006  0.0019  0.0048  0.0000  0.8113  0.0000  0.0000  0.0000
 0.1224  0.0000  0.0097  0.2527  0.3303  0.0094  0.0576  0.0208  0.0300  0.1402  0.0461  0.0883  0.0790  0.0492  0.4672  0.0990  0.1778  1.0000  0.1207  0.0037  0.0000  0.0088  0.0000  0.0000  0.0000
 0.1345  0.0000  0.0319  0.0160  0.0418  0.1626  0.0289  0.0208  0.9237  0.6226  1.0000  0.2535  0.0323  0.0430  0.0575  0.1308  0.0403  0.1067  0.8949  0.0209  0.0000  0.0396  0.0000  0.0000  0.0000
 0.0236  0.0000  0.0058  0.0025  0.0479  0.0494  0.0037  0.0039  0.1576  0.0071  1.0000  0.1115  0.0048  0.0088  0.3080  0.0067  0.0059  0.0145  0.1175  0.0058  0.0000  0.0064  0.0000  0.0000  0.0000
 0.0246  0.0000  0.0766  0.2301  1.0000  0.0396  0.0657  0.0238  0.0058  0.0293  0.0103  0.0037  0.3390  0.0173  0.0214  0.0164  0.0642  0.0608  0.0083  0.0036  0.0000  0.0408  0.0000  0.0000  0.0000
 0.0735  0.0000  0.2635  0.0159  0.4316  0.0148  0.0521  0.0637  0.0305  0.8907  0.0721  0.0239  0.0705  0.0567  0.1696  1.0000  0.0598  0.0768  0.0407  0.0112  0.0000  0.0321  0.0000  0.0000  0.0000
 0.0016  0.0000  0.0005  0.0003  0.0004  0.0034  0.0005  0.0002  1.0000  0.0006  0.6001  0.0039  0.0004  0.0005  0.0006  0.0006  0.0006  0.0014  0.0517  0.0004  0.0000  0.0008  0.0000  0.0000  0.0000
 0.0000  0.0000  0.0000  0.0000  0.0000  0.0000  1.0000  0.0000  0.0000  0.0000  0.0000  0.0000  0.0000  0.0000  0.0000  0.0000  0.0000  0.0000  0.0000  0.0000  0.0000  0.0000  0.0000  0.0000  0.0000
 0.1209  0.0000  0.0064  0.0691  0.3705  0.0062  0.3143  0.0163  0.0217  1.0000  0.0361  0.0127  0.0571  0.0608  0.0718  0.2508  0.2730  0.1021  0.0331  0.0025  0.0000  0.0058  0.0000  0.0000  0.0000
 0.0084  0.0000  0.0008  0.0009  0.0008  0.0003  1.0000  0.0002  0.0004  0.0009  0.0161  0.0004  0.0009  0.0021  0.0006  0.0006  0.0210  0.0015  0.0013  0.0001  0.0000  0.0003  0.0000  0.0000  0.0000
 0.0233  0.0000  0.0008  0.0006  0.0007  0.0003  0.0042  0.0001  0.0005  0.0008  0.0008  0.0004  0.0006  0.0019  0.0006  0.0006  1.0000  0.0021  0.0182  0.0001  0.0000  0.0002  0.0000  0.0000  0.0000
 0.0008  0.0000  0.0207  0.0001  0.0002  1.0000  0.0002  0.0000  0.0016  0.0000  0.0038  0.0008  0.0000  0.0003  0.0000  0.0000  0.0190  0.0005  0.0015  0.0036  0.0000  0.2385  0.0000  0.0000  0.0000
 0.0081  0.0000  0.0162  0.0014  0.0010  0.0004  1.0000  0.0004  0.0004  0.0010  0.0009  0.0004  0.0013  0.0021  0.0007  0.0176  0.0042  0.0015  0.0014  0.0002  0.0000  0.0004  0.0000  0.0000  0.0000
 0.2443  0.0000  0.0102  0.1493  1.0000  0.0096  0.0723  0.0232  0.0356  0.3433  0.0573  0.0201  0.0941  0.0527  0.1127  0.1812  0.3487  0.3176  0.1743  0.0033  0.0000  0.0074  0.0000  0.0000  0.0000
 0.0051  0.0000  0.0011  0.0013  0.0010  0.0007  0.0216  0.0005  0.0011  0.0010  0.0014  0.0004  0.0008  0.0023  0.0007  0.0011  0.0026  0.0013  1.0000  0.0005  0.0000  0.0007  0.0000  0.0000  0.0000
 0.0008  0.0000  0.0004  0.0001  0.0002  0.5018  0.0001  0.0000  0.0018  0.0000  0.0043  0.0009  0.0000  0.0003  0.0000  0.0000  0.0006  0.0005  0.0016  0.0709  0.0000  1.0000  0.0000  0.0000  0.0000
 0.0011  0.0000  0.0001  0.0002  0.0016  0.0002  0.0008  0.0010  0.0005  1.0000  0.0181  0.0004  0.0011  0.0009  0.0172  0.0223  0.0009  0.0012  0.0007  0.0002  0.0000  0.0005  0.0000  0.0000  0.0000
 0.5219  0.0000  0.0014  0.0011  0.0013  0.0005  1.0000  0.0003  0.0006  0.0014  0.0014  0.0006  0.0010  0.0036  0.0010  0.0010  0.0074  0.0274  0.0024  0.0002  0.0000  0.0004  0.0000  0.0000  0.0000
 0.0038  0.0000  0.0014  0.0011  0.0014  0.0166  0.0022  0.0008  1.0000  0.0019  0.1307  0.0313  0.0015  0.0009  0.0010  0.1025  0.0686  0.0044  0.2598  0.0010  0.0000  0.0426  0.0000  0.0000  0.0000
 0.0042  0.0000  0.0007  1.0000  0.1645  0.0007  0.0103  0.1674  0.0005  0.0054  0.0009  0.0004  0.1169  0.0031  0.0046  0.0024  0.0082  0.0248  0.0008  0.0004  0.0000  0.0017  0.0000  0.0000  0.0000
 0.0284  0.0000  0.0029  0.0053  0.0388  0.0069  0.0201  0.0377  0.0673  1.0000  0.0938  0.0096  0.8228  0.0220  0.0660  0.3121  0.0232  0.0302  0.0165  0.0046  0.0000  0.0273  0.0000  0.0000  0.0000
 0.1821  0.0000  0.0031  0.1074  0.2108  0.0029  0.0220  0.0645  0.0108  0.0904  0.0655  0.0061  0.0286  0.0400  0.0764  1.0000  0.0742  0.0730  0.0165  0.0010  0.0000  0.0022  0.0000  0.0000  0.0000
 0.0025  0.0000  0.0005  0.0115  0.0007  0.0003  0.0009  0.0004  0.0008  0.0011  0.0007  0.0004  0.0022  0.0013  0.0008  0.0174  0.1257  1.0000  0.0012  0.0002  0.0000  0.0003  0.0000  0.0000  0.0000
 0.0405  0.0000  0.0051  0.0563  0.0539  0.0068  1.0000  0.0294  0.0124  0.4562  0.0268  0.0091  0.1612  0.0274  0.5769  0.1716  0.2724  0.0750  0.0173  0.0045  0.0000  0.0147  0.0000  0.0000  0.0000
 0.1474  0.0000  0.0062  0.1719  1.0000  0.0058  0.0439  0.1199  0.1373  0.4427  0.0724  0.0122  0.1379  0.0317  0.8232  0.2098  0.1302  0.1042  0.0329  0.0020  0.0000  0.0044  0.0000  0.0000  0.0000
 0.1711  0.0000  0.0128  0.0031  0.0095  0.0068  0.0004  0.0024  0.4139  0.0095  0.1822  0.0135  0.0047  0.1202  0.0071  0.0053  0.1760  0.2112  1.0000  0.0012  0.0000  0.0021  0.0000  0.0000  0.0000
 0.0022  0.0000  0.0151  0.0001  0.0004  0.0007  0.0001  0.0001  0.0175  0.0004  0.0544  0.0009  0.0002  0.0005  0.0003  0.0003  0.0004  0.0017  1.0000  0.0001  0.0000  0.0002  0.0000  0.0000  0.0000
 1.0000  0.0000  0.0000  0.0000  0.0000  0.0000  0.0000  0.0000  0.0000  0.0000  0.0000  0.0000  0.0000  0.0000  0.0000  0.0000  0.0000  0.0000  0.0000  0.0000  0.0000  0.0000  0.0000  0.0000  0.0000
 0.0006  0.0000  0.0002  0.0001  0.0001  0.0006  0.0002  0.0000  1.0000  0.0002  0.0032  0.0006  0.0001  0.0001  0.0001  0.0002  0.0002  0.0006  0.0384  0.0001  0.0000  0.0003  0.0000  0.0000  0.0000
 0.0000  0.0000  0.0000  0.0000  0.0000  0.0000  0.0000  0.0000  0.0000  1.0000  0.0000  0.0000  0.0000  0.0000  0.0000  0.0000  0.0000  0.0000  0.0000  0.0000  0.0000  0.0000  0.0000  0.0000  0.0000
 0.4167  0.0000  0.0875  0.0362  0.1013  0.1092  0.0397  0.2110  0.9941  0.2089  0.4345  0.1168  0.0677  0.1074  0.2736  0.2188  0.1008  0.3661  1.0000  0.0249  0.0000  0.0973  0.0000  0.0000  0.0000
 0.0006  0.0000  0.0002  0.0001  0.0001  0.0007  0.0002  0.0000  1.0000  0.0002  0.0036  0.0006  0.0001  0.0001  0.0001  0.0002  0.0002  0.0006  0.1284  0.0001  0.0000  0.0003  0.0000  0.0000  0.0000
 0.0066  0.0000  0.0009  1.0000  0.0049  0.0006  0.0088  0.0021  0.0005  0.0034  0.0010  0.0004  0.0109  0.0969  0.0025  0.0017  0.1295  0.0040  0.0012  0.0003  0.0000  0.0012  0.0000  0.0000  0.0000
 0.0016  0.0000  0.0005  0.0003  0.0004  0.0030  0.0005  0.0002  0.1248  0.0006  1.0000  0.0034  0.0004  0.0005  0.0005  0.0005  0.0005  0.0014  0.3032  0.0004  0.0000  0.0007  0.0000  0.0000  0.0000
 0.0044  0.0000  0.0332  0.1147  1.0000  0.0004  0.0030  0.0013  0.0005  0.0040  0.0009  0.0004  0.0040  0.0025  0.0047  0.0013  0.0037  0.0367  0.0010  0.0002  0.0000  0.0007  0.0000  0.0000  0.0000
 0.0678  0.0000  0.0063  0.3189  1.0000  0.0081  0.0811  0.0299  0.0095  0.0736  0.0164  0.0066  0.4866  0.0429  0.1495  0.0283  0.5578  0.1544  0.0168  0.0040  0.0000  0.0153  0.0000  0.0000  0.0000
 1.0000  0.0000  0.0015  0.0020  0.0015  0.0006  0.0992  0.0004  0.0006  0.0016  0.0014  0.0007  0.0172  0.0037  0.0011  0.0011  0.2881  0.0028  0.0024  0.0002  0.0000  0.0005  0.0000  0.0000  0.0000
 0.0024  0.0000  0.0000  0.1541  1.0000  0.0002  0.0010  0.0006  0.0003  0.0024  0.0005  0.0002  0.0011  0.0015  0.0031  0.0007  0.0012  0.0010  0.0005  0.0001  0.0000  0.0003  0.0000  0.0000  0.0000
 0.0017  0.0000  0.0001  1.0000  0.0793  0.0002  0.0012  0.0005  0.0002  0.0018  0.0004  0.0002  0.0014  0.0012  0.0022  0.0006  0.0011  0.0008  0.0004  0.0001  0.0000  0.0003  0.0000  0.0000  0.0000
 0.0087  0.0000  0.0003  0.5396  1.0000  0.0009  0.0966  0.0027  0.0010  0.0089  0.0019  0.0008  0.0079  0.0054  0.0109  0.0026  0.0061  0.0042  0.0019  0.0004  0.0000  0.0014  0.0000  0.0000  0.0000
 0.0012  0.0000  0.0004  0.0003  0.0004  0.0022  0.0007  0.0000  1.0000  0.0006  0.1960  0.0140  0.0004  0.0002  0.0002  0.0005  0.0006  0.0015  0.2975  0.0003  0.0000  0.0895  0.0000  0.0000  0.0000
 0.0213  0.0000  0.0001  0.0691  1.0000  0.0004  0.0015  0.0180  0.0005  0.0040  0.0009  0.0004  0.0017  0.0024  0.2979  0.0011  0.0534  0.0017  0.0009  0.0002  0.0000  0.0005  0.0000  0.0000  0.0000
 0.0028  0.0000  0.0001  1.0000  0.4731  0.0003  0.0013  0.0007  0.0003  0.0028  0.0006  0.0003  0.0015  0.0017  0.0036  0.0008  0.0015  0.0013  0.0006  0.0001  0.0000  0.0004  0.0000  0.0000  0.0000
 0.0009  0.0000  0.0003  0.0002  0.0002  0.0018  0.0003  0.0001  1.0000  0.0003  0.0089  0.0464  0.0002  0.0003  0.0003  0.0003  0.0003  0.0006  0.0036  0.0003  0.0000  0.0005  0.0000  0.0000  0.0000
 0.0710  0.0000  0.0069  0.0122  0.0980  0.0153  0.0497  0.0628  0.3148  0.5504  0.0756  0.0504  0.0681  0.0554  1.0000  0.4918  0.0575  0.0757  0.0416  0.0111  0.0000  0.0317  0.0000  0.0000  0.0000
 0.0276  0.0000  0.0015  0.0037  0.0067  0.0011  0.1109  0.0031  0.0018  0.1918  0.0040  0.0015  0.0055  0.0054  1.0000  0.0176  0.0093  0.0232  0.0035  0.0006  0.0000  0.0018  0.0000  0.0000  0.0000
 0.0000  0.0000  0.0000  0.0000  1.0000  0.0000  0.0000  0.0000  0.0000  0.0000  0.0000  0.0000  0.0000  0.0000  0.0000  0.0000  0.0000  0.0000  0.0000  0.0000  0.0000  0.0000  0.0000  0.0000  0.0000
 0.0008  0.0000  0.0002  0.0001  0.0002  0.0016  0.0003  0.0001  1.0000  0.0002  0.0080  0.0234  0.0002  0.0003  0.0003  0.0003  0.0002  0.0005  0.0034  0.0002  0.0000  0.0004  0.0000  0.0000  0.0000
 0.4170  0.0000  0.0041  0.0287  0.1113  0.0030  0.0913  0.0060  0.0097  0.0387  0.0140  0.0900  0.1574  0.0155  0.2063  0.0221  0.6660  1.0000  0.0152  0.0013  0.0000  0.0028  0.0000  0.0000  0.0000
 0.0118  0.0000  0.0025  0.0008  0.0021  0.0760  0.0006  0.0301  0.4758  0.0022  0.0260  0.1028  0.0013  0.0028  0.0020  0.0016  0.0337  0.0083  1.0000  0.0007  0.0000  0.0018  0.0000  0.0000  0.0000
 0.0008  0.0000  0.0002  0.0001  0.0002  0.0022  0.0002  0.0002  0.0041  0.0003  1.0000  0.1556  0.0002  0.0004  0.0004  0.0003  0.0002  0.0005  0.0023  0.0003  0.0000  0.0003  0.0000  0.0000  0.0000
 0.2103  0.0000  0.0019  0.0027  0.0036  0.0009  0.0107  0.0010  0.0012  0.0676  0.0025  0.0011  0.0029  0.0053  0.1984  0.0049  1.0000  0.0068  0.0035  0.0004  0.0000  0.0009  0.0000  0.0000  0.0000
 0.0457  0.0000  0.0017  0.0377  0.2675  0.0018  0.0438  0.0039  0.0024  0.0163  0.0045  0.0019  0.0089  0.0116  1.0000  0.0061  0.0165  0.2726  0.0055  0.0008  0.0000  0.0023  0.0000  0.0000  0.0000
 0.0030  0.0000  1.0000  0.0004  0.0007  0.0072  0.0007  0.0005  0.0133  0.0009  0.2456  0.0508  0.0007  0.0012  0.0014  0.0009  0.0009  0.0017  0.0076  0.0009  0.0000  0.0011  0.0000  0.0000  0.0000
 0.2674  0.0000  0.0022  1.0000  0.0907  0.0026  0.0289  0.0101  0.0039  0.1142  0.0070  0.0026  0.2353  0.0138  0.0805  0.0130  0.0889  0.0172  0.0065  0.0012  0.0000  0.0048  0.0000  0.0000  0.0000
 0.0046  0.0000  0.0009  0.0044  0.0019  0.0006  0.0059  0.0625  0.0007  0.0022  0.0012  0.0004  0.0047  0.0027  0.0014  0.0016  1.0000  0.0042  0.0012  0.0005  0.0000  0.0008  0.0000  0.0000  0.0000
 0.0293  0.0000  0.0010  0.0147  0.0706  0.0009  0.0071  0.0020  0.0015  0.0087  0.0367  0.0010  0.0273  1.0000  0.1466  0.0043  0.1401  0.0078  0.0030  0.0004  0.0000  0.0012  0.0000  0.0000  0.0000
 0.0077  0.0000  0.0027  0.0041  0.0044  0.1455  0.0056  0.1912  0.0059  0.0047  0.0098  0.0033  0.0877  0.0032  0.0046  0.0054  0.0065  0.0060  0.0075  0.0273  0.0000  1.0000  0.0000  0.0000  0.0000
 0.0008  0.0000  0.0002  0.0001  0.0002  0.0007  0.0002  0.0000  0.1927  0.0003  0.0039  0.0007  0.0002  0.0002  0.0001  0.0002  0.0003  0.0008  1.0000  0.0001  0.0000  0.0003  0.0000  0.0000  0.0000
 0.0065  0.0000  0.0013  0.0010  0.0011  0.0008  0.0012  0.0004  0.0050  0.0013  0.0037  0.0012  0.0014  0.0019  0.0010  0.0009  0.0052  1.0000  0.2263  0.0003  0.0000  0.0005  0.0000  0.0000  0.0000
 0.0030  0.0000  0.0003  0.0005  0.0042  0.0006  0.0021  0.0027  0.0013  1.0000  0.0030  0.0010  0.0029  0.0024  0.2618  0.3830  0.0025  0.0743  0.0017  0.0005  0.0000  0.0013  0.0000  0.0000  0.0000
 0.0000  0.0000  0.0000  0.0000  0.0000  0.0000  0.0000  0.0000  0.0000  0.0000  0.0000  0.0000  0.0000  0.0000  0.0000  0.0000  0.0000  0.0000  0.0000  0.0000  0.0000  1.0000  0.0000  0.0000  0.0000
 0.0540  0.0000  0.0172  0.0204  0.0345  0.4009  0.0355  0.4433  0.0400  0.3397  0.2172  0.0231  0.0351  0.0242  0.0429  0.1232  0.0428  0.0436  0.0509  0.0184  0.0000  1.0000  0.0000  0.0000  0.0000
 0.1048  0.0000  0.0010  0.0008  0.0009  0.0004  1.0000  0.0002  0.0004  0.0010  0.0010  0.0004  0.0007  0.0025  0.0007  0.0007  0.0051  0.0549  0.0016  0.0001  0.0000  0.0003  0.0000  0.0000  0.0000
 0.0000  0.0000  0.0000  0.0000  0.0000  0.0000  0.0000  0.0000  0.0000  0.0000  0.0000  0.0000  0.0000  0.0000  0.0000  0.0000  1.0000  0.0000  0.0000  0.0000  0.0000  0.0000  0.0000  0.0000  0.0000
 0.0009  0.0000  0.0005  0.0001  0.0002  0.7315  0.0002  0.0000  0.0019  0.0000  0.0047  0.0009  0.0000  0.0003  0.0000  0.0000  0.0006  0.0006  0.0018  0.0044  0.0000  1.0000  0.0000  0.0000  0.0000
 0.0507  0.0000  0.0017  0.0008  0.0019  0.1082  0.0012  0.0013  0.0234  0.0562  1.0000  0.0142  0.0015  0.0026  0.0751  0.0028  0.0020  0.0048  0.0629  0.0014  0.0000  0.0020  0.0000  0.0000  0.0000
 0.0182  0.0000  0.0004  0.0007  0.0050  0.0008  0.0751  0.0143  0.0015  1.0000  0.0037  0.0012  0.0035  0.0029  0.0085  0.1765  0.0031  0.0039  0.0257  0.0006  0.0000  0.0016  0.0000  0.0000  0.0000
 0.0047  0.0000  0.0011  0.2207  0.0908  0.0010  1.0000  0.0190  0.0005  0.0068  0.0011  0.0004  0.1090  0.0038  0.0046  0.0034  0.0933  0.0050  0.0008  0.0005  0.0000  0.0026  0.0000  0.0000  0.0000
 0.1944  0.0000  0.0243  0.2433  0.1763  0.0462  0.1254  0.3145  0.0407  0.0994  0.0598  0.0228  0.3005  0.1085  0.0741  0.0635  1.0000  0.9641  0.0581  0.0151  0.0000  0.2583  0.0000  0.0000  0.0000
 0.0244  0.0000  0.0043  0.3400  0.1730  0.0046  0.0582  0.0814  0.0038  1.0000  0.0072  0.0026  0.1342  0.0165  0.0237  0.0171  0.0845  0.0571  0.0060  0.0021  0.0000  0.1035  0.0000  0.0000  0.0000
 0.0007  0.0000  0.0002  0.0001  0.0002  0.0019  0.0002  0.0001  0.0474  0.0002  1.0000  0.0023  0.0002  0.0003  0.0004  0.0002  0.0002  0.0004  0.0020  0.0002  0.0000  0.0003  0.0000  0.0000  0.0000
 0.0000  0.0000  0.0000  0.0000  0.0000  0.0000  0.0000  0.0000  0.0000  0.0000  0.0000  0.0000  0.0000  0.0000  0.0000  0.0000  0.0000  0.0000  0.0000  1.0000  0.0000  0.0000  0.0000  0.0000  0.0000
 0.0000  0.0000  0.0000  0.0000  0.0000  0.0000  0.0000  0.0000  1.0000  0.0000  0.0000  0.0000  0.0000  0.0000  0.0000  0.0000  0.0000  0.0000  0.0000  0.0000  0.0000  0.0000  0.0000  0.0000  0.0000
 0.0012  0.0000  0.0004  0.0003  0.0003  0.0015  0.0005  0.0000  1.0000  0.0005  0.0081  0.0015  0.0003  0.0002  0.0002  0.0004  0.0005  0.0014  0.8612  0.0002  0.0000  0.0007  0.0000  0.0000  0.0000
 0.0019  0.0000  0.0006  0.0009  0.0008  0.0011  0.0022  0.0004  0.0018  0.0010  0.0049  1.0000  0.0006  0.0012  0.0221  0.0010  0.0010  0.0009  0.0014  0.0004  0.0000  0.0005  0.0000  0.0000  0.0000
 0.0000  0.0000  0.0000  0.0000  1.0000  0.0000  0.0000  0.0000  0.0000  0.0000  0.0000  0.0000  0.0000  0.0000  0.0000  0.0000  0.0000  0.0000  0.0000  0.0000  0.0000  0.0000  0.0000  0.0000  0.0000
 0.0006  0.0000  0.0003  0.0001  0.0001  0.3183  0.0001  0.0000  0.0012  0.0000  0.0030  0.0006  0.0000  0.0002  0.0000  0.0000  0.0004  0.0004  0.0011  0.0028  0.0000  1.0000  0.0000  0.0000  0.0000
 0.0164  0.0000  0.5120  0.0049  0.0046  0.0304  0.0120  0.0038  0.0491  0.0040  1.0000  0.0319  0.0046  0.0075  0.0065  0.0058  0.0059  0.0088  0.0303  0.0054  0.0000  0.0088  0.0000  0.0000  0.0000
 0.1227  0.0000  0.0012  0.0009  0.0010  0.0004  1.0000  0.0002  0.0005  0.0011  0.0011  0.0005  0.0008  0.0029  0.0008  0.0008  0.2113  0.0020  0.0019  0.0002  0.0000  0.0003  0.0000  0.0000  0.0000
 0.0786  0.0000  0.0007  0.0006  0.0006  0.0003  1.0000  0.0001  0.0003  0.0007  0.0007  0.0003  0.0005  0.0017  0.0005  0.0005  0.0034  0.0012  0.0011  0.0001  0.0000  0.0002  0.0000  0.0000  0.0000
 0.0000  0.0000  0.0000  0.0000  0.0000  0.0000  1.0000  0.0000  0.0000  0.0000  0.0000  0.0000  0.0000  0.0000  0.0000  0.0000  0.0000  0.0000  0.0000  0.0000  0.0000  0.0000  0.0000  0.0000  0.0000
 0.0048  0.0000  0.0005  0.0009  0.0007  0.0003  0.0032  0.0003  0.0004  0.0008  0.0007  0.0003  0.0008  0.0074  0.0005  0.0006  1.0000  0.0019  0.0009  0.0002  0.0000  0.0003  0.0000  0.0000  0.0000
 1.0000  0.0000  0.7875  0.0077  0.0138  0.0080  0.0422  0.0031  0.0524  0.0143  0.0408  0.0136  0.0080  0.0290  0.0103  0.0092  0.0454  0.0472  0.4954  0.0019  0.0000  0.0038  0.0000  0.0000  0.0000
 0.4978  0.0000  0.1170  0.0279  0.0314  0.0217  0.1721  0.0242  0.0379  0.0356  1.0000  0.0256  0.0281  0.0815  0.0255  0.0258  0.4596  0.0890  0.0800  0.0060  0.0000  0.0133  0.0000  0.0000  0.0000
 0.0013  0.0000  0.0004  1.0000  0.0013  0.0004  0.0143  0.0008  0.0003  0.0012  0.0006  0.0001  0.0032  0.0014  0.0008  0.0009  0.0018  0.0009  0.0004  0.0003  0.0000  0.0006  0.0000  0.0000  0.0000
 0.0489  0.0000  0.0003  0.0001  0.0003  0.0031  0.0002  0.0002  0.0929  0.0004  1.0000  0.0211  0.0003  0.0005  0.0006  0.0004  0.0003  0.0007  0.0033  0.0004  0.0000  0.0004  0.0000  0.0000  0.0000
 0.0021  0.0000  0.0005  0.0003  0.0005  0.0055  0.0004  0.0004  0.0103  0.0007  1.0000  0.7185  0.0005  0.0009  0.0011  0.0007  0.0006  0.0704  0.0058  0.0006  0.0000  0.0007  0.0000  0.0000  0.0000
 0.0044  0.0000  0.0004  0.0016  0.1952  0.0009  0.0247  0.0038  0.0018  1.0000  0.0042  0.0014  0.0575  0.0034  0.0099  0.6118  0.0038  0.0588  0.0024  0.0007  0.0000  0.0019  0.0000  0.0000  0.0000
 0.4964  0.0000  0.0043  0.0632  0.0109  0.0019  0.1025  0.0018  0.0034  0.1558  0.0059  0.0026  0.0078  1.0000  0.0071  0.0066  0.1322  0.0723  0.0315  0.0007  0.0000  0.0016  0.0000  0.0000  0.0000
 0.0363  0.0000  0.0006  0.0071  0.0488  0.0006  1.0000  0.0017  0.0009  0.1194  0.0020  0.0008  0.0036  0.0033  0.0431  0.0071  0.0049  0.0381  0.0018  0.0003  0.0000  0.0010  0.0000  0.0000  0.0000
 0.5758  0.0000  0.0667  0.3077  0.4911  0.0725  0.1983  0.0924  0.2246  0.5603  0.3509  0.0745  0.3818  1.0000  0.2986  0.3167  0.4903  0.6926  0.5595  0.0208  0.0000  0.0818  0.0000  0.0000  0.0000
 0.0081  0.0000  0.0021  0.0010  0.0021  0.8040  0.0016  0.0016  0.3918  0.0027  1.0000  0.0270  0.0020  0.0034  0.0042  0.0027  0.0023  0.0047  0.0231  0.0032  0.0000  0.0056  0.0000  0.0000  0.0000
 0.1355  0.0000  0.0055  1.0000  0.6279  0.0052  0.1374  0.0817  0.0193  0.1352  0.0312  0.0109  0.3361  0.2174  0.0610  0.1086  0.6253  0.1270  0.0295  0.0018  0.0000  0.0040  0.0000  0.0000  0.0000
 0.0000  0.0000  0.0000  0.0000  1.0000  0.0000  0.0000  0.0000  0.0000  0.0000  0.0000  0.0000  0.0000  0.0000  0.0000  0.0000  0.0000  0.0000  0.0000  0.0000  0.0000  0.0000  0.0000  0.0000  0.0000
 0.7510  0.0000  0.1854  0.4252  0.5862  0.7443  0.4212  0.5619  0.4434  0.5186  0.7076  0.2472  0.4332  0.2681  0.4475  0.4709  0.5973  0.6165  0.5719  0.1840  0.0000  1.0000  0.0000  0.0000  0.0000
 0.3464  0.0000  0.1011  0.1925  0.4320  0.4150  0.2041  0.6506  0.2264  0.2057  0.3750  0.1278  0.1962  0.1336  0.6723  0.2163  0.2541  0.2364  0.2910  0.1060  0.0000  1.0000  0.0000  0.0000  0.0000
 0.0006  0.0000  0.0002  0.0001  0.0001  0.0006  0.0002  0.0000  1.0000  0.0002  0.0031  0.0006  0.0001  0.0001  0.0001  0.0002  0.0002  0.0006  0.0360  0.0001  0.0000  0.0003  0.0000  0.0000  0.0000
 1.0000  0.0000  0.0016  0.0011  0.0014  0.0007  0.0081  0.0003  0.0016  0.0016  0.0024  0.1006  0.0010  0.0038  0.0011  0.0011  0.0078  0.0096  0.0042  0.0002  0.0000  0.0005  0.0000  0.0000  0.0000
 0.1092  0.0000  0.0253  0.0198  0.0229  0.0441  0.0192  0.0062  1.0000  0.0300  0.2251  0.0478  0.0317  0.0304  0.0183  0.0202  0.1264  0.6687  0.7565  0.0073  0.0000  0.0875  0.0000  0.0000  0.0000
 0.0008  0.0000  0.0003  0.0002  0.0002  0.0014  0.0004  0.0000  1.0000  0.0004  0.0255  0.1553  0.0002  0.0002  0.0001  0.0003  0.0004  0.0009  0.1930  0.0002  0.0000  0.0005  0.0000  0.0000  0.0000
 0.0603  0.0000  0.3724  0.0022  0.0064  0.0143  0.0011  0.0022  0.0949  0.0067  1.0000  0.0495  0.0035  0.0092  0.0060  0.0043  0.0693  0.0277  0.1676  0.0019  0.0000  0.0026  0.0000  0.0000  0.0000
 0.0030  0.0000  0.0356  0.0006  0.0042  0.0006  0.0021  0.0170  0.0013  0.2724  0.0030  0.0010  0.0029  0.0024  0.1103  1.0000  0.0327  0.0032  0.0017  0.0005  0.0000  0.0014  0.0000  0.0000  0.0000
 0.0025  0.0000  0.0000  0.1117  1.0000  0.0002  0.0010  0.0006  0.0003  0.0025  0.0005  0.0002  0.0011  0.0015  0.0660  0.0007  0.0372  0.0011  0.0006  0.0001  0.0000  0.0003  0.0000  0.0000  0.0000
 0.1744  0.0000  0.1072  0.0019  0.0060  0.0052  0.0003  0.0015  1.0000  0.0060  0.9257  0.0095  0.0029  0.0084  0.0045  0.0034  0.0059  0.2093  0.2101  0.0008  0.0000  0.0016  0.0000  0.0000  0.0000
 0.0000  0.0000  0.0000  0.0000  0.0000  0.0000  0.0000  0.0000  0.0000  0.0000  1.0000  0.0000  0.0000  0.0000  0.0000  0.0000  0.0000  0.0000  0.0000  0.0000  0.0000  0.0000  0.0000  0.0000  0.0000
 0.0512  0.0000  0.0049  0.0088  0.0709  0.0115  0.0360  0.0455  0.0235  1.0000  0.3154  0.0560  0.0493  0.0401  0.2102  0.4183  0.0416  0.0547  0.0298  0.0081  0.0000  0.0230  0.0000  0.0000  0.0000
 0.0000  0.0000  0.0000  0.0000  0.0000  0.0000  1.0000  0.0000  0.0000  0.0000  0.0000  0.0000  0.0000  0.0000  0.0000  0.0000  0.0000  0.0000  0.0000  0.0000  0.0000  0.0000  0.0000  0.0000  0.0000
 0.0006  0.0000  0.0002  0.0001  0.0002  0.0018  0.0001  0.0001  0.0131  0.0002  1.0000  0.0217  0.0002  0.0003  0.0003  0.0002  0.0002  0.0004  0.0018  0.0002  0.0000  0.0002  0.0000  0.0000  0.0000
 0.0787  0.0000  0.0002  1.0000  0.5295  0.0007  0.0031  0.0019  0.0011  0.0082  0.0019  0.0154  0.0035  0.0048  0.0263  0.0024  0.0522  0.0722  0.0020  0.0003  0.0000  0.0009  0.0000  0.0000  0.0000
 0.0000  0.0000  0.0000  0.0000  0.0000  0.0000  0.0000  0.0000  0.0000  0.0000  0.0000  0.0000  0.0000  0.0000  0.0000  0.0000  0.0000  0.0000  0.0000  0.0000  0.0000  1.0000  0.0000  0.0000  0.0000
 0.0000  0.0000  0.0000  0.0000  0.0000  0.0000  0.0000  0.0000  0.0000  0.0000  1.0000  0.0000  0.0000  0.0000  0.0000  0.0000  0.0000  0.0000  0.0000  0.0000  0.0000  0.0000  0.0000  0.0000  0.0000
 0.0000  0.0000  0.0000  0.0000  0.0000  0.0000  0.0000  1.0000  0.0000  0.0000  0.0000  0.0000  0.0000  0.0000  0.0000  0.0000  0.0000  0.0000  0.0000  0.0000  0.0000  0.0000  0.0000  0.0000  0.0000
 0.0671  0.0000  0.0259  0.0511  0.0854  0.0500  0.0118  0.0040  0.0059  0.0281  0.0094  0.0033  0.0854  0.0085  0.1772  0.0749  1.0000  0.1464  0.0089  0.0006  0.0000  0.0017  0.0000  0.0000  0.0000
 0.0299  0.0000  0.0017  0.2792  1.0000  0.0032  0.0112  0.0062  0.0881  0.0296  0.0108  0.0459  0.0132  0.0145  0.0301  0.0765  0.0478  0.0179  0.0740  0.0012  0.0000  0.0036  0.0000  0.0000  0.0000
 0.1000  0.0000  0.0101  0.0352  0.1393  0.0764  0.3429  0.0899  0.0415  1.0000  0.0984  0.0325  0.1733  0.0786  0.2425  0.8493  0.0886  0.1070  0.0552  0.0155  0.0000  0.0454  0.0000  0.0000  0.0000
 0.0015  0.0000  0.0002  0.0007  0.0012  0.0003  0.0015  0.0007  0.0004  1.0000  0.0010  0.0003  0.0010  0.0012  0.0017  0.0040  0.0013  0.0202  0.0006  0.0002  0.0000  0.0004  0.0000  0.0000  0.0000
 0.0010  0.0000  0.0003  0.0002  0.0003  0.0017  0.0004  0.0001  1.0000  0.0004  0.3595  0.0018  0.0003  0.0002  0.0002  0.0003  0.0004  0.0010  0.1054  0.0002  0.0000  0.0006  0.0000  0.0000  0.0000
 0.0000  0.0000  0.0000  0.0000  0.0000  0.0000  0.0000  1.0000  0.0000  0.0000  0.0000  0.0000  0.0000  0.0000  0.0000  0.0000  0.0000  0.0000  0.0000  0.0000  0.0000  0.0000  0.0000  0.0000  0.0000
 0.0000  0.0000  0.0000  0.0000  0.0000  0.0000  0.0000  0.0000  0.0000  0.0000  0.0000  0.0000  0.0000  0.0000  0.0000  1.0000  0.0000  0.0000  0.0000  0.0000  0.0000  0.0000  0.0000  0.0000  0.0000
 0.0000  0.0000  0.0000  1.0000  0.0000  0.0000  0.0000  0.0000  0.0000  0.0000  0.0000  0.0000  0.0000  0.0000  0.0000  0.0000  0.0000  0.0000  0.0000  0.0000  0.0000  0.0000  0.0000  0.0000  0.0000
 0.0006  0.0000  0.0002  0.0001  0.0002  0.0007  0.0002  0.0000  1.0000  0.0002  0.0036  0.0007  0.0001  0.0001  0.0001  0.0002  0.0002  0.0006  0.1557  0.0001  0.0000  0.0003  0.0000  0.0000  0.0000
 0.0000  0.0000  0.0000  0.0000  0.0000  0.0000  0.0000  0.0000  0.0000  1.0000  0.0000  0.0000  0.0000  0.0000  0.0000  0.0000  0.0000  0.0000  0.0000  0.0000  0.0000  0.0000  0.0000  0.0000  0.0000
 1.0000  0.0000  0.0008  0.0006  0.0007  0.0003  0.0836  0.0001  0.0003  0.0007  0.0007  0.0003  0.0005  0.0019  0.0005  0.0005  0.0038  0.0013  0.0012  0.0001  0.0000  0.0002  0.0000  0.0000  0.0000
 1.0000  0.0000  0.0010  0.0008  0.0009  0.0004  0.2160  0.0002  0.0005  0.0010  0.0010  0.0005  0.0007  0.0026  0.0007  0.0007  0.0052  0.0017  0.0017  0.0002  0.0000  0.0003  0.0000  0.0000  0.0000
 0.0000  0.0000  0.0000  0.0000  0.0000  0.0000  0.0000  0.0000  0.0000  0.0000  0.0000  0.0000  1.0000  0.0000  0.0000  0.0000  0.0000  0.0000  0.0000  0.0000  0.0000  0.0000  0.0000  0.0000  0.0000
 0.0009  0.0000  0.0003  0.0002  0.0002  0.0010  0.0003  0.0000  0.4753  0.0003  0.0055  0.0010  0.0002  0.0002  0.0001  0.0003  0.0003  0.0010  1.0000  0.0001  0.0000  0.0005  0.0000  0.0000  0.0000
 0.0000  0.0000  0.0000  0.0000  0.0000  0.0000  0.0000  0.0000  0.0000  0.0000  1.0000  0.0000  0.0000  0.0000  0.0000  0.0000  0.0000  0.0000  0.0000  0.0000  0.0000  0.0000  0.0000  0.0000  0.0000
 0.0008  0.0000  0.0002  0.0001  0.0002  0.0021  0.0002  0.0002  0.0039  0.0003  1.0000  0.0323  0.0002  0.0003  0.0004  0.0003  0.0002  0.0005  0.0473  0.0002  0.0000  0.0003  0.0000  0.0000  0.0000
 0.0733  0.0000  0.0010  0.0327  0.0027  0.0006  0.0564  0.0017  0.0010  0.0030  0.0011  0.0006  0.1387  0.0027  0.0021  0.0017  1.0000  0.2193  0.0017  0.0003  0.0000  0.0010  0.0000  0.0000  0.0000
 0.3709  0.0000  0.0564  0.0992  1.0000  0.0084  0.0811  0.0690  0.0296  0.1462  0.0478  0.0168  0.1451  0.0433  0.1692  0.1098  0.2238  0.1852  0.0451  0.0029  0.0000  0.0068  0.0000  0.0000  0.0000
 0.3933  0.0000  0.0641  0.2469  0.5917  0.1362  0.2156  0.4270  0.1206  0.3626  0.1964  0.1047  0.7305  0.1243  1.0000  0.2306  0.7637  0.5417  0.1700  0.0322  0.0000  0.1553  0.0000  0.0000  0.0000
 0.0235  0.0000  0.0006  0.0006  0.0006  0.0003  1.0000  0.0002  0.0003  0.0006  0.0006  0.0003  0.0005  0.0016  0.0004  0.0005  0.0030  0.0010  0.0010  0.0001  0.0000  0.0002  0.0000  0.0000  0.0000
 0.1048  0.0000  0.0011  0.9900  1.0000  0.0048  0.0210  0.1466  0.0074  0.5955  0.0134  0.0054  0.0241  0.0319  0.5861  0.0181  0.0305  0.1135  0.0137  0.0022  0.0000  0.0063  0.0000  0.0000  0.0000
 0.0991  0.0000  0.0014  0.0009  0.0012  0.0006  0.0059  0.0002  0.0024  0.0013  0.0023  0.0009  0.0008  0.0030  0.0009  0.0009  0.0530  0.0034  1.0000  0.0002  0.0000  0.0004  0.0000  0.0000  0.0000
 0.0000  0.0000  0.0000  0.0000  0.0000  0.0000  0.0000  0.0000  0.0000  1.0000  0.0000  0.0000  0.0000  0.0000  0.0000  0.0000  0.0000  0.0000  0.0000  0.0000  0.0000  0.0000  0.0000  0.0000  0.0000
 0.0007  0.0000  0.0002  0.0001  0.0002  0.0019  0.0001  0.0001  0.0214  0.0002  1.0000  0.0086  0.0002  0.0003  0.0004  0.0002  0.0002  0.0004  0.0253  0.0002  0.0000  0.0002  0.0000  0.0000  0.0000
 1.0000  0.0000  0.0191  0.0006  0.0007  0.0003  0.0654  0.0001  0.0003  0.0008  0.0008  0.0004  0.0005  0.0020  0.0005  0.0005  0.0040  0.0013  0.0013  0.0001  0.0000  0.0002  0.0000  0.0000  0.0000
 0.0000  0.0000  0.0000  1.0000  0.0000  0.0000  0.0000  0.0000  0.0000  0.0000  0.0000  0.0000  0.0000  0.0000  0.0000  0.0000  0.0000  0.0000  0.0000  0.0000  0.0000  0.0000  0.0000  0.0000  0.0000
 0.0004  0.0000  0.0002  0.0001  0.0001  1.0000  0.0001  0.0000  0.0059  0.0000  0.0019  0.0004  0.0000  0.0001  0.0000  0.0000  0.0003  0.0002  0.0007  0.0018  0.0000  0.0246  0.0000  0.0000  0.0000
 0.0000  0.0000  0.0000  0.0000  0.0000  0.0000  1.0000  0.0000  0.0000  0.0000  0.0000  0.0000  0.0000  0.0000  0.0000  0.0000  0.0000  0.0000  0.0000  0.0000  0.0000  0.0000  0.0000  0.0000  0.0000
 0.0000  0.0000  0.0000  0.0000  0.0000  0.0000  0.0000  0.0000  0.0000  0.0000  0.0000  0.0000  0.0000  0.0000  0.0000  0.0000  0.0000  0.0000  1.0000  0.0000  0.0000  0.0000  0.0000  0.0000  0.0000
 1.0000  0.0000  0.0010  0.0008  0.0009  0.0004  0.0056  0.0002  0.0004  0.0010  0.0010  0.0005  0.0007  0.0025  0.0007  0.0007  0.3287  0.0019  0.0017  0.0001  0.0000  0.0003  0.0000  0.0000  0.0000
 0.3517  0.0000  0.0012  0.0010  0.0011  0.0005  1.0000  0.0002  0.0005  0.0251  0.0012  0.0005  0.0009  0.0031  0.0008  0.0009  0.0471  0.0021  0.0020  0.0002  0.0000  0.0004  0.0000  0.0000  0.0000
 0.0021  0.0000  0.0004  0.0018  0.0016  0.0006  0.0042  0.0007  0.0006  0.0019  0.0013  0.0002  0.0010  0.0202  1.0000  0.0017  0.0015  0.0010  0.0008  0.0005  0.0000  0.0005  0.0000  0.0000  0.0000
 0.0007  0.0000  0.0002  0.0001  0.0002  0.0018  0.0001  0.0001  0.0244  0.0002  1.0000  0.0022  0.0002  0.0003  0.0003  0.0002  0.0002  0.0004  0.0018  0.0002  0.0000  0.0002  0.0000  0.0000  0.0000
 0.0044  0.0000  0.0009  0.0604  0.0012  0.0005  0.0013  0.0006  0.0013  0.0018  0.0012  0.0007  0.0035  0.0023  0.0014  0.0011  0.3374  1.0000  0.0145  0.0003  0.0000  0.0005  0.0000  0.0000  0.0000
 0.3240  0.0000  0.0118  1.0000  0.1148  0.0113  0.2656  0.0946  0.0061  0.0712  0.0128  0.0046  0.5274  0.0397  0.0486  0.1251  0.1311  0.0523  0.0098  0.0055  0.0000  0.0507  0.0000  0.0000  0.0000
 0.0063  0.0000  0.0013  0.0028  0.0017  0.0007  0.0017  0.0008  0.1370  0.0027  0.0019  0.0524  0.0263  0.0033  0.0146  0.0017  0.0741  1.0000  0.0032  0.0004  0.0000  0.0008  0.0000  0.0000  0.0000
 0.1569  0.0000  0.0325  0.0096  0.0294  0.0722  0.0069  0.0121  0.3639  0.4701  0.5493  1.0000  0.0174  0.0391  0.8754  0.0346  0.0281  0.1449  0.4698  0.0096  0.0000  0.0139  0.0000  0.0000  0.0000
 0.4420  0.0000  0.0656  0.0643  0.0729  0.0375  0.0365  0.0252  0.7700  0.1223  0.2110  0.0632  0.1267  0.1031  0.0661  0.0535  0.8037  1.0000  0.5955  0.0122  0.0000  0.0251  0.0000  0.0000  0.0000
 0.0014  0.0000  0.0001  0.0002  0.0019  0.0003  0.0010  0.0012  0.0006  1.0000  0.0014  0.0005  0.0013  0.0011  0.1858  0.0288  0.0011  0.0015  0.0008  0.0002  0.0000  0.0006  0.0000  0.0000  0.0000
 0.0806  0.0000  0.0002  0.0004  0.0030  0.0005  0.0017  0.0019  0.0009  0.2723  0.0022  0.0007  0.0021  0.0018  0.0052  1.0000  0.0020  0.0024  0.0013  0.0003  0.0000  0.0010  0.0000  0.0000  0.0000
 0.0027  0.0000  0.0005  0.0108  0.0528  0.0005  0.0068  0.0241  0.0267  0.0044  0.0008  0.0003  1.0000  0.0020  0.0522  0.0025  0.0481  0.0030  0.0006  0.0003  0.0000  0.0012  0.0000  0.0000  0.0000
 0.0000  0.0000  0.0000  0.0000  0.0000  0.0000  0.0000  0.0000  0.0000  0.0000  0.0000  0.0000  0.0000  0.0000  0.0000  0.0000  0.0000  1.0000  0.0000  0.0000  0.0000  0.0000  0.0000  0.0000  0.0000
 0.0011  0.0000  0.0005  0.0003  0.0003  1.0000  0.0005  0.0001  0.0022  0.0001  0.0050  0.0010  0.0001  0.0005  0.0001  0.0001  0.0006  0.0007  0.1341  0.0034  0.0000  0.0138  0.0000  0.0000  0.0000
 0.0008  0.0000  0.0002  0.0001  0.0002  0.0007  0.0002  0.0000  0.2209  0.0003  0.0039  0.0007  0.0002  0.0001  0.0001  0.0002  0.0003  0.0008  1.0000  0.0001  0.0000  0.0003  0.0000  0.0000  0.0000
 0.0000  0.0000  0.0000  0.0000  0.0000  0.0000  1.0000  0.0000  0.0000  0.0000  0.0000  0.0000  0.0000  0.0000  0.0000  0.0000  0.0000  0.0000  0.0000  0.0000  0.0000  0.0000  0.0000  0.0000  0.0000
 0.0018  0.0000  0.0003  0.0007  0.0004  0.0002  0.0006  0.0002  0.0005  0.0007  0.0005  0.0002  0.0012  0.0008  0.0005  0.0004  0.0280  1.0000  0.0008  0.0001  0.0000  0.0002  0.0000  0.0000  0.0000
 0.0000  0.0000  0.0000  0.0000  0.0000  0.0000  0.0000  0.0000  0.0000  0.0000  0.0000  0.0000  0.0000  1.0000  0.0000  0.0000  0.0000  0.0000  0.0000  0.0000  0.0000  0.0000  0.0000  0.0000  0.0000
 0.0018  0.0000  0.0011  0.0023  0.0013  1.0000  0.0033  0.0636  0.0018  0.0014  0.0042  0.0010  0.0023  0.0013  0.0011  0.0015  0.0016  0.0013  0.0017  0.0009  0.0000  0.0381  0.0000  0.0000  0.0000
 0.0004  0.0000  0.0002  0.0001  0.0001  0.0254  0.0002  0.0000  0.0008  0.0000  0.0019  0.0004  0.0000  0.0002  0.0000  0.0001  0.0003  0.0003  0.0007  1.0000  0.0000  0.0069  0.0000  0.0000  0.0000
 0.0015  0.0000  0.0005  0.0004  0.0003  0.0017  0.0010  0.0002  0.0023  0.0003  0.0063  1.0000  0.0003  0.0006  0.0004  0.0004  0.0006  0.0007  0.0066  0.0004  0.0000  0.0008  0.0000  0.0000  0.0000
 1.0000  0.0000  0.0006  0.0005  0.0006  0.0002  0.0036  0.0001  0.0003  0.0006  0.0006  0.0003  0.0004  0.0016  0.0004  0.0004  0.0367  0.0011  0.0011  0.0001  0.0000  0.0002  0.0000  0.0000  0.0000
 0.0000  0.0000  0.0000  0.0000  0.0000  0.0000  0.0000  0.0000  0.0000  0.0000  0.0000  0.0000  0.0000  1.0000  0.0000  0.0000  0.0000  0.0000  0.0000  0.0000  0.0000  0.0000  0.0000  0.0000  0.0000
 0.0000  0.0000  0.0000  0.0000  1.0000  0.0000  0.0000  0.0000  0.0000  0.0000  0.0000  0.0000  0.0000  0.0000  0.0000  0.0000  0.0000  0.0000  0.0000  0.0000  0.0000  0.0000  0.0000  0.0000  0.0000
 0.0017  0.0000  0.0004  0.0002  0.0003  0.0010  0.0003  0.0001  0.0042  0.0003  0.0275  0.0011  0.0002  0.0005  0.0003  0.0003  0.0004  0.0012  1.0000  0.0002  0.0000  0.0003  0.0000  0.0000  0.0000
 0.0006  0.0000  0.0002  0.0001  0.0002  0.0006  0.0002  0.0000  1.0000  0.0002  0.0032  0.0006  0.0001  0.0002  0.0001  0.0002  0.0002  0.0006  0.0244  0.0001  0.0000  0.0003  0.0000  0.0000  0.0000
 0.0038  0.0000  0.0004  0.0007  0.0053  0.0008  0.0027  0.0034  0.0016  1.0000  0.0038  0.0013  0.0037  0.0030  0.8284  0.0886  0.0031  0.0040  0.0021  0.0006  0.0000  0.0017  0.0000  0.0000  0.0000
 0.0029  0.0000  0.0001  0.0065  0.2285  0.0003  0.0227  0.0007  0.0003  0.0027  0.0006  0.0002  0.0016  0.0016  1.0000  0.0009  0.0017  0.0012  0.0006  0.0001  0.0000  0.0004  0.0000  0.0000  0.0000
 0.2476  0.0000  0.0048  0.0283  0.0402  0.0028  0.0091  0.0036  0.1218  0.0162  0.0095  0.0043  0.0791  0.0125  0.0116  0.0097  1.0000  0.1371  0.0779  0.0015  0.0000  0.0029  0.0000  0.0000  0.0000
 0.7136  0.0000  0.0045  0.0039  0.0261  0.0017  1.0000  0.0009  0.0020  0.0048  0.0044  0.0020  0.0035  0.0513  0.0032  0.1125  0.0953  0.0079  0.0074  0.0006  0.0000  0.0014  0.0000  0.0000  0.0000
 0.0011  0.0000  0.0013  0.0018  0.0009  0.0008  0.0036  0.0081  0.0007  0.0007  0.0011  0.0003  0.0012  0.0015  0.0007  0.0012  0.0008  0.0009  0.0009  0.0007  0.0000  1.0000  0.0000  0.0000  0.0000
 0.0012  0.0000  0.0003  1.0000  0.0017  0.0002  0.0266  0.0012  0.0001  0.0016  0.0003  0.0001  0.0393  0.0009  0.0011  0.0008  0.0319  0.0012  0.0002  0.0001  0.0000  0.0006  0.0000  0.0000  0.0000
 0.5052  0.0000  0.1775  0.2040  0.2709  0.7038  0.3297  0.5410  0.3918  0.2884  0.6453  0.2192  0.3051  0.2031  0.2915  0.3451  0.4047  0.3888  0.4988  0.1837  0.0000  1.0000  0.0000  0.0000  0.0000
 0.0065  0.0000  0.0006  0.0028  0.0259  0.0007  0.0037  0.0021  0.0015  1.0000  0.0028  0.0010  0.0030  0.0030  0.0060  0.0124  0.0276  0.0041  0.0878  0.0004  0.0000  0.0011  0.0000  0.0000  0.0000
 1.0000  0.0000  0.0008  0.0005  0.0007  0.0004  0.0034  0.0002  0.0012  0.0007  0.0013  0.0005  0.0004  0.0017  0.0005  0.0005  0.0032  0.0017  0.0630  0.0001  0.0000  0.0002  0.0000  0.0000  0.0000
 0.0000  0.0000  0.0000  1.0000  0.0000  0.0000  0.0000  0.0000  0.0000  0.0000  0.0000  0.0000  0.0000  0.0000  0.0000  0.0000  0.0000  0.0000  0.0000  0.0000  0.0000  0.0000  0.0000  0.0000  0.0000
 0.0005  0.0000  0.0002  0.0001  0.0001  0.0008  0.0002  0.0000  1.0000  0.0002  0.0308  0.0114  0.0001  0.0001  0.0001  0.0002  0.0002  0.0005  0.0957  0.0001  0.0000  0.0003  0.0000  0.0000  0.0000
 0.0011  0.0000  0.0008  0.0016  0.0011  0.0007  0.0040  0.0007  0.0007  0.0013  0.0014  0.0003  0.0009  0.0024  0.0008  0.0081  0.0008  0.0009  0.0008  1.0000  0.0000  0.0008  0.0000  0.0000  0.0000
 0.0673  0.0000  0.0007  0.0006  0.0006  0.0003  0.0038  0.0001  0.0003  0.0007  0.0007  0.0003  0.0005  0.0017  0.0005  0.0005  1.0000  0.0016  0.0012  0.0001  0.0000  0.0002  0.0000  0.0000  0.0000
 0.0008  0.0000  0.0002  0.0001  0.0002  0.0693  0.0002  0.0002  0.0043  0.0003  1.0000  0.0136  0.0002  0.0004  0.0004  0.0003  0.0002  0.0005  0.0023  0.0003  0.0000  0.0004  0.0000  0.0000  0.0000
 0.0000  0.0000  0.0000  0.0000  0.0000  0.0000  1.0000  0.0000  0.0000  0.0000  0.0000  0.0000  0.0000  0.0000  0.0000  0.0000  0.0000  0.0000  0.0000  0.0000  0.0000  0.0000  0.0000  0.0000  0.0000
 0.0005  0.0000  0.0002  0.0001  0.0001  0.0006  0.0002  0.0000  1.0000  0.0002  0.0032  0.0006  0.0001  0.0001  0.0001  0.0002  0.0002  0.0006  0.0680  0.0001  0.0000  0.0003  0.0000  0.0000  0.0000
 0.0018  0.0000  0.0004  0.0007  0.0005  0.0002  0.0006  0.0002  0.0005  0.0007  0.0005  0.0003  0.0013  0.0009  0.0005  0.0004  0.0655  1.0000  0.0008  0.0001  0.0000  0.0002  0.0000  0.0000  0.0000
 1.0000  0.0000  0.0598  0.0006  0.0008  0.0003  0.0046  0.0002  0.0006  0.0008  0.0009  0.0004  0.0006  0.0021  0.0006  0.0006  0.0044  0.0146  0.0018  0.0001  0.0000  0.0003  0.0000  0.0000  0.0000
 0.0010  0.0000  0.0003  0.0001  0.0003  0.0025  0.0002  0.0002  1.0000  0.0004  0.1459  0.0662  0.0002  0.0004  0.0005  0.0003  0.0003  0.0007  0.0114  0.0003  0.0000  0.0004  0.0000  0.0000  0.0000
 0.0000  0.0000  0.0000  0.0000  1.0000  0.0000  0.0000  0.0000  0.0000  0.0000  0.0000  0.0000  0.0000  0.0000  0.0000  0.0000  0.0000  0.0000  0.0000  0.0000  0.0000  0.0000  0.0000  0.0000  0.0000
 0.0013  0.0000  0.0003  0.0002  0.0003  0.0213  0.0003  0.0003  0.0067  0.0005  1.0000  0.4982  0.0003  0.0006  0.0007  0.0005  0.0004  0.0008  0.0037  0.0004  0.0000  0.0006  0.0000  0.0000  0.0000
 1.0000  0.0000  0.0010  0.0003  0.0008  0.0006  0.0011  0.0002  0.0464  0.0008  0.0034  0.0010  0.0004  0.0013  0.0006  0.0005  0.0016  0.0032  0.0235  0.0001  0.0000  0.0002  0.0000  0.0000  0.0000
 0.0640  0.0000  0.0275  0.0521  0.4764  0.0047  0.0325  0.0115  0.0162  1.0000  0.0697  0.0839  0.4828  0.0238  0.1432  0.1322  0.0619  0.1022  0.0570  0.0017  0.0000  0.0042  0.0000  0.0000  0.0000
 0.0058  0.0000  0.0006  0.0011  0.0007  0.0003  1.0000  0.0003  0.0003  0.0008  0.0007  0.0003  0.0011  0.0017  0.0005  0.0006  0.0467  0.0011  0.0010  0.0001  0.0000  0.0003  0.0000  0.0000  0.0000
 0.0062  0.0000  0.0001  0.0300  1.0000  0.0006  0.0023  0.0015  0.0008  0.1504  0.0707  0.0006  0.0025  0.0038  0.0330  0.0019  0.0031  0.0027  0.0014  0.0003  0.0000  0.0008  0.0000  0.0000  0.0000
 0.0000  0.0000  0.0000  0.0000  0.0000  0.0000  0.0000  0.0000  0.0000  0.0000  0.0000  0.0000  0.0000  1.0000  0.0000  0.0000  0.0000  0.0000  0.0000  0.0000  0.0000  0.0000  0.0000  0.0000  0.0000
 0.0000  0.0000  0.0000  0.0000  0.0000  0.0000  0.0000  0.0000  0.0000  0.0000  0.0000  0.0000  0.0000  1.0000  0.0000  0.0000  0.0000  0.0000  0.0000  0.0000  0.0000  0.0000  0.0000  0.0000  0.0000
 0.3696  0.0000  0.0952  0.2984  0.3331  0.3327  0.3570  0.4893  0.2281  1.0000  0.4756  0.1408  0.5956  0.2088  0.4374  0.8981  0.3679  0.3316  0.2886  0.1007  0.0000  0.6203  0.0000  0.0000  0.0000
 0.5806  0.0000  0.0219  0.0045  0.0054  0.0712  0.1102  0.0010  0.0026  0.0058  0.0058  0.0027  0.0039  0.0152  0.0040  0.0042  1.0000  0.0106  0.0100  0.0008  0.0000  0.0018  0.0000  0.0000  0.0000
 0.0591  0.0000  0.0005  1.0000  0.4501  0.0008  0.0081  0.0209  0.0008  0.0078  0.0016  0.0006  0.1990  0.0044  0.0303  0.0028  0.1919  0.0042  0.0015  0.0004  0.0000  0.0015  0.0000  0.0000  0.0000
 0.0059  0.0000  0.0019  0.0012  0.0016  0.0100  0.0023  0.0004  0.7937  0.0024  1.0000  0.3007  0.0016  0.0014  0.0013  0.0020  0.0023  0.2511  0.3411  0.0012  0.0000  0.0929  0.0000  0.0000  0.0000
 0.0000  0.0000  0.0000  0.0000  0.0000  0.0000  0.0000  1.0000  0.0000  0.0000  0.0000  0.0000  0.0000  0.0000  0.0000  0.0000  0.0000  0.0000  0.0000  0.0000  0.0000  0.0000  0.0000  0.0000  0.0000
 0.0000  0.0000  0.0000  0.0000  0.0000  0.0000  0.0000  0.0000  0.0000  0.0000  0.0000  0.0000  0.0000  1.0000  0.0000  0.0000  0.0000  0.0000  0.0000  0.0000  0.0000  0.0000  0.0000  0.0000  0.0000
 0.0000  0.0000  0.0000  0.0000  0.0000  0.0000  0.0000  0.0000  0.0000  0.0000  0.0000  1.0000  0.0000  0.0000  0.0000  0.0000  0.0000  0.0000  0.0000  0.0000  0.0000  0.0000  0.0000  0.0000  0.0000
 0.0024  0.0000  0.0002  0.0005  0.0034  0.0005  0.0019  0.0022  0.0010  0.8972  0.0025  0.0008  0.0024  0.0020  0.0057  1.0000  0.0020  0.0026  0.0014  0.0004  0.0000  0.0011  0.0000  0.0000  0.0000
 0.1186  0.0000  0.0011  0.0005  0.0009  0.0006  0.0020  0.0002  0.0039  0.0009  0.0030  0.0009  0.0005  0.0017  0.0006  0.0006  0.0023  0.0032  1.0000  0.0001  0.0000  0.0003  0.0000  0.0000  0.0000
 0.0009  0.0000  0.0002  0.0001  0.0002  0.0024  0.0002  0.0002  0.1368  0.0003  1.0000  0.0029  0.0002  0.0004  0.0005  0.0003  0.0002  0.0005  0.0025  0.0003  0.0000  0.0003  0.0000  0.0000  0.0000
 0.0004  0.0000  0.0002  0.0001  0.0001  1.0000  0.0001  0.0000  0.0010  0.0000  0.0125  0.0005  0.0000  0.0002  0.0000  0.0000  0.0003  0.0003  0.0008  0.0016  0.0000  0.0063  0.0000  0.0000  0.0000
 0.0034  0.0000  0.0009  0.0004  0.0009  0.0091  0.0007  0.0806  0.0170  0.0014  1.0000  0.2409  0.0009  0.0014  0.0547  0.0013  0.0010  0.0020  0.0093  0.0011  0.0000  0.0011  0.0000  0.0000  0.0000
 0.0000  0.0000  0.0000  0.0000  0.0000  0.0000  0.0000  0.0000  1.0000  0.0000  0.0000  0.0000  0.0000  0.0000  0.0000  0.0000  0.0000  0.0000  0.0000  0.0000  0.0000  0.0000  0.0000  0.0000  0.0000
 0.0053  0.0000  0.0005  0.0009  0.0008  0.0003  0.0037  0.0003  0.0004  0.0009  0.0008  0.0003  0.0007  1.0000  0.0006  0.0007  0.0632  0.0014  0.0010  0.0002  0.0000  0.0003  0.0000  0.0000  0.0000
 0.0033  0.0000  0.0004  0.0010  0.0035  0.0006  0.0020  0.0022  0.0347  1.0000  0.0026  0.0009  0.0531  0.0023  0.0057  0.0482  0.0413  0.0621  0.0018  0.0004  0.0000  0.0012  0.0000  0.0000  0.0000
 0.1936  0.0000  0.0027  0.0478  0.1794  0.0124  0.0198  0.0288  0.0092  0.1142  0.0149  0.0052  1.0000  0.0138  0.0467  0.0878  0.0508  0.0281  0.0140  0.0010  0.0000  0.0025  0.0000  0.0000  0.0000
 0.1422  0.0000  0.0070  0.1185  0.0689  0.0059  0.0639  0.0341  0.0121  0.1320  0.0188  0.0070  0.6694  1.0000  0.0555  0.0355  0.1703  0.1622  0.0188  0.0027  0.0000  0.0099  0.0000  0.0000  0.0000
 0.2085  0.0000  0.0010  0.0008  0.0009  0.0004  0.0057  0.0002  0.0005  0.0010  0.0010  0.0005  0.0007  1.0000  0.0007  0.0007  0.0260  0.0018  0.0017  0.0001  0.0000  0.0003  0.0000  0.0000  0.0000
 0.0000  0.0000  0.0000  0.0000  0.0000  0.0000  0.0000  0.0000  0.0000  0.0000  0.0000  0.0000  0.0000  1.0000  0.0000  0.0000  0.0000  0.0000  0.0000  0.0000  0.0000  0.0000  0.0000  0.0000  0.0000
 0.2160  0.0000  0.0141  0.1600  0.3103  0.0139  0.0985  0.0333  0.0492  0.3278  0.0921  0.1321  0.1283  0.0718  0.2394  0.4831  0.3590  1.0000  0.2002  0.0049  0.0000  0.0116  0.0000  0.0000  0.0000
 0.0008  0.0000  0.0002  0.0001  0.0002  0.0855  0.0002  0.0002  0.0040  0.0003  1.0000  0.0026  0.0002  0.0004  0.0004  0.0003  0.0003  0.0005  0.0022  0.0006  0.0000  0.0018  0.0000  0.0000  0.0000
 0.0726  0.0000  0.0044  0.0865  1.0000  0.0041  0.0310  0.0099  0.0379  0.0758  0.0433  0.0086  0.0750  0.1398  0.3567  0.1333  0.1032  0.1152  0.1129  0.0014  0.0000  0.0031  0.0000  0.0000  0.0000
 0.0037  0.0000  0.0004  0.1558  0.0648  0.0005  1.0000  0.0020  0.0004  0.0411  0.0008  0.0003  0.0092  0.0024  0.0041  0.0016  0.0050  0.0024  0.0007  0.0002  0.0000  0.0010  0.0000  0.0000  0.0000
 0.2099  0.0000  0.0089  0.4585  0.2109  0.0083  0.0632  0.1662  0.0311  0.5100  0.0732  0.0176  1.0000  0.1951  0.3219  0.1757  0.2708  0.0952  0.0474  0.0029  0.0000  0.0063  0.0000  0.0000  0.0000
 0.0083  0.0000  0.0030  0.0036  0.0044  1.0000  0.0055  0.1404  0.0073  0.0048  0.0133  0.0041  0.0051  0.0034  0.0047  0.0056  0.0066  0.0064  0.0086  0.4839  0.0000  0.6611  0.0000  0.0000  0.0000
 0.0022  0.0000  0.0113  0.0010  0.0006  0.0002  0.0007  0.0003  0.0007  0.0009  0.0006  0.0003  0.0148  0.0011  0.0007  0.0006  1.0000  0.1377  0.0011  0.0002  0.0000  0.0003  0.0000  0.0000  0.0000
 0.0581  0.0000  0.0022  0.0873  0.0474  0.0021  0.0154  0.0050  0.0076  1.0000  0.0966  0.0043  0.0331  0.0408  0.0998  0.1018  0.1516  0.0232  0.0116  0.0186  0.0000  0.0016  0.0000  0.0000  0.0000
 0.5893  0.0000  0.0150  0.2872  0.7171  0.0140  0.2336  0.0341  0.0960  0.2612  0.0848  0.0503  0.2591  1.0000  0.2424  0.1474  0.5367  0.4135  0.2501  0.0048  0.0000  0.0107  0.0000  0.0000  0.0000
 0.0093  0.0000  0.0003  0.0001  0.0002  1.0000  0.0003  0.0001  0.0041  0.0003  0.1541  0.0026  0.0002  0.0004  0.0004  0.0003  0.0004  0.0006  0.0024  0.0012  0.0000  0.0043  0.0000  0.0000  0.0000
 0.0061  0.0000  0.0006  0.0011  0.0084  0.0013  0.0043  0.0742  0.0585  1.0000  0.0061  0.0020  0.0565  0.0047  0.0143  0.0751  0.0049  0.0065  0.0400  0.0010  0.0000  0.0027  0.0000  0.0000  0.0000
 0.0042  0.0000  0.0001  1.0000  0.8025  0.0004  0.0024  0.0012  0.0005  0.0044  0.0009  0.0004  0.0798  0.0026  0.0254  0.0013  0.0027  0.0020  0.0010  0.0002  0.0000  0.0006  0.0000  0.0000  0.0000
 0.0004  0.0000  0.0002  0.0001  0.0001  1.0000  0.0001  0.0000  0.0009  0.0000  0.0021  0.0222  0.0000  0.0002  0.0000  0.0000  0.0003  0.0003  0.0008  0.0020  0.0000  0.0381  0.0000  0.0000  0.0000
 0.0036  0.0000  0.0154  0.0002  0.0006  0.0009  0.0002  0.0001  0.4339  0.0006  0.0053  0.0012  0.0003  0.0007  0.0004  0.0004  0.0006  0.0265  1.0000  0.0001  0.0000  0.0004  0.0000  0.0000  0.0000
 0.6819  0.0000  0.0149  0.6258  1.0000  0.0149  0.2018  0.0602  0.0176  0.1373  0.0319  0.0121  0.3416  0.0733  0.1157  0.0628  0.3301  0.1179  0.0309  0.0072  0.0000  0.0300  0.0000  0.0000  0.0000
 0.7316  0.0000  0.1548  0.2131  0.4049  0.5912  0.3536  0.5394  0.3689  1.0000  0.8086  0.2387  0.3664  0.2548  0.5939  0.8978  0.4701  0.4484  0.4747  0.1655  0.0000  0.8667  0.0000  0.0000  0.0000
 0.0000  0.0000  1.0000  0.0000  0.0000  0.0000  0.0000  0.0000  0.0000  0.0000  0.0000  0.0000  0.0000  0.0000  0.0000  0.0000  0.0000  0.0000  0.0000  0.0000  0.0000  0.0000  0.0000  0.0000  0.0000
 0.0000  0.0000  0.0000  0.0000  0.0000  0.0000  0.0000  0.0000  0.0000  0.0000  1.0000  0.0000  0.0000  0.0000  0.0000  0.0000  0.0000  0.0000  0.0000  0.0000  0.0000  0.0000  0.0000  0.0000  0.0000
 0.4100  0.0000  0.0367  0.2641  0.5355  0.0539  0.2158  0.1365  0.2380  1.0000  0.2314  0.0914  0.8154  0.1835  0.5527  0.8701  0.3727  0.5394  0.3412  0.0245  0.0000  0.0751  0.0000  0.0000  0.0000
 0.0012  0.0000  0.0001  0.0003  0.0017  0.0003  0.0010  0.0011  0.0005  1.0000  0.0013  0.0004  0.0012  0.0010  0.0029  0.2579  0.0010  0.0013  0.0007  0.0002  0.0000  0.0006  0.0000  0.0000  0.0000
 0.0205  0.0000  0.0001  1.0000  0.2739  0.0004  0.0025  0.0012  0.0004  0.0637  0.0008  0.0003  0.1129  0.0023  0.0046  0.0011  0.0026  0.0018  0.0008  0.0002  0.0000  0.0006  0.0000  0.0000  0.0000
 0.0057  0.0000  0.0148  0.0011  0.0008  0.0027  0.0039  0.0004  0.0007  0.0007  0.0014  0.0005  0.0009  1.0000  0.0006  0.0007  0.0030  0.0014  0.0014  0.0008  0.0000  0.0122  0.0000  0.0000  0.0000
 0.4580  0.0000  0.0171  0.4850  0.8668  0.0160  0.1222  0.0728  0.0596  0.5832  0.0962  0.0337  0.2943  0.0878  0.1884  1.0000  0.7271  0.2133  0.0909  0.0055  0.0000  0.0123  0.0000  0.0000  0.0000
 0.7665  0.0000  0.0694  0.6234  1.0000  0.1486  0.3949  0.1758  0.2187  0.9143  0.3642  0.1237  0.5060  0.2816  0.5946  0.5436  0.7343  0.5827  0.3228  0.0365  0.0000  0.1455  0.0000  0.0000  0.0000
 0.0000  0.0000  0.0000  0.0000  0.0000  0.0000  0.0000  0.0000  0.0000  0.0000  0.0000  0.0000  0.0000  0.0000  0.0000  1.0000  0.0000  0.0000  0.0000  0.0000  0.0000  0.0000  0.0000  0.0000  0.0000
 0.0897  0.0000  0.0010  0.0008  0.0009  0.0004  0.0054  0.0002  0.0004  0.0010  0.0009  0.0004  0.0007  1.0000  0.0007  0.0007  0.0390  0.0019  0.0016  0.0001  0.0000  0.0138  0.0000  0.0000  0.0000
 0.0026  0.0000  0.0006  0.0012  0.0007  0.0003  0.0008  0.0004  0.0008  0.0011  0.0007  0.0004  0.0174  0.0014  0.0009  0.0007  0.3508  1.0000  0.0013  0.0002  0.0000  0.0003  0.0000  0.0000  0.0000
 1.0000  0.0000  0.0007  0.0004  0.0006  0.0003  0.0023  0.0001  0.0016  0.0006  0.0014  0.0005  0.0004  0.0014  0.0004  0.0004  0.0025  0.0195  0.0253  0.0001  0.0000  0.0002  0.0000  0.0000  0.0000
 0.0090  0.0000  0.0009  0.0042  0.0487  0.0013  0.0055  0.0050  0.0031  1.0000  0.0065  0.0022  0.0354  0.0055  0.0144  0.1789  0.2162  0.0563  0.0667  0.0009  0.0000  0.0025  0.0000  0.0000  0.0000
 0.0417  0.0000  0.0001  0.1483  1.0000  0.0314  0.0021  0.0014  0.0007  0.0060  0.0013  0.0005  0.0024  0.0036  0.0326  0.0016  0.0030  0.0516  0.0014  0.0002  0.0000  0.0007  0.0000  0.0000  0.0000
 0.0006  0.0000  0.0002  0.0001  0.0002  0.0018  0.0001  0.0001  0.0032  0.0002  1.0000  0.0308  0.0002  0.0003  0.0003  0.0002  0.0002  0.0004  0.0018  0.0002  0.0000  0.0002  0.0000  0.0000  0.0000
 0.0007  0.0000  0.0002  0.0001  0.0002  0.0017  0.0002  0.0001  0.0031  0.0002  1.0000  0.0021  0.0002  0.0003  0.0003  0.0002  0.0002  0.0004  0.0106  0.0002  0.0000  0.0003  0.0000  0.0000  0.0000
 0.0414  0.0000  0.0003  0.0012  0.0980  0.0006  0.0023  0.0027  0.0014  1.0000  0.0031  0.0010  0.0031  0.0025  0.1307  0.2379  0.0727  0.0035  0.0018  0.0005  0.0000  0.0014  0.0000  0.0000  0.0000
 0.0025  0.0000  0.0095  0.0031  0.0012  0.0004  0.0030  1.0000  0.0005  0.0016  0.0008  0.0003  0.0037  0.0011  0.0010  0.0011  0.0035  0.0145  0.0009  0.0002  0.0000  0.0148  0.0000  0.0000  0.0000
 0.0272  0.0000  0.0024  0.0113  0.0770  0.0043  0.0174  0.0176  0.0099  1.0000  0.0218  0.0073  0.0546  0.3491  0.1115  0.2884  0.0462  0.0262  0.0468  0.0030  0.0000  0.0086  0.0000  0.0000  0.0000
 0.0004  0.0000  0.0002  0.0001  0.0001  1.0000  0.0001  0.0000  0.0009  0.0000  0.0315  0.0004  0.0000  0.0002  0.0000  0.0000  0.0003  0.0003  0.0008  0.0019  0.0000  0.0289  0.0000  0.0000  0.0000
 0.0005  0.0000  0.0002  0.0001  0.0001  0.0007  0.0002  0.0000  1.0000  0.0002  0.0186  0.0007  0.0001  0.0001  0.0001  0.0002  0.0002  0.0006  0.1381  0.0001  0.0000  0.0003  0.0000  0.0000  0.0000
 0.7444  0.0000  0.0561  0.6109  1.0000  0.0657  0.3848  0.1317  0.2038  0.9633  0.3237  0.1173  0.4871  0.2712  0.5798  0.5436  0.7275  0.6129  0.3323  0.0213  0.0000  0.0618  0.0000  0.0000  0.0000
 0.0018  0.0000  0.0002  0.0004  0.0025  0.0004  0.0014  0.0016  0.0008  0.5410  0.0019  0.0006  0.0018  0.0015  0.0043  1.0000  0.0015  0.0020  0.0010  0.0003  0.0000  0.0008  0.0000  0.0000  0.0000
 0.4969  0.0000  0.2239  0.1670  0.2216  0.5850  0.2812  0.4943  0.3198  0.2360  0.5277  0.2059  0.6384  0.1660  0.2385  0.2823  0.4613  0.3919  0.4079  0.1502  0.0000  1.0000  0.0000  0.0000  0.0000
 1.0000  0.0000  0.0238  0.0015  0.0016  0.0007  0.0565  0.0004  0.0009  0.0782  0.0017  0.0008  0.0015  0.0044  0.0013  0.0013  0.0969  0.1326  0.0030  0.0003  0.0000  0.0005  0.0000  0.0000  0.0000
 0.0261  0.0000  0.0363  0.0065  0.0186  0.0031  0.2333  0.0115  0.0057  1.0000  0.0134  0.0046  0.0164  0.0131  0.0296  0.1114  0.0181  0.0157  0.0089  0.0021  0.0000  0.0061  0.0000  0.0000  0.0000
 0.0060  0.0000  0.0006  0.0015  0.0079  0.0011  0.0822  0.0048  0.0024  1.0000  0.0055  0.0018  0.0057  0.0597  0.0463  0.1470  0.0613  0.0451  0.0032  0.0008  0.0000  0.0024  0.0000  0.0000  0.0000
 0.1764  0.0000  0.0075  0.0060  0.0561  0.0059  0.0035  0.0681  0.0548  0.0098  0.0242  0.0078  0.1094  0.0618  0.0074  0.0062  0.0231  1.0000  0.2240  0.0015  0.0000  0.0049  0.0000  0.0000  0.0000
 0.0422  0.0000  0.0018  0.0055  0.2286  0.0010  0.0036  0.0014  0.0029  0.0064  0.0284  0.0015  0.0253  0.0048  0.0044  0.0337  1.0000  0.2235  0.0045  0.0006  0.0000  0.0011  0.0000  0.0000  0.0000
 0.4521  0.0000  0.0469  0.0543  0.0721  0.3187  0.0872  0.1821  0.2909  0.0768  0.2710  0.0595  0.0812  0.0541  0.0777  0.0920  0.1682  0.1037  0.1339  0.0490  0.0000  1.0000  0.0000  0.0000  0.0000
 0.0007  0.0000  0.0002  0.0001  0.0002  0.0019  0.0001  0.0001  0.0034  0.0002  1.0000  0.0620  0.0002  0.0003  0.0004  0.0002  0.0002  0.0004  0.0019  0.0002  0.0000  0.0002  0.0000  0.0000  0.0000
 0.1515  0.0000  0.0312  0.0144  0.0290  0.0304  0.0083  0.0131  0.2690  0.0345  0.2490  0.0766  0.0225  0.0371  0.3621  0.0764  0.1482  1.0000  0.5228  0.0060  0.0000  0.0174  0.0000  0.0000  0.0000
 0.0085  0.0000  0.0001  0.1484  1.0000  0.0008  0.0032  0.0415  0.0010  0.0086  0.0019  0.0008  0.0036  0.1342  0.0391  0.0023  0.0043  0.0363  0.0020  0.0004  0.0000  0.0010  0.0000  0.0000  0.0000
 0.0017  0.0000  0.0004  0.0002  0.0006  0.0043  0.0004  0.0004  0.0081  0.0325  1.0000  0.0568  0.0005  0.0008  0.0332  0.0011  0.0005  0.0010  0.0044  0.0238  0.0000  0.0006  0.0000  0.0000  0.0000
 0.0005  0.0000  0.0002  0.0001  0.0001  0.0007  0.0002  0.0000  1.0000  0.0002  0.0364  0.0007  0.0001  0.0001  0.0001  0.0002  0.0002  0.0005  0.0614  0.0001  0.0000  0.0003  0.0000  0.0000  0.0000
 0.1244  0.0000  0.0029  0.9700  1.0000  0.0038  0.0204  0.0292  0.0099  0.0478  0.0160  0.0057  0.1003  0.0154  0.2564  0.0263  0.0865  0.0807  0.0672  0.0013  0.0000  0.0329  0.0000  0.0000  0.0000
 0.0418  0.0000  0.0002  0.0006  0.1185  0.0005  0.0016  0.0020  0.0010  0.1623  0.0023  0.0185  0.0022  0.0018  0.0053  1.0000  0.0019  0.0024  0.0013  0.0004  0.0000  0.0010  0.0000  0.0000  0.0000
 0.4970  0.0000  0.0984  0.1143  0.1532  0.5174  0.1838  0.3993  0.2191  0.2644  0.3889  0.1229  0.1792  0.1143  0.2146  0.2918  0.2404  0.2185  0.2795  0.1029  0.0000  1.0000  0.0000  0.0000  0.0000
 0.1515  0.0000  0.0027  0.1522  0.4666  0.0025  0.0190  0.0061  0.0093  1.0000  0.0151  0.0053  0.0806  0.0138  0.6958  0.5368  0.0546  0.0527  0.0142  0.0009  0.0000  0.0019  0.0000  0.0000  0.0000
 0.0385  0.0000  0.0025  0.2280  0.3987  0.0032  0.0558  0.0091  0.0094  0.2214  0.0165  0.0798  0.0249  0.0167  0.1705  1.0000  0.0343  0.0285  0.0367  0.0014  0.0000  0.0037  0.0000  0.0000  0.0000
 0.0465  0.0000  0.0034  0.0028  0.0454  0.0478  0.0041  0.0056  0.1851  0.0042  0.0849  0.0118  0.0036  0.0040  0.0043  0.0045  0.0060  0.0072  0.0187  1.0000  0.0000  0.1383  0.0000  0.0000  0.0000
 0.1377  0.0000  0.0057  0.2642  0.2212  0.0504  0.0400  0.0381  0.1077  1.0000  0.0533  0.0113  0.0629  0.0288  0.2270  0.4831  0.0999  0.0602  0.0455  0.0020  0.0000  0.0050  0.0000  0.0000  0.0000
 1.0000  0.0000  0.0037  0.0433  0.1383  0.0037  0.1142  0.0085  0.0662  0.1022  0.1771  0.0074  0.0456  0.0190  0.1074  0.0363  0.3458  0.0529  0.0404  0.0012  0.0000  0.0029  0.0000  0.0000  0.0000
 0.0853  0.0000  0.0060  0.1641  1.0000  0.0056  0.0814  0.0137  0.0579  0.4002  0.0341  0.0119  0.1286  0.0500  0.0931  0.2865  0.2166  0.1825  0.0614  0.0019  0.0000  0.0043  0.0000  0.0000  0.0000
 0.6767  0.0000  0.0509  0.5268  0.8694  0.0715  1.0000  0.4738  0.1683  0.9631  0.2938  0.2170  0.5402  0.2303  0.6476  0.4716  0.6216  0.6775  0.2833  0.0221  0.0000  0.0937  0.0000  0.0000  0.0000
 0.7927  0.0000  0.0272  0.5382  0.5897  0.0264  1.0000  0.7683  0.0948  0.5965  0.1886  0.0536  0.3074  0.2243  0.3703  0.3166  0.4855  0.3077  0.1443  0.0090  0.0000  0.0395  0.0000  0.0000  0.0000
 0.7850  0.0000  0.0547  0.6922  1.0000  0.0574  0.4775  0.1452  0.1890  0.9308  0.3465  0.1069  0.5240  0.2799  0.5947  0.5952  0.7732  0.5866  0.3255  0.0191  0.0000  0.0604  0.0000  0.0000  0.0000
 0.3477  0.0000  0.0212  0.7628  1.0000  0.0198  0.2103  0.0481  0.0741  0.4302  0.1460  0.0419  0.2805  0.1261  0.4698  0.5227  0.7482  0.2684  0.2258  0.0068  0.0000  0.0830  0.0000  0.0000  0.0000
 0.7292  0.0000  0.0350  0.7683  1.0000  0.0327  0.3671  0.0944  0.1228  0.7177  0.2580  0.0694  0.4144  0.2087  0.4861  0.4927  0.9197  0.4038  0.1872  0.0112  0.0000  0.0248  0.0000  0.0000  0.0000
 0.5446  0.0000  0.0170  0.4473  0.4965  0.0218  0.1959  0.1084  0.0841  0.2656  0.1261  0.0707  0.2598  0.1850  0.1899  0.1519  1.0000  0.2478  0.0860  0.0069  0.0000  0.0456  0.0000  0.0000  0.0000
 0.6487  0.0000  0.0603  0.7101  1.0000  0.0503  0.3123  0.1047  0.1649  0.7655  0.3276  0.0875  0.4304  0.3003  0.4733  0.4361  0.9330  0.4621  0.2670  0.0164  0.0000  0.0613  0.0000  0.0000  0.0000
 0.7443  0.0000  0.1217  0.9129  0.8226  0.4112  0.4519  0.4131  0.3557  0.7516  0.5581  0.1725  0.4576  0.2745  0.4662  0.4607  1.0000  0.5257  0.5086  0.1068  0.0000  0.7201  0.0000  0.0000  0.0000
 0.8596  0.0000  0.1858  0.6577  0.8920  0.6709  0.5238  0.5657  0.4493  0.7981  0.8141  0.2523  0.5390  0.3264  0.6147  0.6177  0.8765  0.6619  0.6351  0.1807  0.0000  1.0000  0.0000  0.0000  0.0000
 0.2999  0.0000  0.0154  1.0000  0.5561  0.0184  0.1929  0.0361  0.1260  0.2481  0.0846  0.0296  0.1530  0.0920  0.2988  0.1747  0.3059  0.1545  0.1058  0.0059  0.0000  0.2284  0.0000  0.0000  0.0000
 0.5919  0.0000  0.0284  0.6884  1.0000  0.0265  0.3230  0.0646  0.0996  0.4953  0.1920  0.0671  0.2636  0.1906  0.4305  0.4462  0.9541  0.4758  0.2097  0.0091  0.0000  0.0202  0.0000  0.0000  0.0000
 0.2021  0.0000  0.0099  0.9568  1.0000  0.0092  0.1598  0.0752  0.0347  0.3295  0.0560  0.0862  0.2243  0.2235  0.1477  0.2295  0.4845  0.1799  0.0811  0.0032  0.0000  0.0070  0.0000  0.0000  0.0000
 0.7413  0.0000  0.0556  0.6253  1.0000  0.0680  0.3823  0.1306  0.2260  0.8858  0.3350  0.1303  0.4759  0.2913  0.5784  0.5092  0.7821  0.6289  0.3025  0.0217  0.0000  0.0694  0.0000  0.0000  0.0000
 0.3174  0.0000  0.0205  1.0000  0.6166  0.0226  0.1403  0.0475  0.0843  0.3397  0.2831  0.0824  0.3298  0.2085  0.2798  0.2305  0.6068  0.2792  0.1068  0.0074  0.0000  0.1019  0.0000  0.0000  0.0000
 0.6276  0.0000  0.0321  0.7220  0.7473  0.0299  1.0000  0.2216  0.1543  0.6081  0.1812  0.0635  0.5113  0.3906  0.4556  0.3598  0.6874  0.5132  0.2473  0.0103  0.0000  0.0227  0.0000  0.0000  0.0000
 0.5077  0.0000  0.0320  0.5716  1.0000  0.0560  0.2225  0.1150  0.1337  0.6154  0.2419  0.0760  0.4657  0.2176  0.5632  0.3062  0.5937  0.5637  0.1684  0.0290  0.0000  0.0281  0.0000  0.0000  0.0000
 0.9455  0.0000  0.0476  0.5997  1.0000  0.0445  0.4093  0.1246  0.2268  0.9021  0.2824  0.1371  0.4861  0.2882  0.5984  0.4902  0.7428  0.6037  0.2542  0.0309  0.0000  0.0339  0.0000  0.0000  0.0000
 0.5157  0.0000  0.0321  0.5129  1.0000  0.0302  0.2283  0.0730  0.1124  0.7642  0.1985  0.0820  0.3561  0.4107  0.3796  0.5688  0.8043  0.4000  0.1713  0.0281  0.0000  0.0359  0.0000  0.0000  0.0000
 0.6514  0.0000  0.0424  0.6404  1.0000  0.0471  0.4080  0.1172  0.1482  0.7828  0.2391  0.0838  0.4822  0.3680  0.5035  0.4565  0.6593  0.4902  0.2258  0.0137  0.0000  0.0456  0.0000  0.0000  0.0000
 0.6011  0.0000  0.0422  0.5245  1.0000  0.1263  0.7165  0.1526  0.1427  0.7963  0.2615  0.0807  0.6556  0.2787  0.4559  0.4189  0.5618  0.4336  0.2154  0.0164  0.0000  0.0694  0.0000  0.0000  0.0000
 0.6170  0.0000  0.0416  0.6369  1.0000  0.0436  0.3847  0.1135  0.1632  0.6996  0.2320  0.0901  0.4870  0.2506  0.4718  0.3963  0.6729  0.4549  0.2770  0.0145  0.0000  0.0437  0.0000  0.0000  0.0000
 0.2366  0.0000  0.0137  1.0000  0.8192  0.0128  0.3365  0.0736  0.0776  0.2721  0.1203  0.0272  0.4367  0.2376  0.4958  0.1346  0.2941  0.3920  0.1087  0.0044  0.0000  0.0097  0.0000  0.0000  0.0000
 0.6347  0.0000  0.0631  0.7953  1.0000  0.0361  0.4913  0.2309  0.1418  0.7145  0.2078  0.1057  0.3787  0.2137  0.4500  0.3943  0.7153  0.5253  0.2254  0.0122  0.0000  0.0845  0.0000  0.0000  0.0000
 0.2809  0.0000  0.0305  1.0000  0.4234  0.0875  0.3043  0.0824  0.0867  0.3081  0.1885  0.0710  0.1840  0.5806  0.2304  0.1835  0.4018  0.2242  0.1260  0.0202  0.0000  0.0912  0.0000  0.0000  0.0000
 0.7127  0.0000  0.0588  0.6161  1.0000  0.0881  0.3863  0.1423  0.2141  0.8654  0.3523  0.1196  0.4773  0.2587  0.5467  0.4920  0.6970  0.5385  0.2931  0.0268  0.0000  0.0995  0.0000  0.0000  0.0000
 0.0106  0.0000  0.0023  0.0111  0.1016  0.0081  0.0069  0.0238  0.0059  0.0136  0.0103  0.0033  0.0077  0.0051  0.0093  0.0109  0.0080  0.0075  0.0692  1.0000  0.0000  0.0410  0.0000  0.0000  0.0000
 0.6476  0.0000  0.0440  1.0000  0.8779  0.0534  0.3104  0.1004  0.3005  0.7773  0.2475  0.0868  0.4727  0.2240  0.5054  0.4276  0.8881  0.5902  0.4563  0.0146  0.0000  0.0340  0.0000  0.0000  0.0000
 0.0397  0.0000  0.0043  0.0050  0.0385  1.0000  0.0615  0.0132  0.0271  0.0440  0.0159  0.0054  0.0075  0.0050  0.0072  0.0086  0.0099  0.0096  0.0508  0.0045  0.0000  0.1106  0.0000  0.0000  0.0000
 0.2583  0.0000  0.0351  1.0000  0.3447  0.0298  0.8688  0.1404  0.0230  0.2263  0.0452  0.0169  0.8152  0.4891  0.1643  0.1123  0.3915  0.2639  0.0411  0.0149  0.0000  0.0711  0.0000  0.0000  0.0000
 0.3586  0.0000  0.0419  0.9855  1.0000  0.0417  0.5507  0.1544  0.0492  0.3416  0.0810  0.0336  0.7148  0.2395  0.3338  0.1434  0.5562  0.5699  0.0883  0.0211  0.0000  0.0810  0.0000  0.0000  0.0000
 0.0130  0.0000  0.0027  0.0008  0.0021  0.0219  0.0005  0.0005  0.1016  0.0023  0.0225  0.1126  0.0012  0.0028  0.0017  0.0014  0.0023  1.0000  0.2659  0.0005  0.0000  0.0012  0.0000  0.0000  0.0000
 0.0353  0.0000  0.0083  0.0035  0.0071  0.0170  0.0048  0.0015  0.5301  0.2646  0.1245  0.1119  0.0049  0.0075  0.0052  0.0995  0.0082  0.0475  1.0000  0.0022  0.0000  0.0075  0.0000  0.0000  0.0000
 0.0694  0.0000  0.0244  0.0322  0.0532  0.0017  0.0706  0.0162  0.0063  0.2088  0.0101  0.0036  0.0166  0.0299  0.1315  1.0000  0.0669  0.0682  0.0096  0.0006  0.0000  0.0013  0.0000  0.0000  0.0000
 0.2297  0.0000  0.0083  0.0969  0.3841  0.0077  0.2485  0.0188  0.0539  0.5894  0.0467  0.0164  0.1119  1.0000  0.1306  0.1461  0.2821  0.0887  0.1367  0.0027  0.0000  0.0059  0.0000  0.0000  0.0000
 0.7476  0.0000  0.0318  0.3689  0.5925  0.0306  0.2694  0.0724  0.1436  1.0000  0.1787  0.0842  0.3263  0.2380  0.3473  0.4054  0.6840  0.3928  0.1866  0.0105  0.0000  0.0241  0.0000  0.0000  0.0000
 0.4349  0.0000  0.0308  0.8550  0.6226  0.0289  0.3761  0.0700  0.1077  0.5644  0.2286  0.0609  0.3170  1.0000  0.3390  0.5168  0.5320  0.5069  0.2163  0.0099  0.0000  0.0222  0.0000  0.0000  0.0000
 0.7364  0.0000  0.0558  0.6280  1.0000  0.0665  0.4042  0.1551  0.1894  0.9025  0.3290  0.1358  0.4845  0.3453  0.5714  0.5128  0.7402  0.5588  0.3242  0.0214  0.0000  0.0631  0.0000  0.0000  0.0000
 0.5630  0.0000  0.0348  0.4069  0.7547  0.0541  0.4237  0.0792  0.1215  0.9879  0.1961  0.0688  0.6187  0.4345  0.3827  0.4906  1.0000  0.4795  0.1853  0.0112  0.0000  0.0251  0.0000  0.0000  0.0000
 0.4590  0.0000  0.0211  0.3003  0.4233  0.0197  0.1954  0.0479  0.0957  1.0000  0.1902  0.0615  0.4168  0.1847  0.3234  0.3736  0.3501  0.4181  0.1382  0.0068  0.0000  0.0149  0.0000  0.0000  0.0000
 0.4004  0.0000  0.1349  0.2620  0.1788  0.5903  0.2423  0.3553  0.2878  0.1903  1.0000  0.3914  0.2249  0.1338  0.2119  0.2277  0.4424  0.2563  0.5603  0.1212  0.0000  0.7551  0.0000  0.0000  0.0000
 0.7144  0.0000  0.0488  0.6914  1.0000  0.0455  0.3583  0.2323  0.1709  0.9452  0.3051  0.0967  0.5597  0.3273  0.6161  0.4947  0.7266  0.5240  0.2606  0.0157  0.0000  0.0346  0.0000  0.0000  0.0000
 0.6985  0.0000  0.0424  0.7555  0.9783  0.0397  0.3268  0.1222  0.1638  1.0000  0.2904  0.1094  0.8344  0.2452  0.4888  0.4730  0.6867  0.4870  0.2741  0.0419  0.0000  0.0303  0.0000  0.0000  0.0000
 0.2338  0.0000  0.0105  0.2832  0.2242  0.0099  1.0000  0.0238  0.0789  0.1819  0.1552  0.0207  0.2340  0.0800  0.1974  0.1344  0.2110  0.2569  0.0715  0.0034  0.0000  0.0076  0.0000  0.0000  0.0000
 0.9219  0.0000  0.0734  0.4474  0.6083  0.0693  0.3109  0.1346  0.1471  0.5622  0.2794  0.0939  0.3252  0.2320  0.4364  0.4135  0.6162  1.0000  0.2200  0.0205  0.0000  0.1353  0.0000  0.0000  0.0000
 0.9642  0.0000  0.0551  0.6421  1.0000  0.0607  0.4874  0.1496  0.1893  0.9811  0.3778  0.2361  0.5019  0.2842  0.6203  0.5315  0.7496  0.6189  0.3439  0.0199  0.0000  0.0698  0.0000  0.0000  0.0000
 0.7939  0.0000  0.0749  0.6294  1.0000  0.1427  0.4212  0.1892  0.2318  0.9275  0.3892  0.1419  0.5270  0.2920  0.6249  0.5689  0.7549  0.6004  0.3567  0.0428  0.0000  0.1717  0.0000  0.0000  0.0000
 0.7596  0.0000  0.0528  0.6293  1.0000  0.0498  0.3861  0.1456  0.2054  0.9213  0.3123  0.1132  0.4984  0.3009  0.6070  0.5265  0.7398  0.5913  0.2894  0.0171  0.0000  0.0382  0.0000  0.0000  0.0000
 0.6468  0.0000  0.0407  0.5405  0.9791  0.0380  0.3729  0.0926  0.1716  1.0000  0.3134  0.0807  0.5242  0.2310  0.4877  0.5422  0.7956  0.5916  0.2541  0.0131  0.0000  0.0288  0.0000  0.0000  0.0000
 0.6984  0.0000  0.0484  0.5937  1.0000  0.0451  0.3576  0.1099  0.1738  0.8623  0.3167  0.0984  0.4484  0.2564  0.5383  0.4850  0.7203  0.5451  0.2900  0.0155  0.0000  0.0343  0.0000  0.0000  0.0000
 0.7823  0.0000  0.0439  0.6880  1.0000  0.0409  0.3822  0.1135  0.1538  0.8880  0.2482  0.1083  0.5725  0.3095  0.9549  0.7113  0.8619  0.5128  0.3081  0.0141  0.0000  0.0310  0.0000  0.0000  0.0000
 0.7676  0.0000  0.0497  0.6408  1.0000  0.0464  0.3719  0.1130  0.1741  0.9579  0.3094  0.0985  0.6179  0.2771  0.5598  0.5403  0.6830  0.5521  0.2958  0.0243  0.0000  0.0353  0.0000  0.0000  0.0000
 0.3384  0.0000  0.0151  0.3253  0.2988  0.0139  0.4808  0.0360  0.0494  0.5370  0.0798  0.0280  0.3250  1.0000  0.1579  0.1397  0.3403  0.4480  0.0755  0.0050  0.0000  0.0121  0.0000  0.0000  0.0000
 0.9314  0.0000  0.0545  0.6692  1.0000  0.0588  0.3748  0.1260  0.1936  0.9088  0.3471  0.1564  0.5326  0.2780  0.5856  0.5235  0.7830  0.6292  0.3182  0.0345  0.0000  0.0515  0.0000  0.0000  0.0000
 0.6198  0.0000  0.0533  0.4812  1.0000  0.0345  0.3357  0.0839  0.1293  0.8217  0.2467  0.1437  0.3418  0.1895  0.4801  0.4705  0.5655  0.3961  0.2494  0.0119  0.0000  0.0262  0.0000  0.0000  0.0000
 0.7934  0.0000  0.0533  0.8639  1.0000  0.0505  0.4140  0.1573  0.1863  0.9724  0.3005  0.1054  0.5459  0.5253  0.7267  0.5214  0.7810  0.7318  0.4511  0.0173  0.0000  0.0391  0.0000  0.0000  0.0000
 0.7512  0.0000  0.0539  0.6498  1.0000  0.0557  0.3759  0.1251  0.2160  0.9202  0.3073  0.1143  0.4896  0.2708  0.5859  0.5231  0.7348  0.5730  0.2959  0.0184  0.0000  0.0455  0.0000  0.0000  0.0000
 0.8090  0.0000  0.0863  0.6324  1.0000  0.1918  0.4226  0.2299  0.2557  0.9936  0.4594  0.1527  0.5247  0.3382  0.6107  0.5914  0.7703  0.6223  0.3871  0.0589  0.0000  0.2426  0.0000  0.0000  0.0000
 0.5008  0.0000  0.0337  0.4504  0.6652  0.0342  0.2353  0.0773  0.1169  1.0000  0.2066  0.1555  0.3642  0.2382  0.3634  0.7026  0.5144  0.4264  0.3561  0.0115  0.0000  0.0692  0.0000  0.0000  0.0000
 0.2416  0.0000  0.0171  0.3668  0.3491  0.0160  0.1216  0.0641  0.0598  0.4809  0.1668  0.0338  0.3036  0.1289  1.0000  0.7357  0.5161  0.2745  0.1265  0.0055  0.0000  0.0122  0.0000  0.0000  0.0000
 0.1307  0.0000  0.0062  0.1404  0.2805  0.0061  0.0432  0.0927  0.0213  0.2199  0.1294  0.0121  0.0563  1.0000  0.0674  0.0591  0.4034  0.3778  0.0325  0.0021  0.0000  0.0050  0.0000  0.0000  0.0000
 0.7806  0.0000  0.0686  0.6262  1.0000  0.1192  0.4000  0.1698  0.2198  0.9278  0.3571  0.1235  0.5078  0.2851  0.5976  0.5439  0.7518  0.5916  0.3247  0.0344  0.0000  0.1330  0.0000  0.0000  0.0000
 0.0591  0.0000  0.0018  0.0310  0.0501  0.0014  0.0959  0.0032  0.0048  0.1748  0.0075  0.0198  0.0134  0.0077  0.0142  0.0125  1.0000  0.1975  0.0076  0.0006  0.0000  0.0013  0.0000  0.0000  0.0000
 0.3341  0.0000  0.0182  0.2885  0.4871  0.0170  0.1774  0.0615  0.0638  0.4427  0.1030  0.0361  0.1688  0.1701  1.0000  0.2909  0.4058  0.2183  0.2214  0.0059  0.0000  0.0129  0.0000  0.0000  0.0000
 0.9130  0.0000  0.7040  0.5693  0.8532  0.4005  0.5473  0.3659  0.3401  0.8114  0.5962  0.2570  0.5183  0.5499  0.5714  0.6585  1.0000  0.7049  0.5020  0.1089  0.0000  0.5452  0.0000  0.0000  0.0000
 0.1491  0.0000  0.0418  0.0742  0.1353  0.2500  0.2444  0.1272  0.0976  0.1814  1.0000  0.1935  0.0925  0.0598  0.1207  0.1156  0.1404  0.2101  0.1256  0.0420  0.0000  0.2238  0.0000  0.0000  0.0000
 0.2139  0.0000  0.0153  0.3251  0.2753  0.0156  0.3380  0.0616  0.0488  0.2356  0.0781  0.0276  0.2080  0.1274  0.1502  0.1333  1.0000  0.3546  0.2095  0.0054  0.0000  0.0148  0.0000  0.0000  0.0000
 0.1902  0.0000  0.0052  0.0770  0.0777  0.0047  0.0674  0.0102  0.0159  0.1092  0.0246  0.2167  0.2014  0.1353  0.0464  0.0412  0.1625  1.0000  0.0454  0.0018  0.0000  0.0041  0.0000  0.0000  0.0000
 0.2368  0.0000  0.0175  0.0071  0.0167  0.0186  0.0051  0.0090  1.0000  0.1091  0.8429  0.0751  0.0099  0.0582  0.0135  0.0414  0.0606  0.0601  0.5368  0.0037  0.0000  0.0136  0.0000  0.0000  0.0000
 0.1723  0.0000  0.0318  0.0616  0.0470  0.1542  0.0577  0.0889  1.0000  0.0511  0.2142  0.1561  0.0525  0.0351  0.0492  0.2424  0.0691  0.0738  0.8353  0.0317  0.0000  0.4302  0.0000  0.0000  0.0000
 0.5509  0.0000  0.1775  0.2339  0.3193  0.6975  0.3642  0.5460  0.4097  0.3332  0.6565  0.2653  0.3502  0.2155  0.3191  0.4458  0.5086  0.4665  0.5299  0.1835  0.0000  1.0000  0.0000  0.0000  0.0000
 0.0047  0.0000  0.0010  0.1087  0.0076  0.0008  0.0141  0.0043  0.0005  0.0059  0.0010  0.0004  0.0659  1.0000  0.0333  0.0029  0.0957  0.0053  0.0009  0.0004  0.0000  0.0022  0.0000  0.0000  0.0000
 0.5084  0.0000  0.0509  0.0953  0.2449  0.0387  0.0557  0.0322  0.2956  0.1568  0.5610  0.0604  0.0843  0.1201  0.3143  0.0912  0.1901  0.2867  1.0000  0.0088  0.0000  0.0272  0.0000  0.0000  0.0000
 0.0717  0.0000  0.0192  0.1445  0.0211  1.0000  0.0203  0.0239  0.3510  0.0249  0.6787  0.1072  0.0204  0.0238  0.0265  0.0246  0.1748  0.0537  0.3814  0.0165  0.0000  0.0501  0.0000  0.0000  0.0000
 1.0000  0.0000  0.0067  0.1453  0.1242  0.0064  0.4513  0.0152  0.0232  0.1436  0.1184  0.0131  0.0613  0.0340  0.2032  0.1090  0.2045  0.2414  0.0354  0.0022  0.0000  0.0050  0.0000  0.0000  0.0000
 0.1375  0.0000  0.0007  0.0396  1.0000  0.0017  0.0075  0.0503  0.0026  0.0178  0.0045  0.0018  0.0089  0.0098  0.0426  0.0064  0.0397  0.0800  0.0048  0.0008  0.0000  0.0022  0.0000  0.0000  0.0000
 0.0080  0.0000  0.0019  0.0009  0.0019  0.0153  0.0013  0.0601  0.0539  0.0024  1.0000  0.0899  0.0017  0.0029  0.0032  0.0022  0.0361  0.0050  0.1626  0.0019  0.0000  0.0024  0.0000  0.0000  0.0000
 0.1311  0.0000  0.0012  0.0023  0.0171  0.0590  0.0087  0.0108  0.0052  1.0000  0.0123  0.0041  0.0118  0.0096  0.0598  0.1612  0.0101  0.0131  0.0070  0.0019  0.0000  0.0055  0.0000  0.0000  0.0000
 0.1094  0.0000  0.0029  0.2897  1.0000  0.0029  0.0216  0.0072  0.0105  0.0530  0.0492  0.0060  0.0279  0.0164  0.8254  0.0874  0.1657  0.0870  0.0161  0.0010  0.0000  0.0024  0.0000  0.0000  0.0000
 0.1728  0.0000  0.0044  0.1298  0.2363  0.0041  0.0661  0.0101  0.0156  1.0000  0.0251  0.0088  0.0939  0.0229  0.6349  0.0706  0.1041  0.1238  0.0238  0.0014  0.0000  0.0032  0.0000  0.0000  0.0000
 0.9933  0.0000  0.1579  0.7895  1.0000  0.4950  0.5241  0.6095  0.4382  0.9869  0.7250  0.2290  0.6655  0.3564  0.7560  0.6881  0.9716  0.7217  0.5574  0.1334  0.0000  0.7201  0.0000  0.0000  0.0000
 0.2428  0.0000  0.0114  0.1313  0.6788  0.0112  0.2469  0.1028  0.0404  0.6286  0.0662  0.0232  0.3340  0.0598  1.0000  0.7912  0.1553  0.1806  0.0612  0.0041  0.0000  0.0096  0.0000  0.0000  0.0000
 0.7844  0.0000  0.0578  0.6264  1.0000  0.0708  0.3827  0.1358  0.1953  0.9194  0.3187  0.1156  0.5177  0.2750  0.6018  0.5372  0.7463  0.5734  0.2948  0.0226  0.0000  0.0712  0.0000  0.0000  0.0000
 0.5455  0.0000  0.3619  0.5829  0.6344  0.0363  0.2848  0.1409  0.1202  0.6969  0.1940  0.0680  1.0000  0.1741  0.4749  0.3320  0.8061  0.3947  0.2096  0.0121  0.0000  0.0311  0.0000  0.0000  0.0000
 0.5059  0.0000  0.0088  0.1899  0.1910  0.0104  1.0000  0.1329  0.0299  0.1416  0.0763  0.0169  0.1462  0.1784  0.0902  0.0806  0.6052  0.1147  0.0963  0.0034  0.0000  0.0099  0.0000  0.0000  0.0000
 0.4502  0.0000  0.0392  0.2630  0.5357  0.0932  1.0000  0.1320  0.1639  0.4813  0.2714  0.0640  0.2229  0.1272  0.2829  0.2680  0.6525  0.3363  0.2047  0.0260  0.0000  0.1596  0.0000  0.0000  0.0000
 0.7691  0.0000  0.0568  0.6232  1.0000  0.0908  0.4198  0.1326  0.1938  0.9514  0.3131  0.1399  0.5937  0.2933  0.6029  0.6040  0.7791  0.6310  0.2933  0.0213  0.0000  0.0606  0.0000  0.0000  0.0000
 0.5770  0.0000  0.1879  0.2247  0.3142  0.7553  0.3438  0.5469  0.5772  0.3630  0.9980  0.2979  0.3300  0.2282  0.3320  0.3993  0.4299  0.4420  0.6766  0.1905  0.0000  1.0000  0.0000  0.0000  0.0000
 0.7247  0.0000  0.0481  0.5986  1.0000  0.0469  0.9041  0.1260  0.1673  0.8536  0.4555  0.0947  0.4599  0.2454  0.6758  0.4670  0.7067  0.5108  0.2548  0.0160  0.0000  0.0377  0.0000  0.0000  0.0000
 1.0000  0.0000  0.0207  0.0205  0.1028  0.0168  0.1333  0.0112  0.0141  0.0255  0.0275  0.0116  0.0186  0.0785  0.0190  0.0195  0.6475  0.0415  0.2424  0.0051  0.0000  0.1278  0.0000  0.0000  0.0000
 0.0416  0.0000  0.0031  0.0016  0.0028  0.2088  0.0027  0.0016  1.0000  0.0037  0.5559  0.0819  0.0025  0.0036  0.0037  0.0033  0.0824  0.0089  0.1773  0.0024  0.0000  0.0046  0.0000  0.0000  0.0000
 0.0051  0.0000  0.0001  0.0826  1.0000  0.0005  0.0025  0.0014  0.0006  0.0052  0.0011  0.0005  0.0525  0.0031  0.0680  0.0015  0.0030  0.0023  0.0012  0.0002  0.0000  0.0007  0.0000  0.0000  0.0000
 0.0078  0.0000  0.0001  0.1774  1.0000  0.0007  0.0028  0.0019  0.0009  0.0079  0.0017  0.0227  0.0032  0.0047  0.1141  0.0021  0.0039  0.0431  0.0018  0.0003  0.0000  0.0009  0.0000  0.0000  0.0000
 0.0037  0.0000  0.0007  0.0009  0.0016  0.0065  0.0022  0.0010  0.0122  0.0676  1.0000  0.0080  0.0013  0.0023  0.0025  0.0036  0.0016  0.0022  0.0072  0.0010  0.0000  0.0011  0.0000  0.0000  0.0000
 0.0329  0.0000  0.0026  0.0209  1.0000  0.0052  0.0572  0.0206  0.0113  0.2622  0.0250  0.0084  0.0270  0.0215  0.3058  0.5468  0.0270  0.0301  0.0974  0.0036  0.0000  0.0101  0.0000  0.0000  0.0000
 0.5501  0.0000  0.0366  0.4250  0.8367  0.0353  0.4123  0.0898  0.1286  1.0000  0.2104  0.0736  0.6731  0.1908  0.4923  0.4423  0.4984  0.4102  0.1954  0.0130  0.0000  0.0298  0.0000  0.0000  0.0000
 1.0000  0.0000  0.0057  0.0609  0.0975  0.0058  0.0954  0.0126  0.0667  0.2478  0.0302  0.0106  0.1370  0.0275  0.1705  0.0521  0.4168  0.0574  0.0457  0.0020  0.0000  0.0050  0.0000  0.0000  0.0000
 0.0201  0.0000  0.0052  0.0025  0.0052  0.9352  0.0041  0.0040  1.0000  0.0069  0.5650  0.1176  0.0049  0.0084  0.0104  0.0069  0.0057  0.0118  0.0615  0.0067  0.0000  0.0083  0.0000  0.0000  0.0000
 0.5836  0.0000  0.1780  0.2618  0.3777  0.6974  0.3660  0.5468  0.4028  0.3798  0.6712  0.2259  0.3588  0.2262  0.3444  0.3983  0.4798  0.4381  0.5182  0.1823  0.0000  1.0000  0.0000  0.0000  0.0000
 0.1574  0.0000  0.0325  0.0100  0.1922  0.0386  0.0047  0.0094  0.2743  0.0273  1.0000  0.0868  0.0148  0.0352  0.0218  0.0173  0.0667  0.2279  0.5834  0.0058  0.0000  0.0130  0.0000  0.0000  0.0000
 1.0000  0.0000  0.0063  0.0039  0.0056  0.0030  0.0257  0.0012  0.1113  0.0059  0.0122  0.0043  0.0036  0.0854  0.0042  0.0041  0.0249  0.0144  0.0267  0.0008  0.0000  0.0017  0.0000  0.0000  0.0000
 0.0000  0.0000  0.0000  0.0000  1.0000  0.0000  0.0000  0.0000  0.0000  0.0000  0.0000  0.0000  0.0000  0.0000  0.0000  0.0000  0.0000  0.0000  0.0000  0.0000  0.0000  0.0000  0.0000  0.0000  0.0000
 0.4842  0.0000  0.0203  0.3338  1.0000  0.0192  0.1451  0.0467  0.0712  0.4376  0.2289  0.0404  0.2237  0.1054  0.2264  0.2375  0.2794  0.2704  0.1087  0.0066  0.0000  0.0148  0.0000  0.0000  0.0000
 1.0000  0.0000  0.0527  0.2971  0.0962  0.0331  0.0506  0.0260  0.2563  0.1031  0.1855  0.0523  0.0991  0.0907  0.0738  0.0618  0.7620  0.8005  0.4716  0.0106  0.0000  0.0249  0.0000  0.0000  0.0000
 0.0307  0.0000  1.0000  0.0115  0.0135  0.0649  0.0173  0.0239  0.0201  0.0151  0.0327  0.0562  0.0178  0.0124  0.0146  0.0165  0.2378  0.0964  0.0264  0.0100  0.0000  0.1545  0.0000  0.0000  0.0000
 0.0209  0.0000  0.0421  0.0072  0.0039  0.0015  0.0150  0.0159  0.0021  0.0048  0.0035  0.0013  0.0078  1.0000  0.0030  0.0036  0.0131  0.0065  0.0051  0.0007  0.0000  0.0017  0.0000  0.0000  0.0000
 0.0179  0.0000  0.0022  0.0050  0.0029  0.0011  1.0000  0.0013  0.0012  0.0032  0.0025  0.0009  0.0050  0.0058  0.0021  0.0024  0.0112  0.0852  0.0033  0.0007  0.0000  0.0012  0.0000  0.0000  0.0000
 0.0061  0.0000  0.0015  0.0008  0.0012  0.0404  0.0012  0.0002  1.0000  0.0016  0.0194  0.0038  0.0010  0.0013  0.0008  0.0011  0.0885  0.0208  0.1171  0.0005  0.0000  0.0017  0.0000  0.0000  0.0000
 0.0274  0.0000  0.0938  0.0115  0.0072  0.0028  0.0086  0.0033  0.0080  0.1873  0.0075  0.0040  0.0208  0.0137  0.0085  0.0071  0.8217  1.0000  0.0128  0.0018  0.0000  0.0032  0.0000  0.0000  0.0000
 0.0033  0.0000  0.0004  1.0000  0.0432  0.0004  0.0285  0.0018  0.0003  0.0035  0.0007  0.0003  0.0082  0.0021  0.0034  0.0014  0.0044  0.0021  0.0007  0.0002  0.0000  0.0009  0.0000  0.0000  0.0000
 0.2234  0.0000  0.0175  0.1699  0.2938  0.0219  0.1163  0.0531  0.0611  1.0000  0.1863  0.0778  0.1522  0.0897  0.4653  0.3957  0.4361  0.4926  0.1300  0.0089  0.0000  0.0253  0.0000  0.0000  0.0000
 0.0136  0.0000  0.0035  0.0017  0.0035  0.1655  0.0027  0.0028  0.0673  0.1935  0.7455  1.0000  0.0033  0.0057  0.0070  0.0047  0.0038  0.0080  0.0958  0.0042  0.0000  0.0046  0.0000  0.0000  0.0000
 0.0035  0.0000  0.0010  0.0006  0.0009  0.0037  0.0011  0.0001  0.4492  0.0012  0.0202  0.1912  0.0008  0.0007  0.0005  0.0009  0.0012  0.0036  1.0000  0.0005  0.0000  0.0017  0.0000  0.0000  0.0000
 0.8046  0.0000  0.0457  0.5507  0.9030  0.0426  0.3234  0.1034  0.1592  1.0000  0.2564  0.0900  0.4460  0.2339  0.5007  0.4452  0.7059  0.5809  0.3085  0.0147  0.0000  0.0326  0.0000  0.0000  0.0000
 0.1351  0.0000  0.0119  0.0729  0.4992  0.0213  0.1452  0.6498  0.0476  1.0000  0.1032  0.0345  0.1735  0.0848  0.6833  0.7222  0.1215  0.1278  0.0658  0.0143  0.0000  0.0411  0.0000  0.0000  0.0000
 0.0051  0.0000  0.0014  0.0007  0.0013  0.0120  0.0013  0.0008  0.5343  0.0018  1.0000  0.1673  0.0013  0.0019  0.0022  0.0017  0.0016  0.0036  0.1190  0.0014  0.0000  0.0020  0.0000  0.0000  0.0000
 0.0054  0.0000  0.0017  0.0011  0.0015  0.0089  0.0022  0.0003  0.5505  0.0022  0.2189  0.4156  0.0015  0.0013  0.0011  0.0018  0.0021  0.0057  1.0000  0.0011  0.0000  0.0032  0.0000  0.0000  0.0000
 0.1389  0.0000  0.0043  0.1745  1.0000  0.0050  0.0323  0.0440  0.0720  0.1963  0.0253  0.0090  0.0413  0.0266  0.5606  0.0427  0.0604  0.0477  0.0904  0.0018  0.0000  0.0046  0.0000  0.0000  0.0000
 0.0042  0.0000  0.0004  0.0008  0.0058  0.0009  0.0031  0.0037  0.0018  0.5575  0.0042  0.0014  0.0041  0.0034  0.0098  1.0000  0.0034  0.0045  0.0024  0.0007  0.0000  0.0019  0.0000  0.0000  0.0000
 0.0478  0.0000  0.0156  0.0096  0.0143  0.5605  0.0170  0.0092  0.5764  0.0179  1.0000  0.1049  0.0132  0.0158  0.0161  0.0169  0.0210  0.0402  0.9606  0.0362  0.0000  0.3564  0.0000  0.0000  0.0000
 0.0130  0.0000  0.0450  0.0040  0.0153  0.0023  0.0587  0.0096  0.0046  0.1795  0.0108  0.0036  0.0124  0.0089  1.0000  0.0940  0.0107  0.0119  0.0063  0.0017  0.0000  0.0050  0.0000  0.0000  0.0000
 0.0037  0.0000  0.0004  0.0007  0.0050  0.0008  0.0027  0.0032  0.0015  0.3459  0.0037  0.0012  0.0035  0.0029  0.0085  1.0000  0.0030  0.0039  0.0020  0.0006  0.0000  0.0016  0.0000  0.0000  0.0000
 0.0367  0.0000  0.2492  0.0119  0.0163  1.0000  0.0185  0.0270  0.0445  0.0147  0.1879  0.0235  0.0155  0.0145  0.0149  0.0175  0.0468  0.0265  0.0474  0.0606  0.0000  0.5876  0.0000  0.0000  0.0000
 0.0584  0.0000  0.0018  0.0029  0.0021  0.0009  0.0044  0.0008  0.0176  0.0030  0.0025  0.0012  0.0050  0.0043  0.0023  0.0019  1.0000  0.0629  0.0048  0.0005  0.0000  0.0009  0.0000  0.0000  0.0000
 0.6171  0.0000  0.1485  0.1197  0.1997  0.3618  0.1663  0.3073  0.5290  0.2547  0.6253  0.1827  0.1786  0.1754  0.1995  0.2495  0.2556  0.4383  1.0000  0.0918  0.0000  0.4684  0.0000  0.0000  0.0000
 0.1473  0.0000  0.0161  0.6294  0.0921  0.0126  0.2043  0.0600  0.0089  0.0841  0.0164  0.0064  0.9096  0.0521  0.0576  0.0431  1.0000  0.0981  0.0159  0.0065  0.0000  0.0310  0.0000  0.0000  0.0000
 0.2632  0.0000  0.0228  0.8015  1.0000  0.0312  0.3994  0.1197  0.0333  0.3089  0.0642  0.0247  0.4998  0.1620  0.2914  0.1845  0.3015  0.1649  0.0601  0.0152  0.0000  0.0605  0.0000  0.0000  0.0000
 0.2674  0.0000  0.0436  0.1977  0.1005  0.0266  0.4025  0.0489  0.0511  0.1174  0.0597  0.0289  0.7287  0.1146  0.0840  0.0706  1.0000  0.6996  0.1631  0.0139  0.0000  0.0375  0.0000  0.0000  0.0000
 0.2632  0.0000  0.0549  0.8661  0.3122  0.0600  0.6290  0.2191  0.0480  0.2961  0.0806  0.0305  1.0000  0.1702  0.2026  0.1605  0.6163  0.3843  0.0749  0.0257  0.0000  0.1228  0.0000  0.0000  0.0000
 0.2719  0.0000  0.0521  0.0991  0.0697  0.0398  0.0876  0.0318  0.1043  0.1029  0.1607  0.0512  0.1735  0.1229  0.0781  0.0673  0.7380  1.0000  0.1570  0.0174  0.0000  0.0341  0.0000  0.0000  0.0000
 0.1188  0.0000  0.0223  0.0460  0.0298  0.0111  0.0412  0.0130  0.0308  0.0434  0.0296  0.0159  0.0803  0.2627  0.0334  0.0275  0.8996  1.0000  0.0509  0.0070  0.0000  0.0126  0.0000  0.0000  0.0000
 0.0000  0.0000  0.0000  0.0000  0.0000  0.0000  0.0000  0.0000  0.0000  0.0000  0.0000  0.0000  0.0000  0.0000  0.0000  0.0000  1.0000  0.0000  0.0000  0.0000  0.0000  0.0000  0.0000  0.0000  0.0000
 0.1933  0.0000  0.0092  0.0179  0.0133  0.0047  0.0212  0.0051  0.0124  0.0180  0.0126  0.0064  0.0296  0.0227  0.0135  0.0114  0.4956  1.0000  0.0218  0.0027  0.0000  0.0051  0.0000  0.0000  0.0000
 0.0000  0.0000  0.0000  0.0000  0.0000  0.0000  0.0000  0.0000  0.0000  0.0000  0.0000  0.0000  0.0000  0.0000  0.0000  1.0000  0.0000  0.0000  0.0000  0.0000  0.0000  0.0000  0.0000  0.0000  0.0000
//
