WARNING! Q277 not allowed! score: 0.02 median: 2.77 # of sequence: 158
ID   UNK_ID; MATRIX
AC   UNK_AC
DE   UNK_DE
MA   UNK_BL
  A   B   C   D   E   F   G   H   I   K   L   M   N   P   Q   R   S   T   V   W   X   Y   Z   *   -
 0.2614  0.0000  0.0554  0.0197  0.0466  0.1553  0.0157  0.0210  0.4913  0.0526  1.0000  0.5024  0.0329  0.0675  0.0513  0.0382  0.0675  0.8149  0.6865  0.0202  0.0000  0.0305  0.0000  0.0000  0.0000
 0.8565  0.0000  0.0070  0.0200  0.0122  0.0036  0.0178  0.0052  0.0093  0.0159  0.0094  0.0049  0.3351  0.0177  0.0800  0.0099  1.0000  0.2168  0.0155  0.0022  0.0000  0.0044  0.0000  0.0000  0.0000
 0.5684  0.0000  0.0465  0.1974  0.2526  0.0292  0.2743  0.0455  0.0812  0.3643  0.1079  0.0455  0.2585  0.1441  0.1703  0.1510  0.9733  1.0000  0.3683  0.0140  0.0000  0.0294  0.0000  0.0000  0.0000
 0.0831  0.0000  0.0016  0.0024  0.0225  0.0007  0.0072  0.0005  0.0013  0.0023  0.0018  0.0009  0.0027  1.0000  0.0017  0.0015  0.0643  0.0813  0.0031  0.0003  0.0000  0.0006  0.0000  0.0000  0.0000
 0.5303  0.0000  0.0375  0.5092  0.8029  0.0351  0.3333  0.1222  0.1313  0.7341  0.2594  0.0743  0.4184  0.3429  0.5313  0.9738  1.0000  0.4023  0.2002  0.0121  0.0000  0.0268  0.0000  0.0000  0.0000
 1.0000  0.0000  0.0364  0.3593  0.5887  0.0506  0.2323  0.0949  0.1214  0.7190  0.2003  0.0698  0.3961  0.4899  0.5568  0.4814  0.9248  0.3486  0.2123  0.0169  0.0000  0.0836  0.0000  0.0000  0.0000
 0.8948  0.0000  0.0544  0.6095  0.9996  0.0590  0.4190  0.1258  0.2482  1.0000  0.4490  0.1361  0.5052  0.2883  0.5746  0.5129  0.9147  0.7996  0.5753  0.0194  0.0000  0.0521  0.0000  0.0000  0.0000
 0.6797  0.0000  0.0375  0.4121  0.6832  0.0803  0.2531  0.0872  0.1280  0.7238  0.2566  0.0723  0.3568  0.2641  0.4161  0.3476  1.0000  0.4871  0.3712  0.0139  0.0000  0.0394  0.0000  0.0000  0.0000
 0.6874  0.0000  0.0468  0.5804  1.0000  0.0437  0.3551  0.1710  0.1640  0.8852  0.3879  0.0928  0.5206  0.2937  0.5919  0.5887  0.6554  0.5280  0.2501  0.0150  0.0000  0.0332  0.0000  0.0000  0.0000
 0.7643  0.0000  0.0531  0.6245  1.0000  0.0502  0.3792  0.1209  0.1924  0.9324  0.3289  0.1169  0.4952  0.2823  0.5844  0.5252  0.7485  0.5717  0.2903  0.0172  0.0000  0.0387  0.0000  0.0000  0.0000
 0.4905  0.0000  0.0293  0.3415  0.5949  0.0494  0.6800  0.0667  0.1020  0.6318  0.1645  0.0577  0.4210  0.3163  0.3766  0.2854  1.0000  0.3974  0.1554  0.0095  0.0000  0.0217  0.0000  0.0000  0.0000
 0.6816  0.0000  0.0367  0.4305  0.7532  0.0342  0.3276  0.0834  0.1285  0.8289  0.2941  0.0727  0.7670  0.2461  0.7018  0.6900  1.0000  0.5406  0.1959  0.0118  0.0000  0.0260  0.0000  0.0000  0.0000
 0.9103  0.0000  0.0259  0.3039  0.7264  0.0243  0.2265  0.1611  0.2567  0.5707  0.1464  0.0513  0.2798  0.7916  0.4450  0.3631  1.0000  0.4750  0.2463  0.0084  0.0000  0.0186  0.0000  0.0000  0.0000
 0.9888  0.0000  0.0902  0.6025  0.9551  0.2147  0.4376  0.2397  0.2610  0.9465  0.4248  0.1473  0.7011  0.2927  1.0000  0.6378  0.9769  0.7166  0.4111  0.1023  0.0000  0.3029  0.0000  0.0000  0.0000
 0.2828  0.0000  0.0103  0.1532  0.2739  0.0096  0.1011  0.0235  0.0566  0.2971  0.0585  0.0430  0.2641  1.0000  0.2339  0.1299  0.3506  0.2499  0.1931  0.0033  0.0000  0.0073  0.0000  0.0000  0.0000
 0.6860  0.0000  0.0150  0.2118  0.4220  0.0140  0.1856  0.0341  0.0525  0.4813  0.1806  0.0297  0.2351  0.1820  0.2343  0.1473  1.0000  0.5619  0.1492  0.0048  0.0000  0.0106  0.0000  0.0000  0.0000
 1.0000  0.0000  0.0359  0.4474  0.8640  0.0335  0.5880  0.1276  0.1259  0.7231  0.2031  0.0925  0.5119  0.2742  0.4236  0.3532  0.6298  0.5635  0.1920  0.0115  0.0000  0.0255  0.0000  0.0000  0.0000
 0.7972  0.0000  0.0645  0.5966  1.0000  0.0448  0.3420  0.1091  0.1812  0.8720  0.2841  0.0951  0.4777  0.2644  0.5882  0.4860  0.7172  0.5590  0.2770  0.0154  0.0000  0.0340  0.0000  0.0000  0.0000
 0.5667  0.0000  0.0300  0.3846  0.8567  0.0280  0.3633  0.0681  0.1051  1.0000  0.1695  0.0594  0.4410  0.7472  0.3898  0.5723  0.5167  0.4786  0.1946  0.0096  0.0000  0.0212  0.0000  0.0000  0.0000
 0.7557  0.0000  0.0527  0.6166  1.0000  0.0503  0.3964  0.1223  0.1931  0.9118  0.3087  0.1078  0.4981  0.2766  0.5837  0.5213  0.7406  0.5770  0.2956  0.0172  0.0000  0.0392  0.0000  0.0000  0.0000
 0.9297  0.0000  0.0879  0.5009  1.0000  0.0399  0.3502  0.0970  0.1495  0.9255  0.3155  0.0846  0.3955  0.3438  0.6755  0.4562  0.7022  0.6899  0.2497  0.0137  0.0000  0.0303  0.0000  0.0000  0.0000
 0.7316  0.0000  0.0981  0.5654  0.8790  0.0399  0.3048  0.0972  0.1732  1.0000  0.2608  0.0848  0.4304  0.2326  0.4913  0.4923  0.7614  0.6340  0.2416  0.0137  0.0000  0.0303  0.0000  0.0000  0.0000
 0.7507  0.0000  0.0528  0.6202  1.0000  0.0493  0.3779  0.1203  0.1850  0.9233  0.2990  0.1046  0.4905  0.2724  0.5854  0.5199  0.7292  0.5671  0.2865  0.0170  0.0000  0.0374  0.0000  0.0000  0.0000
 0.7935  0.0000  0.0518  0.6502  1.0000  0.0484  0.4401  0.1258  0.1816  0.9159  0.2979  0.1373  0.6050  0.3544  0.6120  0.5271  0.8099  0.6208  0.3105  0.0167  0.0000  0.0367  0.0000  0.0000  0.0000
 0.7676  0.0000  0.0393  0.5339  1.0000  0.0366  0.3388  0.1133  0.1377  0.8109  0.2362  0.0779  0.4006  0.2162  0.4803  0.4835  0.7708  0.5430  0.2100  0.0126  0.0000  0.0278  0.0000  0.0000  0.0000
 0.4012  0.0000  0.0197  0.2613  0.4071  0.0218  0.1346  0.0457  0.1137  0.3258  0.2194  0.0383  0.6038  0.1623  0.3446  0.3465  1.0000  0.8928  0.2081  0.0071  0.0000  0.0483  0.0000  0.0000  0.0000
 0.8211  0.0000  0.0562  0.6130  1.0000  0.0730  0.4149  0.1435  0.2363  0.9460  0.3622  0.1063  0.4972  0.2773  0.5565  0.4987  0.9007  0.6009  0.2932  0.0229  0.0000  0.1233  0.0000  0.0000  0.0000
 0.9963  0.0000  0.0419  0.5943  0.9562  0.0392  0.3797  0.0953  0.1724  0.9397  0.2994  0.0830  0.4691  0.2152  0.8094  0.5298  1.0000  0.6424  0.3514  0.0135  0.0000  0.0549  0.0000  0.0000  0.0000
 0.6915  0.0000  0.0467  0.5740  1.0000  0.0436  0.4501  0.1226  0.1635  0.8935  0.3245  0.0925  0.4618  0.2763  0.7395  0.4587  0.6722  0.5326  0.2853  0.0150  0.0000  0.0331  0.0000  0.0000  0.0000
 0.3281  0.0000  0.0184  0.2910  0.4295  0.0174  0.2205  0.0418  0.1014  0.3960  0.1036  0.0725  0.3315  1.0000  0.3463  0.2372  0.3282  0.3917  0.1307  0.0060  0.0000  0.0796  0.0000  0.0000  0.0000
 0.5826  0.0000  0.0246  0.4251  0.8591  0.0229  0.2458  0.0559  0.0862  0.5869  0.1390  0.0488  0.3158  0.4539  0.4328  0.2418  1.0000  0.3793  0.1877  0.0079  0.0000  0.0174  0.0000  0.0000  0.0000
 0.5043  0.0000  0.0092  0.2100  0.4180  0.0086  0.0656  0.0209  0.0323  0.5007  0.0520  0.0182  0.2715  0.1542  0.3329  0.2299  1.0000  0.2919  0.0492  0.0030  0.0000  0.0065  0.0000  0.0000  0.0000
 0.4187  0.0000  0.0128  0.1463  0.4678  0.0477  0.1097  0.0552  0.1846  0.3255  0.1264  0.0250  0.1602  1.0000  0.2275  0.1825  0.6368  0.4338  0.1144  0.0043  0.0000  0.0106  0.0000  0.0000  0.0000
 0.5768  0.0000  0.0267  0.3267  0.5430  0.0249  0.2244  0.0714  0.1123  1.0000  0.2125  0.0528  0.2697  0.2134  0.3561  0.2620  0.5478  0.4363  0.1761  0.0086  0.0000  0.0189  0.0000  0.0000  0.0000
 0.5533  0.0000  0.0365  0.4281  0.7449  0.0341  0.3661  0.0829  0.1743  1.0000  0.2061  0.0899  0.3461  0.2378  0.4303  0.4163  0.5360  0.5327  0.2832  0.0117  0.0000  0.0259  0.0000  0.0000  0.0000
 0.0196  0.0000  0.0019  0.0042  0.0263  0.0038  0.1760  0.0161  0.0079  1.0000  0.0185  0.0061  0.0182  0.0146  0.1191  0.5528  0.0760  0.0376  0.1280  0.0028  0.0000  0.0081  0.0000  0.0000  0.0000
 0.1207  0.0000  0.0058  0.0685  0.3495  0.0055  0.0882  0.1921  0.0205  1.0000  0.0330  0.0116  0.1939  0.0519  0.5936  0.9704  0.2559  0.3601  0.0731  0.0019  0.0000  0.0042  0.0000  0.0000  0.0000
 0.0482  0.0000  0.0129  0.0077  0.0139  0.4815  0.0124  0.0145  0.3765  0.0175  0.9187  0.1375  0.0136  0.0190  0.0233  0.1749  0.0167  0.2161  0.2166  1.0000  0.0000  0.0266  0.0000  0.0000  0.0000
 0.7741  0.0000  0.0899  0.5914  1.0000  0.0692  0.3656  0.2660  0.2006  0.9000  0.4323  0.1059  0.4800  0.2626  0.5865  0.7391  0.7740  0.7852  0.3050  0.0220  0.0000  0.0677  0.0000  0.0000  0.0000
 0.0023  0.0000  0.0007  0.0004  0.0006  0.0339  0.0007  0.0003  0.2752  0.0009  1.0000  0.0829  0.0006  0.0008  0.0009  0.0008  0.0156  0.0019  0.4601  0.0006  0.0000  0.0011  0.0000  0.0000  0.0000
 0.0686  0.0000  0.0032  0.3803  0.3132  0.0030  1.0000  0.0424  0.0099  0.0778  0.0161  0.0056  0.2167  0.0161  0.0718  0.0285  0.1671  0.0610  0.0151  0.0011  0.0000  0.0031  0.0000  0.0000  0.0000
 0.1115  0.0000  0.0119  0.7329  0.1639  0.0226  0.1047  0.0972  0.0524  1.0000  0.1020  0.2375  0.2965  0.0859  0.2427  0.9023  0.1099  0.1182  0.0583  0.0163  0.0000  0.0491  0.0000  0.0000  0.0000
 0.0006  0.0000  0.0003  0.0001  0.0002  1.0000  0.0001  0.0000  0.0014  0.0000  0.0034  0.0007  0.0000  0.0002  0.0000  0.0000  0.0004  0.0004  0.0013  0.0031  0.0000  0.6143  0.0000  0.0000  0.0000
 0.0027  0.0000  0.0001  0.4018  1.0000  0.0003  0.0012  0.0007  0.0003  0.0027  0.0006  0.0002  0.0013  0.0017  0.0035  0.0008  0.0014  0.0012  0.0006  0.0001  0.0000  0.0004  0.0000  0.0000  0.0000
 0.0009  0.0000  0.0003  0.0002  0.0003  0.0020  0.0003  0.0001  1.0000  0.0004  0.3136  0.0652  0.0003  0.0003  0.0003  0.0003  0.0003  0.0008  0.0967  0.0002  0.0000  0.0005  0.0000  0.0000  0.0000
 0.0000  0.0000  0.0000  0.0000  0.0000  0.0000  1.0000  0.0000  0.0000  0.0000  0.0000  0.0000  0.0000  0.0000  0.0000  0.0000  0.0000  0.0000  0.0000  0.0000  0.0000  0.0000  0.0000  0.0000  0.0000
 0.0014  0.0000  0.0001  0.0003  0.0019  0.0003  0.0011  0.0012  0.0006  0.5020  0.0014  0.0004  0.0013  0.0011  0.0032  1.0000  0.0011  0.0014  0.0008  0.0002  0.0000  0.0006  0.0000  0.0000  0.0000
 0.3142  0.0000  0.0396  0.0229  0.0350  0.0784  0.0763  0.0123  0.2204  0.0408  0.7714  0.1355  0.0323  1.0000  0.0358  0.0289  0.1363  0.5876  0.2956  0.0117  0.0000  0.0162  0.0000  0.0000  0.0000
 0.0008  0.0000  0.0002  0.0001  0.0002  0.0020  0.0002  0.0002  0.1652  0.0003  1.0000  0.0025  0.0002  0.0003  0.0004  0.0003  0.0002  0.0004  0.0022  0.0002  0.0000  0.0003  0.0000  0.0000  0.0000
 0.0000  0.0000  0.0000  0.0000  0.0000  0.0000  1.0000  0.0000  0.0000  0.0000  0.0000  0.0000  0.0000  0.0000  0.0000  0.0000  0.0000  0.0000  0.0000  0.0000  0.0000  0.0000  0.0000  0.0000  0.0000
 0.0076  0.0000  0.0007  0.0017  0.4862  0.0016  0.0053  0.1784  0.0032  1.0000  0.0076  0.0025  0.0073  0.0060  0.1029  0.3545  0.0062  0.0522  0.0043  0.0012  0.0000  0.0034  0.0000  0.0000  0.0000
 0.0000  0.0000  0.0000  0.0000  0.0000  0.0000  1.0000  0.0000  0.0000  0.0000  0.0000  0.0000  0.0000  0.0000  0.0000  0.0000  0.0000  0.0000  0.0000  0.0000  0.0000  0.0000  0.0000  0.0000  0.0000
 0.0133  0.0000  0.0020  0.0057  0.0120  0.0022  0.0080  0.0074  0.0049  1.0000  0.0089  0.0033  0.0384  0.0089  0.0190  0.0996  0.0507  0.6183  0.0069  0.0016  0.0000  0.0041  0.0000  0.0000  0.0000
 0.0000  0.0000  0.0000  0.0000  0.0000  1.0000  0.0000  0.0000  0.0000  0.0000  0.0000  0.0000  0.0000  0.0000  0.0000  0.0000  0.0000  0.0000  0.0000  0.0000  0.0000  0.0000  0.0000  0.0000  0.0000
 0.6363  0.0000  0.0012  0.0009  0.0010  0.0005  1.0000  0.0002  0.0005  0.0011  0.0011  0.0005  0.0008  0.0029  0.0008  0.0008  0.0058  0.0020  0.0019  0.0002  0.0000  0.0004  0.0000  0.0000  0.0000
 0.0614  0.0000  0.0069  0.0454  0.0844  0.0125  0.0635  0.0551  0.0235  1.0000  0.0555  0.0184  0.7122  0.0478  0.1330  0.6176  0.1281  0.0666  0.0316  0.0091  0.0000  0.0278  0.0000  0.0000  0.0000
 0.0000  0.0000  0.0000  0.0000  0.0000  0.0000  0.0000  0.0000  0.0000  0.0000  0.0000  0.0000  0.0000  0.0000  0.0000  0.0000  0.0000  0.0000  1.0000  0.0000  0.0000  0.0000  0.0000  0.0000  0.0000
 0.0171  0.0000  0.0017  0.0030  0.0237  0.0037  0.0121  0.0263  0.0074  0.3563  0.0270  0.0057  0.0166  0.0134  0.0405  0.1739  0.0140  0.0183  0.0098  0.0027  0.0000  1.0000  0.0000  0.0000  0.0000
 0.0150  0.0000  0.0048  0.0046  0.0067  0.3445  0.0075  0.1522  0.0337  0.0075  1.0000  0.0465  0.0073  0.0062  0.0084  0.0086  0.0191  0.0106  0.0240  0.0052  0.0000  0.1106  0.0000  0.0000  0.0000
 1.0000  0.0000  0.0006  0.0004  0.0005  0.0002  0.0197  0.0001  0.0002  0.0005  0.0005  0.0002  0.0003  0.0014  0.0004  0.0004  0.0028  0.0009  0.0181  0.0001  0.0000  0.0002  0.0000  0.0000  0.0000
 0.0009  0.0000  0.0001  0.0002  0.0012  0.0002  0.0006  0.0008  0.0004  0.1495  0.0009  0.0003  0.0008  0.0007  0.0141  1.0000  0.0007  0.0009  0.0005  0.0001  0.0000  0.0004  0.0000  0.0000  0.0000
 0.0418  0.0000  0.0020  0.1741  1.0000  0.0048  0.0293  0.0311  0.0059  0.0439  0.0620  0.0041  0.4985  0.0254  0.0514  0.0144  0.0333  0.0593  0.0301  0.0022  0.0000  0.0076  0.0000  0.0000  0.0000
 0.2693  0.0000  0.0202  0.1112  0.2005  0.0203  0.0786  0.0412  0.1219  1.0000  0.1742  0.0338  0.1063  0.0709  0.1620  0.4840  0.2654  0.3362  0.3625  0.0076  0.0000  0.0215  0.0000  0.0000  0.0000
 0.1016  0.0000  0.0050  0.1750  1.0000  0.0047  0.1002  0.0114  0.0649  0.8890  0.0284  0.0100  0.0745  0.0259  0.5383  0.1795  0.3687  0.0540  0.0519  0.0016  0.0000  0.0036  0.0000  0.0000  0.0000
 0.0080  0.0000  0.0016  0.0039  0.0022  0.0008  0.0348  0.0011  0.0022  0.0032  0.0285  0.0011  0.1737  0.0369  0.0025  0.0020  1.0000  0.7693  0.0036  0.0005  0.0000  0.0010  0.0000  0.0000  0.0000
 0.0442  0.0000  0.0066  0.1416  0.0638  0.0087  1.0000  0.2143  0.0125  0.9297  0.0283  0.0269  0.2522  0.0329  0.2340  0.1852  0.0692  0.0454  0.0174  0.0054  0.0000  0.0199  0.0000  0.0000  0.0000
 0.1856  0.0000  0.0071  0.4815  1.0000  0.1277  0.0726  0.0553  0.0307  0.1785  0.0549  0.0213  0.0804  0.1079  0.2373  0.0548  0.0968  0.0865  0.0524  0.0121  0.0000  0.0697  0.0000  0.0000  0.0000
 0.5950  0.0000  0.1064  0.1014  0.0849  0.0462  0.3014  0.0377  0.9292  0.1094  0.0963  0.0458  0.3059  0.4100  0.0829  0.0755  1.0000  0.8081  0.5544  0.0198  0.0000  0.0517  0.0000  0.0000  0.0000
 0.0047  0.0000  0.1728  0.0003  0.0008  0.0037  0.0003  0.0004  0.0111  0.0009  0.2144  0.0349  0.0006  0.0013  0.0010  0.0007  0.0009  0.0032  1.0000  0.0005  0.0000  0.0006  0.0000  0.0000  0.0000
 1.0000  0.0000  0.0005  0.0004  0.0005  0.0002  0.0250  0.0001  0.0002  0.0005  0.0005  0.0002  0.0003  0.0013  0.0004  0.0004  0.0026  0.0009  0.0008  0.0001  0.0000  0.0002  0.0000  0.0000  0.0000
 0.0016  0.0000  0.0004  0.0002  0.0004  0.0042  0.0003  0.0003  0.5743  0.0005  1.0000  0.0216  0.0004  0.0007  0.0008  0.0005  0.0005  0.0010  0.0166  0.0005  0.0000  0.0006  0.0000  0.0000  0.0000
 0.0000  0.0000  0.0000  0.0000  0.0000  0.0000  0.0000  0.0000  0.0000  1.0000  0.0000  0.0000  0.0000  0.0000  0.0000  0.0000  0.0000  0.0000  0.0000  0.0000  0.0000  0.0000  0.0000  0.0000  0.0000
 0.0013  0.0000  0.0003  0.0001  0.0003  0.0007  0.0002  0.0000  0.3351  0.0003  0.0041  0.0155  0.0002  0.0003  0.0002  0.0002  0.0003  0.0237  1.0000  0.0001  0.0000  0.0003  0.0000  0.0000  0.0000
 0.0007  0.0000  0.0002  0.0001  0.0002  0.0020  0.0001  0.0001  0.1447  0.0003  1.0000  0.0286  0.0002  0.0003  0.0004  0.0003  0.0002  0.0004  0.0021  0.0002  0.0000  0.0003  0.0000  0.0000  0.0000
 0.3129  0.0000  0.0911  0.8813  0.3404  0.2853  0.6475  0.3448  0.1375  0.3115  0.2358  0.0808  1.0000  0.1885  0.2440  0.2188  0.5388  0.2834  0.1816  0.0734  0.0000  0.3964  0.0000  0.0000  0.0000
 0.0007  0.0000  0.0001  0.0002  0.0009  0.0002  0.0006  0.0006  0.0003  1.0000  0.0007  0.0002  0.0007  0.0006  0.0016  0.0302  0.0006  0.0007  0.0004  0.0001  0.0000  0.0003  0.0000  0.0000  0.0000
 0.3102  0.0000  0.0097  0.3165  0.9996  0.0090  0.0974  0.0591  0.0340  0.2122  0.0548  0.0192  0.2406  0.0498  0.1620  0.2405  1.0000  0.2496  0.0797  0.0031  0.0000  0.0069  0.0000  0.0000  0.0000
 0.0575  0.0000  0.0004  0.0025  0.3689  0.0010  0.0035  0.0353  0.0020  0.7276  0.0046  0.0015  0.0377  0.0038  1.0000  0.0511  0.0041  0.0051  0.0027  0.0007  0.0000  0.0020  0.0000  0.0000  0.0000
 0.0342  0.0000  0.0014  0.0008  0.0012  0.0068  0.0013  0.0003  0.7754  0.0017  1.0000  0.0397  0.0011  0.0013  0.0011  0.0014  0.0016  0.0047  0.7064  0.0008  0.0000  0.0020  0.0000  0.0000  0.0000
 0.7385  0.0000  0.0729  0.5893  1.0000  0.1248  0.3943  0.1714  0.2162  0.8816  0.4334  0.1297  0.4808  0.2707  0.6160  0.5195  0.7064  0.5611  0.3305  0.0365  0.0000  0.1481  0.0000  0.0000  0.0000
 0.0322  0.0000  0.0002  0.0385  0.0955  0.0004  0.0022  0.0014  0.0010  1.0000  0.0019  0.0007  0.0028  0.0024  0.2596  0.0920  0.0347  0.0031  0.0016  0.0002  0.0000  0.0006  0.0000  0.0000  0.0000
 1.0000  0.0000  0.2014  0.5630  0.8610  0.7068  0.6356  0.7147  0.4723  0.7735  0.7777  0.2663  0.6083  0.3507  0.5920  0.6261  0.9020  0.6817  0.6675  0.1868  0.0000  0.9826  0.0000  0.0000  0.0000
 0.0346  0.0000  0.0043  0.0413  0.0488  0.0071  1.0000  0.1121  0.0124  0.8101  0.0292  0.0097  0.2619  0.0272  0.1588  0.3422  0.1128  0.0369  0.0167  0.0050  0.0000  0.0161  0.0000  0.0000  0.0000
 0.0034  0.0000  0.0009  0.0005  0.0008  0.0060  0.0009  0.0003  0.1149  0.0012  0.3681  0.4930  0.0263  0.0010  0.0010  0.0010  0.0011  0.0028  1.0000  0.0007  0.0000  0.0014  0.0000  0.0000  0.0000
 0.4488  0.0000  0.0810  0.0359  0.4773  0.0459  0.0045  0.0169  0.5264  0.0670  0.2997  0.1192  0.0306  0.0893  0.0758  0.0359  0.0624  0.2882  1.0000  0.0077  0.0000  0.0143  0.0000  0.0000  0.0000
 0.2889  0.0000  0.0037  0.3426  0.8495  0.0092  0.1378  1.0000  0.0147  0.3850  0.0263  0.0103  0.0696  0.0816  0.1198  0.0392  0.0701  0.0677  0.0262  0.0042  0.0000  0.0127  0.0000  0.0000  0.0000
 0.0017  0.0000  0.0003  0.0035  0.0017  0.0003  0.0090  0.0936  0.0003  0.0024  0.0007  0.0002  0.0038  0.0013  1.0000  0.0018  0.0022  0.0011  0.0005  0.0002  0.0000  0.0006  0.0000  0.0000  0.0000
 0.0022  0.0000  0.0007  0.0005  0.0006  0.0040  0.0010  0.0001  0.8908  0.0010  1.0000  0.0042  0.0006  0.0005  0.0005  0.0008  0.0009  0.0024  0.3473  0.0005  0.0000  0.0014  0.0000  0.0000  0.0000
 0.0196  0.0000  0.0002  0.0003  0.0022  0.0003  0.0012  0.0014  0.0007  0.5367  0.0016  0.0005  0.0015  0.0012  0.0037  1.0000  0.0013  0.0017  0.0009  0.0002  0.0000  0.0007  0.0000  0.0000  0.0000
 0.0000  0.0000  0.0000  0.0000  0.0000  0.0000  0.0000  0.0000  0.0000  0.0000  0.0000  0.0000  0.0000  0.0000  0.0000  1.0000  0.0000  0.0000  0.0000  0.0000  0.0000  0.0000  0.0000  0.0000  0.0000
 0.0000  0.0000  0.0000  0.0000  1.0000  0.0000  0.0000  0.0000  0.0000  0.0000  0.0000  0.0000  0.0000  0.0000  0.0000  0.0000  0.0000  0.0000  0.0000  0.0000  0.0000  0.0000  0.0000  0.0000  0.0000
 0.0005  0.0000  0.0002  0.0001  0.0001  0.0006  0.0002  0.0000  1.0000  0.0002  0.0032  0.0006  0.0001  0.0001  0.0001  0.0002  0.0002  0.0005  0.2213  0.0001  0.0000  0.0003  0.0000  0.0000  0.0000
 0.2450  0.0000  0.0869  0.0220  1.0000  0.0058  0.0817  0.0039  0.0073  0.0269  0.0149  0.0069  0.0146  0.0381  0.0146  0.0120  0.5179  0.0348  0.0251  0.0022  0.0000  0.0049  0.0000  0.0000  0.0000
 0.0043  0.0000  0.0010  0.0004  0.0008  0.0015  0.0004  0.0001  1.0000  0.0009  0.0086  0.0018  0.0005  0.0009  0.0005  0.0006  0.0010  0.2927  0.1081  0.0002  0.0000  0.0007  0.0000  0.0000  0.0000
 0.0323  0.0000  0.0081  0.0040  0.0086  0.0840  0.0070  0.0065  0.1574  0.0123  0.6157  0.5873  0.0079  0.0136  1.0000  0.0120  0.0094  0.0185  0.0867  0.0099  0.0000  0.0106  0.0000  0.0000  0.0000
 0.2314  0.0000  0.0029  0.0053  0.0354  0.0053  0.0206  0.0222  0.0109  0.6673  0.0256  0.0085  0.0249  0.0209  0.0922  0.4155  1.0000  0.0286  0.0150  0.0040  0.0000  0.0113  0.0000  0.0000  0.0000
 0.1802  0.0000  0.0238  0.1847  0.2379  0.0611  0.2127  0.7400  0.1086  1.0000  0.6421  0.0791  0.4705  0.1372  0.3559  0.9348  0.2020  0.1870  0.1097  0.0281  0.0000  0.0835  0.0000  0.0000  0.0000
 0.0014  0.0000  0.0004  0.0003  0.0004  0.0026  0.0006  0.0001  0.3065  0.0006  1.0000  0.0029  0.0004  0.0004  0.0004  0.0005  0.0006  0.0014  0.3579  0.0003  0.0000  0.0008  0.0000  0.0000  0.0000
 0.0109  0.0000  0.0001  0.0002  0.0020  0.0003  0.0010  0.0322  0.0006  0.2391  0.0014  0.0005  0.0014  0.0011  0.0781  1.0000  0.0012  0.0115  0.0008  0.0002  0.0000  0.0006  0.0000  0.0000  0.0000
 0.0000  0.0000  0.0000  0.0000  0.0000  0.0000  0.0000  1.0000  0.0000  0.0000  0.0000  0.0000  0.0000  0.0000  0.0000  0.0000  0.0000  0.0000  0.0000  0.0000  0.0000  0.0000  0.0000  0.0000  0.0000
 0.0157  0.0000  0.0002  0.0154  0.0021  0.0002  0.0031  0.0010  0.0002  0.0141  0.0004  0.0001  0.0275  1.0000  0.0013  0.0187  0.0025  0.0012  0.0003  0.0001  0.0000  0.0005  0.0000  0.0000  0.0000
 0.0009  0.0000  0.0002  0.0042  0.0012  0.0002  0.0030  0.0700  0.0001  0.0012  0.0002  0.0001  1.0000  0.0007  0.0008  0.0006  0.0140  0.0009  0.0001  0.0001  0.0000  0.0005  0.0000  0.0000  0.0000
 0.0006  0.0000  0.0002  0.0001  0.0002  0.0008  0.0003  0.0000  1.0000  0.0002  0.0042  0.0007  0.0002  0.0001  0.0001  0.0002  0.0002  0.0007  0.4209  0.0001  0.0000  0.0004  0.0000  0.0000  0.0000
 0.0021  0.0000  0.0006  0.0004  0.0005  0.0037  0.0007  0.0002  0.1290  0.0008  1.0000  0.0041  0.0005  0.0006  0.0006  0.0007  0.0007  0.0019  0.5964  0.0004  0.0000  0.0010  0.0000  0.0000  0.0000
 0.0015  0.0000  0.0001  0.0003  0.0447  0.0003  0.0011  0.0149  0.0006  0.0202  0.0015  0.0005  0.0015  0.0012  0.2217  1.0000  0.0012  0.0201  0.0009  0.0002  0.0000  0.0007  0.0000  0.0000  0.0000
 0.0009  0.0000  0.0002  0.0001  0.0002  0.0192  0.0002  0.0002  0.0914  0.0003  1.0000  0.1711  0.0002  0.0004  0.0004  0.0003  0.0002  0.0005  0.0024  0.0003  0.0000  0.0003  0.0000  0.0000  0.0000
 0.0023  0.0000  0.0007  0.0032  0.0019  0.2492  0.0029  0.0459  0.0014  0.0245  0.0024  0.0008  0.0193  0.0012  0.0019  0.0028  0.0028  0.0020  0.0018  0.0007  0.0000  1.0000  0.0000  0.0000  0.0000
 0.2822  0.0000  0.0211  0.2421  0.8872  0.0135  1.0000  0.0461  0.0108  0.0811  0.0233  0.0098  0.5031  0.0697  0.0649  0.0398  0.1707  0.0670  0.0296  0.0062  0.0000  0.0257  0.0000  0.0000  0.0000
 0.0456  0.0000  0.0158  0.0200  0.0162  0.0166  0.0352  0.2364  0.0338  0.0220  0.0450  0.0125  0.0198  0.0193  0.0145  0.0216  0.0215  0.0291  0.8178  0.0068  0.0000  1.0000  0.0000  0.0000  0.0000
 0.0033  0.0000  0.0010  0.0004  0.0008  1.0000  0.0006  0.0006  0.0152  0.0010  0.0742  0.5984  0.0007  0.0014  0.0015  0.0010  0.0011  0.0019  0.0087  0.0032  0.0000  0.0103  0.0000  0.0000  0.0000
 1.0000  0.0000  0.0666  0.3010  0.1523  0.0825  0.6461  0.7515  0.0567  0.1829  0.1085  0.0420  0.3459  0.1627  0.1394  0.1330  0.3771  0.1605  0.1183  0.0265  0.0000  0.5552  0.0000  0.0000  0.0000
 0.0082  0.0000  0.0017  1.0000  0.0033  0.0009  0.0050  0.0017  0.0022  0.0039  0.0021  0.0011  0.0098  0.0043  0.0030  0.0023  0.4872  0.1953  0.0035  0.0006  0.0000  0.0012  0.0000  0.0000  0.0000
 0.4787  0.0000  0.0078  0.3759  0.2169  0.0073  0.0557  0.0178  0.0274  1.0000  0.0442  0.0155  0.1450  0.0402  0.2384  0.3068  0.3334  0.1018  0.0587  0.0025  0.0000  0.0055  0.0000  0.0000  0.0000
 0.3712  0.0000  0.0187  0.0552  0.0876  0.0051  0.0338  0.0113  0.0347  0.6008  0.0276  0.0098  0.1073  0.0254  0.0936  0.1764  0.2707  1.0000  0.1535  0.0018  0.0000  0.0043  0.0000  0.0000  0.0000
 0.0015  0.0000  0.0001  0.0003  0.0021  0.0003  0.0011  0.0013  0.0006  0.5387  0.0015  0.0005  0.0203  0.0012  0.0035  1.0000  0.0013  0.0016  0.0008  0.0002  0.0000  0.0007  0.0000  0.0000  0.0000
 0.0007  0.0000  0.0002  0.0002  0.0002  0.0009  0.0003  0.0000  1.0000  0.0003  0.0050  0.0009  0.0002  0.0001  0.0001  0.0002  0.0003  0.0008  0.5793  0.0001  0.0000  0.0005  0.0000  0.0000  0.0000
 0.0006  0.0000  0.0152  0.0001  0.0002  0.3453  0.0001  0.0000  0.0153  0.0000  0.0032  0.0006  0.0000  0.0002  0.0000  0.0000  0.0004  0.0004  0.0012  0.0030  0.0000  1.0000  0.0000  0.0000  0.0000
 0.0024  0.0000  0.0006  0.0003  0.0006  0.2577  0.0005  0.0005  0.3817  0.0008  1.0000  0.0196  0.0006  0.0010  0.0012  0.0008  0.0007  0.0014  0.0159  0.0008  0.0000  0.0008  0.0000  0.0000  0.0000
 0.0189  0.0000  0.0005  0.0002  0.0004  0.0012  0.0003  0.0001  1.0000  0.0005  0.0065  0.0668  0.0003  0.0004  0.0003  0.0004  0.0005  0.0019  0.6537  0.0001  0.0000  0.0005  0.0000  0.0000  0.0000
 0.0009  0.0000  0.0002  0.0001  0.0002  0.0024  0.0002  0.0002  0.0831  0.0003  1.0000  0.2217  0.0002  0.0004  0.0005  0.0003  0.0003  0.0005  0.0213  0.0003  0.0000  0.0003  0.0000  0.0000  0.0000
 0.0012  0.0000  0.0000  0.0253  1.0000  0.0001  0.0004  0.0003  0.0001  0.0012  0.0003  0.0001  0.0005  0.0007  0.0171  0.0003  0.0006  0.0005  0.0003  0.0001  0.0000  0.0001  0.0000  0.0000  0.0000
 0.0007  0.0000  0.0004  0.0001  0.0002  0.5584  0.0001  0.0000  0.0016  0.0000  0.0577  0.0008  0.0000  0.0003  0.0000  0.0000  0.0005  0.0005  0.0015  0.0036  0.0000  1.0000  0.0000  0.0000  0.0000
 1.0000  0.0000  0.0034  0.0022  0.0029  0.0013  0.0157  0.0006  0.0040  0.0031  0.0046  0.0018  0.0019  0.0076  0.0022  0.0022  0.0355  0.0069  0.5888  0.0004  0.0000  0.0009  0.0000  0.0000  0.0000
 0.4156  0.0000  0.0215  0.1215  0.0935  0.0129  0.4913  0.0296  0.0222  0.3846  0.0433  0.0170  0.0953  1.0000  0.0767  0.3324  0.1607  0.6533  0.0475  0.0063  0.0000  0.0176  0.0000  0.0000  0.0000
 0.1248  0.0000  0.0120  0.0231  0.1736  0.0259  0.5998  0.1109  0.0532  1.0000  0.2148  0.0527  0.1819  0.0977  0.3835  0.9712  0.1025  0.1335  0.0706  0.0195  0.0000  0.0560  0.0000  0.0000  0.0000
 0.0000  0.0000  0.0000  0.0000  0.0000  0.0000  1.0000  0.0000  0.0000  0.0000  0.0000  0.0000  0.0000  0.0000  0.0000  0.0000  0.0000  0.0000  0.0000  0.0000  0.0000  0.0000  0.0000  0.0000  0.0000
 0.0381  0.0000  0.0005  0.0082  1.0000  0.0004  0.0030  0.0008  0.0007  0.0034  0.0011  0.0005  0.0017  0.0027  0.0041  0.0011  0.0042  0.1299  0.0016  0.0002  0.0000  0.0005  0.0000  0.0000  0.0000
 0.0011  0.0000  0.0389  0.0001  0.0003  0.0023  0.0002  0.0002  0.0046  0.0003  1.0000  0.0180  0.0002  0.0004  0.0005  0.0003  0.0003  0.0007  0.0913  0.0003  0.0000  0.0003  0.0000  0.0000  0.0000
 0.0009  0.0000  0.0004  0.0001  0.0002  1.0000  0.0001  0.0000  0.0019  0.0000  0.0045  0.0009  0.0000  0.0003  0.0000  0.0000  0.0006  0.0005  0.0017  0.0042  0.0000  0.9550  0.0000  0.0000  0.0000
 0.0910  0.0000  0.0398  0.4777  0.1632  0.0044  0.0524  0.0110  0.0159  1.0000  0.0258  0.0090  0.4323  0.0238  0.0603  0.2605  0.1280  0.0493  0.0243  0.0015  0.0000  0.0035  0.0000  0.0000  0.0000
 0.2336  0.0000  0.0066  0.0453  0.9365  0.0111  0.0479  0.3240  0.1563  1.0000  0.0554  0.0187  0.0640  0.0459  0.1629  0.3420  0.0711  0.1608  0.0375  0.0071  0.0000  0.0199  0.0000  0.0000  0.0000
 0.0015  0.0000  0.0004  0.0003  0.0004  0.0033  0.0005  0.0002  0.4131  0.0006  1.0000  0.0204  0.0004  0.0005  0.0005  0.0005  0.0005  0.0013  0.2355  0.0004  0.0000  0.0007  0.0000  0.0000  0.0000
 1.0000  0.0000  0.0919  0.0887  0.1450  0.0531  0.1830  0.0541  0.2872  0.3071  0.2435  0.1016  0.1411  0.1797  0.8055  0.4366  0.5536  0.6938  0.7729  0.0191  0.0000  0.0443  0.0000  0.0000  0.0000
 0.1659  0.0000  0.0021  0.0803  0.0304  0.0020  0.0175  0.0480  0.0057  1.0000  0.0095  0.0034  0.2050  0.0098  0.0198  0.3172  0.1561  0.1139  0.0087  0.0009  0.0000  0.0026  0.0000  0.0000  0.0000
 0.7429  0.0000  0.0923  0.5919  1.0000  0.0696  0.3627  0.2006  0.1861  0.8927  0.3425  0.1052  0.5078  0.2605  0.6046  0.5218  0.7393  0.5480  0.2971  0.0221  0.0000  0.0757  0.0000  0.0000  0.0000
 0.0520  0.0000  0.0468  0.0663  0.1070  0.0035  1.0000  0.0718  0.0128  0.2903  0.0208  0.0073  0.1438  0.0190  0.1563  0.1205  0.1838  0.1057  0.0196  0.0012  0.0000  0.0028  0.0000  0.0000  0.0000
 0.0048  0.0000  0.0463  0.0010  0.0060  0.0010  0.0032  0.0185  0.0020  0.2863  0.0044  0.0015  0.0045  0.0036  0.0101  1.0000  0.0162  0.1042  0.0232  0.0007  0.0000  0.0020  0.0000  0.0000  0.0000
 0.0025  0.0000  0.0009  0.0003  0.0006  1.0000  0.0004  0.0003  0.0093  0.0005  0.5857  0.1691  0.0003  0.0010  0.0007  0.0005  0.0012  0.0015  0.0060  0.0059  0.0000  0.0588  0.0000  0.0000  0.0000
 0.0827  0.0000  0.0310  1.0000  0.1191  0.0149  0.2322  0.1052  0.0124  0.6823  0.0250  0.0088  0.4258  0.3727  0.0820  0.2097  0.4162  0.0856  0.0194  0.0076  0.0000  0.0368  0.0000  0.0000  0.0000
 0.0013  0.0000  0.0000  0.0379  1.0000  0.0001  0.0005  0.0003  0.0002  0.0013  0.0003  0.0001  0.0005  0.0008  0.0264  0.0003  0.0006  0.0006  0.0003  0.0001  0.0000  0.0002  0.0000  0.0000  0.0000
 0.3515  0.0000  0.0304  1.0000  0.8731  0.0347  0.3437  0.1568  0.0800  0.7192  0.1409  0.0495  0.5395  0.1675  0.7863  0.5016  0.3919  0.2731  0.1225  0.2384  0.0000  0.0533  0.0000  0.0000  0.0000
 0.2625  0.0000  0.0118  0.2004  0.8317  0.0111  0.0841  0.0273  0.0973  0.6171  0.0670  0.0235  0.1094  0.0611  0.3058  1.0000  0.1619  0.2893  0.3067  0.0039  0.0000  0.0086  0.0000  0.0000  0.0000
 1.0000  0.0000  0.0250  0.0019  0.0016  0.0006  0.0056  0.0005  0.0013  0.0021  0.0017  0.0008  0.0029  0.0037  0.0015  0.0014  0.3974  0.3662  0.0029  0.0003  0.0000  0.0006  0.0000  0.0000  0.0000
 1.0000  0.0000  0.0431  0.0348  0.0474  0.0176  0.2444  0.0128  0.0221  0.0816  0.0480  0.0212  0.0336  0.1183  0.0423  0.4117  0.2215  0.0804  0.0749  0.0072  0.0000  0.0152  0.0000  0.0000  0.0000
 0.2378  0.0000  0.0193  0.1404  0.3402  0.0297  0.1413  0.1138  0.0751  1.0000  0.1726  0.0551  0.1826  0.1227  0.4217  0.7821  0.2237  0.5476  0.1069  0.0174  0.0000  0.0490  0.0000  0.0000  0.0000
 0.0006  0.0000  0.0003  0.0001  0.0002  0.0387  0.0001  0.0000  0.1090  0.0000  0.0033  0.0007  0.0000  0.0002  0.0000  0.0000  0.0004  0.0004  0.0012  0.0030  0.0000  1.0000  0.0000  0.0000  0.0000
 0.0086  0.0000  0.0022  0.0010  0.0018  0.7587  0.0015  0.0006  1.0000  0.0023  0.0505  0.1958  0.0014  0.0022  0.0018  0.0018  0.0022  0.0473  0.0919  0.0012  0.0000  0.0029  0.0000  0.0000  0.0000
 0.5713  0.0000  0.0130  0.1842  0.4665  0.0121  0.1063  0.0382  0.0454  0.2871  0.1133  0.0566  0.1201  0.0666  1.0000  0.1803  0.2034  0.2899  0.1110  0.0042  0.0000  0.0092  0.0000  0.0000  0.0000
 0.0642  0.0000  0.0001  0.0367  0.4051  0.0005  0.0023  0.0014  0.0007  0.0059  0.0013  0.0005  0.0025  0.0036  1.0000  0.0016  0.1353  0.0026  0.0014  0.0002  0.0000  0.0007  0.0000  0.0000  0.0000
 0.0008  0.0000  0.0002  0.0001  0.0002  0.0022  0.0002  0.0002  0.0647  0.0003  1.0000  0.2097  0.0002  0.0004  0.0004  0.0003  0.0002  0.0005  0.0156  0.0003  0.0000  0.0003  0.0000  0.0000  0.0000
 1.0000  0.0000  0.1604  0.0377  0.0534  0.0305  0.1029  0.0148  0.7011  0.0600  0.1608  0.0649  0.0545  0.1012  0.0446  0.0372  0.3170  0.3747  0.4704  0.0083  0.0000  0.0156  0.0000  0.0000  0.0000
 0.4373  0.0000  0.0613  0.9971  0.2452  0.0089  0.1381  0.0572  0.0320  0.1942  0.0971  0.0181  1.0000  0.0470  0.1006  0.3581  0.8875  0.0980  0.0487  0.0030  0.0000  0.0071  0.0000  0.0000  0.0000
 1.0000  0.0000  0.0005  0.0003  0.0004  0.0002  0.0023  0.0001  0.0006  0.0005  0.0007  0.0003  0.0003  0.0011  0.0003  0.0003  0.0022  0.0085  0.0066  0.0001  0.0000  0.0001  0.0000  0.0000  0.0000
 0.0027  0.0000  0.0007  0.0004  0.0007  0.0047  0.0006  0.0003  0.0589  0.0009  1.0000  0.0056  0.0006  0.0008  0.0009  0.0008  0.0008  0.0021  0.6547  0.0006  0.0000  0.0010  0.0000  0.0000  0.0000
 0.7315  0.0000  0.0498  0.9653  0.9504  0.0468  0.3989  0.1372  0.2344  1.0000  0.3991  0.1681  0.4868  0.2558  0.5797  0.5245  0.8210  0.6308  0.2902  0.0161  0.0000  0.0357  0.0000  0.0000  0.0000
 0.0004  0.0000  0.0002  0.0001  0.0001  0.1648  0.0001  0.0000  0.0008  0.0000  0.0019  0.0004  0.0000  0.0001  0.0000  0.0000  0.0003  0.0002  0.0007  0.0018  0.0000  1.0000  0.0000  0.0000  0.0000
 0.0024  0.0000  1.0000  0.0003  0.0006  0.0059  0.0006  0.0004  0.0108  0.0008  0.2781  0.0209  0.0005  0.0010  0.0011  0.0008  0.0007  0.0013  0.0061  0.0007  0.0000  0.0009  0.0000  0.0000  0.0000
 0.0000  0.0000  0.0000  0.0000  0.0000  0.0000  0.0000  1.0000  0.0000  0.0000  0.0000  0.0000  0.0000  0.0000  0.0000  0.0000  0.0000  0.0000  0.0000  0.0000  0.0000  0.0000  0.0000  0.0000  0.0000
 0.2624  0.0000  0.0032  0.0618  0.3226  0.0030  0.1190  0.0248  0.0110  0.3427  0.0177  0.0062  0.0296  0.0163  0.0348  0.0886  1.0000  0.0600  0.0168  0.0010  0.0000  0.0023  0.0000  0.0000  0.0000
 0.0019  0.0000  0.0002  0.0004  0.0027  0.0004  0.0014  0.0017  0.0008  1.0000  0.0019  0.0006  0.0157  0.0015  0.0045  0.8336  0.0016  0.0021  0.0011  0.0003  0.0000  0.0009  0.0000  0.0000  0.0000
 0.1099  0.0000  0.0380  0.5183  0.1348  0.0192  1.0000  0.6040  0.0123  0.4929  0.0254  0.0090  0.5053  0.0706  0.0894  0.2092  0.2456  0.0958  0.0196  0.0095  0.0000  0.0477  0.0000  0.0000  0.0000
 0.0006  0.0000  0.0002  0.0001  0.0001  0.0005  0.0002  0.0000  0.1001  0.0002  0.0026  0.0005  0.0001  0.0001  0.0001  0.0001  0.0002  0.0006  1.0000  0.0001  0.0000  0.0002  0.0000  0.0000  0.0000
 0.0131  0.0000  0.0061  0.0022  0.0035  0.3533  0.0026  0.0011  1.0000  0.0011  0.0803  0.1793  0.0009  0.0050  0.0012  0.0011  0.0381  0.0084  0.0305  0.0524  0.0000  0.7852  0.0000  0.0000  0.0000
 0.0000  0.0000  0.0000  0.0000  0.0000  0.0000  0.0000  1.0000  0.0000  0.0000  0.0000  0.0000  0.0000  0.0000  0.0000  0.0000  0.0000  0.0000  0.0000  0.0000  0.0000  0.0000  0.0000  0.0000  0.0000
 0.0000  0.0000  0.0000  0.0000  0.0000  0.0000  0.0000  0.0000  0.0000  0.0000  0.0000  0.0000  0.0000  0.0000  0.0000  1.0000  0.0000  0.0000  0.0000  0.0000  0.0000  0.0000  0.0000  0.0000  0.0000
 0.0000  0.0000  0.0000  1.0000  0.0000  0.0000  0.0000  0.0000  0.0000  0.0000  0.0000  0.0000  0.0000  0.0000  0.0000  0.0000  0.0000  0.0000  0.0000  0.0000  0.0000  0.0000  0.0000  0.0000  0.0000
 0.0019  0.0000  0.0005  0.0002  0.0005  0.0048  0.0004  0.0004  1.0000  0.0006  0.6335  0.0060  0.0005  0.0114  0.0009  0.0006  0.0005  0.0011  0.0056  0.0006  0.0000  0.0006  0.0000  0.0000  0.0000
 0.0000  0.0000  0.0000  0.0000  0.0000  0.0000  0.0000  0.0000  0.0000  1.0000  0.0000  0.0000  0.0000  0.0000  0.0000  0.0000  0.0000  0.0000  0.0000  0.0000  0.0000  0.0000  0.0000  0.0000  0.0000
 0.0023  0.0000  0.0005  0.0016  0.0012  0.0012  0.0045  0.0007  0.0014  0.0016  0.0403  0.0008  0.0008  1.0000  0.0009  0.0015  0.0015  0.0011  0.0013  0.0007  0.0000  0.0008  0.0000  0.0000  0.0000
 0.0000  0.0000  0.0000  0.0000  1.0000  0.0000  0.0000  0.0000  0.0000  0.0000  0.0000  0.0000  0.0000  0.0000  0.0000  0.0000  0.0000  0.0000  0.0000  0.0000  0.0000  0.0000  0.0000  0.0000  0.0000
 0.0000  0.0000  0.0000  0.0000  0.0000  0.0000  0.0000  0.0000  0.0000  0.0000  0.0000  0.0000  1.0000  0.0000  0.0000  0.0000  0.0000  0.0000  0.0000  0.0000  0.0000  0.0000  0.0000  0.0000  0.0000
 0.0008  0.0000  0.0002  0.0001  0.0002  0.0021  0.0002  0.0002  0.1843  0.0003  1.0000  0.0026  0.0002  0.0003  0.0004  0.0003  0.0002  0.0005  0.0023  0.0003  0.0000  0.0003  0.0000  0.0000  0.0000
 0.0000  0.0000  0.0000  0.0000  0.0000  0.0000  0.0000  0.0000  0.0000  0.0000  1.0000  0.0000  0.0000  0.0000  0.0000  0.0000  0.0000  0.0000  0.0000  0.0000  0.0000  0.0000  0.0000  0.0000  0.0000
 0.0013  0.0000  0.0003  0.0002  0.0003  0.0030  0.0003  0.0002  0.0945  0.0004  1.0000  0.0542  0.0003  0.0005  0.0006  0.0004  0.0004  0.0009  0.2606  0.0004  0.0000  0.0005  0.0000  0.0000  0.0000
 0.0066  0.0000  0.0237  0.6666  0.0086  0.0012  1.0000  0.0063  0.0006  0.0083  0.0014  0.0005  0.0471  0.0049  0.0055  0.0042  0.0162  0.0063  0.0011  0.0006  0.0000  0.0032  0.0000  0.0000  0.0000
 0.5366  0.0000  0.1747  0.2057  0.2975  0.7004  0.3272  0.5455  0.4225  0.2894  0.6680  0.2200  0.3045  0.2023  0.2937  0.3445  0.4305  0.3907  0.4975  0.1825  0.0000  1.0000  0.0000  0.0000  0.0000
 0.4051  0.0000  0.0718  0.2415  0.2477  0.1793  0.1841  0.4972  0.1267  0.7146  0.2099  0.0718  1.0000  0.1051  0.3293  0.3356  0.3845  0.2015  0.1694  0.0488  0.0000  0.5356  0.0000  0.0000  0.0000
 0.0022  0.0000  0.0004  0.0014  0.0093  0.0004  1.0000  0.0005  0.0004  0.0009  0.0008  0.0002  0.0011  0.0017  0.0006  0.0008  0.0014  0.0008  0.0006  0.0003  0.0000  0.0004  0.0000  0.0000  0.0000
 0.0841  0.0000  0.0049  0.2789  1.0000  0.0214  0.0326  0.0168  0.0419  0.0811  0.0286  0.0103  0.3575  0.0358  0.0946  0.0366  0.0567  0.0830  0.1699  0.0033  0.0000  0.0110  0.0000  0.0000  0.0000
 0.0009  0.0000  0.0002  0.0001  0.0002  0.0023  0.0002  0.0002  0.2105  0.0003  1.0000  0.0122  0.0002  0.0004  0.0004  0.0003  0.0003  0.0006  0.0695  0.0003  0.0000  0.0004  0.0000  0.0000  0.0000
 0.0008  0.0000  0.0001  0.0011  0.0010  0.0002  0.0015  0.0006  0.0003  1.0000  0.0006  0.0002  0.0082  0.0009  0.0012  0.0026  0.0009  0.0007  0.0003  0.0002  0.0000  0.0003  0.0000  0.0000  0.0000
 0.0007  0.0000  0.0002  0.0002  0.0002  0.0009  0.0003  0.0000  1.0000  0.0003  0.0050  0.0336  0.0002  0.0001  0.0001  0.0002  0.0003  0.0008  0.4779  0.0001  0.0000  0.0004  0.0000  0.0000  0.0000
 0.9267  0.0000  0.0027  0.0021  0.0024  0.0010  0.0471  0.0005  0.0012  0.0026  0.0026  0.0012  0.0020  0.0067  0.0018  0.0019  1.0000  0.0272  0.0044  0.0004  0.0000  0.0008  0.0000  0.0000  0.0000
 0.0000  0.0000  0.0000  1.0000  0.0000  0.0000  0.0000  0.0000  0.0000  0.0000  0.0000  0.0000  0.0000  0.0000  0.0000  0.0000  0.0000  0.0000  0.0000  0.0000  0.0000  0.0000  0.0000  0.0000  0.0000
 0.0000  0.0000  0.0000  0.0000  0.0000  1.0000  0.0000  0.0000  0.0000  0.0000  0.0000  0.0000  0.0000  0.0000  0.0000  0.0000  0.0000  0.0000  0.0000  0.0000  0.0000  0.0000  0.0000  0.0000  0.0000
 0.0000  0.0000  0.0000  0.0000  0.0000  0.0000  1.0000  0.0000  0.0000  0.0000  0.0000  0.0000  0.0000  0.0000  0.0000  0.0000  0.0000  0.0000  0.0000  0.0000  0.0000  0.0000  0.0000  0.0000  0.0000
 0.0036  0.0000  0.0015  0.0015  0.0015  0.0199  0.0034  0.0010  0.0132  0.0015  0.6650  0.0084  0.0011  0.0028  0.0017  0.0017  0.0016  0.0023  0.0080  1.0000  0.0000  0.0127  0.0000  0.0000  0.0000
 0.0000  0.0000  0.0000  0.0000  0.0000  0.0000  0.0000  0.0000  0.0000  0.0000  0.0000  0.0000  0.0000  0.0000  0.0000  0.0000  1.0000  0.0000  0.0000  0.0000  0.0000  0.0000  0.0000  0.0000  0.0000
 0.6431  0.0000  0.0053  0.0024  0.0042  0.0026  0.0125  0.0010  0.0162  0.0043  0.0127  0.0042  0.0024  0.0087  0.0031  0.0029  0.0132  0.0142  1.0000  0.0007  0.0000  0.0013  0.0000  0.0000  0.0000
 0.0642  0.0000  0.0163  0.0075  0.0160  0.1652  0.0120  0.1590  0.3092  0.0212  1.0000  0.2021  0.0150  0.0263  0.0317  0.0209  0.0174  0.0378  0.1909  0.0190  0.0000  0.0206  0.0000  0.0000  0.0000
 1.0000  0.0000  0.0068  0.0165  0.1216  0.0038  0.0161  0.0476  0.0089  0.0143  0.0094  0.0048  0.0231  0.2667  0.0114  0.0088  0.4565  0.3535  0.0153  0.0236  0.0000  0.0044  0.0000  0.0000  0.0000
 0.0282  0.0000  0.0246  0.1990  0.3081  0.0282  0.0143  0.0074  0.0033  0.0274  0.0061  0.0025  0.0173  1.0000  0.3619  0.0078  0.0167  0.0127  0.0064  0.0012  0.0000  0.0038  0.0000  0.0000  0.0000
 0.0216  0.0000  0.0051  0.2080  0.0290  0.0042  0.1147  0.0209  0.0027  0.0281  0.0049  0.0019  0.7078  0.0167  0.9567  0.0144  1.0000  0.1271  0.0044  0.0022  0.0000  0.0107  0.0000  0.0000  0.0000
 0.5258  0.0000  0.1778  0.2210  0.2989  0.7052  0.3402  0.5432  0.4195  0.3177  0.6760  0.2257  0.3275  0.2114  0.3090  0.3655  0.4385  0.4060  0.5307  0.1848  0.0000  1.0000  0.0000  0.0000  0.0000
 0.0021  0.0000  0.0002  0.0004  0.0029  0.0004  0.0015  0.0121  0.0009  0.1540  0.0372  0.0676  0.0020  0.0016  0.0049  1.0000  0.0017  0.0022  0.0012  0.0003  0.0000  0.0009  0.0000  0.0000  0.0000
 0.0259  0.0000  0.0025  0.0058  0.0577  0.0055  0.0182  0.0379  0.0112  0.1797  0.3466  0.0087  0.0249  0.0203  0.2397  1.0000  0.0210  0.0274  0.0146  0.0040  0.0000  0.0115  0.0000  0.0000  0.0000
 0.6895  0.0000  0.0467  0.7594  0.8716  0.0453  0.3301  0.4319  0.1631  1.0000  0.2796  0.1680  0.5443  0.2381  0.6105  0.5485  0.6690  0.7026  0.2483  0.0155  0.0000  0.0360  0.0000  0.0000  0.0000
 0.0000  0.0000  0.0000  0.0000  0.0000  0.0000  0.0000  0.0000  0.0000  0.0000  0.0000  0.0000  0.0000  0.0000  0.0000  0.0000  0.0000  1.0000  0.0000  0.0000  0.0000  0.0000  0.0000  0.0000  0.0000
 0.1386  0.0000  0.0164  0.0187  0.0248  0.3346  0.0298  0.0479  0.0472  0.0268  0.9947  1.0000  0.0283  0.0196  0.0783  0.0315  0.0726  0.8192  0.0520  0.0170  0.0000  0.1540  0.0000  0.0000  0.0000
 0.0000  0.0000  1.0000  0.0000  0.0000  0.0000  0.0000  0.0000  0.0000  0.0000  0.0000  0.0000  0.0000  0.0000  0.0000  0.0000  0.0000  0.0000  0.0000  0.0000  0.0000  0.0000  0.0000  0.0000  0.0000
 0.0000  0.0000  0.0000  0.0000  0.0000  0.0000  1.0000  0.0000  0.0000  0.0000  0.0000  0.0000  0.0000  0.0000  0.0000  0.0000  0.0000  0.0000  0.0000  0.0000  0.0000  0.0000  0.0000  0.0000  0.0000
 0.0000  0.0000  0.0000  0.0000  0.0000  0.0000  0.0000  0.0000  0.0000  0.0000  0.0000  0.0000  0.0000  0.0000  0.0000  0.0000  0.0000  1.0000  0.0000  0.0000  0.0000  0.0000  0.0000  0.0000  0.0000
 0.1143  0.0000  0.0244  0.0107  0.0225  0.1601  0.0225  0.0135  0.3300  0.0278  1.0000  0.1999  0.0181  0.1078  0.0355  0.0247  0.0308  0.0643  0.2590  0.0195  0.0000  0.0227  0.0000  0.0000  0.0000
 0.2365  0.0000  0.0017  1.0000  0.0557  0.0016  0.0251  0.0077  0.0010  0.0117  0.0020  0.0008  0.4186  0.0069  0.0093  0.0054  0.0393  0.0083  0.0017  0.0008  0.0000  0.0039  0.0000  0.0000  0.0000
 0.0003  0.0000  0.0001  0.0001  0.0001  0.0135  0.0001  0.0000  0.0006  0.0000  0.0015  0.0003  0.0000  0.0001  0.0000  0.0000  0.0002  0.0002  0.0006  0.0014  0.0000  1.0000  0.0000  0.0000  0.0000
 0.0040  0.0000  0.0009  0.0004  0.0009  0.0062  0.0005  0.0005  0.0517  0.0011  1.0000  0.0077  0.0007  0.0013  0.0105  0.0009  0.0009  0.0027  0.6481  0.0007  0.0000  0.0009  0.0000  0.0000  0.0000
 0.6128  0.0000  0.0017  0.0012  0.0015  0.0006  0.0093  0.0003  0.0007  0.0016  0.0016  0.0007  0.0011  1.0000  0.0011  0.0012  0.0392  0.0029  0.0027  0.0002  0.0000  0.0005  0.0000  0.0000  0.0000
 0.0000  0.0000  0.0000  0.0000  0.0000  0.0000  0.0000  0.0000  0.0000  0.0000  0.0000  0.0000  0.0000  1.0000  0.0000  0.0000  0.0000  0.0000  0.0000  0.0000  0.0000  0.0000  0.0000  0.0000  0.0000
 0.0000  0.0000  0.0000  0.0000  1.0000  0.0000  0.0000  0.0000  0.0000  0.0000  0.0000  0.0000  0.0000  0.0000  0.0000  0.0000  0.0000  0.0000  0.0000  0.0000  0.0000  0.0000  0.0000  0.0000  0.0000
 0.0032  0.0000  0.0008  0.0004  0.0007  0.0048  0.0006  0.0003  0.0514  0.0009  0.0618  1.0000  0.0006  0.0010  0.0009  0.0008  0.0008  0.0024  0.6348  0.0006  0.0000  0.0009  0.0000  0.0000  0.0000
 0.0013  0.0000  0.0004  0.0003  0.0004  0.0022  0.0006  0.0000  1.0000  0.0006  0.6395  0.0022  0.0004  0.0003  0.0002  0.0005  0.0006  0.0015  0.4174  0.0003  0.0000  0.0009  0.0000  0.0000  0.0000
 0.2819  0.0000  0.0049  0.0579  1.0000  0.0046  0.0350  0.0113  0.0172  0.1320  0.0279  0.0098  0.4251  0.0254  0.3175  0.0773  0.1311  0.0807  0.0525  0.0016  0.0000  0.0036  0.0000  0.0000  0.0000
 0.0363  0.0000  0.0052  0.5302  0.0814  0.0046  1.0000  0.0427  0.0068  0.2635  0.0121  0.0042  0.3335  0.0204  0.1008  0.1800  0.0867  0.0323  0.0105  0.0022  0.0000  0.0098  0.0000  0.0000  0.0000
 0.0065  0.0000  0.0006  0.0018  0.0091  0.0014  0.0667  0.0581  0.0027  1.0000  0.0065  0.0021  0.2172  0.0051  0.1814  0.7108  0.0056  0.0070  0.0036  0.0010  0.0000  0.0258  0.0000  0.0000  0.0000
 0.5435  0.0000  0.1684  0.4587  0.4980  0.6601  0.8928  0.5114  0.3641  0.3327  0.5993  0.3839  0.4102  0.3454  0.3243  0.3442  0.5121  0.6087  0.4713  0.1690  0.0000  1.0000  0.0000  0.0000  0.0000
 0.0052  0.0000  0.0067  0.0088  0.0047  0.0042  0.0181  0.7642  0.0035  0.0036  0.0057  0.0015  0.0062  0.0076  0.0036  0.0059  0.0039  0.0047  0.0046  0.0034  0.0000  1.0000  0.0000  0.0000  0.0000
 0.0024  0.0000  0.0005  1.0000  0.0027  0.0004  0.0062  0.0019  0.0004  0.0027  0.0006  0.0002  0.2754  0.0017  0.0018  0.0014  0.0750  0.0806  0.0006  0.0002  0.0000  0.0010  0.0000  0.0000  0.0000
 0.6797  0.0000  0.0209  0.2997  1.0000  0.0201  0.3269  0.0499  0.0718  0.4500  0.1162  0.0408  0.2175  0.1093  0.2615  0.2018  0.3122  0.2330  0.1098  0.0070  0.0000  0.0417  0.0000  0.0000  0.0000
 0.3478  0.0000  0.0047  0.0322  0.0527  0.0044  0.0632  0.0119  0.0121  1.0000  0.0209  0.0606  0.1572  0.0210  0.0415  0.0872  0.1455  0.0961  0.0189  0.0022  0.0000  0.0056  0.0000  0.0000  0.0000
 0.4697  0.0000  0.0032  0.0008  0.0024  0.0019  0.0005  0.0006  0.0482  0.0024  0.0120  0.0035  0.0011  0.0035  0.0018  0.0014  0.0026  0.0112  1.0000  0.0003  0.0000  0.0006  0.0000  0.0000  0.0000
 0.0000  0.0000  0.0000  1.0000  0.0000  0.0000  0.0000  0.0000  0.0000  0.0000  0.0000  0.0000  0.0000  0.0000  0.0000  0.0000  0.0000  0.0000  0.0000  0.0000  0.0000  0.0000  0.0000  0.0000  0.0000
 0.0024  0.0000  0.0006  0.0003  0.0006  0.0058  0.0004  0.0267  0.4138  0.0008  1.0000  0.0407  0.0005  0.0010  0.0011  0.0008  0.0006  0.0014  0.1494  0.0007  0.0000  0.0007  0.0000  0.0000  0.0000
 0.0000  0.0000  0.0000  0.0000  0.0000  0.0000  0.0000  0.0000  0.0000  0.0000  0.0000  0.0000  0.0000  0.0000  0.0000  0.0000  0.0000  0.0000  0.0000  1.0000  0.0000  0.0000  0.0000  0.0000  0.0000
 0.0580  0.0000  0.1798  0.0031  0.0027  0.0011  0.0114  0.0008  0.0020  0.0034  0.0029  0.0014  0.0043  0.0168  0.0025  0.0023  1.0000  0.0486  0.0050  0.0005  0.0000  0.0010  0.0000  0.0000  0.0000
 0.0566  0.0000  0.6187  0.0023  0.0051  0.0456  0.0035  0.0035  0.2768  0.0065  1.0000  0.0736  0.0045  0.0082  0.0093  0.0061  0.0055  0.0133  0.0585  0.0054  0.0000  0.0058  0.0000  0.0000  0.0000
 0.0000  0.0000  0.0000  0.0000  0.0000  0.0000  1.0000  0.0000  0.0000  0.0000  0.0000  0.0000  0.0000  0.0000  0.0000  0.0000  0.0000  0.0000  0.0000  0.0000  0.0000  0.0000  0.0000  0.0000  0.0000
 0.0007  0.0000  0.0002  0.0001  0.0001  0.0005  0.0002  0.0000  0.0897  0.0002  0.0026  0.0005  0.0001  0.0001  0.0001  0.0001  0.0002  0.0006  1.0000  0.0001  0.0000  0.0002  0.0000  0.0000  0.0000
 0.0013  0.0000  0.0004  0.0002  0.0004  0.0027  0.0005  0.0001  0.5301  0.0005  1.0000  0.0030  0.0004  0.0004  0.0004  0.0005  0.0005  0.0012  0.1244  0.0003  0.0000  0.0007  0.0000  0.0000  0.0000
 0.1668  0.0000  0.6234  0.0055  0.0151  0.0533  0.0040  0.0061  0.1925  0.0165  1.0000  0.1316  0.0093  0.0225  0.0169  0.0118  0.0162  0.2336  0.2059  0.0066  0.0000  0.0080  0.0000  0.0000  0.0000
 0.0007  0.0000  0.0004  0.0001  0.0002  0.7419  0.0001  0.0000  0.0016  0.0000  0.0038  0.0008  0.0000  0.0003  0.0000  0.0000  0.0005  0.0005  0.0014  0.0035  0.0000  1.0000  0.0000  0.0000  0.0000
 0.2786  0.0000  0.0508  0.2908  1.0000  0.0455  0.1607  0.0438  0.1372  0.1370  0.1361  0.0406  0.0687  0.1400  0.1515  0.0704  0.1107  0.1410  0.5618  0.0240  0.0000  0.0400  0.0000  0.0000  0.0000
 0.0052  0.0000  0.0248  0.0007  0.0013  0.8099  0.0011  0.0009  0.0236  0.0015  1.0000  0.0154  0.0011  0.0022  0.0023  0.0015  0.0018  0.0030  0.0136  0.0051  0.0000  0.0165  0.0000  0.0000  0.0000
 0.0009  0.0000  0.0002  0.0001  0.0002  0.0025  0.0002  0.0002  0.0047  0.0003  1.0000  0.2993  0.0002  0.0004  0.0090  0.0003  0.0003  0.0005  0.0280  0.0003  0.0000  0.0003  0.0000  0.0000  0.0000
 0.7828  0.0000  0.0441  0.0026  0.0081  0.0057  0.0003  0.0021  0.0863  0.0081  0.0378  0.0115  0.0038  0.0115  0.0060  0.0045  0.0081  0.1058  1.0000  0.0010  0.0000  0.0554  0.0000  0.0000  0.0000
 0.0000  0.0000  0.0000  0.0000  0.0000  0.0000  1.0000  0.0000  0.0000  0.0000  0.0000  0.0000  0.0000  0.0000  0.0000  0.0000  0.0000  0.0000  0.0000  0.0000  0.0000  0.0000  0.0000  0.0000  0.0000
 0.4299  0.0000  0.1537  0.1696  0.2899  0.6042  0.2719  0.4730  0.3285  0.3029  0.5358  0.2071  0.2967  0.1685  0.2424  0.3001  0.3308  0.3385  0.4230  0.1525  0.0000  1.0000  0.0000  0.0000  0.0000
 1.0000  0.0000  0.0910  0.0665  0.0807  0.0392  0.5015  0.0155  0.0533  0.0882  0.2230  0.0476  0.0575  0.3388  0.0612  0.0636  0.4692  0.1660  0.1629  0.0130  0.0000  0.0266  0.0000  0.0000  0.0000
 0.0000  0.0000  0.0000  0.0000  0.0000  0.0000  0.0000  0.0000  0.0000  0.0000  0.0000  0.0000  0.0000  1.0000  0.0000  0.0000  0.0000  0.0000  0.0000  0.0000  0.0000  0.0000  0.0000  0.0000  0.0000
 0.0000  0.0000  0.0000  0.0000  0.0000  1.0000  0.0000  0.0000  0.0000  0.0000  0.0000  0.0000  0.0000  0.0000  0.0000  0.0000  0.0000  0.0000  0.0000  0.0000  0.0000  0.0000  0.0000  0.0000  0.0000
 0.0090  0.0000  0.0179  0.1678  1.0000  0.0218  0.0059  0.1150  0.0069  0.0054  0.0225  0.0039  0.0055  0.0037  0.1020  0.0373  0.0071  0.0069  0.0088  0.0032  0.0000  0.0887  0.0000  0.0000  0.0000
 0.4900  0.0000  0.0082  1.0000  0.3539  0.0069  0.0406  0.0142  0.0127  0.0505  0.0171  0.0080  0.0492  0.0405  0.0572  0.0189  0.4735  0.2958  0.0235  0.0037  0.0000  0.0090  0.0000  0.0000  0.0000
 0.7928  0.0000  0.0315  0.7457  0.8953  0.0294  0.2247  0.1714  0.1105  0.8754  0.1783  0.0625  0.4467  0.4704  0.6412  0.3500  1.0000  0.6368  0.2152  0.0101  0.0000  0.0223  0.0000  0.0000  0.0000
 0.0338  0.0000  0.0074  0.1591  0.0603  0.0060  0.2858  0.0295  0.0047  0.0873  0.0084  0.0032  1.0000  0.2039  0.0292  0.0224  0.4205  0.3947  0.0076  0.0031  0.0000  0.0150  0.0000  0.0000  0.0000
 0.4549  0.0000  0.1566  0.1816  0.2598  0.6407  0.2916  0.6956  0.4401  0.2569  0.8239  0.1953  0.2786  0.1971  0.2918  0.3075  0.3754  0.3558  0.5363  0.1637  0.0000  1.0000  0.0000  0.0000  0.0000
 0.7213  0.0000  0.0522  0.6422  1.0000  0.0595  0.3636  0.1200  0.2075  0.8937  0.2979  0.4612  0.5392  0.2620  0.6464  0.5192  0.8263  0.5959  0.2873  0.0180  0.0000  0.0450  0.0000  0.0000  0.0000
 0.5068  0.0000  0.0165  0.2696  1.0000  0.0160  0.1121  0.0365  0.0709  0.2734  0.1024  0.0752  0.3157  0.0816  0.1736  0.1545  0.2808  0.2459  0.1576  0.0054  0.0000  0.0128  0.0000  0.0000  0.0000
 0.0501  0.0000  0.0126  0.0058  0.0123  0.1224  0.0091  0.0093  0.2586  0.0162  1.0000  0.3122  0.0116  0.0202  0.0241  0.0159  0.0143  0.7374  0.1366  0.0144  0.0000  0.0154  0.0000  0.0000  0.0000
 0.0065  0.0000  0.0382  0.0026  0.0037  0.0342  0.0043  0.0479  0.0049  0.0054  0.0082  0.0028  0.0041  0.0027  0.1005  0.0478  0.0051  0.0051  0.0063  0.0023  0.0000  1.0000  0.0000  0.0000  0.0000
 0.0024  0.0000  0.0002  0.0005  0.0032  0.0005  0.0017  0.0021  0.0010  0.9517  0.0023  0.0008  0.0023  0.0018  0.0055  1.0000  0.0427  0.0025  0.0013  0.0004  0.0000  0.0010  0.0000  0.0000  0.0000
 0.0174  0.0000  0.0003  0.0006  0.0036  0.0005  0.0019  0.0023  0.0011  1.0000  0.0026  0.0009  0.0715  0.0020  0.0061  0.9619  0.0022  0.0028  0.0014  0.0004  0.0000  0.0012  0.0000  0.0000  0.0000
 0.0000  0.0000  0.0000  0.0000  0.0000  0.0000  0.0000  0.0000  1.0000  0.0000  0.0000  0.0000  0.0000  0.0000  0.0000  0.0000  0.0000  0.0000  0.0000  0.0000  0.0000  0.0000  0.0000  0.0000  0.0000
 0.5099  0.0000  0.1765  0.2025  0.2705  0.7016  0.3259  0.5333  0.3918  0.2865  0.6507  0.2186  0.3036  0.2010  0.2907  0.3464  0.4293  0.3894  0.5052  0.1819  0.0000  1.0000  0.0000  0.0000  0.0000
 0.1210  0.0000  0.0015  0.0149  0.1402  0.0017  0.0624  0.0323  0.0053  1.0000  0.0093  0.0032  0.2591  0.0082  0.0778  0.8927  0.0862  0.0156  0.0078  0.0008  0.0000  0.0021  0.0000  0.0000  0.0000
 1.0000  0.0000  0.0859  0.0622  0.0736  0.0330  0.5644  0.0145  0.0550  0.0804  0.0861  0.0385  0.0628  0.2067  0.0554  0.0580  0.4253  0.1457  0.3408  0.0116  0.0000  0.0254  0.0000  0.0000  0.0000
 0.0048  0.0000  0.0001  1.0000  0.8293  0.0004  0.0019  0.0012  0.0006  0.0049  0.0011  0.0004  0.0021  0.0029  0.1142  0.0013  0.0025  0.0021  0.0011  0.0002  0.0000  0.0265  0.0000  0.0000  0.0000
 0.0040  0.0000  0.0011  0.0005  0.0010  1.0000  0.0008  0.0008  0.0626  0.0013  0.4622  0.2228  0.0010  0.0017  0.0020  0.0013  0.0012  0.0024  0.0758  0.0019  0.0000  0.2107  0.0000  0.0000  0.0000
 0.4788  0.0000  0.0336  0.3893  0.6530  0.0324  0.2384  0.1066  0.1490  1.0000  0.1911  0.0669  0.3461  0.1729  0.4525  0.6313  0.5797  0.8314  0.1991  0.0114  0.0000  0.0261  0.0000  0.0000  0.0000
 0.0400  0.0000  0.4804  0.0070  0.0110  1.0000  0.0112  0.0061  0.4301  0.0117  0.4399  0.0737  0.0085  0.0132  0.0108  0.0109  0.0175  0.0313  0.3886  0.0500  0.0000  0.2726  0.0000  0.0000  0.0000
 0.0000  0.0000  0.0000  0.0000  0.0000  0.0000  0.0000  0.0000  0.0000  0.0000  0.0000  0.0000  0.0000  1.0000  0.0000  0.0000  0.0000  0.0000  0.0000  0.0000  0.0000  0.0000  0.0000  0.0000  0.0000
 0.5394  0.0000  0.0327  0.5299  0.7033  0.0305  0.2334  0.0744  0.1148  0.6082  0.2165  0.0649  0.3589  0.5721  0.3788  0.4766  1.0000  0.3685  0.1873  0.0105  0.0000  0.0232  0.0000  0.0000  0.0000
 0.0857  0.0000  0.0533  0.0347  0.0461  0.7081  0.0879  0.4439  0.0666  0.0843  0.1099  0.0373  0.0519  0.0345  0.0496  0.0588  0.3028  0.0857  0.1177  1.0000  0.0000  0.3263  0.0000  0.0000  0.0000
 0.0323  0.0000  0.0053  0.0021  0.0043  0.5818  0.0026  0.0013  0.2733  0.0052  0.2802  0.1026  0.0030  0.0054  0.0039  0.0038  0.0049  0.1028  1.0000  0.0020  0.0000  0.0044  0.0000  0.0000  0.0000
 0.0287  0.0000  0.0020  0.0039  0.0025  0.0010  0.0043  0.0139  0.0026  0.0037  0.0026  0.0014  0.0068  0.2017  0.0028  0.0024  1.0000  0.1419  0.0044  0.0006  0.0000  0.0011  0.0000  0.0000  0.0000
 0.7274  0.0000  0.0327  0.5107  1.0000  0.2431  0.2328  0.0744  0.1145  0.7356  0.3091  0.0882  0.3237  0.6722  0.3757  0.3735  0.8688  0.5599  0.1746  0.0105  0.0000  0.0234  0.0000  0.0000  0.0000
 0.3756  0.0000  0.0162  0.3447  0.9792  0.0150  1.0000  0.0392  0.0494  0.2516  0.1305  0.0284  0.2282  0.1816  0.1649  0.1394  0.4518  0.1758  0.0767  0.0055  0.0000  0.0143  0.0000  0.0000  0.0000
 1.0000  0.0000  0.0020  0.0012  0.0017  0.0011  0.0080  0.0004  0.0040  0.0018  0.1038  0.0015  0.0011  0.0042  0.0013  0.0013  0.0523  0.0047  0.0581  0.0003  0.0000  0.0005  0.0000  0.0000  0.0000
 0.0873  0.0000  0.0028  0.0204  0.0403  0.0035  0.0166  0.0101  0.0423  0.8230  0.0175  0.0835  0.0221  0.0143  0.2889  1.0000  0.1657  0.1319  0.1004  0.0017  0.0000  0.0048  0.0000  0.0000  0.0000
 0.0230  0.0000  0.0051  1.0000  0.0346  0.0047  0.0737  0.1487  0.0033  0.3880  0.0076  0.0026  0.1453  0.0186  0.0265  0.2759  0.0945  0.0246  0.0051  0.0026  0.0000  0.0123  0.0000  0.0000  0.0000
 0.0006  0.0000  0.0002  0.0001  0.0002  0.0392  0.0001  0.0001  0.0031  0.0002  1.0000  0.0316  0.0001  0.0003  0.0003  0.0002  0.0002  0.0004  0.0017  0.0002  0.0000  0.0003  0.0000  0.0000  0.0000
 0.0006  0.0000  0.0002  0.0001  0.0002  0.0010  0.0003  0.0000  1.0000  0.0002  0.2091  0.0010  0.0002  0.0001  0.0001  0.0002  0.0002  0.0006  0.1092  0.0001  0.0000  0.0004  0.0000  0.0000  0.0000
 0.0830  0.0000  0.0503  0.0622  0.0677  0.0748  0.0493  0.0847  0.0484  0.4634  0.1593  0.0271  0.1238  0.0325  0.0540  0.1997  1.0000  0.3882  0.1014  0.0199  0.0000  0.1256  0.0000  0.0000  0.0000
 0.0238  0.0000  0.0005  0.0009  0.0059  0.0009  0.0674  0.0038  0.0018  0.9683  0.0043  0.0014  0.0042  0.0034  0.0910  1.0000  0.0427  0.0046  0.0025  0.0007  0.0000  0.0019  0.0000  0.0000  0.0000
 0.0012  0.0000  0.0003  0.0002  0.0003  0.0243  0.0003  0.0003  0.3907  0.0004  1.0000  0.0042  0.0003  0.0005  0.0006  0.0004  0.0004  0.0007  0.0036  0.0004  0.0000  0.0005  0.0000  0.0000  0.0000
 0.0000  0.0000  0.0000  0.0000  0.0000  0.0000  0.0000  0.0000  0.0000  0.0000  1.0000  0.0000  0.0000  0.0000  0.0000  0.0000  0.0000  0.0000  0.0000  0.0000  0.0000  0.0000  0.0000  0.0000  0.0000
 0.6460  0.0000  0.0469  0.7200  0.8787  0.0501  0.3298  0.1335  0.1714  1.0000  0.2727  0.0952  0.4357  0.2440  0.5531  0.6246  0.6224  0.5006  0.3978  0.0186  0.0000  0.0473  0.0000  0.0000  0.0000
 0.5839  0.0000  0.1833  0.2110  0.3428  0.6919  0.3556  0.6330  0.4469  0.6883  0.7783  0.2433  0.3535  0.3275  0.4134  0.6522  0.4561  0.5184  0.6074  0.1864  0.0000  1.0000  0.0000  0.0000  0.0000
 0.0027  0.0000  0.0005  0.4865  0.0594  0.0005  0.0078  0.0953  0.0003  0.0152  0.0006  0.0002  1.0000  0.0021  0.0237  0.0017  0.0328  0.0205  0.0005  0.0002  0.0000  0.0012  0.0000  0.0000  0.0000
 0.0332  0.0000  0.0006  0.0005  0.0005  0.0002  0.0034  0.0001  0.0003  0.0006  0.0006  0.0003  0.0004  1.0000  0.0004  0.0004  0.0597  0.0012  0.0064  0.0001  0.0000  0.0002  0.0000  0.0000  0.0000
 0.6776  0.0000  0.0353  0.4697  1.0000  0.0485  0.2507  0.0804  0.1235  0.6674  0.2618  0.2556  0.5290  0.2099  0.5870  0.3920  0.9516  0.4910  0.2599  0.0359  0.0000  0.0258  0.0000  0.0000  0.0000
 0.6847  0.0000  0.0476  0.6240  1.0000  0.0445  0.3390  0.2518  0.1667  0.9918  0.2690  0.1028  0.4552  0.2447  0.7323  0.4871  0.6654  0.9326  0.2542  0.0153  0.0000  0.0339  0.0000  0.0000  0.0000
 0.0000  0.0000  0.0000  0.0000  0.0000  0.0000  0.0000  0.0000  0.0000  0.0000  0.0000  0.0000  0.0000  0.0000  0.0000  1.0000  0.0000  0.0000  0.0000  0.0000  0.0000  0.0000  0.0000  0.0000  0.0000
 0.0041  0.0000  0.0011  0.0005  0.0011  0.0346  0.0008  0.0008  1.0000  0.0014  0.7527  0.1478  0.0010  0.0800  0.0021  0.0014  0.0012  0.0025  0.0492  0.0013  0.0000  0.0014  0.0000  0.0000  0.0000
 0.1937  0.0000  0.0430  0.0772  0.0829  0.0165  0.0604  0.0209  0.0472  0.0974  0.0489  0.0364  0.1185  0.4122  0.0711  0.0541  0.6163  1.0000  0.0767  0.0098  0.0000  0.0183  0.0000  0.0000  0.0000
 0.0023  0.0000  0.0006  0.0003  0.0006  0.0334  0.0005  0.0004  0.5355  0.0008  1.0000  0.0235  0.0006  0.0181  0.0011  0.0008  0.0007  0.0014  0.1148  0.0007  0.0000  0.0008  0.0000  0.0000  0.0000
 0.9115  0.0000  0.0491  0.6896  1.0000  0.0458  0.3497  0.1185  0.1719  0.9344  0.2774  0.0973  0.4726  0.4389  0.5939  0.5066  0.7957  0.5542  0.2718  0.0158  0.0000  0.0347  0.0000  0.0000  0.0000
 0.0891  0.0000  0.0025  0.1401  1.0000  0.0024  0.2108  0.0060  0.0089  0.2496  0.0144  0.0051  0.0527  0.0136  0.5853  0.1301  0.0349  0.0273  0.0268  0.0009  0.0000  0.0019  0.0000  0.0000  0.0000
 0.0255  0.0000  0.0004  0.0002  0.0004  0.0014  0.0004  0.0000  0.5568  0.0005  0.2189  0.0014  0.0003  0.0003  0.0002  0.0004  0.0005  0.0015  1.0000  0.0002  0.0000  0.0006  0.0000  0.0000  0.0000
 0.0736  0.0000  0.0144  0.0195  0.0605  0.0833  0.0277  0.0419  0.2445  0.0316  1.0000  0.6573  0.0270  0.0483  0.2262  0.1318  0.1445  0.0354  0.0491  0.0147  0.0000  0.0757  0.0000  0.0000  0.0000
 0.2210  0.0000  0.0056  0.2067  1.0000  0.0053  0.0403  0.0128  0.0198  0.3391  0.0319  0.0112  0.1637  0.0291  0.1952  0.1420  0.1370  0.0890  0.1947  0.0018  0.0000  0.0040  0.0000  0.0000  0.0000
 0.0098  0.0000  0.0023  0.2633  0.0130  0.0019  0.0296  1.0000  0.0014  0.0321  0.0024  0.0009  0.3144  0.0075  0.0085  0.0065  0.0469  0.0418  0.0379  0.0010  0.0000  0.0047  0.0000  0.0000  0.0000
 0.0111  0.0000  0.0154  0.0364  0.2633  0.0011  0.0352  0.0043  0.0014  0.0294  0.0026  0.0010  0.0205  1.0000  0.0076  0.0907  0.0428  0.0068  0.0025  0.0005  0.0000  0.0022  0.0000  0.0000  0.0000
 0.0000  0.0000  0.0000  0.0000  0.0000  0.0000  0.0000  0.0000  0.0000  0.0000  0.0000  0.0000  0.0000  0.0000  0.0000  0.0000  0.0000  0.0000  0.0000  1.0000  0.0000  0.0000  0.0000  0.0000  0.0000
 0.0029  0.0000  0.0010  0.0007  0.0009  0.7476  0.0015  0.0001  1.0000  0.0013  0.0607  0.0052  0.0009  0.0006  0.0005  0.0011  0.0013  0.0034  0.3554  0.0007  0.0000  0.0023  0.0000  0.0000  0.0000
 0.2677  0.0000  0.0473  0.0340  0.1681  0.0963  0.0834  0.1097  0.4396  1.0000  0.4768  0.1072  0.1165  0.1160  0.2805  0.7033  0.1182  0.2658  0.6378  0.0274  0.0000  0.0875  0.0000  0.0000  0.0000
 0.4115  0.0000  0.0030  0.0526  0.1874  0.0028  0.0213  0.0068  0.0105  1.0000  0.0169  0.0190  0.0522  0.0153  0.1149  0.0845  0.0639  0.0717  0.0159  0.0010  0.0000  0.0021  0.0000  0.0000  0.0000
 0.0595  0.0000  0.0143  0.3604  0.1054  0.0125  0.8907  0.6187  0.0061  0.1233  0.0136  0.0049  1.0000  0.0483  0.1029  0.0436  0.1618  0.0630  0.0102  0.0064  0.0000  0.0822  0.0000  0.0000  0.0000
 0.4974  0.0000  0.1702  0.1659  0.2181  0.6707  0.2659  0.4296  0.3142  0.2334  0.5235  0.1759  0.2492  0.1669  0.2348  0.2913  0.5514  0.4147  0.4024  0.1468  0.0000  1.0000  0.0000  0.0000  0.0000
 0.0382  0.0000  0.0027  0.0550  0.1417  0.0025  0.0193  0.0729  0.0095  1.0000  0.0153  0.0054  0.0251  0.0609  0.3075  0.3714  0.2632  0.1619  0.0440  0.0009  0.0000  0.0020  0.0000  0.0000  0.0000
 0.0531  0.0000  0.0051  0.0098  0.0740  0.0110  0.0377  0.2850  0.0226  0.7988  0.0536  0.0177  0.0518  0.3553  0.2070  1.0000  0.0859  0.0569  0.0300  0.0083  0.0000  0.0238  0.0000  0.0000  0.0000
 0.0139  0.0000  0.0045  0.0030  0.0038  0.0200  0.0058  0.0004  0.7073  0.0057  0.2008  0.0538  0.1686  0.0029  0.0023  0.0046  0.0056  0.0154  1.0000  0.0024  0.0000  0.0084  0.0000  0.0000  0.0000
 0.7815  0.0000  0.1060  0.2987  0.2481  0.2163  0.5604  0.1343  0.3524  0.2166  1.0000  0.1639  0.2729  0.2364  0.1725  0.1620  0.6053  0.4817  0.4142  0.0515  0.0000  0.2026  0.0000  0.0000  0.0000
 0.0812  0.0000  0.0053  0.0165  0.1037  0.0030  0.0196  0.0023  0.1242  0.0109  0.0127  0.0044  0.0052  1.0000  0.0102  0.0055  0.0208  0.0159  0.0291  0.0009  0.0000  0.0020  0.0000  0.0000  0.0000
 0.0086  0.0000  0.0010  0.0030  0.0034  0.0006  0.0048  0.0008  0.0012  0.0037  0.0017  0.0007  0.0030  1.0000  0.0231  0.0027  0.0087  0.0473  0.0026  0.0003  0.0000  0.0006  0.0000  0.0000  0.0000
 0.5205  0.0000  0.1711  0.0972  0.1717  0.1242  0.0746  0.0887  0.4882  0.1684  0.3667  0.1085  0.1087  0.1241  0.1435  0.1587  0.3346  0.4627  1.0000  0.0300  0.0000  0.1343  0.0000  0.0000  0.0000
 1.0000  0.0000  0.2213  0.2150  0.2822  0.8756  0.5566  0.5003  0.3757  0.3013  0.6297  0.2185  0.3036  0.3197  0.2927  0.3431  0.5614  0.4223  0.5289  0.1743  0.0000  0.9469  0.0000  0.0000  0.0000
 0.1127  0.0000  0.0059  0.2211  1.0000  0.0174  0.0509  0.1862  0.0227  0.1432  0.1572  0.0149  0.0606  0.1212  0.4365  0.0708  0.1443  0.0657  0.0366  0.0065  0.0000  0.0236  0.0000  0.0000  0.0000
 0.6012  0.0000  0.0406  0.4465  0.7111  0.0404  0.3098  0.0907  0.1365  0.7351  0.2188  0.1917  0.4182  0.1994  1.0000  0.3782  0.6323  0.6904  0.2078  0.0140  0.0000  0.0344  0.0000  0.0000  0.0000
 0.9512  0.0000  0.0151  0.0125  0.0138  0.0057  0.1728  0.0028  0.0066  0.0149  0.0144  0.0068  0.0112  0.0377  0.0103  0.0107  1.0000  0.0278  0.0247  0.0021  0.0000  0.0045  0.0000  0.0000  0.0000
 0.0553  0.0000  0.0102  0.1175  0.0406  0.0071  0.0906  0.0260  0.0085  0.0424  0.0121  0.0053  0.6285  0.0302  0.0285  0.0236  1.0000  0.1005  0.0149  0.0038  0.0000  0.0146  0.0000  0.0000  0.0000
//
