WARNING! D258 not allowed! score: 0.03 median: 2.97 # of sequence: 54
ID   UNK_ID; MATRIX
AC   UNK_AC
DE   UNK_DE
MA   UNK_BL
  A   B   C   D   E   F   G   H   I   K   L   M   N   P   Q   R   S   T   V   W   X   Y   Z   *   -
 0.0142  0.0000  0.0037  0.0018  0.0033  0.0228  0.0030  0.0015  0.3587  0.0044  0.2266  1.0000  0.0029  0.0043  0.0043  0.0038  0.0040  0.0110  0.2605  0.0027  0.0000  0.0048  0.0000  0.0000  0.0000
 0.0294  0.0000  0.0009  0.0719  1.0000  0.0026  0.0132  0.0071  0.0037  0.0301  0.0068  0.0027  0.0151  0.0168  0.2151  0.0103  0.2268  0.0149  0.0070  0.0013  0.0000  0.0037  0.0000  0.0000  0.0000
 0.0263  0.0000  0.0036  1.0000  0.2292  0.0036  0.2779  0.0161  0.0026  0.0281  0.0054  0.0021  0.0795  0.0169  0.0249  0.0121  0.1799  0.0187  0.0050  0.0018  0.0000  0.0082  0.0000  0.0000  0.0000
 0.5447  0.0000  0.1459  0.1323  0.2460  0.4329  0.1790  0.2870  0.7835  0.2115  0.8465  0.2415  0.1880  0.3180  0.1960  0.2133  0.2829  0.4719  1.0000  0.1019  0.0000  0.5193  0.0000  0.0000  0.0000
 0.0750  0.0000  0.0035  0.0210  0.0098  0.0020  0.0765  0.0048  0.0038  0.0109  0.0047  0.0022  0.3058  0.0096  0.0577  0.0063  1.0000  0.1063  0.0068  0.0011  0.0000  0.0031  0.0000  0.0000  0.0000
 0.7640  0.0000  0.0419  0.8636  0.7864  0.0396  0.4205  0.0953  0.2439  0.8018  0.2363  0.0828  1.0000  0.2144  0.5278  0.4897  0.7532  0.4481  0.2938  0.0136  0.0000  0.0305  0.0000  0.0000  0.0000
 1.0000  0.0000  0.1498  0.6369  0.8248  0.3574  0.6271  0.3679  0.3064  0.9685  0.5081  0.1811  0.6582  0.3871  0.5905  0.7019  0.9991  0.8642  0.4519  0.1029  0.0000  0.4847  0.0000  0.0000  0.0000
 0.7035  0.0000  0.0577  0.5505  0.8918  0.1098  0.3698  0.1411  0.1870  1.0000  0.3763  0.1057  0.4450  0.2492  0.5257  0.5129  0.7640  0.5295  0.2906  0.0273  0.0000  0.1005  0.0000  0.0000  0.0000
 0.1593  0.0000  0.0061  0.0077  0.0064  0.0026  0.1096  0.0020  0.0050  0.0083  0.0068  0.0034  0.0112  0.0152  0.0061  0.0056  0.3661  1.0000  0.0389  0.0013  0.0000  0.0025  0.0000  0.0000  0.0000
 0.0762  0.0000  0.0106  0.1258  0.0442  0.0129  0.2091  0.0205  0.0120  0.0387  0.0416  0.0077  0.1063  1.0000  0.0276  0.0237  0.0880  0.0856  0.0722  0.0044  0.0000  0.0193  0.0000  0.0000  0.0000
 0.7684  0.0000  0.0942  0.6291  1.0000  0.0883  0.3907  0.1493  0.2113  0.9422  0.3347  0.1160  0.5105  0.2830  0.5932  0.5525  0.7751  0.5849  0.3135  0.0272  0.0000  0.0934  0.0000  0.0000  0.0000
 0.2808  0.0000  0.0205  0.2406  0.3384  0.1268  0.1315  0.0490  0.0683  1.0000  0.1643  0.0386  0.3169  0.0944  0.3173  0.2168  0.3680  0.1966  0.1224  0.0086  0.0000  0.0284  0.0000  0.0000  0.0000
 0.4191  0.0000  0.1377  0.1680  0.2258  0.6054  0.3023  0.4201  0.4337  0.2386  1.0000  0.1731  0.2447  0.2985  0.2355  0.3285  0.3680  0.3407  0.7310  0.1431  0.0000  0.7748  0.0000  0.0000  0.0000
 0.7069  0.0000  0.0490  0.6601  1.0000  0.0475  0.3754  0.1681  0.1710  0.8451  0.3022  0.0967  0.4503  0.2676  0.5561  0.4973  0.8277  0.5216  0.2605  0.0162  0.0000  0.0377  0.0000  0.0000  0.0000
 0.4732  0.0000  0.0336  0.6488  1.0000  0.0320  0.2381  0.0767  0.1613  0.6926  0.1895  0.1053  0.3096  0.1721  0.4274  0.4035  0.4588  0.3844  0.3511  0.0110  0.0000  0.0249  0.0000  0.0000  0.0000
 0.8602  0.0000  0.0963  0.6285  1.0000  0.2727  0.4474  0.2574  0.2771  0.9783  0.5142  0.1563  0.5362  0.3068  0.6306  0.5908  0.7920  0.6307  0.4207  0.0654  0.0000  0.3038  0.0000  0.0000  0.0000
 0.1414  0.0000  0.0072  0.0815  0.1724  0.0070  0.0506  0.0174  0.0251  1.0000  0.0721  0.0144  0.2918  0.0371  0.0806  0.3299  0.2981  0.2993  0.0381  0.0026  0.0000  0.0059  0.0000  0.0000  0.0000
 0.7886  0.0000  0.0717  0.6248  1.0000  0.1469  0.4028  0.1790  0.2283  0.9567  0.3765  0.1270  0.5267  0.2868  0.5992  0.5528  0.7773  0.6040  0.3387  0.0378  0.0000  0.1521  0.0000  0.0000  0.0000
 0.8161  0.0000  0.0660  0.6201  1.0000  0.0758  0.3850  0.1378  0.2558  0.9143  0.3463  0.1168  0.4999  0.3244  0.5954  0.5226  0.8408  0.6669  0.3521  0.0243  0.0000  0.0728  0.0000  0.0000  0.0000
 0.9211  0.0000  0.0892  0.6254  1.0000  0.1559  0.4790  0.1950  0.2522  0.9217  0.3999  0.1381  0.5147  0.3222  0.6013  0.5489  0.8235  0.6202  0.3780  0.0452  0.0000  0.1869  0.0000  0.0000  0.0000
 0.5424  0.0000  0.1293  0.2636  0.3862  0.5687  0.2971  0.3870  0.4773  0.4442  1.0000  0.1695  0.3574  0.1925  0.3785  0.3658  0.5771  0.3788  0.5475  0.1271  0.0000  0.6777  0.0000  0.0000  0.0000
 0.5005  0.0000  0.1871  0.2031  0.2731  0.6975  0.3327  0.5345  0.3898  0.2911  0.6540  0.2176  0.3074  0.2015  0.2900  0.3431  0.3988  0.3861  0.4982  0.1823  0.0000  1.0000  0.0000  0.0000  0.0000
 0.5929  0.0000  0.0399  0.4679  0.9674  0.0375  0.3769  0.0913  0.1400  0.8097  0.3090  0.0792  0.3699  0.2053  0.4705  0.5631  1.0000  0.5313  0.2133  0.0130  0.0000  0.0288  0.0000  0.0000  0.0000
 0.1028  0.0000  0.0230  0.0208  0.0308  0.0595  0.0193  0.0261  0.1374  0.1005  0.1360  0.0263  0.0302  0.1285  0.0272  0.0266  0.1873  1.0000  0.2669  0.0095  0.0000  0.0432  0.0000  0.0000  0.0000
 0.5790  0.0000  0.1851  0.2075  0.2803  0.7214  0.3316  0.5418  0.5241  0.3020  0.6975  0.2332  0.3137  0.2894  0.2997  0.3589  0.4098  0.4228  0.6062  0.2120  0.0000  1.0000  0.0000  0.0000  0.0000
 0.1820  0.0000  0.1528  0.1372  0.2357  0.0180  0.0784  0.0288  0.0501  0.1270  0.0577  0.0264  0.1488  0.1363  0.0892  0.0904  0.4987  1.0000  0.0788  0.0099  0.0000  0.0207  0.0000  0.0000  0.0000
 0.5273  0.0000  0.1777  0.2214  0.3025  0.7349  0.3522  0.5542  0.4737  0.3755  0.6717  0.2233  0.3273  0.2128  0.3578  0.3897  0.4205  0.4075  0.5528  0.1848  0.0000  1.0000  0.0000  0.0000  0.0000
 0.1596  0.0000  0.0119  0.3225  0.4048  0.0111  0.1216  0.0282  0.0391  0.2627  0.0630  0.0222  1.0000  0.0595  0.1246  0.1100  0.5745  0.3774  0.1884  0.0040  0.0000  0.0096  0.0000  0.0000  0.0000
 0.1963  0.0000  0.0675  0.0767  0.1607  1.0000  0.1230  0.2008  0.8589  0.1096  0.4890  0.0942  0.1148  0.1212  0.1105  0.1302  0.2133  0.1514  0.2816  0.0697  0.0000  0.3952  0.0000  0.0000  0.0000
 0.3634  0.0000  0.0111  0.0352  0.1234  0.0161  0.0747  0.0608  0.0342  0.6018  0.0759  0.0258  0.0802  0.9700  0.2158  1.0000  0.6441  0.0973  0.0500  0.0110  0.0000  0.0309  0.0000  0.0000  0.0000
 1.0000  0.0000  0.0141  0.1627  0.2616  0.0139  0.0992  0.0857  0.0492  0.3496  0.0794  0.0278  0.1754  0.2611  0.2681  0.2000  0.5499  0.3159  0.1098  0.0048  0.0000  0.0113  0.0000  0.0000  0.0000
 0.2337  0.0000  0.0430  0.5775  0.1967  0.0316  0.2599  0.0872  0.0587  0.2104  0.1605  0.0323  0.4885  0.1283  0.1408  0.1893  1.0000  0.6750  0.0916  0.0165  0.0000  0.0532  0.0000  0.0000  0.0000
 0.2628  0.0000  0.0512  0.7202  0.3447  0.0758  0.5549  0.2340  0.0685  0.7643  0.1389  0.0482  1.0000  0.3336  0.3312  0.5369  0.5481  0.3145  0.0974  0.0347  0.0000  0.2336  0.0000  0.0000  0.0000
 0.0071  0.0000  0.0024  0.0014  0.0021  1.0000  0.0024  0.0011  0.2493  0.0025  0.3483  0.0164  0.0018  0.0024  0.0023  0.0024  0.0031  0.0059  0.2090  0.0066  0.0000  0.1095  0.0000  0.0000  0.0000
 0.1101  0.0000  0.0244  0.0466  0.2184  0.1232  0.0992  0.0681  0.1749  0.1666  1.0000  0.5935  0.0637  0.0489  0.0919  0.2685  0.0823  0.1379  0.1231  0.0256  0.0000  0.1014  0.0000  0.0000  0.0000
 0.1772  0.0000  0.0293  0.5299  0.2504  0.0292  1.0000  0.1774  0.0340  0.6374  0.0667  0.0232  0.7657  0.2632  0.5583  0.2239  0.3932  0.1688  0.0514  0.0148  0.0000  0.0656  0.0000  0.0000  0.0000
 0.0257  0.0000  0.0011  0.0485  0.9102  0.0029  0.0116  0.0091  0.0053  1.0000  0.0103  0.0037  0.0129  0.0155  0.0360  0.0374  0.0146  0.0145  0.0433  0.0017  0.0000  0.0047  0.0000  0.0000  0.0000
 0.0729  0.0000  0.0218  0.0134  0.0208  0.1788  0.0460  0.0105  0.9186  0.0295  1.0000  0.2017  0.0207  0.0248  0.0286  0.0274  0.0271  0.0609  0.7784  0.0209  0.0000  0.0399  0.0000  0.0000  0.0000
 0.2304  0.0000  0.0018  0.0015  0.0016  0.0007  1.0000  0.0004  0.0008  0.0018  0.0017  0.0008  0.0013  0.0044  0.0012  0.0013  0.0089  0.0030  0.0029  0.0003  0.0000  0.0005  0.0000  0.0000  0.0000
 0.5209  0.0000  0.2321  0.3411  0.3758  0.9082  0.4300  0.5418  0.3744  0.3169  0.6195  0.2108  0.4784  0.2193  0.3054  0.3496  0.5393  0.4070  0.4801  0.1774  0.0000  1.0000  0.0000  0.0000  0.0000
 0.0000  0.0000  0.0000  0.0000  0.0000  0.0000  1.0000  0.0000  0.0000  0.0000  0.0000  0.0000  0.0000  0.0000  0.0000  0.0000  0.0000  0.0000  0.0000  0.0000  0.0000  0.0000  0.0000  0.0000  0.0000
 0.6995  0.0000  0.0686  0.0734  0.0677  0.0277  0.5128  0.0184  0.0449  0.0819  0.0714  0.0350  0.0936  0.2987  0.0591  0.0561  0.7246  1.0000  0.1223  0.0123  0.0000  0.0243  0.0000  0.0000  0.0000
 0.1236  0.0000  0.0395  0.0286  0.0369  1.0000  0.0636  0.0445  0.1689  0.0295  0.2989  0.0679  0.0307  0.0423  0.0274  0.0324  0.0820  0.0666  0.1778  0.2144  0.0000  0.8923  0.0000  0.0000  0.0000
 0.8665  0.0000  0.2144  0.5220  0.3963  0.6954  0.7063  0.5949  0.4027  0.4728  0.6856  0.2347  0.6708  0.3273  0.3846  0.4642  0.7063  0.5050  0.5490  0.1884  0.0000  1.0000  0.0000  0.0000  0.0000
 0.3626  0.0000  0.1610  0.8485  0.4455  0.2066  0.5242  0.2614  0.1359  0.7436  0.2289  0.0789  1.0000  0.1837  0.2788  0.2547  0.6580  0.3129  0.1862  0.0569  0.0000  0.3415  0.0000  0.0000  0.0000
 0.3593  0.0000  0.0485  0.0362  0.0464  0.1826  0.2309  0.0166  0.7948  0.0591  1.0000  0.2104  0.0399  0.0961  0.0492  0.0494  0.1672  0.1047  0.7576  0.0252  0.0000  0.0460  0.0000  0.0000  0.0000
 0.0015  0.0000  0.0008  0.0002  0.0004  0.5811  0.0003  0.0000  0.0033  0.0000  0.0080  0.0016  0.0000  0.0006  0.0000  0.0000  0.0011  0.0010  0.0031  0.0075  0.0000  1.0000  0.0000  0.0000  0.0000
 0.1280  0.0000  0.0286  0.0174  0.0593  0.1350  0.0389  0.0322  1.0000  0.3723  0.9342  0.1600  0.0443  0.0479  0.0870  0.2177  0.0493  0.1102  0.7994  0.0198  0.0000  0.0445  0.0000  0.0000  0.0000
 0.7440  0.0000  0.0932  1.0000  0.3861  0.0561  0.9894  0.1785  0.0487  0.2953  0.1004  0.1785  0.9418  0.2747  0.2119  0.1583  0.7543  0.3591  0.1271  0.0256  0.0000  0.1029  0.0000  0.0000  0.0000
 0.3290  0.0000  0.0191  0.6503  1.0000  0.0274  0.1927  0.0769  0.0649  0.4676  0.1094  0.0400  0.2944  0.1554  0.3347  0.1881  0.2912  0.2940  0.1046  0.0786  0.0000  0.0335  0.0000  0.0000  0.0000
 0.1429  0.0000  0.0154  0.0310  0.1937  0.0368  0.1034  0.1287  0.0998  1.0000  0.1459  0.0482  0.1809  0.1100  0.3271  0.8839  0.1187  0.1517  0.0835  0.0236  0.0000  0.1131  0.0000  0.0000  0.0000
 0.8326  0.0000  0.1688  0.3239  0.5427  0.2469  0.2764  0.2061  0.5126  0.4900  0.5695  0.1789  0.3026  0.2488  0.3473  0.3263  0.5236  0.5902  1.0000  0.0634  0.0000  0.2969  0.0000  0.0000  0.0000
 1.0000  0.0000  0.0985  0.5474  0.6598  0.0599  0.7722  0.1428  0.0798  0.6308  0.1685  0.0677  0.4973  0.4186  0.3359  0.6023  0.7375  0.3320  0.1936  0.0283  0.0000  0.0872  0.0000  0.0000  0.0000
 0.1512  0.0000  0.0143  0.0375  0.2097  0.0298  0.1047  0.1245  0.0622  1.0000  0.1441  0.0477  0.1680  0.1374  0.3393  0.8471  0.1263  0.1576  0.1062  0.0219  0.0000  0.0628  0.0000  0.0000  0.0000
 0.0000  0.0000  0.0000  0.0000  0.0000  0.0000  1.0000  0.0000  0.0000  0.0000  0.0000  0.0000  0.0000  0.0000  0.0000  0.0000  0.0000  0.0000  0.0000  0.0000  0.0000  0.0000  0.0000  0.0000  0.0000
 0.1110  0.0000  0.0121  0.0038  0.0098  0.0123  0.0027  0.0031  0.0674  0.0105  1.0000  0.0195  0.0058  0.0140  0.0560  0.0065  0.0146  0.3126  0.1790  0.0019  0.0000  0.0032  0.0000  0.0000  0.0000
 0.4964  0.0000  0.0256  0.3307  0.4927  0.0237  0.2311  0.0596  0.0857  1.0000  0.1382  0.0486  0.4098  0.1287  0.2716  0.2410  0.7499  0.4893  0.1309  0.0084  0.0000  0.0197  0.0000  0.0000  0.0000
 1.0000  0.0000  0.1229  0.2217  0.3049  0.2543  0.5363  0.3020  0.1819  0.3674  0.3385  0.1150  0.2420  0.2769  0.2471  0.3091  0.6186  0.3354  0.3011  0.0711  0.0000  0.3464  0.0000  0.0000  0.0000
 0.5254  0.0000  0.0990  0.0404  0.0907  0.1282  0.0537  0.0349  0.5570  0.0974  0.7302  0.1796  0.0561  0.1227  0.1351  0.0647  0.1928  0.3658  1.0000  0.0204  0.0000  0.0448  0.0000  0.0000  0.0000
 0.0732  0.0000  0.0015  0.0980  0.3115  0.0021  0.0127  0.0053  0.0052  0.1598  0.0085  0.0032  0.0158  1.0000  0.0265  0.0133  0.0507  0.1530  0.0086  0.0009  0.0000  0.0024  0.0000  0.0000  0.0000
 0.2360  0.0000  0.0915  0.0721  0.0657  0.7240  0.1749  0.0344  0.3611  0.0542  0.4492  0.1022  0.0466  0.1133  0.0466  0.0639  0.0935  0.1473  1.0000  0.4216  0.0000  0.6073  0.0000  0.0000  0.0000
 1.0000  0.0000  0.0000  0.0000  0.0000  0.0000  0.0000  0.0000  0.0000  0.0000  0.0000  0.0000  0.0000  0.0000  0.0000  0.0000  0.0000  0.0000  0.0000  0.0000  0.0000  0.0000  0.0000  0.0000  0.0000
 0.0017  0.0000  0.0005  0.0003  0.0004  0.0017  0.0006  0.0000  0.3267  0.0006  0.0092  0.0017  0.0004  0.0003  0.0002  0.0005  0.0006  0.0018  1.0000  0.0002  0.0000  0.0008  0.0000  0.0000  0.0000
 0.0000  0.0000  0.0000  0.0000  0.0000  0.0000  0.0000  0.0000  0.0000  1.0000  0.0000  0.0000  0.0000  0.0000  0.0000  0.0000  0.0000  0.0000  0.0000  0.0000  0.0000  0.0000  0.0000  0.0000  0.0000
 0.5873  0.0000  0.0992  0.1556  0.2773  0.0728  0.0903  0.0568  0.4744  0.2843  0.3722  0.1156  0.1446  0.1526  0.1800  0.1606  0.2500  0.4580  1.0000  0.0163  0.0000  0.0490  0.0000  0.0000  0.0000
 0.0033  0.0000  0.0009  0.0004  0.0009  0.0087  0.0007  0.0006  0.4631  0.0011  1.0000  0.0107  0.0008  0.0014  0.0017  0.0011  0.0009  0.0020  0.0109  0.0010  0.0000  0.0012  0.0000  0.0000  0.0000
 0.0148  0.0000  0.0035  0.4143  0.0224  0.0030  0.0522  0.0158  0.0015  0.4064  0.0033  0.0012  1.0000  0.0119  0.0141  0.0107  0.1766  0.0163  0.0025  0.0015  0.0000  0.0080  0.0000  0.0000  0.0000
 0.2989  0.0000  0.0482  0.1530  0.3321  0.1490  0.1839  0.2470  0.1596  1.0000  0.3835  0.0857  0.2652  0.4699  0.3610  0.6943  0.3129  0.2629  0.1845  0.0493  0.0000  0.2213  0.0000  0.0000  0.0000
 0.5201  0.0000  0.0366  1.0000  0.9628  0.0358  0.2838  0.0866  0.1889  0.8424  0.3472  0.0732  0.3397  0.1915  0.4646  0.4699  0.5013  0.3932  0.1962  0.0125  0.0000  0.0290  0.0000  0.0000  0.0000
 0.9981  0.0000  0.3748  0.1935  0.1330  0.0855  1.0000  0.0655  0.0792  0.1098  0.1433  0.0592  0.1636  0.2820  0.0985  0.1201  0.5082  0.2129  0.2022  0.0520  0.0000  0.0911  0.0000  0.0000  0.0000
 0.6863  0.0000  0.1913  0.4235  0.4989  0.7040  0.4634  0.5793  0.4294  0.4999  0.7180  0.2409  0.5147  0.2767  0.4260  0.4607  0.6434  0.5911  0.5594  0.1872  0.0000  1.0000  0.0000  0.0000  0.0000
 0.1703  0.0000  0.0021  0.4471  0.6124  0.0057  0.0280  0.0149  0.0101  0.0700  0.0176  0.0069  0.0335  0.0367  1.0000  0.0245  0.1371  0.0939  0.0179  0.0026  0.0000  0.0072  0.0000  0.0000  0.0000
 0.1020  0.0000  0.0233  0.3747  0.1337  0.0399  1.0000  0.2516  0.0270  0.3281  0.0529  0.0181  0.4139  0.0729  0.1110  0.3950  0.2883  0.1018  0.0377  0.0154  0.0000  0.1031  0.0000  0.0000  0.0000
 0.2710  0.0000  0.0944  0.1092  0.1454  0.3754  0.1753  1.0000  0.2461  0.1556  0.4988  0.1189  0.1635  0.1090  0.3204  0.1857  0.2978  0.2092  0.3725  0.0985  0.0000  0.7505  0.0000  0.0000  0.0000
 0.1214  0.0000  0.0115  0.1432  0.1534  0.0217  0.0630  0.0298  0.0358  0.1504  0.1141  0.1133  0.2316  0.0452  0.2292  1.0000  0.2340  0.0944  0.1051  0.0065  0.0000  0.0263  0.0000  0.0000  0.0000
 0.2903  0.0000  0.0212  0.2608  0.1932  0.0166  0.3664  0.0344  0.0460  0.1850  0.0670  0.0258  0.3317  0.0772  0.1205  0.1057  1.0000  0.4555  0.1242  0.0071  0.0000  0.0182  0.0000  0.0000  0.0000
 0.6646  0.0000  0.0893  0.5956  1.0000  0.2215  0.2888  0.1971  0.4099  0.6025  0.5837  0.1855  0.3644  0.2489  0.4606  0.3579  0.4981  0.4801  0.6593  0.0559  0.0000  0.2459  0.0000  0.0000  0.0000
 0.0355  0.0000  0.0107  0.0091  0.0133  0.1174  0.0154  0.0199  0.0830  0.0154  0.5755  0.2094  0.0137  0.0140  0.0166  0.0168  0.0695  0.0240  0.0585  0.0229  0.0000  1.0000  0.0000  0.0000  0.0000
 0.0378  0.0000  0.0039  0.0536  0.4012  0.0194  0.0122  0.0098  0.0862  0.0472  0.1866  0.0237  0.0144  0.0187  1.0000  0.0286  0.0178  0.0224  0.0388  0.0035  0.0000  0.0074  0.0000  0.0000  0.0000
 0.0066  0.0000  0.0006  0.0012  0.0093  0.0014  0.0047  0.0638  0.0028  1.0000  0.0067  0.0022  0.0065  0.0052  0.0805  0.2881  0.0054  0.0071  0.0038  0.0010  0.0000  0.0030  0.0000  0.0000  0.0000
 0.0130  0.0000  0.0010  0.0224  1.0000  0.0020  0.0099  0.0056  0.0030  0.0335  0.0064  0.0021  0.0084  0.0097  0.0186  0.4825  0.0084  0.0081  0.0045  0.0014  0.0000  0.0031  0.0000  0.0000  0.0000
 0.0083  0.0000  0.0034  0.0012  0.0021  0.4674  0.0015  0.0007  0.0275  0.0011  0.6921  0.0163  0.0008  0.0033  0.0017  0.0011  0.0045  0.0051  0.0192  1.0000  0.0000  0.1032  0.0000  0.0000  0.0000
 0.6956  0.0000  0.2341  0.1747  0.2727  0.3232  0.1840  0.2480  0.4603  0.2714  1.0000  0.2432  0.3226  0.1728  0.2864  0.2286  0.3542  0.5610  0.8604  0.0831  0.0000  0.4262  0.0000  0.0000  0.0000
 0.3458  0.0000  0.0133  0.5499  1.0000  0.0233  0.1323  0.0598  0.0556  0.3365  0.0937  0.0348  0.1632  0.1425  0.3372  0.1545  0.2265  0.2222  0.0916  0.0097  0.0000  0.0257  0.0000  0.0000  0.0000
 0.0000  0.0000  0.0000  0.0000  1.0000  0.0000  0.0000  0.0000  0.0000  0.0000  0.0000  0.0000  0.0000  0.0000  0.0000  0.0000  0.0000  0.0000  0.0000  0.0000  0.0000  0.0000  0.0000  0.0000  0.0000
 0.4992  0.0000  0.0076  0.0020  0.0057  0.0061  0.0008  0.0014  0.1374  0.0059  0.0593  0.0099  0.0028  0.0078  0.0042  0.0034  0.0058  0.0267  1.0000  0.0009  0.0000  0.0021  0.0000  0.0000  0.0000
 0.5187  0.0000  0.1754  0.2286  0.2954  0.7064  0.3343  0.5364  0.4207  0.3592  0.6468  0.2229  0.3612  0.2082  0.3046  0.3638  0.4220  0.4001  0.5040  0.1823  0.0000  1.0000  0.0000  0.0000  0.0000
 0.0306  0.0000  0.0597  0.0050  0.0075  0.7221  0.0089  0.0020  1.0000  0.0104  0.2793  0.0464  0.0067  0.0076  0.0067  0.0086  0.0100  0.0283  0.4403  0.0056  0.0000  0.0155  0.0000  0.0000  0.0000
 0.0018  0.0000  0.0005  0.0002  0.0005  0.0048  0.0004  0.0004  0.0090  0.0006  1.0000  0.2144  0.0004  0.0008  0.0009  0.0006  0.0005  0.0010  0.0049  0.0006  0.0000  0.0006  0.0000  0.0000  0.0000
 0.1161  0.0000  0.0115  0.0337  0.1386  0.0211  0.7186  0.0882  0.0417  1.0000  0.0987  0.0327  0.1106  0.0824  0.2291  0.8589  0.0946  0.1078  0.0571  0.0156  0.0000  0.0448  0.0000  0.0000  0.0000
 0.1375  0.0000  0.0186  0.5074  0.1925  0.0163  0.3955  0.0695  0.0266  0.5378  0.0459  0.0162  0.6491  0.0732  1.0000  0.0976  0.3390  0.1680  0.0413  0.0075  0.0000  0.0326  0.0000  0.0000  0.0000
 0.0031  0.0000  0.0008  0.0004  0.0007  0.0056  0.0006  0.0004  0.0587  0.0009  1.0000  0.0067  0.0006  0.0010  0.0011  0.0008  0.0008  0.0022  0.2329  0.0007  0.0000  0.0010  0.0000  0.0000  0.0000
 0.0401  0.0000  0.0046  0.0109  0.0523  0.0120  0.0271  0.2559  0.0378  0.4033  0.0605  0.0129  0.2562  0.0280  0.2709  1.0000  0.0334  0.0404  0.1015  0.0064  0.0000  0.0217  0.0000  0.0000  0.0000
 0.0000  0.0000  0.0000  0.0000  0.0000  0.0000  0.0000  1.0000  0.0000  0.0000  0.0000  0.0000  0.0000  0.0000  0.0000  0.0000  0.0000  0.0000  0.0000  0.0000  0.0000  0.0000  0.0000  0.0000  0.0000
 0.0328  0.0000  0.0008  0.0017  0.0096  0.0014  0.0055  0.0057  0.0028  0.3118  0.0066  0.0022  0.0065  1.0000  0.0397  0.0871  0.0242  0.0073  0.0039  0.0010  0.0000  0.0029  0.0000  0.0000  0.0000
 0.0029  0.0000  0.0008  0.0138  0.0042  0.0007  0.0102  0.1710  0.0004  0.0042  0.0009  0.0003  1.0000  0.0025  0.0028  0.0024  0.0075  0.0031  0.0006  0.0004  0.0000  0.0016  0.0000  0.0000  0.0000
 0.0051  0.0000  0.0016  0.0011  0.0014  0.0088  0.0021  0.0003  0.6889  0.0021  1.0000  0.0092  0.0014  0.0012  0.0011  0.0018  0.0020  0.0053  0.4147  0.0010  0.0000  0.0030  0.0000  0.0000  0.0000
 0.0021  0.0000  0.0005  0.0002  0.0004  0.0012  0.0003  0.0001  0.0784  0.0005  0.0063  0.0012  0.0003  0.0004  0.0003  0.0004  0.0005  0.0018  1.0000  0.0002  0.0000  0.0005  0.0000  0.0000  0.0000
 0.1054  0.0000  0.0112  0.0590  0.1475  0.0215  0.3375  0.0940  0.0419  1.0000  0.0990  0.0328  0.1807  0.0821  0.3685  0.6007  0.1015  0.1119  0.0560  0.0159  0.0000  0.0473  0.0000  0.0000  0.0000
 0.0120  0.0000  0.0059  0.0018  0.0030  0.7843  0.0020  0.0003  0.0292  0.0004  1.0000  0.0152  0.0003  0.0046  0.0006  0.0004  0.0079  0.0075  0.0249  0.0539  0.0000  0.5968  0.0000  0.0000  0.0000
 0.0808  0.0000  0.0195  0.0101  0.0202  0.0543  0.0184  0.0057  1.0000  0.0425  0.2978  0.0594  0.0151  0.0193  0.0182  0.2073  0.0242  0.0699  0.6822  0.0073  0.0000  0.0229  0.0000  0.0000  0.0000
 0.4870  0.0000  0.0024  0.0020  0.0022  0.0009  1.0000  0.0005  0.0011  0.0024  0.0024  0.0011  0.0018  0.0061  0.0017  0.0018  0.0124  0.0042  0.0040  0.0004  0.0000  0.0008  0.0000  0.0000  0.0000
 0.3926  0.0000  0.0212  0.0268  0.0334  0.6960  0.0441  0.0793  0.0470  0.0364  0.0797  0.0266  0.0387  0.0261  0.0352  0.0420  0.0516  0.0473  0.0600  0.0213  0.0000  1.0000  0.0000  0.0000  0.0000
 0.1169  0.0000  1.0000  0.0033  0.0034  0.0015  0.0149  0.0009  0.0045  0.0040  0.0050  0.0021  0.0042  0.0082  0.0029  0.0027  0.0232  0.4007  0.0110  0.0006  0.0000  0.0012  0.0000  0.0000  0.0000
 0.7404  0.0000  0.1175  0.6137  1.0000  0.0530  0.3749  0.1208  0.2146  0.9143  0.2951  0.1036  0.4809  0.2673  0.5693  0.5071  0.7230  0.5921  0.2790  0.0180  0.0000  0.0436  0.0000  0.0000  0.0000
 1.0000  0.0000  0.1035  0.1211  0.7173  0.0361  0.3203  0.0303  0.0792  0.1253  0.0994  0.0482  0.1620  0.2045  0.0934  0.0811  0.8452  0.9778  0.1769  0.0176  0.0000  0.0340  0.0000  0.0000  0.0000
 0.0983  0.0000  0.0085  1.0000  0.4714  0.0086  0.0857  0.0286  0.0216  0.5970  0.0362  0.0128  0.2831  0.0439  0.0859  0.2726  0.4115  0.0759  0.0334  0.0036  0.0000  0.0121  0.0000  0.0000  0.0000
 0.0166  0.0000  0.0014  1.0000  0.3046  0.0021  0.0228  0.0083  0.0019  0.0187  0.0037  0.0015  0.0617  0.2227  0.0197  0.0068  0.0665  0.0108  0.0035  0.0010  0.0000  0.0042  0.0000  0.0000  0.0000
 0.2741  0.0000  0.0226  0.7411  1.0000  0.0344  0.4277  0.2208  0.0358  0.3743  0.0727  0.0277  0.4433  0.2330  0.3827  0.1956  0.2782  0.1600  0.0644  0.0170  0.0000  0.0652  0.0000  0.0000  0.0000
 0.0578  0.0000  0.0112  0.1828  0.0759  0.0113  0.1395  0.1321  0.0121  0.1667  0.0260  0.0091  0.3445  0.0439  0.0737  1.0000  0.8511  0.0762  0.0177  0.0067  0.0000  0.0274  0.0000  0.0000  0.0000
 0.0098  0.0000  0.0011  0.0018  0.0117  0.0048  0.0064  0.0075  0.0093  0.1830  1.0000  0.0065  0.0083  0.0071  0.0198  0.0678  0.0073  0.0095  0.0080  0.0017  0.0000  0.0040  0.0000  0.0000  0.0000
 0.0184  0.0000  1.0000  0.0053  0.0035  0.0169  0.0103  0.0019  0.0054  0.0043  0.0084  0.0025  0.0066  0.0058  0.0030  0.0032  0.0175  0.0537  0.0092  0.0040  0.0000  0.0644  0.0000  0.0000  0.0000
 0.0021  0.0000  0.0005  0.0003  0.0005  0.0056  0.0004  0.0004  0.2186  0.0007  1.0000  0.0069  0.0005  0.0009  0.0011  0.0007  0.0006  0.0013  0.0065  0.0007  0.0000  0.0008  0.0000  0.0000  0.0000
 0.5192  0.0000  0.0088  0.0036  0.0071  0.0046  0.0166  0.0016  0.0321  0.0072  0.0241  0.0077  0.0039  0.0135  0.0052  0.0046  0.0191  0.0258  1.0000  0.0010  0.0000  0.0020  0.0000  0.0000  0.0000
 0.0492  0.0000  0.0129  0.0130  0.0128  0.2803  0.0178  0.0061  0.0492  0.0162  0.1118  0.5060  0.0175  0.0190  0.0110  0.0126  0.0685  0.3497  0.0509  0.0601  0.0000  1.0000  0.0000  0.0000  0.0000
 0.0000  0.0000  0.0000  0.0000  1.0000  0.0000  0.0000  0.0000  0.0000  0.0000  0.0000  0.0000  0.0000  0.0000  0.0000  0.0000  0.0000  0.0000  0.0000  0.0000  0.0000  0.0000  0.0000  0.0000  0.0000
 0.0023  0.0000  0.0277  0.0004  0.0006  1.0000  0.0004  0.0000  0.0050  0.0000  0.0122  0.0024  0.0000  0.0009  0.0000  0.0000  0.0016  0.0015  0.0047  0.0114  0.0000  0.8526  0.0000  0.0000  0.0000
 0.0753  0.0000  0.0182  0.0094  0.0181  0.1757  0.0715  0.0132  0.4088  0.0245  1.0000  0.3179  0.0173  0.0294  0.0339  0.0239  0.0243  0.0423  0.2618  0.0208  0.0000  0.0251  0.0000  0.0000  0.0000
 0.5169  0.0000  0.1761  0.2091  0.2911  0.7255  0.4025  0.5434  0.3922  0.2960  0.6540  0.2198  0.3090  0.2701  0.2961  0.3492  0.4222  0.4024  0.5005  0.1836  0.0000  1.0000  0.0000  0.0000  0.0000
 0.0555  0.0000  0.0050  0.0358  0.5697  0.0101  0.2532  0.0421  0.0197  0.3612  0.0461  0.0154  0.0550  0.0404  0.1138  1.0000  0.0453  0.0519  0.0270  0.0073  0.0000  0.0213  0.0000  0.0000  0.0000
 0.0183  0.0000  0.0017  0.0254  0.0667  0.0027  1.0000  0.0107  0.0044  0.4557  0.0100  0.0034  0.0230  0.0117  0.0698  0.0509  0.0167  0.0136  0.0065  0.0017  0.0000  0.0055  0.0000  0.0000  0.0000
 0.0041  0.0000  0.0007  0.0057  0.0020  0.0004  0.0052  0.0013  0.0005  0.0021  0.0008  0.0003  0.0415  0.0019  0.0015  0.0012  1.0000  0.0061  0.0010  0.0002  0.0000  0.0008  0.0000  0.0000  0.0000
 0.0028  0.0000  0.0007  0.0003  0.0006  0.0056  0.0005  0.0004  0.0117  0.0008  1.0000  0.0067  0.0006  0.0010  0.0011  0.0008  0.0007  0.0017  0.1721  0.0007  0.0000  0.0009  0.0000  0.0000  0.0000
 0.1585  0.0000  0.0233  0.6191  1.0000  0.0255  0.3434  0.1130  0.0185  0.2058  0.0380  0.0142  0.8752  0.1128  0.1731  0.0954  0.2766  0.1268  0.0325  0.0129  0.0000  0.2392  0.0000  0.0000  0.0000
 0.0049  0.0000  0.0012  0.9234  0.0075  0.0010  0.0172  0.0052  0.0005  0.0068  0.0011  0.0004  1.0000  0.0040  0.0046  0.0035  0.0130  0.0051  0.0009  0.0005  0.0000  0.0026  0.0000  0.0000  0.0000
 0.4914  0.0000  0.1689  0.1967  0.2726  0.6833  0.3194  0.6293  0.3864  0.3558  0.7592  0.2185  0.3009  0.2018  0.3366  0.3877  0.3878  0.3817  0.4860  0.1772  0.0000  1.0000  0.0000  0.0000  0.0000
 0.0033  0.0000  0.0009  0.0004  0.0009  0.0087  0.0007  0.0006  0.4631  0.0011  1.0000  0.0107  0.0008  0.0014  0.0017  0.0011  0.0009  0.0020  0.0109  0.0010  0.0000  0.0012  0.0000  0.0000  0.0000
 0.2283  0.0000  0.0164  0.5624  1.0000  0.0612  0.1550  0.0891  0.0514  0.2657  0.1087  0.0348  0.1889  0.1383  0.2712  0.1211  0.1587  0.1197  0.0736  0.0177  0.0000  0.0619  0.0000  0.0000  0.0000
 0.0433  0.0000  0.0043  0.0105  0.5781  0.0096  0.0311  0.0382  0.0184  1.0000  0.0432  0.0143  0.0904  0.0335  0.1003  0.9678  0.0359  0.0458  0.0245  0.1365  0.0000  0.0626  0.0000  0.0000  0.0000
 0.0048  0.0000  0.0005  0.0010  0.0065  0.0010  0.0034  0.0041  0.0020  0.0615  0.0047  0.0016  0.0046  0.0037  0.2779  1.0000  0.0221  0.0260  0.0027  0.0007  0.0000  0.0021  0.0000  0.0000  0.0000
 0.5031  0.0000  0.1716  0.2018  0.2838  0.6994  0.3281  0.5341  0.3850  0.3910  0.6393  0.2170  0.3400  0.2081  0.3170  0.4317  0.3994  0.3966  0.4956  0.1800  0.0000  1.0000  0.0000  0.0000  0.0000
 0.5838  0.0000  0.0411  0.5416  1.0000  0.0392  0.2946  0.0965  0.1438  0.9752  0.2327  0.0817  0.3841  0.2315  0.4626  0.5966  0.8245  0.4925  0.2195  0.0138  0.0000  0.0312  0.0000  0.0000  0.0000
 0.7608  0.0000  0.0521  0.6361  1.0000  0.0489  0.3712  0.1188  0.1824  0.9298  0.2944  0.1032  0.4870  0.2682  0.5760  0.5135  0.7156  0.5638  0.2885  0.0168  0.0000  0.0374  0.0000  0.0000  0.0000
 0.8263  0.0000  0.0475  0.0725  0.2270  0.0199  0.7268  0.0161  0.0305  0.0733  0.0529  0.0248  0.0748  0.1225  0.0519  0.0474  1.0000  0.4850  0.0857  0.0083  0.0000  0.0178  0.0000  0.0000  0.0000
 0.7534  0.0000  0.0531  0.6218  1.0000  0.0500  0.3795  0.1212  0.1860  0.9288  0.3037  0.1053  0.4915  0.2727  0.5871  0.5253  0.7304  0.5712  0.2835  0.0172  0.0000  0.0384  0.0000  0.0000  0.0000
 0.7492  0.0000  0.0536  0.6328  1.0000  0.0528  0.4046  0.1226  0.1941  0.9270  0.3155  0.1079  0.4903  0.2720  0.5875  0.5200  0.7344  0.5800  0.2887  0.0179  0.0000  0.0424  0.0000  0.0000  0.0000
 0.4466  0.0000  0.0319  0.0180  0.0310  0.0157  0.0803  0.0295  0.0963  0.0323  0.0773  0.0257  0.0179  1.0000  0.0221  0.0214  0.0885  0.0914  0.4848  0.0039  0.0000  0.0085  0.0000  0.0000  0.0000
 0.0093  0.0000  0.0045  0.0014  0.0024  0.9421  0.0016  0.0003  0.0238  0.0004  1.0000  0.0127  0.0003  0.0036  0.0007  0.0005  0.0060  0.0058  0.0197  0.0402  0.0000  0.2546  0.0000  0.0000  0.0000
 0.0099  0.0000  0.0015  0.0163  0.0070  0.0011  0.0140  0.0043  0.0014  0.2164  0.0024  0.0010  0.0678  1.0000  0.0059  0.0083  0.1833  0.0120  0.0025  0.0006  0.0000  0.0023  0.0000  0.0000  0.0000
 0.3535  0.0000  0.0217  0.0090  0.0200  0.1566  0.0148  0.0132  0.3144  0.0248  1.0000  0.2219  0.0166  0.0320  0.0331  0.0225  0.0239  0.0572  0.2562  0.4590  0.0000  0.0245  0.0000  0.0000  0.0000
 1.0000  0.0000  0.0597  0.1258  0.1054  0.0265  0.4051  0.0211  0.0405  0.1078  0.1370  0.0327  0.0895  0.3299  0.0734  0.0693  0.8013  0.2884  0.1114  0.0103  0.0000  0.0233  0.0000  0.0000  0.0000
 0.3762  0.0000  0.0899  0.1961  0.2180  0.0713  0.1023  0.0699  0.4737  0.2076  0.1545  0.0462  0.2725  0.0823  0.1420  0.1665  0.2727  1.0000  0.3110  0.0199  0.0000  0.0918  0.0000  0.0000  0.0000
 0.1469  0.0000  0.0343  0.0187  0.0531  0.1511  0.0369  0.0262  1.0000  0.1631  0.8473  0.1778  0.0401  0.0475  0.0716  0.1523  0.0489  0.1236  0.9618  0.0207  0.0000  0.0469  0.0000  0.0000  0.0000
 0.0231  0.0000  0.0059  0.0028  0.1891  0.1025  0.0045  0.0047  0.2309  0.0078  1.0000  0.6787  0.0056  0.0095  0.0116  0.0077  0.0065  0.0334  0.0645  0.0070  0.0000  0.0079  0.0000  0.0000  0.0000
 0.0074  0.0000  0.0007  0.0013  0.0097  0.0015  0.0052  0.0062  0.0030  1.0000  0.0071  0.0819  0.0068  0.0056  0.0165  0.1515  0.1135  0.0078  0.0040  0.0011  0.0000  0.0031  0.0000  0.0000  0.0000
 0.0025  0.0000  0.0009  0.0006  0.0007  0.0678  0.0012  0.0000  1.0000  0.0011  0.0203  0.0036  0.0007  0.0005  0.0003  0.0009  0.0011  0.0030  0.9470  0.0005  0.0000  0.0019  0.0000  0.0000  0.0000
 1.0000  0.0000  0.0013  0.0010  0.0012  0.0005  0.0071  0.0002  0.0006  0.0012  0.0012  0.0006  0.0009  0.0032  0.0009  0.0009  0.0301  0.0023  0.0021  0.0002  0.0000  0.0004  0.0000  0.0000  0.0000
 0.0585  0.0000  0.0078  0.0025  0.0887  0.0152  0.0015  0.0277  0.3443  0.0068  1.0000  0.0204  0.0038  0.0089  0.0063  0.0048  0.0065  0.0259  0.1692  0.0021  0.0000  0.0042  0.0000  0.0000  0.0000
 0.0334  0.0000  0.0081  0.4791  0.0497  0.0069  1.0000  0.3276  0.0033  0.0478  0.0074  0.0026  0.4646  0.0272  0.0321  0.0242  0.0919  0.0356  0.0055  0.0036  0.0000  0.0184  0.0000  0.0000  0.0000
 0.9769  0.0000  0.0552  0.0129  0.0411  0.0299  0.0011  0.0103  0.3297  0.0408  0.1982  0.3575  0.0191  0.0582  0.0306  0.0228  0.0404  0.2230  1.0000  0.0049  0.0000  0.0090  0.0000  0.0000  0.0000
 1.0000  0.0000  0.0334  0.0015  0.0017  0.0007  0.0107  0.0003  0.0009  0.0019  0.0019  0.0009  0.0013  0.0048  0.0013  0.0013  0.1885  0.0037  0.0032  0.0003  0.0000  0.0006  0.0000  0.0000  0.0000
 0.0037  0.0000  0.0004  0.0007  0.0052  0.0008  0.0027  0.0033  0.0016  1.0000  0.0038  0.0012  0.0036  0.0029  0.0088  0.4897  0.0031  0.0295  0.0021  0.0006  0.0000  0.0017  0.0000  0.0000  0.0000
 0.0000  0.0000  0.0000  0.0000  0.0000  0.0000  1.0000  0.0000  0.0000  0.0000  0.0000  0.0000  0.0000  0.0000  0.0000  0.0000  0.0000  0.0000  0.0000  0.0000  0.0000  0.0000  0.0000  0.0000  0.0000
 0.0021  0.0000  0.0005  0.0002  0.0005  0.0054  0.0004  0.0004  0.0101  0.0007  1.0000  0.2218  0.0005  0.0009  0.0010  0.0007  0.0006  0.0012  0.0403  0.0006  0.0000  0.0007  0.0000  0.0000  0.0000
 1.0000  0.0000  0.0354  0.5039  0.7074  0.0335  0.2543  0.0819  0.1239  0.8373  0.2311  0.0702  0.4140  0.1840  0.5010  0.3481  0.5153  0.3804  0.1891  0.0116  0.0000  0.0261  0.0000  0.0000  0.0000
 0.0074  0.0000  0.1521  0.0012  0.0019  0.8907  0.0013  0.0001  0.0158  0.0000  0.0384  0.0077  0.0001  0.0028  0.0000  0.0001  0.0051  0.0046  0.0147  0.0359  0.0000  1.0000  0.0000  0.0000  0.0000
 0.0000  0.0000  0.0000  0.0000  0.0000  0.0000  0.0000  0.0000  0.0000  0.0000  1.0000  0.0000  0.0000  0.0000  0.0000  0.0000  0.0000  0.0000  0.0000  0.0000  0.0000  0.0000  0.0000  0.0000  0.0000
 0.0000  0.0000  0.0000  0.0000  0.0000  0.0000  0.0000  1.0000  0.0000  0.0000  0.0000  0.0000  0.0000  0.0000  0.0000  0.0000  0.0000  0.0000  0.0000  0.0000  0.0000  0.0000  0.0000  0.0000  0.0000
 0.2977  0.0000  0.0116  0.3586  1.0000  0.0145  0.2469  0.0531  0.0157  0.1378  0.0302  0.0118  0.9419  0.0778  0.8677  0.0568  0.1427  0.0771  0.0299  0.0070  0.0000  0.0271  0.0000  0.0000  0.0000
 0.0116  0.0000  0.0003  0.1069  1.0000  0.0011  0.0646  0.0031  0.0015  0.0337  0.0027  0.0011  0.0074  0.0069  0.0795  0.0037  0.0400  0.0056  0.0028  0.0005  0.0000  0.0015  0.0000  0.0000  0.0000
 0.0177  0.0000  0.0018  0.0053  0.0246  0.0036  0.0138  0.0158  0.0074  1.0000  0.0175  0.0058  0.4393  0.1241  0.0411  0.5835  0.0153  0.0189  0.0098  0.0027  0.0000  0.0079  0.0000  0.0000  0.0000
 0.1238  0.0000  0.0091  0.0505  0.0986  0.0136  0.0723  0.0548  0.0268  0.8588  0.0602  0.0204  0.4553  1.0000  0.1388  0.5022  0.1337  0.0827  0.0381  0.0094  0.0000  0.0279  0.0000  0.0000  0.0000
 0.0034  0.0000  0.0011  0.0008  0.0010  0.0054  0.0016  0.0001  0.6250  0.0015  0.5554  0.0054  0.0010  0.0007  0.0006  0.0012  0.0015  0.0039  1.0000  0.0007  0.0000  0.0023  0.0000  0.0000  0.0000
 0.0033  0.0000  0.0009  0.0004  0.0009  0.0085  0.0008  0.0006  1.0000  0.0012  0.5060  0.0103  0.0008  0.0013  0.0016  0.0011  0.0010  0.0021  0.0138  0.0010  0.0000  0.0013  0.0000  0.0000  0.0000
 0.0186  0.0000  0.0162  0.0354  0.0177  0.0118  0.0533  0.9805  0.0099  0.0192  0.0172  0.0048  0.0322  0.0212  0.0137  0.0214  0.0192  0.0162  0.0130  0.0086  0.0000  1.0000  0.0000  0.0000  0.0000
 0.4123  0.0000  0.0703  0.2073  0.1653  0.0607  0.8009  0.0960  0.0667  0.3812  0.1459  0.0392  0.1993  0.2689  0.1672  1.0000  0.2695  0.1563  0.1131  0.0504  0.0000  0.0721  0.0000  0.0000  0.0000
 0.0000  0.0000  0.0000  1.0000  0.0000  0.0000  0.0000  0.0000  0.0000  0.0000  0.0000  0.0000  0.0000  0.0000  0.0000  0.0000  0.0000  0.0000  0.0000  0.0000  0.0000  0.0000  0.0000  0.0000  0.0000
 0.0176  0.0000  0.0045  0.0022  0.0045  1.0000  0.0035  0.0035  0.4801  0.0060  0.6047  0.2708  0.0043  0.0074  0.0091  0.0060  0.0049  0.0102  0.0505  0.0058  0.0000  0.0069  0.0000  0.0000  0.0000
 0.0000  0.0000  0.0000  0.0000  0.0000  0.0000  0.0000  0.0000  0.0000  1.0000  0.0000  0.0000  0.0000  0.0000  0.0000  0.0000  0.0000  0.0000  0.0000  0.0000  0.0000  0.0000  0.0000  0.0000  0.0000
 0.7218  0.0000  0.0079  0.0090  0.0080  0.0033  0.0852  0.0023  0.0056  0.0099  0.0084  0.0042  0.0121  0.0198  0.0072  0.0067  0.9474  1.0000  0.0144  0.0015  0.0000  0.0029  0.0000  0.0000  0.0000
 0.3201  0.0000  0.1591  0.0062  0.0071  0.0030  0.0436  0.0014  0.0038  0.0078  0.0077  0.0036  0.0057  0.0198  0.0054  0.0056  1.0000  0.0178  0.0134  0.0011  0.0000  0.0024  0.0000  0.0000  0.0000
 0.0000  0.0000  0.0000  0.0000  0.0000  0.0000  0.0000  0.0000  0.0000  0.0000  0.0000  0.0000  1.0000  0.0000  0.0000  0.0000  0.0000  0.0000  0.0000  0.0000  0.0000  0.0000  0.0000  0.0000  0.0000
 0.0034  0.0000  0.0011  0.0008  0.0010  0.0054  0.0017  0.0001  1.0000  0.0015  0.4153  0.0053  0.0010  0.0007  0.0005  0.0012  0.0015  0.0040  0.9450  0.0007  0.0000  0.0024  0.0000  0.0000  0.0000
 0.0063  0.0000  0.0015  0.0007  0.0014  0.0106  0.0010  0.0008  0.0259  0.0017  1.0000  0.0129  0.0011  0.0021  0.0022  0.0016  0.0016  0.0041  0.4608  0.0013  0.0000  0.0017  0.0000  0.0000  0.0000
 0.0044  0.0000  0.0012  0.0006  0.0011  0.0108  0.0010  0.0008  0.5169  0.0015  1.0000  0.2224  0.0011  0.0017  0.0020  0.0015  0.0013  0.0029  0.0739  0.0013  0.0000  0.0016  0.0000  0.0000  0.0000
 0.0189  0.0000  0.0007  1.0000  0.1228  0.0019  0.0131  0.0062  0.0023  0.4758  0.0044  0.0017  0.0181  0.0118  0.0243  0.0071  0.0137  0.0095  0.0043  0.0009  0.0000  0.0031  0.0000  0.0000  0.0000
 0.6610  0.0000  0.0556  0.3132  0.5278  0.0292  0.9020  0.0948  0.0299  0.1408  0.0625  0.0275  0.2822  0.1632  0.1102  0.0768  1.0000  0.1497  0.0906  0.0121  0.0000  0.0403  0.0000  0.0000  0.0000
 0.0048  0.0000  0.0006  1.0000  0.2084  0.0007  0.0090  0.0030  0.0005  0.0058  0.0011  0.0004  0.2654  0.0034  0.0056  0.0023  0.0074  0.0035  0.0010  0.0003  0.0000  0.0015  0.0000  0.0000  0.0000
 0.0023  0.0000  0.0012  0.0004  0.0006  0.8283  0.0004  0.0000  0.0051  0.0000  0.0123  0.0025  0.0000  0.0009  0.0000  0.0000  0.0016  0.0015  0.0047  0.0115  0.0000  1.0000  0.0000  0.0000  0.0000
 0.0329  0.0000  0.0042  0.1262  1.0000  0.0049  0.0645  0.0426  0.0038  0.0431  0.0078  0.0030  0.4969  0.0233  0.0379  0.0193  0.0528  0.0250  0.0068  0.0025  0.0000  0.0111  0.0000  0.0000  0.0000
 0.4658  0.0000  0.0079  0.0051  0.0069  0.0040  0.0039  0.0022  0.0669  0.0080  0.0229  0.0076  0.0087  0.0111  0.0061  0.0047  0.2257  1.0000  0.4108  0.0011  0.0000  0.0020  0.0000  0.0000  0.0000
 0.5119  0.0000  0.0759  0.0187  0.0568  0.0430  0.0105  0.0140  0.5478  0.0568  0.2792  0.0823  0.0269  0.0931  0.0420  0.0322  0.0620  0.2657  1.0000  0.0071  0.0000  0.0139  0.0000  0.0000  0.0000
 0.0000  0.0000  0.0000  0.0000  0.0000  0.0000  0.0000  0.0000  0.0000  1.0000  0.0000  0.0000  0.0000  0.0000  0.0000  0.0000  0.0000  0.0000  0.0000  0.0000  0.0000  0.0000  0.0000  0.0000  0.0000
 0.0051  0.0000  0.0016  0.0011  0.0014  0.0088  0.0021  0.0003  0.6889  0.0021  1.0000  0.0092  0.0014  0.0012  0.0011  0.0018  0.0020  0.0053  0.4147  0.0010  0.0000  0.0030  0.0000  0.0000  0.0000
 0.9531  0.0000  0.4635  0.0549  0.0631  0.0269  0.3889  0.0126  0.0335  0.0696  0.0689  0.0323  0.0504  0.1759  0.0482  0.0498  1.0000  0.1541  0.1196  0.0099  0.0000  0.0209  0.0000  0.0000  0.0000
 0.0000  0.0000  0.0000  1.0000  0.0000  0.0000  0.0000  0.0000  0.0000  0.0000  0.0000  0.0000  0.0000  0.0000  0.0000  0.0000  0.0000  0.0000  0.0000  0.0000  0.0000  0.0000  0.0000  0.0000  0.0000
 0.0117  0.0000  0.0042  0.0018  0.0026  1.0000  0.0033  0.0007  0.0255  0.0015  0.0471  0.0100  0.0011  0.0041  0.0014  0.0014  0.0052  0.0072  0.4420  0.0238  0.0000  0.0949  0.0000  0.0000  0.0000
 0.0000  0.0000  0.0000  0.0000  0.0000  0.0000  1.0000  0.0000  0.0000  0.0000  0.0000  0.0000  0.0000  0.0000  0.0000  0.0000  0.0000  0.0000  0.0000  0.0000  0.0000  0.0000  0.0000  0.0000  0.0000
 0.0148  0.0000  0.0035  0.0015  0.0031  0.0211  0.0022  0.0017  0.0594  0.0038  1.0000  0.0255  0.0024  0.0047  0.0045  0.0033  0.0035  0.0098  0.9181  0.0026  0.0000  0.0038  0.0000  0.0000  0.0000
 1.0000  0.0000  0.0024  0.0019  0.0022  0.0009  0.0132  0.0004  0.0011  0.0024  0.0023  0.0011  0.0017  0.0060  0.0016  0.0017  0.4690  0.0049  0.0040  0.0003  0.0000  0.0007  0.0000  0.0000  0.0000
 0.1254  0.0000  0.0126  0.0216  0.1689  0.0326  0.0860  0.1083  0.0663  1.0000  0.2729  0.0560  0.1178  0.0963  0.2878  0.7839  0.1010  0.1449  0.0790  0.0199  0.0000  0.0556  0.0000  0.0000  0.0000
 0.8057  0.0000  0.0732  0.5542  1.0000  0.0473  0.3495  0.0602  0.1506  0.2558  0.1628  0.0615  0.1419  0.2717  0.2859  0.1031  0.3779  0.2603  0.3690  0.0168  0.0000  0.0430  0.0000  0.0000  0.0000
 0.2030  0.0000  0.0267  0.0554  0.2206  0.1196  0.1447  0.1315  0.2054  1.0000  0.8806  0.1690  0.1489  0.1247  0.3901  0.7472  0.1482  0.1751  0.1677  0.0332  0.0000  0.0921  0.0000  0.0000  0.0000
 0.3989  0.0000  0.0121  0.6430  0.0216  0.0051  1.0000  0.0066  0.0055  0.0178  0.0118  0.0055  0.0324  0.0757  0.0128  0.0111  0.0703  0.0878  0.0192  0.0020  0.0000  0.0056  0.0000  0.0000  0.0000
 0.0793  0.0000  0.0014  0.2069  1.0000  0.0071  0.0307  0.0189  0.0095  0.0815  0.0179  0.0073  0.0326  0.8684  0.4020  0.0250  0.0403  0.0344  0.0184  0.0034  0.0000  0.0096  0.0000  0.0000  0.0000
 0.2333  0.0000  0.0248  0.5038  1.0000  0.0238  0.2977  0.0893  0.0467  0.2880  0.0784  0.0282  0.9844  0.1160  0.4332  0.1502  0.4967  0.3564  0.0734  0.0105  0.0000  0.0409  0.0000  0.0000  0.0000
 0.5829  0.0000  0.0658  0.2879  0.1381  0.0341  1.0000  0.0609  0.0337  0.1223  0.0757  0.2876  0.2989  0.1736  0.0855  0.0761  0.3850  0.1443  0.0969  0.0153  0.0000  0.0437  0.0000  0.0000  0.0000
 0.6462  0.0000  0.0460  1.0000  0.9519  0.0439  0.3232  0.1048  0.2415  0.8880  0.2573  0.0905  0.4213  0.2367  0.5403  0.4442  0.6921  0.7073  0.4083  0.0152  0.0000  0.0344  0.0000  0.0000  0.0000
 0.6634  0.0000  0.0460  0.6062  1.0000  0.0470  0.3322  0.1148  0.1629  0.8657  0.2658  0.1140  0.4321  0.2499  0.5493  0.4882  0.6311  0.4974  0.2783  0.0169  0.0000  0.0402  0.0000  0.0000  0.0000
 0.0048  0.0000  0.0010  0.0020  0.0012  0.0005  0.0016  0.0006  0.0014  0.0019  0.0013  0.0007  0.0035  0.0024  0.0014  0.0012  0.2402  1.0000  0.0022  0.0003  0.0000  0.0005  0.0000  0.0000  0.0000
 0.0455  0.0000  0.0109  0.7344  0.0710  0.0093  0.1623  1.0000  0.0046  0.0649  0.0102  0.0036  0.3657  0.0369  0.0440  0.0327  0.1232  0.0481  0.0076  0.0048  0.0000  0.0248  0.0000  0.0000  0.0000
 0.2858  0.0000  0.0575  0.0154  0.0436  0.0455  0.0100  0.0107  0.4787  0.0449  0.2773  0.0740  0.0219  0.2253  0.0324  0.0265  0.0478  0.2019  1.0000  0.0070  0.0000  0.0154  0.0000  0.0000  0.0000
 0.0613  0.0000  0.0093  0.0539  0.3871  0.0063  0.0268  0.0125  0.0158  0.4153  0.0192  0.0088  0.0486  0.0316  0.0389  0.0392  1.0000  0.3841  0.0252  0.0038  0.0000  0.0084  0.0000  0.0000  0.0000
 0.6500  0.0000  0.0042  0.0046  0.0044  0.0019  0.0175  0.0012  0.0045  0.0052  0.0054  0.0024  0.0059  0.0100  0.0038  0.0036  0.0310  1.0000  0.0108  0.0008  0.0000  0.0016  0.0000  0.0000  0.0000
 0.6622  0.0000  0.2563  0.2227  0.3847  0.6623  0.3576  0.5578  0.3845  0.5318  0.6451  0.2192  0.3400  0.2532  0.3679  0.8466  0.4299  0.4161  0.4953  0.1779  0.0000  1.0000  0.0000  0.0000  0.0000
 0.3690  0.0000  0.0625  0.2596  0.6510  0.6100  0.1144  0.0499  0.3627  0.1689  0.3586  0.0912  0.0855  0.1269  0.1538  0.0919  0.1523  0.2053  1.0000  0.1330  0.0000  0.8108  0.0000  0.0000  0.0000
 0.0456  0.0000  0.0098  0.0032  0.0076  0.0133  0.0026  0.0017  0.7134  0.0083  0.0774  1.0000  0.0044  0.0097  0.0055  0.0053  0.0086  0.4086  0.3863  0.0018  0.0000  0.0049  0.0000  0.0000  0.0000
 0.0000  0.0000  0.0000  0.0000  0.0000  0.0000  1.0000  0.0000  0.0000  0.0000  0.0000  0.0000  0.0000  0.0000  0.0000  0.0000  0.0000  0.0000  0.0000  0.0000  0.0000  0.0000  0.0000  0.0000  0.0000
 0.0000  0.0000  0.0000  0.0000  0.0000  0.0000  0.0000  0.0000  0.0000  0.0000  0.0000  0.0000  0.0000  0.0000  0.0000  0.0000  0.0000  1.0000  0.0000  0.0000  0.0000  0.0000  0.0000  0.0000  0.0000
 0.1818  0.0000  0.0044  0.4791  1.0000  0.0184  0.0808  0.0496  0.0240  0.2139  0.0459  0.0181  0.0942  0.1104  0.2552  0.0813  0.1003  0.0844  0.0442  0.0088  0.0000  0.1030  0.0000  0.0000  0.0000
 0.9523  0.0000  0.0935  0.1733  0.1235  0.0394  1.0000  0.0460  0.0449  0.1830  0.0987  0.0445  0.1895  0.4656  0.1018  0.2838  0.5701  0.1978  0.1532  0.0159  0.0000  0.0412  0.0000  0.0000  0.0000
 0.0036  0.0000  0.0020  0.0007  0.0010  0.0798  0.0010  0.0001  0.0076  0.0001  0.0183  0.0037  0.0001  0.0015  0.0001  0.0002  0.0025  0.0023  0.0070  0.9306  0.0000  1.0000  0.0000  0.0000  0.0000
 1.0000  0.0000  0.0408  0.0370  0.0740  0.0236  0.2130  0.0269  0.0490  0.5643  0.0900  0.2379  0.0475  0.1099  0.0799  0.1556  0.2036  0.1013  0.1109  0.0091  0.0000  0.0213  0.0000  0.0000  0.0000
 1.0000  0.0000  0.0185  0.0151  0.0178  0.0074  0.1039  0.0036  0.0092  0.0189  0.0191  0.0085  0.0123  0.4255  0.0129  0.0138  0.0932  0.0327  0.0321  0.0030  0.0000  0.0057  0.0000  0.0000  0.0000
 0.0138  0.0000  0.0013  0.0070  0.0093  0.0022  0.0170  0.0044  0.0030  0.4872  0.0070  0.0017  0.0067  1.0000  0.0097  0.0206  0.0095  0.0069  0.0045  0.0019  0.0000  0.0026  0.0000  0.0000  0.0000
 0.0000  0.0000  0.0000  0.0000  1.0000  0.0000  0.0000  0.0000  0.0000  0.0000  0.0000  0.0000  0.0000  0.0000  0.0000  0.0000  0.0000  0.0000  0.0000  0.0000  0.0000  0.0000  0.0000  0.0000  0.0000
 1.0000  0.0000  0.1018  0.0551  0.0859  0.4816  0.2896  0.0238  0.2919  0.0870  0.3193  0.0923  0.0525  0.1773  0.0619  0.0603  0.3062  0.2488  0.7203  0.1046  0.0000  0.8032  0.0000  0.0000  0.0000
 0.0047  0.0000  0.0016  0.0011  0.0014  0.0076  0.0022  0.0001  0.8439  0.0020  0.7995  0.0076  0.0013  0.0010  0.0008  0.0017  0.0020  0.0054  1.0000  0.0009  0.0000  0.0031  0.0000  0.0000  0.0000
 0.1829  0.0000  0.0032  0.4964  1.0000  0.0168  0.0723  0.0441  0.0222  0.1817  0.0417  0.0311  0.0813  0.1096  0.2363  0.0492  0.0946  0.0801  0.0424  0.0078  0.0000  0.0225  0.0000  0.0000  0.0000
 0.0504  0.0000  0.0032  0.1352  1.0000  0.0056  0.0436  0.4559  0.0063  0.0555  0.0119  0.0047  0.0605  0.0301  0.0572  0.0226  0.1152  0.0299  0.0118  0.0027  0.0000  0.0096  0.0000  0.0000  0.0000
 0.1473  0.0000  0.0345  0.7721  0.2106  0.0288  0.6977  0.1490  0.0167  0.4604  0.0339  0.0125  1.0000  0.1153  0.1358  0.1045  0.3996  0.9173  0.0276  0.0150  0.0000  0.0755  0.0000  0.0000  0.0000
 0.0000  0.0000  0.0000  0.0000  0.0000  0.0000  1.0000  0.0000  0.0000  0.0000  0.0000  0.0000  0.0000  0.0000  0.0000  0.0000  0.0000  0.0000  0.0000  0.0000  0.0000  0.0000  0.0000  0.0000  0.0000
 0.4767  0.0000  0.0948  0.0543  0.1313  0.0729  0.0227  0.0548  0.4702  0.1102  0.3531  0.1066  0.0497  0.1155  0.0798  0.0720  0.0910  0.3357  1.0000  0.0149  0.0000  0.0479  0.0000  0.0000  0.0000
 0.0090  0.0000  0.0025  0.0012  0.0023  0.0382  0.0020  0.0016  0.6061  0.0029  1.0000  0.0271  0.0021  0.0036  0.0041  0.0029  0.0029  0.0056  0.0359  0.0061  0.0000  0.3232  0.0000  0.0000  0.0000
 0.0134  0.0000  0.0030  0.2014  0.0123  0.0020  0.0241  0.0075  0.0028  0.0118  0.0034  0.0016  0.0810  0.0087  0.0084  0.0063  0.0410  1.0000  0.0045  0.0011  0.0000  0.0042  0.0000  0.0000  0.0000
 0.6666  0.0000  0.0626  0.6763  0.4591  0.0551  0.2908  0.2135  0.1216  0.4305  0.1681  0.0674  0.4434  0.2240  0.2878  0.2762  0.9715  1.0000  0.1900  0.0236  0.0000  0.0688  0.0000  0.0000  0.0000
 0.0296  0.0000  0.0012  0.0022  0.0170  0.0026  0.0089  0.0108  0.0053  1.0000  0.0124  0.1745  0.0118  0.0097  0.0288  0.3711  0.0102  0.0131  0.0071  0.0019  0.0000  0.0055  0.0000  0.0000  0.0000
 0.9001  0.0000  0.0055  0.0045  0.0051  0.0021  0.0306  0.0010  0.0026  0.0055  0.0054  0.0025  0.0041  0.0138  0.0038  0.0040  1.0000  0.0120  0.0092  0.0008  0.0000  0.0017  0.0000  0.0000  0.0000
 0.0000  0.0000  0.0000  1.0000  0.0000  0.0000  0.0000  0.0000  0.0000  0.0000  0.0000  0.0000  0.0000  0.0000  0.0000  0.0000  0.0000  0.0000  0.0000  0.0000  0.0000  0.0000  0.0000  0.0000  0.0000
 0.0020  0.0000  0.0006  0.0004  0.0005  0.0023  0.0007  0.0000  0.4431  0.0007  0.0125  0.0535  0.0005  0.0004  0.0003  0.0006  0.0007  0.0022  1.0000  0.0003  0.0000  0.0011  0.0000  0.0000  0.0000
 0.0022  0.0000  0.0011  0.0003  0.0005  0.9702  0.0004  0.0000  0.0047  0.0000  0.0113  0.0023  0.0000  0.0008  0.0000  0.0000  0.0015  0.0014  0.0043  0.0106  0.0000  1.0000  0.0000  0.0000  0.0000
 0.4937  0.0000  0.0033  0.0027  0.0030  0.0013  0.0180  0.0006  0.0015  0.0033  0.0032  0.0015  0.0025  0.0082  0.0023  0.0024  1.0000  0.0074  0.0055  0.0005  0.0000  0.0010  0.0000  0.0000  0.0000
 0.0009  0.0000  0.0004  0.0001  0.0002  1.0000  0.0002  0.0000  0.0019  0.0000  0.0045  0.0009  0.0000  0.0003  0.0000  0.0000  0.0006  0.0005  0.0017  0.0042  0.0000  0.1355  0.0000  0.0000  0.0000
 0.0362  0.0000  0.0013  0.0013  0.0012  0.0005  1.0000  0.0003  0.0006  0.0013  0.0013  0.0006  0.0011  0.0032  0.0009  0.0010  0.0063  0.0022  0.0020  0.0002  0.0000  0.0004  0.0000  0.0000  0.0000
 0.0035  0.0000  0.0011  0.0007  0.0010  0.0053  0.0014  0.0001  0.3920  0.0014  0.6225  0.0054  0.0009  0.0007  0.0006  0.0012  0.0014  0.0038  1.0000  0.0006  0.0000  0.0021  0.0000  0.0000  0.0000
 0.0282  0.0000  0.0056  0.0024  0.0045  0.0033  0.0025  0.0013  0.0275  0.0048  0.0188  0.0057  0.0035  0.0068  0.0036  0.0029  0.0114  0.4680  1.0000  0.0007  0.0000  0.0014  0.0000  0.0000  0.0000
 0.0355  0.0000  0.0006  0.0004  0.0006  0.0040  0.0014  0.0003  0.0073  0.0007  1.0000  0.0048  0.0005  0.0012  0.0009  0.0007  0.0013  0.0013  0.0046  0.0005  0.0000  0.0007  0.0000  0.0000  0.0000
 0.0164  0.0000  0.0043  0.0020  0.0042  0.0529  0.0033  0.0032  0.1088  0.0055  1.0000  0.0535  0.0039  0.0069  0.0083  0.0054  0.0048  0.0095  0.0453  0.7737  0.0000  0.0142  0.0000  0.0000  0.0000
 0.0000  0.0000  0.0000  0.0000  1.0000  0.0000  0.0000  0.0000  0.0000  0.0000  0.0000  0.0000  0.0000  0.0000  0.0000  0.0000  0.0000  0.0000  0.0000  0.0000  0.0000  0.0000  0.0000  0.0000  0.0000
 0.0041  0.0000  0.0011  0.0005  0.0011  0.0112  0.0008  0.0008  0.1395  0.0014  1.0000  0.8328  0.0010  0.0018  0.0022  0.0014  0.0012  0.0024  0.0117  0.0013  0.0000  0.0014  0.0000  0.0000  0.0000
 0.0028  0.0000  0.0007  0.0003  0.0007  0.0075  0.0005  0.0006  0.0675  0.0009  1.0000  0.4823  0.0007  0.0012  0.0014  0.0009  0.0008  0.0016  0.0077  0.0009  0.0000  0.0009  0.0000  0.0000  0.0000
 0.0337  0.0000  0.0008  0.0015  0.0010  0.0004  0.0020  0.0004  0.0010  0.0014  0.0011  0.0006  0.0025  0.0020  0.0011  0.0009  0.0432  1.0000  0.0018  0.0002  0.0000  0.0004  0.0000  0.0000  0.0000
 0.7643  0.0000  0.1219  0.1985  0.1555  0.2087  0.9450  0.0785  0.3086  0.1835  1.0000  0.1997  0.1470  0.3605  0.1307  0.1712  0.3992  0.2022  0.2848  0.0744  0.0000  0.0962  0.0000  0.0000  0.0000
 0.2957  0.0000  0.0998  0.1032  0.2410  0.0163  0.0887  0.0427  0.0420  0.5110  0.0756  0.0791  0.1026  0.0675  0.1502  1.0000  0.4325  0.1236  0.0640  0.0075  0.0000  0.0213  0.0000  0.0000  0.0000
 0.1391  0.0000  0.0336  0.0187  0.0486  0.1731  0.0357  0.0253  1.0000  0.1455  0.9674  0.2078  0.0381  0.0460  0.0667  0.1344  0.0466  0.1148  0.9257  0.0229  0.0000  0.0486  0.0000  0.0000  0.0000
 0.0987  0.0000  0.0040  0.0034  0.0038  0.0015  0.0222  0.0008  0.0019  0.0041  0.0040  0.0019  0.0032  1.0000  0.0029  0.0029  0.9742  0.0097  0.0068  0.0006  0.0000  0.0012  0.0000  0.0000  0.0000
 0.4534  0.0000  0.1366  0.1296  0.1868  0.5166  0.1996  0.3467  0.5374  0.2028  1.0000  0.2823  0.1964  0.1599  0.2038  0.2274  0.2616  0.3358  0.6737  0.1209  0.0000  0.6107  0.0000  0.0000  0.0000
 0.7942  0.0000  0.1048  0.7626  0.9436  0.1182  0.2181  0.1134  0.5931  0.5151  0.5698  0.1474  0.2735  0.2467  0.3905  0.2806  0.4471  0.5454  1.0000  0.0293  0.0000  0.1016  0.0000  0.0000  0.0000
 0.1058  0.0000  0.0188  0.5374  0.4540  0.0187  0.2770  0.0878  0.0130  1.0000  0.0264  0.0097  0.8121  0.0772  0.1096  0.0701  0.2569  0.0960  0.0217  0.0093  0.0000  0.3030  0.0000  0.0000  0.0000
 0.7624  0.0000  0.2106  0.4170  0.5875  0.7087  0.4643  0.5910  0.4532  0.6243  0.9114  0.3209  0.5556  0.3031  0.4833  0.5206  0.7916  0.7680  0.5952  0.1891  0.0000  1.0000  0.0000  0.0000  0.0000
 0.2462  0.0000  0.0333  0.1278  0.3311  0.0297  0.1149  0.0728  0.0720  0.4874  0.1329  0.0435  0.1748  0.3424  0.2130  1.0000  0.4958  0.8238  0.1112  0.0177  0.0000  0.0442  0.0000  0.0000  0.0000
 0.0334  0.0000  0.0051  0.3447  0.2091  0.0053  0.0770  0.0247  0.0037  0.0413  0.0074  0.0028  0.2865  1.0000  0.0355  0.0181  0.1280  0.0287  0.0065  0.0027  0.0000  0.0125  0.0000  0.0000  0.0000
 0.1911  0.0000  0.0191  0.6826  0.5145  0.0179  0.3478  0.0653  0.0405  0.3064  0.0680  0.0240  0.6314  0.0883  0.2517  0.1292  1.0000  0.1526  0.0629  0.0076  0.0000  0.0285  0.0000  0.0000  0.0000
 0.4957  0.0000  0.0430  0.9071  1.0000  0.0457  0.5059  0.1569  0.1043  0.6892  0.1786  0.0635  0.6714  0.2326  0.4533  0.4507  0.5730  0.3745  0.1631  0.0200  0.0000  0.0691  0.0000  0.0000  0.0000
 0.0118  0.0000  0.0002  0.3829  1.0000  0.0011  0.0045  0.0028  0.0014  0.0118  0.0026  0.0011  0.0050  0.0071  0.0154  0.0031  0.0060  0.0051  0.0352  0.0005  0.0000  0.0014  0.0000  0.0000  0.0000
 0.0828  0.0000  0.0015  0.7024  0.7753  0.0077  0.0361  0.3852  0.0099  0.0847  0.0184  0.0076  0.0438  0.0505  1.0000  0.0233  0.0453  0.0372  0.0190  0.0036  0.0000  0.0108  0.0000  0.0000  0.0000
 0.0468  0.0000  0.0069  0.4338  0.6250  0.0072  0.1044  0.0337  0.0055  0.0858  0.0109  0.0041  1.0000  0.0332  0.0506  0.0260  0.3882  0.0390  0.0095  0.0036  0.0000  0.0169  0.0000  0.0000  0.0000
 0.0737  0.0000  0.0180  0.0324  0.0250  0.1720  0.0172  0.0138  0.3324  0.0252  1.0000  0.2113  0.0192  0.0302  0.0357  0.0235  0.0229  0.0436  0.1961  0.0206  0.0000  0.0241  0.0000  0.0000  0.0000
 0.2937  0.0000  0.0268  0.1150  0.1735  0.0177  0.0367  0.0172  0.1687  0.2404  0.1031  0.0329  0.0543  0.0504  0.0704  0.0580  0.0871  0.2181  1.0000  0.0041  0.0000  0.0099  0.0000  0.0000  0.0000
 0.4309  0.0000  0.0222  0.7989  1.0000  0.1361  0.1615  0.0567  0.0772  0.4919  0.1246  0.0444  0.2096  0.1280  0.2709  0.2101  0.4135  0.5419  0.1193  0.0088  0.0000  0.0217  0.0000  0.0000  0.0000
 0.0093  0.0000  0.0037  0.0016  0.0023  0.4283  0.0025  0.0009  0.0182  0.0010  0.0465  0.1094  0.0009  0.0034  0.0010  0.0010  0.1225  0.0060  0.0156  1.0000  0.0000  0.1219  0.0000  0.0000  0.0000
 1.0000  0.0000  0.1015  0.2684  0.2986  0.2542  0.4566  0.0575  0.3246  0.1525  0.8076  0.1983  0.1417  0.2408  0.1405  0.0978  0.4448  0.2387  0.3865  0.0482  0.0000  0.1413  0.0000  0.0000  0.0000
 0.1527  0.0000  0.0077  0.0807  0.8359  0.0143  0.0507  0.0385  0.0289  0.2748  0.2356  0.0197  0.0486  0.0514  0.1200  1.0000  0.0587  0.0588  0.0426  0.0075  0.0000  0.0208  0.0000  0.0000  0.0000
 0.0507  0.0000  0.0023  0.4158  0.2591  0.0045  0.0275  0.0123  0.0079  0.1161  0.0504  0.0053  0.0349  1.0000  0.0550  0.0215  0.3968  0.0305  0.0138  0.0020  0.0000  0.0060  0.0000  0.0000  0.0000
 0.5133  0.0000  0.1731  0.2970  0.2870  0.6916  0.3285  0.5420  0.3866  0.3461  0.6516  0.2287  0.3091  0.2641  0.3154  0.3491  0.4143  0.3925  0.4984  0.1801  0.0000  1.0000  0.0000  0.0000  0.0000
 0.0050  0.0000  0.0023  0.0008  0.0013  0.5953  0.0009  0.0002  0.0137  0.0003  1.0000  0.0075  0.0002  0.0020  0.0005  0.0003  0.0031  0.0031  0.0108  0.0202  0.0000  0.1241  0.0000  0.0000  0.0000
 0.4359  0.0000  0.0246  1.0000  0.4590  0.0237  0.3291  0.0560  0.0857  0.6381  0.2019  0.0775  0.7127  0.1253  0.6641  0.2395  0.3856  0.2617  0.1708  0.0081  0.0000  0.0186  0.0000  0.0000  0.0000
 0.2992  0.0000  0.0010  1.0000  0.4841  0.0038  0.0179  0.0100  0.0050  0.0407  0.0092  0.0038  0.0196  0.0250  0.0526  0.0112  0.0233  0.0606  0.0098  0.0018  0.0000  0.0051  0.0000  0.0000  0.0000
 0.7948  0.0000  0.0433  0.6939  0.9439  0.0407  0.3088  0.1149  0.1519  1.0000  0.2620  0.0859  0.4016  0.3084  0.4794  0.4818  0.6477  0.4653  0.2316  0.0140  0.0000  0.0312  0.0000  0.0000  0.0000
 0.7775  0.0000  0.0908  0.2363  0.3482  0.1575  0.3909  0.2319  0.1905  0.9878  0.3066  0.1083  0.3672  0.2548  0.4123  1.0000  0.5741  0.5256  0.3988  0.0567  0.0000  0.2315  0.0000  0.0000  0.0000
 0.1451  0.0000  0.0152  0.0290  0.1930  0.0355  0.1238  0.1274  0.0622  1.0000  0.1447  0.0496  0.1384  0.1101  0.3264  0.8316  0.1184  0.1507  0.0826  0.0233  0.0000  0.1084  0.0000  0.0000  0.0000
 0.0429  0.0000  0.0133  0.0121  0.0178  0.1553  0.0195  0.0295  0.1203  0.0204  1.0000  0.1171  0.0192  0.0175  0.0235  0.0711  0.0244  0.0299  0.3830  0.0146  0.0000  0.5937  0.0000  0.0000  0.0000
 0.5465  0.0000  0.1761  0.2352  0.3302  0.6958  0.3424  0.5378  0.3947  0.3248  0.6706  0.2212  0.3227  0.2123  0.3134  0.3649  0.4281  0.4085  0.5232  0.1824  0.0000  1.0000  0.0000  0.0000  0.0000
 0.3896  0.0000  0.0079  0.0151  0.1129  0.0167  0.0575  0.0711  0.0345  0.6395  0.1061  0.0269  0.0777  0.0633  0.7422  1.0000  0.0667  0.0863  0.0460  0.0125  0.0000  0.0359  0.0000  0.0000  0.0000
 0.0330  0.0000  0.0084  0.0046  0.0106  0.0773  0.0085  0.0076  0.5984  0.2360  1.0000  0.0941  0.0095  0.0136  0.0187  0.0208  0.0109  0.0221  0.1413  0.0094  0.0000  0.0474  0.0000  0.0000  0.0000
 0.0452  0.0000  0.0068  0.0104  0.0078  0.0053  1.0000  0.0035  0.0623  0.0086  0.0137  0.0039  0.0085  0.0167  0.0058  0.0078  0.0242  0.0109  0.0113  0.0028  0.0000  0.0044  0.0000  0.0000  0.0000
 0.1976  0.0000  0.0445  0.0170  0.0356  0.0986  0.0179  0.0098  0.9088  0.0413  0.6038  0.1634  0.0244  0.0448  0.0293  0.0287  0.0607  0.2247  1.0000  0.0127  0.0000  0.0310  0.0000  0.0000  0.0000
 0.2337  0.0000  0.0614  1.0000  0.3848  0.0616  0.5759  0.1538  0.0557  0.3344  0.1171  0.0293  0.5929  0.2494  0.2057  0.6104  0.3363  0.1827  0.0787  0.0490  0.0000  0.0958  0.0000  0.0000  0.0000
 0.0000  0.0000  0.0000  0.0000  0.0000  0.0000  0.0000  0.0000  0.0000  0.0000  0.0000  0.0000  0.0000  1.0000  0.0000  0.0000  0.0000  0.0000  0.0000  0.0000  0.0000  0.0000  0.0000  0.0000  0.0000
 0.6434  0.0000  0.0396  0.4287  0.7336  0.0388  0.2696  0.0960  0.1782  0.8014  0.2209  0.0776  0.3530  0.3927  0.4321  1.0000  0.6035  0.6201  0.2063  0.0147  0.0000  0.0348  0.0000  0.0000  0.0000
 0.0032  0.0000  0.0009  0.0004  0.0008  0.0077  0.0008  0.0005  0.3977  0.0011  1.0000  0.0424  0.0008  0.0012  0.0014  0.0011  0.0010  0.0022  0.0724  0.0009  0.0000  0.0012  0.0000  0.0000  0.0000
 0.1523  0.0000  0.0070  0.4832  1.0000  0.0129  0.1108  0.0446  0.0153  0.1309  0.0285  0.0113  0.3722  0.2555  0.1457  0.0451  0.1297  0.0700  0.0283  0.0062  0.0000  0.0223  0.0000  0.0000  0.0000
 0.7684  0.0000  0.1936  0.2649  0.3642  0.7198  0.8068  0.5489  0.4142  0.3770  0.7292  0.4074  0.4152  0.2919  0.3481  0.3967  0.5815  0.4644  0.5710  0.1865  0.0000  1.0000  0.0000  0.0000  0.0000
 0.0512  0.0000  0.0043  0.0875  0.9197  0.0133  0.0260  0.2748  0.0143  0.0817  0.0564  0.0089  0.2007  0.0273  1.0000  0.0505  0.0366  0.0327  0.0976  0.0046  0.0000  0.0190  0.0000  0.0000  0.0000
 0.4316  0.0000  0.1251  0.1784  0.3978  0.5230  0.2503  0.3590  0.2688  0.2183  0.4379  0.1507  0.2362  0.1631  0.2160  0.2415  0.4267  0.4503  0.3508  0.1245  0.0000  1.0000  0.0000  0.0000  0.0000
 0.5094  0.0000  0.0668  0.0808  0.0780  0.2200  0.2757  0.0332  0.3425  0.0991  1.0000  0.2250  0.0928  0.1640  0.0815  0.0791  0.3777  0.2821  0.2704  0.0398  0.0000  0.0744  0.0000  0.0000  0.0000
 0.7507  0.0000  0.0531  0.6242  1.0000  0.0501  0.3790  0.1209  0.1869  0.9245  0.3005  0.1052  0.4914  0.2724  0.5849  0.5208  0.7289  0.5698  0.2858  0.0172  0.0000  0.0385  0.0000  0.0000  0.0000
 0.5477  0.0000  0.0343  0.5538  0.9902  0.0321  0.4040  0.1856  0.1203  1.0000  0.1940  0.0680  0.4911  0.1764  0.3789  0.6312  0.5677  0.4493  0.2127  0.0110  0.0000  0.0243  0.0000  0.0000  0.0000
 0.8259  0.0000  0.0206  0.0196  0.0195  0.0080  1.0000  0.0047  0.0113  0.0225  0.0206  0.0099  0.0219  0.0513  0.0159  0.0157  0.7011  0.6320  0.0352  0.0033  0.0000  0.0067  0.0000  0.0000  0.0000
 0.5282  0.0000  0.1739  0.2016  0.2687  0.6884  0.3247  0.5368  0.3878  0.2886  0.6395  0.2167  0.3014  0.2016  0.2911  0.3433  0.3960  0.3862  0.4995  0.1809  0.0000  1.0000  0.0000  0.0000  0.0000
 0.0416  0.0000  0.0040  0.0080  0.0585  0.0086  0.0296  0.1733  0.0177  0.3374  0.0420  0.0139  0.0406  0.3121  1.0000  0.4677  0.0341  0.0445  0.0235  0.0065  0.0000  0.0187  0.0000  0.0000  0.0000
 0.0025  0.0000  0.0002  0.0005  0.0035  0.0005  0.0018  0.0022  0.0011  1.0000  0.0025  0.0008  0.0024  0.0020  0.0393  0.1621  0.0157  0.0027  0.0014  0.0004  0.0000  0.0011  0.0000  0.0000  0.0000
 0.5456  0.0000  0.0544  0.0190  0.0460  0.1875  0.0240  0.0251  0.4704  0.0505  1.0000  0.2851  0.0306  0.0669  0.0515  0.0386  0.0669  0.1704  0.7730  0.0220  0.0000  0.0392  0.0000  0.0000  0.0000
 1.0000  0.0000  0.2682  0.0177  0.0477  0.0331  0.0320  0.0118  0.6125  0.0479  0.2094  0.0637  0.0238  0.0742  0.0355  0.0277  0.1277  0.2155  0.8152  0.0059  0.0000  0.0115  0.0000  0.0000  0.0000
 0.4442  0.0000  0.0181  0.2032  1.0000  0.0182  0.1490  0.0405  0.0607  0.2964  0.1743  0.0666  0.1582  0.0898  0.3702  0.1675  0.4504  0.2107  0.0929  0.0062  0.0000  0.0154  0.0000  0.0000  0.0000
 0.0014  0.0000  0.0004  0.0002  0.0004  0.0036  0.0003  0.0003  0.0200  0.0005  1.0000  0.0044  0.0003  0.0006  0.0007  0.0005  0.0004  0.0009  0.0162  0.0004  0.0000  0.0005  0.0000  0.0000  0.0000
 0.1380  0.0000  0.0261  0.0129  0.0235  0.3464  0.0404  0.0139  0.3371  0.0275  1.0000  0.2177  0.0190  0.0426  0.0364  0.0256  0.0482  0.0549  0.2118  0.0567  0.0000  0.1709  0.0000  0.0000  0.0000
 0.4489  0.0000  0.1856  0.1751  0.2963  0.6172  0.2813  0.4823  0.3362  0.2478  0.5649  0.1884  0.2621  0.1743  0.2505  0.2966  0.3803  0.3339  0.4287  0.1766  0.0000  1.0000  0.0000  0.0000  0.0000
 0.5225  0.0000  0.1757  0.2208  0.3005  0.6937  0.3364  0.5408  0.3933  0.3311  0.6579  0.2247  0.3192  0.2101  0.3240  0.3739  0.4190  0.4056  0.5135  0.1826  0.0000  1.0000  0.0000  0.0000  0.0000
 0.0050  0.0000  1.0000  0.0016  0.0011  0.0039  0.0046  0.0008  0.0038  0.0007  0.0363  0.0022  0.0011  0.0019  0.0010  0.0013  0.0023  0.0021  0.0040  0.0012  0.0000  0.0027  0.0000  0.0000  0.0000
 0.1145  0.0000  0.0191  0.0083  0.0173  0.1026  0.0099  0.0104  0.2762  0.0210  1.0000  0.1274  0.0149  0.0267  0.0249  0.0176  0.0285  0.3393  0.2031  0.1794  0.0000  0.0177  0.0000  0.0000  0.0000
 0.0341  0.0000  0.0056  0.1347  0.3512  0.0056  0.0808  0.0843  0.0044  0.0479  0.0087  0.0033  0.4947  0.0244  0.3217  0.0241  1.0000  0.0326  0.0074  0.0029  0.0000  0.0134  0.0000  0.0000  0.0000
 0.0565  0.0000  0.0049  0.0415  1.0000  0.0112  0.0376  0.5216  0.0204  0.2932  0.0458  0.0942  0.1441  0.0395  0.8943  0.6931  0.0458  0.0524  0.0280  0.0072  0.0000  0.0218  0.0000  0.0000  0.0000
 0.0173  0.0000  0.0037  1.0000  0.0844  0.0033  0.0552  0.1501  0.0018  0.0247  0.0040  0.0014  0.4571  0.0136  0.0177  0.1391  0.0424  0.0171  0.0031  0.0017  0.0000  0.0086  0.0000  0.0000  0.0000
 0.0178  0.0000  0.0200  0.0017  0.0017  0.0007  0.0096  0.0004  0.0009  0.0019  0.0017  0.0008  0.0017  1.0000  0.0013  0.0013  0.0867  0.0047  0.0030  0.0003  0.0000  0.0006  0.0000  0.0000  0.0000
 0.1329  0.0000  0.0010  0.0034  0.0142  0.0019  0.0071  0.0078  0.0041  1.0000  0.0092  0.0031  0.0507  0.0073  0.1261  0.0701  0.0092  0.0752  0.0055  0.0014  0.0000  0.0039  0.0000  0.0000  0.0000
 0.7817  0.0000  0.0528  0.6444  1.0000  0.0494  0.3760  0.1234  0.1849  0.9347  0.3183  0.1046  0.4915  0.2755  0.5922  0.5185  0.7438  0.5686  0.2820  0.0170  0.0000  0.0376  0.0000  0.0000  0.0000
 0.0000  0.0000  0.0000  0.0000  0.0000  0.0000  0.0000  0.0000  0.0000  0.0000  0.0000  0.0000  0.0000  0.0000  0.0000  1.0000  0.0000  0.0000  0.0000  0.0000  0.0000  0.0000  0.0000  0.0000  0.0000
 0.0000  0.0000  0.0000  0.0000  0.0000  0.0000  0.0000  0.0000  0.0000  0.0000  0.0000  0.0000  0.0000  1.0000  0.0000  0.0000  0.0000  0.0000  0.0000  0.0000  0.0000  0.0000  0.0000  0.0000  0.0000
 0.7566  0.0000  0.0614  0.6582  1.0000  0.0661  0.3823  0.1326  0.1967  0.9292  0.3695  0.1208  0.5029  0.2753  0.5870  0.5279  0.8192  0.6121  0.2932  0.0214  0.0000  0.0616  0.0000  0.0000  0.0000
 0.7321  0.0000  0.0211  0.0123  0.0184  0.5140  0.0662  0.0066  0.1268  0.0197  0.3506  1.0000  0.0129  0.0401  0.0191  0.0160  0.0674  0.0420  0.1064  0.0364  0.0000  0.1262  0.0000  0.0000  0.0000
 0.5160  0.0000  0.0043  0.1103  0.0157  0.0025  0.0141  0.0045  0.0066  0.0168  0.0076  0.0035  0.0549  0.0604  0.0117  0.0423  1.0000  0.1513  0.0106  0.0014  0.0000  0.0031  0.0000  0.0000  0.0000
 0.5087  0.0000  0.0770  0.7375  1.0000  0.0484  0.2118  0.4238  0.1592  0.6184  0.1801  0.0629  0.2718  0.1517  0.5530  0.2888  0.4594  0.5102  0.1668  0.0149  0.0000  0.0872  0.0000  0.0000  0.0000
 0.0026  0.0000  0.0008  0.0005  0.0007  0.0031  0.0010  0.0000  1.0000  0.0010  0.0167  0.0030  0.0006  0.0005  0.0003  0.0008  0.0010  0.0029  0.9126  0.0004  0.0000  0.0015  0.0000  0.0000  0.0000
 0.0050  0.0000  0.0011  0.0004  0.0009  0.0018  0.0005  0.0002  0.2452  0.0010  0.0100  0.0021  0.0006  0.0010  0.0006  0.0007  0.0010  0.0803  1.0000  0.0002  0.0000  0.0008  0.0000  0.0000  0.0000
 0.0751  0.0000  0.0029  0.0884  1.0000  0.0027  0.0524  0.0066  0.0102  0.3278  0.0165  0.0058  0.0730  0.0150  0.2485  0.0576  0.0697  0.0314  0.0541  0.0009  0.0000  0.0021  0.0000  0.0000  0.0000
 0.8150  0.0000  0.0407  0.0095  0.0303  0.0214  0.0005  0.0077  0.4580  0.0301  0.1420  0.0949  0.0142  0.0429  0.0822  0.0168  0.0304  0.8748  1.0000  0.0036  0.0000  0.0066  0.0000  0.0000  0.0000
 0.0000  0.0000  0.0000  0.0000  0.0000  0.0000  0.0000  0.0000  0.0000  0.0000  1.0000  0.0000  0.0000  0.0000  0.0000  0.0000  0.0000  0.0000  0.0000  0.0000  0.0000  0.0000  0.0000  0.0000  0.0000
 0.0068  0.0000  0.0001  0.0363  1.0000  0.0006  0.0026  0.0017  0.0009  0.0955  0.0017  0.0007  0.0029  0.0041  0.2765  0.0206  0.0035  0.0031  0.0016  0.0003  0.0000  0.0009  0.0000  0.0000  0.0000
 0.9370  0.0000  0.0967  0.6327  1.0000  0.2316  0.4762  0.2545  0.2978  0.9345  0.5164  0.1797  0.5390  0.3090  0.7558  0.5757  0.9563  0.6872  0.4224  0.0647  0.0000  0.2986  0.0000  0.0000  0.0000
 0.2288  0.0000  0.0160  0.8099  1.0000  0.0270  0.2354  0.0920  0.1405  0.2543  0.0585  0.0225  0.4287  0.1401  0.2669  0.0951  0.2331  0.1434  0.0581  0.0125  0.0000  0.0476  0.0000  0.0000  0.0000
 0.0264  0.0000  0.0065  0.0030  0.0053  0.0186  0.0044  0.0012  0.3325  0.0067  0.1023  0.3436  0.0040  0.0058  0.0039  0.0049  0.0066  0.0225  1.0000  0.0023  0.0000  0.0070  0.0000  0.0000  0.0000
//
