WARNING! A35 not allowed! score: 0.02 median: 2.81 # of sequence: 352
WARNING! W403 not allowed! score: 0.04 median: 3.09 # of sequence: 138
ID   UNK_ID; MATRIX
AC   UNK_AC
DE   UNK_DE
MA   UNK_BL
  A   B   C   D   E   F   G   H   I   K   L   M   N   P   Q   R   S   T   V   W   X   Y   Z   *   -
 0.0000  0.0000  0.0000  0.0000  0.0000  0.0000  0.0000  0.0000  0.0000  0.0000  0.0000  1.0000  0.0000  0.0000  0.0000  0.0000  0.0000  0.0000  0.0000  0.0000  0.0000  0.0000  0.0000  0.0000  0.0000
 1.0000  0.0000  0.0010  0.0008  0.0009  0.0004  0.0054  0.0002  0.0004  0.0010  0.0009  0.0004  0.0007  0.0024  0.0007  0.0007  0.0863  0.0018  0.0016  0.0001  0.0000  0.0003  0.0000  0.0000  0.0000
 0.1130  0.0000  0.0038  0.0070  0.0048  0.0018  0.0078  0.0020  0.0051  0.0069  0.0209  0.0026  0.0122  0.1512  0.0479  0.0044  0.1533  1.0000  0.0088  0.0011  0.0000  0.0020  0.0000  0.0000  0.0000
 0.4396  0.0000  0.0430  0.0197  0.0352  0.0221  0.0104  0.0102  0.6567  0.0384  0.1357  0.0431  0.0326  0.1166  0.1151  0.0222  0.2224  1.0000  0.9895  0.0050  0.0000  0.0091  0.0000  0.0000  0.0000
 0.2502  0.0000  0.0070  0.0552  0.0879  0.0141  0.0365  0.0693  0.0492  0.1534  0.2096  0.0120  0.0937  0.0416  0.0640  0.0636  0.0933  1.0000  0.0450  0.0041  0.0000  0.0173  0.0000  0.0000  0.0000
 0.1323  0.0000  1.0000  0.0115  0.0112  0.0047  0.3322  0.0029  0.0072  0.0134  0.0562  0.0059  0.0141  0.0293  0.0096  0.0093  0.1991  0.7827  0.0207  0.0020  0.0000  0.0040  0.0000  0.0000  0.0000
 0.3673  0.0000  0.0152  0.1788  0.3232  0.0143  0.2494  0.0819  0.0534  0.4732  0.0862  0.0302  0.1835  0.3076  0.2018  0.1902  0.3443  1.0000  0.0814  0.0049  0.0000  0.0109  0.0000  0.0000  0.0000
 0.1224  0.0000  0.0076  0.5395  0.2557  0.0071  0.0939  0.0255  0.0256  0.2233  0.0415  0.0146  0.6792  0.0587  0.1637  1.0000  0.1222  0.0796  0.0391  0.0025  0.0000  0.0060  0.0000  0.0000  0.0000
 0.0040  0.0000  0.0014  0.0009  0.0012  1.0000  0.0018  0.0003  0.5236  0.0017  0.5633  0.0090  0.0012  0.0011  0.0011  0.0015  0.0018  0.0041  0.3281  0.0024  0.0000  0.0648  0.0000  0.0000  0.0000
 0.0830  0.0000  0.0062  0.0792  0.3504  0.0064  0.0443  0.0654  0.0214  0.7762  0.1005  0.0126  0.1306  0.0328  0.0726  1.0000  0.5091  0.9012  0.0323  0.0027  0.0000  0.0067  0.0000  0.0000  0.0000
 0.0343  0.0000  0.0004  1.0000  0.2712  0.0004  0.0032  0.0061  0.0016  0.0980  0.0307  0.0009  0.0210  0.0023  0.1374  0.0114  0.0662  0.0150  0.0024  0.0001  0.0000  0.0003  0.0000  0.0000  0.0000
 0.6399  0.0000  0.1832  0.3353  0.5419  0.7264  0.3948  0.5971  0.4366  0.4994  0.7566  0.2359  0.4298  0.2520  0.4075  0.4460  0.5392  0.5099  0.5721  0.1841  0.0000  1.0000  0.0000  0.0000  0.0000
 0.0004  0.0000  0.0005  0.0006  0.0003  0.0337  0.0012  0.0036  0.0003  0.0002  0.0006  0.0002  0.0004  0.0005  0.0002  0.0004  0.0003  0.0003  0.0004  0.0003  0.0000  1.0000  0.0000  0.0000  0.0000
 0.4093  0.0000  0.0211  0.5709  0.6271  0.0495  0.1482  0.0562  0.1603  0.3613  0.1722  0.0415  0.2853  0.1157  0.8517  0.3158  0.8670  1.0000  0.1798  0.0070  0.0000  0.0167  0.0000  0.0000  0.0000
 0.0006  0.0000  0.0001  0.0001  0.0001  0.0893  0.0001  0.0001  0.1737  0.0002  1.0000  0.0248  0.0001  0.0002  0.0003  0.0002  0.0002  0.0003  0.0542  0.0002  0.0000  0.0002  0.0000  0.0000  0.0000
 0.0549  0.0000  0.0141  0.0485  0.0422  0.1871  1.0000  0.0527  0.0301  0.2326  0.0500  0.0170  0.0438  0.0187  0.0270  0.0389  0.0716  0.0337  0.0386  0.0143  0.0000  0.2631  0.0000  0.0000  0.0000
 0.0104  0.0000  0.0010  0.0024  0.9659  0.0021  0.0386  0.0246  0.0044  1.0000  0.0103  0.0034  0.0216  0.0081  0.0740  0.9245  0.0086  0.0490  0.0058  0.0016  0.0000  0.0046  0.0000  0.0000  0.0000
 0.0022  0.0000  0.0000  0.0438  1.0000  0.0002  0.0008  0.0006  0.0003  0.4201  0.0006  0.0002  0.0009  0.0014  0.0030  0.0104  0.0011  0.0010  0.0190  0.0001  0.0000  0.0003  0.0000  0.0000  0.0000
 0.0003  0.0000  0.0001  0.0000  0.0001  0.0007  0.0001  0.0001  0.0465  0.0001  1.0000  0.0009  0.0001  0.0001  0.0001  0.0001  0.0001  0.0002  0.0313  0.0001  0.0000  0.0001  0.0000  0.0000  0.0000
 0.0000  0.0000  0.0000  0.0000  0.0000  0.0000  1.0000  0.0000  0.0000  0.0000  0.0000  0.0000  0.0000  0.0000  0.0000  0.0000  0.0000  0.0000  0.0000  0.0000  0.0000  0.0000  0.0000  0.0000  0.0000
 0.0221  0.0000  0.0002  0.0004  0.0030  0.0004  0.0015  0.0341  0.0009  0.8290  0.0022  0.0007  0.0021  0.0017  0.7198  1.0000  0.0187  0.0023  0.0012  0.0003  0.0000  0.0010  0.0000  0.0000  0.0000
 0.0000  0.0000  0.0000  0.0000  0.0000  0.0000  1.0000  0.0000  0.0000  0.0000  0.0000  0.0000  0.0000  0.0000  0.0000  0.0000  0.0000  0.0000  0.0000  0.0000  0.0000  0.0000  0.0000  0.0000  0.0000
 0.5723  0.0000  0.0028  0.0512  0.1705  0.0026  0.0210  0.0049  0.0034  0.0217  0.0067  0.0028  0.0093  0.0173  1.0000  0.0076  0.0219  0.0124  0.0085  0.0012  0.0000  0.0030  0.0000  0.0000  0.0000
 0.0001  0.0000  0.0001  0.0000  0.0000  1.0000  0.0000  0.0000  0.0003  0.0000  0.0007  0.0001  0.0000  0.0001  0.0000  0.0000  0.0001  0.0001  0.0003  0.0006  0.0000  0.0059  0.0000  0.0000  0.0000
 0.0059  0.0000  0.0006  0.0011  0.0007  0.0003  1.0000  0.0003  0.0003  0.0008  0.0006  0.0003  0.0011  0.0016  0.0005  0.0047  0.5098  0.0012  0.0009  0.0001  0.0000  0.0002  0.0000  0.0000  0.0000
 0.0067  0.0000  0.0088  0.0004  0.0010  0.0011  0.0002  0.0002  0.4236  0.0011  0.0070  0.0018  0.0005  0.0014  0.0007  0.0006  0.0011  0.6117  1.0000  0.0002  0.0000  0.0004  0.0000  0.0000  0.0000
 0.0063  0.0000  0.0013  0.0003  0.0010  0.0007  0.0001  0.0002  0.0134  0.0010  0.0046  0.0014  0.0005  0.0014  0.0007  0.0006  0.0013  1.0000  0.5298  0.0001  0.0000  0.0002  0.0000  0.0000  0.0000
 0.0675  0.0000  0.0242  0.0248  0.0501  0.2673  0.0455  0.1667  0.0465  0.2196  0.0817  0.0276  0.0480  0.0334  0.0679  0.7027  0.1022  0.0570  0.0597  0.0212  0.0000  1.0000  0.0000  0.0000  0.0000
 0.0811  0.0000  0.0250  0.0291  0.0476  0.1093  0.0468  0.0812  0.0733  0.1131  1.0000  0.0521  0.0439  0.0292  0.0784  0.5514  0.0570  0.0761  0.0772  0.0261  0.0000  0.1497  0.0000  0.0000  0.0000
 0.0181  0.0000  1.0000  0.0002  0.0002  0.0001  0.0009  0.0000  0.0006  0.0002  0.0005  0.0002  0.0001  0.0005  0.0002  0.0002  0.0009  0.0006  0.0590  0.0000  0.0000  0.0001  0.0000  0.0000  0.0000
 0.0381  0.0000  0.0392  0.0014  0.0044  0.0031  0.0001  0.0011  0.1650  0.0290  0.0274  0.1099  0.0021  0.0062  0.0033  0.0080  0.0205  1.0000  0.8387  0.0005  0.0000  0.0010  0.0000  0.0000  0.0000
 0.0450  0.0000  0.0110  0.2625  1.0000  0.0015  0.0544  0.5492  0.0056  0.6276  0.0091  0.0032  0.0484  0.0084  0.2983  0.1016  0.0358  0.0174  0.0086  0.0005  0.0000  0.0012  0.0000  0.0000  0.0000
 0.0561  0.0000  0.0085  0.0082  0.0520  0.0276  0.0272  0.0325  0.3277  1.0000  0.2758  0.0615  0.1312  0.0325  0.0859  0.2900  0.0365  0.0535  0.1892  0.0079  0.0000  0.0208  0.0000  0.0000  0.0000
 0.8491  0.0000  0.1618  0.1186  0.4032  0.0045  0.0736  0.0109  0.0168  0.1160  0.1120  0.0286  0.0574  0.1379  0.1035  0.0587  1.0000  0.2861  0.0835  0.0015  0.0000  0.0034  0.0000  0.0000  0.0000
 0.0221  0.0000  0.0003  0.0545  0.0004  0.0002  0.0004  0.0002  0.0064  0.0006  0.0004  0.0002  0.0174  0.0008  0.0005  0.0004  0.2566  1.0000  0.0007  0.0001  0.0000  0.0002  0.0000  0.0000  0.0000
 0.0012  0.0000  0.0034  0.0036  0.0051  0.0002  1.0000  0.0009  0.0002  0.0807  0.0004  0.0001  0.0428  0.0008  0.0011  0.0327  0.0458  0.0426  0.0003  0.0001  0.0000  0.0005  0.0000  0.0000  0.0000
 0.4812  0.0000  0.0557  0.3215  0.7514  0.2775  0.2927  0.3738  0.2888  0.8784  0.4688  0.0890  0.3559  0.1421  1.0000  0.4424  0.3586  0.2953  0.2804  0.0440  0.0000  0.2439  0.0000  0.0000  0.0000
 0.0271  0.0000  0.0013  0.1060  1.0000  0.0057  0.0090  0.0416  0.0177  0.1833  0.0729  0.0121  0.0882  0.0209  0.2083  0.1146  0.0349  0.0679  0.0478  0.0004  0.0000  0.0009  0.0000  0.0000  0.0000
 0.0004  0.0000  0.0002  0.0001  0.0001  0.4601  0.0001  0.0000  0.0008  0.0000  0.0971  0.0004  0.0000  0.0001  0.0000  0.0000  0.0002  0.0002  0.0062  0.0017  0.0000  1.0000  0.0000  0.0000  0.0000
 1.0000  0.0000  0.0000  0.0000  0.0000  0.0000  0.0000  0.0000  0.0000  0.0000  0.0000  0.0000  0.0000  0.0000  0.0000  0.0000  0.0000  0.0000  0.0000  0.0000  0.0000  0.0000  0.0000  0.0000  0.0000
 0.4748  0.0000  1.0000  0.0003  0.0004  0.0002  0.0025  0.0001  0.0004  0.0005  0.0006  0.0002  0.0003  0.0012  0.0003  0.0003  0.0062  0.0009  0.0520  0.0001  0.0000  0.0001  0.0000  0.0000  0.0000
 0.0000  0.0000  0.0000  0.0000  0.0000  0.0000  0.0000  0.0000  0.0000  1.0000  0.0000  0.0000  0.0000  0.0000  0.0000  0.0000  0.0000  0.0000  0.0000  0.0000  0.0000  0.0000  0.0000  0.0000  0.0000
 0.1601  0.0000  0.0438  0.0638  0.0407  0.0162  0.0474  0.0183  0.3572  0.0614  0.0453  0.0238  0.1161  0.0782  0.0479  0.0387  1.0000  0.7637  0.0821  0.0103  0.0000  0.0181  0.0000  0.0000  0.0000
 0.0002  0.0000  0.0001  0.0000  0.0000  0.0003  0.0001  0.0000  1.0000  0.0001  0.0181  0.0004  0.0000  0.0000  0.0000  0.0001  0.0001  0.0002  0.0089  0.0000  0.0000  0.0001  0.0000  0.0000  0.0000
 0.7146  0.0000  0.0498  0.2943  0.1087  0.0318  0.2141  0.0934  0.0552  0.1271  0.1805  0.0302  0.8920  0.2898  0.0926  0.0750  1.0000  0.7390  0.0917  0.0165  0.0000  0.0493  0.0000  0.0000  0.0000
 0.0139  0.0000  0.0012  0.0023  0.0059  0.0011  0.0044  0.0036  0.0026  1.0000  0.0046  0.0017  0.0062  0.0049  0.0095  0.0431  0.0216  0.6758  0.0039  0.0008  0.0000  0.0020  0.0000  0.0000  0.0000
 0.0007  0.0000  0.0001  0.0002  0.0010  0.0002  0.0006  0.0006  0.0003  0.6711  0.0008  0.0002  0.0007  0.0007  0.0017  1.0000  0.0006  0.0008  0.0004  0.0001  0.0000  0.0003  0.0000  0.0000  0.0000
 0.0004  0.0000  0.0000  0.0001  0.0005  0.0001  0.0003  0.0003  0.0002  1.0000  0.0004  0.0001  0.0384  0.0003  0.0008  0.0233  0.0003  0.0004  0.0002  0.0001  0.0000  0.0002  0.0000  0.0000  0.0000
 0.0002  0.0000  0.0001  0.0000  0.0001  0.0006  0.0001  0.0000  0.0011  0.0001  1.0000  0.0169  0.0001  0.0001  0.0001  0.0001  0.0001  0.0001  0.0006  0.0001  0.0000  0.0001  0.0000  0.0000  0.0000
 0.1098  0.0000  0.1743  0.0189  0.0203  0.0107  0.0110  0.0079  0.1447  0.0509  0.0730  0.0165  0.1030  0.0287  0.0189  0.0588  1.0000  0.6491  0.3645  0.0037  0.0000  0.0084  0.0000  0.0000  0.0000
 1.0000  0.0000  0.0212  0.4158  0.4259  0.0197  0.1664  0.1463  0.0742  0.8354  0.1196  0.0419  0.2567  0.1672  0.3446  0.3321  0.4844  0.4104  0.1131  0.0068  0.0000  0.0150  0.0000  0.0000  0.0000
 0.0121  0.0000  0.0006  0.1625  0.7983  0.0011  0.0060  0.0033  0.0026  0.3829  0.0048  0.0017  0.0203  0.0061  0.0601  1.0000  0.0687  0.0081  0.0569  0.0005  0.0000  0.0015  0.0000  0.0000  0.0000
 0.0000  0.0000  0.0000  1.0000  0.0000  0.0000  0.0000  0.0000  0.0000  0.0000  0.0000  0.0000  0.0000  0.0000  0.0000  0.0000  0.0000  0.0000  0.0000  0.0000  0.0000  0.0000  0.0000  0.0000  0.0000
 0.4955  0.0000  0.1723  0.2203  0.2653  0.7052  0.3218  0.5944  0.4117  0.3052  0.6420  0.2180  0.2988  0.1987  0.2856  0.3539  0.3899  0.3806  0.5715  0.1801  0.0000  1.0000  0.0000  0.0000  0.0000
 0.0122  0.0000  0.0000  0.1771  1.0000  0.0002  0.0007  0.0337  0.0002  0.0019  0.0004  0.0002  0.0007  0.0011  0.6069  0.0005  0.0009  0.0008  0.0081  0.0001  0.0000  0.0002  0.0000  0.0000  0.0000
 0.0030  0.0000  0.0004  1.0000  0.0055  0.0011  0.0099  0.0021  0.0010  0.5409  0.0025  0.0004  0.0066  0.0059  0.0028  0.0034  0.0042  0.0024  0.0012  0.0011  0.0000  0.0013  0.0000  0.0000  0.0000
 0.0057  0.0000  0.0003  0.0001  0.0002  0.0015  0.0002  0.0001  0.1346  0.0003  0.6207  0.0886  0.0002  0.0003  0.0003  0.0003  0.0003  0.0009  1.0000  0.0002  0.0000  0.0004  0.0000  0.0000  0.0000
 0.0086  0.0000  0.0006  0.0468  0.7438  0.0016  0.0053  0.0062  0.0030  0.3031  0.0316  0.0023  0.0071  0.0064  0.0360  1.0000  0.0063  0.0078  0.0041  0.1254  0.0000  0.0284  0.0000  0.0000  0.0000
 0.0003  0.0000  0.0000  0.0002  0.0004  0.0001  0.0006  0.0002  0.0001  0.0077  0.0003  0.0001  0.0003  0.0005  0.0006  1.0000  0.0003  0.0003  0.0002  0.0001  0.0000  0.0001  0.0000  0.0000  0.0000
 0.0000  0.0000  0.0000  0.0000  1.0000  0.0000  0.0000  0.0000  0.0000  0.0000  0.0000  0.0000  0.0000  0.0000  0.0000  0.0000  0.0000  0.0000  0.0000  0.0000  0.0000  0.0000  0.0000  0.0000  0.0000
 0.8339  0.0000  0.0035  0.0013  0.0027  0.0061  0.0015  0.0005  1.0000  0.0032  0.0779  0.0072  0.0017  0.0031  0.0018  0.0021  0.0031  0.0122  0.6415  0.0008  0.0000  0.0026  0.0000  0.0000  0.0000
 0.0166  0.0000  0.0003  0.0012  0.0524  0.0006  0.0020  0.0390  0.0012  0.0348  0.0314  0.0096  0.0094  0.0021  1.0000  0.6345  0.0073  0.0146  0.0016  0.0004  0.0000  0.0011  0.0000  0.0000  0.0000
 0.0000  0.0000  0.0000  0.0000  0.0000  0.0000  0.0000  0.0000  1.0000  0.0000  0.0000  0.0000  0.0000  0.0000  0.0000  0.0000  0.0000  0.0000  0.0000  0.0000  0.0000  0.0000  0.0000  0.0000  0.0000
 0.0188  0.0000  0.5468  0.0025  0.0046  0.0459  0.0050  0.0035  0.0827  0.0058  0.3084  1.0000  0.0043  0.0077  0.0087  0.0059  0.0057  0.0102  0.0465  0.0057  0.0000  0.0074  0.0000  0.0000  0.0000
 0.0065  0.0000  0.0006  0.0012  0.0239  0.0014  0.0046  1.0000  0.0028  0.1025  0.0066  0.0022  0.0063  0.0051  0.3154  0.7797  0.0053  0.0070  0.0037  0.0010  0.0000  0.0029  0.0000  0.0000  0.0000
 0.0999  0.0000  0.0122  0.0301  0.1315  0.0318  0.0743  1.0000  0.0457  0.7370  0.5514  0.0341  0.1009  0.0749  0.2180  0.5551  0.0852  0.1320  0.0601  0.0175  0.0000  0.0836  0.0000  0.0000  0.0000
 0.0329  0.0000  0.0001  0.0001  0.0001  0.0008  0.0002  0.0001  0.0014  0.0001  1.0000  0.0323  0.0001  0.0002  0.0002  0.0001  0.0031  0.0002  0.0009  0.0001  0.0000  0.0001  0.0000  0.0000  0.0000
 0.0750  0.0000  0.0097  0.1040  0.1240  0.0150  0.7758  0.1379  0.0256  1.0000  0.0598  0.0199  0.2175  0.0581  0.2599  0.3715  0.8269  0.0792  0.0347  0.0104  0.0000  0.0342  0.0000  0.0000  0.0000
 0.0014  0.0000  0.0003  0.0068  0.0021  0.0003  0.0169  1.0000  0.0002  0.0022  0.0004  0.0001  0.0225  0.0011  0.3359  0.0012  0.0038  0.0512  0.0003  0.0002  0.0000  0.0209  0.0000  0.0000  0.0000
 0.0538  0.0000  0.0002  0.0010  0.0195  0.0002  0.0141  0.0009  0.0006  0.0720  0.0012  0.0004  0.0014  1.0000  0.0233  0.0919  0.0505  0.0172  0.0008  0.0002  0.0000  0.0004  0.0000  0.0000  0.0000
 0.0004  0.0000  0.0001  0.0044  0.0005  0.0001  0.0135  0.0231  0.0000  0.0005  0.0001  0.0000  1.0000  0.0003  0.0004  0.0003  0.0228  0.0084  0.0001  0.0000  0.0000  0.0002  0.0000  0.0000  0.0000
 0.0004  0.0000  0.0001  0.0001  0.0001  0.0004  0.0001  0.0000  1.0000  0.0001  0.0200  0.0004  0.0001  0.0001  0.0000  0.0001  0.0107  0.0056  0.3930  0.0000  0.0000  0.0002  0.0000  0.0000  0.0000
 0.0082  0.0000  0.0085  0.0001  0.0002  0.0002  0.0000  0.0000  0.0929  0.0002  0.0010  0.0003  0.0001  0.0002  0.0001  0.0001  0.0002  0.0008  1.0000  0.0000  0.0000  0.0001  0.0000  0.0000  0.0000
 0.1190  0.0000  0.0024  0.0833  0.7122  0.0023  0.0297  0.0056  0.0086  0.0589  0.0138  0.0279  0.0227  0.0126  0.0708  1.0000  0.3018  0.2152  0.0424  0.0008  0.0000  0.0017  0.0000  0.0000  0.0000
 0.0014  0.0000  0.0004  0.0002  0.0003  0.2496  0.0003  0.0003  0.5558  0.0005  1.0000  0.0045  0.0003  0.0006  0.0007  0.0005  0.0138  0.0008  0.0039  0.0005  0.0000  0.0007  0.0000  0.0000  0.0000
 0.0398  0.0000  0.0417  0.0148  0.0726  0.0394  0.0261  0.7453  0.0319  1.0000  0.0459  0.0155  0.0336  0.0200  0.0684  0.3838  0.0377  0.0499  0.0852  0.0114  0.0000  0.0902  0.0000  0.0000  0.0000
 0.0734  0.0000  0.0011  0.6156  0.0671  0.0006  1.0000  0.0017  0.0006  0.0037  0.0013  0.0006  0.0083  0.0036  0.0032  0.0017  0.0236  0.0165  0.0017  0.0003  0.0000  0.0010  0.0000  0.0000  0.0000
 1.0000  0.0000  0.0007  0.0304  0.0010  0.0004  0.0013  0.0004  0.0010  0.0014  0.0010  0.0005  0.0324  0.0018  0.0011  0.0009  0.5969  0.1550  0.1052  0.0002  0.0000  0.0004  0.0000  0.0000  0.0000
 0.0023  0.0000  0.0012  0.0004  0.0006  0.1540  0.0004  0.0000  0.5582  0.0000  0.0123  0.0025  0.0000  0.0009  0.0000  0.0000  0.0016  0.0015  0.0047  0.0115  0.0000  1.0000  0.0000  0.0000  0.0000
 0.0241  0.0000  0.0005  0.0083  1.0000  0.0005  0.0024  0.0009  0.0009  0.0036  0.0012  0.0248  0.0024  0.0028  0.1561  0.0013  0.3259  0.0345  0.0016  0.0002  0.0000  0.0006  0.0000  0.0000  0.0000
 0.0010  0.0000  0.0000  1.0000  0.4558  0.0001  0.0006  0.0003  0.0001  0.0011  0.0002  0.0001  0.0007  0.0006  0.0013  0.0003  0.0352  0.0005  0.0002  0.0000  0.0000  0.0001  0.0000  0.0000  0.0000
 0.4626  0.0000  0.0055  0.2503  1.0000  0.0051  0.0389  0.0124  0.0262  0.5565  0.0516  0.0108  0.0667  0.1701  0.1569  0.4301  0.2040  0.0833  0.0540  0.0018  0.0000  0.0039  0.0000  0.0000  0.0000
 0.7643  0.0000  0.1910  0.4351  0.6083  0.7153  0.8815  0.7886  0.4539  0.6164  0.8804  0.2772  0.6143  0.2905  0.5985  0.5177  0.7058  0.5799  0.7671  0.1870  0.0000  1.0000  0.0000  0.0000  0.0000
 0.5531  0.0000  0.1759  0.1988  0.2609  0.7712  0.3201  0.5292  0.3750  0.2779  0.6186  0.2103  0.3233  0.1971  0.2802  0.3314  0.4964  0.3795  0.4806  0.1760  0.0000  1.0000  0.0000  0.0000  0.0000
 0.2144  0.0000  0.0459  0.0164  0.0395  0.0961  0.0140  0.3097  0.3157  0.0427  0.4993  0.1174  0.0260  0.0526  0.0393  0.0323  0.0504  0.1504  1.0000  0.0148  0.0000  0.0524  0.0000  0.0000  0.0000
 0.0017  0.0000  0.0107  0.0019  0.0146  0.0302  0.0019  1.0000  0.0011  0.0012  0.0019  0.0006  0.1216  0.0008  0.0157  0.0012  0.0018  0.0014  0.0014  0.0005  0.0000  0.6075  0.0000  0.0000  0.0000
 0.0004  0.0000  0.0001  0.0001  0.0001  0.0010  0.0103  0.0001  0.1780  0.0002  1.0000  0.0245  0.0001  0.0001  0.0002  0.0002  0.0002  0.0004  0.1599  0.0001  0.0000  0.0002  0.0000  0.0000  0.0000
 0.0037  0.0000  0.0001  0.0000  0.0001  0.0002  0.0001  0.0000  0.1035  0.0001  0.0107  0.0002  0.0001  0.0001  0.0001  0.0001  0.0001  0.0004  1.0000  0.0000  0.0000  0.0001  0.0000  0.0000  0.0000
 0.0038  0.0000  0.0010  0.0008  0.0007  0.5409  0.0144  0.0004  0.0029  0.0006  0.0078  1.0000  0.0006  0.0015  0.0006  0.0007  0.0019  0.0012  0.0025  0.0024  0.0000  0.0087  0.0000  0.0000  0.0000
 0.0016  0.0000  0.0000  0.5466  1.0000  0.0001  0.0006  0.0004  0.0002  0.0016  0.0004  0.0001  0.0007  0.0010  0.0021  0.0120  0.0008  0.0007  0.0004  0.0001  0.0000  0.0002  0.0000  0.0000  0.0000
 0.0003  0.0000  0.0059  0.0000  0.0001  0.0120  0.0001  0.0001  0.0066  0.0001  1.0000  0.0009  0.0001  0.0001  0.0001  0.0001  0.0001  0.0002  0.0155  0.0001  0.0000  0.0058  0.0000  0.0000  0.0000
 0.0047  0.0000  1.0000  0.0004  0.0007  0.0005  0.0012  0.0002  0.0032  0.0006  0.0025  0.0008  0.0004  0.0011  0.0274  0.0005  0.0013  0.0025  0.5222  0.0002  0.0000  0.0003  0.0000  0.0000  0.0000
 1.0000  0.0000  0.0039  0.0084  0.3499  0.0018  0.0568  0.0020  0.0043  0.0198  0.0051  0.0026  0.0171  0.0101  0.0060  0.0050  0.1890  0.9024  0.0143  0.0010  0.0000  0.0019  0.0000  0.0000  0.0000
 0.0010  0.0000  0.0002  0.0005  0.0004  0.0002  1.0000  0.0002  0.0002  0.0005  0.0005  0.0001  0.0003  0.0188  0.0003  0.0005  0.0006  0.0004  0.0003  0.0002  0.0000  0.0002  0.0000  0.0000  0.0000
 0.0016  0.0000  0.0002  0.0004  0.0003  0.0001  1.0000  0.0001  0.0001  0.0003  0.0003  0.0001  0.0003  0.0006  0.0002  0.0003  0.0047  0.0003  0.0003  0.0001  0.0000  0.0001  0.0000  0.0000  0.0000
 0.0008  0.0000  0.0001  0.0012  1.0000  0.0001  0.0007  0.0002  0.0001  0.0005  0.0002  0.0001  0.0003  0.0005  0.0005  0.0002  0.0182  0.0003  0.0002  0.0001  0.0000  0.0001  0.0000  0.0000  0.0000
 0.0003  0.0000  0.0001  0.0002  0.0002  0.0006  0.0005  0.0001  0.0010  0.0003  1.0000  0.0007  0.0001  0.0004  0.0002  0.0179  0.0002  0.0002  0.0006  0.0001  0.0000  0.0001  0.0000  0.0000  0.0000
 0.0002  0.0000  0.0001  0.0000  0.0000  1.0000  0.0001  0.0000  0.0004  0.0000  0.0189  0.0002  0.0000  0.0001  0.0000  0.0000  0.0054  0.0001  0.0003  0.0006  0.0000  0.0024  0.0000  0.0000  0.0000
 0.0011  0.0000  0.0000  1.0000  0.5200  0.0001  0.0006  0.0003  0.0001  0.0011  0.0002  0.0001  0.0007  0.0007  0.0014  0.0003  0.0275  0.0005  0.0002  0.0000  0.0000  0.0002  0.0000  0.0000  0.0000
 0.0159  0.0000  0.0016  0.4930  0.0245  0.0032  0.0144  0.0132  0.0061  0.1107  0.0396  0.0047  0.0196  0.0123  0.0334  1.0000  0.0146  0.0159  0.0081  0.0023  0.0000  0.0067  0.0000  0.0000  0.0000
 0.0002  0.0000  0.0001  0.0001  0.0001  0.0006  0.0003  0.0001  1.0000  0.0001  0.0060  0.0005  0.0001  0.0002  0.0001  0.0001  0.0001  0.0002  0.0009  0.0001  0.0000  0.0002  0.0000  0.0000  0.0000
 0.0127  0.0000  0.0004  0.0001  0.0003  0.0006  0.0001  0.0001  0.8994  0.0003  0.0222  0.0007  0.0002  0.0003  0.0002  0.0002  0.0003  0.0484  1.0000  0.0001  0.0000  0.0002  0.0000  0.0000  0.0000
 1.0000  0.0000  0.0005  0.0049  0.0340  0.0007  0.0038  0.0111  0.0020  0.0820  0.0037  0.0013  0.0094  0.0284  0.2742  0.0367  0.0408  0.0092  0.0029  0.0004  0.0000  0.0010  0.0000  0.0000  0.0000
 0.0283  0.0000  0.0001  0.0001  0.0011  0.0002  0.0006  0.0085  0.0003  0.5111  0.0008  0.0003  0.0008  0.0006  0.0437  1.0000  0.0006  0.0008  0.0004  0.0001  0.0000  0.0004  0.0000  0.0000  0.0000
 0.0241  0.0000  0.0018  0.0376  0.5693  0.0022  1.0000  0.0056  0.0025  0.0585  0.0053  0.0018  0.0171  0.0131  0.0170  0.0095  0.0167  0.0092  0.0051  0.0013  0.0000  0.0031  0.0000  0.0000  0.0000
 0.0060  0.0000  0.0216  0.0024  0.0033  0.2032  0.0039  1.0000  0.0047  0.0176  0.0241  0.0026  0.0037  0.0024  0.0793  0.0042  0.0466  0.0117  0.0060  0.0022  0.0000  0.4400  0.0000  0.0000  0.0000
 0.0183  0.0000  0.0001  0.0000  0.0000  0.0276  0.0000  0.0000  0.0003  0.0000  0.0008  0.0002  0.0000  0.0001  0.0000  0.0000  0.0001  0.0001  0.0003  0.0008  0.0000  1.0000  0.0000  0.0000  0.0000
 0.0017  0.0000  0.0003  0.0005  0.0003  0.0001  0.0241  0.0001  0.0003  0.0004  0.0003  0.0002  0.0008  0.0006  0.0003  0.0003  1.0000  0.3205  0.0005  0.0001  0.0000  0.0001  0.0000  0.0000  0.0000
 0.0000  0.0000  0.0000  0.0000  1.0000  0.0000  0.0000  0.0000  0.0000  0.0000  0.0000  0.0000  0.0000  0.0000  0.0000  0.0000  0.0000  0.0000  0.0000  0.0000  0.0000  0.0000  0.0000  0.0000  0.0000
 0.6329  0.0000  0.0111  0.0043  0.0226  0.0039  0.0216  0.0287  0.0076  0.2358  0.0173  0.0060  0.0160  0.0168  0.0368  1.0000  0.0731  0.0207  0.0218  0.0026  0.0000  0.0074  0.0000  0.0000  0.0000
 0.8542  0.0000  0.0094  1.0000  0.5966  0.0129  0.1138  0.0352  0.0341  0.5358  0.0571  0.0207  0.1234  0.0757  0.2368  0.1013  0.1440  0.1200  0.0546  0.0053  0.0000  0.0144  0.0000  0.0000  0.0000
 1.0000  0.0000  0.0045  0.0002  0.0002  0.0001  0.0012  0.0001  0.0001  0.0002  0.0002  0.0001  0.0002  0.0005  0.0002  0.0002  0.0010  0.0004  0.0004  0.0001  0.0000  0.0001  0.0000  0.0000  0.0000
 1.0000  0.0000  0.0006  0.0004  0.0005  0.0002  0.0084  0.0001  0.0003  0.0006  0.0006  0.0003  0.0004  0.0015  0.0283  0.0052  0.5550  0.0011  0.0137  0.0001  0.0000  0.0002  0.0000  0.0000  0.0000
 0.5272  0.0000  0.0226  0.4289  0.9213  0.0740  0.2600  1.0000  0.0892  0.5535  0.1673  0.0448  0.3060  0.1159  0.4351  0.2688  0.6204  0.4538  0.1404  0.0073  0.0000  0.0163  0.0000  0.0000  0.0000
 0.0076  0.0000  0.7001  0.0010  0.0019  0.0245  0.0017  0.0013  0.2967  0.0026  1.0000  0.0735  0.0018  0.0030  0.0036  0.0025  0.0022  0.0049  0.1413  0.0022  0.0000  0.0027  0.0000  0.0000  0.0000
 0.1390  0.0000  0.4997  0.0012  0.0031  0.0351  0.0012  0.0016  1.0000  0.0036  0.2390  0.0989  0.0022  0.0048  0.0042  0.0029  0.0032  0.3445  0.0414  0.0020  0.0000  0.0023  0.0000  0.0000  0.0000
 0.0015  0.0000  0.0001  0.0003  0.0021  0.0003  0.0011  0.1104  0.0006  0.2367  0.0015  0.0005  0.0342  0.0012  0.5077  1.0000  0.0080  0.0016  0.0008  0.0002  0.0000  0.0007  0.0000  0.0000  0.0000
 0.4844  0.0000  0.0307  0.3736  0.6153  0.0296  0.2362  0.0693  0.2055  0.5204  0.1868  0.0599  0.2885  0.1550  1.0000  0.2940  0.4648  0.7298  0.2991  0.0102  0.0000  0.0237  0.0000  0.0000  0.0000
 0.0002  0.0000  0.0001  0.0000  0.0001  0.0003  0.0001  0.0000  1.0000  0.0001  0.0014  0.0350  0.0001  0.0000  0.0000  0.0001  0.0001  0.0002  0.0901  0.0000  0.0000  0.0001  0.0000  0.0000  0.0000
 0.0054  0.0000  0.0003  0.0001  0.0002  0.0008  0.0002  0.0001  0.0844  0.0003  0.5640  0.0010  0.0002  0.0002  0.0002  0.0002  0.0003  0.0009  1.0000  0.0001  0.0000  0.0003  0.0000  0.0000  0.0000
 0.3700  0.0000  0.0235  0.2757  1.0000  0.0220  0.5326  0.0536  0.0823  0.4250  0.1655  0.0593  0.4458  0.1208  0.3114  0.2399  0.3530  0.3054  0.1255  0.0076  0.0000  0.0168  0.0000  0.0000  0.0000
 0.2265  0.0000  0.0059  0.0043  0.0052  0.0027  0.0419  0.0010  0.1102  0.0058  0.0081  0.0031  0.0038  0.0146  0.0039  0.0042  0.4434  0.0109  1.0000  0.0009  0.0000  0.0019  0.0000  0.0000  0.0000
 0.0001  0.0000  0.0001  0.0000  0.0000  0.0003  0.0030  0.0000  0.0846  0.0001  0.0250  0.0063  0.0000  0.0000  0.0000  0.0001  0.0001  0.0002  1.0000  0.0000  0.0000  0.0001  0.0000  0.0000  0.0000
 0.2701  0.0000  0.0449  0.1803  1.0000  0.1094  0.1316  0.7863  0.0970  0.2614  0.4253  0.0546  0.7607  0.0902  0.4591  0.2147  0.2694  0.1835  0.1526  0.0297  0.0000  0.1646  0.0000  0.0000  0.0000
 0.5748  0.0000  0.1740  0.2026  0.2684  0.6930  0.3319  0.6323  0.4235  0.2857  0.6387  0.2170  0.3074  0.2008  0.2886  0.3532  0.4108  0.4166  0.5133  0.1819  0.0000  1.0000  0.0000  0.0000  0.0000
 0.0017  0.0000  1.0000  0.0003  0.0003  0.0004  0.0008  0.0001  0.0842  0.0002  0.0012  0.0003  0.0002  0.0005  0.0002  0.0002  0.0007  0.0042  0.0022  0.0001  0.0000  0.0003  0.0000  0.0000  0.0000
 0.0003  0.0000  0.0003  0.0008  0.0004  0.0002  0.0013  1.0000  0.0002  0.0003  0.0003  0.0001  0.0042  0.0006  0.0003  0.0004  0.0004  0.0003  0.0002  0.0002  0.0000  0.0003  0.0000  0.0000  0.0000
 0.1870  0.0000  0.0439  0.0993  0.2386  0.4457  0.0982  0.1457  0.0910  0.1754  0.2186  0.0511  0.1055  0.0649  0.5663  0.1328  1.0000  0.1865  0.1274  0.0358  0.0000  0.1884  0.0000  0.0000  0.0000
 0.0504  0.0000  0.0152  0.0145  0.0461  0.0575  0.0299  0.2409  0.0989  0.1999  1.0000  0.8366  0.3585  0.0313  0.1219  0.2061  0.0343  0.0443  0.0668  0.0115  0.0000  0.0288  0.0000  0.0000  0.0000
 0.0005  0.0000  0.0001  0.0946  0.0008  0.0001  1.0000  0.0006  0.0001  0.0007  0.0001  0.0000  0.0673  0.0004  0.0005  0.0004  0.0014  0.0006  0.0001  0.0001  0.0000  0.0003  0.0000  0.0000  0.0000
 0.0002  0.0000  0.0001  0.0000  0.0001  0.0003  0.0001  0.0000  0.1888  0.0001  0.0014  0.0002  0.0001  0.0000  0.0000  0.0001  0.0001  0.0003  1.0000  0.0000  0.0000  0.0001  0.0000  0.0000  0.0000
 0.0015  0.0000  0.0005  0.0003  0.0004  0.1279  0.0005  0.0002  0.2437  0.0006  0.0733  1.0000  0.0004  0.0005  0.0005  0.0006  0.0006  0.0014  0.7742  0.0004  0.0000  0.0008  0.0000  0.0000  0.0000
 0.0000  0.0000  0.0000  0.0000  0.0000  0.0000  0.0000  1.0000  0.0000  0.0000  0.0000  0.0000  0.0000  0.0000  0.0000  0.0000  0.0000  0.0000  0.0000  0.0000  0.0000  0.0000  0.0000  0.0000  0.0000
 0.0000  0.0000  0.0000  0.0000  0.0000  0.0000  0.0000  0.0000  0.0000  0.0000  0.0000  0.0000  0.0000  0.0000  0.0000  1.0000  0.0000  0.0000  0.0000  0.0000  0.0000  0.0000  0.0000  0.0000  0.0000
 0.0000  0.0000  0.0000  1.0000  0.0000  0.0000  0.0000  0.0000  0.0000  0.0000  0.0000  0.0000  0.0000  0.0000  0.0000  0.0000  0.0000  0.0000  0.0000  0.0000  0.0000  0.0000  0.0000  0.0000  0.0000
 0.0002  0.0000  0.0001  0.0000  0.0001  0.0006  0.0000  0.0000  0.0090  0.0001  1.0000  0.0008  0.0001  0.0001  0.0001  0.0001  0.0001  0.0001  0.0062  0.0001  0.0000  0.0001  0.0000  0.0000  0.0000
 0.0003  0.0000  0.0000  0.0002  0.0030  0.0001  0.0002  0.0003  0.0001  1.0000  0.0003  0.0001  0.0003  0.0003  0.0049  0.0016  0.0003  0.0003  0.0002  0.0000  0.0000  0.0001  0.0000  0.0000  0.0000
 0.0000  0.0000  0.0000  0.0000  0.0000  0.0000  0.0000  0.0000  0.0000  0.0000  0.0000  0.0000  0.0000  1.0000  0.0000  0.0000  0.0000  0.0000  0.0000  0.0000  0.0000  0.0000  0.0000  0.0000  0.0000
 0.0000  0.0000  0.0000  0.0000  1.0000  0.0000  0.0000  0.0000  0.0000  0.0000  0.0000  0.0000  0.0000  0.0000  0.0000  0.0000  0.0000  0.0000  0.0000  0.0000  0.0000  0.0000  0.0000  0.0000  0.0000
 0.0000  0.0000  0.0000  0.0000  0.0000  0.0000  0.0000  0.0000  0.0000  0.0000  0.0000  0.0000  1.0000  0.0000  0.0000  0.0000  0.0000  0.0000  0.0000  0.0000  0.0000  0.0000  0.0000  0.0000  0.0000
 0.0008  0.0000  0.0003  0.0001  0.0002  1.0000  0.0002  0.0001  0.0032  0.0002  0.5482  0.0020  0.0001  0.0004  0.0003  0.0002  0.0003  0.0005  0.0019  0.0014  0.0000  0.0050  0.0000  0.0000  0.0000
 0.0000  0.0000  0.0000  0.0000  0.0000  0.0000  0.0000  0.0000  0.0000  0.0000  1.0000  0.0000  0.0000  0.0000  0.0000  0.0000  0.0000  0.0000  0.0000  0.0000  0.0000  0.0000  0.0000  0.0000  0.0000
 0.0010  0.0000  0.0003  0.0001  0.0003  0.4306  0.0002  0.0002  0.0052  0.0003  1.0000  0.0133  0.0002  0.0004  0.0005  0.0003  0.0003  0.0006  0.0028  0.0004  0.0000  0.0008  0.0000  0.0000  0.0000
 1.0000  0.0000  0.0031  0.0869  0.0339  0.0068  0.0383  0.0126  0.0262  0.0425  0.2333  0.0050  0.0182  0.0104  0.0353  0.0192  0.2557  0.0527  0.2883  0.0019  0.0000  0.0086  0.0000  0.0000  0.0000
 0.0014  0.0000  0.0003  0.0814  0.0107  0.0003  0.0165  0.0074  0.0001  0.0113  0.0003  0.0001  0.3194  0.0011  0.0013  0.0010  1.0000  0.0794  0.0002  0.0001  0.0000  0.0007  0.0000  0.0000  0.0000
 0.0446  0.0000  0.0067  0.0049  0.0436  0.0004  0.0030  0.0197  0.0052  1.0000  0.0023  0.0164  0.0478  0.0440  0.0882  0.0524  0.0338  0.0787  0.0137  0.0001  0.0000  0.0003  0.0000  0.0000  0.0000
 0.8680  0.0000  0.2518  1.0000  0.9616  0.0380  0.3149  0.1371  0.1491  0.8920  0.3232  0.1284  0.4021  0.2137  0.4783  0.4169  0.7954  0.4579  0.2177  0.0131  0.0000  0.0289  0.0000  0.0000  0.0000
 0.0036  0.0000  0.0001  0.1603  1.0000  0.0003  0.0016  0.0010  0.0005  0.5961  0.0009  0.0004  0.0066  0.0173  0.0096  0.0618  0.0126  0.0017  0.0009  0.0002  0.0000  0.0005  0.0000  0.0000  0.0000
 0.0167  0.0000  0.0023  0.9977  0.1117  0.0020  1.0000  0.0339  0.0010  0.0447  0.0022  0.0008  0.5720  0.0079  0.0095  0.0071  0.0948  0.0483  0.0017  0.0010  0.0000  0.0053  0.0000  0.0000  0.0000
 1.0000  0.0000  0.0010  0.0007  0.0009  0.0599  0.0055  0.0002  0.0009  0.0010  0.0355  0.0007  0.0006  0.0025  0.0007  0.0007  0.3448  0.0019  0.0019  0.0003  0.0000  0.0008  0.0000  0.0000  0.0000
 1.0000  0.0000  0.0383  0.0211  0.0402  0.0213  0.0372  0.0112  0.1602  0.1007  0.2899  0.1820  0.0279  0.6270  0.0546  0.0311  0.2708  0.1852  0.4185  0.0049  0.0000  0.0107  0.0000  0.0000  0.0000
 0.0010  0.0000  0.0003  0.0001  0.0003  0.0024  0.0002  0.0002  0.0368  0.0003  1.0000  0.0225  0.0002  0.0004  0.0005  0.0003  0.0003  0.0007  0.5673  0.0003  0.0000  0.0004  0.0000  0.0000  0.0000
 0.0003  0.0000  0.0000  0.0001  0.0004  0.0001  0.0002  0.0003  0.0001  1.0000  0.0003  0.0001  0.0003  0.0002  0.0167  0.0056  0.0002  0.0003  0.0002  0.0000  0.0000  0.0001  0.0000  0.0000  0.0000
 1.0000  0.0000  0.0353  0.0288  0.0326  0.0343  0.0721  0.0107  0.1346  0.0396  0.7043  0.0493  0.0443  0.0650  0.0314  0.0259  0.2148  0.4373  0.2192  0.0076  0.0000  0.0124  0.0000  0.0000  0.0000
 0.8255  0.0000  0.0049  0.0031  0.0042  0.0025  0.0091  0.0012  0.5040  0.0047  0.0125  0.0042  0.0043  0.0082  0.0035  0.0030  0.0199  1.0000  0.0348  0.0007  0.0000  0.0013  0.0000  0.0000  0.0000
 0.0005  0.0000  0.0004  1.0000  0.0004  0.0003  0.0014  0.0003  0.0002  0.0003  0.0004  0.0001  0.0004  0.0007  0.0003  0.0004  0.0003  0.0003  0.0056  0.0002  0.0000  0.0003  0.0000  0.0000  0.0000
 0.0000  0.0000  0.0000  0.0000  0.0000  1.0000  0.0000  0.0000  0.0000  0.0000  0.0000  0.0000  0.0000  0.0000  0.0000  0.0000  0.0000  0.0000  0.0000  0.0000  0.0000  0.0000  0.0000  0.0000  0.0000
 0.0000  0.0000  0.0000  0.0000  0.0000  0.0000  1.0000  0.0000  0.0000  0.0000  0.0000  0.0000  0.0000  0.0000  0.0000  0.0000  0.0000  0.0000  0.0000  0.0000  0.0000  0.0000  0.0000  0.0000  0.0000
 0.0002  0.0000  0.0001  0.0000  0.0001  0.0006  0.0001  0.0001  0.0011  0.0001  1.0000  0.0007  0.0001  0.0001  0.0001  0.0001  0.0001  0.0001  0.0113  0.0001  0.0000  0.0001  0.0000  0.0000  0.0000
 0.5532  0.0000  0.0007  0.0005  0.0006  0.0003  0.0037  0.0001  0.0003  0.0007  0.0006  0.0003  0.0004  0.0017  0.0004  0.0005  1.0000  0.0012  0.0011  0.0001  0.0000  0.0002  0.0000  0.0000  0.0000
 0.0079  0.0000  0.0005  0.0001  0.0004  0.0005  0.0001  0.0001  0.7692  0.0004  0.0031  0.0804  0.0002  0.0005  0.0003  0.0002  0.0004  0.0534  1.0000  0.0001  0.0000  0.0002  0.0000  0.0000  0.0000
 0.1548  0.0000  0.0097  0.3619  1.0000  0.7242  0.0523  0.0344  0.1353  0.1340  0.3786  0.0866  0.0569  0.0871  0.1765  0.0413  0.0728  0.0713  0.1003  0.0303  0.0000  0.0969  0.0000  0.0000  0.0000
 0.0066  0.0000  0.0254  0.0017  0.0020  0.9992  0.0034  0.0001  0.6027  0.0029  0.0725  0.0103  0.0019  0.0014  0.0009  0.0024  0.0034  0.0080  1.0000  0.0045  0.0000  0.2522  0.0000  0.0000  0.0000
 0.0044  0.0000  0.0001  0.0857  0.4559  0.0005  0.0018  0.0014  0.0007  1.0000  0.0014  0.0005  0.0021  0.0027  0.6610  0.0807  0.0023  0.0022  0.0012  0.0002  0.0000  0.0007  0.0000  0.0000  0.0000
 0.0527  0.0000  0.0071  0.0163  0.0117  0.0138  1.0000  0.0365  0.0450  0.0137  0.0423  0.0061  0.0528  0.2358  0.0109  0.0114  0.0648  0.0589  0.0161  0.0041  0.0000  0.0192  0.0000  0.0000  0.0000
 0.0771  0.0000  0.0011  0.6852  1.0000  0.0064  0.1807  0.0384  0.0083  0.0706  0.0154  0.0063  0.0335  0.7278  0.1319  0.0189  0.0368  0.0308  0.0160  0.0030  0.0000  0.0088  0.0000  0.0000  0.0000
 0.0101  0.0000  0.0021  0.1154  0.0725  0.0019  1.0000  0.0633  0.0012  0.0357  0.0026  0.0009  0.0991  0.0076  0.4720  0.0421  0.0480  0.0100  0.0020  0.0010  0.0000  0.0048  0.0000  0.0000  0.0000
 0.0096  0.0000  0.0006  0.1550  0.6820  0.0007  0.0048  0.0454  0.0023  0.4768  0.0432  0.0014  0.0061  0.0420  1.0000  0.0600  0.0087  0.0364  0.0186  0.0003  0.0000  0.0008  0.0000  0.0000  0.0000
 1.0000  0.0000  0.0258  0.0309  0.0414  0.1023  0.1237  0.0958  0.2622  0.0907  0.1032  0.1335  0.0612  0.0301  0.0437  0.1778  0.0885  0.2106  0.8468  0.0269  0.0000  0.1911  0.0000  0.0000  0.0000
 0.0007  0.0000  0.0004  0.0001  0.0002  1.0000  0.0001  0.0000  0.0015  0.0000  0.0740  0.0007  0.0000  0.0003  0.0000  0.0000  0.0005  0.0004  0.0014  0.7762  0.0000  0.3783  0.0000  0.0000  0.0000
 0.4971  0.0000  0.1748  0.2056  0.2882  0.8838  0.3202  0.5422  0.3780  0.3995  0.6253  0.2119  0.3285  0.1993  0.3000  0.4547  0.4432  0.4981  0.4828  0.1764  0.0000  1.0000  0.0000  0.0000  0.0000
 0.0083  0.0000  0.0019  1.0000  0.0978  0.0016  0.6018  0.0086  0.0008  0.0116  0.0018  0.0007  0.0559  0.0066  0.0081  0.0057  0.0269  0.0085  0.0014  0.0008  0.0000  0.0043  0.0000  0.0000  0.0000
 0.0107  0.0000  0.0035  0.0024  0.0032  1.0000  0.0047  0.0008  0.9382  0.0129  0.3799  0.0407  0.0032  0.0028  0.0029  0.0041  0.0045  0.0111  0.9524  0.0026  0.0000  0.0069  0.0000  0.0000  0.0000
 0.5503  0.0000  0.0020  0.0010  0.0016  0.0010  0.0053  0.0004  0.0053  0.0016  0.0043  0.0014  0.0009  0.0034  0.0012  0.0011  0.0052  0.0049  1.0000  0.0003  0.0000  0.0005  0.0000  0.0000  0.0000
 0.0000  0.0000  0.0000  0.0000  0.0000  0.0000  1.0000  0.0000  0.0000  0.0000  0.0000  0.0000  0.0000  0.0000  0.0000  0.0000  0.0000  0.0000  0.0000  0.0000  0.0000  0.0000  0.0000  0.0000  0.0000
 0.0013  0.0000  0.0003  0.0005  0.0003  0.0001  0.0004  0.0002  0.0004  0.0005  0.0003  0.0002  0.0010  0.0006  0.0004  0.0049  1.0000  0.5690  0.0006  0.0001  0.0000  0.0002  0.0000  0.0000  0.0000
 0.5007  0.0000  0.0007  0.0005  0.0006  0.0002  0.0126  0.0001  0.0003  0.0006  0.0006  0.0003  0.0004  1.0000  0.0004  0.0005  0.0111  0.0011  0.0011  0.0001  0.0000  0.0002  0.0000  0.0000  0.0000
 0.0391  0.0000  0.0183  0.0063  0.0093  0.8020  0.1805  0.0004  0.0766  0.0008  0.1896  0.0376  0.0009  0.0146  0.0007  0.0007  0.0264  0.0228  0.0708  0.1698  0.0000  1.0000  0.0000  0.0000  0.0000
 0.0001  0.0000  0.0001  0.0001  0.0001  0.0028  0.0001  0.0000  0.0003  0.0000  0.0066  0.0001  0.0000  0.0001  0.0000  0.0000  0.0001  0.0001  0.0003  0.0006  0.0000  1.0000  0.0000  0.0000  0.0000
 0.0009  0.0000  0.0110  0.0001  0.0002  0.0014  0.0002  0.0001  0.1315  0.0003  0.6513  0.0642  0.0002  0.0002  0.0002  0.0003  0.0003  0.0008  1.0000  0.0002  0.0000  0.0004  0.0000  0.0000  0.0000
 1.0000  0.0000  0.0096  0.0004  0.0004  0.0002  0.0027  0.0001  0.0002  0.0005  0.0005  0.0002  0.0003  0.0012  0.0003  0.0003  0.5474  0.0009  0.0008  0.0001  0.0000  0.0001  0.0000  0.0000  0.0000
 0.0020  0.0000  0.0002  0.0002  0.0002  0.0001  0.0013  0.0001  0.0001  0.0003  0.0037  0.0001  0.0002  1.0000  0.0002  0.0002  0.0070  0.0004  0.0004  0.0001  0.0000  0.0001  0.0000  0.0000  0.0000
 0.0005  0.0000  0.0000  0.0051  1.0000  0.0001  0.0003  0.0001  0.0001  0.0005  0.0001  0.0000  0.0002  0.0004  0.0006  0.0002  0.0003  0.0002  0.0001  0.0000  0.0000  0.0001  0.0000  0.0000  0.0000
 0.0000  0.0000  0.0000  0.0000  0.0000  0.0000  0.0000  0.0000  0.0000  0.0000  0.0000  0.0000  0.0000  0.0000  0.0000  0.0000  0.0000  0.0000  1.0000  0.0000  0.0000  0.0000  0.0000  0.0000  0.0000
 0.0003  0.0000  0.0001  0.0002  0.0002  0.0005  0.0006  0.0001  0.0009  0.0003  1.0000  0.0006  0.0001  0.0102  0.0002  0.0003  0.0002  0.0002  0.0005  0.0001  0.0000  0.0001  0.0000  0.0000  0.0000
 0.0036  0.0000  0.0482  0.0006  0.0050  0.0008  0.0025  0.0462  0.0015  0.6028  0.1192  0.0254  0.0108  0.0028  0.0605  1.0000  0.0084  0.0039  0.0020  0.0006  0.0000  0.0016  0.0000  0.0000  0.0000
 0.0007  0.0000  0.0001  0.0001  0.0009  0.0001  0.0065  0.0006  0.0003  1.0000  0.0007  0.0002  0.0006  0.0005  0.0015  0.5267  0.0005  0.0007  0.0004  0.0001  0.0000  0.0003  0.0000  0.0000  0.0000
 0.0664  0.0000  0.0052  1.0000  0.8489  0.0059  0.0544  0.5333  0.0140  0.2146  0.0238  0.0085  0.8395  0.0478  0.1263  0.5621  0.5495  0.0490  0.0220  0.0025  0.0000  0.0083  0.0000  0.0000  0.0000
 0.2173  0.0000  0.2043  0.0145  0.0201  0.0567  0.0239  0.0378  0.0481  0.0368  0.0979  0.0173  0.0219  1.0000  0.0219  0.0397  0.0293  0.0304  0.0439  0.0129  0.0000  0.0796  0.0000  0.0000  0.0000
 0.0003  0.0000  0.0042  0.0003  0.0002  0.0019  0.0006  0.0001  0.0003  0.0000  0.0006  0.0001  0.0002  0.0002  0.0001  0.0002  0.0001  0.0002  0.0003  0.0005  0.0000  1.0000  0.0000  0.0000  0.0000
 0.0017  0.0000  0.0002  0.0004  0.0003  0.0001  1.0000  0.0001  0.0001  0.0003  0.0003  0.0001  0.0003  0.0006  0.0002  0.0002  0.0116  0.0004  0.0003  0.0001  0.0000  0.0001  0.0000  0.0000  0.0000
 0.0928  0.0000  0.0068  0.0069  0.0540  0.0081  0.0281  0.0391  0.0166  1.0000  0.0393  0.0130  0.0377  0.6163  0.1308  0.2568  0.0322  0.0417  0.0221  0.0061  0.0000  0.0174  0.0000  0.0000  0.0000
 0.1319  0.0000  0.0009  0.0672  1.0000  0.0024  0.0121  0.0060  0.0032  0.0371  0.0061  0.0025  0.0103  0.4060  0.0418  0.0077  0.0586  0.0118  0.0066  0.0011  0.0000  0.0032  0.0000  0.0000  0.0000
 0.8676  0.0000  0.0548  0.0012  0.0036  0.0027  0.0005  0.0009  0.3981  0.0036  0.0174  0.0111  0.0017  0.0051  0.0026  0.0020  0.0470  0.0169  1.0000  0.0004  0.0000  0.0008  0.0000  0.0000  0.0000
 0.0052  0.0000  0.0002  1.0000  0.0005  0.0002  0.0012  0.0002  0.0002  0.0004  0.0003  0.0001  0.0006  0.0006  0.0003  0.0003  0.0006  0.0003  0.0003  0.0001  0.0000  0.0002  0.0000  0.0000  0.0000
 0.0005  0.0000  0.0002  0.0001  0.0002  0.0009  0.0003  0.0000  0.8374  0.0002  0.1498  0.1286  0.0002  0.0001  0.0001  0.0002  0.0002  0.0006  1.0000  0.0001  0.0000  0.0004  0.0000  0.0000  0.0000
 0.0000  0.0000  0.0000  0.0000  0.0000  0.0000  0.0000  0.0000  0.0000  0.0000  0.0000  0.0000  0.0000  0.0000  0.0000  0.0000  0.0000  0.0000  0.0000  1.0000  0.0000  0.0000  0.0000  0.0000  0.0000
 0.6105  0.0000  0.0006  0.0007  0.0006  0.0003  0.0023  0.0002  0.0005  0.0008  0.0007  0.0003  0.0011  0.0015  0.0006  0.0005  1.0000  0.1274  0.0011  0.0001  0.0000  0.0002  0.0000  0.0000  0.0000
 1.0000  0.0000  0.5950  0.0008  0.0023  0.0016  0.0012  0.0006  0.0470  0.0023  0.0101  0.0031  0.0011  0.0035  0.0017  0.0013  0.0031  0.0104  0.1069  0.0003  0.0000  0.0005  0.0000  0.0000  0.0000
 0.0000  0.0000  0.0000  0.0000  0.0000  0.0000  1.0000  0.0000  0.0000  0.0000  0.0000  0.0000  0.0000  0.0000  0.0000  0.0000  0.0000  0.0000  0.0000  0.0000  0.0000  0.0000  0.0000  0.0000  0.0000
 0.0003  0.0000  0.0001  0.0000  0.0001  0.0002  0.0001  0.0000  0.0460  0.0001  0.0010  0.0002  0.0001  0.0001  0.0000  0.0001  0.0001  0.0003  1.0000  0.0000  0.0000  0.0001  0.0000  0.0000  0.0000
 0.0003  0.0000  0.0001  0.0000  0.0001  0.0004  0.0001  0.0000  1.0000  0.0001  0.0020  0.0789  0.0001  0.0001  0.0001  0.0001  0.0001  0.0003  0.0131  0.0000  0.0000  0.0001  0.0000  0.0000  0.0000
 0.0003  0.0000  0.0001  0.0000  0.0001  0.0008  0.0001  0.0001  0.0694  0.0001  1.0000  0.0009  0.0001  0.0001  0.0001  0.0001  0.0001  0.0002  0.0932  0.0001  0.0000  0.0001  0.0000  0.0000  0.0000
 0.0001  0.0000  0.0001  0.0000  0.0000  0.0094  0.0000  0.0000  0.0003  0.0000  0.0006  0.0001  0.0000  0.0001  0.0000  0.0000  0.0001  0.0001  0.0002  0.0006  0.0000  1.0000  0.0000  0.0000  0.0000
 0.0000  0.0000  0.0000  0.0000  0.0000  0.0000  0.0000  0.0000  1.0000  0.0000  0.0000  0.0000  0.0000  0.0000  0.0000  0.0000  0.0000  0.0000  0.0000  0.0000  0.0000  0.0000  0.0000  0.0000  0.0000
 0.0002  0.0000  0.0001  0.0000  0.0001  0.0086  0.0001  0.0000  0.0010  0.0001  1.0000  0.0007  0.0001  0.0001  0.0001  0.0001  0.0001  0.0001  0.0006  0.0001  0.0000  0.0003  0.0000  0.0000  0.0000
 0.0002  0.0000  0.0001  0.0000  0.0001  0.0006  0.0001  0.0000  0.0011  0.0001  1.0000  0.0007  0.0001  0.0001  0.0001  0.0001  0.0001  0.0001  0.0058  0.0001  0.0000  0.0001  0.0000  0.0000  0.0000
 1.0000  0.0000  0.1834  0.0689  0.0896  0.0417  0.4821  0.0180  0.1256  0.0972  0.1426  0.0574  0.0639  0.2350  0.0680  0.0677  0.6524  0.2391  0.4754  0.0136  0.0000  0.0280  0.0000  0.0000  0.0000
 0.0000  0.0000  0.0000  0.0000  0.0000  0.0000  1.0000  0.0000  0.0000  0.0000  0.0000  0.0000  0.0000  0.0000  0.0000  0.0000  0.0000  0.0000  0.0000  0.0000  0.0000  0.0000  0.0000  0.0000  0.0000
 0.0236  0.0000  0.0048  0.0082  0.0062  0.0204  0.0088  0.0053  0.0145  0.0077  0.0129  0.0046  0.0208  0.0086  0.0061  0.0058  0.0459  0.0560  1.0000  0.0020  0.0000  0.5620  0.0000  0.0000  0.0000
 0.0000  0.0000  0.0000  0.0000  0.0000  0.0000  0.0000  0.0000  0.0000  0.0000  0.0000  0.0000  0.0000  1.0000  0.0000  0.0000  0.0000  0.0000  0.0000  0.0000  0.0000  0.0000  0.0000  0.0000  0.0000
 0.0000  0.0000  0.0000  0.0000  0.0000  0.0000  0.0000  0.0000  0.0000  0.0000  0.0000  0.0000  0.0000  1.0000  0.0000  0.0000  0.0000  0.0000  0.0000  0.0000  0.0000  0.0000  0.0000  0.0000  0.0000
 0.0001  0.0000  0.0001  0.0000  0.0000  1.0000  0.0001  0.0000  0.0003  0.0000  0.0065  0.0002  0.0000  0.0001  0.0000  0.0000  0.0001  0.0001  0.0003  0.0006  0.0000  0.0023  0.0000  0.0000  0.0000
 0.0002  0.0000  0.0001  0.0001  0.0001  0.0024  0.0003  0.0001  0.0003  0.0000  0.0006  0.0001  0.0001  0.0001  0.0000  0.0001  0.0001  0.0001  0.0003  1.0000  0.0000  0.0053  0.0000  0.0000  0.0000
 1.0000  0.0000  0.0614  0.3575  0.0765  0.0249  0.4041  0.0235  0.0269  0.0750  0.0595  0.0272  0.1089  0.1574  0.0520  0.0503  0.3299  0.1129  0.0978  0.0099  0.0000  0.0240  0.0000  0.0000  0.0000
 0.0005  0.0000  0.0000  0.0137  1.0000  0.0001  0.0041  0.0001  0.0001  0.0005  0.0001  0.0000  0.0003  0.0003  0.0007  0.0002  0.0003  0.0002  0.0001  0.0000  0.0000  0.0001  0.0000  0.0000  0.0000
 0.0867  0.0000  0.0131  0.7723  0.1080  0.0087  0.0784  0.0246  0.0235  0.0863  0.0232  0.0104  0.3467  0.0411  0.0468  0.0360  0.4228  1.0000  0.0298  0.0048  0.0000  0.0140  0.0000  0.0000  0.0000
 0.0015  0.0000  0.0000  0.0482  1.0000  0.0001  0.0005  0.0004  0.0002  0.0015  0.0003  0.0069  0.0006  0.0009  0.7645  0.0004  0.0007  0.0006  0.0003  0.0001  0.0000  0.0002  0.0000  0.0000  0.0000
 0.1407  0.0000  0.0042  0.1250  0.0865  0.0048  0.0283  1.0000  0.0555  0.5211  0.0231  0.0170  0.1332  0.0346  0.9480  0.0905  0.1152  0.0805  0.0216  0.0016  0.0000  0.0292  0.0000  0.0000  0.0000
 0.0361  0.0000  0.0025  0.0319  0.0543  0.0023  1.0000  0.0067  0.0056  0.3090  0.0103  0.0037  0.0186  0.0115  0.0220  0.3522  0.0510  0.0268  0.0155  0.0011  0.0000  0.0032  0.0000  0.0000  0.0000
 0.0005  0.0000  0.0002  0.0001  0.0001  0.0010  0.0002  0.0000  1.0000  0.0002  0.5741  0.0011  0.0001  0.0001  0.0001  0.0002  0.0002  0.0005  0.0625  0.0001  0.0000  0.0003  0.0000  0.0000  0.0000
 0.0561  0.0000  0.0002  0.0001  0.0001  1.0000  0.0001  0.0000  0.0008  0.0000  0.0020  0.0004  0.0000  0.0001  0.0000  0.0000  0.0003  0.0002  0.0008  0.0019  0.0000  0.5886  0.0000  0.0000  0.0000
 0.2677  0.0000  0.0039  1.0000  0.5984  0.0036  0.0275  0.0088  0.0135  0.0852  0.0218  0.0076  0.2563  0.0199  0.8725  0.2724  0.2534  0.0666  0.0504  0.0012  0.0000  0.0027  0.0000  0.0000  0.0000
 0.7193  0.0000  0.0024  0.1054  0.3355  0.0051  0.0234  0.0189  0.0085  0.1065  0.0159  0.0062  0.0270  0.0300  1.0000  0.0447  0.0976  0.0629  0.0147  0.0027  0.0000  0.0076  0.0000  0.0000  0.0000
 0.0003  0.0000  0.0001  0.0001  0.0001  0.0004  0.0001  0.0000  1.0000  0.0001  0.0019  0.0003  0.0001  0.0000  0.0000  0.0001  0.0001  0.0003  0.4367  0.0000  0.0000  0.0002  0.0000  0.0000  0.0000
 0.0246  0.0000  0.0063  0.0030  0.0064  0.0665  0.0049  0.0050  0.1666  0.3782  1.0000  0.1021  0.0061  0.0104  0.0129  0.0087  0.0069  0.0143  0.0684  0.0078  0.0000  0.0083  0.0000  0.0000  0.0000
 1.0000  0.0000  0.0390  0.4511  0.7897  0.0374  0.2774  0.2165  0.1370  0.9477  0.2412  0.0781  0.3769  0.2017  0.5791  0.6923  0.5584  0.4345  0.2173  0.0134  0.0000  0.0304  0.0000  0.0000  0.0000
 0.0214  0.0000  0.0028  0.0039  0.0147  0.0001  1.0000  0.0001  0.0001  0.0003  0.0003  0.0001  0.0004  0.0007  0.0002  0.0002  0.0441  0.0005  0.0004  0.0000  0.0000  0.0001  0.0000  0.0000  0.0000
 0.9374  0.0000  0.0636  0.6460  1.0000  0.1143  0.3681  0.2644  0.2074  0.9033  0.3276  0.1142  0.4794  0.2625  0.5886  0.5104  0.6949  0.5754  0.3336  0.0322  0.0000  0.1440  0.0000  0.0000  0.0000
 0.0140  0.0000  0.0048  0.0034  0.0043  0.0307  0.0069  0.0007  1.0000  0.0065  0.7815  0.0286  0.0044  0.0033  0.0032  0.0056  0.0064  0.0159  0.4023  0.0039  0.0000  0.8084  0.0000  0.0000  0.0000
 0.0003  0.0000  0.0001  1.0000  0.0100  0.0001  0.0008  0.0003  0.0000  0.0004  0.0001  0.0000  0.0071  0.0003  0.0004  0.0002  0.0007  0.0003  0.0001  0.0000  0.0000  0.0001  0.0000  0.0000  0.0000
 0.0002  0.0000  0.0001  0.0000  0.0000  1.0000  0.0000  0.0000  0.0004  0.0000  0.0596  0.0002  0.0000  0.0001  0.0000  0.0000  0.0001  0.0001  0.0004  0.0010  0.0000  0.1704  0.0000  0.0000  0.0000
 0.0807  0.0000  0.0025  0.2272  0.6934  0.0024  0.0181  0.0198  0.0169  0.1989  0.0143  0.0050  0.0235  1.0000  0.1215  0.0249  0.4642  0.1654  0.1086  0.0008  0.0000  0.0018  0.0000  0.0000  0.0000
 0.0109  0.0000  0.0031  0.0004  0.0003  0.0001  0.0003  0.0001  0.0099  0.0004  0.0003  0.0002  0.0061  0.0005  0.0003  0.0373  1.0000  0.0256  0.0005  0.0001  0.0000  0.0001  0.0000  0.0000  0.0000
 0.0823  0.0000  0.0038  1.0000  0.6209  0.0061  0.0622  0.0340  0.0107  0.1235  0.0187  0.0070  0.0989  0.8983  0.2439  0.0308  0.1012  0.0404  0.0181  0.0027  0.0000  0.0092  0.0000  0.0000  0.0000
 0.0045  0.0000  0.0001  0.0176  0.5595  0.0004  0.0020  0.0011  0.0006  0.0045  0.0011  0.0004  0.0020  1.0000  0.0057  0.0013  0.0024  0.0020  0.0011  0.0002  0.0000  0.0006  0.0000  0.0000  0.0000
 0.0000  0.0000  0.0000  0.0000  0.0000  0.0000  0.0000  0.0000  0.0000  0.0000  0.0000  0.0000  0.0000  0.0000  0.0000  0.0000  0.0000  0.0000  0.0000  1.0000  0.0000  0.0000  0.0000  0.0000  0.0000
 0.0159  0.0000  0.0020  0.5665  0.0086  0.0013  0.0190  0.0038  0.0011  0.0066  0.0024  0.0009  0.0192  1.0000  0.0046  0.0037  0.0288  0.0066  0.0028  0.0007  0.0000  0.0022  0.0000  0.0000  0.0000
 0.0861  0.0000  0.0134  0.0209  0.0335  0.0036  0.0295  0.0472  0.0073  0.2245  0.0884  0.0041  0.1118  0.0097  0.0256  0.1682  0.9343  1.0000  0.1323  0.0011  0.0000  0.0041  0.0000  0.0000  0.0000
 0.0003  0.0000  0.0001  0.0001  0.0001  0.0005  0.0002  0.0000  1.0000  0.0001  0.0216  0.0005  0.0001  0.0001  0.0000  0.0001  0.0001  0.0004  0.6734  0.0001  0.0000  0.0002  0.0000  0.0000  0.0000
 0.0013  0.0000  0.0003  0.0005  0.0003  0.0001  0.0004  0.0002  0.0004  0.0005  0.0003  0.0002  0.0009  0.0006  0.0004  0.0003  1.0000  0.5685  0.0006  0.0001  0.0000  0.0001  0.0000  0.0000  0.0000
 0.1525  0.0000  0.0018  0.7484  0.7497  0.0044  0.0330  0.0519  0.0051  0.0451  0.0095  0.0038  0.2333  1.0000  0.0872  0.0141  0.2313  0.0221  0.0095  0.0021  0.0000  0.0073  0.0000  0.0000  0.0000
 0.0633  0.0000  0.0027  0.1290  0.8207  0.0027  0.3125  0.0071  0.0180  0.0567  0.0152  0.0054  0.0779  0.0152  0.0674  0.0263  1.0000  0.0390  0.0144  0.0010  0.0000  0.0024  0.0000  0.0000  0.0000
 1.0000  0.0000  0.0002  0.0002  0.0002  0.0001  0.0052  0.0001  0.0001  0.0002  0.0002  0.0001  0.0001  0.0006  0.0002  0.0002  0.0010  0.0004  0.0004  0.0000  0.0000  0.0001  0.0000  0.0000  0.0000
 0.0006  0.0000  0.0001  0.0004  0.0004  0.0002  0.0010  0.0002  0.0002  1.0000  0.0005  0.0001  0.0003  0.0008  0.0005  0.0010  0.0004  0.0004  0.0093  0.0001  0.0000  0.0002  0.0000  0.0000  0.0000
 0.0008  0.0000  0.0002  1.0000  0.0156  0.0001  0.0023  0.0007  0.0001  0.0010  0.0002  0.0001  0.2714  0.0006  0.0008  0.0005  0.0413  0.0008  0.0114  0.0001  0.0000  0.0004  0.0000  0.0000  0.0000
 0.0002  0.0000  0.0001  0.0000  0.0001  0.0006  0.0001  0.0000  0.0065  0.0001  1.0000  0.0007  0.0001  0.0001  0.0001  0.0001  0.0001  0.0001  0.0006  0.0001  0.0000  0.0001  0.0000  0.0000  0.0000
 0.0003  0.0000  0.0001  0.0001  0.0001  0.0006  0.0002  0.0000  1.0000  0.0002  0.0389  0.0085  0.0001  0.0001  0.0001  0.0001  0.0002  0.0004  0.8087  0.0001  0.0000  0.0003  0.0000  0.0000  0.0000
 0.0059  0.0000  0.0073  0.0708  0.0083  0.0014  0.0144  0.0095  0.0014  0.2192  0.0030  0.0010  0.6643  0.0045  0.0292  1.0000  0.0291  0.0277  0.0019  0.0007  0.0000  0.0236  0.0000  0.0000  0.0000
 0.0041  0.0000  0.0004  0.0019  0.0055  0.0007  0.0346  0.0161  0.0330  1.0000  0.0311  0.0226  0.0676  0.0024  0.3823  0.2429  0.0439  0.0180  0.0020  0.0004  0.0000  0.0013  0.0000  0.0000  0.0000
 0.0003  0.0000  0.0001  0.0000  0.0001  0.0007  0.0000  0.0000  0.0104  0.0001  0.0303  1.0000  0.0001  0.0001  0.0001  0.0001  0.0001  0.0002  0.0088  0.0001  0.0000  0.0001  0.0000  0.0000  0.0000
 0.0002  0.0000  0.0001  0.0000  0.0001  0.0006  0.0001  0.0000  0.0011  0.0001  1.0000  0.0007  0.0001  0.0001  0.0001  0.0001  0.0001  0.0001  0.0045  0.0001  0.0000  0.0001  0.0000  0.0000  0.0000
 0.1139  0.0000  0.1173  0.1558  0.1679  0.0050  0.0325  0.0525  0.1007  0.1520  0.0308  0.0231  0.2516  0.0234  0.0501  0.1417  0.0703  1.0000  0.1872  0.0017  0.0000  0.0043  0.0000  0.0000  0.0000
 0.5558  0.0000  0.1771  0.2321  0.3381  0.6937  0.3533  0.5536  0.5146  0.4711  0.6671  0.2339  0.3404  0.2829  0.4235  0.5770  0.4898  0.4281  0.5817  0.1844  0.0000  1.0000  0.0000  0.0000  0.0000
 0.0046  0.0000  0.0004  1.0000  0.0489  0.0005  0.0048  0.0018  0.0008  0.0140  0.0014  0.0005  0.7516  0.0143  0.0355  0.0907  0.1017  0.0032  0.0179  0.0002  0.0000  0.0009  0.0000  0.0000  0.0000
 0.0475  0.0000  0.0005  0.0004  0.0005  0.0002  0.0026  0.0001  0.0003  0.0006  0.0005  0.0002  0.0003  1.0000  0.0329  0.0033  0.0079  0.0009  0.0413  0.0001  0.0000  0.0001  0.0000  0.0000  0.0000
 0.4741  0.0000  0.0032  0.0173  0.0258  0.0035  0.0295  0.0118  0.0072  1.0000  0.0142  0.0051  0.1471  0.0450  0.0305  0.2096  0.2299  0.0802  0.0109  0.0022  0.0000  0.0240  0.0000  0.0000  0.0000
 0.0296  0.0000  0.0204  0.0327  0.2402  0.0003  0.0060  0.0049  0.0089  1.0000  0.0018  0.0006  0.0122  0.0016  0.0825  0.1567  0.0124  0.0159  0.0017  0.0001  0.0000  0.0002  0.0000  0.0000  0.0000
 0.0000  0.0000  0.0000  0.0000  0.0000  0.0000  0.0000  0.0000  0.0000  0.0000  0.0000  0.0000  0.0000  0.0000  0.0000  1.0000  0.0000  0.0000  0.0000  0.0000  0.0000  0.0000  0.0000  0.0000  0.0000
 0.0009  0.0000  0.0003  0.0001  0.0003  0.0503  0.0003  0.0001  1.0000  0.0003  0.7397  0.0388  0.0002  0.0003  0.0004  0.0003  0.0003  0.0007  0.0468  0.0003  0.0000  0.0143  0.0000  0.0000  0.0000
 0.0015  0.0000  0.0003  0.0008  0.0004  0.0002  0.0348  0.0002  0.0004  0.0419  0.0004  0.0027  0.0183  0.0008  0.0005  0.0004  0.1592  1.0000  0.0007  0.0001  0.0000  0.0002  0.0000  0.0000  0.0000
 1.0000  0.0000  0.0003  0.0002  0.0003  0.0001  0.0016  0.0000  0.0001  0.0003  0.0033  0.0001  0.0002  0.0092  0.0002  0.0002  0.1106  0.0005  0.0005  0.0000  0.0000  0.0001  0.0000  0.0000  0.0000
 0.6084  0.0000  0.1741  0.2298  0.2714  0.6964  0.3286  0.6373  0.3941  0.2874  0.6419  0.2172  0.3029  0.2013  0.3086  0.3428  0.4157  0.3959  0.4963  0.1819  0.0000  1.0000  0.0000  0.0000  0.0000
 0.0014  0.0000  0.0000  0.1052  1.0000  0.0001  0.0005  0.0061  0.0002  0.0014  0.0003  0.0001  0.0006  0.0009  0.6459  0.0004  0.0007  0.0006  0.0003  0.0001  0.0000  0.0002  0.0000  0.0000  0.0000
 0.7246  0.0000  0.0028  0.0007  0.0021  0.0016  0.0004  0.0005  0.0640  0.0021  0.0104  0.0030  0.0010  0.0030  0.0015  0.0012  0.0023  0.0097  1.0000  0.0003  0.0000  0.0005  0.0000  0.0000  0.0000
 0.0002  0.0000  0.0001  0.0000  0.0001  0.0006  0.0001  0.0000  0.0012  0.0001  1.0000  0.0046  0.0001  0.0035  0.0001  0.0001  0.0001  0.0001  0.0006  0.0001  0.0000  0.0001  0.0000  0.0000  0.0000
 0.3422  0.0000  0.3919  0.3587  0.6302  0.0224  0.1880  0.0550  0.0836  1.0000  0.1350  0.0473  0.4639  0.1232  0.3191  0.3108  0.3746  0.2679  0.1276  0.0077  0.0000  0.0173  0.0000  0.0000  0.0000
 0.0006  0.0000  0.0002  0.0012  0.0005  0.0002  0.0013  1.0000  0.0002  0.0005  0.0003  0.0001  0.0143  0.0004  0.0003  0.0004  0.0008  0.0004  0.0111  0.0001  0.0000  0.0002  0.0000  0.0000  0.0000
 0.0050  0.0000  0.0002  0.0002  0.0003  0.0001  0.0009  0.0001  0.0001  0.0005  0.0002  0.0001  0.0003  1.0000  0.0055  0.0058  0.0042  0.0158  0.0004  0.0000  0.0000  0.0001  0.0000  0.0000  0.0000
 0.0001  0.0000  0.0001  0.0001  0.0001  0.0203  0.0001  0.0000  0.0003  0.0000  0.0007  0.0001  0.0000  0.0001  0.0000  0.0000  0.0001  0.0001  0.0003  1.0000  0.0000  0.0024  0.0000  0.0000  0.0000
 0.0113  0.0000  0.0002  0.0001  0.0002  0.0009  0.0002  0.0000  1.0000  0.0002  0.2241  0.1563  0.0002  0.0002  0.0001  0.0002  0.0002  0.0007  0.4381  0.0001  0.0000  0.0003  0.0000  0.0000  0.0000
 0.8082  0.0000  0.2164  0.6090  0.9721  0.2316  0.4301  0.2589  0.2732  1.0000  0.4562  0.1621  0.5251  0.3014  0.6532  0.6593  0.7693  0.6186  0.4253  0.0651  0.0000  0.3019  0.0000  0.0000  0.0000
 0.0900  0.0000  0.0054  0.4210  1.0000  0.0058  0.1238  0.1123  0.0424  0.0896  0.0440  0.0457  0.3037  0.0266  0.7080  0.1039  0.0710  0.0646  0.2890  0.0019  0.0000  0.0050  0.0000  0.0000  0.0000
 0.4283  0.0000  0.0236  1.0000  0.4928  0.0238  0.4658  0.0945  0.0857  0.3962  0.1286  0.0504  0.3168  0.1192  0.2706  0.8775  0.3259  0.2440  0.1210  0.0082  0.0000  0.0212  0.0000  0.0000  0.0000
 0.1121  0.0000  0.0014  0.0511  0.3222  0.0013  1.0000  0.0081  0.0050  0.1109  0.0080  0.0028  0.0308  0.0736  0.0316  0.0400  0.3596  0.0312  0.0076  0.0005  0.0000  0.0010  0.0000  0.0000  0.0000
 0.6963  0.0000  0.0487  0.5950  1.0000  0.0455  0.3480  0.1107  0.1783  0.8659  0.2803  0.0984  0.4629  0.2502  0.5373  0.5404  0.6808  0.6067  0.3743  0.0156  0.0000  0.0345  0.0000  0.0000  0.0000
 1.0000  0.0000  0.0021  0.0007  0.0016  0.0011  0.0014  0.0254  0.0421  0.0017  0.0065  0.0020  0.0128  0.0026  0.0012  0.0010  0.0308  0.0076  0.5143  0.0002  0.0000  0.0004  0.0000  0.0000  0.0000
 0.6818  0.0000  0.0389  0.0012  0.0013  0.0005  0.0071  0.0003  0.0008  0.0015  0.0097  0.0007  0.0014  1.0000  0.0011  0.0010  0.4409  0.0400  0.0025  0.0002  0.0000  0.0004  0.0000  0.0000  0.0000
 0.0306  0.0000  0.0005  1.0000  0.0102  0.0004  0.0069  0.0282  0.0002  0.0028  0.0005  0.0002  0.0906  0.0306  0.0020  0.0014  0.5055  0.0021  0.0004  0.0002  0.0000  0.0011  0.0000  0.0000  0.0000
 0.3036  0.0000  0.1072  0.0342  0.1267  0.0569  0.0446  0.0615  0.2184  1.0000  0.2187  0.3331  0.0664  0.0779  0.1209  0.4336  0.0849  0.3213  0.6511  0.0287  0.0000  0.0643  0.0000  0.0000  0.0000
 0.2405  0.0000  0.0348  0.0088  0.0384  0.0193  0.0016  0.0076  0.1924  0.0263  0.1290  0.3475  0.0133  1.0000  0.0199  0.0150  0.0780  0.1634  0.5789  0.0329  0.0000  0.0074  0.0000  0.0000  0.0000
 0.0375  0.0000  0.0263  0.0046  0.0096  0.1012  0.0075  0.3246  0.3753  0.0128  1.0000  0.1364  0.0092  0.0159  0.0195  0.0128  0.0105  0.0217  0.1039  0.0118  0.0000  0.0147  0.0000  0.0000  0.0000
 0.0327  0.0000  0.0041  1.0000  0.0417  0.0036  0.1103  0.0178  0.0020  0.0258  0.0044  0.0016  0.1024  0.0412  0.0185  0.4827  0.0461  0.0427  0.0037  0.0018  0.0000  0.0090  0.0000  0.0000  0.0000
 0.0944  0.0000  0.0339  0.1532  0.1990  0.0100  0.1514  0.0717  0.1572  0.1162  0.0363  0.0129  0.4760  0.3100  0.9279  0.0650  1.0000  0.0957  0.0339  0.0038  0.0000  0.0141  0.0000  0.0000  0.0000
 1.0000  0.0000  0.0004  0.1091  0.5811  0.0022  0.0090  0.0057  0.0032  0.0540  0.0057  0.0023  0.0100  0.0266  0.0584  0.0071  0.0129  0.1319  0.0275  0.0010  0.0000  0.0029  0.0000  0.0000  0.0000
 0.0103  0.0000  0.0010  0.0012  0.0010  0.0005  0.0016  0.0004  0.0027  0.0013  0.0021  0.0008  0.0019  0.0020  0.0010  0.0008  0.0352  0.5103  1.0000  0.0002  0.0000  0.0004  0.0000  0.0000  0.0000
 0.0178  0.0000  0.0011  0.0004  0.0010  0.0124  0.0004  0.0006  0.1003  0.0262  1.0000  0.0428  0.0007  0.0072  0.0342  0.0368  0.0010  0.0035  0.5003  0.0005  0.0000  0.0009  0.0000  0.0000  0.0000
 0.0508  0.0000  0.0017  0.3631  0.3238  0.0016  0.0426  0.0037  0.0157  0.0285  0.0286  0.0033  0.0567  0.0085  0.0181  0.0238  1.0000  0.1379  0.0320  0.0005  0.0000  0.0012  0.0000  0.0000  0.0000
 0.1291  0.0000  0.2400  0.0805  0.1279  0.0198  0.1588  0.0885  0.0355  0.5707  0.0837  0.0282  0.1517  0.0797  0.1957  1.0000  0.1205  0.1024  0.0516  0.0138  0.0000  0.0423  0.0000  0.0000  0.0000
 0.0005  0.0000  0.0001  0.0001  0.0001  0.0083  0.0001  0.0001  0.0378  0.0002  1.0000  0.4081  0.0001  0.0002  0.0003  0.0002  0.0001  0.0110  0.0058  0.0002  0.0000  0.0002  0.0000  0.0000  0.0000
 0.0004  0.0000  0.0000  0.0001  0.0044  0.0001  0.0051  0.0004  0.0002  1.0000  0.0004  0.0048  0.0004  0.0085  0.0010  0.0934  0.0004  0.0005  0.0002  0.0001  0.0000  0.0002  0.0000  0.0000  0.0000
 0.0018  0.0000  0.0002  0.0003  0.0025  0.0131  0.0013  0.0975  0.0008  0.5315  0.0018  0.0006  0.0737  0.0014  1.0000  0.0695  0.0015  0.0019  0.0010  0.0003  0.0000  0.0008  0.0000  0.0000  0.0000
 0.0001  0.0000  0.0001  0.0000  0.0000  1.0000  0.0000  0.0000  0.0003  0.0000  0.0191  0.0001  0.0000  0.0001  0.0000  0.0000  0.0029  0.0001  0.0003  0.0007  0.0000  0.0191  0.0000  0.0000  0.0000
 0.0357  0.0000  0.0059  0.0294  0.0315  0.0239  0.0295  0.0200  0.0120  0.1904  0.0211  0.0080  0.8822  0.0237  0.0456  0.7688  1.0000  0.1296  0.0173  0.0040  0.0000  0.0110  0.0000  0.0000  0.0000
 1.0000  0.0000  0.0003  0.0002  0.0003  0.0002  0.0006  0.0001  0.0150  0.0003  0.0009  0.0003  0.0002  0.0195  0.0115  0.0002  0.0242  0.0069  0.0209  0.0000  0.0000  0.0001  0.0000  0.0000  0.0000
 0.2052  0.0000  0.0141  0.0109  0.0151  0.0176  0.1069  0.0042  0.0076  0.0276  0.0174  1.0000  0.0112  0.0361  0.0141  0.5263  0.0739  0.0541  0.0243  0.0023  0.0000  0.0051  0.0000  0.0000  0.0000
 0.0086  0.0000  0.0125  0.0379  0.0117  0.0017  0.0274  0.0317  0.0010  0.0144  0.0023  0.0008  1.0000  0.0066  0.0084  0.4676  0.0473  0.0095  0.0017  0.0009  0.0000  0.0043  0.0000  0.0000  0.0000
 0.0006  0.0000  0.0001  0.0001  0.0008  0.0001  0.0198  0.0005  0.0003  1.0000  0.0006  0.0002  0.0237  0.0180  0.0376  0.0145  0.0005  0.0006  0.0083  0.0001  0.0000  0.0003  0.0000  0.0000  0.0000
 0.0004  0.0000  0.0001  0.0001  0.0001  0.0855  0.0001  0.0001  0.0372  0.0002  1.0000  0.0433  0.0001  0.0002  0.0002  0.0186  0.0001  0.0003  0.0012  0.0001  0.0000  0.0002  0.0000  0.0000  0.0000
 0.0172  0.0000  0.0000  0.0001  0.0006  0.0001  0.0188  0.0004  0.0002  1.0000  0.0005  0.0041  0.0004  0.0004  0.0087  0.0195  0.0004  0.0005  0.0003  0.0001  0.0000  0.0002  0.0000  0.0000  0.0000
 0.0247  0.0000  0.0024  0.0048  0.0584  0.0051  0.4425  0.0219  0.0105  1.0000  0.0459  0.0082  0.0239  0.0194  0.0824  0.1601  0.0202  0.0263  0.0139  0.0039  0.0000  0.0110  0.0000  0.0000  0.0000
 0.6499  0.0000  0.0829  0.0205  0.0749  0.0755  0.0058  0.0180  0.5246  0.0645  0.5833  0.3183  0.0311  0.0893  0.0507  0.0616  0.0736  0.2889  1.0000  0.0111  0.0000  0.0190  0.0000  0.0000  0.0000
 1.0000  0.0000  0.0090  0.0025  0.0070  0.0151  0.0025  0.0022  0.5362  0.0074  0.1118  0.0214  0.0039  0.0102  0.0063  0.0048  0.0080  0.0301  0.1183  0.0020  0.0000  0.0031  0.0000  0.0000  0.0000
 0.0004  0.0000  0.0001  0.0000  0.0001  0.0069  0.0001  0.0172  0.0388  0.0001  1.0000  0.0151  0.0001  0.0002  0.0191  0.0001  0.0001  0.0002  0.0011  0.0001  0.0000  0.0001  0.0000  0.0000  0.0000
 0.0550  0.0000  0.0013  0.0024  0.0189  0.0028  0.0096  0.0121  0.0188  0.8163  0.0138  0.0046  0.0132  0.0107  0.0661  1.0000  0.0115  0.8932  0.0078  0.0021  0.0000  0.0061  0.0000  0.0000  0.0000
 0.0008  0.0000  0.0003  0.0002  0.0003  0.0253  0.0044  0.0000  0.0687  0.0004  0.0341  0.0015  0.0003  0.0002  0.0001  0.0004  0.0004  0.5501  1.0000  0.0002  0.0000  0.0007  0.0000  0.0000  0.0000
 0.0006  0.0000  0.0002  0.0001  0.0002  0.0010  0.0002  0.0000  1.0000  0.0002  0.0167  0.4022  0.0002  0.0001  0.0001  0.0002  0.0238  0.0007  0.0771  0.0001  0.0000  0.0004  0.0000  0.0000  0.0000
 1.0000  0.0000  0.0117  0.0036  0.0095  0.0379  0.0034  0.0040  0.1277  0.0105  0.6602  0.0504  0.0060  0.0143  0.0111  0.0078  0.0102  0.0370  0.1555  0.0047  0.0000  0.0056  0.0000  0.0000  0.0000
 1.0000  0.0000  0.0028  0.0021  0.0311  0.0010  0.2292  0.0005  0.0114  0.0027  0.0027  0.0013  0.0017  0.0069  0.0019  0.0019  0.1356  0.0049  0.2864  0.0004  0.0000  0.0008  0.0000  0.0000  0.0000
 0.0221  0.0000  0.2059  0.0040  0.0026  0.0010  0.0045  0.0011  0.0028  0.0039  0.0028  0.0015  0.0070  0.0053  0.0030  0.0025  0.2935  1.0000  0.0048  0.0006  0.0000  0.0011  0.0000  0.0000  0.0000
 0.0047  0.0000  0.0002  0.0232  1.0000  0.0006  0.0038  0.0333  0.0007  0.0185  0.0015  0.0006  0.0233  0.0030  0.0552  0.6248  0.0273  0.0028  0.0013  0.0003  0.0000  0.0010  0.0000  0.0000  0.0000
 0.0025  0.0000  0.0006  0.0161  0.0033  0.0048  0.0150  0.0626  0.0004  0.0033  0.0123  0.0003  1.0000  0.0019  0.0022  0.1246  0.3764  0.0340  0.0007  0.0003  0.0000  0.0015  0.0000  0.0000  0.0000
 0.0012  0.0000  0.0102  0.0001  0.0003  0.4287  0.0002  0.0002  0.0258  0.0004  1.0000  0.0218  0.0003  0.0005  0.0006  0.0004  0.0003  0.0007  0.0095  0.0004  0.0000  0.0004  0.0000  0.0000  0.0000
 0.0009  0.0000  0.0002  0.0130  0.0009  0.0001  0.0107  0.0192  0.0057  0.0135  0.0002  0.0001  0.0626  0.0078  0.0157  0.0005  1.0000  0.0304  0.0003  0.0001  0.0000  0.0003  0.0000  0.0000  0.0000
 0.2485  0.0000  0.0037  0.0967  1.0000  0.0036  0.0864  0.0085  0.0131  0.0737  0.0211  0.0238  0.0520  0.0298  0.0411  0.0365  0.1615  0.0827  0.1527  0.0012  0.0000  0.0084  0.0000  0.0000  0.0000
 0.1813  0.0000  0.0075  0.0940  1.0000  0.0016  0.1795  0.0046  0.0114  0.0575  0.0078  0.0028  0.0383  0.0087  0.0173  0.0137  0.0222  0.0436  0.0075  0.0006  0.0000  0.0018  0.0000  0.0000  0.0000
 0.0094  0.0000  0.0001  0.0181  1.0000  0.0003  0.0044  0.0009  0.0186  0.3389  0.0009  0.0003  0.0014  0.0261  0.0041  0.0978  0.0016  0.0015  0.0008  0.0002  0.0000  0.0004  0.0000  0.0000  0.0000
 0.1127  0.0000  0.0048  0.0297  0.0163  0.0166  0.0210  0.0091  1.0000  0.0293  0.0396  0.0051  0.0335  0.0192  0.0125  0.0120  0.4176  0.0588  0.0133  0.0030  0.0000  0.0137  0.0000  0.0000  0.0000
 1.0000  0.0000  0.0411  0.4877  0.6959  0.0521  0.5534  0.1155  0.1914  0.8794  0.5277  0.2726  0.3465  0.1930  0.4605  0.4228  0.5278  0.4567  0.2804  0.0165  0.0000  0.0515  0.0000  0.0000  0.0000
 0.1182  0.0000  0.0207  0.0158  0.0176  0.0289  1.0000  0.0186  0.0850  0.0202  0.2720  0.0252  0.0567  0.0295  0.0173  0.0184  0.1222  0.0775  0.0600  0.0076  0.0000  0.0335  0.0000  0.0000  0.0000
 0.0741  0.0000  0.0361  0.0405  0.0571  0.0421  0.0345  0.0622  0.0707  0.0763  1.0000  0.0170  0.2665  0.0231  0.0590  0.0718  0.0808  0.0978  0.0630  0.0112  0.0000  0.0586  0.0000  0.0000  0.0000
 0.0006  0.0000  0.0001  0.0002  0.0009  0.0001  0.0198  0.0199  0.0003  1.0000  0.0006  0.0002  0.0365  0.0005  0.0072  0.1257  0.0005  0.0035  0.0003  0.0001  0.0000  0.0003  0.0000  0.0000  0.0000
 0.1555  0.0000  0.0012  0.0145  1.0000  0.0011  0.0084  0.0027  0.0041  0.5592  0.0066  0.0023  0.0290  0.0430  0.1991  0.0116  0.0987  0.0643  0.0457  0.0004  0.0000  0.0009  0.0000  0.0000  0.0000
 0.3305  0.0000  0.0118  0.1611  0.2424  0.0112  0.2097  0.0269  0.0693  0.2449  0.2679  1.0000  0.1878  0.1303  0.1298  0.1198  0.2735  0.1987  0.0629  0.0038  0.0000  0.0086  0.0000  0.0000  0.0000
 0.1898  0.0000  0.0078  0.8599  1.0000  0.7547  0.1488  0.0646  0.0221  0.2214  0.0421  0.0170  0.2036  0.1191  0.2534  0.0621  0.1503  0.0965  0.0421  0.0095  0.0000  0.0327  0.0000  0.0000  0.0000
 0.3409  0.0000  0.0158  0.1842  0.4093  0.0149  0.6331  0.0619  0.0554  1.0000  0.0898  0.0773  0.1996  0.0815  0.2642  0.2183  0.2274  0.2651  0.0844  0.0052  0.0000  0.0117  0.0000  0.0000  0.0000
 0.6993  0.0000  0.0998  0.4016  0.5776  0.2125  0.3387  0.2064  0.2895  0.5702  0.3648  0.2831  0.5355  0.2774  0.3922  0.3686  1.0000  0.9772  0.4604  0.0629  0.0000  0.2812  0.0000  0.0000  0.0000
 0.0351  0.0000  0.0054  0.0703  0.0425  0.0343  0.0179  0.0193  0.7280  0.8367  0.3703  1.0000  0.0709  0.0321  0.1017  0.1051  0.0221  0.0298  0.0469  0.0065  0.0000  0.0134  0.0000  0.0000  0.0000
 0.0235  0.0000  0.0068  1.0000  0.3021  0.0004  0.0901  0.0009  0.0038  0.0114  0.0020  0.0007  0.0033  0.0637  0.0309  0.0351  0.0049  0.0039  0.0085  0.0001  0.0000  0.0003  0.0000  0.0000  0.0000
 0.1111  0.0000  0.0004  0.0336  0.0121  0.0004  0.0023  0.0230  0.0337  0.0202  0.0019  0.0007  0.0112  0.0019  0.0600  0.0032  0.5555  1.0000  0.0491  0.0001  0.0000  0.0003  0.0000  0.0000  0.0000
 0.0035  0.0000  0.0008  1.0000  0.0295  0.0006  0.0292  0.0028  0.0006  0.0040  0.0282  0.0004  0.0443  0.0025  0.0028  0.0020  0.2343  0.2778  0.0009  0.0003  0.0000  0.0015  0.0000  0.0000  0.0000
 0.0351  0.0000  0.0016  0.2660  0.4103  0.0015  0.0501  0.0218  0.0379  0.2148  0.0093  0.0033  1.0000  0.0085  0.0598  0.0407  0.0617  0.0338  0.0088  0.0005  0.0000  0.0012  0.0000  0.0000  0.0000
 0.0194  0.0000  0.0003  0.0179  0.0006  0.0001  0.0005  0.0002  0.0004  0.0153  0.0200  0.0002  0.0363  0.0007  0.0006  0.0166  1.0000  0.0189  0.0060  0.0001  0.0000  0.0002  0.0000  0.0000  0.0000
 0.0303  0.0000  0.0996  0.0042  0.0225  0.0010  1.0000  0.0012  0.0094  0.0172  0.0291  0.0012  0.0199  0.0041  0.0034  0.0030  0.2361  0.1448  0.0037  0.0005  0.0000  0.0011  0.0000  0.0000  0.0000
 0.2368  0.0000  0.0021  0.0242  0.0769  0.0020  0.0276  0.0698  0.0667  0.1106  0.0117  0.0373  0.4471  0.0106  0.3268  0.0203  0.1917  1.0000  0.0111  0.0007  0.0000  0.0016  0.0000  0.0000  0.0000
 0.0343  0.0000  0.0018  0.0060  0.0346  0.0155  0.0244  0.0052  1.0000  0.0164  0.0136  0.0025  0.0106  0.0036  0.0344  0.0064  0.0221  0.3885  0.0699  0.0016  0.0000  0.0083  0.0000  0.0000  0.0000
 0.0025  0.0000  0.0006  0.0070  0.0255  0.0007  0.0008  0.0006  0.0362  0.0011  0.0119  0.0005  0.0827  0.0209  0.0009  0.0008  0.0298  1.0000  0.0206  0.0003  0.0000  0.0224  0.0000  0.0000  0.0000
 0.1217  0.0000  0.0795  0.0731  0.1153  1.0000  0.0369  0.0607  0.4556  0.0326  0.6264  0.1456  0.0344  0.0704  0.0329  0.0389  0.0449  0.2258  0.2385  0.0207  0.0000  0.8305  0.0000  0.0000  0.0000
 0.0062  0.0000  0.0000  0.3512  1.0000  0.0079  0.0008  0.0005  0.0248  0.0022  0.0125  0.0002  0.0009  0.0013  0.0196  0.0006  0.0125  0.0009  0.0005  0.0001  0.0000  0.0003  0.0000  0.0000  0.0000
 0.0063  0.0000  0.0000  0.3928  1.0000  0.0002  0.0008  0.0005  0.0002  0.0133  0.0004  0.0002  0.0427  0.0133  0.0264  0.0005  0.0010  0.0247  0.0005  0.0001  0.0000  0.0002  0.0000  0.0000  0.0000
 0.1160  0.0000  0.0063  0.2818  0.7496  0.0445  0.0405  0.0276  0.0237  0.0952  1.0000  0.0134  0.0439  0.0574  0.1231  0.0350  0.1053  0.0637  0.0589  0.0063  0.0000  0.0246  0.0000  0.0000  0.0000
 0.0451  0.0000  0.0157  0.3670  0.0722  0.0009  0.0070  0.0022  0.0034  1.0000  0.0153  0.0019  0.0248  0.0092  0.0108  0.2005  0.0942  0.0319  0.0052  0.0003  0.0000  0.0007  0.0000  0.0000  0.0000
 1.0000  0.0000  0.0927  0.4486  0.7895  0.0275  0.1970  0.0639  0.1506  0.5523  0.3676  0.0880  0.3142  0.1495  0.3640  0.2854  0.6327  0.6139  0.4723  0.0093  0.0000  0.0586  0.0000  0.0000  0.0000
 0.0087  0.0000  0.0006  0.0205  0.0394  0.0006  1.0000  0.0077  0.0010  0.4380  0.0018  0.0006  0.0255  0.0027  0.0306  0.0210  0.0864  0.0042  0.0015  0.0003  0.0000  0.0012  0.0000  0.0000  0.0000
 0.3060  0.0000  0.0047  0.0037  0.0090  0.0021  0.0634  0.0010  0.0025  0.0048  1.0000  0.0311  0.0035  0.0242  0.0034  0.0035  0.0560  0.0614  0.1255  0.0007  0.0000  0.0018  0.0000  0.0000  0.0000
 0.4191  0.0000  0.0054  0.0708  0.2342  0.0051  0.0511  0.0510  0.0391  0.3948  0.1026  0.0108  0.0503  0.1717  0.1947  1.0000  0.1327  0.1006  0.0700  0.0017  0.0000  0.0039  0.0000  0.0000  0.0000
 0.0075  0.0000  0.0001  0.0002  0.1106  0.0002  0.0007  0.0009  0.0004  1.0000  0.0145  0.0003  0.0136  0.0008  0.0023  0.5492  0.0008  0.0010  0.0006  0.0002  0.0000  0.0004  0.0000  0.0000  0.0000
 0.4919  0.0000  0.1680  0.1948  0.2589  0.6855  0.3129  0.5222  0.3788  0.3030  0.7505  0.2185  0.2915  0.1938  0.5649  0.3475  0.3923  0.3737  0.5697  0.1756  0.0000  1.0000  0.0000  0.0000  0.0000
 0.0615  0.0000  0.0013  0.1839  0.8444  0.0048  1.0000  0.0117  0.0230  0.0513  0.0191  0.0050  0.0211  0.0300  0.1106  0.0153  0.0287  0.0301  0.0586  0.0021  0.0000  0.0062  0.0000  0.0000  0.0000
 0.3304  0.0000  0.0238  0.0286  0.0246  0.0413  0.1317  0.0079  1.0000  0.0338  0.2382  0.0727  0.0430  0.0472  0.0226  0.0242  0.7424  0.4547  0.4620  0.0082  0.0000  0.0225  0.0000  0.0000  0.0000
 0.7347  0.0000  0.0512  0.5970  0.9945  0.0492  0.3621  0.1202  0.3577  1.0000  0.3042  0.1068  0.5400  0.2611  0.5603  0.5252  0.7119  0.5823  0.2794  0.0168  0.0000  0.0387  0.0000  0.0000  0.0000
 0.6881  0.0000  0.0445  0.5400  0.8769  0.0497  0.3156  0.1014  0.1880  1.0000  0.5806  0.0963  0.4169  0.2276  0.4943  0.5064  0.6331  0.4903  0.2371  0.0145  0.0000  0.0330  0.0000  0.0000  0.0000
 0.7395  0.0000  0.0516  0.6050  1.0000  0.0483  0.3672  0.1173  0.2157  0.9393  0.3200  0.1233  0.4813  0.2685  0.5751  0.5122  0.7466  0.5804  0.3124  0.0166  0.0000  0.0367  0.0000  0.0000  0.0000
 0.1562  0.0000  0.0097  0.4839  1.0000  0.0143  0.0899  0.0315  0.0327  0.1475  0.0431  0.0576  0.0824  0.0822  0.1685  0.0571  0.1767  0.7224  0.2542  0.0067  0.0000  0.0173  0.0000  0.0000  0.0000
 0.2530  0.0000  0.0072  0.1008  1.0000  0.0067  0.0510  0.0163  0.0566  0.3820  0.1080  0.0142  0.0664  0.0448  0.2918  0.1350  0.6501  0.3221  0.0695  0.0023  0.0000  0.0051  0.0000  0.0000  0.0000
 0.0475  0.0000  0.0005  0.0781  0.6558  0.0005  0.0213  0.0273  0.0018  0.0449  0.0095  0.0010  0.0109  0.0160  1.0000  0.0049  0.0411  0.0543  0.0199  0.0002  0.0000  0.0004  0.0000  0.0000  0.0000
 0.0110  0.0000  0.0005  0.0002  0.0477  0.0023  0.0003  0.0002  0.5631  0.0006  1.0000  0.0144  0.0003  0.0006  0.0005  0.0004  0.0005  0.0017  0.1671  0.0003  0.0000  0.0005  0.0000  0.0000  0.0000
 0.3266  0.0000  0.0732  0.1175  0.1425  0.2873  0.1430  0.2345  1.0000  0.3937  0.5323  0.6712  0.1426  0.0896  0.1795  0.5189  0.1803  0.2477  0.2417  0.0756  0.0000  0.6025  0.0000  0.0000  0.0000
 0.0893  0.0000  0.0008  0.4092  1.0000  0.0008  0.0227  0.0191  0.0029  0.0980  0.0046  0.0697  0.0076  0.0209  0.3415  0.0298  0.0687  0.0851  0.0044  0.0003  0.0000  0.0006  0.0000  0.0000  0.0000
 1.0000  0.0000  0.0505  0.2297  0.4044  0.0355  0.1423  0.0560  0.1040  0.3499  0.6698  0.0448  0.1935  0.1041  0.2202  0.1930  0.3453  0.2212  0.1473  0.0107  0.0000  0.0377  0.0000  0.0000  0.0000
 0.6183  0.0000  0.0170  0.0578  0.0053  0.0072  0.0009  0.0013  0.7858  0.0055  0.1612  1.0000  0.0027  0.0072  0.0040  0.0033  0.0054  0.0245  0.3544  0.0010  0.0000  0.0022  0.0000  0.0000  0.0000
 0.1476  0.0000  0.0017  1.0000  0.3858  0.0015  0.0719  0.0186  0.0058  0.0487  0.0093  0.0033  0.7648  0.0085  0.3241  0.0636  0.1629  0.1954  0.0088  0.0005  0.0000  0.0012  0.0000  0.0000  0.0000
 0.8798  0.0000  0.0381  0.3074  0.0576  0.0107  0.1678  0.0382  0.0109  0.0588  0.0179  0.0080  1.0000  0.0507  0.0402  0.0319  0.3320  0.1585  0.0238  0.0054  0.0000  0.0215  0.0000  0.0000  0.0000
 0.7351  0.0000  0.0012  0.0009  0.0011  0.0005  1.0000  0.0002  0.0257  0.0503  0.0012  0.0005  0.0008  0.0030  0.0008  0.0009  0.0062  0.0259  0.0282  0.0002  0.0000  0.0003  0.0000  0.0000  0.0000
 0.0017  0.0000  0.0003  1.0000  0.0158  0.0002  0.0007  0.0003  0.0049  0.0009  0.0005  0.0002  0.0015  0.0009  0.0008  0.0005  0.1100  0.1420  0.0007  0.0001  0.0000  0.0002  0.0000  0.0000  0.0000
 0.0232  0.0000  0.0053  0.0058  0.0075  0.9384  0.0808  0.0133  1.0000  0.0084  0.1119  0.0098  0.0498  0.0054  0.0075  0.0485  0.0111  0.0130  0.9142  0.0051  0.0000  0.1803  0.0000  0.0000  0.0000
 0.0010  0.0000  0.0000  1.0000  0.3191  0.0001  0.0136  0.0003  0.0001  0.0011  0.0002  0.0001  0.0010  0.0006  0.0120  0.0127  0.0320  0.0005  0.0002  0.0001  0.0000  0.0002  0.0000  0.0000  0.0000
 0.8995  0.0000  0.0441  0.0803  0.1462  0.0035  0.9980  0.0080  0.0528  0.1579  0.0878  0.0069  1.0000  0.0178  0.1122  0.0340  0.2137  0.2348  0.0186  0.0012  0.0000  0.0148  0.0000  0.0000  0.0000
 0.0122  0.0000  0.0021  0.0256  0.0082  0.0017  0.0208  0.0057  0.0018  0.0086  0.0263  0.0013  0.1437  0.0062  0.0057  0.0048  0.2242  0.0144  0.0029  0.0008  0.0000  1.0000  0.0000  0.0000  0.0000
 0.6856  0.0000  0.0398  0.4978  0.7595  0.0411  1.0000  0.0907  0.3377  0.7103  0.3424  0.1129  0.3555  0.1977  0.4218  0.3762  0.6617  0.9567  0.2974  0.0138  0.0000  0.0349  0.0000  0.0000  0.0000
 0.0128  0.0000  0.0013  0.0049  1.0000  0.0024  0.0082  0.0098  0.0050  0.8565  0.0112  0.0038  0.0115  0.0095  0.0266  0.1385  0.0206  0.4980  0.0117  0.0018  0.0000  0.0050  0.0000  0.0000  0.0000
 0.0399  0.0000  0.0009  0.0004  0.0009  0.9058  0.0007  0.0007  1.0000  0.0012  0.2153  0.0656  0.0009  0.0015  0.0019  0.0012  0.0010  0.0021  0.0102  0.0012  0.0000  0.0013  0.0000  0.0000  0.0000
 0.0782  0.0000  0.8579  0.0018  0.0045  0.0074  0.0014  0.0010  1.0000  0.0049  0.2489  0.0101  0.0025  0.0058  0.0033  0.0031  0.0048  0.0207  0.3505  0.0010  0.0000  0.0027  0.0000  0.0000  0.0000
 0.5142  0.0000  0.0180  1.0000  0.0246  0.0086  0.0489  0.0100  0.0212  0.0323  0.0223  0.0118  0.0605  0.0449  0.0248  0.0204  0.3880  0.8455  0.0380  0.0051  0.0000  0.0096  0.0000  0.0000  0.0000
 1.0000  0.0000  0.0191  0.0084  0.0153  0.0091  0.0273  0.0038  0.1017  0.0162  0.0522  0.0169  0.0110  0.7495  0.0120  0.0099  0.0847  0.1017  0.2230  0.0021  0.0000  0.0039  0.0000  0.0000  0.0000
 0.3818  0.0000  0.0483  0.6072  0.4422  0.0429  0.6496  0.2077  0.0879  0.4432  0.1334  0.0580  0.6390  0.1773  0.2946  0.2381  0.6740  1.0000  0.1352  0.0189  0.0000  0.0673  0.0000  0.0000  0.0000
 0.0024  0.0000  0.0006  0.0003  0.0006  0.0547  0.0535  0.0004  0.1305  0.0009  1.0000  0.9170  0.0006  0.0009  0.0011  0.0008  0.0007  0.0016  0.2910  0.0007  0.0000  0.0009  0.0000  0.0000  0.0000
 0.1484  0.0000  0.0328  0.3888  0.1340  0.0232  0.2750  0.7321  0.0321  0.1672  0.0419  0.0187  0.5352  0.0988  0.1156  0.1009  0.4488  1.0000  0.0507  0.0134  0.0000  0.0495  0.0000  0.0000  0.0000
 0.5490  0.0000  0.1833  0.2140  0.2873  0.6986  0.3385  0.5396  0.3967  0.3109  0.6923  0.2483  0.3128  0.2072  0.3010  0.3949  0.4638  0.4019  0.5040  0.1837  0.0000  1.0000  0.0000  0.0000  0.0000
 0.2283  0.0000  0.0775  0.1092  0.1328  1.0000  0.1604  0.5015  0.1722  0.2096  0.3025  0.0973  0.5771  0.0963  0.1674  0.1947  0.1922  0.1796  0.2199  0.0808  0.0000  0.4700  0.0000  0.0000  0.0000
 0.0109  0.0000  0.0005  0.0519  1.0000  0.0013  0.0534  0.0046  0.0020  0.6417  0.0042  0.0015  0.0090  0.0071  0.0165  0.5660  0.0075  0.0065  0.0032  0.0008  0.0000  0.0023  0.0000  0.0000  0.0000
 0.1494  0.0000  0.0333  0.0114  0.0285  0.1665  0.0120  0.0150  0.4119  0.0335  1.0000  0.2287  0.0206  0.1012  0.0402  0.0274  0.0296  0.0996  0.3896  0.0199  0.0000  0.0229  0.0000  0.0000  0.0000
 0.0244  0.0000  0.0000  0.1305  1.0000  0.0192  0.0006  0.0004  0.0002  0.0223  0.0004  0.0002  0.0007  0.0011  0.0023  0.0259  0.0009  0.0008  0.0004  0.0001  0.0000  0.0002  0.0000  0.0000  0.0000
 1.0000  0.0000  0.0450  0.3668  0.4493  0.0336  0.3314  0.0854  0.0879  0.6205  0.1524  0.0553  0.3557  0.2038  0.2923  0.7986  0.5117  0.2983  0.1553  0.0139  0.0000  0.0385  0.0000  0.0000  0.0000
 0.2654  0.0000  0.0382  0.6108  0.8133  0.2041  0.2464  0.1129  0.3327  0.2292  1.0000  0.2223  0.3628  0.1500  0.2529  0.1046  0.2358  0.1665  0.2261  0.0374  0.0000  0.0969  0.0000  0.0000  0.0000
 0.1171  0.0000  0.0037  0.3600  1.0000  0.0065  0.8514  0.0177  0.0078  0.0628  0.0150  0.0062  0.0471  0.0415  0.0776  0.0188  0.0487  0.0315  0.0166  0.0030  0.0000  0.0094  0.0000  0.0000  0.0000
 0.0019  0.0000  0.0005  0.0216  0.0027  0.0006  0.0061  0.4472  0.0003  0.0033  0.0079  0.0002  1.0000  0.0015  0.0141  0.0080  0.0048  0.0342  0.0005  0.0002  0.0000  0.0066  0.0000  0.0000  0.0000
 0.0007  0.0000  0.0002  0.0185  0.0002  0.0018  0.0001  0.0001  0.0141  0.0002  1.0000  0.0080  0.0002  0.0003  0.0232  0.0002  0.0002  0.0004  0.0053  0.0230  0.0000  0.0002  0.0000  0.0000  0.0000
 0.0568  0.0000  0.0198  0.0230  0.0639  0.3481  0.0369  0.0978  0.1564  0.0325  0.1658  0.0248  0.0344  0.0229  0.0329  0.0586  0.0448  0.0438  1.0000  0.0622  0.0000  0.5222  0.0000  0.0000  0.0000
 0.2043  0.0000  0.0030  0.0335  1.0000  0.0030  0.0211  0.0622  0.0105  0.5287  0.0175  0.0061  0.0275  0.0158  0.0461  0.1179  0.2292  0.1948  0.0572  0.0012  0.0000  0.0028  0.0000  0.0000  0.0000
 1.0000  0.0000  0.0015  0.0044  0.0471  0.0008  0.8688  0.0106  0.0010  0.0296  0.0349  0.0009  0.0032  0.0045  0.0035  0.0048  0.0085  0.0036  0.0028  0.0003  0.0000  0.0009  0.0000  0.0000  0.0000
 0.0673  0.0000  0.0080  0.0088  0.0120  1.0000  0.0141  0.0449  0.2174  0.0128  0.2118  0.5405  0.0133  0.0540  0.0232  0.0511  0.0174  0.0278  0.0516  0.0080  0.0000  0.0427  0.0000  0.0000  0.0000
 0.0230  0.0000  0.0002  1.0000  0.1920  0.0004  0.0031  0.0308  0.0006  0.0138  0.0011  0.0004  0.0355  0.0024  0.3842  0.0018  0.1588  0.0113  0.0011  0.0002  0.0000  0.0006  0.0000  0.0000  0.0000
 0.0252  0.0000  0.0002  0.0001  0.0001  1.0000  0.0001  0.0000  0.0009  0.0000  0.0021  0.0004  0.0000  0.0002  0.0000  0.0000  0.0003  0.0002  0.0008  0.0193  0.0000  0.5339  0.0000  0.0000  0.0000
 0.1305  0.0000  0.0401  0.0801  0.0625  0.1906  0.3833  1.0000  0.1468  0.1131  0.1668  0.0500  0.1219  0.0464  0.1682  0.0791  0.1248  0.0890  0.1282  0.0419  0.0000  0.2404  0.0000  0.0000  0.0000
 0.0111  0.0000  0.0011  0.0025  1.0000  0.0023  0.0080  0.1458  0.0047  0.8396  0.0111  0.0037  0.0228  0.0087  0.0261  0.7198  0.0091  0.0118  0.0062  0.0017  0.0000  0.0192  0.0000  0.0000  0.0000
 0.0000  0.0000  0.0000  0.0000  0.0000  1.0000  0.0000  0.0000  0.0000  0.0000  0.0000  0.0000  0.0000  0.0000  0.0000  0.0000  0.0000  0.0000  0.0000  0.0000  0.0000  0.0000  0.0000  0.0000  0.0000
 0.0236  0.0000  0.0081  0.1999  0.0098  0.0799  0.0132  0.0124  0.6312  0.0121  0.1996  0.0303  0.0278  0.0074  0.0093  0.0125  0.0143  0.0227  0.2952  0.0069  0.0000  1.0000  0.0000  0.0000  0.0000
 0.3533  0.0000  0.0190  0.0373  0.0215  1.0000  0.0166  0.0172  0.0850  0.1986  0.0665  0.0198  0.0244  0.0263  0.0197  0.0185  0.1781  0.1571  0.1528  0.0065  0.0000  0.0277  0.0000  0.0000  0.0000
 0.5575  0.0000  0.0003  1.0000  0.6748  0.0023  0.0095  0.0062  0.0031  0.0264  0.0058  0.0024  0.0105  0.0159  0.0615  0.0069  0.0130  0.0114  0.0060  0.0011  0.0000  0.0031  0.0000  0.0000  0.0000
 0.0450  0.0000  0.0017  0.0066  0.0179  0.0027  0.0112  0.0528  0.0056  0.5638  0.0123  0.0042  1.0000  0.0106  0.0968  0.0842  0.0321  0.5742  0.0076  0.0020  0.0000  0.0057  0.0000  0.0000  0.0000
 0.1666  0.0000  0.0107  0.0120  0.0157  0.0444  0.0828  0.0290  0.1885  0.0172  1.0000  0.2802  0.0177  0.0123  0.0167  0.0200  0.2410  0.0919  0.3114  0.0107  0.0000  0.1104  0.0000  0.0000  0.0000
 0.0507  0.0000  0.0130  0.0064  0.0131  0.1429  0.0753  0.0107  0.2632  0.0173  1.0000  0.1644  0.0125  0.0615  0.0260  0.0173  0.0150  0.0290  0.1363  0.0413  0.0000  0.0219  0.0000  0.0000  0.0000
 0.4686  0.0000  0.0624  0.5768  0.2028  0.2645  0.6861  0.9048  0.0567  0.2029  0.1037  0.0384  0.7221  0.2325  0.1614  0.1268  1.0000  0.2050  0.0984  0.0312  0.0000  0.1562  0.0000  0.0000  0.0000
 0.1834  0.0000  0.0332  0.0359  0.1731  0.2014  0.1025  0.1397  0.3620  0.9256  1.0000  0.2687  0.1369  0.1147  0.2900  0.6797  0.1222  0.1631  0.2271  0.0430  0.0000  0.1226  0.0000  0.0000  0.0000
 0.0457  0.0000  0.0027  0.0038  0.0046  0.0100  0.0313  0.0463  0.0107  0.0051  0.0095  0.0033  1.0000  0.0036  0.0048  0.0957  0.1765  0.1379  0.0282  0.0027  0.0000  0.0268  0.0000  0.0000  0.0000
 0.0357  0.0000  0.1315  0.0164  0.0344  0.0059  0.0196  0.0283  0.0127  1.0000  0.0225  0.0083  0.3682  0.0302  0.0459  0.3760  0.4423  0.1371  0.0684  0.0037  0.0000  0.0101  0.0000  0.0000  0.0000
 0.6468  0.0000  0.0461  0.5747  0.8652  0.0445  0.3257  0.1053  0.2272  1.0000  0.3568  0.1027  0.4321  0.2349  0.5130  0.4770  0.6298  0.5247  0.2871  0.0152  0.0000  0.0352  0.0000  0.0000  0.0000
 0.2100  0.0000  0.0035  0.3488  1.0000  0.0114  0.0447  0.0282  0.0444  0.1236  0.0326  0.0128  0.0499  0.3702  0.1807  0.0356  0.0658  0.0819  0.0486  0.0051  0.0000  0.0142  0.0000  0.0000  0.0000
 0.0941  0.0000  0.0230  0.0107  0.0213  0.0596  0.0167  0.0051  1.0000  0.1518  0.4189  0.0725  0.0155  0.0210  0.0172  0.2466  0.0244  0.1050  0.9146  0.0077  0.0000  0.0248  0.0000  0.0000  0.0000
 0.0252  0.0000  0.0016  0.1354  1.0000  0.0029  0.0276  0.7298  0.0029  0.0278  0.0056  0.0022  0.3630  0.0164  0.0520  0.0093  0.0252  0.0145  0.0054  0.0014  0.0000  0.0055  0.0000  0.0000  0.0000
 0.0566  0.0000  0.0067  0.4632  0.3612  0.0059  0.0302  0.0134  0.0114  0.0426  0.0140  0.0067  0.0523  0.0324  0.0471  0.0164  0.1664  1.0000  0.0193  0.0033  0.0000  0.0083  0.0000  0.0000  0.0000
 0.2595  0.0000  0.0485  0.0969  0.0860  0.0517  0.0721  0.1656  0.1178  0.1470  0.0987  0.0432  0.1768  0.1103  0.0943  0.1073  0.6494  1.0000  0.1587  0.0213  0.0000  0.0671  0.0000  0.0000  0.0000
 0.0018  0.0000  0.0005  0.0002  0.0005  0.0048  0.0004  0.0003  1.0000  0.0006  0.8626  0.1617  0.0005  0.0007  0.0009  0.0006  0.0005  0.0012  0.0237  0.0006  0.0000  0.0007  0.0000  0.0000  0.0000
 0.0186  0.0000  0.0015  0.0016  0.0022  0.2515  0.0026  0.0113  0.0971  0.0024  1.0000  0.0299  0.0024  0.0019  0.0027  0.0028  0.0031  0.0034  0.1106  0.0368  0.0000  0.1112  0.0000  0.0000  0.0000
 0.6285  0.0000  0.0121  0.1862  0.2126  0.0101  0.1232  0.0862  0.0138  0.1644  0.0221  0.0087  1.0000  0.0444  0.0614  0.0565  0.2432  0.1411  0.0222  0.0053  0.0000  0.0210  0.0000  0.0000  0.0000
 0.7442  0.0000  0.0014  0.0012  0.0014  0.0006  0.0082  0.0003  0.0007  0.0015  0.0015  0.0006  0.0010  1.0000  0.0010  0.0012  0.0070  0.0024  0.0024  0.0003  0.0000  0.0005  0.0000  0.0000  0.0000
 0.0853  0.0000  0.0093  0.0365  0.1166  0.8155  0.0722  1.0000  0.0356  0.6949  0.0830  0.0275  0.1365  0.0663  0.1917  0.4984  0.0804  0.1618  0.0474  0.0135  0.0000  0.0413  0.0000  0.0000  0.0000
 0.2385  0.0000  0.0266  0.1652  0.3768  0.0154  0.0965  0.0571  0.1196  0.2669  0.0782  0.0416  0.1250  0.0694  0.3417  0.1605  0.5059  0.1611  1.0000  0.0051  0.0000  0.0137  0.0000  0.0000  0.0000
 0.0021  0.0000  0.0006  0.0086  0.0016  0.0281  0.0020  1.0000  0.0014  0.0028  0.0024  0.0008  0.0025  0.0010  0.0404  0.0447  0.0021  0.0017  0.0018  0.0006  0.0000  0.5418  0.0000  0.0000  0.0000
 0.0237  0.0000  0.0067  0.0042  0.1280  1.0000  0.0688  0.0063  0.2579  0.0093  0.9977  0.1797  0.0431  0.0092  0.0113  0.0093  0.0087  0.0166  0.5012  0.0074  0.0000  0.0139  0.0000  0.0000  0.0000
 0.0725  0.0000  0.0206  0.0343  0.0197  0.1763  0.0212  0.0108  0.7575  0.0275  1.0000  0.2159  0.0192  0.0260  0.0303  0.0258  0.0243  0.0555  0.6064  0.0207  0.0000  0.0332  0.0000  0.0000  0.0000
 0.0075  0.0000  0.0007  0.0018  0.0156  0.0015  1.0000  0.0066  0.0031  0.6032  0.0074  0.0024  0.0217  0.0058  0.0271  0.0777  0.0063  0.0738  0.0223  0.0012  0.0000  0.0033  0.0000  0.0000  0.0000
 0.0009  0.0000  0.0001  1.0000  0.3902  0.0001  0.0012  0.0004  0.0001  0.0086  0.0002  0.0001  0.0233  0.0006  0.0011  0.0004  0.0273  0.0006  0.0002  0.0001  0.0000  0.0002  0.0000  0.0000  0.0000
 0.1157  0.0000  0.0173  1.0000  0.5038  0.0056  0.8764  0.1260  0.0210  0.2050  0.0339  0.0119  0.5228  0.0309  0.1585  0.1015  0.2494  0.1276  0.0321  0.0019  0.0000  0.0043  0.0000  0.0000  0.0000
 0.4897  0.0000  0.0010  0.0008  0.0009  0.0004  0.0667  0.0002  0.0005  0.0010  0.0009  0.0004  0.0007  0.0024  0.0007  0.0007  1.0000  0.0256  0.0156  0.0001  0.0000  0.0003  0.0000  0.0000  0.0000
 0.6001  0.0000  0.0006  0.0004  0.0005  0.0002  1.0000  0.0001  0.0002  0.0005  0.0005  0.0002  0.0004  0.0014  0.0004  0.0004  0.0028  0.0095  0.0009  0.0001  0.0000  0.0002  0.0000  0.0000  0.0000
 0.2911  0.0000  0.4853  0.0999  0.1293  0.4852  0.1696  0.2472  0.2476  0.1395  0.4554  0.1354  0.1455  0.1080  0.1384  0.1610  0.2013  0.2017  0.3198  0.0924  0.0000  1.0000  0.0000  0.0000  0.0000
 0.0002  0.0000  0.0001  0.0000  0.0057  0.0003  0.0001  0.0000  1.0000  0.0001  0.0227  0.0003  0.0001  0.0000  0.0000  0.0001  0.0001  0.0002  0.0332  0.0000  0.0000  0.0001  0.0000  0.0000  0.0000
 0.5463  0.0000  0.0221  0.0012  0.0714  0.0004  0.0032  0.0003  0.0009  0.0013  0.0010  0.0005  0.0019  0.0077  0.0010  0.0009  0.0734  1.0000  0.0018  0.0002  0.0000  0.0004  0.0000  0.0000  0.0000
 0.2075  0.0000  0.0547  0.0634  0.0843  0.2274  0.1018  0.1937  0.4725  0.1436  0.2153  0.1739  0.0949  0.1130  0.1384  0.2804  0.1370  0.1750  0.3965  0.0572  0.0000  1.0000  0.0000  0.0000  0.0000
 0.1057  0.0000  0.0323  0.5623  0.2450  0.1280  0.0464  0.0520  1.0000  0.0621  0.3642  0.0887  0.0402  0.0312  0.0365  0.0466  0.0559  0.1127  0.8886  0.0235  0.0000  0.1194  0.0000  0.0000  0.0000
 0.0027  0.0000  0.0149  0.0010  1.0000  0.0005  0.0019  0.0021  0.0010  0.0343  0.0024  0.0008  0.0024  0.0020  0.0057  0.5711  0.0021  0.0026  0.0014  0.0004  0.0000  0.0011  0.0000  0.0000  0.0000
 0.0003  0.0000  0.0001  0.0000  0.0001  0.0008  0.0001  0.0001  0.0697  0.0001  1.0000  0.0009  0.0001  0.0001  0.0001  0.0001  0.0001  0.0002  0.0242  0.0001  0.0000  0.0001  0.0000  0.0000  0.0000
 0.1347  0.0000  0.0124  0.0562  0.7602  0.0232  0.0858  0.1013  0.0817  0.7698  0.1123  0.0378  0.1187  0.0926  0.9809  0.7150  0.2442  1.0000  0.0693  0.0166  0.0000  0.0468  0.0000  0.0000  0.0000
 0.0259  0.0000  0.0004  0.0049  0.1438  0.0004  0.0225  0.0693  0.0015  0.0459  0.0330  0.0008  0.0154  0.0022  1.0000  0.0042  0.0863  0.0301  0.0194  0.0001  0.0000  0.0003  0.0000  0.0000  0.0000
 1.0000  0.0000  0.0593  0.0583  0.0892  0.1948  0.2223  0.1092  0.0873  0.0804  0.1502  0.0598  0.0751  0.1020  0.0735  0.0847  0.2731  0.1193  0.1488  0.0394  0.0000  0.4926  0.0000  0.0000  0.0000
 0.0574  0.0000  0.6407  0.0045  0.0097  0.0650  0.0063  0.0050  0.6699  0.0121  1.0000  0.5210  0.0078  0.0139  0.0137  0.0104  0.0107  0.0318  0.3750  0.0300  0.0000  0.0108  0.0000  0.0000  0.0000
 0.1742  0.0000  0.0045  1.0000  0.4327  0.0042  0.1136  0.0225  0.0404  0.5960  0.0252  0.0207  0.0909  0.0230  0.0706  0.2223  0.1090  0.1324  0.0702  0.0014  0.0000  0.0032  0.0000  0.0000  0.0000
 0.2123  0.0000  0.0075  0.1553  1.0000  0.0070  0.3700  0.0403  0.0261  0.5063  0.0422  0.0148  0.1374  0.0763  0.1847  0.1188  0.2610  0.1161  0.0610  0.0024  0.0000  0.0053  0.0000  0.0000  0.0000
 0.5003  0.0000  0.1748  0.2113  0.2766  0.7460  0.3261  0.5518  0.3774  0.2982  0.6278  0.2224  0.3312  0.1981  0.3555  0.3380  0.4145  0.3872  0.4819  0.1764  0.0000  1.0000  0.0000  0.0000  0.0000
 0.0010  0.0000  0.0002  0.0031  0.0011  0.0004  1.0000  0.0086  0.0096  0.0014  0.0005  0.0035  0.1496  0.0006  0.0008  0.0052  0.0229  0.0009  0.0004  0.0002  0.0000  0.0094  0.0000  0.0000  0.0000
 0.1643  0.0000  0.0512  0.1759  0.2570  0.1987  0.1035  0.2660  0.3856  0.1092  0.5924  1.0000  0.1006  0.0653  0.1217  0.5337  0.1937  0.1620  0.2062  0.0589  0.0000  0.2823  0.0000  0.0000  0.0000
 0.3852  0.0000  0.0355  0.2585  0.4667  0.0063  0.5283  0.0153  0.0236  0.1370  0.0381  0.0133  0.0750  1.0000  0.0743  0.0902  0.1757  0.1733  0.0536  0.0022  0.0000  0.0048  0.0000  0.0000  0.0000
 0.6314  0.0000  0.0375  1.0000  0.7232  0.0274  0.2093  0.2600  0.1339  0.7473  0.1661  0.0582  0.2853  0.1510  0.3762  0.8637  0.4446  0.3751  0.1805  0.0094  0.0000  0.0208  0.0000  0.0000  0.0000
 0.1183  0.0000  0.0194  0.1235  0.0400  0.0206  0.0082  0.0098  0.0370  0.0265  0.0495  0.0248  0.0270  0.0167  0.0092  0.0134  0.1571  1.0000  0.3217  0.0032  0.0000  0.0264  0.0000  0.0000  0.0000
 0.3977  0.0000  0.1654  0.1398  0.1858  0.5086  0.2244  0.6385  1.0000  0.2200  0.6584  0.2707  0.2337  0.1390  0.2674  0.3411  0.4964  0.3755  0.3993  0.1260  0.0000  0.6929  0.0000  0.0000  0.0000
 0.1715  0.0000  0.0093  0.2740  0.2679  0.0088  0.0665  0.0340  0.1139  0.6928  0.3733  0.0335  0.1292  0.0480  1.0000  0.1379  0.1405  0.1180  0.0728  0.0030  0.0000  0.0067  0.0000  0.0000  0.0000
 0.1104  0.0000  0.0005  0.4442  1.0000  0.0019  0.0083  0.0426  0.0029  0.0219  0.0147  0.0021  0.0097  0.0126  0.0528  0.0065  0.6500  0.0919  0.0054  0.0009  0.0000  0.0025  0.0000  0.0000  0.0000
 0.2083  0.0000  0.0104  0.4751  1.0000  0.0233  0.0611  0.0413  0.1540  0.1760  0.0872  0.0300  0.0694  0.1101  0.2299  0.0487  0.0893  0.1022  0.1780  0.0083  0.0000  0.0230  0.0000  0.0000  0.0000
 0.0667  0.0000  0.0179  0.0094  0.3047  0.1260  0.0160  0.0080  1.0000  0.0222  0.7637  0.2075  0.0150  0.0213  0.0227  0.0199  0.0199  0.0516  0.5243  0.0149  0.0000  0.0252  0.0000  0.0000  0.0000
 0.3159  0.0000  0.0054  0.1263  0.1284  0.0051  0.0958  0.0244  0.2348  0.4571  0.0946  0.0590  0.1839  0.0280  0.1221  0.1642  0.5686  1.0000  0.0371  0.0017  0.0000  0.0039  0.0000  0.0000  0.0000
 0.0116  0.0000  0.0071  0.2709  1.0000  0.0013  0.0077  0.0042  0.0017  0.0307  0.0034  0.0013  0.0104  0.0073  0.0158  0.9702  0.0082  0.0062  0.0029  0.0007  0.0000  0.0021  0.0000  0.0000  0.0000
 0.0590  0.0000  0.0003  0.0001  0.0002  0.0003  0.0001  0.0000  0.1780  0.0002  0.0015  0.0004  0.0001  0.0003  0.0001  0.0001  0.0002  0.0009  1.0000  0.0000  0.0000  0.0001  0.0000  0.0000  0.0000
 0.2277  0.0000  0.2189  1.0000  0.2431  0.1991  0.8960  0.1715  0.1545  0.2268  0.2866  0.0604  0.2368  0.4876  0.1733  0.2925  0.1813  0.2054  0.1913  0.4832  0.0000  0.2114  0.0000  0.0000  0.0000
 0.3825  0.0000  0.0640  0.0945  0.1567  0.2486  0.1626  0.8240  0.1648  0.1587  0.2749  0.0812  0.1256  0.0815  1.0000  0.1412  0.2721  0.8065  0.2273  0.0655  0.0000  0.3968  0.0000  0.0000  0.0000
 0.0096  0.0000  0.0020  1.0000  0.0147  0.0020  0.0291  0.0100  0.0016  0.1926  0.0036  0.0012  0.1359  0.0078  0.0119  0.4061  0.0226  0.0102  0.0023  0.0011  0.0000  0.0051  0.0000  0.0000  0.0000
 0.0222  0.0000  0.0036  0.0602  0.0320  0.0046  0.0443  0.1480  0.0063  0.3207  0.0147  0.0049  1.0000  0.0214  0.0388  0.6597  0.0372  0.0286  0.0086  0.0030  0.0000  0.0110  0.0000  0.0000  0.0000
 0.0005  0.0000  0.0001  1.0000  0.0085  0.0001  0.0144  0.0100  0.0000  0.0180  0.0001  0.0000  0.0382  0.0004  0.0121  0.0003  0.0011  0.0004  0.0001  0.0000  0.0000  0.0002  0.0000  0.0000  0.0000
 0.0202  0.0000  0.0001  0.0191  0.0006  0.0001  1.0000  0.0004  0.0000  0.0006  0.0001  0.0000  0.0654  0.0004  0.0004  0.0003  0.0166  0.0004  0.0001  0.0000  0.0000  0.0002  0.0000  0.0000  0.0000
 0.0015  0.0000  0.0001  0.0003  0.0021  0.0003  0.0011  0.0014  0.0007  0.6225  0.0058  0.0005  0.0450  0.0012  0.1216  1.0000  0.0249  0.0338  0.0303  0.0002  0.0000  0.0007  0.0000  0.0000  0.0000
 0.0128  0.0000  0.0130  0.0153  0.0099  0.0591  0.0374  0.0074  1.0000  0.0077  0.0347  0.0076  0.0082  0.0196  0.0072  0.0122  0.0080  0.0107  0.0170  0.5411  0.0000  0.0516  0.0000  0.0000  0.0000
 0.0078  0.0000  0.0008  0.0125  1.0000  0.0047  0.0021  0.0016  0.0537  0.0063  0.1816  0.0059  0.0024  0.0038  0.3159  0.0027  0.0032  0.0174  0.0088  0.0007  0.0000  0.0012  0.0000  0.0000  0.0000
 0.1012  0.0000  0.0352  0.0109  0.0190  1.0000  0.0146  0.0451  0.1184  0.0199  0.0915  0.0263  0.4498  0.0222  0.0174  0.0169  0.0265  0.0607  0.1698  0.0072  0.0000  0.0323  0.0000  0.0000  0.0000
 0.0998  0.0000  0.1685  0.0003  0.0009  0.0006  0.0001  0.0002  0.0584  0.0009  0.0040  0.0012  0.0004  0.0013  0.0007  0.0005  0.0173  0.0621  1.0000  0.0001  0.0000  0.0002  0.0000  0.0000  0.0000
 1.0000  0.0000  0.0459  0.2656  0.2980  0.0282  0.2083  0.4940  0.0625  0.1673  0.0732  0.0385  0.2607  0.1364  0.1257  0.0992  0.5208  0.6823  0.1219  0.0145  0.0000  0.0382  0.0000  0.0000  0.0000
 0.0009  0.0000  0.0005  0.0001  0.0002  0.4100  0.0001  0.0000  0.0020  0.0000  0.0050  1.0000  0.0000  0.0004  0.0000  0.0000  0.0006  0.0006  0.0664  0.0044  0.0000  0.0991  0.0000  0.0000  0.0000
 0.0755  0.0000  0.0900  0.0995  0.0596  0.0633  0.2406  0.5688  0.0621  0.0429  0.1215  1.0000  0.0574  0.1082  0.0458  0.0783  0.0443  0.0623  0.0716  0.0479  0.0000  0.0646  0.0000  0.0000  0.0000
 0.0138  0.0000  0.1983  0.0024  0.0190  0.0028  0.0301  0.0122  0.0247  0.2286  0.0139  0.0046  0.0133  0.0108  0.2500  1.0000  0.0114  0.0616  0.0078  0.0022  0.0000  0.0062  0.0000  0.0000  0.0000
 0.0817  0.0000  0.0034  0.0617  0.0291  0.0030  0.1323  0.0130  0.0043  0.9485  0.0079  0.0028  0.1237  0.0130  0.0268  0.0494  1.0000  0.0296  0.0068  0.0015  0.0000  0.0063  0.0000  0.0000  0.0000
 0.0537  0.0000  0.0142  0.0006  0.0005  0.0002  1.0000  0.0001  0.0002  0.0005  0.0004  0.0002  0.0364  0.0042  0.0004  0.0122  0.0327  0.0210  0.0007  0.0001  0.0000  0.0002  0.0000  0.0000  0.0000
 0.6105  0.0000  0.0062  0.1787  0.0762  0.0051  0.0814  0.0145  0.0148  0.1253  0.0229  0.0264  1.0000  0.0259  0.0772  0.0401  0.5007  0.1899  0.0229  0.0021  0.0000  0.0062  0.0000  0.0000  0.0000
 0.2645  0.0000  0.0067  0.0071  0.0092  0.0040  0.2047  0.0028  0.0308  0.0231  0.0084  0.1114  0.0070  1.0000  0.0195  0.0079  0.0442  0.0309  0.0292  0.0014  0.0000  0.0041  0.0000  0.0000  0.0000
 1.0000  0.0000  0.0715  0.6686  0.9204  0.0254  0.9467  0.0844  0.0953  0.6593  0.1537  0.0539  0.2520  0.1397  0.3826  0.2671  0.8163  0.6029  0.4410  0.0087  0.0000  0.0193  0.0000  0.0000  0.0000
 1.0000  0.0000  0.0434  0.0554  0.0643  0.0441  0.2132  0.0319  0.4731  0.0713  0.1210  0.0305  0.0661  0.1409  0.1049  0.0527  0.3248  0.3517  0.5240  0.0138  0.0000  0.0520  0.0000  0.0000  0.0000
 0.3480  0.0000  0.0422  0.0872  0.0764  0.0861  0.1898  0.0617  0.1840  0.0744  0.2430  0.0433  0.2194  1.0000  0.0598  0.0632  0.1823  0.1056  0.2896  0.0226  0.0000  0.1073  0.0000  0.0000  0.0000
 0.0000  0.0000  0.0000  0.0000  0.0000  0.0000  0.0000  0.0000  0.0000  0.0000  0.0000  0.0000  0.0000  1.0000  0.0000  0.0000  0.0000  0.0000  0.0000  0.0000  0.0000  0.0000  0.0000  0.0000  0.0000
 0.0216  0.0000  0.0046  0.0904  0.0345  0.0048  0.0642  0.1512  0.0035  0.0438  0.0075  0.0026  1.0000  0.0168  0.3124  0.0283  0.0506  0.0229  0.0053  0.0024  0.0000  0.0116  0.0000  0.0000  0.0000
//
