ID   UNK_ID; MATRIX
AC   UNK_AC
DE   UNK_DE
MA   UNK_BL
  A   B   C   D   E   F   G   H   I   K   L   M   N   P   Q   R   S   T   V   W   X   Y   Z   *   -
 0.0000  0.0000  0.0000  0.0000  0.0000  0.0000  0.0000  0.0000  0.0000  0.0000  0.0000  1.0000  0.0000  0.0000  0.0000  0.0000  0.0000  0.0000  0.0000  0.0000  0.0000  0.0000  0.0000  0.0000  0.0000
 0.0083  0.0000  0.0008  0.0015  0.0114  0.0928  0.0059  0.0073  0.0035  0.4805  0.0084  0.0028  0.0080  0.0065  0.0194  1.0000  0.0067  0.0088  0.0047  0.0013  0.0000  0.0037  0.0000  0.0000  0.0000
 0.2148  0.0000  0.0057  0.0027  0.0056  0.2491  0.0044  0.0044  0.2213  0.0072  1.0000  0.0698  0.0052  0.0091  0.0109  0.0072  0.0064  0.0127  0.0598  0.1198  0.0000  0.0182  0.0000  0.0000  0.0000
 0.5305  0.0000  0.1038  0.0317  0.0764  0.2210  0.0220  0.0486  0.4515  0.0772  0.3530  0.0994  0.0474  0.0971  0.0626  0.0546  0.1240  0.3509  1.0000  0.0186  0.0000  0.0751  0.0000  0.0000  0.0000
 0.4514  0.0000  0.1628  0.3932  0.2867  0.5675  0.4539  0.4756  0.3194  0.3172  0.5303  0.1803  0.5024  0.4692  0.3296  1.0000  0.4316  0.3600  0.4095  0.1910  0.0000  0.8928  0.0000  0.0000  0.0000
 0.8476  0.0000  0.1789  0.1913  0.2620  1.0000  0.3032  0.4962  0.5145  0.2805  0.7492  0.2369  0.2864  0.2060  0.2791  0.5143  0.4278  0.4187  0.8620  0.4599  0.0000  0.9154  0.0000  0.0000  0.0000
 0.0913  0.0000  0.0213  0.0109  0.0221  0.1541  0.0164  0.0185  0.4035  0.1430  1.0000  0.2185  0.0195  0.0295  0.0335  0.1255  0.0250  0.0578  0.3405  0.0184  0.0000  0.0336  0.0000  0.0000  0.0000
 0.2507  0.0000  0.0425  0.0480  0.0653  0.5495  0.0770  0.1613  0.1095  0.1369  1.0000  0.5154  0.0724  0.2413  0.0713  0.1062  0.0944  0.0961  0.3649  0.0436  0.0000  0.2323  0.0000  0.0000  0.0000
 0.4544  0.0000  0.0856  0.2050  0.4328  0.0167  0.1249  0.0571  0.0616  0.8690  0.0994  0.0349  0.1932  0.1385  0.1939  0.5105  1.0000  0.3523  0.0938  0.0058  0.0000  0.0130  0.0000  0.0000  0.0000
 0.6236  0.0000  0.0337  0.5234  1.0000  0.0314  0.2619  0.0767  0.1182  0.9093  0.1906  0.0668  0.7796  0.1734  0.5355  0.6864  0.9081  0.3882  0.1802  0.0108  0.0000  0.0239  0.0000  0.0000  0.0000
 1.0000  0.0000  0.0072  0.1137  0.1658  0.0067  0.2185  0.0164  0.0253  0.2530  0.0407  0.0143  0.0875  0.1734  0.0796  0.2756  0.4441  0.1793  0.0385  0.0023  0.0000  0.0051  0.0000  0.0000  0.0000
 0.3038  0.0000  0.0144  0.0045  0.0112  0.0642  0.0033  0.0031  0.5288  0.0121  0.8738  0.0453  0.0064  0.0145  0.0086  0.0078  0.1132  0.1063  1.0000  0.0028  0.0000  0.0071  0.0000  0.0000  0.0000
 0.8482  0.0000  0.1482  0.3076  0.4044  0.5872  0.3242  0.4355  0.5043  0.4033  0.5938  0.5136  0.3874  1.0000  0.3390  0.3814  0.6184  0.5730  0.5859  0.1440  0.0000  0.7688  0.0000  0.0000  0.0000
 0.1230  0.0000  0.0061  0.3895  0.6606  0.0057  0.1907  0.0139  0.0214  1.0000  0.0345  0.0121  0.0964  0.0314  0.0871  0.3274  0.1639  0.0887  0.0326  0.0020  0.0000  0.0043  0.0000  0.0000  0.0000
 0.6036  0.0000  0.1072  0.5465  1.0000  0.3469  0.3377  0.4040  0.2946  0.6662  0.5593  0.3948  0.4073  0.2287  0.7199  0.4176  0.5436  0.6909  0.3700  0.0932  0.0000  0.5570  0.0000  0.0000  0.0000
 0.0016  0.0000  0.0006  0.0004  0.0005  0.0329  0.0008  0.0000  1.0000  0.0008  0.4462  0.0029  0.0005  0.0003  0.0003  0.0006  0.0008  0.0019  0.8655  0.0004  0.0000  0.0012  0.0000  0.0000  0.0000
 0.2694  0.0000  0.0154  0.9015  1.0000  0.0685  0.1903  0.1935  0.0450  0.2623  0.0733  0.0254  0.1343  0.0526  0.2288  0.4051  0.1337  0.1071  0.0649  0.0099  0.0000  0.1883  0.0000  0.0000  0.0000
 0.3158  0.0000  0.0997  0.1160  0.1619  0.8864  0.1892  1.0000  0.2489  0.3289  0.4215  0.1261  0.1783  0.1196  0.1801  0.8314  0.2297  0.2261  0.2852  0.1046  0.0000  0.6534  0.0000  0.0000  0.0000
 0.0087  0.0000  0.0435  0.0035  0.0047  0.3683  0.0057  0.0314  0.0068  0.0050  0.0214  0.0038  0.0053  0.0035  0.0051  0.0060  0.0611  0.0067  0.0087  0.3314  0.0000  1.0000  0.0000  0.0000  0.0000
 0.4375  0.0000  0.0066  0.0051  0.0059  0.0025  0.3422  0.0011  0.0028  0.0064  0.0063  0.0030  0.0044  0.0165  0.0044  0.0046  1.0000  0.0115  0.0108  0.0009  0.0000  0.0019  0.0000  0.0000  0.0000
 0.7070  0.0000  0.1637  0.5473  0.8929  0.0966  0.4466  0.1204  0.1726  1.0000  0.3089  0.0977  0.4586  0.2436  0.6521  0.7890  0.8265  0.5074  0.2605  0.0199  0.0000  0.0597  0.0000  0.0000  0.0000
 0.0081  0.0000  0.0023  0.0024  0.0046  1.0000  0.0043  0.0065  0.0155  0.0956  0.1159  0.2214  0.0045  0.0037  0.0065  0.0325  0.0053  0.0061  0.0115  0.0026  0.0000  0.1626  0.0000  0.0000  0.0000
 0.0798  0.0000  0.0088  0.0401  0.0985  0.0131  0.0555  0.0510  0.0289  0.8344  0.0606  0.0208  0.4383  0.3615  0.2805  0.3870  1.0000  0.1535  0.0401  0.0092  0.0000  0.0258  0.0000  0.0000  0.0000
 0.3093  0.0000  0.0072  0.0075  0.0102  0.0028  0.0405  0.0016  0.0036  0.0090  0.0075  0.0034  0.0054  1.0000  0.5109  0.0063  0.0369  0.0132  0.0125  0.0011  0.0000  0.0023  0.0000  0.0000  0.0000
 0.0053  0.0000  0.0011  0.0022  0.0014  0.0005  0.0016  0.0006  0.0015  0.0021  0.0283  0.0008  0.0039  0.0026  0.0016  0.0013  1.0000  0.7374  0.0025  0.0003  0.0000  0.0006  0.0000  0.0000  0.0000
 0.7701  0.0000  0.1169  0.0657  0.0676  0.0278  1.0000  0.0146  0.0317  0.0733  0.0700  0.0329  0.0601  0.9685  0.0504  0.0521  0.4288  0.1302  0.1197  0.0102  0.0000  0.0222  0.0000  0.0000  0.0000
 0.0036  0.0000  0.0009  0.0004  0.0009  0.0083  0.0006  0.0006  0.0170  0.0011  1.0000  0.0281  0.0008  0.0014  0.0016  0.0011  0.0009  0.0022  0.6566  0.0010  0.0000  0.0011  0.0000  0.0000  0.0000
 0.0020  0.0000  0.0004  0.0007  0.0005  0.0002  0.0008  0.0002  0.0005  0.0007  0.0005  0.0002  0.0012  0.0009  0.0005  0.0004  1.0000  0.0634  0.0008  0.0001  0.0000  0.0002  0.0000  0.0000  0.0000
 0.0035  0.0000  0.0009  0.0004  0.0009  0.0096  0.0007  0.0007  0.7964  0.0012  1.0000  0.6661  0.0009  0.0015  0.0018  0.0012  0.0010  0.0021  0.0102  0.0011  0.0000  0.0012  0.0000  0.0000  0.0000
 0.0021  0.0000  0.0002  0.0004  0.0517  0.0004  0.0015  0.0019  0.0009  1.0000  0.0021  0.0007  0.0020  0.0017  0.0845  0.5376  0.0017  0.0023  0.0012  0.0003  0.0000  0.0009  0.0000  0.0000  0.0000
 0.0269  0.0000  0.0029  0.0169  0.0407  0.0058  0.0245  0.0433  0.0106  0.1890  0.0249  0.0082  0.0352  0.0208  1.0000  0.1413  0.0255  0.0280  0.0142  0.0041  0.0000  0.3610  0.0000  0.0000  0.0000
 0.0048  0.0000  0.0021  0.0007  0.0012  1.0000  0.0008  0.0003  0.0145  0.0005  0.1850  0.7907  0.0003  0.0019  0.0007  0.0005  0.0028  0.0030  0.0108  0.0174  0.0000  0.1932  0.0000  0.0000  0.0000
 0.0052  0.0000  0.0013  0.0006  0.0011  0.0070  0.0009  0.0005  0.2672  0.0015  1.0000  0.6482  0.0009  0.0015  0.0014  0.0012  0.0013  0.1024  0.3348  0.0008  0.0000  0.0015  0.0000  0.0000  0.0000
 0.0055  0.0000  0.0001  1.0000  0.3185  0.0005  0.0020  0.0013  0.0007  0.0278  0.0012  0.0005  0.0023  0.0033  0.2170  0.0015  0.0028  0.0485  0.0013  0.0002  0.0000  0.0007  0.0000  0.0000  0.0000
 0.0000  0.0000  0.0000  0.0000  0.0000  1.0000  0.0000  0.0000  0.0000  0.0000  0.0000  0.0000  0.0000  0.0000  0.0000  0.0000  0.0000  0.0000  0.0000  0.0000  0.0000  0.0000  0.0000  0.0000  0.0000
 0.0000  0.0000  0.0000  0.0000  0.0000  0.0000  1.0000  0.0000  0.0000  0.0000  0.0000  0.0000  0.0000  0.0000  0.0000  0.0000  0.0000  0.0000  0.0000  0.0000  0.0000  0.0000  0.0000  0.0000  0.0000
 0.2435  0.0000  0.0102  0.2499  0.3141  0.0095  0.0724  0.0231  0.0356  0.2326  0.1866  0.0201  0.0942  0.0522  0.2215  0.2398  1.0000  0.1568  0.0659  0.0033  0.0000  0.0072  0.0000  0.0000  0.0000
 0.6860  0.0000  0.0408  0.6035  0.9437  0.0382  0.2906  0.0928  0.2044  1.0000  0.2306  0.0913  0.4920  0.2096  0.7162  0.7062  0.6540  0.5718  0.3621  0.0131  0.0000  0.0527  0.0000  0.0000  0.0000
 0.1653  0.0000  0.0267  0.3737  0.1161  0.0193  0.3496  0.0805  0.0123  0.1145  0.0276  0.0101  1.0000  0.4942  0.0761  0.0619  0.2421  0.0938  0.0278  0.0103  0.0000  0.0429  0.0000  0.0000  0.0000
 1.0000  0.0000  0.0035  0.0039  0.0035  0.0014  0.0487  0.0010  0.0993  0.0043  0.0037  0.0018  0.0054  0.0086  0.0032  0.0030  0.3011  0.4171  0.0063  0.0007  0.0000  0.0013  0.0000  0.0000  0.0000
 0.6178  0.0000  0.7642  0.5509  1.0000  0.0441  0.3112  0.1205  0.1542  0.8149  0.2488  0.1327  0.4247  0.2352  0.5363  0.4286  0.6402  0.6345  0.2557  0.0149  0.0000  0.0358  0.0000  0.0000  0.0000
 0.0470  0.0000  0.0038  0.0354  1.0000  0.0081  0.2681  0.0330  0.0157  0.3955  0.0366  0.0123  0.0407  0.1298  0.0931  0.5141  0.0357  0.0414  0.0218  0.0058  0.0000  0.0167  0.0000  0.0000  0.0000
 0.0397  0.0000  0.0035  0.0200  0.0522  0.0055  0.0234  0.0201  0.0134  1.0000  0.0772  0.0093  0.3557  0.0225  0.1479  0.3198  0.0881  0.4111  0.0776  0.0035  0.0000  0.0098  0.0000  0.0000  0.0000
 0.4961  0.0000  0.0633  0.3189  0.4678  0.0706  0.2015  0.1023  0.2991  0.7044  0.3516  0.0888  0.3033  0.1939  0.3313  0.4793  0.6666  1.0000  0.3927  0.0252  0.0000  0.0776  0.0000  0.0000  0.0000
 0.2226  0.0000  0.0010  0.0008  0.0009  0.0004  0.0054  0.0002  0.0004  0.0010  0.0009  0.0004  0.0007  0.0024  0.0007  0.0007  1.0000  0.0020  0.0016  0.0001  0.0000  0.0003  0.0000  0.0000  0.0000
 0.3985  0.0000  0.0163  0.0086  0.0109  1.0000  0.0359  0.0025  0.0464  0.0066  0.1109  0.0239  0.0055  0.0224  0.0048  0.0050  0.2616  0.0257  0.0504  0.0983  0.0000  0.6483  0.0000  0.0000  0.0000
 1.0000  0.0000  0.1974  0.5671  0.8580  0.6779  0.5455  0.5681  0.5889  0.8488  0.8561  0.3478  0.5871  0.3624  0.8441  0.6685  0.8577  0.7967  0.7052  0.1801  0.0000  0.9355  0.0000  0.0000  0.0000
 0.0000  0.0000  0.0000  0.0000  0.0000  1.0000  0.0000  0.0000  0.0000  0.0000  0.0000  0.0000  0.0000  0.0000  0.0000  0.0000  0.0000  0.0000  0.0000  0.0000  0.0000  0.0000  0.0000  0.0000  0.0000
 0.0026  0.0000  0.0007  0.0012  0.0009  0.0019  0.0337  0.0006  0.0030  0.0011  1.0000  0.0019  0.0008  0.0022  0.0009  0.0012  0.0014  0.0011  0.0021  0.0006  0.0000  0.0007  0.0000  0.0000  0.0000
 0.1149  0.0000  0.0011  0.0020  0.0153  0.0023  0.0078  0.4333  0.0047  0.2334  0.0111  0.0037  0.0107  0.0086  0.0743  1.0000  0.1485  0.0118  0.0062  0.0017  0.0000  0.0049  0.0000  0.0000  0.0000
 0.0098  0.0000  0.0007  0.0149  0.3160  0.0016  0.0078  0.0989  0.0028  1.0000  0.0064  0.0022  0.1396  0.0071  0.6821  0.0333  0.0083  0.0081  0.0040  0.0011  0.0000  0.0033  0.0000  0.0000  0.0000
 0.0000  0.0000  0.0000  0.0000  1.0000  0.0000  0.0000  0.0000  0.0000  0.0000  0.0000  0.0000  0.0000  0.0000  0.0000  0.0000  0.0000  0.0000  0.0000  0.0000  0.0000  0.0000  0.0000  0.0000  0.0000
 0.0006  0.0000  0.0002  0.0001  0.0002  0.0016  0.0001  0.0001  0.0030  0.0002  1.0000  0.0168  0.0001  0.0003  0.0003  0.0002  0.0002  0.0003  0.0017  0.0002  0.0000  0.0002  0.0000  0.0000  0.0000
 0.0708  0.0000  0.0011  0.0008  0.0010  0.0007  0.0060  0.0002  0.0011  0.0011  0.0385  0.0008  0.0007  1.0000  0.0008  0.0008  0.0054  0.0021  0.0025  0.0002  0.0000  0.0004  0.0000  0.0000  0.0000
 0.0013  0.0000  0.0003  0.0002  0.0003  0.0011  0.0004  0.0000  0.4557  0.0004  0.0058  0.0011  0.0002  0.0002  0.0002  0.0003  0.0217  0.0012  1.0000  0.0001  0.0000  0.0005  0.0000  0.0000  0.0000
 0.0014  0.0000  0.0006  0.0010  0.0012  0.0006  0.0027  0.0008  0.0158  0.0037  0.0018  0.0004  0.0009  0.0018  0.0015  1.0000  0.0010  0.0011  0.0010  0.0005  0.0000  0.0007  0.0000  0.0000  0.0000
 0.0017  0.0000  0.0005  0.0003  0.0005  0.0713  0.0151  0.0003  0.2196  0.0006  1.0000  0.0259  0.0005  0.0007  0.0008  0.0006  0.0006  0.0012  0.0351  0.0005  0.0000  0.0321  0.0000  0.0000  0.0000
 1.0000  0.0000  0.0007  0.0005  0.0006  0.0003  0.0037  0.0001  0.0003  0.0006  0.0006  0.0003  0.0004  0.0016  0.0004  0.0005  0.0790  0.0012  0.0011  0.0001  0.0000  0.0002  0.0000  0.0000  0.0000
 0.0141  0.0000  0.0021  0.0263  0.0203  0.0029  0.0240  0.3781  0.0045  0.0727  0.0105  0.0035  1.0000  0.0112  0.0658  0.3678  0.0208  0.0152  0.0061  0.0020  0.0000  0.0068  0.0000  0.0000  0.0000
 0.2613  0.0000  0.0497  0.0945  0.0800  0.0281  0.0854  0.0393  0.3165  0.1895  0.0911  0.0416  0.1785  0.1256  0.1029  0.3033  0.7406  1.0000  0.1517  0.0170  0.0000  0.0327  0.0000  0.0000  0.0000
 0.3727  0.0000  0.0059  0.0017  0.0047  0.0599  0.0010  0.0016  0.1147  0.0050  0.2724  1.0000  0.0027  0.0067  0.0046  0.0034  0.0047  0.0488  0.4565  0.0016  0.0000  0.0024  0.0000  0.0000  0.0000
 0.2465  0.0000  0.0129  0.1236  0.2425  0.0187  0.0808  0.0460  0.1757  1.0000  0.2164  0.0419  0.1040  0.0596  0.3545  0.3078  0.1501  0.1400  0.0890  0.0063  0.0000  0.0211  0.0000  0.0000  0.0000
 0.0016  0.0000  0.0000  0.0894  1.0000  0.0002  0.0007  0.0004  0.0002  0.0017  0.0004  0.0002  0.0008  0.0010  0.0022  0.0005  0.0009  0.0007  0.0004  0.0001  0.0000  0.0002  0.0000  0.0000  0.0000
 0.0016  0.0000  0.0005  0.0003  0.0005  0.0031  0.0007  0.0001  1.0000  0.0007  0.7368  0.0034  0.0005  0.0004  0.0004  0.0006  0.0007  0.0017  0.1393  0.0004  0.0000  0.0010  0.0000  0.0000  0.0000
 0.7277  0.0000  0.0279  0.9390  1.0000  0.0342  0.2888  0.1495  0.1401  0.4421  0.1517  0.0531  0.8871  0.1326  0.3861  0.2521  0.7848  0.3820  0.1417  0.0109  0.0000  0.1506  0.0000  0.0000  0.0000
 0.3974  0.0000  0.1220  0.2039  0.3320  0.4829  0.2494  0.3703  0.3711  0.2671  1.0000  0.1552  0.3896  0.1577  0.2515  0.2784  0.4431  0.3800  0.3639  0.1244  0.0000  0.6815  0.0000  0.0000  0.0000
 0.0006  0.0000  0.0002  0.0001  0.0002  0.0016  0.0001  0.0001  0.0030  0.0002  1.0000  0.0241  0.0001  0.0003  0.0003  0.0002  0.0002  0.0003  0.0017  0.0002  0.0000  0.0002  0.0000  0.0000  0.0000
 0.0000  0.0000  0.0000  0.0000  0.0000  0.0000  0.0000  0.0000  0.0000  0.0000  0.0000  0.0000  0.0000  1.0000  0.0000  0.0000  0.0000  0.0000  0.0000  0.0000  0.0000  0.0000  0.0000  0.0000  0.0000
 0.2722  0.0000  0.1019  1.0000  0.3099  0.5049  0.1907  0.3252  0.1999  0.2481  0.3814  0.1120  0.1660  0.1667  0.1878  0.1868  0.2768  0.2456  0.2562  0.0919  0.0000  0.6933  0.0000  0.0000  0.0000
 0.2309  0.0000  0.0182  0.2708  0.3076  0.0186  1.0000  0.0616  0.1411  0.3705  0.0937  0.0328  0.8493  0.0886  0.3107  0.4942  0.2581  0.2900  0.0869  0.0068  0.0000  0.0194  0.0000  0.0000  0.0000
 0.0017  0.0000  0.0004  0.0001  0.0003  0.0019  0.0002  0.0002  0.0044  0.0004  1.0000  0.0024  0.0002  0.0005  0.0004  0.0003  0.0004  0.0246  0.0697  0.0002  0.0000  0.0003  0.0000  0.0000  0.0000
 0.2808  0.0000  0.0612  0.0448  0.0616  0.1158  0.0348  0.0395  0.4108  0.0753  1.0000  0.1417  0.1348  0.0848  0.0634  0.0655  0.5135  0.4446  0.6369  0.0216  0.0000  0.0605  0.0000  0.0000  0.0000
 0.4546  0.0000  0.0261  0.3502  1.0000  0.0243  0.3835  0.4201  0.0914  0.7324  0.1475  0.0517  0.7270  0.1341  0.5860  0.8678  0.6094  0.5718  0.1394  0.0084  0.0000  0.0185  0.0000  0.0000  0.0000
 0.0687  0.0000  0.0067  0.0128  0.0944  0.0141  0.0483  0.0604  0.0292  1.0000  0.0687  0.5401  0.1633  0.0537  0.1836  0.5349  0.0597  0.9018  0.0388  0.0107  0.0000  0.0305  0.0000  0.0000  0.0000
 0.0524  0.0000  0.0004  0.0029  0.0280  0.0007  0.0030  0.0025  0.0016  0.0523  0.0033  0.0011  0.0039  1.0000  0.0277  0.1303  0.0793  0.0245  0.0023  0.0004  0.0000  0.0012  0.0000  0.0000  0.0000
 0.2343  0.0000  0.0019  0.0031  0.0029  0.0008  0.0108  0.0182  0.0011  0.0030  0.0020  0.0010  0.0032  0.0662  0.0608  0.0020  1.0000  0.0070  0.0033  0.0003  0.0000  0.0008  0.0000  0.0000  0.0000
 0.0014  0.0000  0.0004  0.0003  0.0004  0.0015  0.0005  0.0000  0.2524  0.0005  0.0207  0.0015  0.0191  0.0003  0.0002  0.0424  0.0005  0.0015  1.0000  0.0002  0.0000  0.0007  0.0000  0.0000  0.0000
 0.7359  0.0000  0.0560  0.6027  1.0000  0.0484  0.4280  0.1170  0.1850  0.9639  0.4222  0.1019  0.4824  0.2727  0.7454  0.5434  0.7486  0.5550  0.2834  0.0166  0.0000  0.0370  0.0000  0.0000  0.0000
 0.6836  0.0000  0.0481  0.5640  0.9766  0.0471  0.3396  0.1170  0.1679  1.0000  0.5838  0.1081  0.4414  0.2453  0.5431  0.4775  0.6633  0.5337  0.2556  0.0161  0.0000  0.0378  0.0000  0.0000  0.0000
 0.0052  0.0000  0.0006  0.0005  0.0006  0.0014  0.0425  0.0002  0.0082  0.0007  0.0278  0.0015  0.0005  0.0014  0.0005  0.0006  0.0025  0.0013  1.0000  0.0003  0.0000  0.0005  0.0000  0.0000  0.0000
 0.0556  0.0000  0.0034  0.0185  0.0532  0.0059  0.0242  0.0943  0.0137  0.4552  0.0482  0.0097  0.1519  0.0233  1.0000  0.9634  0.4344  0.0647  0.0190  0.0038  0.0000  0.0109  0.0000  0.0000  0.0000
 0.1317  0.0000  0.0066  0.7059  0.1620  0.0061  0.1005  0.0454  0.0133  0.0798  0.0224  0.0079  0.1750  0.0294  0.0792  0.0831  1.0000  0.0512  0.0206  0.0026  0.0000  0.0101  0.0000  0.0000  0.0000
 0.0021  0.0000  0.0003  0.0046  0.0017  0.0003  0.0198  0.0011  0.0002  0.0025  0.0005  0.0002  0.0146  0.0012  0.0013  0.0106  0.0031  0.0013  0.0004  1.0000  0.0000  0.0006  0.0000  0.0000  0.0000
 0.0017  0.0000  0.0006  0.0013  0.0010  0.0175  0.0021  0.0006  0.0013  0.0014  0.0034  0.0008  0.0013  0.0010  0.0163  0.0013  0.0012  0.0009  0.0011  0.0004  0.0000  1.0000  0.0000  0.0000  0.0000
 0.2427  0.0000  0.0959  0.0151  0.0553  0.0649  0.0243  0.0400  0.5344  0.0214  0.3515  0.1699  0.0226  0.0151  0.0216  0.1192  0.0816  0.0289  1.0000  0.0322  0.0000  0.1109  0.0000  0.0000  0.0000
 0.0162  0.0000  0.0005  0.3114  0.4065  0.0015  0.0070  0.0044  0.0025  0.2547  0.0048  0.0018  0.0085  0.0094  1.0000  0.1732  0.0867  0.0086  0.0044  0.0008  0.0000  0.0022  0.0000  0.0000  0.0000
 0.0033  0.0000  0.0006  0.0013  0.0007  0.0041  0.0027  0.0004  0.0007  0.0007  0.0015  0.0004  0.0013  0.0013  0.0005  0.0006  1.0000  0.0020  0.0011  0.0010  0.0000  0.0294  0.0000  0.0000  0.0000
 0.0012  0.0000  0.0006  0.0002  0.0003  1.0000  0.0002  0.0000  0.0028  0.0000  0.4175  0.0014  0.0000  0.0005  0.0000  0.0000  0.0008  0.0007  0.0024  0.0055  0.0000  0.0744  0.0000  0.0000  0.0000
 0.8084  0.0000  0.1682  0.5080  1.0000  0.6066  0.4517  0.5116  0.4079  0.7032  0.8083  0.4293  0.4900  0.2989  0.6386  0.7668  0.7176  0.6141  0.5613  0.1568  0.0000  0.8494  0.0000  0.0000  0.0000
 0.0582  0.0000  0.0005  0.8705  1.0000  0.0024  0.0102  0.0063  0.0372  0.0384  0.0065  0.0871  0.0113  0.1114  0.0345  0.0082  0.0307  0.0127  0.0067  0.0011  0.0000  0.0031  0.0000  0.0000  0.0000
 0.0641  0.0000  0.0032  0.0013  0.0026  0.0267  0.0015  0.0007  0.7188  0.0031  1.0000  0.0854  0.0018  0.0031  0.0021  0.0022  0.0682  0.0295  0.4911  0.0010  0.0000  0.0026  0.0000  0.0000  0.0000
 0.5926  0.0000  0.1086  0.3389  0.3291  0.1886  0.1541  0.1476  0.5550  0.3481  0.9770  0.2102  0.1968  0.1689  0.2301  0.5221  0.3051  0.4523  1.0000  0.0468  0.0000  0.2182  0.0000  0.0000  0.0000
 0.2426  0.0000  0.0073  0.5936  1.0000  0.0070  0.0514  0.0505  0.0254  0.1911  0.0409  0.0143  0.1169  0.0371  0.1750  0.1020  0.3323  0.1006  0.1198  0.0024  0.0000  0.0976  0.0000  0.0000  0.0000
 0.0093  0.0000  0.0032  0.0155  0.0051  1.0000  0.0283  0.0198  0.0071  0.0054  0.0118  0.0040  0.0060  0.0038  0.0358  0.0268  0.0305  0.0669  0.0091  0.0034  0.0000  0.2387  0.0000  0.0000  0.0000
 0.6410  0.0000  0.0482  0.5302  1.0000  0.0569  0.3676  0.1492  0.1645  0.8370  0.3154  0.0933  0.4195  0.3528  0.5185  0.4602  0.6223  0.4987  0.2574  0.0187  0.0000  0.0541  0.0000  0.0000  0.0000
 0.0305  0.0000  0.0023  0.9733  1.0000  0.0035  0.0598  0.2752  0.0041  0.4673  0.0076  0.0029  0.4442  0.0554  0.0783  0.0135  0.0331  0.0191  0.0072  0.0017  0.0000  0.0064  0.0000  0.0000  0.0000
 0.8203  0.0000  0.1005  0.5450  0.8558  0.2386  0.3871  0.2487  0.3087  1.0000  0.4444  0.1600  0.4773  0.2831  0.5472  0.5401  0.7268  0.6525  0.5126  0.1278  0.0000  0.3104  0.0000  0.0000  0.0000
 0.5916  0.0000  0.0681  0.6930  1.0000  0.0391  0.3165  0.0951  0.1464  0.7650  0.2362  0.0828  0.4570  0.4572  0.5175  0.5271  0.9670  0.4724  0.2232  0.0275  0.0000  0.0297  0.0000  0.0000  0.0000
 0.3320  0.0000  0.0235  0.0766  0.0525  0.0159  0.1082  0.0161  0.2927  0.0566  0.0361  0.0162  0.1004  1.0000  0.0401  0.0361  0.2783  0.2466  0.1313  0.0065  0.0000  0.0181  0.0000  0.0000  0.0000
 0.1055  0.0000  0.0037  0.3604  1.0000  0.0034  0.0262  0.0084  0.0128  0.3617  0.0207  0.0073  0.0669  0.0190  0.0901  0.1286  0.0845  0.3396  0.0196  0.0012  0.0000  0.0026  0.0000  0.0000  0.0000
 0.0433  0.0000  0.0103  1.0000  0.0777  0.0090  0.1909  0.1323  0.0045  0.0616  0.2080  0.0035  0.5244  0.0350  0.0420  0.0311  0.1167  0.0663  0.0075  0.0046  0.0000  0.0237  0.0000  0.0000  0.0000
 0.8346  0.0000  0.0535  0.7624  1.0000  0.0515  0.4055  0.2436  0.1919  0.9480  0.3151  0.1340  0.5793  0.3868  0.7165  0.5564  0.7864  0.5768  0.3124  0.0176  0.0000  0.0404  0.0000  0.0000  0.0000
 0.5275  0.0000  0.0265  0.6720  1.0000  0.0248  0.2657  0.1034  0.0930  0.9659  0.2889  0.0526  0.7121  0.1760  0.3398  0.6597  0.4559  0.2851  0.1418  0.0085  0.0000  0.0188  0.0000  0.0000  0.0000
 0.7362  0.0000  0.1921  0.3953  0.5615  0.7037  0.4301  0.5648  0.4649  0.5518  0.7394  0.2500  0.4448  0.2822  0.4571  0.4901  0.6047  0.5718  0.6315  0.1859  0.0000  1.0000  0.0000  0.0000  0.0000
 0.2296  0.0000  0.0452  0.0150  0.0946  0.1529  0.0121  0.0175  0.4647  0.0424  1.0000  0.2095  0.0611  0.0551  0.0446  0.0317  0.0389  0.1433  0.5231  0.0190  0.0000  0.0254  0.0000  0.0000  0.0000
 0.7400  0.0000  0.0475  0.6630  1.0000  0.0471  0.3340  0.1306  0.1654  0.9012  0.3594  0.1170  0.5456  0.2408  0.7754  0.4912  0.8824  0.5644  0.2517  0.0159  0.0000  0.1350  0.0000  0.0000  0.0000
 0.2574  0.0000  0.0108  0.6350  0.6177  0.0101  0.1222  0.0246  0.0380  1.0000  0.0926  0.0215  0.3309  0.0557  0.3346  0.6016  0.2074  0.1478  0.0579  0.0035  0.0000  0.0541  0.0000  0.0000  0.0000
 0.0004  0.0000  0.0002  0.0001  0.0001  1.0000  0.0001  0.0000  0.0009  0.0000  0.0094  0.0005  0.0000  0.0002  0.0000  0.0000  0.0002  0.0002  0.0007  0.0015  0.0000  0.0060  0.0000  0.0000  0.0000
 0.2941  0.0000  0.1399  0.0124  0.0140  0.0079  0.0094  0.0049  0.0576  0.0172  0.1765  0.0142  0.0815  0.0233  0.0132  0.0104  0.1274  1.0000  0.5159  0.0025  0.0000  0.0047  0.0000  0.0000  0.0000
 0.1771  0.0000  0.0047  1.0000  0.7906  0.0044  0.0338  0.0732  0.0166  0.4180  0.0268  0.0094  0.2560  0.0245  0.6190  0.0864  0.0851  0.0982  0.0253  0.0015  0.0000  0.0034  0.0000  0.0000  0.0000
 0.3940  0.0000  0.0215  0.2882  0.2330  0.0498  0.1006  0.0724  0.0855  0.2174  0.2757  0.4249  0.1430  0.0709  0.2189  0.1647  0.3299  1.0000  0.3094  0.0140  0.0000  0.0637  0.0000  0.0000  0.0000
 0.0013  0.0000  0.0004  0.0002  0.0004  0.0026  0.0004  0.0001  0.3534  0.0005  1.0000  0.0030  0.0003  0.0004  0.0004  0.0004  0.0005  0.0012  0.1309  0.0003  0.0000  0.0006  0.0000  0.0000  0.0000
 0.7740  0.0000  0.0651  0.6351  1.0000  0.1021  0.3925  0.1718  0.2547  0.9572  0.3412  0.1191  0.5063  0.2806  0.6092  0.5390  0.7390  0.5857  0.3492  0.0308  0.0000  0.1164  0.0000  0.0000  0.0000
 0.7854  0.0000  0.0559  0.6248  1.0000  0.0617  0.3864  0.1665  0.1920  0.9866  0.3361  0.1402  0.5225  0.2755  0.6135  0.5733  0.7322  0.6341  0.2910  0.0204  0.0000  0.0555  0.0000  0.0000  0.0000
 0.0006  0.0000  0.0002  0.0001  0.0002  0.0008  0.0003  0.0000  1.0000  0.0002  0.0040  0.0007  0.0002  0.0001  0.0001  0.0002  0.0002  0.0007  0.2575  0.0001  0.0000  0.0004  0.0000  0.0000  0.0000
 0.0047  0.0000  0.0005  0.0008  0.0065  0.0010  0.0033  0.0041  0.0021  0.6126  0.0608  0.0514  0.0045  0.0037  0.0110  1.0000  0.0038  0.0050  0.0027  0.0007  0.0000  0.0445  0.0000  0.0000  0.0000
 0.3831  0.0000  0.0284  0.3669  0.5453  0.0331  0.1981  0.0835  0.1162  0.6880  0.1709  0.0877  1.0000  0.1510  0.3839  0.6316  0.3655  0.2975  0.4089  0.0133  0.0000  0.0357  0.0000  0.0000  0.0000
 0.0000  0.0000  0.0000  0.0000  0.0000  0.0000  0.0000  0.0000  0.0000  0.0000  0.0000  0.0000  0.0000  0.0000  0.0000  1.0000  0.0000  0.0000  0.0000  0.0000  0.0000  0.0000  0.0000  0.0000  0.0000
 0.0000  0.0000  0.0000  0.0000  0.0000  0.0000  0.0000  1.0000  0.0000  0.0000  0.0000  0.0000  0.0000  0.0000  0.0000  0.0000  0.0000  0.0000  0.0000  0.0000  0.0000  0.0000  0.0000  0.0000  0.0000
 0.1444  0.0000  0.0017  0.2529  0.0093  0.0015  0.0221  0.1278  0.0010  0.0090  0.0017  0.0007  1.0000  0.0054  0.0061  0.0047  0.1571  0.0651  0.0015  0.0007  0.0000  0.0278  0.0000  0.0000  0.0000
 0.0100  0.0000  0.0024  1.0000  0.0617  0.0020  0.1582  0.0109  0.0010  0.0143  0.0022  0.0008  0.9372  0.0081  0.0096  0.0808  0.2051  0.0106  0.0017  0.0011  0.0000  0.0055  0.0000  0.0000  0.0000
 0.0296  0.0000  0.0007  0.0002  0.0005  0.0004  0.0004  0.0001  0.0032  0.0005  0.0022  0.0007  0.0003  0.0008  0.0004  0.0003  0.0008  0.0175  1.0000  0.0001  0.0000  0.0001  0.0000  0.0000  0.0000
 0.0016  0.0000  0.0004  0.0001  0.0003  0.0006  0.0001  0.0001  0.1043  0.0003  0.0032  0.0135  0.0002  0.0003  0.0002  0.0002  0.0003  0.0128  1.0000  0.0001  0.0000  0.0002  0.0000  0.0000  0.0000
 0.0420  0.0000  0.0009  0.0320  0.2110  0.0013  0.0072  0.0030  0.0021  0.0133  0.0035  0.0015  0.0059  1.0000  0.2405  0.0044  0.0115  0.2243  0.0043  0.0006  0.0000  0.0017  0.0000  0.0000  0.0000
 0.0433  0.0000  0.0010  0.0005  0.0008  0.0006  0.0007  0.0002  0.0045  0.0009  0.0033  0.0893  0.0007  0.0014  0.0007  0.0005  0.0027  1.0000  0.0383  0.0001  0.0000  0.0002  0.0000  0.0000  0.0000
 0.0018  0.0000  0.0004  0.0002  0.0003  0.0014  0.0002  0.0001  0.0739  0.0004  0.0080  1.0000  0.0002  0.0004  0.0003  0.0003  0.0004  0.0014  0.1178  0.0002  0.0000  0.0003  0.0000  0.0000  0.0000
 1.0000  0.0000  0.0000  0.0000  0.0000  0.0000  0.0000  0.0000  0.0000  0.0000  0.0000  0.0000  0.0000  0.0000  0.0000  0.0000  0.0000  0.0000  0.0000  0.0000  0.0000  0.0000  0.0000  0.0000  0.0000
 0.0209  0.0000  0.0020  0.0047  0.0820  0.0045  0.0145  0.0183  0.0092  0.1777  0.2497  0.0565  0.0199  0.0163  1.0000  0.1607  0.0169  0.0220  0.0119  0.0032  0.0000  0.0092  0.0000  0.0000  0.0000
 0.0000  0.0000  0.0000  0.0000  0.0000  0.0000  1.0000  0.0000  0.0000  0.0000  0.0000  0.0000  0.0000  0.0000  0.0000  0.0000  0.0000  0.0000  0.0000  0.0000  0.0000  0.0000  0.0000  0.0000  0.0000
 0.0007  0.0000  0.0002  0.0002  0.0002  0.0010  0.0003  0.0000  0.4205  0.0003  0.0527  0.0010  0.0002  0.0001  0.0001  0.0002  0.0003  0.0008  1.0000  0.0001  0.0000  0.0005  0.0000  0.0000  0.0000
 0.0750  0.0000  0.0227  0.0293  0.0389  0.1004  0.0665  0.0566  0.8969  0.0438  1.0000  0.1226  0.0977  0.0303  0.4224  0.0450  0.1011  0.1354  0.1931  0.0223  0.0000  0.1045  0.0000  0.0000  0.0000
 0.0020  0.0000  0.0000  0.0050  1.0000  0.0002  0.0008  0.0006  0.0003  0.0031  0.0006  0.0002  0.0009  0.0013  0.2464  0.0211  0.0011  0.0010  0.0005  0.0001  0.0000  0.0003  0.0000  0.0000  0.0000
 0.0088  0.0000  0.0041  0.0013  0.0022  0.2057  0.0015  0.0004  0.0237  0.0006  0.8670  0.1987  0.0004  0.0034  0.0009  0.0006  0.0055  0.0055  0.0189  0.1740  0.0000  1.0000  0.0000  0.0000  0.0000
 0.0013  0.0000  0.0001  0.0003  0.0016  0.0003  0.0188  0.0011  0.0005  1.0000  0.0012  0.0004  0.0012  0.0010  0.0028  0.1413  0.0010  0.0013  0.0007  0.0002  0.0000  0.0005  0.0000  0.0000  0.0000
 0.0203  0.0000  0.0009  0.4554  1.0000  0.0018  0.0095  0.0055  0.0040  0.3656  0.0073  0.0328  0.1150  0.0107  0.1125  0.3120  0.0148  0.0127  0.0064  0.0009  0.0000  0.0025  0.0000  0.0000  0.0000
 0.7205  0.0000  0.0340  0.5288  0.8337  0.0317  0.3194  0.0773  0.1192  1.0000  0.2210  0.0674  0.4783  0.1748  0.3893  0.4118  0.8077  0.5845  0.2259  0.0109  0.0000  0.0240  0.0000  0.0000  0.0000
 0.4937  0.0000  0.1959  0.1998  0.3104  0.7649  0.3260  0.5471  0.3902  0.2827  0.6716  0.2315  0.2990  0.1988  0.2957  0.3897  0.3902  0.3809  0.4891  0.1802  0.0000  1.0000  0.0000  0.0000  0.0000
 0.1251  0.0000  0.0072  0.1628  0.1797  0.0071  1.0000  0.0166  0.0252  0.1723  0.0406  0.0142  0.1032  0.0723  0.3762  0.1142  0.0979  0.2054  0.0658  0.0024  0.0000  0.0553  0.0000  0.0000  0.0000
 0.6264  0.0000  0.1833  0.3233  0.4328  0.7342  0.3965  0.5586  0.4373  0.4272  0.7086  0.2419  0.3784  0.2691  0.3951  0.4977  0.5070  0.4735  0.6799  0.1859  0.0000  1.0000  0.0000  0.0000  0.0000
 0.0634  0.0000  0.0035  1.0000  0.1216  0.0033  0.0250  0.0080  0.0123  0.2208  0.0199  0.1470  0.1026  0.0755  0.0616  0.0736  0.1215  0.0745  0.0188  0.0011  0.0000  0.0151  0.0000  0.0000  0.0000
 0.5834  0.0000  0.0274  0.2662  0.4412  0.0417  0.2187  0.1297  0.2678  0.4977  0.2584  0.0624  0.2146  1.0000  0.5061  0.2897  0.3771  0.2497  0.1802  0.0127  0.0000  0.0457  0.0000  0.0000  0.0000
 0.5545  0.0000  0.1759  0.2088  0.2798  0.7771  0.3771  0.5390  0.3920  0.3250  0.6470  0.2198  0.3092  0.2577  0.3725  0.3714  0.4278  0.3932  0.7401  0.1942  0.0000  1.0000  0.0000  0.0000  0.0000
 0.2204  0.0000  0.0762  0.1051  0.1451  0.3669  0.1429  0.2333  0.5888  0.1703  0.3723  0.1452  0.1816  0.0887  0.1281  0.1511  0.3453  1.0000  0.2628  0.0795  0.0000  0.5034  0.0000  0.0000  0.0000
 0.4671  0.0000  0.0391  0.6648  1.0000  0.0779  0.2464  0.1437  0.1256  0.5612  0.2856  0.0711  0.6643  0.2902  0.3615  0.3454  0.7479  0.3983  0.1878  0.0178  0.0000  0.0638  0.0000  0.0000  0.0000
 0.3852  0.0000  0.0256  0.6502  0.5951  0.0241  0.1819  0.2888  0.0895  0.4443  0.2049  0.0506  0.3225  0.2354  1.0000  0.3300  0.9398  0.3378  0.1365  0.0083  0.0000  0.0186  0.0000  0.0000  0.0000
 0.0290  0.0000  0.0060  0.1017  0.5371  0.0047  0.1336  0.0212  0.0044  0.0322  0.0069  0.0029  1.0000  0.0200  0.0384  0.0164  0.4522  0.1895  0.0074  0.0025  0.0000  0.0111  0.0000  0.0000  0.0000
 0.0007  0.0000  0.0002  0.0002  0.0002  0.0012  0.0003  0.0000  1.0000  0.0003  0.1051  0.0445  0.0002  0.0001  0.0001  0.0003  0.0003  0.0008  0.2356  0.0001  0.0000  0.0005  0.0000  0.0000  0.0000
 0.0035  0.0000  0.0005  0.0454  0.0103  0.0006  0.0078  0.2944  0.0004  0.0046  0.0009  0.0003  0.0120  0.0026  1.0000  0.0022  0.0061  0.0028  0.0007  0.0003  0.0000  0.0013  0.0000  0.0000  0.0000
 0.1462  0.0000  0.0095  0.1926  0.4278  0.0117  0.0766  0.0247  0.0135  0.0909  0.0254  0.0105  0.0632  0.0585  0.4274  0.0396  0.2917  0.0600  0.0288  0.0050  0.0000  1.0000  0.0000  0.0000  0.0000
 0.0000  0.0000  0.0000  0.0000  0.0000  1.0000  0.0000  0.0000  0.0000  0.0000  0.0000  0.0000  0.0000  0.0000  0.0000  0.0000  0.0000  0.0000  0.0000  0.0000  0.0000  0.0000  0.0000  0.0000  0.0000
 0.0000  0.0000  0.0000  0.0000  0.0000  0.0000  0.0000  0.0000  0.0000  0.0000  1.0000  0.0000  0.0000  0.0000  0.0000  0.0000  0.0000  0.0000  0.0000  0.0000  0.0000  0.0000  0.0000  0.0000  0.0000
 0.0000  0.0000  0.0000  1.0000  0.0000  0.0000  0.0000  0.0000  0.0000  0.0000  0.0000  0.0000  0.0000  0.0000  0.0000  0.0000  0.0000  0.0000  0.0000  0.0000  0.0000  0.0000  0.0000  0.0000  0.0000
 0.0114  0.0000  0.0103  0.0021  0.0017  0.0008  0.0652  0.0008  0.0008  0.0032  0.0016  0.0007  0.0022  0.0032  0.0016  1.0000  0.0060  0.0025  0.0022  0.0004  0.0000  0.0008  0.0000  0.0000  0.0000
 0.0007  0.0000  0.0003  0.0001  0.0002  1.0000  0.0002  0.0001  0.0024  0.0001  0.1317  0.0015  0.0001  0.0003  0.0002  0.0001  0.0003  0.0004  0.0016  0.0016  0.0000  0.0063  0.0000  0.0000  0.0000
 0.0007  0.0000  0.0066  0.0005  0.0003  0.0061  0.0012  0.0002  0.0008  0.0001  0.0017  0.0004  0.0003  0.0004  0.0002  0.0003  0.0004  0.0005  0.0009  0.0015  0.0000  1.0000  0.0000  0.0000  0.0000
 0.0016  0.0000  0.0004  0.0002  0.0004  0.0039  0.0003  0.0003  0.0498  0.0005  0.1646  1.0000  0.0004  0.0007  0.0008  0.0005  0.0004  0.1102  0.0045  0.0005  0.0000  0.0005  0.0000  0.0000  0.0000
 0.0032  0.0000  0.0006  0.0067  0.0021  0.0004  0.0055  0.0015  0.0004  0.0022  0.0006  0.0003  0.2704  0.0018  0.0015  0.0012  1.0000  0.0042  0.0007  0.0002  0.0000  0.0008  0.0000  0.0000  0.0000
 0.0000  0.0000  0.0000  0.0000  0.0000  0.0000  0.0000  0.0000  0.0000  0.0000  0.0000  0.0000  0.0000  0.0000  0.0000  1.0000  0.0000  0.0000  0.0000  0.0000  0.0000  0.0000  0.0000  0.0000  0.0000
 0.0006  0.0000  0.0002  0.0001  0.0001  0.0006  0.0002  0.0000  1.0000  0.0002  0.0030  0.0006  0.0001  0.0002  0.0001  0.0002  0.0002  0.0006  0.0221  0.0001  0.0000  0.0003  0.0000  0.0000  0.0000
 0.2223  0.0000  0.0228  0.0393  0.0269  0.0103  0.7821  0.0096  0.0111  0.0293  0.0243  0.0101  0.0384  0.0620  0.0197  0.0211  1.0000  0.0455  0.0363  0.0051  0.0000  0.0098  0.0000  0.0000  0.0000
 0.0022  0.0000  0.0006  0.0003  0.0004  0.0946  0.0004  0.0002  1.0000  0.0005  0.0107  0.0023  0.0004  0.0006  0.0004  0.0004  0.0010  0.1122  0.0082  0.0013  0.0000  0.0047  0.0000  0.0000  0.0000
 0.0000  0.0000  0.0000  0.0000  0.0000  0.0000  0.0000  0.0000  0.0000  0.0000  0.0000  0.0000  0.0000  0.0000  0.0000  1.0000  0.0000  0.0000  0.0000  0.0000  0.0000  0.0000  0.0000  0.0000  0.0000
 0.0009  0.0000  0.0003  0.0002  0.0002  0.0019  0.0004  0.0002  0.0606  0.0003  0.0094  1.0000  0.0002  0.0004  0.0004  0.0003  0.0003  0.0005  0.0021  0.0003  0.0000  0.0005  0.0000  0.0000  0.0000
 0.0000  0.0000  0.0000  0.0000  0.0000  0.0000  0.0000  0.0000  0.0000  0.0000  1.0000  0.0000  0.0000  0.0000  0.0000  0.0000  0.0000  0.0000  0.0000  0.0000  0.0000  0.0000  0.0000  0.0000  0.0000
 0.0019  0.0000  0.0005  0.0002  0.0005  0.0051  0.0004  0.0004  1.0000  0.0006  0.1330  0.1458  0.0005  0.0008  0.0432  0.0006  0.0005  0.0011  0.0055  0.0006  0.0000  0.0006  0.0000  0.0000  0.0000
 0.0292  0.0000  0.0069  0.1429  0.0414  0.0058  0.6593  0.0529  0.0029  0.0403  0.0064  0.0023  1.0000  0.0230  0.0269  0.0206  0.0782  0.0748  0.0050  0.0030  0.0000  0.0154  0.0000  0.0000  0.0000
 0.0000  0.0000  0.0000  0.0000  0.0000  0.0000  0.0000  0.0000  0.0000  0.0000  0.0000  0.0000  0.0000  0.0000  1.0000  0.0000  0.0000  0.0000  0.0000  0.0000  0.0000  0.0000  0.0000  0.0000  0.0000
 0.0000  0.0000  0.0000  0.0000  0.0000  0.0000  0.0000  1.0000  0.0000  0.0000  0.0000  0.0000  0.0000  0.0000  0.0000  0.0000  0.0000  0.0000  0.0000  0.0000  0.0000  0.0000  0.0000  0.0000  0.0000
 0.1023  0.0000  0.0232  0.0099  0.0184  0.0377  0.0104  0.0037  0.9598  0.0217  0.3340  0.0451  0.0139  0.0222  0.0127  0.0144  0.1644  0.8652  1.0000  0.0051  0.0000  0.0163  0.0000  0.0000  0.0000
 0.4464  0.0000  0.0215  0.0064  0.1335  0.0655  0.0045  0.0072  0.2263  0.0191  1.0000  0.1237  0.0107  0.0258  0.0198  0.0139  0.0176  0.0692  0.2841  0.0081  0.0000  0.0099  0.0000  0.0000  0.0000
 0.0011  0.0000  0.0003  0.0002  0.0003  0.0024  0.0003  0.0001  0.2400  0.0004  1.0000  0.0028  0.0003  0.0004  0.0004  0.0004  0.0004  0.0009  0.0799  0.0003  0.0000  0.0005  0.0000  0.0000  0.0000
 0.0452  0.0000  0.0075  0.0649  0.0913  1.0000  0.0407  0.3984  0.0149  0.0485  0.0246  0.0083  0.0598  0.0237  0.0318  0.0326  0.0757  0.3019  0.0224  0.0042  0.0000  0.0158  0.0000  0.0000  0.0000
 0.0372  0.0000  0.0087  0.8225  0.3718  0.0075  1.0000  0.0394  0.0037  0.0526  0.0083  0.0030  0.3012  0.0299  0.0362  0.0263  0.1225  0.0386  0.0062  0.0039  0.0000  0.0374  0.0000  0.0000  0.0000
 0.2973  0.0000  0.0171  0.2345  0.4315  0.0168  1.0000  0.1109  0.0597  0.3302  0.0965  0.0339  0.1587  0.2912  0.5378  0.1667  0.4625  0.1827  0.1705  0.0058  0.0000  0.0135  0.0000  0.0000  0.0000
 0.3533  0.0000  0.0208  1.0000  0.5589  0.0570  0.2195  0.0472  0.1681  0.7160  0.1174  0.0412  0.6616  0.1067  0.3774  0.2382  0.8497  0.2634  0.2357  0.0067  0.0000  0.0148  0.0000  0.0000  0.0000
 0.8785  0.0000  0.1032  0.6335  1.0000  0.2606  0.4831  0.2817  0.3114  0.9494  0.5128  0.1642  0.5462  0.4270  0.6279  0.5995  0.8316  0.7932  0.4284  0.0724  0.0000  0.3413  0.0000  0.0000  0.0000
 0.1380  0.0000  0.0045  0.1373  0.0505  0.0042  0.1325  0.6121  0.0076  0.0944  0.0129  0.0046  1.0000  0.0183  0.1886  0.0259  0.2836  0.1070  0.0118  0.0018  0.0000  0.0076  0.0000  0.0000  0.0000
 0.1413  0.0000  0.0090  0.1088  0.1729  0.0134  0.0844  0.0218  0.0295  0.1613  0.0584  0.0167  0.1005  1.0000  0.0841  0.1083  0.2203  0.2847  0.1868  0.0041  0.0000  0.1157  0.0000  0.0000  0.0000
 1.0000  0.0000  0.0380  0.4460  0.7782  0.0356  0.4146  0.1019  0.1331  0.7156  0.2702  0.0753  0.4963  0.2732  0.4813  0.5786  0.7954  0.4510  0.2623  0.0122  0.0000  0.0271  0.0000  0.0000  0.0000
 0.3647  0.0000  0.0276  0.5094  0.6176  0.0258  0.3721  1.0000  0.0885  0.5830  0.1436  0.0504  0.4729  0.3795  0.4678  0.2719  0.5470  0.2795  0.1351  0.0093  0.0000  0.0243  0.0000  0.0000  0.0000
 0.0415  0.0000  0.0042  0.0136  0.0512  0.0019  0.1966  0.0033  0.0022  0.0116  0.0047  0.0021  0.0140  1.0000  0.0066  0.0906  0.1180  0.0098  0.0068  0.0008  0.0000  0.0024  0.0000  0.0000  0.0000
 0.2372  0.0000  0.0172  0.2966  0.3157  0.0166  0.3098  0.1027  0.0588  1.0000  0.1650  0.0334  0.6781  0.1837  0.1861  0.6609  0.5256  0.3116  0.0896  0.0058  0.0000  0.0140  0.0000  0.0000  0.0000
 0.0467  0.0000  0.0821  0.0189  0.0251  0.1129  0.0303  1.0000  0.0363  0.0267  0.0701  0.0203  0.0282  0.0188  0.0270  0.0319  0.0620  0.1024  0.1541  0.0170  0.0000  0.4294  0.0000  0.0000  0.0000
 0.0008  0.0000  0.0003  0.0002  0.0002  0.0010  0.0003  0.0000  1.0000  0.0003  0.0055  0.0010  0.0002  0.0002  0.0001  0.0003  0.0003  0.0009  0.5117  0.0001  0.0000  0.0005  0.0000  0.0000  0.0000
 0.0000  0.0000  0.0000  0.0000  0.0000  0.0000  1.0000  0.0000  0.0000  0.0000  0.0000  0.0000  0.0000  0.0000  0.0000  0.0000  0.0000  0.0000  0.0000  0.0000  0.0000  0.0000  0.0000  0.0000  0.0000
 0.7953  0.0000  0.1657  0.1630  0.2037  0.5330  0.4435  0.3110  0.5588  0.2247  1.0000  0.2690  0.2255  0.2458  0.2140  0.2394  0.5347  0.4002  0.5799  0.1259  0.0000  0.6043  0.0000  0.0000  0.0000
 0.0008  0.0000  0.0002  0.0001  0.0002  0.0358  0.0002  0.0002  1.0000  0.0003  0.1047  0.0027  0.0002  0.0003  0.0004  0.0003  0.0002  0.0005  0.0030  0.0003  0.0000  0.0006  0.0000  0.0000  0.0000
 0.0763  0.0000  0.2494  1.0000  0.0919  0.0129  0.2252  0.2132  0.0064  0.0887  0.0141  0.0051  0.5317  0.0509  0.0595  0.0450  0.1856  0.0685  0.0108  0.0066  0.0000  0.0342  0.0000  0.0000  0.0000
 0.0419  0.0000  0.0033  0.0052  0.0038  0.0015  0.0098  0.0014  0.0036  0.0052  0.0040  0.0021  0.0085  1.0000  0.0040  0.0034  0.1029  0.7387  0.0068  0.0008  0.0000  0.0015  0.0000  0.0000  0.0000
 0.5349  0.0000  0.0702  0.2583  0.4579  0.0209  0.2242  0.0700  0.0773  1.0000  0.1971  0.0640  0.7606  0.1131  0.2948  0.3187  0.3858  0.3660  0.1178  0.0072  0.0000  0.0162  0.0000  0.0000  0.0000
 0.0221  0.0000  1.0000  0.0014  0.0034  0.0032  0.0008  0.0010  0.0227  0.0035  0.0841  0.2187  0.0023  0.0050  0.0028  0.0021  0.0167  0.2019  0.1269  0.0005  0.0000  0.0009  0.0000  0.0000  0.0000
 0.0173  0.0000  0.0039  1.0000  0.0725  0.0035  0.0577  0.0973  0.0019  0.0242  0.0040  0.0014  0.8685  0.0458  0.0699  0.0120  0.7674  0.0176  0.0031  0.0018  0.0000  0.0781  0.0000  0.0000  0.0000
 0.0645  0.0000  0.0141  0.0046  0.0110  0.0284  0.0042  0.0031  0.2754  0.0123  0.2645  0.0368  0.0067  0.3671  0.0093  0.0083  0.0119  0.0481  1.0000  0.0036  0.0000  0.0077  0.0000  0.0000  0.0000
 0.8423  0.0000  0.0515  0.5885  1.0000  0.0529  0.3822  0.1472  0.2259  0.9024  0.3325  0.1790  0.4660  0.2810  0.5913  0.5984  0.8408  0.5923  0.6142  0.0177  0.0000  0.0443  0.0000  0.0000  0.0000
 0.3997  0.0000  0.0112  0.7866  1.0000  0.0105  0.0991  0.0255  0.0393  0.1951  0.1465  0.0811  0.1892  0.0576  0.2204  0.1424  0.3703  0.1856  0.0599  0.0036  0.0000  0.0079  0.0000  0.0000  0.0000
 0.0006  0.0000  0.0002  0.0001  0.0002  0.0008  0.0002  0.0000  0.0712  0.0002  0.0869  0.0008  0.0001  0.0001  0.0001  0.0002  0.0002  0.0007  1.0000  0.0001  0.0000  0.0003  0.0000  0.0000  0.0000
 0.7735  0.0000  0.0083  0.0020  0.0062  0.0047  0.0004  0.0015  0.2605  0.0062  0.0307  0.0090  0.0029  0.0087  0.0046  0.0035  0.0062  0.0477  1.0000  0.0008  0.0000  0.0015  0.0000  0.0000  0.0000
 0.0179  0.0000  0.0017  0.0033  0.1814  0.0037  0.0126  0.1545  0.0076  0.7299  0.2221  0.0060  0.0173  0.0140  0.7069  1.0000  0.0146  0.0456  0.0101  0.0028  0.0000  0.0080  0.0000  0.0000  0.0000
 0.0677  0.0000  0.0007  1.0000  0.2188  0.0008  0.0212  0.0036  0.0496  0.0069  0.0014  0.0005  0.2029  0.0040  0.0063  0.0029  0.0190  0.0044  0.0013  0.0004  0.0000  0.0018  0.0000  0.0000  0.0000
 1.0000  0.0000  0.0007  0.0006  0.0007  0.0003  0.0911  0.0001  0.0003  0.0007  0.0007  0.0003  0.0005  0.0018  0.0005  0.0005  0.0036  0.0012  0.0012  0.0001  0.0000  0.0002  0.0000  0.0000  0.0000
 0.1391  0.0000  0.0597  0.0278  0.0370  0.4655  0.0518  0.0654  0.4007  0.0374  0.1282  0.0373  0.0389  0.0334  0.0370  0.0434  0.3228  0.0613  0.0877  0.0624  0.0000  1.0000  0.0000  0.0000  0.0000
 0.0031  0.0000  0.0002  0.2131  1.0000  0.0004  0.0039  0.0274  0.0003  0.0035  0.0007  0.0003  0.0758  0.0020  0.0037  0.0012  0.0035  0.0019  0.0006  0.0002  0.0000  0.0007  0.0000  0.0000  0.0000
 0.0344  0.0000  0.1518  0.5960  0.0140  0.0041  0.0222  0.0079  0.0099  0.0182  0.0096  0.1109  1.0000  0.0190  0.0136  0.0108  0.2916  0.3851  0.0157  0.0026  0.0000  0.0058  0.0000  0.0000  0.0000
 1.0000  0.0000  0.0007  0.0005  0.0006  0.0003  0.0039  0.0001  0.0003  0.0007  0.0007  0.0003  0.0004  0.0086  0.0005  0.0005  0.0782  0.0012  0.0011  0.0001  0.0000  0.0002  0.0000  0.0000  0.0000
 0.0015  0.0000  0.0001  0.0003  0.0021  0.0003  0.0012  0.0013  0.0007  0.4639  0.0016  0.0005  0.0015  0.0013  0.0036  1.0000  0.0013  0.0016  0.0009  0.0003  0.0000  0.0007  0.0000  0.0000  0.0000
 0.3813  0.0000  0.0709  0.0799  0.1103  1.0000  0.1337  0.2339  0.2128  0.1338  0.5617  0.5697  0.1217  0.0869  0.1237  0.2644  0.5133  0.1620  0.2282  0.0736  0.0000  0.3801  0.0000  0.0000  0.0000
 0.0384  0.0000  0.0008  0.0004  0.0007  0.0044  0.0006  0.0003  0.3647  0.0009  1.0000  0.0242  0.0006  0.0009  0.0009  0.0008  0.0008  0.0025  0.2554  0.0005  0.0000  0.0009  0.0000  0.0000  0.0000
 0.0000  0.0000  1.0000  0.0000  0.0000  0.0000  0.0000  0.0000  0.0000  0.0000  0.0000  0.0000  0.0000  0.0000  0.0000  0.0000  0.0000  0.0000  0.0000  0.0000  0.0000  0.0000  0.0000  0.0000  0.0000
 0.1798  0.0000  0.1423  1.0000  0.7668  0.3014  0.1194  0.1881  0.1432  0.1052  0.4085  0.3157  0.1410  0.0735  0.1064  0.1216  0.1433  0.1380  0.1774  0.0641  0.0000  0.3705  0.0000  0.0000  0.0000
 0.0397  0.0000  0.0037  0.2977  0.0630  0.0080  0.0283  0.0342  0.0163  0.3814  0.2104  0.0128  0.0388  0.0308  1.0000  0.8750  0.0325  0.0414  0.0218  0.0060  0.0000  0.0172  0.0000  0.0000  0.0000
 0.0658  0.0000  0.0098  0.1816  0.5031  0.0248  0.0885  0.1601  0.0173  0.0959  0.0315  0.0113  0.1566  0.0418  0.1295  0.0571  0.0811  0.0829  0.0252  0.0085  0.0000  1.0000  0.0000  0.0000  0.0000
 0.0000  0.0000  0.0000  0.0000  0.0000  0.0000  0.0000  0.0000  0.0000  0.0000  0.0000  0.0000  0.0000  0.0000  0.0000  0.0000  0.0000  0.0000  0.0000  0.0000  0.0000  1.0000  0.0000  0.0000  0.0000
 0.0655  0.0000  0.0183  0.0085  0.0169  0.1723  0.0316  0.0125  0.3944  0.0227  1.0000  0.2171  0.0162  0.0269  0.0326  0.0224  0.0194  0.0396  0.2478  0.0202  0.0000  0.0236  0.0000  0.0000  0.0000
 0.7525  0.0000  0.0576  0.4396  0.5333  0.0527  0.2842  0.0844  0.1182  0.4987  0.4242  0.0665  0.4060  0.1649  0.3216  0.3074  1.0000  0.7489  0.2952  0.0172  0.0000  0.0571  0.0000  0.0000  0.0000
 0.8943  0.0000  0.0050  0.0046  0.0047  0.0851  0.0251  0.0011  0.0030  0.0054  0.0051  0.0024  0.0052  0.0123  0.0039  0.0038  1.0000  0.0337  0.0089  0.0008  0.0000  0.0017  0.0000  0.0000  0.0000
 0.0184  0.0000  0.0005  0.0020  0.0494  0.0003  0.0031  0.0002  0.0003  0.0011  0.0007  0.0003  0.0007  1.0000  0.0011  0.0006  0.0029  0.0012  0.0010  0.0001  0.0000  0.0002  0.0000  0.0000  0.0000
 0.2021  0.0000  0.0025  0.4263  1.0000  0.0023  0.0777  0.0056  0.0086  0.2194  0.0139  0.0049  0.0340  0.0244  0.0274  0.0422  0.0606  0.0264  0.0268  0.0008  0.0000  0.0018  0.0000  0.0000  0.0000
 0.0062  0.0000  0.0016  0.0007  0.0014  0.0111  0.0011  0.0008  0.2528  0.0018  1.0000  0.0858  0.0012  0.0754  0.0022  0.0017  0.0016  0.0043  0.4194  0.0013  0.0000  0.0018  0.0000  0.0000  0.0000
 0.1126  0.0000  0.0080  0.2434  1.0000  0.0075  0.0567  0.1474  0.1048  0.4294  0.0450  0.0158  0.2936  0.0410  0.2992  0.1317  0.1235  0.0854  0.1679  0.0026  0.0000  0.0058  0.0000  0.0000  0.0000
 0.0019  0.0000  0.0006  0.0005  0.0006  0.0034  0.0009  0.0001  1.0000  0.0009  0.8025  0.0034  0.0006  0.0004  0.0004  0.0007  0.0009  0.0022  0.4969  0.0004  0.0000  0.0013  0.0000  0.0000  0.0000
 0.7942  0.0000  0.0893  0.6065  1.0000  0.2100  0.4176  0.2374  0.2652  0.9199  0.4264  0.1468  0.5180  0.2941  0.6420  0.5697  0.7578  0.6235  0.3763  0.0590  0.0000  0.3162  0.0000  0.0000  0.0000
 0.0269  0.0000  0.0011  0.0589  1.0000  0.0053  0.0103  0.0065  0.0090  0.0303  0.1321  0.0885  0.0106  0.0150  0.5589  0.0131  0.0524  0.0131  0.0100  0.0015  0.0000  0.0037  0.0000  0.0000  0.0000
 0.5138  0.0000  0.1780  0.2046  0.2728  0.7104  0.3282  0.5449  0.4146  0.2906  0.6962  0.2314  0.3064  0.2056  0.2940  0.3470  0.4001  0.3953  0.5250  0.1850  0.0000  1.0000  0.0000  0.0000  0.0000
 0.0025  0.0000  0.0143  0.0381  0.0032  0.0005  0.0079  0.0023  0.0003  0.0031  0.0005  0.0002  1.0000  0.0019  0.0021  0.0016  0.1609  0.0030  0.0005  0.0002  0.0000  0.0012  0.0000  0.0000  0.0000
 1.0000  0.0000  0.0319  0.1732  0.1811  0.0073  0.5184  0.0562  0.1225  0.1534  0.0386  0.0135  0.0620  0.0344  0.0737  0.0925  0.6372  0.1469  0.0602  0.0024  0.0000  0.0063  0.0000  0.0000  0.0000
 0.5115  0.0000  0.0558  0.3611  0.6775  0.1346  0.2506  0.1473  0.1861  1.0000  0.3248  0.0901  0.3506  0.1764  0.3554  0.3302  0.4962  0.4314  0.3653  0.0375  0.0000  0.2220  0.0000  0.0000  0.0000
 0.8224  0.0000  0.0863  0.6321  1.0000  0.2091  0.4226  0.2255  0.2553  0.9257  0.4171  0.1467  0.5430  0.3044  0.6092  0.5580  0.7833  0.6122  0.3857  0.0545  0.0000  0.2492  0.0000  0.0000  0.0000
 0.7623  0.0000  0.2010  0.6220  1.0000  0.0490  0.7091  0.1187  0.1814  0.9855  0.2928  0.1027  0.5020  0.5919  0.5954  0.5085  0.8169  0.5565  0.2882  0.0169  0.0000  0.0379  0.0000  0.0000  0.0000
 0.2670  0.0000  0.0189  1.0000  0.4153  0.0176  0.6774  0.0429  0.1376  0.6202  0.1405  0.0374  0.4654  0.1168  0.2082  0.2543  0.5009  0.2407  0.1008  0.0061  0.0000  0.0134  0.0000  0.0000  0.0000
 0.4274  0.0000  0.0302  0.5033  0.7757  0.0282  0.2819  0.1150  0.1235  0.8405  0.2121  0.1671  0.3766  0.9678  1.0000  0.3581  0.5363  0.3422  0.1613  0.0097  0.0000  0.0214  0.0000  0.0000  0.0000
 0.0743  0.0000  0.0353  0.4125  0.0695  0.0091  0.1660  0.0874  0.0104  0.0665  0.0176  0.0064  0.3905  1.0000  0.0440  0.0902  0.2222  0.1267  0.0161  0.0040  0.0000  0.0183  0.0000  0.0000  0.0000
 0.0035  0.0000  0.0009  0.0004  0.0009  0.4281  0.0007  0.0007  1.0000  0.0012  0.2335  0.0474  0.0009  0.0015  0.0018  0.0012  0.0010  0.0020  0.0103  0.0011  0.0000  0.0014  0.0000  0.0000  0.0000
 0.7502  0.0000  0.0526  0.6218  1.0000  0.0492  0.3745  0.2216  0.1842  0.9561  0.2972  0.1042  0.5696  0.2783  0.6776  0.5628  0.7580  0.7117  0.2885  0.0169  0.0000  0.0374  0.0000  0.0000  0.0000
 0.0409  0.0000  0.0106  0.0053  0.0087  0.9930  0.0084  0.0014  1.0000  0.0113  0.1740  0.1565  0.0068  0.0086  0.0057  0.0084  0.0112  0.2343  0.7852  0.0040  0.0000  0.0133  0.0000  0.0000  0.0000
 0.3758  0.0000  0.0338  0.0175  0.0278  0.0149  0.1058  0.0060  0.0834  0.0293  0.0699  0.2223  0.0174  0.3883  0.0209  0.0193  0.1625  0.0891  1.0000  0.0039  0.0000  0.0078  0.0000  0.0000  0.0000
 0.0357  0.0000  0.0005  0.0004  0.0004  0.0083  0.0015  0.0002  0.0010  0.0003  0.0022  0.0005  0.0003  0.0008  0.0002  0.0003  0.0011  0.0006  0.0011  0.0019  0.0000  1.0000  0.0000  0.0000  0.0000
 0.0029  0.0000  0.0006  0.0002  0.0147  0.0007  0.0001  0.0001  0.0044  0.0005  0.0346  0.0010  0.0002  0.0006  0.0004  0.0003  0.0005  0.0020  1.0000  0.0001  0.0000  0.0002  0.0000  0.0000  0.0000
 0.0038  0.0000  0.0005  0.0008  0.0006  0.0002  0.0018  0.0002  0.0005  0.0008  0.0006  0.0003  0.0013  1.0000  0.0006  0.0005  0.0283  0.0635  0.0010  0.0001  0.0000  0.0002  0.0000  0.0000  0.0000
 0.1850  0.0000  0.0062  0.0073  0.0065  0.0027  0.2766  0.0138  0.0044  0.0079  0.0255  0.0033  0.0096  0.0654  0.0057  0.0054  1.0000  0.1588  0.0113  0.0012  0.0000  0.0025  0.0000  0.0000  0.0000
 0.0000  0.0000  0.0000  0.0000  0.0000  0.0000  0.0000  1.0000  0.0000  0.0000  0.0000  0.0000  0.0000  0.0000  0.0000  0.0000  0.0000  0.0000  0.0000  0.0000  0.0000  0.0000  0.0000  0.0000  0.0000
 0.0000  0.0000  0.0000  0.0000  0.0000  0.0000  0.0000  0.0000  0.0000  0.0000  1.0000  0.0000  0.0000  0.0000  0.0000  0.0000  0.0000  0.0000  0.0000  0.0000  0.0000  0.0000  0.0000  0.0000  0.0000
 0.0319  0.0000  0.0107  0.0410  0.0205  0.1915  0.0293  0.6831  0.0226  0.0209  0.0375  0.0127  0.0348  0.0141  0.0349  0.0220  0.3042  0.0258  0.0290  0.0108  0.0000  1.0000  0.0000  0.0000  0.0000
 0.0223  0.0000  0.0051  0.0101  0.0172  0.0308  0.0139  1.0000  0.0461  0.0508  0.3706  0.0304  0.0170  0.0118  0.1160  0.0439  0.0153  0.0174  0.0314  0.0058  0.0000  0.1179  0.0000  0.0000  0.0000
 0.0008  0.0000  0.0003  0.0002  0.0002  0.0018  0.0004  0.0002  0.0368  0.0003  0.0087  1.0000  0.0002  0.0004  0.0003  0.0003  0.0003  0.0005  0.0019  0.0003  0.0000  0.0005  0.0000  0.0000  0.0000
 0.0015  0.0000  0.0004  0.0002  0.0004  0.0036  0.0003  0.0003  0.0537  0.0005  1.0000  0.0736  0.0004  0.0006  0.0007  0.0005  0.0004  0.0010  0.2568  0.0004  0.0000  0.0005  0.0000  0.0000  0.0000
 0.0003  0.0000  0.0002  0.0001  0.0001  1.0000  0.0001  0.0000  0.0007  0.0000  0.0018  0.0004  0.0000  0.0001  0.0000  0.0000  0.0002  0.0002  0.0007  0.0017  0.0000  0.0332  0.0000  0.0000  0.0000
 0.0014  0.0000  0.0000  0.0035  1.0000  0.0002  0.0008  0.0004  0.0002  0.0134  0.0004  0.0001  0.0006  0.0010  0.0017  0.0006  0.0007  0.0006  0.0003  0.0001  0.0000  0.0002  0.0000  0.0000  0.0000
 0.0020  0.0000  0.0005  0.0004  0.0005  0.0037  0.0009  0.0004  0.0067  0.0007  1.0000  0.0043  0.0006  0.0010  0.0008  0.0007  0.0011  0.1527  0.0041  0.0005  0.0000  0.0007  0.0000  0.0000  0.0000
 0.0072  0.0000  0.0019  0.0009  0.0018  1.0000  0.0015  0.0012  0.0661  0.0024  0.3901  0.0206  0.0017  0.0027  0.0032  0.0023  0.0021  0.0047  0.4361  0.0023  0.0000  0.0039  0.0000  0.0000  0.0000
 0.0000  0.0000  0.0000  0.0000  0.0000  0.0000  0.0000  0.0000  0.0000  1.0000  0.0000  0.0000  0.0000  0.0000  0.0000  0.0000  0.0000  0.0000  0.0000  0.0000  0.0000  0.0000  0.0000  0.0000  0.0000
 0.0000  0.0000  0.0000  0.0000  0.0000  0.0000  0.0000  0.0000  0.0000  0.0000  0.0000  0.0000  1.0000  0.0000  0.0000  0.0000  0.0000  0.0000  0.0000  0.0000  0.0000  0.0000  0.0000  0.0000  0.0000
 0.6382  0.0000  0.0020  0.0015  0.0018  0.0007  0.0109  0.0004  0.0009  0.0019  0.0019  0.0009  0.0014  0.0049  0.0013  0.0014  1.0000  0.0039  0.0032  0.0003  0.0000  0.0006  0.0000  0.0000  0.0000
 0.0014  0.0000  0.0004  0.0002  0.0004  0.0039  0.0003  0.0003  0.0071  0.0005  0.6651  1.0000  0.0004  0.0006  0.0007  0.0005  0.0004  0.0008  0.0039  0.0005  0.0000  0.0005  0.0000  0.0000  0.0000
 0.0000  0.0000  0.0000  0.0000  0.0000  0.0000  0.0000  0.0000  0.0000  0.0000  0.0000  0.0000  0.0000  0.0000  0.0000  1.0000  0.0000  0.0000  0.0000  0.0000  0.0000  0.0000  0.0000  0.0000  0.0000
 1.0000  0.0000  0.0000  0.0000  0.0000  0.0000  0.0000  0.0000  0.0000  0.0000  0.0000  0.0000  0.0000  0.0000  0.0000  0.0000  0.0000  0.0000  0.0000  0.0000  0.0000  0.0000  0.0000  0.0000  0.0000
 0.0187  0.0000  0.0039  0.0011  0.0029  0.0030  0.0004  0.0007  0.1021  0.0030  0.0182  0.0048  0.0016  0.0040  0.0021  0.0018  0.0034  0.6821  1.0000  0.0005  0.0000  0.0011  0.0000  0.0000  0.0000
 0.1040  0.0000  0.0209  0.0060  0.0276  0.0115  0.0011  0.0043  0.2161  0.0166  0.0738  0.2533  0.0090  0.0227  0.3575  0.0095  0.0681  0.1281  1.0000  0.0021  0.0000  0.0041  0.0000  0.0000  0.0000
 0.0015  0.0000  0.0000  0.0611  1.0000  0.0001  0.0007  0.0004  0.0002  0.0015  0.0004  0.0001  0.0007  0.0010  0.0020  0.0004  0.0008  0.0007  0.0004  0.0001  0.0000  0.0002  0.0000  0.0000  0.0000
 0.3845  0.0000  0.1319  0.1554  0.2145  0.5592  0.2500  1.0000  0.2950  0.3422  0.6853  0.1659  0.5122  0.1573  0.2913  0.9599  0.4645  0.7246  0.3764  0.1380  0.0000  0.8530  0.0000  0.0000  0.0000
 0.0103  0.0000  0.0034  0.0103  0.0071  0.2397  0.0106  1.0000  0.0070  0.0087  0.0118  0.0040  0.0441  0.0048  0.1319  0.0084  0.0107  0.0084  0.0090  0.0034  0.0000  0.3231  0.0000  0.0000  0.0000
 0.7295  0.0000  0.0516  0.5749  1.0000  0.0577  0.4142  0.1379  0.1768  0.8496  0.2900  0.1477  0.4629  0.2528  0.5499  0.4849  0.6819  0.5276  0.2753  0.0189  0.0000  0.0522  0.0000  0.0000  0.0000
 0.3657  0.0000  0.0096  1.0000  0.2206  0.0347  0.1057  0.0218  0.0332  0.1632  0.0535  0.0390  0.5260  0.0483  0.2589  0.0922  0.3655  0.3790  0.0867  0.0032  0.0000  0.0077  0.0000  0.0000  0.0000
 0.2052  0.0000  0.0191  0.3027  0.1990  0.0060  0.0454  0.0145  0.0223  0.2935  0.0360  0.0126  0.2058  0.0327  0.1095  0.1906  1.0000  0.0874  0.0340  0.0481  0.0000  0.0045  0.0000  0.0000  0.0000
 0.5163  0.0000  0.1012  1.0000  0.6608  0.0332  0.3782  0.0792  0.1213  0.9168  0.2951  0.0686  0.4730  0.3295  0.3808  0.3838  0.5778  0.3864  0.1849  0.0228  0.0000  0.0260  0.0000  0.0000  0.0000
 0.4225  0.0000  0.0282  0.8516  1.0000  0.0432  0.1986  0.0943  0.1730  0.7848  0.1979  0.0556  0.2581  0.1746  0.5474  0.3931  0.3827  0.4397  0.2490  0.0094  0.0000  0.0221  0.0000  0.0000  0.0000
 0.7540  0.0000  0.0530  0.6276  1.0000  0.0502  0.3797  0.1215  0.1863  0.9217  0.3010  0.1057  0.4921  0.2723  0.5835  0.5196  0.7303  0.5714  0.2913  0.0172  0.0000  0.0387  0.0000  0.0000  0.0000
 0.4754  0.0000  0.0772  0.0590  0.0787  0.5348  0.0947  0.1558  0.1744  0.0838  1.0000  0.1313  0.0884  0.1559  0.0847  0.1001  0.1842  0.1143  0.2430  0.0533  0.0000  0.6567  0.0000  0.0000  0.0000
 0.0041  0.0000  0.0006  0.0009  0.0007  0.0003  0.0019  0.0002  0.0006  0.0009  0.0007  0.0003  0.0014  1.0000  0.0007  0.0006  0.0223  0.0870  0.0011  0.0001  0.0000  0.0003  0.0000  0.0000  0.0000
 0.0922  0.0000  0.0040  0.0028  0.0036  0.0016  0.0200  0.0007  0.0036  0.0230  0.0049  0.0021  0.0026  1.0000  0.0028  0.0029  0.0344  0.0084  0.1764  0.0005  0.0000  0.0011  0.0000  0.0000  0.0000
 0.0026  0.0000  0.0008  0.0004  0.0006  0.0026  0.0008  0.0001  1.0000  0.0009  0.1504  0.0026  0.0005  0.0005  0.0003  0.0007  0.0009  0.2401  0.4769  0.0003  0.0000  0.0012  0.0000  0.0000  0.0000
 0.0041  0.0000  0.0004  0.0008  0.1465  0.0009  0.0029  0.0380  0.0018  1.0000  0.0042  0.0014  0.0040  0.0032  0.2191  0.5446  0.0034  0.0609  0.0023  0.0006  0.0000  0.0018  0.0000  0.0000  0.0000
 0.0643  0.0000  0.0251  0.0004  0.0013  0.0011  0.0001  0.0003  0.3552  0.0013  0.0667  0.0020  0.0006  0.0018  0.0009  0.0007  0.0012  0.0901  1.0000  0.0002  0.0000  0.0004  0.0000  0.0000  0.0000
 0.3582  0.0000  0.0676  0.0713  0.1008  0.2315  0.1074  0.3645  1.0000  0.1083  0.4114  0.4785  0.1755  0.0784  0.1366  0.1630  0.1401  0.3476  0.4252  0.0602  0.0000  0.3220  0.0000  0.0000  0.0000
 0.0006  0.0000  0.0002  0.0001  0.0002  0.0009  0.0003  0.0000  0.3241  0.0003  0.0369  0.0009  0.0002  0.0001  0.0001  0.0002  0.0003  0.0007  1.0000  0.0001  0.0000  0.0004  0.0000  0.0000  0.0000
 1.0000  0.0000  0.1342  0.0038  0.0044  0.0023  0.0114  0.0013  0.0131  0.0052  0.0104  0.0038  0.0054  0.0091  0.0038  0.0033  0.1272  0.3523  0.3956  0.0007  0.0000  0.0014  0.0000  0.0000  0.0000
 0.2458  0.0000  0.0115  0.5286  1.0000  0.0284  0.1482  0.0976  0.0476  0.5501  0.1058  0.0354  0.1999  0.1526  0.3551  0.3557  0.1781  0.1543  0.0763  0.0161  0.0000  0.0485  0.0000  0.0000  0.0000
 0.0000  0.0000  0.0000  0.0000  0.0000  0.0000  1.0000  0.0000  0.0000  0.0000  0.0000  0.0000  0.0000  0.0000  0.0000  0.0000  0.0000  0.0000  0.0000  0.0000  0.0000  0.0000  0.0000  0.0000  0.0000
 0.4884  0.0000  0.0235  0.2892  0.5748  0.0220  0.2627  0.0535  0.2211  1.0000  0.1693  0.0467  0.2857  0.1210  0.2693  0.2817  0.3507  0.2658  0.1397  0.0076  0.0000  0.0167  0.0000  0.0000  0.0000
 0.0000  0.0000  0.0000  0.0000  1.0000  0.0000  0.0000  0.0000  0.0000  0.0000  0.0000  0.0000  0.0000  0.0000  0.0000  0.0000  0.0000  0.0000  0.0000  0.0000  0.0000  0.0000  0.0000  0.0000  0.0000
 0.0000  0.0000  0.0000  1.0000  0.0000  0.0000  0.0000  0.0000  0.0000  0.0000  0.0000  0.0000  0.0000  0.0000  0.0000  0.0000  0.0000  0.0000  0.0000  0.0000  0.0000  0.0000  0.0000  0.0000  0.0000
 0.0035  0.0000  0.0011  0.0007  0.0010  0.0069  0.0015  0.0003  0.6789  0.0015  1.0000  0.0314  0.0010  0.0009  0.0009  0.0013  0.0014  0.0036  0.7090  0.0008  0.0000  0.0022  0.0000  0.0000  0.0000
 0.0108  0.0000  0.1959  0.0043  0.0027  0.0011  0.0034  0.0012  0.0030  0.0041  0.0028  0.0015  0.0077  0.0053  0.0032  0.0026  0.4197  1.0000  0.0049  0.0007  0.0000  0.0012  0.0000  0.0000  0.0000
 0.0006  0.0000  0.0002  0.0001  0.0002  0.0009  0.0003  0.0000  1.0000  0.0003  0.0575  0.0009  0.0002  0.0001  0.0001  0.0002  0.0003  0.0007  0.2999  0.0001  0.0000  0.0004  0.0000  0.0000  0.0000
 0.0008  0.0000  0.0001  0.0003  0.0011  0.0002  0.0008  0.0007  0.0003  1.0000  0.0008  0.0003  0.0008  0.0008  0.0017  0.0130  0.0007  0.0008  0.0004  0.0002  0.0000  0.0004  0.0000  0.0000  0.0000
 0.0015  0.0000  0.0005  0.0004  0.0004  0.0025  0.0007  0.0000  1.0000  0.0007  0.0375  0.3879  0.0004  0.0003  0.0003  0.0005  0.0007  0.0017  0.4150  0.0003  0.0000  0.0010  0.0000  0.0000  0.0000
 0.0022  0.0000  0.0004  0.0007  0.0005  0.0002  0.0008  0.0002  0.0005  0.0007  0.0005  0.0109  0.0013  0.0010  0.0006  0.0005  1.0000  0.0380  0.0009  0.0001  0.0000  0.0002  0.0000  0.0000  0.0000
 0.0000  0.0000  0.0000  1.0000  0.0000  0.0000  0.0000  0.0000  0.0000  0.0000  0.0000  0.0000  0.0000  0.0000  0.0000  0.0000  0.0000  0.0000  0.0000  0.0000  0.0000  0.0000  0.0000  0.0000  0.0000
 0.0365  0.0000  0.0032  0.0141  0.9674  0.0061  0.0235  0.0247  0.0136  0.3061  0.1410  0.0441  0.0757  0.0242  0.3234  1.0000  0.0313  0.0580  0.0186  0.0043  0.0000  0.0121  0.0000  0.0000  0.0000
 0.0000  0.0000  0.0000  0.0000  0.0000  0.0000  1.0000  0.0000  0.0000  0.0000  0.0000  0.0000  0.0000  0.0000  0.0000  0.0000  0.0000  0.0000  0.0000  0.0000  0.0000  0.0000  0.0000  0.0000  0.0000
 0.0049  0.0000  0.0005  0.0010  0.0007  0.0003  1.0000  0.0003  0.0003  0.0007  0.0006  0.0002  0.0009  0.0015  0.0005  0.0005  0.0124  0.0010  0.0008  0.0001  0.0000  0.0002  0.0000  0.0000  0.0000
 0.0000  0.0000  0.0000  0.0000  0.0000  0.0000  1.0000  0.0000  0.0000  0.0000  0.0000  0.0000  0.0000  0.0000  0.0000  0.0000  0.0000  0.0000  0.0000  0.0000  0.0000  0.0000  0.0000  0.0000  0.0000
 0.0010  0.0000  0.0003  0.0002  0.0003  0.0012  0.0004  0.0000  1.0000  0.0004  0.0066  0.0012  0.0002  0.0002  0.0001  0.0003  0.0004  0.0011  0.6944  0.0002  0.0000  0.0006  0.0000  0.0000  0.0000
 0.0994  0.0000  0.0010  0.0008  0.0009  0.0004  0.0057  0.0002  0.0005  0.0011  0.0010  0.0005  0.0007  1.0000  0.0007  0.0348  0.0432  0.0019  0.0017  0.0001  0.0000  0.0003  0.0000  0.0000  0.0000
 0.0556  0.0000  0.0139  0.0070  0.0174  0.1690  0.0125  0.0133  0.2716  0.0457  1.0000  0.1832  0.0157  0.0245  0.0341  0.3725  0.0171  0.0336  0.1482  0.0172  0.0000  0.0194  0.0000  0.0000  0.0000
 0.0685  0.0000  0.0120  0.0254  0.0186  0.0063  0.0274  0.0089  0.0163  0.0383  0.0175  0.0089  0.0445  0.0311  0.0225  0.5402  1.0000  0.2721  0.0272  0.0040  0.0000  0.0076  0.0000  0.0000  0.0000
 0.7275  0.0000  0.0490  0.5675  0.9196  0.0476  0.4742  0.1248  0.2202  1.0000  0.2759  0.0967  0.4493  0.2494  0.5788  0.4933  0.6980  0.5280  0.2701  0.0163  0.0000  0.0380  0.0000  0.0000  0.0000
 0.0095  0.0000  0.0023  0.0010  0.0019  0.0079  0.0014  0.0006  1.0000  0.0024  0.5949  0.0380  0.0015  0.0023  0.0018  0.0018  0.1240  0.2048  0.1075  0.0010  0.0000  0.0022  0.0000  0.0000  0.0000
 0.1264  0.0000  0.0013  1.0000  0.8057  0.0069  0.0296  0.0183  0.0096  0.0784  0.0177  0.0072  0.0334  0.6087  0.1572  0.0364  0.1250  0.0348  0.0182  0.0032  0.0000  0.0092  0.0000  0.0000  0.0000
 0.0309  0.0000  0.0028  0.0105  0.0945  0.0057  0.0202  0.0740  0.0119  0.4197  0.2887  0.0089  0.0888  0.0209  0.2592  1.0000  0.0264  0.0488  0.0431  0.0039  0.0000  0.0113  0.0000  0.0000  0.0000
 0.0018  0.0000  0.0006  0.0004  0.0005  0.0033  0.0007  0.0001  0.4705  0.0007  1.0000  0.0035  0.0005  0.0005  0.0004  0.0006  0.0007  0.0018  0.3049  0.0004  0.0000  0.0011  0.0000  0.0000  0.0000
 0.0006  0.0000  0.0003  0.0001  0.0002  1.0000  0.0002  0.0000  0.0013  0.0000  0.0032  0.0007  0.0000  0.0003  0.0000  0.0000  0.0004  0.0004  0.0012  0.2646  0.0000  0.0122  0.0000  0.0000  0.0000
 0.0185  0.0000  0.0039  0.0154  0.0717  0.0022  0.0102  0.0040  0.0055  0.3458  0.0054  0.0028  0.3656  0.0102  0.0079  0.0073  0.5627  1.0000  0.0086  0.0014  0.0000  0.0030  0.0000  0.0000  0.0000
 0.0000  0.0000  0.0000  0.0000  0.0000  0.0000  0.0000  0.0000  0.0000  0.0000  0.0000  0.0000  0.0000  0.0000  0.0000  0.0000  0.0000  0.0000  0.0000  0.0000  0.0000  1.0000  0.0000  0.0000  0.0000
 0.0027  0.0000  0.0007  0.0003  0.0007  0.0066  0.0005  0.0452  0.0125  0.0010  0.4325  1.0000  0.0007  0.0011  0.0013  0.0009  0.0009  0.0940  0.0071  0.0008  0.0000  0.0008  0.0000  0.0000  0.0000
 0.0000  0.0000  0.0000  0.0000  0.0000  0.0000  0.0000  0.0000  0.0000  0.0000  0.0000  0.0000  0.0000  0.0000  0.0000  0.0000  0.0000  0.0000  0.0000  0.0000  0.0000  1.0000  0.0000  0.0000  0.0000
 0.0023  0.0000  0.0005  0.0009  0.0006  0.0002  0.0008  0.0003  0.0006  0.0009  0.0006  0.0003  0.0016  0.0011  0.0007  0.0005  1.0000  0.2321  0.0010  0.0001  0.0000  0.0003  0.0000  0.0000  0.0000
 0.0000  0.0000  0.0000  0.0000  0.0000  0.0000  0.0000  0.0000  0.0000  0.0000  0.0000  0.0000  0.0000  0.0000  0.0000  0.0000  0.0000  1.0000  0.0000  0.0000  0.0000  0.0000  0.0000  0.0000  0.0000
 1.0000  0.0000  0.0011  0.0007  0.0009  0.0005  0.0041  0.0002  0.0023  0.0010  0.0021  0.0007  0.0006  0.0022  0.0007  0.0007  0.0039  0.0026  0.1580  0.0002  0.0000  0.0003  0.0000  0.0000  0.0000
 0.0176  0.0000  0.0016  0.1958  0.1592  0.0021  0.0217  0.0083  0.0030  0.2008  0.0057  0.0021  0.0588  1.0000  0.0201  0.1630  0.0596  0.0129  0.0049  0.0011  0.0000  0.0040  0.0000  0.0000  0.0000
 0.3735  0.0000  0.0224  0.2529  0.5020  0.0209  0.1543  0.0506  0.0767  0.3835  0.1682  0.0434  0.8394  0.2202  1.0000  0.9805  0.5843  0.7768  0.1168  0.0075  0.0000  0.0168  0.0000  0.0000  0.0000
 0.0043  0.0000  0.0005  0.0009  0.0007  0.0003  0.0033  0.0003  0.0003  0.0008  0.0007  0.0002  0.0006  1.0000  0.0005  0.0007  0.0143  0.0011  0.0008  0.0002  0.0000  0.0003  0.0000  0.0000  0.0000
 0.7738  0.0000  0.0675  0.6902  1.0000  0.0841  0.3893  0.1524  0.2031  0.9257  0.4020  0.1148  0.5746  0.3143  0.6468  0.5822  0.9202  0.5929  0.3640  0.0261  0.0000  0.0874  0.0000  0.0000  0.0000
 0.6114  0.0000  0.1188  0.4504  0.6313  0.4214  0.3649  0.3665  0.3825  0.8182  1.0000  0.3824  0.3758  0.2268  0.4083  0.4883  0.5276  0.5052  0.5887  0.1078  0.0000  0.5616  0.0000  0.0000  0.0000
 0.1007  0.0000  0.0038  1.0000  0.9895  0.0043  0.2371  0.0107  0.0106  0.0596  0.0497  0.0066  0.0352  0.2080  0.0497  0.0499  0.5575  0.0351  0.0180  0.0017  0.0000  0.0047  0.0000  0.0000  0.0000
 0.5298  0.0000  0.0395  1.0000  0.7335  0.0393  0.5967  0.1795  0.1276  0.6382  0.2066  0.1171  0.6219  0.6613  0.4257  0.3591  0.5663  0.5667  0.1945  0.0138  0.0000  0.0373  0.0000  0.0000  0.0000
 0.5394  0.0000  0.0357  0.6605  0.6108  0.0433  0.2494  0.1747  0.1202  0.5833  0.3975  0.0679  0.3976  0.1695  0.3603  0.3434  1.0000  0.7700  0.2525  0.0139  0.0000  0.0418  0.0000  0.0000  0.0000
 0.7228  0.0000  0.0594  0.6535  1.0000  0.1838  0.4187  0.2324  0.1940  0.8599  0.3139  0.1096  0.4672  0.2790  0.6090  0.6843  0.7111  0.5542  0.2952  0.0272  0.0000  0.0974  0.0000  0.0000  0.0000
 0.8718  0.0000  0.0537  0.6265  0.9928  0.0536  0.4663  0.1398  0.1867  1.0000  0.3369  0.1056  0.6130  0.2715  0.5820  0.5721  0.7530  0.6586  0.3085  0.0181  0.0000  0.0437  0.0000  0.0000  0.0000
 1.0000  0.0000  0.0147  0.0137  0.0170  0.0222  0.2133  0.0420  0.0157  0.0191  0.0434  0.0342  0.0162  0.1047  0.0153  0.0172  0.0682  0.3334  0.8245  0.0063  0.0000  0.0288  0.0000  0.0000  0.0000
 0.0055  0.0000  0.0008  0.0042  0.0216  0.0005  0.0018  0.0008  0.0113  0.0038  0.0019  0.0008  0.0026  1.0000  0.0158  0.0023  0.0088  0.2317  0.0038  0.0003  0.0000  0.0006  0.0000  0.0000  0.0000
 0.0015  0.0000  0.0004  0.0002  0.0004  0.0042  0.0003  0.0003  0.0074  0.0005  1.0000  0.5524  0.0004  0.0006  0.0008  0.0005  0.0004  0.0008  0.0040  0.0238  0.0000  0.0007  0.0000  0.0000  0.0000
 1.0000  0.0000  0.0007  0.0005  0.0006  0.0003  0.0112  0.0001  0.0003  0.0007  0.0161  0.0003  0.0005  0.0018  0.0005  0.0005  0.0038  0.0083  0.0012  0.0001  0.0000  0.0002  0.0000  0.0000  0.0000
 0.0017  0.0000  0.0005  0.0177  0.0010  0.0004  1.0000  0.0007  0.0003  0.0011  0.0007  0.0002  0.0024  0.0015  0.0007  0.0009  0.0017  0.0009  0.0005  0.0003  0.0000  0.0005  0.0000  0.0000  0.0000
 0.0011  0.0000  0.0006  0.0002  0.0003  1.0000  0.0002  0.0000  0.0024  0.0000  0.0355  0.0012  0.0000  0.0004  0.0000  0.0000  0.0008  0.0007  0.0022  0.0054  0.0000  0.9914  0.0000  0.0000  0.0000
 0.0054  0.0000  0.0009  0.0011  0.0008  0.0005  1.0000  0.0004  0.0005  0.0008  0.0010  0.0003  0.0007  0.0020  0.0006  0.0009  0.0027  0.0012  0.0164  0.0004  0.0000  0.0005  0.0000  0.0000  0.0000
 0.0005  0.0000  0.0151  0.0001  0.0001  0.0397  0.0001  0.0000  0.0010  0.0000  0.0025  0.0163  0.0000  0.0002  0.0000  0.0000  0.0003  0.0003  0.0009  0.0023  0.0000  1.0000  0.0000  0.0000  0.0000
 0.0217  0.0000  0.0006  0.0006  0.0006  0.0002  1.0000  0.0001  0.0003  0.0007  0.0006  0.0003  0.0006  0.0016  0.0005  0.0075  0.0032  0.0011  0.0010  0.0001  0.0000  0.0002  0.0000  0.0000  0.0000
 0.0008  0.0000  0.0158  0.0001  0.0002  0.0019  0.0001  0.0001  0.0377  0.0002  1.0000  0.0024  0.0002  0.0003  0.0004  0.0002  0.0002  0.0004  0.0021  0.0002  0.0000  0.0003  0.0000  0.0000  0.0000
 0.0020  0.0000  0.0003  0.0015  0.0012  0.0005  0.0038  0.0006  0.0005  0.0015  0.0012  0.0002  0.0008  1.0000  0.0161  0.0013  0.0014  0.0009  0.0007  0.0005  0.0000  0.0004  0.0000  0.0000  0.0000
 0.0008  0.0000  0.0002  0.0001  0.0002  0.0195  0.0002  0.0002  1.0000  0.0003  0.1332  0.0027  0.0002  0.0003  0.0004  0.0003  0.0002  0.0005  0.0030  0.0003  0.0000  0.0005  0.0000  0.0000  0.0000
 0.0074  0.0000  0.0128  0.0008  0.0007  0.0003  0.0195  0.0002  0.0003  0.0008  0.0007  0.0003  0.0008  0.0018  0.0005  0.0005  1.0000  0.0015  0.0012  0.0001  0.0000  0.0002  0.0000  0.0000  0.0000
 0.0018  0.0000  0.0076  0.0013  0.0009  0.0008  0.0033  0.0007  0.0007  0.0011  0.0011  0.0004  0.0009  0.0011  0.0008  1.0000  0.0009  0.0011  0.0011  0.0006  0.0000  0.0010  0.0000  0.0000  0.0000
 0.0000  0.0000  0.0000  0.0000  0.0000  0.0000  0.0000  0.0000  0.0000  0.0000  1.0000  0.0000  0.0000  0.0000  0.0000  0.0000  0.0000  0.0000  0.0000  0.0000  0.0000  0.0000  0.0000  0.0000  0.0000
 0.0000  0.0000  0.0000  0.0000  0.0000  0.0000  0.0000  0.0000  0.0000  0.0000  0.0000  0.0000  0.0000  0.0000  0.0000  0.0000  0.0000  0.0000  0.0000  0.0000  0.0000  1.0000  0.0000  0.0000  0.0000
 1.0000  0.0000  0.0000  0.0000  0.0000  0.0000  0.0000  0.0000  0.0000  0.0000  0.0000  0.0000  0.0000  0.0000  0.0000  0.0000  0.0000  0.0000  0.0000  0.0000  0.0000  0.0000  0.0000  0.0000  0.0000
 0.0016  0.0000  0.0002  0.0003  0.0022  0.0003  0.0011  0.0014  0.0007  0.3531  0.0016  0.0005  0.0015  0.0013  0.0994  1.0000  0.0013  0.0017  0.0009  0.0002  0.0000  0.0007  0.0000  0.0000  0.0000
 0.0000  0.0000  0.0000  0.0000  0.0000  0.0000  0.0000  0.0000  0.0000  0.0000  0.0000  0.0000  0.0000  0.0000  0.0000  0.0000  0.0000  0.0000  0.0000  0.0000  0.0000  1.0000  0.0000  0.0000  0.0000
 0.0000  0.0000  0.0000  0.0000  0.0000  1.0000  0.0000  0.0000  0.0000  0.0000  0.0000  0.0000  0.0000  0.0000  0.0000  0.0000  0.0000  0.0000  0.0000  0.0000  0.0000  0.0000  0.0000  0.0000  0.0000
 0.1030  0.0000  0.0228  0.5364  0.1715  0.0196  1.0000  0.4186  0.0102  0.1398  0.0226  0.0082  0.5508  0.0797  0.7565  0.0702  0.2569  0.1012  0.0176  0.0102  0.0000  0.0515  0.0000  0.0000  0.0000
 0.0000  0.0000  0.0000  0.0000  0.0000  0.0000  1.0000  0.0000  0.0000  0.0000  0.0000  0.0000  0.0000  0.0000  0.0000  0.0000  0.0000  0.0000  0.0000  0.0000  0.0000  0.0000  0.0000  0.0000  0.0000
 0.0000  0.0000  0.0000  1.0000  0.0000  0.0000  0.0000  0.0000  0.0000  0.0000  0.0000  0.0000  0.0000  0.0000  0.0000  0.0000  0.0000  0.0000  0.0000  0.0000  0.0000  0.0000  0.0000  0.0000  0.0000
 0.0008  0.0000  0.0002  0.0001  0.0002  0.0022  0.0002  0.0002  0.1013  0.0003  1.0000  0.0394  0.0002  0.0003  0.0004  0.0003  0.0002  0.0005  0.0022  0.0003  0.0000  0.0003  0.0000  0.0000  0.0000
 0.0786  0.0000  0.0135  0.0215  0.0898  0.0438  0.0552  0.1143  0.0417  0.9472  0.0855  0.0657  0.2238  0.0526  1.0000  0.3399  0.0644  0.0772  0.3323  0.0171  0.0000  0.1357  0.0000  0.0000  0.0000
 0.0012  0.0000  0.0003  0.0002  0.0003  0.0172  0.0003  0.0002  0.2756  0.0005  1.0000  0.0035  0.0003  0.0004  0.0005  0.0004  0.0004  0.0009  0.0941  0.0003  0.0000  0.0005  0.0000  0.0000  0.0000
 0.1028  0.0000  0.0344  0.0371  0.0508  0.2847  0.0596  0.1247  1.0000  0.0551  0.6026  0.1384  0.0565  0.0417  0.0724  0.0649  0.0731  0.0763  0.2701  0.0366  0.0000  0.9852  0.0000  0.0000  0.0000
 0.0051  0.0000  0.0005  0.0009  0.0007  0.0003  0.0034  0.0003  0.0004  0.0009  0.0007  0.0003  0.0008  0.0172  0.0006  0.0007  1.0000  0.0020  0.0010  0.0002  0.0000  0.0003  0.0000  0.0000  0.0000
 0.0060  0.0000  0.2191  0.0007  0.0015  0.0148  0.0013  0.0011  0.0279  0.0020  0.2694  1.0000  0.0014  0.0024  0.0242  0.0019  0.0017  0.0034  0.0157  0.0017  0.0000  0.0019  0.0000  0.0000  0.0000
 0.0027  0.0000  0.0001  0.0563  1.0000  0.0002  0.0012  0.0007  0.0003  0.0027  0.0006  0.0002  0.0014  0.0220  0.0034  0.0007  0.0624  0.0012  0.0006  0.0001  0.0000  0.0003  0.0000  0.0000  0.0000
 0.0000  0.0000  0.0000  0.0000  0.0000  0.0000  1.0000  0.0000  0.0000  0.0000  0.0000  0.0000  0.0000  0.0000  0.0000  0.0000  0.0000  0.0000  0.0000  0.0000  0.0000  0.0000  0.0000  0.0000  0.0000
 0.0055  0.0000  0.0019  0.0226  0.0030  0.2208  0.0036  0.0334  0.0043  0.0031  0.0299  0.0024  0.0033  0.0022  0.0032  0.0038  0.0181  0.0042  0.1081  0.0020  0.0000  1.0000  0.0000  0.0000  0.0000
 0.0000  0.0000  0.0000  0.0000  0.0000  0.0000  1.0000  0.0000  0.0000  0.0000  0.0000  0.0000  0.0000  0.0000  0.0000  0.0000  0.0000  0.0000  0.0000  0.0000  0.0000  0.0000  0.0000  0.0000  0.0000
 0.0018  0.0000  0.0004  0.0008  0.0005  0.0002  0.0006  0.0002  0.0005  0.0179  0.0005  0.0003  0.0014  0.0009  0.0006  0.0005  0.0391  1.0000  0.0008  0.0001  0.0000  0.0002  0.0000  0.0000  0.0000
 0.0014  0.0000  0.0003  1.0000  0.0014  0.0002  0.0029  0.0007  0.0002  0.0011  0.0003  0.0001  0.0036  0.0009  0.0008  0.0006  0.0221  0.0010  0.0003  0.0001  0.0000  0.0004  0.0000  0.0000  0.0000
 1.0000  0.0000  0.0013  0.0004  0.0010  0.0007  0.0005  0.0003  0.0065  0.0010  0.0238  0.0014  0.0005  0.0016  0.0008  0.0006  0.0014  0.0217  0.1506  0.0001  0.0000  0.0002  0.0000  0.0000  0.0000
 0.0255  0.0000  0.0085  0.0060  0.0295  0.0386  0.0118  0.0008  0.7655  0.0111  0.2242  0.0809  0.0073  0.0051  0.0040  0.0091  0.0111  0.0296  1.0000  0.0047  0.0000  0.5222  0.0000  0.0000  0.0000
 0.0017  0.0000  0.0005  0.0003  0.0005  0.0040  0.0005  0.0003  1.0000  0.0006  0.6242  0.0048  0.0004  0.0006  0.0007  0.0006  0.0005  0.0013  0.0255  0.0005  0.0000  0.0007  0.0000  0.0000  0.0000
 0.0118  0.0000  0.0041  0.0048  0.0064  0.0797  0.0077  0.7592  0.0091  0.0069  0.0151  0.0051  0.0072  0.0048  0.0364  0.0082  0.0094  0.0410  0.0117  0.0904  0.0000  1.0000  0.0000  0.0000  0.0000
 0.0010  0.0000  0.0003  0.0001  0.0184  0.0178  0.0002  0.0002  0.0789  0.0003  1.0000  0.0146  0.0002  0.0004  0.0005  0.0003  0.0003  0.0006  0.0028  0.0003  0.0000  0.0003  0.0000  0.0000  0.0000
 0.0069  0.0000  0.0009  0.0088  0.0092  0.0014  0.0092  0.0061  0.0023  1.0000  0.0054  0.0018  0.3204  0.0053  0.0133  0.0566  0.2991  0.0080  0.0032  0.0010  0.0000  0.0031  0.0000  0.0000  0.0000
 1.0000  0.0000  0.0585  0.0388  0.0552  0.0256  0.2838  0.0143  0.0519  0.0908  0.0991  0.0331  0.0385  0.1338  0.0493  0.3675  0.2635  0.1084  0.1353  0.0085  0.0000  0.0180  0.0000  0.0000  0.0000
 0.0008  0.0000  0.0002  0.0001  0.0002  0.0022  0.0002  0.0002  0.0501  0.0003  1.0000  0.0135  0.0002  0.0004  0.0181  0.0003  0.0002  0.0005  0.0116  0.0003  0.0000  0.0003  0.0000  0.0000  0.0000
 0.1376  0.0000  0.0114  0.0091  0.0103  0.0043  0.4293  0.0021  0.0055  0.0115  0.0111  0.0053  0.0089  0.0749  0.0080  0.0082  1.0000  0.0512  0.0424  0.0017  0.0000  0.0034  0.0000  0.0000  0.0000
 0.0396  0.0000  0.0084  0.3788  0.0187  0.0048  0.0819  0.0112  0.0107  0.0229  0.0107  0.0056  0.3446  0.0222  0.0169  0.0133  1.0000  0.9176  0.1141  0.0030  0.0000  0.0075  0.0000  0.0000  0.0000
 0.0210  0.0000  0.0005  0.7571  1.0000  0.0019  0.0079  0.0048  0.0336  0.0199  0.0048  0.0020  0.0087  0.0122  0.0258  0.0054  0.2109  0.0105  0.0553  0.0009  0.0000  0.0025  0.0000  0.0000  0.0000
 0.3963  0.0000  0.0014  0.0011  0.0013  0.0005  0.0078  0.0003  0.0006  0.0014  0.0014  0.0006  0.0010  0.0035  0.0010  0.0010  1.0000  0.0029  0.0023  0.0002  0.0000  0.0004  0.0000  0.0000  0.0000
 0.6862  0.0000  0.1874  0.2706  0.4080  0.6315  0.3284  0.4695  0.7307  0.3990  0.8249  0.2564  0.3466  0.2431  0.3569  0.3787  0.4674  0.5319  1.0000  0.1602  0.0000  0.8418  0.0000  0.0000  0.0000
 0.0014  0.0000  0.0000  0.0206  1.0000  0.0001  0.0007  0.0004  0.0002  0.0014  0.0003  0.0001  0.0007  0.0009  0.0018  0.0004  0.0007  0.0006  0.0003  0.0001  0.0000  0.0002  0.0000  0.0000  0.0000
 0.1579  0.0000  0.0168  0.0250  0.1950  0.0361  0.1004  0.1243  0.0836  1.0000  0.2298  0.0565  0.1353  0.2057  0.3309  0.8945  0.1176  0.1594  0.1297  0.0227  0.0000  0.0635  0.0000  0.0000  0.0000
 0.0000  0.0000  0.0000  0.0000  0.0000  0.0000  0.0000  0.0000  0.0000  0.0000  1.0000  0.0000  0.0000  0.0000  0.0000  0.0000  0.0000  0.0000  0.0000  0.0000  0.0000  0.0000  0.0000  0.0000  0.0000
 0.0000  0.0000  0.0000  0.0000  0.0000  0.0000  0.0000  0.0000  0.0000  0.0000  0.0000  0.0000  0.0000  1.0000  0.0000  0.0000  0.0000  0.0000  0.0000  0.0000  0.0000  0.0000  0.0000  0.0000  0.0000
 0.0016  0.0000  0.0005  0.0003  0.0004  0.0019  0.0006  0.0000  0.4501  0.0006  0.0102  0.0733  0.0004  0.0003  0.0002  0.0005  0.0006  0.0018  1.0000  0.0002  0.0000  0.0009  0.0000  0.0000  0.0000
 0.0012  0.0000  0.0006  0.0002  0.0003  1.0000  0.0002  0.0000  0.0025  0.0000  0.0061  0.0012  0.0000  0.0004  0.0000  0.0000  0.0008  0.0007  0.0023  0.0057  0.0000  0.5515  0.0000  0.0000  0.0000
 0.0021  0.0000  0.0004  0.0064  0.0020  0.0003  0.0050  0.0014  0.0002  0.0019  0.0004  0.0002  1.0000  0.0013  0.0013  0.0010  0.0613  0.0023  0.0004  0.0002  0.0000  0.0007  0.0000  0.0000  0.0000
 0.0025  0.0000  0.0002  0.0005  0.0034  0.0005  0.0018  0.0021  0.0010  1.0000  0.0024  0.0008  0.0024  0.0019  0.0057  0.0692  0.0021  0.0924  0.0014  0.0004  0.0000  0.0011  0.0000  0.0000  0.0000
 0.2378  0.0000  0.0030  0.0055  0.0037  0.0014  0.0065  0.0016  0.0038  0.0055  0.0038  0.0020  0.0096  0.0073  0.0042  0.1002  1.0000  0.7650  0.0065  0.0009  0.0000  0.0016  0.0000  0.0000  0.0000
 1.0000  0.0000  0.0020  0.0024  0.0020  0.0008  0.0080  0.0006  0.0016  0.0026  0.0022  0.0011  0.0034  0.0048  0.0019  0.0017  0.5167  0.1341  0.0037  0.0004  0.0000  0.0008  0.0000  0.0000  0.0000
 0.5485  0.0000  0.1818  0.2262  0.2981  0.7729  0.3560  0.5518  0.4204  0.3898  0.7886  0.2390  0.3582  0.2512  0.3305  0.4551  0.6150  0.4733  0.5241  0.3773  0.0000  1.0000  0.0000  0.0000  0.0000
 0.0032  0.0000  0.0003  0.0006  0.0044  0.0007  0.0024  0.0028  0.0013  1.0000  0.0032  0.0010  0.0031  0.0026  0.0074  0.7137  0.0026  0.0034  0.0018  0.0005  0.0000  0.0014  0.0000  0.0000  0.0000
 0.0289  0.0000  0.0067  0.1130  0.0409  0.4196  0.0820  1.0000  0.0068  0.0533  0.0143  0.0047  0.3043  0.0216  0.1167  0.0350  0.0647  0.0297  0.0092  0.0040  0.0000  0.0195  0.0000  0.0000  0.0000
 0.0018  0.0000  0.0006  0.0003  0.0004  0.0197  0.0007  0.0001  0.0023  0.0002  0.0622  0.0012  0.0002  0.0006  0.0002  0.0002  0.0296  0.0009  0.0021  0.0042  0.0000  1.0000  0.0000  0.0000  0.0000
 0.0718  0.0000  0.0051  0.1387  0.2372  0.0048  0.1092  0.0119  0.0178  1.0000  0.0620  0.0101  0.2160  0.0263  0.8280  0.6982  0.0697  0.2122  0.0271  0.0017  0.0000  0.0038  0.0000  0.0000  0.0000
 0.8043  0.0000  0.0324  0.0353  0.0455  0.1482  0.0422  0.0572  0.0979  0.0499  0.1834  0.4194  0.0866  0.0978  0.0444  0.0464  0.2634  1.0000  0.3129  0.0203  0.0000  0.1005  0.0000  0.0000  0.0000
 0.2437  0.0000  0.1112  0.0456  0.0513  0.0182  0.0795  0.0188  0.2305  0.0561  0.0345  0.0751  0.5612  0.0387  0.0402  0.0756  0.9099  1.0000  0.0417  0.0069  0.0000  0.0233  0.0000  0.0000  0.0000
 1.0000  0.0000  0.2191  0.5551  0.8325  0.7183  0.5338  0.6176  0.5764  0.8115  0.8537  0.2897  0.5985  0.3989  0.6439  0.6365  0.8944  0.8576  0.8372  0.1912  0.0000  0.9971  0.0000  0.0000  0.0000
 0.0577  0.0000  0.0013  0.1495  1.0000  0.0053  0.0246  0.0143  0.0069  0.0592  0.0130  0.0053  0.0277  0.3029  0.1889  0.0188  0.0629  0.0263  0.0134  0.0025  0.0000  0.0633  0.0000  0.0000  0.0000
 1.0000  0.0000  0.0026  0.0030  0.0026  0.0011  0.0100  0.0008  0.0027  0.0034  0.0337  0.0015  0.0044  0.0062  0.0025  0.0023  0.0586  0.3324  0.0062  0.0005  0.0000  0.0010  0.0000  0.0000  0.0000
 0.6662  0.0000  0.0568  1.0000  0.1027  0.0254  0.9767  0.0465  0.0246  0.0979  0.0543  0.0246  0.2407  0.1498  0.0675  0.0591  0.4605  0.1245  0.0854  0.0104  0.0000  0.0333  0.0000  0.0000  0.0000
 0.0000  0.0000  0.0000  1.0000  0.0000  0.0000  0.0000  0.0000  0.0000  0.0000  0.0000  0.0000  0.0000  0.0000  0.0000  0.0000  0.0000  0.0000  0.0000  0.0000  0.0000  0.0000  0.0000  0.0000  0.0000
 0.0000  0.0000  0.0000  0.0000  0.0000  0.0000  0.0000  0.0000  0.0000  0.0000  0.0000  0.0000  0.0000  0.0000  0.0000  0.0000  0.0000  0.0000  0.0000  1.0000  0.0000  0.0000  0.0000  0.0000  0.0000
 1.0000  0.0000  0.3983  0.1349  0.1096  0.0578  0.5743  0.0368  0.0656  0.1160  0.1169  0.0527  0.1395  0.2626  0.0868  0.0909  0.9137  0.3801  0.1868  0.0266  0.0000  0.0540  0.0000  0.0000  0.0000
 0.5216  0.0000  0.1168  0.0767  0.1202  0.1775  0.0762  0.1160  0.5105  0.1360  0.4805  0.1452  0.1351  0.1390  0.1116  0.1116  0.2435  0.4941  1.0000  0.0420  0.0000  0.1865  0.0000  0.0000  0.0000
 0.0635  0.0000  0.0065  0.0160  0.0153  0.0030  0.0379  0.0038  0.0040  0.0146  0.0076  0.0034  0.0153  1.0000  0.4513  0.0101  0.1529  0.0258  0.0115  0.0014  0.0000  0.0032  0.0000  0.0000  0.0000
 0.0803  0.0000  0.0055  0.0073  0.0059  0.0023  0.0242  0.0018  0.0053  0.0071  0.0067  0.0031  0.0470  0.0133  0.0051  0.0047  1.0000  0.0373  0.1410  0.0010  0.0000  0.0021  0.0000  0.0000  0.0000
 0.1169  0.0000  0.0129  0.0438  0.1436  0.0201  0.0763  0.0791  0.0444  1.0000  0.0944  0.0324  0.1473  0.0801  0.2375  0.7751  0.6029  0.3044  0.0611  0.0145  0.0000  0.0403  0.0000  0.0000  0.0000
 0.0139  0.0000  0.0003  0.1791  1.0000  0.0013  0.0061  0.0036  0.0017  0.0599  0.0032  0.0013  0.0327  0.0288  0.0916  0.0041  0.0077  0.0064  0.0032  0.0006  0.0000  0.0848  0.0000  0.0000  0.0000
 0.0905  0.0000  0.0412  0.0051  0.0084  0.0125  0.0114  0.0105  0.0112  0.0376  0.0155  0.0053  0.0080  1.0000  0.0096  0.0537  0.0155  0.0416  0.0357  0.0034  0.0000  0.0424  0.0000  0.0000  0.0000
 0.0249  0.0000  0.0024  0.0044  0.0345  0.0054  0.0176  0.0222  0.0108  1.0000  0.1820  0.0084  0.0240  0.0195  0.0588  0.4130  0.0204  0.0680  0.0142  0.0039  0.0000  0.0383  0.0000  0.0000  0.0000
 0.0296  0.0000  0.0064  1.0000  0.0462  0.0055  0.0907  0.0277  0.0724  0.3698  0.0072  0.0027  0.9295  0.0223  0.0276  0.0215  0.1198  0.0350  0.0060  0.0029  0.0000  0.0141  0.0000  0.0000  0.0000
 0.7870  0.0000  0.1031  0.0895  0.1537  0.0892  0.0741  0.0519  0.4642  0.2986  0.8848  0.3786  0.1105  0.1436  0.1160  0.1049  0.3679  0.7261  1.0000  0.0202  0.0000  0.0620  0.0000  0.0000  0.0000
 0.8332  0.0000  0.0110  0.0266  0.0326  0.0057  0.1643  0.0078  0.0125  0.1960  0.0186  0.0081  0.0317  0.0312  0.0259  0.0927  1.0000  0.7038  0.0250  0.0028  0.0000  0.0059  0.0000  0.0000  0.0000
 0.1760  0.0000  0.0144  0.0650  0.1437  0.0218  0.0685  0.1039  0.0768  1.0000  0.0794  0.0280  0.0990  0.0678  0.1578  0.3713  0.2187  0.6992  0.0625  0.0114  0.0000  0.0348  0.0000  0.0000  0.0000
 0.0657  0.0000  0.0220  0.0403  0.2463  0.7192  0.0366  0.0351  0.0678  0.0282  0.1461  0.0351  0.0339  0.0267  0.0270  0.0256  0.1208  0.0449  0.0725  0.1097  0.0000  1.0000  0.0000  0.0000  0.0000
 0.1506  0.0000  0.0013  0.0040  0.1256  0.0028  0.0099  0.0119  0.0057  1.0000  0.0135  0.0045  0.0132  0.0108  0.0320  0.8190  0.0115  0.0146  0.0077  0.0021  0.0000  0.0060  0.0000  0.0000  0.0000
 0.5553  0.0000  0.0750  0.0977  0.1738  0.0965  0.0719  0.0693  0.3928  0.2102  0.3405  0.1072  0.0996  0.1054  0.1221  0.1411  0.3582  0.2900  1.0000  0.0226  0.0000  0.0971  0.0000  0.0000  0.0000
 0.8679  0.0000  0.0380  0.2615  0.2571  0.0306  0.1799  0.1389  0.0733  0.5834  0.1009  0.0407  0.4719  0.1264  0.1794  0.1813  1.0000  0.6905  0.1132  0.0146  0.0000  0.0403  0.0000  0.0000  0.0000
 0.0135  0.0000  0.0013  0.0032  0.0194  0.0027  0.0096  0.0117  0.0056  0.3440  0.0133  0.0044  0.0131  0.0104  1.0000  0.1463  0.0111  0.0142  0.0075  0.0021  0.0000  0.0059  0.0000  0.0000  0.0000
//
