ID   UNK_ID; MATRIX
AC   UNK_AC
DE   UNK_DE
MA   UNK_BL
  A   B   C   D   E   F   G   H   I   K   L   M   N   P   Q   R   S   T   V   W   X   Y   Z   *   -
 0.0009  0.0000  0.0002  0.0001  0.0002  0.0025  0.0002  0.0002  0.0046  0.0003  0.1078  1.0000  0.0002  0.0004  0.0005  0.0003  0.0003  0.0005  0.0025  0.0003  0.0000  0.0004  0.0000  0.0000  0.0000
 0.0067  0.0000  0.0014  1.0000  0.1553  0.0013  0.0210  0.0065  0.0007  0.0092  0.0015  0.0005  0.7830  0.0052  0.0068  0.0044  0.2557  0.0066  0.0012  0.0006  0.0000  0.0033  0.0000  0.0000  0.0000
 0.0027  0.0000  0.0003  0.0005  0.0038  0.0006  0.0021  0.0024  0.0012  0.7674  0.0028  0.0009  0.0026  0.0022  0.0064  1.0000  0.0022  0.0029  0.0015  0.0004  0.0000  0.0012  0.0000  0.0000  0.0000
 0.0022  0.0000  0.0006  0.0003  0.0004  0.0019  0.0009  0.0002  0.0036  0.0004  0.0080  1.0000  0.0003  0.0007  0.0005  0.0004  0.0007  0.0012  0.0616  0.0003  0.0000  0.0007  0.0000  0.0000  0.0000
 0.0012  0.0000  0.0001  0.0002  0.0017  0.0003  0.0009  0.0011  0.0005  1.0000  0.0012  0.0004  0.0012  0.0010  0.0875  0.0702  0.0010  0.0013  0.0007  0.0002  0.0000  0.0006  0.0000  0.0000  0.0000
 0.0062  0.0000  0.0007  0.0048  0.0085  0.0013  0.0065  0.0055  0.0023  1.0000  0.0055  0.0018  0.5136  0.0048  0.0133  0.1688  0.0499  0.0067  0.0032  0.0009  0.0000  0.0028  0.0000  0.0000  0.0000
 0.0122  0.0000  0.0033  0.0015  0.0031  1.0000  0.0025  0.0023  0.8582  0.0040  0.3205  0.0391  0.0028  0.0051  0.0059  0.0040  0.0037  0.0073  0.0382  0.0067  0.0000  0.0166  0.0000  0.0000  0.0000
 0.0000  0.0000  0.0000  0.0000  0.0000  0.0000  0.0000  0.0000  0.0000  1.0000  0.0000  0.0000  0.0000  0.0000  0.0000  0.0000  0.0000  0.0000  0.0000  0.0000  0.0000  0.0000  0.0000  0.0000  0.0000
 0.0011  0.0000  0.0001  0.0002  0.0015  0.0002  0.0009  0.0009  0.0005  0.1129  0.0011  0.0004  0.0010  0.0009  0.0025  1.0000  0.0009  0.0011  0.0006  0.0002  0.0000  0.0005  0.0000  0.0000  0.0000
 0.0035  0.0000  0.0005  0.0014  0.0045  0.0008  0.0038  0.0028  0.0015  0.0202  0.0034  0.0010  0.0032  0.0033  0.6584  1.0000  0.0028  0.0034  0.0019  0.0007  0.0000  0.0015  0.0000  0.0000  0.0000
 0.0028  0.0000  0.0009  0.0004  0.0007  0.4403  0.0007  0.0005  0.0130  0.0008  1.0000  0.0085  0.0006  0.0012  0.0013  0.0008  0.0010  0.0017  0.0074  0.0028  0.0000  0.0092  0.0000  0.0000  0.0000
 0.0000  0.0000  0.0000  0.0000  0.0000  0.0000  0.0000  0.0000  0.0000  0.0000  0.0000  0.0000  0.0000  0.0000  0.0000  0.0000  1.0000  0.0000  0.0000  0.0000  0.0000  0.0000  0.0000  0.0000  0.0000
 0.0056  0.0000  0.0014  0.0007  0.0015  0.0150  0.0012  0.1229  0.0281  0.0023  1.0000  0.5817  0.0014  0.0024  0.0440  0.0023  0.0016  0.0033  0.0154  0.0018  0.0000  0.0019  0.0000  0.0000  0.0000
 0.0043  0.0000  0.0009  0.0018  0.0011  0.0004  0.0014  0.0005  0.0012  0.0017  0.0012  0.0006  0.0032  0.0021  0.0013  0.0011  0.6867  1.0000  0.0020  0.0003  0.0000  0.0005  0.0000  0.0000  0.0000
 0.0040  0.0000  0.0010  0.0005  0.0010  0.1296  0.0008  0.0007  0.0202  0.0013  1.0000  0.0122  0.0009  0.0016  0.0019  0.0013  0.0011  0.0024  0.5414  0.0015  0.0000  0.0028  0.0000  0.0000  0.0000
 0.7164  0.0000  0.0721  0.1541  0.1564  0.0466  0.5976  0.0742  0.0578  0.3911  0.1329  0.0455  0.1683  0.6466  0.1656  1.0000  0.3987  0.1797  0.1383  0.0303  0.0000  0.0534  0.0000  0.0000  0.0000
 0.3659  0.0000  0.0368  0.0925  0.0570  0.0168  1.0000  0.0250  0.0187  0.0897  0.0415  0.0179  0.1033  0.1004  0.0479  0.5393  0.2578  0.0805  0.0600  0.0075  0.0000  0.0195  0.0000  0.0000  0.0000
 0.4832  0.0000  0.0633  0.0899  0.0696  0.0304  0.5647  0.0250  0.0637  0.0943  0.2059  0.0694  0.1414  0.2040  0.0707  0.0626  0.8482  1.0000  0.1267  0.0152  0.0000  0.0288  0.0000  0.0000  0.0000
 0.0156  0.0000  0.0016  0.0263  0.7439  0.0027  0.0183  0.1048  0.0045  0.0677  0.0103  0.0035  0.1454  0.0113  0.3494  1.0000  0.1759  0.0145  0.0064  0.0018  0.0000  0.0059  0.0000  0.0000  0.0000
 0.6322  0.0000  0.0641  0.0732  0.0666  0.0266  0.5628  0.0192  0.0466  0.1842  0.0691  0.0342  0.0994  0.1599  0.0605  0.0581  0.5865  1.0000  0.1905  0.0123  0.0000  0.0241  0.0000  0.0000  0.0000
 0.0098  0.0000  0.0020  0.0024  0.0020  0.0051  0.0716  0.0005  1.0000  0.0030  0.0257  0.1273  0.0036  0.0031  0.0017  0.0022  0.1042  0.0915  0.1162  0.0008  0.0000  0.0027  0.0000  0.0000  0.0000
 0.0087  0.0000  0.0001  1.0000  0.7665  0.0008  0.0034  0.0021  0.0010  0.3295  0.0019  0.0008  0.0040  0.0053  0.0115  0.0024  0.0045  0.0038  0.0020  0.0004  0.0000  0.0011  0.0000  0.0000  0.0000
 0.0087  0.0000  0.0003  0.0198  1.0000  0.0010  0.0052  0.0029  0.0015  0.8129  0.0032  0.0011  0.0046  0.0062  0.0120  0.0090  0.0050  0.0046  0.0025  0.0007  0.0000  0.0015  0.0000  0.0000  0.0000
 0.0244  0.0000  0.0049  0.0120  0.1447  0.0025  0.0081  0.0032  0.0070  0.0103  0.0066  0.0036  0.0194  0.1243  0.0081  0.0063  1.0000  0.7353  0.0113  0.0016  0.0000  0.1034  0.0000  0.0000  0.0000
 0.3559  0.0000  0.0077  0.0157  0.0098  0.0038  0.0152  0.0044  0.0104  0.0144  0.1238  0.0054  0.8574  0.0189  0.0111  0.0091  1.0000  0.2749  0.0174  0.0023  0.0000  0.0043  0.0000  0.0000  0.0000
 0.1793  0.0000  0.0260  0.7020  1.0000  0.0257  0.6922  0.1169  0.0251  0.2258  0.0469  0.0174  0.6600  0.1176  0.2429  0.1059  0.3850  0.2776  0.0420  0.0127  0.0000  0.0580  0.0000  0.0000  0.0000
 0.3204  0.0000  0.0524  0.0192  0.1566  0.3723  0.0186  0.0189  0.4422  0.0478  1.0000  0.1985  0.0269  0.0647  0.0487  0.0343  0.0495  0.1669  0.6642  0.0205  0.0000  0.0326  0.0000  0.0000  0.0000
 0.5826  0.0000  0.0490  0.0839  0.0586  0.0228  0.1373  0.1397  0.0557  0.0820  0.0601  0.0314  0.1389  0.3672  0.0622  0.0530  0.6684  1.0000  0.1036  0.0131  0.0000  0.0242  0.0000  0.0000  0.0000
 0.0275  0.0000  0.0504  0.0723  1.0000  0.0034  0.1420  0.0153  0.0020  0.0213  0.0044  0.0017  0.1809  0.0146  0.0144  0.0110  0.2107  0.0186  0.0046  0.0017  0.0000  0.0080  0.0000  0.0000  0.0000
 0.0999  0.0000  0.0011  0.0697  0.2151  0.1325  0.0131  0.1030  0.0044  0.0348  0.0084  0.0032  0.0141  0.0170  1.0000  0.0151  0.0162  0.0136  0.0079  0.0016  0.0000  0.0054  0.0000  0.0000  0.0000
 0.0530  0.0000  0.0136  0.0066  0.0137  0.5360  0.1480  0.0110  0.9136  0.0182  1.0000  0.6382  0.0131  0.1332  0.0276  0.0182  0.0152  0.0307  0.1503  0.0168  0.0000  0.0187  0.0000  0.0000  0.0000
 0.3104  0.0000  0.0496  0.1679  0.1405  0.0370  0.4750  0.0632  0.1008  0.3484  0.0949  0.0420  0.6517  0.1984  0.1411  0.1964  0.6521  1.0000  0.1572  0.0192  0.0000  0.0510  0.0000  0.0000  0.0000
 0.0507  0.0000  0.0115  0.0042  0.0100  0.0613  0.0049  0.0053  0.4358  0.0120  1.0000  0.3453  0.0075  0.0150  0.4074  0.0100  0.0106  0.1428  0.2534  0.0073  0.0000  0.0090  0.0000  0.0000  0.0000
 0.2098  0.0000  0.0079  0.5506  1.0000  0.0313  0.1204  0.0559  0.0275  0.1942  0.0696  0.0205  0.1316  0.1252  0.2434  0.0579  0.1269  0.0927  0.0497  0.0100  0.0000  0.0334  0.0000  0.0000  0.0000
 0.1191  0.0000  0.0245  0.5104  1.0000  0.0443  0.3624  0.3285  0.0257  0.1422  0.0472  0.0168  0.5458  0.0828  0.1171  0.0731  0.2258  0.1035  0.1854  0.0159  0.0000  0.1899  0.0000  0.0000  0.0000
 0.0406  0.0000  0.0073  0.1166  0.1572  0.0055  0.1676  0.0247  0.1310  0.0355  0.0074  0.0030  0.8216  0.0234  0.0243  0.0184  1.0000  0.0405  0.0077  0.0028  0.0000  0.0130  0.0000  0.0000  0.0000
 0.0941  0.0000  0.0178  0.2243  0.0877  0.0142  1.0000  0.0586  0.0180  0.1553  0.0303  0.0120  0.3207  0.0595  0.1898  0.5471  0.4415  0.2394  0.0287  0.0082  0.0000  0.0314  0.0000  0.0000  0.0000
 0.4940  0.0000  0.1646  0.3259  0.2953  0.6223  0.8767  0.6401  0.3538  0.3533  0.5848  0.1995  0.5240  0.2138  0.3058  0.6946  0.6737  0.4715  0.4894  0.1662  0.0000  1.0000  0.0000  0.0000  0.0000
 0.4397  0.0000  0.0390  0.3106  0.5609  0.0572  0.4176  0.1360  0.1698  1.0000  0.2636  0.0794  0.3577  0.1935  0.4476  0.7934  0.5221  0.4329  0.1885  0.0250  0.0000  0.0779  0.0000  0.0000  0.0000
 0.0687  0.0000  0.0125  0.3224  0.2888  0.0110  1.0000  0.0540  0.0099  0.0937  0.0189  0.0067  0.9604  0.0463  0.2518  0.2088  0.5412  0.0653  0.0159  0.0055  0.0000  0.0266  0.0000  0.0000  0.0000
 0.0991  0.0000  0.0006  0.0617  0.0030  0.0004  1.0000  0.0021  0.0002  0.0029  0.0006  0.0002  0.1340  0.0019  0.0020  0.0015  0.0060  0.0023  0.0005  0.0002  0.0000  0.0011  0.0000  0.0000  0.0000
 0.7527  0.0000  0.0920  0.3428  0.3727  0.1186  0.5447  0.2031  0.1372  0.9393  0.3237  0.1231  0.5691  0.3485  0.4030  1.0000  0.9803  0.5384  0.2307  0.0470  0.0000  0.1760  0.0000  0.0000  0.0000
 0.3217  0.0000  0.0230  1.0000  0.8760  0.0278  0.1334  0.0585  0.1790  0.3295  0.1126  0.0418  0.1773  0.4645  0.3645  0.1550  0.3388  0.3462  0.2140  0.0111  0.0000  0.0287  0.0000  0.0000  0.0000
 0.5874  0.0000  0.1008  0.2969  0.3251  0.2829  0.4233  0.2733  0.3209  1.0000  0.8907  0.2090  0.4889  0.4460  0.4281  0.8947  0.6898  0.6399  0.3372  0.0775  0.0000  0.3034  0.0000  0.0000  0.0000
 0.0292  0.0000  0.0031  0.0096  0.0335  0.0050  1.0000  0.0187  0.0103  0.1757  0.1243  0.0076  0.0253  0.0188  0.1049  0.1785  0.1275  0.1872  0.0143  0.0034  0.0000  0.0098  0.0000  0.0000  0.0000
 0.0649  0.0000  0.0091  0.1597  1.0000  0.0081  0.2561  0.0337  0.0120  0.8157  0.0207  0.0076  0.2794  0.0366  0.0567  0.0504  0.2417  0.1631  0.0190  0.0040  0.0000  0.0165  0.0000  0.0000  0.0000
 1.0000  0.0000  0.0623  0.0587  0.0943  0.0852  0.5217  0.1420  0.1496  0.1983  0.1222  0.0467  0.0766  0.7880  0.1011  0.3487  0.2817  0.1351  0.1653  0.0259  0.0000  0.1129  0.0000  0.0000  0.0000
 0.3008  0.0000  0.0316  0.2389  0.0640  0.0146  0.3033  0.0278  0.0144  0.0577  0.2653  0.0140  0.1435  1.0000  0.0403  0.0344  0.2542  0.0767  0.0478  0.0060  0.0000  0.0196  0.0000  0.0000  0.0000
 0.5438  0.0000  0.0771  0.1063  0.0901  0.1186  0.2575  0.0487  0.2648  0.1194  0.5880  0.1836  0.1701  0.1782  0.0983  0.0862  0.8089  1.0000  0.2280  0.0296  0.0000  0.0703  0.0000  0.0000  0.0000
 0.0512  0.0000  0.0144  0.1593  0.0481  0.1334  0.0529  0.0487  0.0298  0.0668  0.0509  0.0174  0.0687  0.0784  0.1395  1.0000  0.2083  0.0445  0.0388  0.0140  0.0000  0.1318  0.0000  0.0000  0.0000
 0.7868  0.0000  0.1845  0.4360  0.5649  0.6673  0.4322  0.5510  0.4797  0.6922  0.7141  0.2431  0.4448  0.2880  0.4835  0.7655  0.6371  0.5689  0.6413  0.1785  0.0000  1.0000  0.0000  0.0000  0.0000
 1.0000  0.0000  0.0395  0.0315  0.0358  0.0152  0.3686  0.0075  0.0193  0.0401  0.0387  0.1746  0.0309  0.8064  0.0280  0.0286  0.4368  0.2114  0.2021  0.0058  0.0000  0.0121  0.0000  0.0000  0.0000
 0.5459  0.0000  0.0413  0.4432  0.8887  0.0459  0.2976  0.6644  0.1441  1.0000  0.2484  0.0863  0.6020  0.9100  0.5566  0.7178  0.6666  0.6459  0.2154  0.0203  0.0000  0.0529  0.0000  0.0000  0.0000
 1.0000  0.0000  0.2166  0.1902  0.1242  0.0410  0.7697  0.0450  0.0464  0.1631  0.0992  0.0456  0.2059  0.2883  0.1275  0.1061  0.7478  0.2291  0.1603  0.0162  0.0000  0.0420  0.0000  0.0000  0.0000
 0.3545  0.0000  0.1081  0.1112  0.2035  0.4526  0.1752  0.2775  0.5430  0.2410  1.0000  0.2655  0.1726  0.1357  0.2003  0.2601  0.2224  0.2675  0.6013  0.1035  0.0000  0.5028  0.0000  0.0000  0.0000
 0.1323  0.0000  0.3169  0.0497  0.0670  0.1702  0.0791  0.1298  0.4820  0.1063  1.0000  0.0562  0.1442  0.1233  0.0715  0.0843  0.2155  0.1027  0.2872  0.0444  0.0000  0.3273  0.0000  0.0000  0.0000
 0.1535  0.0000  0.0173  0.1312  0.2100  0.0295  0.3537  0.1289  0.0556  0.9239  0.1292  0.0430  0.2777  0.1546  0.3437  1.0000  0.1886  0.1581  0.0753  0.0210  0.0000  0.0647  0.0000  0.0000  0.0000
 0.1611  0.0000  0.0184  0.4464  0.6294  0.0174  0.5813  0.0700  0.0311  0.2042  0.0534  0.0190  0.4542  0.2615  0.1763  0.1754  1.0000  0.1315  0.0488  0.0078  0.0000  0.0322  0.0000  0.0000  0.0000
 0.5138  0.0000  0.1764  0.2100  0.2807  0.7004  0.3348  0.5403  0.3966  0.2975  0.6533  0.2204  0.3100  0.2079  0.2995  0.3519  0.4109  0.3973  0.5052  0.1858  0.0000  1.0000  0.0000  0.0000  0.0000
 0.2578  0.0000  0.0560  0.1195  0.1044  0.0996  0.1043  0.0789  0.1112  0.2439  0.2632  0.0620  0.2297  0.1344  0.1335  0.3376  0.7876  1.0000  0.1499  0.0293  0.0000  0.0960  0.0000  0.0000  0.0000
 0.0159  0.0000  0.0027  0.0108  0.0048  0.0014  1.0000  0.0026  0.0031  0.0061  0.0033  0.0370  0.1259  0.0070  0.0045  0.0036  0.5505  0.1623  0.0054  0.0008  0.0000  0.0019  0.0000  0.0000  0.0000
 0.3001  0.0000  0.0334  0.1110  0.2112  0.0230  0.0857  0.0311  0.0463  0.0788  0.0488  0.0245  0.2508  1.0000  0.0613  0.0486  0.9393  0.7732  0.0748  0.0120  0.0000  0.3607  0.0000  0.0000  0.0000
 0.2758  0.0000  0.0962  0.1816  0.1487  0.6317  0.2714  0.2947  0.2146  0.1583  1.0000  0.1201  0.2736  0.1113  0.1597  0.1889  0.2193  0.2993  0.3581  0.1004  0.0000  0.5988  0.0000  0.0000  0.0000
 0.4892  0.0000  0.0578  0.1362  0.0743  0.0380  0.2128  0.0336  0.0636  0.0960  0.0782  0.1883  0.1416  0.1399  0.0731  0.0651  1.0000  0.7994  0.1756  0.0619  0.0000  0.0440  0.0000  0.0000  0.0000
 0.4622  0.0000  0.0118  0.0146  0.0144  0.0062  0.0104  0.0049  0.2039  0.0450  0.0286  0.0106  0.0245  0.0213  0.1201  0.0115  1.0000  0.3475  0.1481  0.0025  0.0000  0.0045  0.0000  0.0000  0.0000
 0.9240  0.0000  0.1919  0.4685  0.6027  0.7200  0.5285  0.6088  0.4621  0.5946  0.7639  0.3456  0.4888  0.2920  0.4845  0.6095  0.7336  0.5966  0.5888  0.1877  0.0000  1.0000  0.0000  0.0000  0.0000
 0.2891  0.0000  0.0477  0.1680  0.3712  0.1383  0.1011  0.2694  0.2392  0.1762  0.5389  0.0857  0.1550  1.0000  0.1380  0.1336  0.1323  0.1609  0.2808  0.0342  0.0000  0.1584  0.0000  0.0000  0.0000
 0.0105  0.0000  0.0003  0.5381  1.0000  0.0010  0.0057  0.0029  0.0012  0.0105  0.0023  0.0009  0.0072  0.0064  0.0133  0.0030  0.3344  0.0049  0.0024  0.0005  0.0000  0.0015  0.0000  0.0000  0.0000
 0.2100  0.0000  0.0415  0.0114  0.0389  0.0240  0.0054  0.0852  1.0000  0.0717  0.1522  0.0461  0.0214  0.0484  0.0371  0.3435  0.0410  0.2383  0.6541  0.0048  0.0000  0.0103  0.0000  0.0000  0.0000
 0.0005  0.0000  0.0002  0.0001  0.0001  0.0006  0.0002  0.0000  0.0672  0.0002  0.0568  0.0006  0.0001  0.0001  0.0001  0.0001  0.0002  0.0005  1.0000  0.0001  0.0000  0.0003  0.0000  0.0000  0.0000
 0.0122  0.0000  0.0006  0.0858  0.1455  0.0013  0.0103  1.0000  0.0015  0.1022  0.0028  0.0011  0.0921  0.0804  0.3766  0.0049  0.0101  0.0065  0.0028  0.0006  0.0000  0.0023  0.0000  0.0000  0.0000
 0.0106  0.0000  0.0010  0.0099  1.0000  0.0007  0.0630  0.0020  0.0008  0.0075  0.0018  0.0007  0.0070  0.0040  0.0049  0.2415  0.0566  0.0036  0.0020  0.0004  0.0000  0.0011  0.0000  0.0000  0.0000
 0.0138  0.0000  0.0033  1.0000  0.0197  0.0027  0.0463  0.1754  0.0016  0.0187  0.0031  0.0012  0.5019  0.0109  0.5517  0.0095  0.3898  0.0864  0.0026  0.0014  0.0000  0.0071  0.0000  0.0000  0.0000
 0.0029  0.0000  0.0007  0.0003  0.0007  0.0058  0.0005  0.0005  0.0115  0.0416  1.0000  0.3504  0.0006  0.0435  0.0012  0.0009  0.0007  0.0018  0.1047  0.0007  0.0000  0.0007  0.0000  0.0000  0.0000
 0.1259  0.0000  0.0041  0.0134  0.0470  0.0063  0.0236  0.0240  0.1731  1.0000  0.0300  0.0103  0.0333  0.0252  0.2478  0.2024  0.4149  0.0974  0.0202  0.0044  0.0000  0.0122  0.0000  0.0000  0.0000
 0.0197  0.0000  0.0043  0.0014  0.1022  0.0175  0.0013  0.0017  0.1086  0.0041  0.4906  1.0000  0.0024  0.0889  0.0046  0.0032  0.0037  0.0133  0.4888  0.0021  0.0000  0.0026  0.0000  0.0000  0.0000
 0.0710  0.0000  0.0020  0.0016  0.0018  0.0669  1.0000  0.0003  0.0009  0.0019  0.0019  0.0009  0.0014  0.0049  0.0013  0.0014  0.2746  0.0034  0.0032  0.0003  0.0000  0.0006  0.0000  0.0000  0.0000
 0.0066  0.0000  0.0013  0.0025  0.0016  0.0006  0.0021  0.0007  0.0018  0.0024  0.0017  0.0009  0.0044  0.0882  0.0466  0.0015  1.0000  0.0845  0.0529  0.0004  0.0000  0.0007  0.0000  0.0000  0.0000
 0.0102  0.0000  0.0001  1.0000  0.1149  0.0009  0.0039  0.0025  0.0012  0.0103  0.1310  0.0009  0.0045  0.0062  0.0629  0.0028  0.0052  0.0045  0.0024  0.0004  0.0000  0.0013  0.0000  0.0000  0.0000
 0.0179  0.0000  0.0018  0.0052  0.0027  0.0587  1.0000  0.0011  0.0008  0.0029  0.0018  0.0008  0.0057  0.0047  0.0703  0.0018  0.0625  0.0039  0.0028  0.0003  0.0000  0.0009  0.0000  0.0000  0.0000
 0.0101  0.0000  0.0003  0.0241  1.0000  0.0690  0.0366  0.0022  0.0011  0.0092  0.0021  0.0009  0.0042  0.0574  0.0693  0.0027  0.0053  0.0041  0.0022  0.0004  0.0000  0.0012  0.0000  0.0000  0.0000
 0.0090  0.0000  0.0550  0.0143  0.0046  0.0008  0.0678  0.0031  0.0006  0.0047  0.0013  0.0005  0.0888  0.0038  0.0031  0.0637  1.0000  0.0055  0.0016  0.0004  0.0000  0.0017  0.0000  0.0000  0.0000
 0.0559  0.0000  0.0038  1.0000  0.1499  0.0042  0.0295  0.0104  0.0627  0.0683  0.0214  0.0076  0.1054  0.0221  0.1343  0.1112  0.1797  0.0417  0.1895  0.0015  0.0000  0.0041  0.0000  0.0000  0.0000
 0.1053  0.0000  0.0012  0.0751  0.4431  0.0036  0.0131  0.0313  0.0058  0.0395  0.1041  0.0038  0.0147  0.0980  1.0000  0.0170  0.0202  0.1553  0.0106  0.0016  0.0000  0.0048  0.0000  0.0000  0.0000
 1.0000  0.0000  0.0223  0.0466  0.0324  0.1489  0.1710  0.1095  0.0244  0.0347  0.0441  0.0165  0.1194  0.0460  0.0276  0.0298  0.0995  0.0467  0.2365  0.0108  0.0000  0.0526  0.0000  0.0000  0.0000
 0.0031  0.0000  0.0006  0.0012  0.0008  0.0003  0.0010  0.0004  0.0009  0.0012  0.0413  0.0005  0.0022  0.0015  0.0460  0.0008  1.0000  0.0659  0.0014  0.0002  0.0000  0.0003  0.0000  0.0000  0.0000
 1.0000  0.0000  0.0267  0.0821  0.1628  0.0190  0.7647  0.0450  0.0408  0.8124  0.0812  0.0299  0.0933  0.6480  0.2776  0.3705  0.2910  0.1247  0.1846  0.0095  0.0000  0.0244  0.0000  0.0000  0.0000
 0.2781  0.0000  0.1455  0.0564  0.0594  0.0375  0.0931  0.0263  0.1260  0.1284  0.3195  0.0537  0.1009  0.1426  0.0708  0.1507  0.4110  1.0000  0.2150  0.0126  0.0000  0.0236  0.0000  0.0000  0.0000
 0.1708  0.0000  0.0295  0.1400  0.0440  0.0593  0.0505  0.0221  0.0434  0.0617  0.2180  0.0221  0.1672  0.1123  0.0480  0.0393  1.0000  0.7099  0.0682  0.0104  0.0000  0.0231  0.0000  0.0000  0.0000
 0.0082  0.0000  0.0013  0.3112  0.0803  0.0011  0.0711  0.0050  0.0007  0.0079  0.0015  0.0006  0.0259  0.0050  0.0064  0.0036  1.0000  0.0058  0.0014  0.0005  0.0000  0.0026  0.0000  0.0000  0.0000
 0.0053  0.0000  0.0004  1.0000  0.1490  0.0005  0.1219  0.0019  0.0005  0.0046  0.0010  0.0530  0.0081  0.0029  0.0049  0.0017  0.0574  0.0027  0.0010  0.0003  0.0000  0.0010  0.0000  0.0000  0.0000
 0.0075  0.0000  0.0001  0.2829  1.0000  0.0007  0.0638  0.0018  0.0009  0.0076  0.0259  0.0007  0.0031  0.0647  0.1892  0.0020  0.0038  0.0033  0.0017  0.0003  0.0000  0.0009  0.0000  0.0000  0.0000
 0.0191  0.0000  0.0489  0.0036  0.0035  0.0106  0.1268  0.0007  0.4853  0.0052  0.0533  0.0099  0.0048  0.0050  0.1418  0.0040  0.0174  0.2431  1.0000  0.0016  0.0000  0.0056  0.0000  0.0000  0.0000
 0.1181  0.0000  0.0090  0.0135  0.0880  0.0250  0.0468  0.1203  0.0905  0.4254  0.2995  0.0296  0.0618  0.2056  1.0000  0.7189  0.0550  0.0725  0.0539  0.0119  0.0000  0.0375  0.0000  0.0000  0.0000
 0.0737  0.0000  0.0018  0.0036  0.2670  0.0009  0.0053  0.0009  0.0021  0.0032  0.0266  0.0012  0.0050  0.0309  0.0026  0.0020  1.0000  0.1666  0.0040  0.0005  0.0000  0.0009  0.0000  0.0000  0.0000
 0.0140  0.0000  0.0010  0.0164  0.2726  0.0009  0.0703  0.0019  0.0010  0.0066  0.0020  0.0009  0.0059  1.0000  0.1020  0.0025  0.0553  0.0043  0.0026  0.0004  0.0000  0.0011  0.0000  0.0000  0.0000
 0.1989  0.0000  0.0284  0.0379  0.0352  0.0376  0.2508  0.0181  0.1991  0.0537  0.1376  0.2448  0.0591  0.2207  0.1130  0.0403  0.2595  0.7613  1.0000  0.0102  0.0000  0.0282  0.0000  0.0000  0.0000
 0.3675  0.0000  0.0252  0.0966  0.2304  0.0286  0.4171  0.0874  0.0601  0.8638  0.1247  0.0708  0.1956  0.1198  0.2577  1.0000  0.2383  0.1716  0.1652  0.0164  0.0000  0.0466  0.0000  0.0000  0.0000
 0.0090  0.0000  0.0012  0.0009  0.0013  0.0055  0.0527  0.0006  0.0127  0.0020  0.1796  0.0067  0.0011  0.0026  0.1013  0.0017  0.0041  0.0025  1.0000  0.0007  0.0000  0.0010  0.0000  0.0000  0.0000
 0.5056  0.0000  0.2030  0.2024  0.2784  0.6964  0.3283  0.5381  0.4011  0.3599  0.6453  0.2190  0.3085  0.2065  0.3118  0.4436  0.4048  0.3926  0.5171  0.1824  0.0000  1.0000  0.0000  0.0000  0.0000
 0.0702  0.0000  0.0054  0.0059  0.0081  0.0232  0.0095  0.0982  0.0419  0.0088  0.5144  1.0000  0.0090  0.0064  0.1697  0.0103  0.0117  0.0901  0.0185  0.0056  0.0000  0.1633  0.0000  0.0000  0.0000
 0.0011  0.0000  0.0001  0.0002  0.0015  0.0002  0.0008  0.0468  0.0005  0.0397  0.0011  0.0004  0.0011  0.0009  0.0567  1.0000  0.0495  0.0012  0.0006  0.0002  0.0000  0.0005  0.0000  0.0000  0.0000
 0.0438  0.0000  0.0042  0.0093  0.0610  0.0091  0.0319  0.0391  0.0186  0.8331  0.0441  0.0146  1.0000  0.0344  0.3551  0.6084  0.0368  0.1479  0.0247  0.0069  0.0000  0.0197  0.0000  0.0000  0.0000
 0.0422  0.0000  0.0042  0.0128  0.0588  0.0087  0.1240  0.5431  0.0177  1.0000  0.0418  0.0138  0.3075  0.0331  0.3616  0.5705  0.0367  0.2235  0.0234  0.0065  0.0000  0.0190  0.0000  0.0000  0.0000
 0.2445  0.0000  0.0282  0.1044  0.1428  0.0611  0.1145  0.0804  0.2178  0.1422  0.0926  0.0343  0.3553  1.0000  0.1819  0.0950  0.3279  0.4205  0.2858  0.0183  0.0000  0.0822  0.0000  0.0000  0.0000
 0.4989  0.0000  0.0224  0.2529  0.0916  0.0146  0.3086  0.4982  0.0106  0.0935  0.0235  0.0095  0.3242  1.0000  0.4071  0.0541  0.1866  0.0722  0.0272  0.0069  0.0000  0.0304  0.0000  0.0000  0.0000
 0.0000  0.0000  0.0000  0.0000  0.0000  0.0000  0.0000  0.0000  0.0000  0.0000  0.0000  0.0000  0.0000  0.0000  0.0000  1.0000  0.0000  0.0000  0.0000  0.0000  0.0000  0.0000  0.0000  0.0000  0.0000
 0.1085  0.0000  0.0027  0.0047  0.0367  0.0055  0.0198  0.0234  0.0113  1.0000  0.0267  0.0089  0.0255  0.3778  0.0624  0.9916  0.0226  0.0285  0.0152  0.0602  0.0000  0.0118  0.0000  0.0000  0.0000
 0.2184  0.0000  0.0395  0.0296  0.0488  0.4033  0.0439  0.0689  1.0000  0.3564  0.4890  0.1067  0.0465  0.1144  0.0551  0.0611  0.0664  0.1577  0.2718  0.2253  0.0000  0.1223  0.0000  0.0000  0.0000
 0.0455  0.0000  0.0004  0.0009  0.0005  0.0002  0.0024  0.0002  0.0002  0.0006  0.0004  0.0002  0.0289  0.0011  0.0004  0.0004  1.0000  0.0018  0.0007  0.0001  0.0000  0.0002  0.0000  0.0000  0.0000
 0.2703  0.0000  0.0183  0.4795  1.0000  0.0233  0.0974  0.0513  0.0458  0.2183  0.0632  0.1113  0.1295  0.1385  0.2524  0.0828  0.2975  0.4307  0.0841  0.0119  0.0000  0.0298  0.0000  0.0000  0.0000
 0.0573  0.0000  0.0078  0.0261  1.0000  0.0079  0.0150  0.0038  0.0364  0.0159  0.0894  0.0114  0.0075  0.0164  0.0164  0.0072  0.0543  0.0291  0.2818  0.0016  0.0000  0.0032  0.0000  0.0000  0.0000
 0.0247  0.0000  0.0007  1.0000  0.2409  0.1637  0.0105  0.0061  0.0063  0.0242  0.0752  0.0044  0.0122  0.0148  0.0313  0.0068  0.0132  0.0110  0.0075  0.0017  0.0000  0.0052  0.0000  0.0000  0.0000
 0.0017  0.0000  0.0005  0.0003  0.0004  0.0021  0.0006  0.0000  1.0000  0.0006  0.7458  0.0021  0.0004  0.0003  0.0003  0.0005  0.0006  0.0362  0.3446  0.0003  0.0000  0.0009  0.0000  0.0000  0.0000
 0.0024  0.0000  0.0005  0.0089  0.0027  0.0004  0.0065  0.0019  0.0003  0.0027  0.0005  0.0002  1.0000  0.0016  0.1705  0.0014  0.3204  0.0031  0.0005  0.0002  0.0000  0.0010  0.0000  0.0000  0.0000
 0.0007  0.0000  0.0001  0.0003  0.0010  0.0002  0.0008  0.0006  0.0003  1.0000  0.0007  0.0002  0.0007  0.0007  0.0507  0.0034  0.0006  0.0007  0.0004  0.0001  0.0000  0.0003  0.0000  0.0000  0.0000
 0.0029  0.0000  0.0220  0.0018  0.0034  0.0005  0.0602  0.0218  0.0009  0.0151  0.0022  0.0007  0.0037  0.0020  0.1376  1.0000  0.0028  0.0026  0.0013  0.0004  0.0000  0.0011  0.0000  0.0000  0.0000
 0.0148  0.0000  0.0010  0.0869  0.1460  0.0055  0.0065  0.0031  0.0098  0.0112  1.0000  0.0559  0.0065  0.0076  0.0143  0.0037  0.0649  0.0073  0.0076  0.0010  0.0000  0.0020  0.0000  0.0000  0.0000
 0.0036  0.0000  0.0007  0.0877  0.0011  0.0004  0.0014  0.0005  0.0010  0.0015  0.0010  0.0005  0.0031  0.0599  0.0012  0.0009  1.0000  0.1521  0.0016  0.0002  0.0000  0.0004  0.0000  0.0000  0.0000
 0.0040  0.0000  0.0010  0.0005  0.0010  0.0107  0.0008  0.1733  0.0466  0.0014  1.0000  0.0133  0.0010  0.0017  0.0021  0.0014  0.0011  0.0023  0.0110  0.0013  0.0000  0.0013  0.0000  0.0000  0.0000
 0.0028  0.0000  0.0006  0.0009  0.0007  0.0005  0.0031  0.0004  0.0006  0.0009  0.0011  0.0003  0.0005  1.0000  0.0006  0.0009  0.0014  0.0009  0.0261  0.0004  0.0000  0.0005  0.0000  0.0000  0.0000
 1.0000  0.0000  0.0130  0.0091  0.0111  0.0771  0.0612  0.0023  0.0168  0.0115  0.0397  0.3483  0.0075  0.0288  0.0080  0.0085  0.0575  0.0223  0.0291  0.0169  0.0000  0.1194  0.0000  0.0000  0.0000
 0.0014  0.0000  0.0003  1.0000  0.0022  0.0003  0.0043  0.0013  0.0461  0.0017  0.0004  0.0001  0.0364  0.0011  0.0012  0.0009  0.0033  0.0014  0.0003  0.0001  0.0000  0.0007  0.0000  0.0000  0.0000
 0.0014  0.0000  0.0003  0.0002  0.0003  0.0032  0.0003  0.0002  1.0000  0.0005  0.2566  0.0039  0.0003  0.0005  0.0006  0.0004  0.0557  0.0009  0.0052  0.0004  0.0000  0.0005  0.0000  0.0000  0.0000
 0.0366  0.0000  0.0008  0.0007  0.0018  0.0006  0.0036  0.0009  0.0476  0.0066  0.0029  0.0009  0.0013  0.0022  0.0025  1.0000  0.0035  0.0025  0.0032  0.0003  0.0000  0.0006  0.0000  0.0000  0.0000
 0.0013  0.0000  0.0003  0.0002  0.0003  0.0023  0.0003  0.0001  0.2089  0.0004  1.0000  0.0027  0.0003  0.0004  0.0004  0.0004  0.0357  0.0010  0.0646  0.0003  0.0000  0.0005  0.0000  0.0000  0.0000
 0.0000  0.0000  0.0000  0.0000  0.0000  0.0000  0.0000  0.0000  0.0000  0.0000  0.0000  0.0000  0.0000  1.0000  0.0000  0.0000  0.0000  0.0000  0.0000  0.0000  0.0000  0.0000  0.0000  0.0000  0.0000
 0.0655  0.0000  0.0010  0.5948  1.0000  0.0058  0.0238  0.0154  0.0082  0.1615  0.0726  0.0061  0.0265  0.2073  0.5282  0.0191  0.0335  0.0293  0.2120  0.0027  0.0000  0.0077  0.0000  0.0000  0.0000
 0.3307  0.0000  0.0153  0.0154  0.4700  0.0059  1.0000  0.0030  0.0067  0.0161  0.0149  0.0070  0.0115  0.1119  0.0117  0.0110  0.2092  0.0270  0.0253  0.0021  0.0000  0.0046  0.0000  0.0000  0.0000
 0.0021  0.0000  0.0010  0.0003  0.0005  0.6497  0.0003  0.0000  0.0048  0.0000  0.1380  0.0024  0.0000  0.0008  0.0001  0.0000  0.0014  0.0013  0.2467  0.0096  0.0000  1.0000  0.0000  0.0000  0.0000
 0.0008  0.0000  0.0002  0.0001  0.0002  0.0017  0.0002  0.0001  0.0370  0.0003  1.0000  0.0021  0.0002  0.0003  0.0003  0.0002  0.0002  0.0005  0.1135  0.0002  0.0000  0.0003  0.0000  0.0000  0.0000
 0.0113  0.0000  0.0003  0.2727  1.0000  0.0496  0.0806  0.0029  0.0014  0.0923  0.0026  0.0011  0.0065  0.0068  0.3306  0.0034  0.0595  0.0053  0.0027  0.0005  0.0000  0.0015  0.0000  0.0000  0.0000
 0.0010  0.0000  0.0002  0.0023  0.0010  0.0002  0.0019  0.0007  0.0002  1.0000  0.0004  0.0001  0.0313  0.0006  0.0010  0.0018  0.0153  0.0010  0.0003  0.0001  0.0000  0.0004  0.0000  0.0000  0.0000
 0.0500  0.0000  0.0005  0.0003  0.0005  0.1090  0.0005  0.0505  0.0100  0.0007  1.0000  0.0066  0.0005  0.0009  0.0010  0.0007  0.0006  0.0012  0.0055  0.0006  0.0000  0.0007  0.0000  0.0000  0.0000
 0.2233  0.0000  0.0242  0.0960  0.0447  0.0132  0.0658  0.0791  0.0330  0.0606  0.0320  0.0169  0.4697  0.0619  0.9635  0.0370  0.4620  1.0000  0.0522  0.0083  0.0000  0.0184  0.0000  0.0000  0.0000
 0.0529  0.0000  0.0184  0.0213  0.1130  0.1021  0.0343  0.1074  0.2036  0.0303  1.0000  0.2895  0.0684  0.0213  0.0306  0.2720  0.0417  0.0407  0.0850  0.0193  0.0000  0.1289  0.0000  0.0000  0.0000
 0.1625  0.0000  0.0050  0.0585  0.4815  0.0047  0.0686  0.0113  0.0550  0.1147  0.0279  0.0098  1.0000  0.0255  0.1621  0.0485  0.3187  0.1136  0.0264  0.0016  0.0000  0.0036  0.0000  0.0000  0.0000
 0.0067  0.0000  0.0010  0.0047  0.0061  0.0009  0.0287  0.0026  0.0021  0.0350  0.0636  0.0013  0.1177  0.0037  0.0491  0.0405  1.0000  0.1959  0.0031  0.0006  0.0000  0.0015  0.0000  0.0000  0.0000
 0.0016  0.0000  0.0003  0.0013  0.0010  0.0004  0.0033  0.0005  0.0005  0.0013  0.0010  0.0002  0.0007  1.0000  0.0307  0.0012  0.0011  0.0008  0.0006  0.0004  0.0000  0.0004  0.0000  0.0000  0.0000
 1.0000  0.0000  0.1098  0.6250  0.8897  0.1990  0.5265  0.2126  0.3982  0.8382  0.4699  0.1508  0.4961  0.4093  0.5526  0.5118  0.9071  0.7908  0.4624  0.0570  0.0000  0.2433  0.0000  0.0000  0.0000
 0.0748  0.0000  0.1082  0.1214  0.0372  1.0000  0.0983  0.0866  0.0491  0.0390  0.8143  0.0288  0.0625  0.1193  0.0366  0.0408  0.0631  0.0490  0.0589  0.0201  0.0000  0.1060  0.0000  0.0000  0.0000
 0.0105  0.0000  0.0004  1.0000  0.0879  0.0010  0.0071  0.0033  0.0012  0.0703  0.0023  0.0009  0.0097  0.2560  0.0132  0.0033  0.0733  0.0053  0.0023  0.0005  0.0000  0.0017  0.0000  0.0000  0.0000
 0.0180  0.0000  0.0005  0.0009  0.0070  0.0010  0.0521  0.0044  0.0021  1.0000  0.0496  0.0017  0.0049  0.0040  0.5862  0.0466  0.0042  0.0373  0.0029  0.0008  0.0000  0.0022  0.0000  0.0000  0.0000
 0.0014  0.0000  0.0003  0.0012  0.0009  0.0004  0.0030  0.0005  0.0004  0.0012  0.0009  0.0002  0.0006  1.0000  0.0196  0.0011  0.0010  0.0007  0.0005  0.0004  0.0000  0.0004  0.0000  0.0000  0.0000
 0.0100  0.0000  0.0004  0.0001  0.0003  0.0028  0.0002  0.0002  0.0254  0.0004  1.0000  0.0993  0.0003  0.0246  0.0229  0.0004  0.0004  0.0009  0.0158  0.0003  0.0000  0.0004  0.0000  0.0000  0.0000
 0.0049  0.0000  0.0010  0.0021  0.0013  0.0005  0.0015  0.0006  0.0015  0.0020  0.0014  0.0008  0.0039  0.0262  0.0186  0.0013  1.0000  0.2992  0.0024  0.0552  0.0000  0.0006  0.0000  0.0000  0.0000
 0.0008  0.0000  0.0001  0.0001  0.0011  0.0002  0.0006  0.0113  0.0003  0.0565  0.0008  0.0003  0.0008  0.0006  0.0431  1.0000  0.0205  0.0009  0.0005  0.0001  0.0000  0.0004  0.0000  0.0000  0.0000
 0.0309  0.0000  0.0033  0.0111  0.0388  0.0069  0.0187  0.0199  0.0437  0.3535  0.1065  0.3554  0.0251  0.0352  0.1185  1.0000  0.0721  0.0505  0.0310  0.0038  0.0000  0.0119  0.0000  0.0000  0.0000
 0.2769  0.0000  0.0530  0.0938  0.0640  0.0268  0.0796  0.0277  0.0962  0.0935  0.1184  0.0401  0.1797  0.1262  0.0726  0.0590  0.7669  1.0000  0.1771  0.0154  0.0000  0.0276  0.0000  0.0000  0.0000
 0.0017  0.0000  0.0002  0.0003  0.0023  0.0003  0.0012  0.0178  0.0007  0.0608  0.0017  0.0006  0.0016  0.0744  0.0110  1.0000  0.0014  0.0202  0.0010  0.0003  0.0000  0.0106  0.0000  0.0000  0.0000
 0.0477  0.0000  0.0004  0.0005  0.0012  0.0003  0.0019  0.0007  0.0005  0.0116  0.0010  0.0004  0.0011  0.0185  0.0019  1.0000  0.0146  0.0269  0.0009  0.0002  0.0000  0.0004  0.0000  0.0000  0.0000
 1.0000  0.0000  0.0181  0.0355  0.0534  0.0655  0.0767  0.0541  0.0415  0.2953  0.0689  0.0819  0.1141  0.0680  0.0966  0.0573  0.0602  0.0764  0.6167  0.0176  0.0000  0.1799  0.0000  0.0000  0.0000
 0.0036  0.0000  0.0008  0.0403  0.0021  0.0005  0.0040  0.0013  0.0009  0.0024  0.0010  0.0005  0.0269  0.0021  0.0017  0.1512  1.0000  0.0559  0.0015  0.0003  0.0000  0.0008  0.0000  0.0000  0.0000
 0.0539  0.0000  0.0005  0.0003  0.0006  0.1423  0.0004  0.0005  0.0293  0.0355  1.0000  0.0423  0.0005  0.0179  0.0011  0.0073  0.0006  0.0012  0.0056  0.0006  0.0000  0.0008  0.0000  0.0000  0.0000
 0.0361  0.0000  0.0005  0.0044  0.0006  0.0002  0.0464  0.0002  0.0002  0.0006  0.0005  0.0002  0.0007  0.0013  0.0004  0.0004  1.0000  0.0010  0.0009  0.0001  0.0000  0.0002  0.0000  0.0000  0.0000
 0.2101  0.0000  0.0009  0.5248  1.0000  0.0198  0.0073  0.0030  0.0033  0.0184  0.0187  0.0020  0.0092  0.0069  0.0703  0.0423  0.0408  0.0420  0.0053  0.0005  0.0000  0.0012  0.0000  0.0000  0.0000
 0.0326  0.0000  0.0020  0.0015  0.0024  0.1527  0.0020  0.0034  1.0000  0.0026  0.0345  0.0024  0.0022  0.0121  0.0228  0.0258  0.0579  0.0246  0.0231  0.0012  0.0000  0.0060  0.0000  0.0000  0.0000
 0.0234  0.0000  0.0008  0.0011  0.0009  0.0003  1.0000  0.0116  0.0004  0.0010  0.0008  0.0004  0.0011  0.0580  0.0007  0.0007  0.0045  0.0447  0.0014  0.0001  0.0000  0.0003  0.0000  0.0000  0.0000
 0.0031  0.0000  0.0010  0.0106  0.0022  1.0000  0.0032  0.0032  0.0020  0.0200  0.0034  0.0175  0.0227  0.0365  0.0023  0.0142  0.0111  0.0027  0.0026  0.0010  0.0000  0.0116  0.0000  0.0000  0.0000
 0.0157  0.0000  0.0005  0.0178  0.0010  0.0002  1.0000  0.0005  0.0002  0.0010  0.0005  0.0002  0.0028  0.0116  0.0007  0.0290  0.0084  0.0043  0.0007  0.0001  0.0000  0.0177  0.0000  0.0000  0.0000
 0.0270  0.0000  0.0034  0.0033  0.0595  0.0003  0.0184  0.0225  0.0009  1.0000  0.0015  0.0005  0.0103  0.0014  0.0504  0.0028  0.0609  0.0423  0.0014  0.0001  0.0000  0.0002  0.0000  0.0000  0.0000
 0.0542  0.0000  0.0025  0.0018  0.0027  0.0031  0.0048  0.0012  0.0104  0.0048  0.9660  1.0000  0.0028  0.0817  0.1245  0.0131  0.1173  0.0237  0.0244  0.0006  0.0000  0.0014  0.0000  0.0000  0.0000
 0.0238  0.0000  0.0002  0.1842  1.0000  0.0002  0.0028  0.0005  0.0008  0.0082  0.0136  0.0004  0.0122  0.0011  0.0498  0.0084  0.1115  0.0154  0.0011  0.0001  0.0000  0.0020  0.0000  0.0000  0.0000
 0.2360  0.0000  0.0131  0.2798  0.0775  0.0028  0.0291  0.0112  0.0169  0.2130  0.0172  0.0116  0.2716  0.0156  0.2251  0.1047  0.2836  1.0000  0.0219  0.0010  0.0000  0.0022  0.0000  0.0000  0.0000
 0.0002  0.0000  0.0001  0.0000  0.0000  0.2364  0.0000  0.0000  0.0004  0.0000  0.0009  0.0002  0.0000  0.0001  0.0000  0.0000  0.0001  0.0001  0.0003  0.0008  0.0000  1.0000  0.0000  0.0000  0.0000
 0.6678  0.0000  0.0492  0.5548  1.0000  0.0540  0.3356  0.1249  0.3230  0.8208  0.2865  0.0965  0.4367  0.2417  0.6657  0.4613  0.6493  0.5322  0.3815  0.0177  0.0000  0.0481  0.0000  0.0000  0.0000
 0.0004  0.0000  0.0000  0.0001  0.0006  0.0001  0.0082  0.0004  0.0002  1.0000  0.0004  0.0001  0.0026  0.0003  0.1053  0.0803  0.0004  0.0005  0.0002  0.0001  0.0000  0.0002  0.0000  0.0000  0.0000
 0.0015  0.0000  0.0003  0.0001  0.0081  0.0012  0.0001  0.0001  0.1909  0.0003  1.0000  0.0139  0.0002  0.0004  0.0237  0.0002  0.0003  0.0156  0.1461  0.0001  0.0000  0.0002  0.0000  0.0000  0.0000
 0.0018  0.0000  0.0000  0.5156  1.0000  0.0002  0.0339  0.0123  0.0002  0.0019  0.0045  0.0002  0.0014  0.0011  0.0024  0.0005  0.0012  0.0009  0.0004  0.0001  0.0000  0.0003  0.0000  0.0000  0.0000
 0.0005  0.0000  0.0000  0.0001  0.0007  0.0001  0.0004  0.0005  0.0002  1.0000  0.0005  0.0002  0.0020  0.0562  0.0337  0.0094  0.0004  0.0005  0.0003  0.0001  0.0000  0.0002  0.0000  0.0000  0.0000
 0.0100  0.0000  0.0002  0.0001  0.0002  0.0011  0.0002  0.0001  0.4994  0.0002  1.0000  0.0013  0.0002  0.0002  0.0002  0.0002  0.0002  0.0007  0.0922  0.0001  0.0000  0.0003  0.0000  0.0000  0.0000
 0.0000  0.0000  0.0000  0.0000  0.0000  0.0000  1.0000  0.0000  0.0000  0.0000  0.0000  0.0000  0.0000  0.0000  0.0000  0.0000  0.0000  0.0000  0.0000  0.0000  0.0000  0.0000  0.0000  0.0000  0.0000
 0.0042  0.0000  0.0001  0.0010  1.0000  0.0001  0.0005  0.0001  0.0001  0.0004  0.0002  0.0001  0.0002  0.0004  0.0005  0.0002  0.0003  0.0002  0.0002  0.0001  0.0000  0.0001  0.0000  0.0000  0.0000
 0.0000  0.0000  0.0000  0.0000  0.0000  0.0000  1.0000  0.0000  0.0000  0.0000  0.0000  0.0000  0.0000  0.0000  0.0000  0.0000  0.0000  0.0000  0.0000  0.0000  0.0000  0.0000  0.0000  0.0000  0.0000
 0.0026  0.0000  0.0001  0.0003  0.0002  0.0001  0.0002  0.0001  0.0002  0.0003  0.0041  0.0015  0.0005  0.0003  0.0002  0.0002  0.1067  1.0000  0.0003  0.0000  0.0000  0.0001  0.0000  0.0000  0.0000
 0.0002  0.0000  0.0002  0.0002  0.0001  0.0018  0.0004  0.0001  0.0002  0.0001  0.0005  0.0001  0.0001  0.0002  0.0001  0.0001  0.0001  0.0037  0.0003  0.0005  0.0000  1.0000  0.0000  0.0000  0.0000
 1.0000  0.0000  0.0007  0.0006  0.0006  0.0003  0.6623  0.0001  0.0003  0.0007  0.0007  0.0003  0.0005  0.0018  0.0005  0.0005  0.0035  0.0012  0.0012  0.0001  0.0000  0.0002  0.0000  0.0000  0.0000
 0.0070  0.0000  0.0014  0.0004  0.0011  0.0010  0.0001  0.0003  0.0357  0.0129  0.0121  0.0221  0.0005  0.0015  0.0008  0.0006  0.0011  1.0000  0.5760  0.0002  0.0000  0.0003  0.0000  0.0000  0.0000
 0.0000  0.0000  0.0000  0.0000  0.0000  0.0000  0.0000  0.0000  0.0000  0.0000  0.0000  0.0000  0.0000  0.0000  0.0000  0.0000  0.0000  0.0000  1.0000  0.0000  0.0000  0.0000  0.0000  0.0000  0.0000
 0.0002  0.0000  0.0001  0.0000  0.0001  0.5345  0.0000  0.0000  0.0005  0.0000  0.0012  0.0002  0.0000  0.0001  0.0000  0.0000  0.0002  0.0002  0.0005  0.0012  0.0000  1.0000  0.0000  0.0000  0.0000
 0.0003  0.0000  0.0000  0.0001  0.0004  0.0001  0.0003  0.0002  0.0001  1.0000  0.0003  0.0001  0.0003  0.0003  0.0006  0.0481  0.0002  0.0003  0.0002  0.0001  0.0000  0.0001  0.0000  0.0000  0.0000
 0.4234  0.0000  0.0138  0.0003  0.0004  0.0002  1.0000  0.0001  0.0002  0.0004  0.0004  0.0002  0.0003  0.0010  0.0003  0.0003  0.0021  0.0007  0.0007  0.0001  0.0000  0.0001  0.0000  0.0000  0.0000
 0.0046  0.0000  0.0006  0.0010  0.0056  0.1219  0.0032  0.0042  0.0264  0.4580  0.0468  0.0017  0.0041  0.0033  0.0474  1.0000  0.0037  0.0079  0.0119  0.0009  0.0000  0.0156  0.0000  0.0000  0.0000
 0.0075  0.0000  0.0074  0.4034  0.0472  0.0015  0.0264  0.0997  0.0008  0.0105  0.0017  0.0006  0.4805  0.0060  0.0071  0.0053  1.0000  0.0085  0.0051  0.0008  0.0000  0.0040  0.0000  0.0000  0.0000
 0.0094  0.0000  0.0139  0.0016  0.0061  0.0014  0.0032  0.0036  0.0830  1.0000  0.0860  0.0155  0.0742  0.0036  0.0092  0.4425  0.0186  0.0526  0.0042  0.0007  0.0000  0.0023  0.0000  0.0000  0.0000
 0.1783  0.0000  0.0093  0.1111  0.2131  0.0134  0.0704  0.1168  0.0468  0.1928  1.0000  0.0172  0.0980  0.0413  0.2544  0.1344  0.1525  0.1402  0.2001  0.0041  0.0000  0.0330  0.0000  0.0000  0.0000
 0.0010  0.0000  0.0002  0.0210  0.0010  0.0002  0.0045  0.0114  0.0002  0.0011  0.0002  0.0001  0.0772  0.0258  0.0308  0.0005  0.0431  1.0000  0.0003  0.0001  0.0000  0.0004  0.0000  0.0000  0.0000
 0.0372  0.0000  0.0087  0.6746  0.5250  0.0089  1.0000  0.0897  0.0046  0.0517  0.0097  0.0035  0.7508  0.0294  0.0484  0.0334  0.0953  0.0426  0.0074  0.0122  0.0000  0.1523  0.0000  0.0000  0.0000
 0.1130  0.0000  0.0058  0.1138  0.7245  0.0054  0.0516  0.0221  0.0204  0.3466  0.0365  0.0116  1.0000  0.0300  0.5397  0.2671  0.1039  0.0836  0.0312  0.0019  0.0000  0.0041  0.0000  0.0000  0.0000
 0.0136  0.0000  0.0033  0.0077  0.0051  0.2168  0.0061  0.0100  0.4105  0.0054  1.0000  0.0915  0.0057  0.0144  0.0054  0.1201  0.0137  0.1806  0.2611  0.0034  0.0000  0.0269  0.0000  0.0000  0.0000
 0.0332  0.0000  0.0053  0.0001  0.0002  0.0148  0.0000  0.0000  0.0984  0.0002  0.0060  0.0003  0.0001  0.0002  0.0001  0.0001  0.0074  0.0008  1.0000  0.0000  0.0000  0.0001  0.0000  0.0000  0.0000
 1.0000  0.0000  0.0002  0.0001  0.0002  0.0001  0.0011  0.0000  0.0001  0.0002  0.0002  0.0001  0.0001  0.0005  0.0001  0.0001  0.0158  0.0020  0.0003  0.0000  0.0000  0.0001  0.0000  0.0000  0.0000
 0.0003  0.0000  0.0001  0.0000  0.0001  0.0008  0.0001  0.0001  0.0014  0.0001  1.0000  0.0907  0.0001  0.0001  0.0001  0.0001  0.0161  0.0002  0.0008  0.0001  0.0000  0.0001  0.0000  0.0000  0.0000
 0.0003  0.0000  0.0000  0.0002  0.0004  0.0001  0.0005  0.0002  0.0001  1.0000  0.0003  0.0001  0.0003  0.0004  0.0153  0.0012  0.0003  0.0003  0.0002  0.0001  0.0000  0.0001  0.0000  0.0000  0.0000
 0.0021  0.0000  0.0002  0.0008  1.0000  0.0004  0.0014  0.0018  0.0009  0.6311  0.0020  0.0007  0.0020  0.0016  0.0048  0.1103  0.0017  0.0058  0.0263  0.0003  0.0000  0.0009  0.0000  0.0000  0.0000
 0.0002  0.0000  0.0001  0.0000  0.0001  0.0039  0.0001  0.0000  1.0000  0.0001  0.0011  0.0002  0.0000  0.0000  0.0000  0.0001  0.0001  0.0154  0.0286  0.0000  0.0000  0.0001  0.0000  0.0000  0.0000
 0.0004  0.0000  0.0000  0.0002  0.0006  0.0001  0.0004  0.0870  0.0002  0.0214  0.0004  0.0001  0.0100  0.0003  0.0010  1.0000  0.0060  0.0005  0.0002  0.0001  0.0000  0.0002  0.0000  0.0000  0.0000
 0.0152  0.0000  0.0001  0.0000  0.0001  0.0006  0.0001  0.0000  0.0011  0.0001  1.0000  0.0007  0.0001  0.0001  0.0001  0.0001  0.0001  0.0002  0.0084  0.0001  0.0000  0.0001  0.0000  0.0000  0.0000
 0.0010  0.0000  0.0000  0.2610  1.0000  0.0001  0.0004  0.0002  0.0001  0.0010  0.0002  0.0001  0.0004  0.0006  0.1318  0.0003  0.0005  0.0004  0.0002  0.0000  0.0000  0.0001  0.0000  0.0000  0.0000
 0.3335  0.0000  0.0095  0.2496  0.4715  0.0110  0.0847  1.0000  0.0325  0.1739  0.0996  0.0184  0.1491  0.0463  0.4705  0.0883  0.6037  0.2038  0.0600  0.0036  0.0000  0.0511  0.0000  0.0000  0.0000
 0.0006  0.0000  0.0000  0.0730  1.0000  0.0001  0.0002  0.0001  0.0001  0.0084  0.0001  0.0001  0.0002  0.0003  0.0007  0.0002  0.0003  0.0002  0.0001  0.0000  0.0000  0.0001  0.0000  0.0000  0.0000
 0.0005  0.0000  0.0000  0.0124  1.0000  0.0000  0.0004  0.0002  0.0001  0.0005  0.0001  0.0000  0.0154  0.0003  0.0006  0.0002  0.0004  0.0002  0.0001  0.0000  0.0000  0.0001  0.0000  0.0000  0.0000
 0.0023  0.0000  0.0003  0.0003  0.0018  0.0001  1.0000  0.0001  0.0001  0.0003  0.0003  0.0001  0.0003  0.0007  0.0002  0.0002  0.0011  0.0004  0.0152  0.0001  0.0000  0.0001  0.0000  0.0000  0.0000
 1.0000  0.0000  0.0057  0.0013  0.0043  0.0032  0.0001  0.0011  0.1775  0.0042  0.0510  0.0062  0.0170  0.0060  0.0032  0.0024  0.0042  0.2497  0.7473  0.0005  0.0000  0.0010  0.0000  0.0000  0.0000
 0.0011  0.0000  0.0001  0.0003  0.0003  0.0001  0.0012  0.0001  0.0001  0.0004  0.0003  0.0001  0.0002  1.0000  0.0002  0.0003  0.0154  0.0003  0.0003  0.0001  0.0000  0.0001  0.0000  0.0000  0.0000
 0.9028  0.0000  0.4894  0.0923  0.0874  0.1268  0.4830  0.0222  0.0468  0.1099  0.0905  0.0425  0.0983  0.2320  0.0698  0.0726  1.0000  0.2896  0.1525  0.0138  0.0000  0.0297  0.0000  0.0000  0.0000
 0.0084  0.0000  0.0001  0.0003  0.0154  0.0001  0.0003  0.0001  0.0002  0.0002  0.0002  0.0001  0.0004  0.0003  0.0002  0.0002  0.0279  1.0000  0.0003  0.0000  0.0000  0.0001  0.0000  0.0000  0.0000
 1.0000  0.0000  0.0152  0.0002  0.0002  0.0001  0.0013  0.0000  0.0001  0.0002  0.0002  0.0076  0.0001  0.0006  0.0002  0.0002  0.0118  0.0004  0.0004  0.0000  0.0000  0.0001  0.0000  0.0000  0.0000
 0.0002  0.0000  0.0001  0.0000  0.0001  0.0003  0.0001  0.0000  1.0000  0.0001  0.0445  0.0049  0.0001  0.0000  0.0000  0.0001  0.0158  0.0002  0.0259  0.0000  0.0000  0.0001  0.0000  0.0000  0.0000
 0.0006  0.0000  0.0001  0.0003  0.0153  0.0001  0.0005  0.0002  0.0001  0.0014  0.0003  0.0001  0.0004  0.0003  0.0005  1.0000  0.0078  0.0003  0.0002  0.0001  0.0000  0.0001  0.0000  0.0000  0.0000
 0.0008  0.0000  0.0001  0.0010  1.0000  0.0003  0.0019  0.0001  0.0079  0.0005  0.0164  0.0004  0.0002  0.0004  0.0005  0.0002  0.0004  0.0003  0.0004  0.0001  0.0000  0.0001  0.0000  0.0000  0.0000
 0.1983  0.0000  0.0006  0.0002  0.0005  0.0009  0.0002  0.0001  1.0000  0.0005  0.0049  0.0011  0.0003  0.0006  0.0003  0.0003  0.0006  0.0022  0.9018  0.0001  0.0000  0.0004  0.0000  0.0000  0.0000
 0.0108  0.0000  0.0259  0.0002  0.0002  0.0001  0.0011  0.0001  0.0001  0.0003  0.0002  0.0001  0.0003  0.0006  0.0002  0.0002  1.0000  0.0048  0.0004  0.0000  0.0000  0.0001  0.0000  0.0000  0.0000
 0.0002  0.0000  0.0001  0.0000  0.0001  0.0066  0.0000  0.0000  0.0319  0.0001  1.0000  0.0008  0.0001  0.0001  0.0001  0.0001  0.0001  0.0001  0.0126  0.0001  0.0000  0.0001  0.0000  0.0000  0.0000
 0.0002  0.0000  0.0001  0.0000  0.0001  0.0087  0.0000  0.0000  0.0012  0.0001  1.0000  0.1013  0.0001  0.0001  0.0001  0.0001  0.0001  0.0001  0.0007  0.0001  0.0000  0.0001  0.0000  0.0000  0.0000
 0.0003  0.0000  0.0000  0.0001  0.0004  0.0001  0.0002  0.0003  0.0001  1.0000  0.0003  0.0001  0.0003  0.0002  0.0109  0.0672  0.0081  0.0003  0.0002  0.0000  0.0000  0.0001  0.0000  0.0000  0.0000
 0.0033  0.0000  0.0005  0.4610  1.0000  0.0005  0.0396  0.0023  0.0004  0.0168  0.0007  0.0003  0.2690  0.0024  0.0037  0.0017  0.0057  0.0026  0.0006  0.0003  0.0000  0.0012  0.0000  0.0000  0.0000
 0.0003  0.0000  0.0001  0.0000  0.0001  0.0007  0.0001  0.0001  0.0086  0.0001  1.0000  0.1343  0.0001  0.0001  0.0001  0.0001  0.0001  0.0002  0.0103  0.0001  0.0000  0.0001  0.0000  0.0000  0.0000
 0.0101  0.0000  0.0003  0.0570  0.0084  0.0003  0.0023  0.0978  0.0011  1.0000  0.0019  0.0007  0.0790  0.0075  0.1755  0.1821  0.0304  0.0153  0.0039  0.0001  0.0000  0.0075  0.0000  0.0000  0.0000
 0.0005  0.0000  0.0040  0.0797  0.0008  0.0001  0.0019  1.0000  0.0001  0.0007  0.0001  0.0000  0.0103  0.0004  0.0005  0.0004  0.0014  0.0005  0.0001  0.0001  0.0000  0.0024  0.0000  0.0000  0.0000
 1.0000  0.0000  0.0129  0.2161  0.4142  0.0081  0.1193  0.0207  0.0293  0.1961  0.0474  0.0167  0.1224  0.4727  0.0935  0.1455  0.3024  0.0913  0.0449  0.0029  0.0000  0.0068  0.0000  0.0000  0.0000
 0.0004  0.0000  0.0001  0.0013  0.0004  0.0001  0.0009  0.0003  0.0000  0.0004  0.0001  0.0000  1.0000  0.0003  0.0003  0.0002  0.0383  0.0022  0.0001  0.0000  0.0000  0.0038  0.0000  0.0000  0.0000
 0.0002  0.0000  0.0055  0.0000  0.0000  0.0002  0.0001  0.0000  1.0000  0.0001  0.0096  0.0002  0.0000  0.0000  0.0000  0.0001  0.0001  0.0002  0.1377  0.0000  0.0000  0.0001  0.0000  0.0000  0.0000
 0.0003  0.0000  0.0001  0.0000  0.0001  0.0002  0.0000  0.0000  0.0127  0.0001  0.0204  0.0003  0.0000  0.0001  0.0000  0.0001  0.0001  0.0002  1.0000  0.0000  0.0000  0.0001  0.0000  0.0000  0.0000
 0.1092  0.0000  0.0700  0.0645  0.1042  0.0281  0.0636  0.0345  0.0293  0.1915  0.0835  0.0224  0.0813  0.0303  0.0744  0.4450  0.2883  1.0000  0.0413  0.0159  0.0000  0.0450  0.0000  0.0000  0.0000
 0.0000  0.0000  0.0000  0.0000  0.0000  0.0000  0.0000  0.0000  0.0000  0.0000  1.0000  0.0000  0.0000  0.0000  0.0000  0.0000  0.0000  0.0000  0.0000  0.0000  0.0000  0.0000  0.0000  0.0000  0.0000
 0.0131  0.0000  0.0131  0.0053  0.0811  0.0452  0.0085  1.0000  0.0265  0.0267  0.1868  0.0260  0.0204  0.0053  0.1580  0.0555  0.0156  0.0101  0.0130  0.0048  0.0000  0.2753  0.0000  0.0000  0.0000
 0.0004  0.0000  0.0000  1.0000  0.0320  0.0001  0.0008  0.0044  0.0000  0.0005  0.0001  0.0000  0.0449  0.0003  0.0107  0.0002  0.0006  0.0003  0.0001  0.0000  0.0000  0.0001  0.0000  0.0000  0.0000
 0.0090  0.0000  0.0003  0.0001  0.0002  0.0006  0.0002  0.0000  1.0000  0.0003  0.1598  0.0006  0.0001  0.0002  0.0001  0.0002  0.0003  0.0217  0.7573  0.0001  0.0000  0.0003  0.0000  0.0000  0.0000
 0.0004  0.0000  0.0058  0.0001  0.0001  0.0006  0.0002  0.0000  1.0000  0.0002  0.2556  0.0057  0.0001  0.0001  0.0001  0.0001  0.0002  0.0005  0.6209  0.0001  0.0000  0.0003  0.0000  0.0000  0.0000
 0.0010  0.0000  0.0002  0.0007  0.0010  0.0008  0.0010  1.0000  0.0007  0.0038  0.0060  0.1054  0.0138  0.0047  0.0015  0.0043  0.0010  0.0010  0.0008  0.0002  0.0000  0.0222  0.0000  0.0000  0.0000
 0.0739  0.0000  0.0185  0.0040  0.0785  0.0003  0.0142  0.0025  0.0048  0.0129  0.0019  0.0007  0.0196  0.0017  0.1226  0.0097  0.2306  1.0000  0.0018  0.0001  0.0000  0.0003  0.0000  0.0000  0.0000
 0.0100  0.0000  0.0001  0.5951  1.0000  0.0003  0.0044  0.0007  0.0004  0.0555  0.0007  0.0003  0.0191  0.0100  0.0772  0.1517  0.0016  0.0014  0.0007  0.0001  0.0000  0.0004  0.0000  0.0000  0.0000
 0.0533  0.0000  0.0016  0.0177  0.3005  0.0016  0.0628  0.1230  0.0055  1.0000  0.0090  0.0031  0.4578  0.0190  0.0443  0.6660  0.2729  0.0241  0.0083  0.0006  0.0000  0.0480  0.0000  0.0000  0.0000
 0.1306  0.0000  0.1484  0.0604  0.0513  0.0156  0.0420  0.0258  0.0662  0.6928  0.1255  0.0227  0.1070  0.0706  0.0675  0.4187  1.0000  0.7819  0.0674  0.0102  0.0000  0.0204  0.0000  0.0000  0.0000
 0.0002  0.0000  0.0028  0.0000  0.0001  0.0006  0.0000  0.0000  0.0395  0.0001  1.0000  0.0007  0.0001  0.0001  0.0001  0.0001  0.0001  0.0001  0.0043  0.0001  0.0000  0.0001  0.0000  0.0000  0.0000
 0.1296  0.0000  0.0470  0.0460  0.0620  0.5713  0.0754  0.1112  0.1932  0.0623  0.3380  0.2034  0.0655  0.0519  0.0637  0.0735  0.1017  0.9369  0.1874  0.1260  0.0000  1.0000  0.0000  0.0000  0.0000
 0.0003  0.0000  0.0001  0.0000  0.0001  0.0876  0.0001  0.0001  0.0015  0.0001  1.0000  0.0035  0.0001  0.0001  0.0001  0.0001  0.0001  0.0002  0.0008  0.0001  0.0000  0.0002  0.0000  0.0000  0.0000
 0.0003  0.0000  0.0001  0.0000  0.0001  0.0002  0.0001  0.0000  0.0823  0.0001  0.0010  0.0002  0.0000  0.0001  0.0000  0.0001  0.0029  0.0003  1.0000  0.0000  0.0000  0.0001  0.0000  0.0000  0.0000
 0.0001  0.0000  0.0015  0.0000  0.0000  1.0000  0.0000  0.0000  0.0004  0.0000  0.0028  0.0018  0.0000  0.0001  0.0000  0.0000  0.0001  0.0001  0.0003  0.0005  0.0000  0.0018  0.0000  0.0000  0.0000
 0.0004  0.0000  0.0000  0.0075  1.0000  0.0001  0.0003  0.0001  0.0001  0.0004  0.0001  0.0000  0.0002  0.0003  0.0006  0.0002  0.0002  0.0002  0.0001  0.0000  0.0000  0.0001  0.0000  0.0000  0.0000
 0.0004  0.0000  0.0002  0.0002  0.0002  0.3879  0.0003  0.0253  0.0012  0.0002  0.0052  0.0007  0.0002  0.0002  0.0002  0.0002  0.0002  0.0003  0.0008  0.0005  0.0000  1.0000  0.0000  0.0000  0.0000
 0.0007  0.0000  0.0393  0.0001  0.0002  0.0015  0.0001  0.0001  0.0029  0.0002  1.0000  0.1459  0.0001  0.0003  0.0003  0.0002  0.0002  0.0004  0.2062  0.0002  0.0000  0.0002  0.0000  0.0000  0.0000
 0.0010  0.0000  0.0002  1.0000  0.0872  0.0002  0.0027  0.0698  0.0001  0.0013  0.0002  0.0001  0.1154  0.0007  0.0063  0.0006  0.0972  0.0328  0.0002  0.0001  0.0000  0.0004  0.0000  0.0000  0.0000
 0.2804  0.0000  0.0616  0.1916  0.2809  0.1727  0.1791  0.1666  0.1311  1.0000  0.5887  0.3086  0.2312  0.1065  0.4488  0.4003  0.5031  0.4448  0.2138  0.0463  0.0000  0.2561  0.0000  0.0000  0.0000
 0.0000  0.0000  0.0000  1.0000  0.0000  0.0000  0.0000  0.0000  0.0000  0.0000  0.0000  0.0000  0.0000  0.0000  0.0000  0.0000  0.0000  0.0000  0.0000  0.0000  0.0000  0.0000  0.0000  0.0000  0.0000
 0.0002  0.0000  0.0001  0.0000  0.0001  0.0029  0.0001  0.0000  0.0009  0.0001  1.0000  0.0006  0.0001  0.0001  0.0001  0.0001  0.0001  0.0001  0.0005  0.0001  0.0000  0.0002  0.0000  0.0000  0.0000
 0.0014  0.0000  0.0161  0.0003  0.0007  0.0001  0.0009  0.0004  0.0002  1.0000  0.0005  0.0002  0.0006  0.0006  0.0010  0.0049  0.0892  0.0008  0.0004  0.0001  0.0000  0.0002  0.0000  0.0000  0.0000
 0.0016  0.0000  0.0002  0.0003  0.0023  0.0003  0.0012  0.0403  0.0007  0.8493  0.0017  0.0005  0.0072  0.0013  1.0000  0.1594  0.0013  0.0018  0.0009  0.0003  0.0000  0.0007  0.0000  0.0000  0.0000
 0.0010  0.0000  0.0054  0.0004  0.0005  0.0622  0.0006  0.0988  0.0041  0.0006  0.0285  0.0004  0.0006  0.0004  0.0126  0.0007  0.0008  0.0008  0.0094  0.0037  0.0000  1.0000  0.0000  0.0000  0.0000
 0.0006  0.0000  0.0002  0.0001  0.0002  0.0477  0.0001  0.0001  0.0210  0.0002  0.8035  1.0000  0.0002  0.0003  0.0003  0.0002  0.0002  0.0004  0.0017  0.0002  0.0000  0.0002  0.0000  0.0000  0.0000
 0.0006  0.0000  0.0000  1.0000  0.2175  0.0001  0.0005  0.0002  0.0001  0.0006  0.0001  0.0001  0.0048  0.0004  0.0007  0.0002  0.0005  0.0037  0.0001  0.0000  0.0000  0.0001  0.0000  0.0000  0.0000
 0.2881  0.0000  0.0119  0.8505  0.2537  0.0111  0.1056  0.2279  0.0418  0.4261  0.0932  0.0302  0.2671  0.0613  0.1641  0.2078  1.0000  0.4039  0.1550  0.0038  0.0000  0.0085  0.0000  0.0000  0.0000
 0.1636  0.0000  1.0000  0.0717  0.0918  0.1556  0.0881  0.3632  0.1636  0.1422  0.2483  0.0597  0.1173  0.0926  0.1104  0.1987  0.3034  0.1282  0.1513  0.0410  0.0000  0.2278  0.0000  0.0000  0.0000
 0.0589  0.0000  0.0024  0.0732  0.0617  0.0023  1.0000  0.0055  0.0113  0.0547  0.0280  0.0048  0.1749  0.4371  0.0535  0.0512  0.0951  0.0334  0.0129  0.0008  0.0000  0.0017  0.0000  0.0000  0.0000
 0.0943  0.0000  0.0060  0.1951  0.2502  0.0198  0.5054  0.0601  0.0395  0.2541  0.0594  0.0264  1.0000  0.0308  0.2054  0.0766  0.1223  0.1218  0.1005  0.0020  0.0000  0.0046  0.0000  0.0000  0.0000
 0.5108  0.0000  0.1764  0.2089  0.2784  0.7035  0.3372  0.5411  0.3966  0.2950  0.6536  0.2206  0.3091  0.2060  0.2977  0.3499  0.4041  0.3931  0.5041  0.1842  0.0000  1.0000  0.0000  0.0000  0.0000
 0.0829  0.0000  0.0018  0.0005  0.0085  0.0027  0.0003  0.0006  0.5179  0.0620  1.0000  0.7818  0.0008  0.0020  0.0014  0.0099  0.0470  0.0062  0.0685  0.0004  0.0000  0.0007  0.0000  0.0000  0.0000
 0.0416  0.0000  0.0628  1.0000  0.2310  0.0020  0.2377  0.0892  0.0072  0.0759  0.0117  0.0041  0.6346  0.0986  0.1790  0.0205  0.6542  0.0288  0.0110  0.0007  0.0000  0.0018  0.0000  0.0000  0.0000
 1.0000  0.0000  0.1932  0.6588  0.9583  0.6556  0.5567  0.6413  0.4885  0.9197  0.8570  0.6392  0.6145  0.6030  0.6893  0.6720  0.8989  0.7591  0.6823  0.1751  0.0000  0.9372  0.0000  0.0000  0.0000
 0.5050  0.0000  0.0227  0.3617  0.4401  0.0280  0.1611  1.0000  0.0610  0.4204  0.1022  0.1169  0.3567  0.1808  0.2446  0.5927  0.3652  0.2481  0.1617  0.0057  0.0000  0.0127  0.0000  0.0000  0.0000
 0.2166  0.0000  0.0466  0.0153  0.0400  0.1543  0.0131  0.0184  0.5200  0.0517  1.0000  0.2348  0.3305  0.0572  0.0636  0.0456  0.0444  0.2117  0.5795  0.0194  0.0000  0.0263  0.0000  0.0000  0.0000
 0.0279  0.0000  0.0002  0.0001  0.0002  0.0003  0.0001  0.0000  0.2842  0.0002  0.0101  0.0033  0.0001  0.0002  0.0001  0.0001  0.0002  0.0118  1.0000  0.0000  0.0000  0.0001  0.0000  0.0000  0.0000
 0.0004  0.0000  0.0000  0.0001  0.0005  0.0001  0.0003  0.0003  0.0002  1.0000  0.0004  0.0034  0.0004  0.0003  0.0090  0.1847  0.0003  0.0004  0.0033  0.0001  0.0000  0.0002  0.0000  0.0000  0.0000
 1.0000  0.0000  0.1931  0.6306  0.9529  0.6243  0.5601  0.5394  0.5186  0.9289  0.8057  0.2693  0.6311  0.3828  0.6749  0.6768  0.9881  0.8716  0.6674  0.1678  0.0000  0.8619  0.0000  0.0000  0.0000
 0.0002  0.0000  0.0001  0.0000  0.0001  1.0000  0.0216  0.0000  0.0005  0.0000  0.0032  0.0002  0.0000  0.0001  0.0000  0.0000  0.0002  0.0001  0.0004  0.0011  0.0000  0.2630  0.0000  0.0000  0.0000
 0.0101  0.0000  0.0078  0.0001  0.0003  0.0074  0.0001  0.0001  0.0063  0.0003  1.0000  0.4920  0.0002  0.0005  0.0003  0.0002  0.0106  0.0439  0.0461  0.0001  0.0000  0.0002  0.0000  0.0000  0.0000
 0.0502  0.0000  0.0127  0.0030  0.0040  1.0000  0.0413  0.1624  0.0106  0.0117  0.0305  0.0274  0.0250  0.0030  0.0291  0.0141  0.0384  0.0058  0.0370  0.0228  0.0000  0.7444  0.0000  0.0000  0.0000
 0.0000  0.0000  0.0000  0.0000  0.0000  0.0000  0.0000  0.0000  0.0000  0.0000  0.0000  0.0000  0.0000  0.0000  1.0000  0.0000  0.0000  0.0000  0.0000  0.0000  0.0000  0.0000  0.0000  0.0000  0.0000
 0.0006  0.0000  0.0001  0.0001  0.0233  0.0015  0.0001  0.0001  0.3196  0.0002  1.0000  0.0452  0.0001  0.0002  0.0003  0.0002  0.0002  0.0003  0.0016  0.0002  0.0000  0.0002  0.0000  0.0000  0.0000
 0.0223  0.0000  0.0483  0.0001  0.0003  0.0064  0.0001  0.0001  0.0318  0.0003  1.0000  0.0279  0.0146  0.0005  0.0003  0.0002  0.0003  0.0283  0.0490  0.0001  0.0000  0.0002  0.0000  0.0000  0.0000
 0.0608  0.0000  0.0303  0.0276  0.0837  0.0005  0.0306  0.0104  0.0018  0.1603  0.0195  0.0082  0.0369  0.0026  0.1219  1.0000  0.0707  0.0080  0.0027  0.0002  0.0000  0.0004  0.0000  0.0000  0.0000
 0.0501  0.0000  0.0002  0.0002  0.0002  0.0001  1.0000  0.0000  0.0001  0.0002  0.0002  0.0001  0.0001  0.0006  0.0001  0.0002  0.0011  0.0004  0.0036  0.0000  0.0000  0.0001  0.0000  0.0000  0.0000
 0.0070  0.0000  0.0005  0.0002  0.0004  0.0016  0.0001  0.0002  0.5557  0.0005  1.0000  0.0080  0.0003  0.0006  0.0294  0.0003  0.0004  0.0047  0.1434  0.0002  0.0000  0.0003  0.0000  0.0000  0.0000
 1.0000  0.0000  0.0231  0.0386  0.0147  0.0199  0.0621  0.0159  0.0164  0.0393  0.1423  0.0309  0.0732  0.0076  0.0123  0.0685  0.3331  0.0241  0.0510  0.0053  0.0000  0.0809  0.0000  0.0000  0.0000
 0.0015  0.0000  0.0004  0.0007  0.0007  0.3722  0.0253  0.0353  0.0009  0.0007  0.0015  0.0005  0.0009  0.0006  0.0007  0.0008  0.0031  0.0010  0.0103  0.0004  0.0000  1.0000  0.0000  0.0000  0.0000
 0.0027  0.0000  1.0000  0.0002  0.0002  0.0001  0.0014  0.0001  0.0152  0.0003  0.0003  0.0001  0.0002  0.0181  0.0002  0.0002  0.0090  0.0006  0.0006  0.0000  0.0000  0.0001  0.0000  0.0000  0.0000
 0.0000  0.0000  0.0000  0.0000  0.0000  0.0000  0.0000  1.0000  0.0000  0.0000  0.0000  0.0000  0.0000  0.0000  0.0000  0.0000  0.0000  0.0000  0.0000  0.0000  0.0000  0.0000  0.0000  0.0000  0.0000
 0.4389  0.0000  0.0858  0.3970  0.6341  0.0220  0.2521  0.2071  0.0826  0.7795  0.1332  0.0467  0.2186  0.1212  0.5231  0.8390  1.0000  0.2638  0.1259  0.0076  0.0000  0.0167  0.0000  0.0000  0.0000
 0.0070  0.0000  0.0004  0.0021  0.0047  0.0007  0.0094  0.4689  0.0013  0.0247  0.0032  0.0010  0.1870  0.0335  0.1670  1.0000  0.0033  0.0036  0.0018  0.0005  0.0000  0.0015  0.0000  0.0000  0.0000
 0.0009  0.0000  0.0001  0.0002  0.0012  0.0002  0.0006  0.0103  0.0004  0.5376  0.0009  0.0003  0.0373  0.0007  0.0089  1.0000  0.0073  0.0284  0.0005  0.0001  0.0000  0.0184  0.0000  0.0000  0.0000
 0.0005  0.0000  0.0001  0.0001  0.0001  0.0025  0.0001  0.0000  0.4133  0.0001  0.0021  0.0004  0.0001  0.0241  0.0001  0.0001  0.0001  0.0005  1.0000  0.0000  0.0000  0.0002  0.0000  0.0000  0.0000
 0.0003  0.0000  0.0001  0.0000  0.0001  0.0006  0.0000  0.0000  0.0351  0.0001  1.0000  0.0008  0.0001  0.0001  0.0001  0.0001  0.0001  0.0180  0.0125  0.0001  0.0000  0.0001  0.0000  0.0000  0.0000
 0.0000  0.0000  0.0000  0.0000  0.0000  0.0000  0.0000  1.0000  0.0000  0.0000  0.0000  0.0000  0.0000  0.0000  0.0000  0.0000  0.0000  0.0000  0.0000  0.0000  0.0000  0.0000  0.0000  0.0000  0.0000
 0.0000  0.0000  0.0000  0.0000  0.0000  0.0000  0.0000  0.0000  0.0000  0.0000  0.0000  0.0000  0.0000  0.0000  0.0000  1.0000  0.0000  0.0000  0.0000  0.0000  0.0000  0.0000  0.0000  0.0000  0.0000
 0.0182  0.0000  0.0002  1.0000  0.0005  0.0002  0.0013  0.0002  0.0002  0.0004  0.0003  0.0001  0.0005  0.0006  0.0003  0.0003  0.0007  0.0004  0.0003  0.0001  0.0000  0.0002  0.0000  0.0000  0.0000
 0.0003  0.0000  0.0001  0.0000  0.0001  0.0007  0.0001  0.0001  0.0014  0.0001  1.0000  0.0085  0.0001  0.0001  0.0001  0.0001  0.0001  0.0002  0.0879  0.0001  0.0000  0.0001  0.0000  0.0000  0.0000
 0.0005  0.0000  0.0001  0.0006  0.0004  0.0002  0.0185  0.0002  0.0002  1.0000  0.0005  0.0001  0.0003  0.0010  0.0003  0.0006  0.0004  0.0003  0.0002  0.0002  0.0000  0.0002  0.0000  0.0000  0.0000
 0.0000  0.0000  0.0000  0.0000  0.0000  0.0000  0.0000  0.0000  0.0000  0.0000  0.0000  0.0000  0.0000  1.0000  0.0000  0.0000  0.0000  0.0000  0.0000  0.0000  0.0000  0.0000  0.0000  0.0000  0.0000
 0.0022  0.0000  0.0176  0.0004  0.0003  0.0002  0.0015  0.0001  0.0002  0.0003  0.0003  0.0001  0.0003  0.0053  1.0000  0.0003  0.0011  0.0005  0.0005  0.0001  0.0000  0.0002  0.0000  0.0000  0.0000
 0.0004  0.0000  0.0001  0.0009  0.0004  0.0002  0.0014  0.0003  0.0002  0.0005  0.0004  0.0001  1.0000  0.0179  0.0003  0.0004  0.0005  0.0003  0.0002  0.0002  0.0000  0.0002  0.0000  0.0000  0.0000
 0.0002  0.0000  0.0001  0.0000  0.0001  0.0006  0.0000  0.0000  0.0170  0.0001  1.0000  0.0007  0.0001  0.0019  0.0001  0.0001  0.0001  0.0001  0.0006  0.0001  0.0000  0.0001  0.0000  0.0000  0.0000
 0.0000  0.0000  0.0000  0.0000  0.0000  0.0000  0.0000  0.0000  0.0000  0.0000  1.0000  0.0000  0.0000  0.0000  0.0000  0.0000  0.0000  0.0000  0.0000  0.0000  0.0000  0.0000  0.0000  0.0000  0.0000
 0.0002  0.0000  0.0177  0.0000  0.0001  0.0002  0.0001  0.0000  1.0000  0.0001  0.0123  0.0002  0.0000  0.0000  0.0000  0.0001  0.0001  0.0002  0.0223  0.0000  0.0000  0.0001  0.0000  0.0000  0.0000
 0.0009  0.0000  0.0002  0.4950  0.0013  0.0002  0.0077  0.0009  0.0001  0.0012  0.0002  0.0001  1.0000  0.0007  0.0008  0.0006  0.1866  0.0732  0.0002  0.0001  0.0000  0.0005  0.0000  0.0000  0.0000
 0.1900  0.0000  0.0024  0.3708  1.0000  0.0086  0.0581  0.0056  0.0086  0.4473  0.0138  0.0106  0.1641  0.0222  0.0567  0.5015  0.1310  0.0922  0.0131  0.0008  0.0000  0.0017  0.0000  0.0000  0.0000
 0.0625  0.0000  0.1413  0.1793  0.3051  0.0036  0.0321  0.0223  0.0725  0.8460  0.0523  0.0283  0.1683  0.0186  0.0723  1.0000  0.1032  0.1289  0.0194  0.0012  0.0000  0.0142  0.0000  0.0000  0.0000
 0.0004  0.0000  0.0001  0.0060  0.0006  0.0001  1.0000  0.0004  0.0000  0.0110  0.0001  0.0000  0.0691  0.0003  0.0004  0.0003  0.0026  0.0306  0.0001  0.0000  0.0000  0.0002  0.0000  0.0000  0.0000
 0.2168  0.0000  0.0077  0.0480  1.0000  0.0082  0.0261  0.0121  0.0740  0.0651  0.0556  0.0107  0.2422  0.0188  0.1633  0.0425  0.0851  0.0753  0.1022  0.0015  0.0000  0.0047  0.0000  0.0000  0.0000
 0.0003  0.0000  0.0001  0.0000  0.0001  0.0008  0.0001  0.0001  0.1766  0.0001  1.0000  0.0029  0.0001  0.0001  0.0002  0.0001  0.0001  0.0002  0.0425  0.0001  0.0000  0.0001  0.0000  0.0000  0.0000
 0.0003  0.0000  0.0000  0.0000  0.0004  0.0001  0.0002  0.0002  0.0001  1.0000  0.0003  0.0001  0.0003  0.0002  0.0071  0.0188  0.0002  0.0003  0.0002  0.0000  0.0000  0.0001  0.0000  0.0000  0.0000
 0.0183  0.0000  0.0001  0.0000  0.0001  0.0006  0.0000  0.0001  0.0255  0.0001  1.0000  0.0008  0.0001  0.0001  0.0001  0.0001  0.0001  0.0003  0.0276  0.0001  0.0000  0.0001  0.0000  0.0000  0.0000
 1.0000  0.0000  0.0003  0.0002  0.0002  0.0001  0.0949  0.0000  0.0001  0.0002  0.0002  0.0001  0.0002  0.0006  0.0002  0.0002  0.0200  0.0004  0.0004  0.0000  0.0000  0.0001  0.0000  0.0000  0.0000
 0.0004  0.0000  0.0002  1.0000  0.0004  0.0002  0.0184  0.0003  0.0002  0.0004  0.0003  0.0001  0.0007  0.0007  0.0003  0.0004  0.0005  0.0003  0.0002  0.0002  0.0000  0.0002  0.0000  0.0000  0.0000
 0.0000  0.0000  0.0000  0.0000  0.0000  1.0000  0.0000  0.0000  0.0000  0.0000  0.0000  0.0000  0.0000  0.0000  0.0000  0.0000  0.0000  0.0000  0.0000  0.0000  0.0000  0.0000  0.0000  0.0000  0.0000
 0.0000  0.0000  0.0000  0.0000  0.0000  0.0000  1.0000  0.0000  0.0000  0.0000  0.0000  0.0000  0.0000  0.0000  0.0000  0.0000  0.0000  0.0000  0.0000  0.0000  0.0000  0.0000  0.0000  0.0000  0.0000
 0.0000  0.0000  0.0000  0.0000  0.0000  0.0000  0.0000  0.0000  0.0000  0.0000  1.0000  0.0000  0.0000  0.0000  0.0000  0.0000  0.0000  0.0000  0.0000  0.0000  0.0000  0.0000  0.0000  0.0000  0.0000
 1.0000  0.0000  0.0002  0.0002  0.0002  0.0001  0.0333  0.0000  0.0001  0.0002  0.0002  0.0001  0.0001  0.0005  0.0001  0.0002  0.0039  0.0004  0.0061  0.0000  0.0000  0.0001  0.0000  0.0000  0.0000
 0.0003  0.0000  0.0004  0.0005  0.0003  0.0003  0.0012  0.0003  0.0002  0.0005  0.0004  0.0001  0.0003  0.0006  0.0003  1.0000  0.0002  0.0003  0.0003  0.0002  0.0000  0.0086  0.0000  0.0000  0.0000
 1.0000  0.0000  0.0002  0.0035  0.0047  0.0001  0.0010  0.0001  0.0001  0.0003  0.0002  0.0001  0.0003  0.0005  0.0002  0.0002  0.0255  0.0135  0.0003  0.0000  0.0000  0.0001  0.0000  0.0000  0.0000
 0.1578  0.0000  0.0295  0.0195  0.0841  0.2127  0.0526  0.0543  0.3832  0.3586  1.0000  0.2249  0.0620  0.0717  0.1397  0.2819  0.0680  0.1137  0.2993  0.0295  0.0000  0.0550  0.0000  0.0000  0.0000
 0.1259  0.0000  0.0118  0.0227  0.0141  0.0049  0.8883  0.0051  0.0066  0.0157  0.0118  0.0057  0.0323  0.0300  0.0110  0.0103  1.0000  0.0646  0.0198  0.0021  0.0000  0.0050  0.0000  0.0000  0.0000
 0.0003  0.0000  0.0001  0.0001  0.0001  0.0006  0.0034  0.0000  0.9984  0.0002  0.0229  0.0005  0.0001  0.0001  0.0000  0.0001  0.0002  0.0004  1.0000  0.0001  0.0000  0.0003  0.0000  0.0000  0.0000
 0.0000  0.0000  0.0000  0.0000  0.0000  0.0000  0.0000  0.0000  0.0000  0.0000  0.0000  0.0000  0.0000  1.0000  0.0000  0.0000  0.0000  0.0000  0.0000  0.0000  0.0000  0.0000  0.0000  0.0000  0.0000
 0.0623  0.0000  0.0115  0.0032  0.0088  0.0453  0.0014  0.0024  0.1826  0.0092  0.3411  0.0329  0.0047  0.0121  0.0070  0.0056  0.2537  1.0000  0.9586  0.0018  0.0000  0.0036  0.0000  0.0000  0.0000
 0.0027  0.0000  0.0003  0.0006  0.0038  0.0006  0.0020  0.2200  0.0011  1.0000  0.0027  0.0009  0.2125  0.0021  0.0064  0.9135  0.0023  0.0029  0.0015  0.0004  0.0000  0.0012  0.0000  0.0000  0.0000
 0.0683  0.0000  0.0330  0.0009  0.0006  0.0002  0.0050  0.0003  0.0231  0.0059  0.0006  0.0003  0.0237  0.0065  0.0007  0.0096  0.0545  1.0000  0.1095  0.0001  0.0000  0.0003  0.0000  0.0000  0.0000
 0.0003  0.0000  0.0001  0.0001  0.0001  0.2182  0.0001  0.0052  0.0013  0.0001  0.0154  0.0008  0.0001  0.0001  0.0002  0.0001  0.0001  0.0002  0.0008  0.0002  0.0000  1.0000  0.0000  0.0000  0.0000
 0.0012  0.0000  0.0002  0.0005  0.0003  0.0001  0.0004  0.0001  0.0003  0.0005  0.0003  0.0002  0.0009  0.0006  0.0004  0.0003  1.0000  0.5917  0.0005  0.0001  0.0000  0.0001  0.0000  0.0000  0.0000
 0.0520  0.0000  0.0007  0.0116  0.0035  0.0005  0.0090  0.8899  0.0003  0.0034  0.0007  0.0003  1.0000  0.0022  0.0023  0.0018  0.0217  0.0030  0.0007  0.0003  0.0000  0.0013  0.0000  0.0000  0.0000
 0.0000  0.0000  0.0000  0.0000  1.0000  0.0000  0.0000  0.0000  0.0000  0.0000  0.0000  0.0000  0.0000  0.0000  0.0000  0.0000  0.0000  0.0000  0.0000  0.0000  0.0000  0.0000  0.0000  0.0000  0.0000
 0.0029  0.0000  0.0001  0.0000  0.0001  0.0001  0.0000  0.0000  0.0542  0.0001  0.0009  0.0002  0.0001  0.0001  0.0001  0.0001  0.0001  0.0005  1.0000  0.0000  0.0000  0.0001  0.0000  0.0000  0.0000
 0.0005  0.0000  0.0001  0.0001  0.0001  0.0002  0.0001  0.0000  0.0108  0.0001  0.0008  0.0002  0.0001  0.0001  0.0001  0.0001  0.0001  0.0004  1.0000  0.0000  0.0000  0.0001  0.0000  0.0000  0.0000
 0.0006  0.0000  0.0001  0.0002  0.0002  0.0001  0.0003  0.0001  0.0002  0.0018  0.0029  0.0001  0.0003  0.0003  0.0002  0.0002  0.0014  1.0000  0.0003  0.0000  0.0000  0.0001  0.0000  0.0000  0.0000
 0.0000  0.0000  0.0000  0.0000  0.0000  0.0000  0.0000  0.0000  0.0000  0.0000  1.0000  0.0000  0.0000  0.0000  0.0000  0.0000  0.0000  0.0000  0.0000  0.0000  0.0000  0.0000  0.0000  0.0000  0.0000
 0.0000  0.0000  0.0000  0.0000  0.0000  0.0000  0.0000  0.0000  0.0000  0.0000  0.0000  0.0000  0.0000  0.0000  0.0000  0.0000  0.0000  0.0000  0.0000  1.0000  0.0000  0.0000  0.0000  0.0000  0.0000
 0.0000  0.0000  0.0000  0.0000  0.0000  0.0000  0.0000  0.0000  0.0000  0.0000  0.0000  0.0000  0.0000  0.0000  0.0000  0.0000  0.0000  0.0000  0.0000  0.0000  0.0000  1.0000  0.0000  0.0000  0.0000
 0.0004  0.0000  0.0002  0.0004  0.0003  0.0002  0.0010  0.0002  0.0002  0.0007  0.0004  0.0001  0.0003  0.0006  0.0003  1.0000  0.0003  0.0023  0.0002  0.0002  0.0000  0.0002  0.0000  0.0000  0.0000
 0.7594  0.0000  0.0008  0.0006  0.0007  0.0003  0.0046  0.0001  0.0004  0.0008  0.0008  0.0004  0.0005  1.0000  0.0005  0.0006  0.0622  0.0014  0.0014  0.0001  0.0000  0.0002  0.0000  0.0000  0.0000
 0.0051  0.0000  0.0002  0.0002  0.0002  0.0001  0.0011  0.0000  0.0001  0.0002  0.0002  0.0001  0.0001  1.0000  0.0001  0.0001  0.0028  0.0003  0.0003  0.0000  0.0000  0.0001  0.0000  0.0000  0.0000
 0.0009  0.0000  0.0000  1.0000  0.4984  0.0001  0.0029  0.0003  0.0001  0.0009  0.0002  0.0001  0.0007  0.0006  0.0012  0.0003  0.0006  0.0004  0.0002  0.0000  0.0000  0.0001  0.0000  0.0000  0.0000
 0.0003  0.0000  0.0001  0.0001  0.0001  0.0004  0.0001  0.0000  0.5244  0.0001  0.0019  0.0003  0.0001  0.0001  0.0000  0.0001  0.0001  0.0003  1.0000  0.0000  0.0000  0.0002  0.0000  0.0000  0.0000
 0.0000  0.0000  0.0000  0.0000  0.0000  0.0000  0.0000  0.0000  0.0000  0.0000  1.0000  0.0000  0.0000  0.0000  0.0000  0.0000  0.0000  0.0000  0.0000  0.0000  0.0000  0.0000  0.0000  0.0000  0.0000
 0.0002  0.0000  0.0001  0.0000  0.0001  0.0242  0.0000  0.0000  0.0030  0.0001  1.0000  0.0484  0.0001  0.0001  0.0001  0.0001  0.0001  0.0001  0.0007  0.0001  0.0000  0.0001  0.0000  0.0000  0.0000
 0.0000  0.0000  0.0000  0.0000  0.0000  0.0000  1.0000  0.0000  0.0000  0.0000  0.0000  0.0000  0.0000  0.0000  0.0000  0.0000  0.0000  0.0000  0.0000  0.0000  0.0000  0.0000  0.0000  0.0000  0.0000
 0.1069  0.0000  0.0308  0.0005  0.0006  0.0002  0.0828  0.0001  0.0003  0.0006  0.0006  0.0003  0.0004  0.0016  0.0106  0.0005  1.0000  0.0029  0.0043  0.0001  0.0000  0.0002  0.0000  0.0000  0.0000
 0.1763  0.0000  0.0137  0.1101  0.1824  0.0124  0.0716  0.0445  0.0373  0.4850  0.0646  0.0216  0.1038  0.1200  0.1585  0.5858  0.2785  1.0000  0.0700  0.0048  0.0000  0.0130  0.0000  0.0000  0.0000
 0.1054  0.0000  0.0075  0.6377  1.0000  0.0940  0.0292  0.2963  0.0203  0.1668  0.1049  0.0250  0.0348  0.0202  0.2901  0.3496  0.0810  0.3061  0.0361  0.0057  0.0000  0.0782  0.0000  0.0000  0.0000
 0.0000  0.0000  0.0000  0.0000  0.0000  0.0000  0.0000  0.0000  0.0000  0.0000  0.0000  0.0000  0.0000  0.0000  0.0000  0.0000  0.0000  0.0000  0.0000  0.0000  0.0000  1.0000  0.0000  0.0000  0.0000
 0.0176  0.0000  0.0002  0.0003  0.0002  0.0017  0.0003  0.0001  0.0002  0.0003  0.0037  0.0001  0.0901  0.0004  0.0003  0.0002  1.0000  0.0263  0.0004  0.0001  0.0000  0.0001  0.0000  0.0000  0.0000
 0.0066  0.0000  0.0611  0.0004  0.0004  0.0002  0.0114  0.0001  0.0002  0.0005  0.0080  0.0002  0.0004  0.0045  0.0003  0.0003  0.0028  1.0000  0.0088  0.0001  0.0000  0.0001  0.0000  0.0000  0.0000
 0.2492  0.0000  0.0487  0.0150  0.0203  0.0044  0.2383  0.1641  0.0053  0.0130  0.0106  0.0049  0.0159  1.0000  0.5446  0.0089  0.6637  0.0406  0.0175  0.0017  0.0000  0.0042  0.0000  0.0000  0.0000
 0.0003  0.0000  0.0001  0.0001  0.0001  0.0005  0.0002  0.0000  1.0000  0.0001  0.1878  0.0005  0.0001  0.0001  0.0000  0.0001  0.0001  0.0004  0.5575  0.0001  0.0000  0.0002  0.0000  0.0000  0.0000
 0.0000  0.0000  0.0000  1.0000  0.0000  0.0000  0.0000  0.0000  0.0000  0.0000  0.0000  0.0000  0.0000  0.0000  0.0000  0.0000  0.0000  0.0000  0.0000  0.0000  0.0000  0.0000  0.0000  0.0000  0.0000
 0.0016  0.0000  0.0004  0.0001  0.0003  0.0007  0.0002  0.0001  0.4404  0.0003  0.0056  1.0000  0.0002  0.0003  0.0002  0.0002  0.0071  0.0126  0.1847  0.0001  0.0000  0.0003  0.0000  0.0000  0.0000
 0.0000  0.0000  0.0000  0.0000  0.0000  0.0000  0.0000  0.0000  0.0000  0.0000  0.0000  0.0000  0.0000  0.0000  0.0000  0.0000  0.0000  0.0000  0.0000  1.0000  0.0000  0.0000  0.0000  0.0000  0.0000
 0.0086  0.0000  0.0009  0.0015  0.0011  0.0005  1.0000  0.0004  0.0005  0.0013  0.0011  0.0004  0.0013  0.0028  0.0008  0.0010  0.9866  0.0017  0.0015  0.0003  0.0000  0.0004  0.0000  0.0000  0.0000
 0.1723  0.0000  0.0102  0.0002  0.0005  0.0004  0.0000  0.0001  0.2248  0.0005  0.0497  0.0146  0.0002  0.0007  0.0004  0.0003  0.0005  0.0298  1.0000  0.0001  0.0000  0.0001  0.0000  0.0000  0.0000
 0.0092  0.0000  0.0002  0.0002  0.0002  0.0001  1.0000  0.0001  0.0001  0.0002  0.0002  0.0001  0.0002  0.0005  0.0001  0.0002  0.0009  0.0003  0.0003  0.0001  0.0000  0.0001  0.0000  0.0000  0.0000
 0.0286  0.0000  1.0000  0.0002  0.0002  0.0001  0.0012  0.0000  0.0002  0.0002  0.0003  0.0001  0.0002  0.0006  0.0002  0.0002  0.0013  0.0515  0.0005  0.0000  0.0000  0.0001  0.0000  0.0000  0.0000
 0.0002  0.0000  0.0001  0.0000  0.0000  0.0003  0.0001  0.0000  1.0000  0.0001  0.0028  0.0003  0.0000  0.0000  0.0000  0.0001  0.0001  0.0002  0.0056  0.0000  0.0000  0.0001  0.0000  0.0000  0.0000
 0.0010  0.0000  0.0003  0.0001  0.0003  1.0000  0.0002  0.0884  0.0140  0.0003  0.1692  0.1011  0.0002  0.0004  0.0104  0.0003  0.0003  0.0006  0.0168  0.0003  0.0000  0.0003  0.0000  0.0000  0.0000
 1.0000  0.0000  0.0884  0.0656  0.0797  0.1119  0.4794  0.0245  0.0484  0.0862  0.1035  0.0441  0.0582  0.2143  0.0612  0.0648  0.4436  0.1535  0.1745  0.0246  0.0000  0.1551  0.0000  0.0000  0.0000
 0.0000  0.0000  0.0000  0.0000  1.0000  0.0000  0.0000  0.0000  0.0000  0.0000  0.0000  0.0000  0.0000  0.0000  0.0000  0.0000  0.0000  0.0000  0.0000  0.0000  0.0000  0.0000  0.0000  0.0000  0.0000
 0.0003  0.0000  0.0001  0.0000  0.0001  0.0007  0.0000  0.0000  0.0092  0.0001  0.0927  1.0000  0.0001  0.0001  0.0001  0.0001  0.0001  0.0001  0.0111  0.0001  0.0000  0.0001  0.0000  0.0000  0.0000
 1.0000  0.0000  0.1863  0.0446  0.0616  0.1769  0.0716  0.1257  0.4504  0.0666  0.1666  0.0602  0.0668  0.0444  0.0638  0.0755  0.1636  0.0937  0.5950  0.0451  0.0000  0.3649  0.0000  0.0000  0.0000
 0.1124  0.0000  0.0005  0.0010  0.0006  0.0002  0.0007  0.0003  0.0007  0.0010  0.0078  0.0127  0.2844  0.0012  0.0426  0.0082  0.1465  1.0000  0.0011  0.0002  0.0000  0.0003  0.0000  0.0000  0.0000
 0.0050  0.0000  0.0005  0.0010  0.0070  0.0010  1.0000  0.0217  0.0021  0.1928  0.0103  0.0017  0.0100  0.0040  0.1009  0.2239  0.0042  0.0054  0.0028  0.0008  0.0000  0.0023  0.0000  0.0000  0.0000
 0.0303  0.0000  0.0005  0.0042  0.0226  0.0007  0.0061  0.0252  0.0121  0.3857  0.0151  0.1338  0.0036  0.0036  0.0238  1.0000  0.0131  0.0069  0.0387  0.0003  0.0000  0.0009  0.0000  0.0000  0.0000
 0.1677  0.0000  0.0003  0.0003  0.0003  0.0001  0.0017  0.0001  0.0002  0.0003  0.0003  0.0001  0.0002  1.0000  0.0002  0.0003  0.0014  0.0005  0.0005  0.0001  0.0000  0.0001  0.0000  0.0000  0.0000
 0.0177  0.0000  0.0001  0.0001  0.0001  0.0011  0.0001  0.0001  0.0437  0.0002  1.0000  0.0739  0.0001  0.0002  0.0002  0.0001  0.0001  0.0696  0.0013  0.0001  0.0000  0.0001  0.0000  0.0000  0.0000
 0.0002  0.0000  0.0001  0.0000  0.0000  1.0000  0.0000  0.0000  0.0048  0.0000  0.0007  0.0001  0.0000  0.0001  0.0000  0.0000  0.0019  0.0001  0.0002  0.0005  0.0000  0.0022  0.0000  0.0000  0.0000
 0.0151  0.0000  0.0002  0.0004  0.0011  0.0002  0.0013  0.0709  0.0078  0.0046  0.0008  0.0003  0.0009  1.0000  0.0367  0.0165  0.0296  0.0014  0.0007  0.0001  0.0000  0.0004  0.0000  0.0000  0.0000
 0.0009  0.0000  0.0003  0.0004  0.0003  0.0002  1.0000  0.0002  0.0002  0.0002  0.0003  0.0001  0.0002  0.0006  0.0002  0.0003  0.0005  0.0003  0.0022  0.0002  0.0000  0.0002  0.0000  0.0000  0.0000
 0.1319  0.0000  0.0066  0.8787  0.0958  0.0055  0.1398  0.0126  0.0304  0.1254  0.0302  0.0110  0.1067  0.0296  0.0574  0.2474  1.0000  0.3390  0.0642  0.0022  0.0000  0.0047  0.0000  0.0000  0.0000
 0.0563  0.0000  0.0166  0.2439  0.0021  0.0037  0.0249  0.0008  0.0018  0.0028  0.0021  0.0011  0.0049  0.0044  0.0021  0.0018  0.7448  1.0000  0.0035  0.0004  0.0000  0.0008  0.0000  0.0000  0.0000
 0.3712  0.0000  0.0477  0.4440  1.0000  0.0368  0.0768  0.0500  0.2227  0.1945  0.1704  0.0581  0.1662  0.1674  0.2273  0.0669  0.2456  0.4235  0.6336  0.0124  0.0000  0.0299  0.0000  0.0000  0.0000
 0.2594  0.0000  0.0116  0.4919  1.0000  0.0260  0.1151  0.0576  0.1110  0.3125  0.0821  0.0307  0.1398  0.1290  0.2823  0.1231  0.1892  0.1649  0.0795  0.0102  0.0000  0.0466  0.0000  0.0000  0.0000
 0.0008  0.0000  0.0000  1.0000  0.4851  0.0001  0.0007  0.0003  0.0001  0.0009  0.0002  0.0001  0.0122  0.0005  0.0011  0.0003  0.0007  0.0004  0.0002  0.0000  0.0000  0.0002  0.0000  0.0000  0.0000
 0.0010  0.0000  0.0001  0.0027  0.6298  0.0001  0.0007  0.0003  0.0002  0.0011  0.0003  0.0001  0.0005  0.0008  1.0000  0.0004  0.0005  0.0005  0.0003  0.0001  0.0000  0.0002  0.0000  0.0000  0.0000
 0.0003  0.0000  0.0001  0.0000  0.0001  0.0007  0.0001  0.0001  0.1137  0.0001  1.0000  0.0009  0.0001  0.0001  0.0001  0.0001  0.0001  0.0002  0.0030  0.0001  0.0000  0.0001  0.0000  0.0000  0.0000
 0.2592  0.0000  0.0900  0.2802  0.1701  1.0000  0.2515  0.9948  0.2376  0.2062  0.3801  0.1381  0.1605  0.1183  0.2830  0.1864  0.2108  0.2027  0.2696  0.0940  0.0000  0.5307  0.0000  0.0000  0.0000
 0.1263  0.0000  0.0124  0.0219  0.1714  0.0886  0.0880  0.1101  0.0586  1.0000  0.2550  0.0451  0.1201  0.0978  0.2928  0.8435  0.1078  0.1406  0.0737  0.0198  0.0000  0.0560  0.0000  0.0000  0.0000
 0.0003  0.0000  0.0001  0.0001  0.0001  0.0005  0.0002  0.0001  1.0000  0.0001  0.0024  0.0194  0.0001  0.0002  0.0001  0.0001  0.0001  0.0002  0.0008  0.0001  0.0000  0.0002  0.0000  0.0000  0.0000
 0.0001  0.0000  0.0001  0.0000  0.0000  1.0000  0.0000  0.0000  0.0002  0.0000  0.0006  0.0001  0.0000  0.0000  0.0000  0.0000  0.0024  0.0001  0.0002  0.0081  0.0000  0.0023  0.0000  0.0000  0.0000
 0.0006  0.0000  0.0001  0.0001  0.0134  0.0001  0.0004  0.0159  0.0002  0.2053  0.0190  0.0002  0.0005  0.0004  0.0160  1.0000  0.0186  0.0006  0.0003  0.0001  0.0000  0.0003  0.0000  0.0000  0.0000
 0.0540  0.0000  0.0024  0.0007  0.0018  0.0025  0.0003  0.0004  0.6974  0.0019  1.0000  0.0501  0.0010  0.0024  0.0014  0.0012  0.0359  0.2798  0.3587  0.0004  0.0000  0.0008  0.0000  0.0000  0.0000
 0.0003  0.0000  0.0001  0.0000  0.0001  0.0008  0.0001  0.0001  0.0036  0.0001  1.0000  0.1747  0.0001  0.0036  0.0002  0.0046  0.0001  0.0035  0.0029  0.0029  0.0000  0.0001  0.0000  0.0000  0.0000
 0.0008  0.0000  0.0001  0.0003  0.0004  0.0001  1.0000  0.0003  0.0001  0.0192  0.0003  0.0001  0.0005  0.0004  0.0006  0.0145  0.0006  0.0051  0.0002  0.0000  0.0000  0.0001  0.0000  0.0000  0.0000
 0.0006  0.0000  0.0001  0.0002  0.0001  0.0001  0.0002  0.0001  0.0002  0.0002  0.0002  0.0001  0.0004  0.0003  0.0002  0.0001  0.0483  1.0000  0.0003  0.0000  0.0000  0.0001  0.0000  0.0000  0.0000
 0.0051  0.0000  0.0002  0.0003  0.0002  0.0001  0.0012  0.0001  0.0001  0.0003  0.0003  0.0001  0.0002  1.0000  0.0002  0.0003  0.0007  0.0003  0.0003  0.0001  0.0000  0.0001  0.0000  0.0000  0.0000
 0.0280  0.0000  0.0015  0.1556  0.0036  0.0009  0.0063  0.0022  0.0020  0.0044  0.0020  0.0010  0.3818  0.0041  0.0149  0.0801  0.2949  1.0000  0.0031  0.0005  0.0000  0.0052  0.0000  0.0000  0.0000
 0.0019  0.0000  0.0000  0.0506  1.0000  0.0002  0.0008  0.0005  0.0002  0.0020  0.0004  0.0002  0.0453  0.0693  0.0338  0.0005  0.0240  0.0009  0.0223  0.0001  0.0000  0.0002  0.0000  0.0000  0.0000
 0.0989  0.0000  0.0011  0.7387  1.0000  0.0011  0.0346  0.0026  0.0132  0.0343  0.0157  0.0023  0.0377  0.0059  0.0563  0.2546  0.0666  0.0861  0.0437  0.0004  0.0000  0.0008  0.0000  0.0000  0.0000
 0.0383  0.0000  0.0013  0.0827  0.0742  0.0012  0.0127  0.0030  0.1657  0.0227  0.0158  0.0276  0.0825  0.0067  0.0466  0.0937  0.3032  1.0000  0.1690  0.0004  0.0000  0.0010  0.0000  0.0000  0.0000
 0.0004  0.0000  0.0003  0.0005  0.0003  0.0066  0.0008  0.0514  0.0005  0.0003  0.0011  0.0003  0.0004  0.0003  0.0002  0.0003  0.0003  0.0003  0.0004  1.0000  0.0000  0.0200  0.0000  0.0000  0.0000
 0.0277  0.0000  0.0002  0.0002  0.0003  0.0001  0.0008  0.0001  0.0002  0.0051  0.0003  0.0001  0.0003  1.0000  0.0218  0.0030  0.0110  0.0053  0.0040  0.0000  0.0000  0.0001  0.0000  0.0000  0.0000
 0.0210  0.0000  0.0002  0.0469  0.0396  0.0002  1.0000  0.0008  0.0001  0.0012  0.0002  0.0001  0.0139  0.0007  0.0403  0.0006  0.0120  0.0563  0.0002  0.0001  0.0000  0.0004  0.0000  0.0000  0.0000
 0.0054  0.0000  0.0156  0.0001  0.0001  0.0055  0.0002  0.0000  0.7136  0.0002  0.0345  0.0553  0.0001  0.0001  0.0001  0.0001  0.0002  0.0006  1.0000  0.0001  0.0000  0.0003  0.0000  0.0000  0.0000
 0.0946  0.0000  0.1832  0.0247  0.1669  0.0668  0.0323  0.0821  0.0398  0.0354  0.3429  0.0560  0.0509  0.0205  0.0806  0.0436  0.6378  1.0000  0.1063  0.0158  0.0000  0.0853  0.0000  0.0000  0.0000
 0.1642  0.0000  0.0112  0.0498  0.1965  0.0019  0.0202  0.1205  0.0067  0.1072  0.0278  0.0038  0.0616  0.0098  0.2759  0.0776  1.0000  0.0807  0.0102  0.0006  0.0000  0.0504  0.0000  0.0000  0.0000
 0.2030  0.0000  0.0695  0.0791  0.1086  0.5006  0.1280  0.2090  0.2573  0.1860  1.0000  0.1447  0.4567  0.0828  0.1211  0.1653  0.1799  0.1556  0.2167  0.0732  0.0000  0.4203  0.0000  0.0000  0.0000
 0.0383  0.0000  0.0003  0.0789  0.3815  0.0005  0.0026  0.0012  0.0011  0.0415  0.0150  0.0007  0.0032  1.0000  0.0647  0.0029  0.1250  0.0497  0.0019  0.0002  0.0000  0.0005  0.0000  0.0000  0.0000
 0.0406  0.0000  0.0014  0.7509  1.0000  0.0014  0.1854  0.0488  0.0039  0.0517  0.0272  0.0023  0.0474  0.0074  0.0148  0.0113  0.0336  0.1281  0.0060  0.0005  0.0000  0.0017  0.0000  0.0000  0.0000
 0.0008  0.0000  0.0003  0.0003  0.0003  1.0000  0.0004  0.0059  0.0011  0.0003  0.0024  0.0006  0.0003  0.0003  0.0003  0.0004  0.0006  0.0006  0.0148  0.0339  0.0000  0.7758  0.0000  0.0000  0.0000
 0.0037  0.0000  0.0008  0.0120  0.0061  0.0030  0.0023  0.0102  0.0402  1.0000  0.0097  0.0013  0.0360  0.0018  0.0265  0.3509  0.0140  0.0031  0.0397  0.0009  0.0000  0.0694  0.0000  0.0000  0.0000
 0.4411  0.0000  0.0035  0.0767  0.0789  0.0033  0.0825  0.0079  0.0121  0.1031  0.1793  0.0069  0.3764  1.0000  0.0725  0.0340  0.8204  0.6793  0.0185  0.0011  0.0000  0.0025  0.0000  0.0000  0.0000
 0.0159  0.0000  0.0414  0.0064  0.0453  0.0291  0.0442  0.2116  0.0124  0.0330  0.0396  0.0069  0.0211  0.0064  0.0370  0.0660  0.0126  0.0123  0.0348  0.0058  0.0000  1.0000  0.0000  0.0000  0.0000
 0.3383  0.0000  0.0058  0.1668  0.1091  0.0054  0.0881  0.0496  0.0203  0.3609  0.1012  0.0332  1.0000  0.0297  0.0910  0.1336  0.4815  0.5944  0.0309  0.0019  0.0000  0.0042  0.0000  0.0000  0.0000
 0.0013  0.0000  0.0004  0.0004  0.0005  1.0000  0.0006  0.0009  0.0359  0.0006  0.1039  0.0070  0.0610  0.0112  0.0007  0.0007  0.0007  0.0009  0.0024  0.0252  0.0000  0.2367  0.0000  0.0000  0.0000
 0.0062  0.0000  0.0042  0.0122  0.0036  0.0015  0.1158  0.0672  0.0014  0.0057  0.0022  0.0060  0.0100  1.0000  0.0615  0.0663  0.0175  0.0547  0.0023  0.0006  0.0000  0.0024  0.0000  0.0000  0.0000
 0.2235  0.0000  0.1946  0.1160  0.1206  0.4458  0.1453  0.3636  0.2405  1.0000  0.3248  0.1616  0.1803  0.0900  0.4575  0.4161  0.1904  0.1891  0.4198  0.0814  0.0000  0.4626  0.0000  0.0000  0.0000
 0.0020  0.0000  0.0130  0.0008  0.0010  0.0768  0.0058  0.0074  0.0014  0.0011  0.0023  0.0008  0.0012  0.0082  0.0011  0.0013  0.0016  0.0014  0.0018  0.5353  0.0000  1.0000  0.0000  0.0000  0.0000
 0.5636  0.0000  0.0200  0.2232  0.4344  0.0220  0.1598  0.0628  0.0824  0.7274  0.3166  0.0417  0.3424  0.3751  0.2898  1.0000  0.3975  0.2570  0.1599  0.0072  0.0000  0.0669  0.0000  0.0000  0.0000
 0.6467  0.0000  0.0013  0.0311  0.0469  0.0012  0.0964  0.0030  0.0047  0.1338  0.0076  0.0026  0.0364  1.0000  0.0323  0.2176  0.1777  0.2952  0.0176  0.0004  0.0000  0.0009  0.0000  0.0000  0.0000
 0.0429  0.0000  0.0031  0.2734  0.4809  0.0105  0.1293  0.0161  0.0280  0.3598  0.0577  0.0247  0.1476  0.0397  1.0000  0.2816  0.0712  0.0936  0.0595  0.0011  0.0000  0.0254  0.0000  0.0000  0.0000
 0.4393  0.0000  0.0581  0.7239  0.2185  0.0068  0.0892  0.0165  0.0361  0.4045  0.0539  0.0341  0.3897  1.0000  0.1388  0.0939  0.3087  0.0831  0.0763  0.0023  0.0000  0.0188  0.0000  0.0000  0.0000
 0.0013  0.0000  0.0005  0.0005  0.0027  0.0367  0.0008  0.0014  0.0453  0.0007  1.0000  0.0006  0.0064  0.0038  0.0007  0.0029  0.0055  0.0130  0.0128  0.0505  0.0000  0.0094  0.0000  0.0000  0.0000
 0.7703  0.0000  0.0601  0.6222  1.0000  0.0502  0.4009  0.1259  0.2104  0.9285  0.3213  0.1053  0.4925  0.2718  0.5908  0.5359  0.7434  0.5720  0.2876  0.0172  0.0000  0.0388  0.0000  0.0000  0.0000
 0.3295  0.0000  0.0182  0.2920  0.4241  0.0309  0.1590  0.2270  0.0776  0.6086  0.4080  0.0577  0.9893  0.1184  0.3421  0.3732  1.0000  0.4378  0.1180  0.0059  0.0000  0.0131  0.0000  0.0000  0.0000
 0.5194  0.0000  0.1825  0.2048  0.2723  0.7063  0.3285  0.6389  0.4335  0.2898  0.6654  0.2244  0.3220  0.2041  0.3120  0.3520  0.4051  0.3926  0.5418  0.1843  0.0000  1.0000  0.0000  0.0000  0.0000
 0.7676  0.0000  0.1155  0.0029  0.0079  0.1720  0.0012  0.0032  0.2237  0.0080  0.2846  0.0346  0.0042  0.0106  0.0062  0.0051  0.0158  0.1343  1.0000  0.0922  0.0000  0.0045  0.0000  0.0000  0.0000
 0.0222  0.0000  0.0001  0.0037  0.0009  0.0001  0.0015  0.0057  0.0001  0.1132  0.0002  0.0001  0.0199  1.0000  0.0210  0.0006  0.0095  0.0178  0.0002  0.0001  0.0000  0.0003  0.0000  0.0000  0.0000
 0.0489  0.0000  0.0017  0.0228  0.0376  0.0015  0.1291  0.0038  0.0058  0.1315  0.0139  0.0065  0.3424  0.0485  0.1740  1.0000  0.1000  0.1000  0.0149  0.0005  0.0000  0.0012  0.0000  0.0000  0.0000
 0.0151  0.0000  0.0048  0.0001  0.0001  0.0267  0.0037  0.0001  0.2033  0.0002  1.0000  0.0286  0.0001  0.0002  0.0002  0.0002  0.0041  0.0003  0.0182  0.0001  0.0000  0.0002  0.0000  0.0000  0.0000
 0.0020  0.0000  0.0249  1.0000  0.1181  0.0004  0.0473  0.0330  0.0002  0.0029  0.0005  0.0002  0.0471  0.0038  0.0019  0.0015  0.0737  0.0105  0.0003  0.0002  0.0000  0.0825  0.0000  0.0000  0.0000
 0.4740  0.0000  0.0338  0.4309  0.4238  0.0066  0.1009  0.0446  0.0249  0.2131  0.0543  0.0141  0.2261  0.4526  0.2162  0.1192  1.0000  0.3957  0.0411  0.0023  0.0000  0.0050  0.0000  0.0000  0.0000
 0.3854  0.0000  0.0118  1.0000  0.7220  0.0115  0.0946  0.2759  0.0601  0.2320  0.2521  0.0738  0.2694  0.0873  0.1418  0.1492  0.2427  0.2464  0.1239  0.0039  0.0000  0.0187  0.0000  0.0000  0.0000
 0.0551  0.0000  0.0002  0.0002  0.0002  0.0001  1.0000  0.0000  0.0001  0.0002  0.0002  0.0001  0.0001  0.0005  0.0001  0.0002  0.0043  0.0004  0.0004  0.0000  0.0000  0.0001  0.0000  0.0000  0.0000
 0.5100  0.0000  0.0309  0.0501  0.3615  0.2315  0.0597  0.0829  1.0000  0.0973  0.8537  0.0845  0.1054  0.0422  0.0723  0.2015  0.0836  0.1061  0.3195  0.0276  0.0000  0.1463  0.0000  0.0000  0.0000
 0.0630  0.0000  0.0002  1.0000  0.1989  0.0003  0.0020  0.0633  0.0008  0.0220  0.0013  0.0066  0.1027  0.0016  0.0128  0.0023  0.0175  0.0862  0.0013  0.0001  0.0000  0.0003  0.0000  0.0000  0.0000
 0.0002  0.0000  0.0001  0.0000  0.0001  0.0007  0.0000  0.0001  0.0620  0.0001  1.0000  0.0353  0.0001  0.0001  0.0001  0.0001  0.0001  0.0001  0.0007  0.0001  0.0000  0.0001  0.0000  0.0000  0.0000
 0.1134  0.0000  0.0002  0.0001  0.0002  0.0066  0.0001  0.0001  0.0837  0.0002  1.0000  0.0020  0.0001  0.0002  0.0003  0.0002  0.0002  0.0003  0.0016  0.0002  0.0000  0.0002  0.0000  0.0000  0.0000
 0.2833  0.0000  0.0805  0.1959  0.3419  0.0129  0.0875  0.0581  0.0372  0.1568  0.1732  0.2462  0.3834  0.0374  0.4280  0.1053  1.0000  0.7698  0.0395  0.0027  0.0000  0.0099  0.0000  0.0000  0.0000
 0.2440  0.0000  0.0133  0.0490  0.0447  0.0017  0.0954  0.0081  0.0064  1.0000  0.0232  0.0270  0.1265  0.0094  0.1153  0.3211  0.3345  0.0197  0.0098  0.0006  0.0000  0.0013  0.0000  0.0000  0.0000
 0.0019  0.0000  0.0302  0.0002  0.0005  0.4671  0.0004  0.0004  0.0163  0.0006  1.0000  0.8986  0.0005  0.0008  0.0010  0.0006  0.0005  0.0580  0.0052  0.0006  0.0000  0.0006  0.0000  0.0000  0.0000
 0.0002  0.0000  0.0013  0.0000  0.0001  0.0006  0.0000  0.0000  0.0029  0.0001  1.0000  0.0032  0.0001  0.0001  0.0001  0.0001  0.0014  0.0001  0.0096  0.0001  0.0000  0.0001  0.0000  0.0000  0.0000
 0.2681  0.0000  0.1416  0.1023  0.1734  0.3489  0.1625  0.3026  0.3526  0.2529  0.5194  0.1177  0.1518  0.1008  1.0000  0.2911  0.2072  0.2369  0.3715  0.0921  0.0000  0.4931  0.0000  0.0000  0.0000
 0.0115  0.0000  0.0697  0.0013  0.0019  0.3600  0.0021  0.0031  0.0104  0.0020  0.5026  0.0452  0.0020  0.0019  0.0023  0.0023  0.0081  0.0032  0.0130  0.0029  0.0000  1.0000  0.0000  0.0000  0.0000
 0.0338  0.0000  0.0008  0.8153  1.0000  0.0088  0.0062  0.0054  0.0029  0.0321  0.0047  0.0016  0.2288  0.0044  0.0216  0.2134  0.0374  0.0362  0.0044  0.0003  0.0000  0.0086  0.0000  0.0000  0.0000
 0.0874  0.0000  0.0034  0.0307  0.0032  0.0013  0.3517  0.0007  0.0017  0.0036  0.0034  0.0016  0.0030  1.0000  0.0025  0.0025  0.2791  0.0431  0.0114  0.0005  0.0000  0.0011  0.0000  0.0000  0.0000
 0.5295  0.0000  0.0196  0.1905  0.6150  0.0191  0.0706  0.0520  0.0785  1.0000  0.1249  0.0299  0.2560  0.1022  0.1274  0.6182  0.4090  0.1683  0.1982  0.0032  0.0000  0.0071  0.0000  0.0000  0.0000
 0.1474  0.0000  0.0104  0.1837  0.1179  0.0162  0.1077  0.1161  0.0192  1.0000  0.0881  0.1782  0.4391  0.0279  0.3119  0.2260  0.4178  0.0583  0.0336  0.0019  0.0000  0.0045  0.0000  0.0000  0.0000
 0.0000  0.0000  0.0000  0.0000  0.0000  0.0000  0.0000  0.0000  0.0000  0.0000  0.0000  0.0000  0.0000  0.0000  0.0000  1.0000  0.0000  0.0000  0.0000  0.0000  0.0000  0.0000  0.0000  0.0000  0.0000
 0.0112  0.0000  0.0002  0.0001  0.0001  0.0005  0.0001  0.0000  1.0000  0.0002  0.1342  0.1035  0.0001  0.0002  0.0001  0.0001  0.0002  0.0038  0.1568  0.0001  0.0000  0.0002  0.0000  0.0000  0.0000
 0.0352  0.0000  0.0038  0.0183  0.0006  0.0002  0.0993  0.0003  0.0005  0.0008  0.0005  0.0003  0.0154  0.0201  0.0006  0.0005  1.0000  0.1706  0.0008  0.0001  0.0000  0.0003  0.0000  0.0000  0.0000
 1.0000  0.0000  0.0033  0.0002  0.0002  0.0001  0.0225  0.0000  0.0001  0.0002  0.0002  0.0001  0.0001  0.0006  0.0001  0.0002  0.0293  0.0017  0.0004  0.0000  0.0000  0.0001  0.0000  0.0000  0.0000
 0.3628  0.0000  0.0024  0.3471  1.0000  0.0023  0.0172  0.0813  0.0186  0.6174  0.0137  0.0048  0.0482  0.0124  0.0823  0.4786  0.0610  0.0346  0.0233  0.0008  0.0000  0.0017  0.0000  0.0000  0.0000
 0.6051  0.0000  0.0076  1.0000  0.7953  0.0071  0.0959  0.0272  0.0350  0.1906  0.0430  0.0972  0.1158  0.0391  0.3241  0.2073  0.1730  0.1229  0.0947  0.0024  0.0000  0.0054  0.0000  0.0000  0.0000
 1.0000  0.0000  0.0040  0.0002  0.0002  0.0001  0.0219  0.0000  0.0202  0.0003  0.0003  0.0001  0.0002  0.0007  0.0002  0.0002  0.0416  0.0005  0.0005  0.0000  0.0000  0.0001  0.0000  0.0000  0.0000
 0.0170  0.0000  0.0672  0.0002  0.0004  0.0091  0.0001  0.0002  0.0099  0.0005  1.0000  0.4681  0.0003  0.0006  0.0005  0.0533  0.0004  0.0037  0.0788  0.0003  0.0000  0.0003  0.0000  0.0000  0.0000
 0.1577  0.0000  0.0200  0.1625  0.4339  0.0051  0.0390  0.0482  0.0748  1.0000  0.1233  0.0807  0.2490  0.0282  0.5723  0.6099  0.3498  0.1606  0.1660  0.0018  0.0000  0.0039  0.0000  0.0000  0.0000
 0.0003  0.0000  0.0001  0.0004  0.0004  0.0001  0.0006  1.0000  0.0001  0.0013  0.0003  0.0001  0.0004  0.0004  0.0108  0.0029  0.0003  0.0003  0.0002  0.0001  0.0000  0.0001  0.0000  0.0000  0.0000
 0.0859  0.0000  0.0140  0.0280  0.1362  0.0004  0.0032  0.0044  0.0016  0.0408  0.0304  0.0009  0.0085  1.0000  0.0088  0.0480  0.1666  0.0111  0.0424  0.0001  0.0000  0.0003  0.0000  0.0000  0.0000
 0.0002  0.0000  0.0001  0.0000  0.0001  0.2776  0.0000  0.0000  0.0005  0.0000  0.0012  0.0002  0.0000  0.0001  0.0000  0.0000  0.0002  0.0001  0.0005  0.1425  0.0000  1.0000  0.0000  0.0000  0.0000
 0.0002  0.0000  0.0001  0.0000  0.0001  1.0000  0.0001  0.0000  0.0006  0.0000  0.0735  0.0003  0.0000  0.0001  0.0000  0.0000  0.0001  0.0001  0.0004  0.0006  0.0000  0.0022  0.0000  0.0000  0.0000
 0.7550  0.0000  0.0337  0.7276  0.6264  0.0453  0.2661  0.3208  0.1153  1.0000  0.6070  0.0652  0.6097  0.1648  0.6319  0.9436  0.6248  0.3680  0.1747  0.0123  0.0000  0.0609  0.0000  0.0000  0.0000
 0.0169  0.0000  0.0970  1.0000  0.1837  0.0017  0.1045  0.0067  0.0036  0.0211  0.0059  0.0021  0.0887  0.0187  0.1644  0.0175  0.8146  0.1848  0.0055  0.0008  0.0000  0.0031  0.0000  0.0000  0.0000
 0.0005  0.0000  0.0001  0.0112  0.0001  0.0275  0.0002  0.0001  0.1656  0.0002  1.0000  0.0282  0.0001  0.0002  0.0002  0.0002  0.0002  0.0004  0.0869  0.0002  0.0000  0.0250  0.0000  0.0000  0.0000
 0.1501  0.0000  0.0030  0.2624  0.0457  0.0027  1.0000  0.0507  0.0047  0.0304  0.0081  0.0028  0.1473  0.3994  0.0238  0.0249  0.0769  0.0595  0.0073  0.0012  0.0000  0.0051  0.0000  0.0000  0.0000
 0.1508  0.0000  0.0087  0.3106  1.0000  0.0081  0.0620  0.0198  0.0305  0.6821  0.0491  0.0584  0.1211  0.4177  0.1606  0.2168  0.1501  0.1437  0.1905  0.0028  0.0000  0.0061  0.0000  0.0000  0.0000
 0.0813  0.0000  0.0017  0.0558  0.0778  0.0016  0.0125  0.0104  0.0203  0.4699  0.0289  0.0035  0.1560  0.1103  0.1191  1.0000  0.1785  0.0334  0.0261  0.0006  0.0000  0.0012  0.0000  0.0000  0.0000
 0.0548  0.0000  0.2085  0.0053  0.0072  0.0182  0.0085  0.0140  1.0000  0.0076  0.6531  0.0353  0.0424  0.0122  0.0379  0.0197  0.0382  0.0289  0.8735  0.0048  0.0000  0.0643  0.0000  0.0000  0.0000
 0.1903  0.0000  0.1803  0.0795  0.0980  0.2843  0.1184  1.0000  0.1495  0.1939  0.3830  0.1162  0.1267  0.1330  0.1482  0.1248  0.1494  0.1613  0.2047  0.1039  0.0000  0.5414  0.0000  0.0000  0.0000
 0.3857  0.0000  0.0137  0.1712  0.8166  0.0128  0.0978  0.3485  0.0841  1.0000  0.0776  0.0272  0.2625  0.1451  0.5220  0.1692  0.2761  0.5473  0.1590  0.0044  0.0000  0.0097  0.0000  0.0000  0.0000
 0.0164  0.0000  0.0001  0.0001  0.0004  0.0010  0.0002  0.0002  0.0019  0.0132  1.0000  0.0323  0.0003  0.0003  0.0006  0.0115  0.0003  0.0004  0.0011  0.0001  0.0000  0.0040  0.0000  0.0000  0.0000
 0.0323  0.0000  0.0187  0.0394  0.1554  0.0010  0.0192  0.0290  0.0036  0.0367  0.0219  0.0020  0.0094  1.0000  0.0111  0.1147  0.0653  0.0627  0.0150  0.0003  0.0000  0.0009  0.0000  0.0000  0.0000
 0.0023  0.0000  0.0001  1.0000  0.1367  0.0002  0.0213  0.0006  0.0049  0.0110  0.0088  0.0002  0.0014  0.0093  0.0026  0.0341  0.0072  0.0012  0.0006  0.0001  0.0000  0.0003  0.0000  0.0000  0.0000
 0.0803  0.0000  0.0487  0.1460  0.4526  0.0066  0.0624  0.0138  0.0208  0.0848  0.0410  0.0597  0.2413  0.1034  0.0550  0.0483  0.2687  1.0000  0.0319  0.0028  0.0000  0.0066  0.0000  0.0000  0.0000
 0.7405  0.0000  0.0039  0.0612  0.1790  0.0036  0.0272  0.0087  0.1127  0.1041  0.0912  0.0076  0.0354  0.0387  0.2534  0.0375  0.2366  1.0000  0.3200  0.0012  0.0000  0.0028  0.0000  0.0000  0.0000
 0.0102  0.0000  0.0005  0.0146  0.0239  0.0004  0.0013  0.0006  0.0164  0.0014  0.0008  0.0004  0.0072  0.0012  0.0011  0.0270  1.0000  0.0222  0.0011  0.0002  0.0000  0.0201  0.0000  0.0000  0.0000
 0.0004  0.0000  0.0002  0.0001  0.0001  0.0008  0.0002  0.0000  1.0000  0.0002  0.0561  0.0061  0.0001  0.0001  0.0001  0.0146  0.0002  0.0005  0.2011  0.0001  0.0000  0.0303  0.0000  0.0000  0.0000
 0.0010  0.0000  0.0003  0.0088  0.0161  1.0000  0.0003  0.0085  0.0042  0.0005  0.1029  0.0292  0.0004  0.0005  0.0006  0.0004  0.0004  0.0006  0.0024  0.0003  0.0000  0.0005  0.0000  0.0000  0.0000
 0.6729  0.0000  0.0030  0.0760  0.1609  0.0014  0.0887  0.0017  0.0025  0.0062  0.0036  0.0017  0.0081  0.0418  0.0051  0.0035  1.0000  0.5288  0.0058  0.0007  0.0000  0.0015  0.0000  0.0000  0.0000
 0.1384  0.0000  0.0015  0.0004  0.0012  0.0036  0.0003  0.0004  0.0226  0.0013  1.0000  0.0050  0.0007  0.0017  0.0012  0.0009  0.0012  0.0048  0.3663  0.0005  0.0000  0.0006  0.0000  0.0000  0.0000
 0.0121  0.0000  0.0005  0.1314  0.3742  0.0014  0.0057  0.0045  0.0025  1.0000  0.0052  0.0019  0.0070  0.1583  0.0748  0.1334  0.0079  0.0320  0.0040  0.0008  0.0000  0.0153  0.0000  0.0000  0.0000
 0.0519  0.0000  0.0059  0.2206  1.0000  0.0072  0.4340  0.0313  0.0056  0.0608  0.0345  0.0044  0.1816  0.0356  0.0591  0.0239  0.0763  0.0364  0.0104  0.0036  0.0000  0.0158  0.0000  0.0000  0.0000
 0.0009  0.0000  0.0003  0.0337  0.0003  0.0015  0.0222  0.0000  1.0000  0.0004  0.0081  0.0014  0.0003  0.0002  0.0001  0.0004  0.0005  0.0011  0.7673  0.0002  0.0000  0.0007  0.0000  0.0000  0.0000
 0.0025  0.0000  0.0003  0.0010  0.0034  0.0005  0.0184  0.1721  0.0010  0.0255  0.0024  0.0008  0.0030  0.0019  1.0000  0.0949  0.0499  0.0026  0.0014  0.0004  0.0000  0.0213  0.0000  0.0000  0.0000
 0.0005  0.0000  0.0001  0.0001  0.0001  0.0014  0.0001  0.0001  0.0932  0.0002  1.0000  0.0017  0.0001  0.0002  0.0003  0.0002  0.0001  0.0003  0.0100  0.0002  0.0000  0.0002  0.0000  0.0000  0.0000
 0.0153  0.0000  0.0016  0.0231  0.2745  0.0058  0.0080  0.0354  0.0052  0.0595  0.0101  0.0035  0.0094  0.0384  1.0000  0.0304  0.0101  0.0325  0.0449  0.0021  0.0000  0.2184  0.0000  0.0000  0.0000
 0.0043  0.0000  0.0004  0.0007  0.0060  0.0009  0.0030  0.0038  0.0018  1.0000  0.0043  0.0014  0.0042  0.1370  0.0861  0.2308  0.0035  0.1518  0.0024  0.0007  0.0000  0.0019  0.0000  0.0000  0.0000
 0.0035  0.0000  0.0001  0.6904  1.0000  0.0003  0.0015  0.0009  0.0004  0.0036  0.0008  0.0003  0.0017  0.0021  0.0046  0.0215  0.0019  0.0016  0.0008  0.0002  0.0000  0.0004  0.0000  0.0000  0.0000
 0.4589  0.0000  0.0026  0.0020  0.0024  0.0010  0.0142  0.0005  0.0683  0.0029  0.0028  0.0013  0.0018  1.0000  0.0019  0.0250  0.0592  0.0056  0.0050  0.0004  0.0000  0.0008  0.0000  0.0000  0.0000
 0.0155  0.0000  0.0023  0.0268  0.0086  0.0015  1.0000  0.0058  0.0011  0.0879  0.0023  0.0009  0.5567  0.0067  0.0059  0.0052  0.2231  0.0089  0.0561  0.0007  0.0000  0.0032  0.0000  0.0000  0.0000
 0.1585  0.0000  0.0552  0.0637  0.0851  0.4454  0.1025  0.4938  0.5347  0.1239  0.5014  0.1725  0.0957  0.0640  0.0922  0.4194  0.1246  0.1221  0.1590  0.0577  0.0000  1.0000  0.0000  0.0000  0.0000
 0.0012  0.0000  0.0002  0.0005  0.0015  0.0003  0.0014  0.0009  0.0005  0.0064  0.0011  0.0003  0.0010  0.0012  0.1576  1.0000  0.0009  0.0011  0.0006  0.0003  0.0000  0.0005  0.0000  0.0000  0.0000
 0.0867  0.0000  0.0150  0.1217  0.0420  0.0088  0.6400  0.0270  0.0134  0.0459  0.0168  0.0081  0.7487  0.1442  0.0323  0.0256  1.0000  0.2748  0.0244  0.0049  0.0000  0.0162  0.0000  0.0000  0.0000
 0.2312  0.0000  0.0439  0.0897  0.0671  0.0234  0.0608  0.0268  0.0793  0.1890  0.2067  0.0346  0.1858  0.1046  0.0719  0.0623  0.9117  1.0000  0.1686  0.0138  0.0000  0.0254  0.0000  0.0000  0.0000
 0.6584  0.0000  0.0213  0.0074  0.0166  0.0107  0.0234  0.0040  0.1813  0.0170  0.0644  0.0496  0.0093  0.1297  0.0125  0.0101  1.0000  0.0727  0.3054  0.0021  0.0000  0.0041  0.0000  0.0000  0.0000
 0.0111  0.0000  0.0045  0.0018  0.1158  1.0000  0.0024  0.0019  0.0349  0.0020  0.2009  0.6569  0.0016  0.0045  0.0027  0.0021  0.0061  0.0069  0.0246  0.0314  0.0000  0.4587  0.0000  0.0000  0.0000
 0.0531  0.0000  0.0066  0.0591  0.0397  0.0046  0.0554  0.1053  0.0057  0.0494  0.0111  0.0044  0.0640  1.0000  0.6493  0.0349  0.1497  0.0390  0.0117  0.0025  0.0000  0.0086  0.0000  0.0000  0.0000
 0.0526  0.0000  0.0007  1.0000  0.9245  0.0047  0.0199  0.3329  0.0063  0.0532  0.0116  0.0048  0.0227  0.1952  0.6808  0.0141  0.0267  0.0230  0.0121  0.0022  0.0000  0.0065  0.0000  0.0000  0.0000
 0.2634  0.0000  0.0273  0.0421  0.0309  0.0125  0.0800  0.0117  0.0311  0.0431  0.1216  0.0174  0.0699  0.4107  0.0328  0.0280  1.0000  0.6002  0.0600  0.0070  0.0000  0.0127  0.0000  0.0000  0.0000
 0.1560  0.0000  0.0021  0.0016  0.0019  0.0008  1.0000  0.0004  0.0009  0.0020  0.0020  0.0010  0.0013  0.0053  0.0014  0.0015  0.0108  0.0036  0.0674  0.0003  0.0000  0.0006  0.0000  0.0000  0.0000
 0.0039  0.0000  0.0004  0.0031  0.0054  0.0008  0.0387  0.0975  0.0015  0.1383  0.0035  0.0012  0.1235  0.0031  0.0085  1.0000  0.0041  0.0041  0.0020  0.0006  0.0000  0.0018  0.0000  0.0000  0.0000
 0.5028  0.0000  0.0529  0.0716  0.0559  0.0215  1.0000  0.0170  0.0317  0.0650  0.0539  0.0261  0.0854  0.6679  0.0461  0.0440  0.5364  0.3742  0.0915  0.0092  0.0000  0.0198  0.0000  0.0000  0.0000
 1.0000  0.0000  0.0607  0.0508  0.0816  0.0283  0.3331  0.0268  0.0441  0.6953  0.1610  0.0360  0.0589  0.1595  0.0835  0.1474  0.3375  0.1382  0.1223  0.0112  0.0000  0.0255  0.0000  0.0000  0.0000
 0.7118  0.0000  0.1102  0.7136  0.2797  0.3401  0.7436  0.2399  0.1128  0.2888  0.1950  0.0738  1.0000  0.2599  0.2114  0.1934  0.7954  0.4695  0.1972  0.0535  0.0000  0.2662  0.0000  0.0000  0.0000
 0.0000  0.0000  0.0000  0.0000  0.0000  0.0000  0.0000  0.0000  0.0000  0.0000  0.0000  0.0000  0.0000  0.0000  0.0000  1.0000  0.0000  0.0000  0.0000  0.0000  0.0000  0.0000  0.0000  0.0000  0.0000
 0.0000  0.0000  0.0000  0.0000  0.0000  0.0000  0.0000  0.0000  0.0000  0.0000  0.0000  0.0000  0.0000  0.0000  0.0000  0.0000  0.0000  0.0000  1.0000  0.0000  0.0000  0.0000  0.0000  0.0000  0.0000
 0.0000  0.0000  0.0000  0.0000  0.0000  0.0000  0.0000  0.0000  0.0000  0.0000  0.0000  0.0000  0.0000  0.0000  0.0000  0.0000  0.0000  0.0000  1.0000  0.0000  0.0000  0.0000  0.0000  0.0000  0.0000
 0.0000  0.0000  0.0000  1.0000  0.0000  0.0000  0.0000  0.0000  0.0000  0.0000  0.0000  0.0000  0.0000  0.0000  0.0000  0.0000  0.0000  0.0000  0.0000  0.0000  0.0000  0.0000  0.0000  0.0000  0.0000
 0.0000  0.0000  0.0000  0.0000  0.0000  0.0000  0.0000  0.0000  0.0000  0.0000  0.0000  0.0000  0.0000  0.0000  0.0000  0.0000  0.0000  1.0000  0.0000  0.0000  0.0000  0.0000  0.0000  0.0000  0.0000
 0.0000  0.0000  0.0000  0.0000  1.0000  0.0000  0.0000  0.0000  0.0000  0.0000  0.0000  0.0000  0.0000  0.0000  0.0000  0.0000  0.0000  0.0000  0.0000  0.0000  0.0000  0.0000  0.0000  0.0000  0.0000
 0.0000  0.0000  0.0000  0.0000  0.0000  1.0000  0.0000  0.0000  0.0000  0.0000  0.0000  0.0000  0.0000  0.0000  0.0000  0.0000  0.0000  0.0000  0.0000  0.0000  0.0000  0.0000  0.0000  0.0000  0.0000
//
