WARNING! M255 not allowed! score: 0.03 median: 2.78 # of sequence: 162
ID   UNK_ID; MATRIX
AC   UNK_AC
DE   UNK_DE
MA   UNK_BL
  A   B   C   D   E   F   G   H   I   K   L   M   N   P   Q   R   S   T   V   W   X   Y   Z   *   -
 0.0000  0.0000  0.0000  0.0000  0.0000  0.0000  0.0000  0.0000  0.0000  0.0000  0.0000  1.0000  0.0000  0.0000  0.0000  0.0000  0.0000  0.0000  0.0000  0.0000  0.0000  0.0000  0.0000  0.0000  0.0000
 0.0000  0.0000  0.0000  0.0000  0.0000  0.0000  0.0000  0.0000  0.0000  0.0000  1.0000  0.0000  0.0000  0.0000  0.0000  0.0000  0.0000  0.0000  0.0000  0.0000  0.0000  0.0000  0.0000  0.0000  0.0000
 0.0222  0.0000  0.0069  0.0042  0.0064  0.1264  0.0083  0.0041  0.0871  0.0076  0.8232  0.0558  0.0050  0.0106  0.0093  0.0076  0.0088  0.0131  0.0524  1.0000  0.0000  0.0789  0.0000  0.0000  0.0000
 0.0168  0.0000  0.0048  0.0022  0.0043  0.5269  0.0035  0.0030  0.0777  0.0051  1.0000  0.0506  0.0037  0.0070  0.0076  0.0051  0.0056  0.0098  0.0445  0.0139  0.0000  0.0429  0.0000  0.0000  0.0000
 1.0000  0.0000  0.0388  0.0309  0.0364  0.0174  0.6431  0.0077  0.0212  0.0399  0.1920  0.0202  0.0270  0.0969  0.0273  0.0289  0.1983  0.0679  0.0659  0.0058  0.0000  0.0126  0.0000  0.0000  0.0000
 0.0168  0.0000  0.0048  0.0022  0.0043  0.5269  0.0035  0.0030  0.0777  0.0051  1.0000  0.0506  0.0037  0.0070  0.0076  0.0051  0.0056  0.0098  0.0445  0.0139  0.0000  0.0429  0.0000  0.0000  0.0000
 0.0000  0.0000  0.0000  0.0000  0.0000  0.0000  1.0000  0.0000  0.0000  0.0000  0.0000  0.0000  0.0000  0.0000  0.0000  0.0000  0.0000  0.0000  0.0000  0.0000  0.0000  0.0000  0.0000  0.0000  0.0000
 0.2116  0.0000  0.0347  0.0404  0.0525  0.1903  0.1173  0.0250  0.3400  0.0697  1.0000  0.2151  0.0391  0.1344  0.0581  0.0603  0.0948  0.0888  0.2420  0.0307  0.0000  0.0445  0.0000  0.0000  0.0000
 0.3189  0.0000  0.0634  0.0884  0.0850  1.0000  0.2339  0.0332  0.1983  0.0823  0.4964  0.1099  0.0643  0.1553  0.0558  0.0715  0.1827  0.1200  0.2008  0.2178  0.0000  0.8214  0.0000  0.0000  0.0000
 0.6272  0.0000  0.1854  0.2567  0.4473  0.6958  0.4041  0.6085  0.4312  0.9346  0.7432  0.2491  0.4125  0.2853  0.5258  0.8713  0.5061  0.5080  0.5558  0.1915  0.0000  1.0000  0.0000  0.0000  0.0000
 1.0000  0.0000  0.0913  0.5463  0.5829  0.0496  0.6129  0.0819  0.0595  0.2241  0.1138  0.0483  0.3400  0.2809  0.2031  0.1137  0.5588  0.2450  0.1708  0.0215  0.0000  0.0595  0.0000  0.0000  0.0000
 0.0000  0.0000  0.0000  0.0000  0.0000  0.0000  0.0000  0.0000  0.0000  0.0000  0.0000  1.0000  0.0000  0.0000  0.0000  0.0000  0.0000  0.0000  0.0000  0.0000  0.0000  0.0000  0.0000  0.0000  0.0000
 0.0126  0.0000  0.0002  0.3851  1.0000  0.0012  0.0055  0.0032  0.0015  0.0127  0.0028  0.0011  0.0065  0.0077  0.0165  0.0035  0.0068  0.0056  0.0029  0.0006  0.0000  0.0016  0.0000  0.0000  0.0000
 0.1656  0.0000  0.2364  0.2411  0.0812  0.0164  0.2092  0.0531  0.0208  0.0863  0.0293  0.0134  1.0000  0.0750  0.0595  0.0479  0.8800  0.2496  0.0408  0.0085  0.0000  0.0311  0.0000  0.0000  0.0000
 0.0099  0.0000  0.0002  0.0255  0.3887  0.0010  0.0043  0.0025  0.0013  0.0112  0.0025  0.0010  0.0046  0.0060  1.0000  0.0042  0.0053  0.0045  0.0024  0.0005  0.0000  0.0013  0.0000  0.0000  0.0000
 1.0000  0.0000  0.0923  0.0694  0.0830  0.0357  0.5424  0.0159  0.0461  0.0902  0.0921  0.0422  0.0593  0.2304  0.0619  0.0650  0.4723  0.1598  0.2024  0.0128  0.0000  0.0274  0.0000  0.0000  0.0000
 0.0038  0.0000  0.0010  0.0005  0.0010  0.0098  0.0008  0.0007  0.2677  0.0013  1.0000  0.0120  0.0009  0.0016  0.0019  0.0013  0.0011  0.0023  0.0123  0.0012  0.0000  0.0014  0.0000  0.0000  0.0000
 0.0000  0.0000  0.0000  0.0000  0.0000  0.0000  0.0000  0.0000  0.0000  0.0000  0.0000  0.0000  0.0000  0.0000  0.0000  0.0000  0.0000  0.0000  1.0000  0.0000  0.0000  0.0000  0.0000  0.0000  0.0000
 0.0000  0.0000  0.0000  0.0000  0.0000  0.0000  0.0000  0.0000  1.0000  0.0000  0.0000  0.0000  0.0000  0.0000  0.0000  0.0000  0.0000  0.0000  0.0000  0.0000  0.0000  0.0000  0.0000  0.0000  0.0000
 0.0000  0.0000  0.0000  0.0000  0.0000  0.0000  0.0000  0.0000  0.0000  0.0000  0.0000  0.0000  0.0000  0.0000  0.0000  1.0000  0.0000  0.0000  0.0000  0.0000  0.0000  0.0000  0.0000  0.0000  0.0000
 0.0000  0.0000  0.0000  0.0000  0.0000  0.0000  0.0000  0.0000  1.0000  0.0000  0.0000  0.0000  0.0000  0.0000  0.0000  0.0000  0.0000  0.0000  0.0000  0.0000  0.0000  0.0000  0.0000  0.0000  0.0000
 0.0059  0.0000  0.0006  0.0012  0.0081  0.0012  0.0043  0.0052  0.0025  1.0000  0.0059  0.0019  0.0057  0.0047  0.0137  0.3949  0.0048  0.0062  0.0033  0.0009  0.0000  0.0026  0.0000  0.0000  0.0000
 0.0204  0.0000  0.0043  0.0032  0.0040  0.0061  0.0038  0.0014  1.0000  0.0049  0.0295  0.0072  0.0047  0.0060  0.0036  0.0034  0.0159  0.2789  0.0549  0.0012  0.0000  0.0028  0.0000  0.0000  0.0000
 0.0000  0.0000  0.0000  0.0000  0.0000  0.0000  0.0000  0.0000  0.0000  0.0000  0.0000  0.0000  0.0000  1.0000  0.0000  0.0000  0.0000  0.0000  0.0000  0.0000  0.0000  0.0000  0.0000  0.0000  0.0000
 0.0521  0.0000  0.0061  0.6894  0.6033  0.0074  0.0958  0.0325  0.0058  0.0625  0.0116  0.0045  1.0000  0.0363  0.0602  0.0248  0.0791  0.0378  0.0105  0.0037  0.0000  0.0164  0.0000  0.0000  0.0000
 1.0000  0.0000  0.1101  0.5779  0.2540  0.0546  0.8370  0.1155  0.0570  0.2293  0.1119  0.0502  0.5984  0.2969  0.1604  0.1341  0.8406  0.3667  0.2115  0.0232  0.0000  0.0785  0.0000  0.0000  0.0000
 0.0000  0.0000  0.0000  0.0000  0.0000  0.0000  1.0000  0.0000  0.0000  0.0000  0.0000  0.0000  0.0000  0.0000  0.0000  0.0000  0.0000  0.0000  0.0000  0.0000  0.0000  0.0000  0.0000  0.0000  0.0000
 1.0000  0.0000  0.0343  0.2981  0.1374  0.0169  0.2159  0.0221  0.0196  0.0634  0.0390  0.0167  0.0907  0.0971  0.0539  0.0359  0.1922  0.0778  0.0599  0.0074  0.0000  0.0183  0.0000  0.0000  0.0000
 0.0142  0.0000  0.0029  0.0010  0.0023  0.0058  0.0014  0.0007  0.0302  0.0025  0.0302  0.2583  0.0014  0.0033  0.0021  0.0017  0.0029  0.0096  1.0000  0.0008  0.0000  0.0018  0.0000  0.0000  0.0000
 0.0000  0.0000  0.0000  1.0000  0.0000  0.0000  0.0000  0.0000  0.0000  0.0000  0.0000  0.0000  0.0000  0.0000  0.0000  0.0000  0.0000  0.0000  0.0000  0.0000  0.0000  0.0000  0.0000  0.0000  0.0000
 0.1627  0.0000  0.0250  0.0544  0.0356  0.1208  0.1242  0.0159  0.0290  0.0414  0.0596  0.0168  0.0551  0.0666  0.0270  0.0327  0.3951  0.1149  0.0468  1.0000  0.0000  0.1066  0.0000  0.0000  0.0000
 0.5378  0.0000  0.0353  0.0392  0.0380  0.0150  0.1469  0.0103  0.0367  0.0448  0.0443  0.0201  0.0514  0.3416  0.0323  0.0303  0.2704  1.0000  0.0885  0.0065  0.0000  0.0128  0.0000  0.0000  0.0000
 0.0000  0.0000  0.0000  0.0000  0.0000  0.0000  0.0000  0.0000  0.0000  0.0000  0.0000  0.0000  0.0000  0.0000  0.0000  0.0000  0.0000  0.0000  1.0000  0.0000  0.0000  0.0000  0.0000  0.0000  0.0000
 0.0938  0.0000  0.0212  0.9523  0.1663  0.0188  0.3176  1.0000  0.0097  0.1332  0.0214  0.0077  0.9615  0.0749  0.6159  0.0667  0.2427  0.0963  0.0163  0.0096  0.0000  0.0492  0.0000  0.0000  0.0000
 0.3103  0.0000  0.0328  0.0546  0.0428  0.0151  0.1787  0.0134  0.0212  0.0477  0.0373  0.0166  0.0598  0.3791  0.0325  0.0331  1.0000  0.1586  0.0583  0.0072  0.0000  0.0143  0.0000  0.0000  0.0000
 1.0000  0.0000  0.0584  0.0471  0.0537  0.0221  0.9921  0.0105  0.0253  0.0577  0.0561  0.0263  0.0408  0.5042  0.0397  0.0413  0.3001  0.1010  0.0957  0.0081  0.0000  0.0172  0.0000  0.0000  0.0000
 0.0335  0.0000  0.0059  0.0116  0.0076  0.0029  0.0125  0.0032  0.0077  0.0110  0.0076  0.0041  0.0201  1.0000  0.0084  0.0070  0.4446  0.4961  0.0131  0.0018  0.0000  0.0032  0.0000  0.0000  0.0000
 0.0728  0.0000  0.0113  0.0826  0.0905  0.0123  0.0636  0.3511  0.0226  0.1812  0.0379  0.0140  0.1000  0.0443  1.0000  0.1421  0.1363  0.4385  0.0348  0.0071  0.0000  0.0215  0.0000  0.0000  0.0000
 0.0036  0.0000  0.0009  0.0004  0.0009  0.0092  0.0007  0.0007  0.2357  0.0012  1.0000  0.0113  0.0009  0.0015  0.0018  0.0012  0.0010  0.0021  0.0114  0.0011  0.0000  0.0013  0.0000  0.0000  0.0000
 0.2500  0.0000  0.0508  0.1421  0.0862  0.1293  0.1183  0.0478  0.2776  0.1309  1.0000  0.1616  0.3199  0.1130  0.0946  0.0925  0.5093  0.7647  0.2579  0.0251  0.0000  0.0444  0.0000  0.0000  0.0000
 0.0000  0.0000  0.0000  0.0000  0.0000  1.0000  0.0000  0.0000  0.0000  0.0000  0.0000  0.0000  0.0000  0.0000  0.0000  0.0000  0.0000  0.0000  0.0000  0.0000  0.0000  0.0000  0.0000  0.0000  0.0000
 0.0107  0.0000  0.0018  0.0185  0.0131  0.0022  0.0182  0.0086  0.0031  0.0426  0.0071  0.0023  0.2778  0.0085  0.0162  1.0000  0.0148  0.0106  0.0043  0.0016  0.0000  0.0046  0.0000  0.0000  0.0000
 0.0000  0.0000  0.0000  1.0000  0.0000  0.0000  0.0000  0.0000  0.0000  0.0000  0.0000  0.0000  0.0000  0.0000  0.0000  0.0000  0.0000  0.0000  0.0000  0.0000  0.0000  0.0000  0.0000  0.0000  0.0000
 0.0042  0.0000  0.0013  0.0009  0.0012  0.0061  0.0018  0.0001  0.4387  0.0017  0.3696  0.0060  0.0011  0.0009  0.0007  0.0014  0.0017  0.0046  1.0000  0.0007  0.0000  0.0026  0.0000  0.0000  0.0000
 0.0000  0.0000  0.0000  0.0000  0.0000  0.0000  0.0000  0.0000  0.0000  0.0000  1.0000  0.0000  0.0000  0.0000  0.0000  0.0000  0.0000  0.0000  0.0000  0.0000  0.0000  0.0000  0.0000  0.0000  0.0000
 0.3509  0.0000  0.0017  1.0000  0.6373  0.0067  0.0324  0.0180  0.0088  0.0728  0.0163  0.0067  0.0355  0.0445  0.0940  0.0199  0.0407  0.0327  0.0173  0.0031  0.0000  0.0092  0.0000  0.0000  0.0000
 0.6753  0.0000  0.0196  0.0080  0.0158  0.0103  0.0346  0.0037  0.0745  0.0161  0.0556  0.0175  0.0087  0.0295  0.0117  0.0101  0.0412  0.0584  1.0000  0.0022  0.0000  0.0045  0.0000  0.0000  0.0000
 0.0000  0.0000  0.0000  0.0000  0.0000  0.0000  0.0000  0.0000  1.0000  0.0000  0.0000  0.0000  0.0000  0.0000  0.0000  0.0000  0.0000  0.0000  0.0000  0.0000  0.0000  0.0000  0.0000  0.0000  0.0000
 0.1998  0.0000  0.0211  0.0952  0.1566  0.0250  1.0000  0.0965  0.0443  0.9133  0.1031  0.0354  0.1763  0.1048  0.2329  0.9240  0.4193  0.1335  0.0688  0.0168  0.0000  0.0506  0.0000  0.0000  0.0000
 0.0192  0.0000  0.0021  0.3299  0.0709  0.0028  0.0258  0.0085  0.0027  0.0202  0.0053  0.0018  0.0328  0.0137  1.0000  0.0086  0.0204  0.0116  0.0046  0.0017  0.0000  0.0047  0.0000  0.0000  0.0000
 0.2794  0.0000  0.0116  0.0037  0.0090  0.2079  0.0099  0.0023  0.0616  0.0091  0.0510  0.0142  0.0047  0.0146  0.0068  0.0055  0.0162  0.0374  1.0000  0.0037  0.0000  0.0120  0.0000  0.0000  0.0000
 0.0269  0.0000  0.0068  0.0032  0.0067  0.0687  0.0053  0.0052  0.2732  0.0090  1.0000  0.6514  0.0064  0.0111  0.0134  0.0089  0.2342  0.0160  0.0766  0.0081  0.0000  0.0088  0.0000  0.0000  0.0000
 0.0000  0.0000  0.0000  0.0000  0.0000  0.0000  0.0000  0.0000  0.0000  0.0000  0.0000  0.0000  0.0000  1.0000  0.0000  0.0000  0.0000  0.0000  0.0000  0.0000  0.0000  0.0000  0.0000  0.0000  0.0000
 0.0494  0.0000  0.0013  0.3907  1.0000  0.0048  0.0265  0.2233  0.0060  0.0509  0.0111  0.0045  0.0348  0.0303  0.0640  0.0146  0.0316  0.2312  0.0113  0.0023  0.0000  0.0071  0.0000  0.0000  0.0000
 1.0000  0.0000  0.0162  0.0150  0.0155  0.0869  0.0754  0.0041  0.0158  0.0152  0.0345  0.0103  0.0124  0.0348  0.0105  0.0119  0.0676  0.0271  0.0313  0.0200  0.0000  0.2244  0.0000  0.0000  0.0000
 0.0199  0.0000  0.0028  0.0211  0.1979  0.0021  0.0105  0.0034  0.0046  0.0120  0.0055  0.0023  0.0122  0.0102  0.0111  0.0063  0.0339  1.0000  0.0082  0.0013  0.0000  0.0025  0.0000  0.0000  0.0000
 0.2695  0.0000  0.0075  0.0031  0.0060  0.0038  0.0054  0.0016  0.0324  0.0064  0.0228  0.0072  0.0045  0.0098  0.0047  0.0037  0.0167  1.0000  0.4047  0.0008  0.0000  0.0015  0.0000  0.0000  0.0000
 0.0058  0.0000  0.0012  0.0024  0.0015  0.0006  0.0019  0.0007  0.0016  0.0022  0.0015  0.0008  0.0043  0.0028  0.0017  0.0014  0.1863  1.0000  0.0026  0.0004  0.0000  0.0007  0.0000  0.0000  0.0000
 1.0000  0.0000  0.0026  0.0024  0.0026  0.0011  0.0125  0.0006  0.0024  0.0029  0.0032  0.0014  0.0026  0.0063  0.0020  0.0020  0.0153  0.1783  0.0064  0.0004  0.0000  0.0009  0.0000  0.0000  0.0000
 0.0029  0.0000  0.0012  0.0005  0.0008  1.0000  0.0008  0.0003  0.1750  0.0004  0.0229  0.0048  0.0003  0.0012  0.0006  0.0005  0.0015  0.0018  0.0072  0.0081  0.0000  0.0319  0.0000  0.0000  0.0000
 0.0079  0.0000  0.0001  0.2242  1.0000  0.0007  0.0030  0.0019  0.0009  0.0080  0.0018  0.0007  0.0033  0.0048  0.2102  0.0021  0.0040  0.0035  0.0018  0.0003  0.0000  0.0010  0.0000  0.0000  0.0000
 0.0228  0.0000  0.0062  0.0382  0.2162  0.0813  0.0239  0.0069  0.0115  0.0187  0.0256  0.0060  0.0172  0.0153  0.0172  0.0114  0.0168  0.0125  0.0133  0.0192  0.0000  1.0000  0.0000  0.0000  0.0000
 0.0102  0.0000  0.0009  0.0315  1.0000  0.0013  0.0123  0.0045  0.0013  0.0113  0.0025  0.0009  0.1825  0.0068  0.0118  0.0044  0.0107  0.0061  0.0023  0.0007  0.0000  0.0023  0.0000  0.0000  0.0000
 0.0049  0.0000  0.0001  1.0000  0.1956  0.0005  0.0027  0.0014  0.0006  0.0050  0.0011  0.0004  0.0033  0.0030  0.0063  0.0014  0.0030  0.0023  0.0011  0.0002  0.0000  0.0007  0.0000  0.0000  0.0000
 0.0410  0.0000  0.0041  0.0574  1.0000  0.0041  0.1918  0.0081  0.0043  0.0240  0.0088  0.0030  0.0238  0.0217  0.0250  0.0110  0.0265  0.0146  0.0088  0.0026  0.0000  0.0052  0.0000  0.0000  0.0000
 0.1668  0.0000  0.0029  0.7822  1.0000  0.0151  0.0646  0.0405  0.0213  0.2725  0.0384  0.0156  0.0741  0.0998  0.2169  0.0494  0.0868  0.0748  0.1912  0.0071  0.0000  0.0205  0.0000  0.0000  0.0000
 0.0186  0.0000  0.0020  0.0105  0.0064  0.0016  1.0000  0.0033  0.0018  0.1834  0.0042  0.0012  0.0111  0.0091  0.0054  0.0089  0.0130  0.0059  0.0038  0.0012  0.0000  0.0021  0.0000  0.0000  0.0000
 0.0123  0.0000  0.0026  1.0000  0.0129  0.0021  0.1949  0.0074  0.0015  0.0107  0.0031  0.0010  0.0374  0.0086  0.0074  0.0061  0.0200  0.0083  0.0026  0.0014  0.0000  0.0042  0.0000  0.0000  0.0000
 0.0000  0.0000  0.0000  0.0000  0.0000  0.0000  0.0000  0.0000  0.0000  0.0000  0.0000  0.0000  0.0000  0.0000  0.0000  1.0000  0.0000  0.0000  0.0000  0.0000  0.0000  0.0000  0.0000  0.0000  0.0000
 0.0303  0.0000  0.0044  0.0053  0.0049  0.0072  0.0155  0.0017  1.0000  0.0061  0.0248  0.0061  0.0063  0.0095  0.0042  0.0046  0.1915  0.0242  0.0334  0.0018  0.0000  0.0043  0.0000  0.0000  0.0000
 0.0000  0.0000  0.0000  0.0000  0.0000  0.0000  0.0000  0.0000  0.0000  0.0000  0.0000  0.0000  0.0000  0.0000  0.0000  0.0000  0.0000  1.0000  0.0000  0.0000  0.0000  0.0000  0.0000  0.0000  0.0000
 0.0154  0.0000  0.0030  0.0011  0.0024  0.0019  0.0012  0.0007  0.0161  0.0025  0.0108  0.0032  0.0016  0.0036  0.0019  0.0015  0.0049  0.1797  1.0000  0.0004  0.0000  0.0007  0.0000  0.0000  0.0000
 0.0000  0.0000  0.0000  0.0000  0.0000  0.0000  0.0000  0.0000  0.0000  0.0000  0.0000  0.0000  0.0000  0.0000  0.0000  1.0000  0.0000  0.0000  0.0000  0.0000  0.0000  0.0000  0.0000  0.0000  0.0000
 0.0183  0.0000  0.0021  0.0075  0.0056  0.0013  0.0131  0.0026  0.0020  0.1665  0.0036  0.0014  0.0092  0.0068  0.0053  0.0087  1.0000  0.0149  0.0042  0.0008  0.0000  0.0017  0.0000  0.0000  0.0000
 0.0085  0.0000  0.0009  1.0000  0.0318  0.0012  0.0119  0.0040  0.0011  0.0091  0.0023  0.0008  0.0158  0.0061  0.2660  0.0038  0.0095  0.0052  0.0020  0.0007  0.0000  0.0021  0.0000  0.0000  0.0000
 0.0416  0.0000  0.0005  0.3000  1.0000  0.0037  0.0150  0.0099  0.0050  0.0419  0.0093  0.0038  0.0167  0.0251  0.1420  0.0111  0.0207  0.0181  0.1743  0.0018  0.0000  0.0050  0.0000  0.0000  0.0000
 0.0244  0.0000  0.0018  0.0476  1.0000  0.0024  0.0122  0.0052  0.0039  0.0201  0.0061  0.0024  0.0119  0.0136  0.0233  0.0075  0.0210  0.2615  0.0074  0.0013  0.0000  0.0031  0.0000  0.0000  0.0000
 0.0518  0.0000  0.0111  0.0061  0.0112  0.1012  0.0146  0.0079  0.1876  0.0151  1.0000  0.7214  0.0110  0.0195  0.0207  0.0144  0.2849  0.0297  0.1071  0.0122  0.0000  0.0144  0.0000  0.0000  0.0000
 0.0275  0.0000  0.0032  0.0067  0.0324  0.0051  0.0160  0.0188  0.1044  1.0000  0.0246  0.0082  0.0229  0.0186  0.2255  0.1221  0.0278  0.2106  0.0198  0.0035  0.0000  0.0098  0.0000  0.0000  0.0000
 1.0000  0.0000  0.0061  0.0065  0.0065  0.0065  0.0284  0.0018  0.0057  0.0075  0.0083  0.0034  0.0075  0.0145  0.0052  0.0053  0.0387  0.1747  0.0142  0.0019  0.0000  0.0830  0.0000  0.0000  0.0000
 0.0857  0.0000  0.0062  0.0042  0.0078  0.0072  0.0180  0.0035  0.1887  0.0169  0.0336  1.0000  0.0063  0.0124  0.0085  0.1014  0.0681  0.0243  0.0374  0.0016  0.0000  0.0038  0.0000  0.0000  0.0000
 0.0541  0.0000  0.0133  0.0062  0.0131  0.1264  0.0103  0.0096  0.3023  0.0173  1.0000  0.1568  0.0120  0.1365  0.0250  0.0167  0.0148  0.0318  0.1467  0.0149  0.0000  0.0165  0.0000  0.0000  0.0000
 0.0057  0.0000  0.0010  0.0106  0.0035  0.0007  0.0088  0.0023  0.0007  0.0037  0.0011  0.0005  0.1565  0.0029  0.0025  0.0020  1.0000  0.0087  0.0014  0.0004  0.0000  0.0013  0.0000  0.0000  0.0000
 1.0000  0.0000  0.0955  0.0781  0.0931  0.0705  0.6232  0.0438  0.0584  0.1014  0.1177  0.0506  0.0744  0.2545  0.0741  0.0802  0.4641  0.1706  0.1993  0.0218  0.0000  0.6658  0.0000  0.0000  0.0000
 0.0103  0.0000  0.0022  0.0202  0.0080  0.0042  0.0169  0.0950  0.0027  0.0097  0.0048  0.0017  0.0240  0.0054  0.0062  0.0068  0.0992  0.0099  0.0040  0.0014  0.0000  1.0000  0.0000  0.0000  0.0000
 0.4786  0.0000  0.2467  0.2045  0.2574  0.6843  0.3336  0.5220  0.3659  0.2743  0.6043  0.2053  0.3013  0.1930  0.2753  0.3251  0.3818  0.3667  0.4671  0.1719  0.0000  1.0000  0.0000  0.0000  0.0000
 0.1637  0.0000  0.0337  0.2026  0.0774  0.0198  0.1869  0.0475  0.0405  0.0935  0.0422  0.0216  0.5179  0.0890  0.0681  0.0542  1.0000  0.7159  0.0654  0.1613  0.0000  0.0320  0.0000  0.0000  0.0000
 0.4819  0.0000  0.1643  0.1967  0.2525  0.6334  0.3037  0.5406  0.3614  0.2742  0.5901  0.3189  0.2983  0.2202  0.2728  0.3207  0.4805  0.8413  0.4634  0.1859  0.0000  1.0000  0.0000  0.0000  0.0000
 0.0552  0.0000  0.0126  0.0052  0.0105  0.0270  0.0061  0.0047  0.2922  0.0120  0.1248  0.0842  0.0072  0.1381  0.0082  0.0088  0.0124  0.0428  1.0000  0.0041  0.0000  0.1753  0.0000  0.0000  0.0000
 0.1502  0.0000  0.0322  0.0196  0.0321  0.1539  0.0289  0.0216  0.3559  0.0406  1.0000  0.6422  0.0809  0.0479  0.0432  0.0341  0.2730  0.1390  0.4275  0.0205  0.0000  0.0346  0.0000  0.0000  0.0000
 0.0232  0.0000  0.0028  0.0401  1.0000  0.0025  0.0137  0.0870  0.0047  0.0187  0.0059  0.0028  0.0229  0.0130  0.0186  0.0084  0.1506  0.2071  0.0079  0.0014  0.0000  0.0036  0.0000  0.0000  0.0000
 0.0639  0.0000  0.0066  0.0169  0.0636  0.0105  0.1198  0.0358  0.0196  0.2692  0.0433  0.0579  0.0457  0.0719  1.0000  0.5068  0.0565  0.2457  0.0281  0.0068  0.0000  0.0199  0.0000  0.0000  0.0000
 0.0292  0.0000  0.0028  0.0053  0.0405  0.0060  0.0205  0.0257  0.0124  0.4786  0.0293  0.2483  0.0281  0.0227  1.0000  0.6458  0.0684  0.0312  0.0164  0.0045  0.0000  0.0130  0.0000  0.0000  0.0000
 0.2477  0.0000  0.0782  0.0840  0.1154  0.4123  0.2342  0.1951  0.9396  0.2034  0.7829  0.3506  0.1248  0.1076  0.1248  0.1565  0.1727  0.1878  1.0000  0.0767  0.0000  0.3775  0.0000  0.0000  0.0000
 0.1584  0.0000  0.0125  0.1434  0.3966  0.0114  0.0845  0.0286  0.0392  0.3602  0.0623  0.0223  1.0000  0.2141  0.3407  0.1135  0.5251  0.4058  0.0600  0.0044  0.0000  0.0105  0.0000  0.0000  0.0000
 0.0679  0.0000  0.0102  0.1293  0.0416  0.0068  1.0000  0.0282  0.0048  0.1207  0.0103  0.0041  0.1788  0.3504  0.0282  0.0249  0.2372  0.0389  0.0115  0.0033  0.0000  0.0151  0.0000  0.0000  0.0000
 0.7338  0.0000  0.0544  0.5961  1.0000  0.0627  0.3873  0.1383  0.1877  0.9943  0.3459  0.1079  0.4806  0.3273  0.6424  0.6000  0.7017  0.5568  0.3030  0.0221  0.0000  0.0613  0.0000  0.0000  0.0000
 0.8845  0.0000  0.0734  0.1996  0.1854  0.0416  0.5370  0.0456  0.0593  0.2123  1.0000  0.0447  0.1810  0.1967  0.1222  0.1142  0.6027  0.3570  0.1447  0.0155  0.0000  0.0443  0.0000  0.0000  0.0000
 0.4993  0.0000  0.0965  0.0365  0.0831  0.1539  0.0255  0.0389  0.6486  0.0884  0.8880  0.2214  0.0734  0.1612  0.0766  0.0603  0.1285  0.4027  1.0000  0.0238  0.0000  0.0536  0.0000  0.0000  0.0000
 0.1434  0.0000  0.0101  0.4436  1.0000  0.0095  0.1174  0.0231  0.0355  0.2040  0.0975  0.0201  0.3553  0.0809  0.1119  0.1709  0.3145  0.1420  0.0541  0.0033  0.0000  0.0072  0.0000  0.0000  0.0000
 0.0028  0.0000  0.0003  0.0008  0.0026  0.0004  0.0022  0.0015  0.0008  0.0350  0.0018  0.0006  0.0020  1.0000  0.0039  0.0257  0.0021  0.0020  0.0011  0.0003  0.0000  0.0008  0.0000  0.0000  0.0000
 0.7638  0.0000  0.0592  0.7152  1.0000  0.0721  0.3955  0.1463  0.1951  0.9248  0.5563  0.1104  0.5360  0.3069  0.6210  0.5246  0.7557  0.6128  0.2946  0.0234  0.0000  0.0719  0.0000  0.0000  0.0000
 0.8029  0.0000  0.0584  0.2463  0.3829  0.0441  0.3164  0.0803  0.1005  0.5239  0.1656  0.0626  0.2908  0.4298  1.0000  0.4196  0.7232  0.4343  0.2429  0.0185  0.0000  0.0499  0.0000  0.0000  0.0000
 0.0878  0.0000  0.0302  0.0348  0.0462  0.5068  0.1368  0.0867  1.0000  0.1215  0.2624  0.0747  0.0516  0.0347  0.0490  0.0582  0.1898  0.2764  0.1980  0.0309  0.0000  0.1630  0.0000  0.0000  0.0000
 0.4998  0.0000  0.1595  0.1853  0.2464  0.7856  0.2972  0.4976  0.3549  0.3775  0.6423  0.1989  0.2770  0.1841  0.2943  0.3137  0.4255  0.3606  0.4573  0.1667  0.0000  1.0000  0.0000  0.0000  0.0000
 0.1401  0.0000  0.0014  0.0245  0.0125  0.0010  0.0238  0.0021  0.0029  0.0632  0.0298  0.0016  0.0326  1.0000  0.0077  0.0068  0.0705  0.1551  0.0047  0.0004  0.0000  0.0011  0.0000  0.0000  0.0000
 0.1577  0.0000  0.0138  0.0601  0.1267  0.2052  0.0724  0.0481  0.0392  0.2914  0.1188  0.0235  0.0667  0.0424  0.1811  1.0000  0.0871  0.0893  0.0781  0.0123  0.0000  0.0567  0.0000  0.0000  0.0000
 1.0000  0.0000  0.0061  0.0697  0.1120  0.0062  0.0818  0.0140  0.0836  0.2998  0.0873  0.0659  0.0552  0.0783  0.2149  0.0746  0.5029  0.3971  0.0651  0.0021  0.0000  0.0052  0.0000  0.0000  0.0000
 1.0000  0.0000  0.1803  0.6141  0.9588  0.3499  0.5736  0.3385  0.3315  0.9347  0.5686  0.2069  0.5534  0.3474  0.6261  0.6153  0.8692  0.7036  0.4790  0.0963  0.0000  0.4689  0.0000  0.0000  0.0000
 0.0546  0.0000  0.0051  0.0221  0.0737  0.0101  0.1683  0.0811  0.0344  1.0000  0.0934  0.0147  0.0465  0.1864  0.1996  0.4329  0.1693  0.0522  0.0279  0.0063  0.0000  0.0189  0.0000  0.0000  0.0000
 0.1688  0.0000  0.0156  0.0277  0.0216  0.0081  0.0325  0.0086  0.0245  0.1364  0.1527  0.0388  0.0476  0.8333  0.0232  0.0219  0.3262  1.0000  0.0440  0.0045  0.0000  0.0086  0.0000  0.0000  0.0000
 0.1626  0.0000  0.0038  0.0688  0.0682  0.0038  0.0262  0.0090  0.0130  0.1870  0.2152  0.0074  0.0341  1.0000  0.0623  0.0751  0.2285  0.0604  0.0198  0.0014  0.0000  0.0033  0.0000  0.0000  0.0000
 0.2845  0.0000  0.0072  0.2045  0.0868  0.0061  1.0000  0.0210  0.0144  0.3612  0.0242  0.0086  0.1237  0.2432  0.0524  0.1838  0.2451  0.0532  0.0228  0.0025  0.0000  0.0092  0.0000  0.0000  0.0000
 0.3358  0.0000  0.0231  0.2527  0.7190  0.1271  0.2168  0.0544  0.2762  1.0000  0.1276  0.0447  0.2783  0.1956  0.2404  0.7527  0.3137  0.2339  0.1341  0.0087  0.0000  0.0250  0.0000  0.0000  0.0000
 0.0311  0.0000  0.0014  0.1463  0.0179  0.0026  0.0090  0.0105  0.0060  0.9236  0.0768  0.0042  0.0117  0.0097  0.0281  1.0000  0.0105  0.0135  0.0716  0.0019  0.0000  0.0054  0.0000  0.0000  0.0000
 0.0807  0.0000  0.0057  0.1015  0.1722  0.0054  0.0566  0.0130  0.0200  0.2087  0.0586  0.0857  1.0000  0.0751  0.0629  0.2357  0.0978  0.1199  0.0304  0.0018  0.0000  0.0041  0.0000  0.0000  0.0000
 0.1916  0.0000  0.0399  0.1065  0.1807  0.1410  0.1330  0.1209  1.0000  0.6267  0.5732  0.0845  0.2489  0.1671  0.1569  0.2947  0.1657  0.2164  0.8598  0.0375  0.0000  0.1873  0.0000  0.0000  0.0000
 0.6544  0.0000  0.1269  0.4343  0.7033  0.2609  0.3335  0.4583  0.2331  1.0000  0.3853  0.1327  0.3991  0.3673  0.4806  0.5227  0.6688  0.4862  0.3254  0.0669  0.0000  0.3238  0.0000  0.0000  0.0000
 0.0814  0.0000  0.0028  0.0780  0.0236  0.0431  1.0000  0.0085  0.0069  0.0936  0.0786  0.0040  0.0660  0.0084  0.0158  0.0589  0.0215  0.0431  0.0099  0.0020  0.0000  0.0097  0.0000  0.0000  0.0000
 0.0468  0.0000  0.0038  0.0042  0.0058  0.0463  0.0061  0.0094  0.0384  0.0160  1.0000  0.0195  0.0063  0.0152  0.0180  0.0068  0.1112  0.1056  0.0164  0.0034  0.0000  0.0170  0.0000  0.0000  0.0000
 0.3446  0.0000  0.0039  0.0936  0.1299  0.0036  0.0420  0.0088  0.0287  1.0000  0.0220  0.0077  0.0729  0.0200  0.1475  0.1589  0.0534  0.2218  0.0207  0.0013  0.0000  0.0028  0.0000  0.0000  0.0000
 0.0910  0.0000  0.0249  0.0291  0.0388  0.2630  0.1442  0.0749  0.2810  0.0887  1.0000  0.0330  0.0722  0.0750  0.0413  0.0490  0.0569  0.1420  0.7483  0.0258  0.0000  0.1391  0.0000  0.0000  0.0000
 0.1231  0.0000  0.0099  0.1002  0.2484  0.0138  0.0826  0.1083  0.0328  0.1826  0.1830  0.0186  1.0000  0.1777  0.1173  0.1085  0.3611  0.1441  0.0491  0.0274  0.0000  0.0145  0.0000  0.0000  0.0000
 0.1865  0.0000  0.0981  0.2042  0.1611  0.1050  0.0618  0.0215  0.0314  0.2453  0.0507  0.0417  0.2618  0.1019  0.1337  0.1134  0.3819  1.0000  0.1013  0.0035  0.0000  0.0102  0.0000  0.0000  0.0000
 0.8795  0.0000  0.0408  0.4776  1.0000  0.0384  0.3041  0.0928  0.1428  0.7250  0.3399  0.1240  0.4889  0.2823  0.4928  0.8919  0.6005  0.4371  0.2771  0.0132  0.0000  0.0295  0.0000  0.0000  0.0000
 1.0000  0.0000  0.0219  0.2216  0.3889  0.0306  0.1850  0.1030  0.1681  0.3428  0.2406  0.0409  0.3016  0.3365  0.2103  0.1889  0.5757  0.2942  0.1647  0.0095  0.0000  0.0321  0.0000  0.0000  0.0000
 0.3538  0.0000  0.0125  0.1429  0.2926  0.0415  1.0000  0.0287  0.0433  0.3058  0.1000  0.0245  0.1711  0.4154  0.1346  0.1792  0.3560  0.2244  0.0805  0.0043  0.0000  0.0106  0.0000  0.0000  0.0000
 0.0954  0.0000  0.0063  0.0966  0.1262  0.0076  0.0913  0.0147  0.0421  0.2477  0.1609  0.0120  0.0537  1.0000  0.0821  0.1048  0.4198  0.2220  0.0320  0.0024  0.0000  0.0643  0.0000  0.0000  0.0000
 0.6844  0.0000  0.0418  0.5093  0.8112  0.1757  0.2944  0.0956  0.1646  0.8739  0.2351  0.0824  0.3826  0.3020  0.4713  0.4177  1.0000  0.4534  0.2875  0.0139  0.0000  0.0330  0.0000  0.0000  0.0000
 0.6552  0.0000  0.0671  0.5246  0.8167  0.0390  0.3516  0.0951  0.1465  1.0000  0.2582  0.0829  0.4363  0.4666  0.6541  0.4111  0.7732  0.5184  0.2235  0.0134  0.0000  0.0296  0.0000  0.0000  0.0000
 0.7601  0.0000  0.0545  0.6505  1.0000  0.0771  0.4123  0.1902  0.1883  0.9233  0.3174  0.1144  0.5348  0.2856  0.5860  0.5432  0.7800  0.5941  0.2921  0.0190  0.0000  0.0486  0.0000  0.0000  0.0000
 0.5244  0.0000  0.0180  0.2644  0.4303  0.0168  0.4926  0.0409  0.1439  0.3405  0.1242  0.0356  0.1667  0.2628  0.2390  0.2419  1.0000  0.5032  0.1249  0.0058  0.0000  0.0127  0.0000  0.0000  0.0000
 0.3296  0.0000  0.0154  0.4684  0.3106  0.0144  0.1098  0.0988  0.1625  0.3874  0.1238  0.0306  0.2856  0.1413  0.3921  0.1514  1.0000  0.2302  0.0824  0.0050  0.0000  0.0110  0.0000  0.0000  0.0000
 0.2279  0.0000  0.0150  0.3669  0.3441  0.0141  0.1062  0.0340  0.1426  0.2754  0.2592  0.0296  0.1634  1.0000  0.1645  0.2668  0.3585  0.3875  0.0798  0.0049  0.0000  0.0109  0.0000  0.0000  0.0000
 1.0000  0.0000  0.0390  0.1450  0.2418  0.1741  0.4904  0.1465  0.1830  0.2128  0.4434  0.0555  0.1627  0.1188  0.4144  0.1785  0.9566  0.2283  0.3766  0.0339  0.0000  0.1741  0.0000  0.0000  0.0000
 0.7855  0.0000  0.0516  0.6789  1.0000  0.0483  0.3738  0.1173  0.1939  0.9126  0.3178  0.1276  0.4887  0.2847  0.5688  0.5095  0.7308  0.5949  0.4279  0.0166  0.0000  0.0368  0.0000  0.0000  0.0000
 0.6021  0.0000  0.0287  0.4083  0.5986  0.0268  0.5466  0.0652  0.1005  0.4997  0.2016  0.0569  0.5637  0.5118  0.4582  0.3021  1.0000  0.5974  0.2201  0.0092  0.0000  0.0204  0.0000  0.0000  0.0000
 0.1975  0.0000  0.0038  1.0000  0.5251  0.0036  0.1049  0.0256  0.0340  0.0916  0.0388  0.0076  0.1102  0.1336  0.0423  0.0376  0.2901  0.0411  0.0400  0.0012  0.0000  0.0028  0.0000  0.0000  0.0000
 0.8691  0.0000  0.0513  0.6363  1.0000  0.0480  0.5036  0.1269  0.2452  0.8924  0.2897  0.1016  0.5931  0.4268  0.5824  0.5933  0.9612  0.8127  0.2739  0.0165  0.0000  0.0366  0.0000  0.0000  0.0000
 0.4989  0.0000  0.1288  0.2934  0.3978  0.5034  0.3004  0.4034  0.4567  0.4103  1.0000  0.2723  0.3506  0.3388  0.5050  0.4043  0.4989  0.4210  0.4920  0.1263  0.0000  0.6732  0.0000  0.0000  0.0000
 0.8363  0.0000  0.0705  0.8475  1.0000  0.2035  0.3784  0.1804  0.3240  0.8407  0.4000  0.1358  0.5696  0.8001  0.5379  0.7298  0.9903  0.5562  0.3911  0.0412  0.0000  0.1988  0.0000  0.0000  0.0000
 0.5604  0.0000  0.0354  0.5553  0.9087  0.0330  0.4038  0.0804  0.1983  0.6441  0.1999  0.0701  0.3789  0.3823  0.3904  0.5072  1.0000  0.4959  0.2302  0.0114  0.0000  0.0250  0.0000  0.0000  0.0000
 0.4499  0.0000  0.0309  0.5755  0.6002  0.0312  0.6753  0.2769  0.1074  0.5267  0.2658  0.0607  1.0000  0.1559  0.6077  0.3813  0.4891  0.4109  0.3207  0.0105  0.0000  0.0257  0.0000  0.0000  0.0000
 0.6414  0.0000  0.0767  0.4900  0.5486  0.0620  0.2196  0.0667  0.1005  0.5097  0.3895  0.0569  0.2773  0.1548  0.5783  0.2782  1.0000  0.3216  0.1528  0.0100  0.0000  0.0249  0.0000  0.0000  0.0000
 0.7332  0.0000  0.1678  0.5427  0.6224  0.6624  0.4222  0.4963  0.4967  0.6495  1.0000  0.2644  0.4490  0.2778  0.5388  0.6501  0.6566  0.5512  0.5519  0.1599  0.0000  0.8440  0.0000  0.0000  0.0000
 0.2749  0.0000  0.0182  0.3509  0.4249  0.0170  0.3924  0.0415  0.0639  1.0000  0.1031  0.0361  0.1691  0.0938  0.2884  0.2816  0.5944  0.3309  0.1833  0.0059  0.0000  0.0129  0.0000  0.0000  0.0000
 0.1333  0.0000  0.0067  0.2312  0.3369  0.0063  0.0749  0.3571  0.0740  1.0000  0.0378  0.0133  0.3550  0.0344  0.1230  0.6281  0.2096  0.0719  0.0358  0.0022  0.0000  0.0048  0.0000  0.0000  0.0000
 0.5424  0.0000  0.1301  0.2569  0.3566  0.4890  0.3002  0.3908  0.3251  0.3559  0.7399  0.1687  0.3095  0.1864  0.3801  0.3386  1.0000  0.5961  0.4754  0.1292  0.0000  0.7663  0.0000  0.0000  0.0000
 0.5715  0.0000  0.1056  0.5538  1.0000  0.1336  0.2968  0.0865  0.1747  0.6583  0.2220  0.0735  0.3509  0.2432  0.4019  0.3585  0.8879  0.4054  0.1973  0.0131  0.0000  0.0334  0.0000  0.0000  0.0000
 1.0000  0.0000  0.0072  0.0841  0.3047  0.0067  0.1428  0.0163  0.1807  0.2006  0.0405  0.0142  0.0729  0.0820  0.2026  0.1449  0.2578  0.1637  0.1081  0.0023  0.0000  0.0051  0.0000  0.0000  0.0000
 0.9237  0.0000  0.1608  0.6213  1.0000  0.5398  0.5138  0.4531  0.4068  0.9249  0.6735  0.2281  0.6107  0.3596  0.6538  0.6380  0.8454  0.7231  0.5548  0.1358  0.0000  0.6995  0.0000  0.0000  0.0000
 0.4746  0.0000  0.0335  0.2944  0.5078  0.0870  0.1896  0.0836  0.4101  0.4932  1.0000  0.0596  0.2567  0.1801  0.2979  0.5153  0.5399  0.2905  0.2010  0.0175  0.0000  0.0701  0.0000  0.0000  0.0000
 0.7500  0.0000  0.0626  0.6032  0.9933  0.0838  0.4481  0.1440  0.2325  1.0000  0.3217  0.1106  0.4879  0.2993  0.5719  0.5299  0.7312  0.6468  0.3122  0.0249  0.0000  0.0830  0.0000  0.0000  0.0000
 0.5718  0.0000  0.0352  0.6431  0.6782  0.0328  0.2761  0.0799  0.2764  1.0000  0.2563  0.0697  0.3628  0.1808  0.5677  0.3661  0.5797  0.4089  0.1879  0.0113  0.0000  0.0249  0.0000  0.0000  0.0000
 0.6517  0.0000  0.0436  0.5065  0.8292  0.0423  0.3932  0.0997  0.6605  1.0000  0.3210  0.0861  0.4004  0.2439  0.5349  0.4404  0.6133  0.6405  0.2801  0.0144  0.0000  0.0336  0.0000  0.0000  0.0000
 0.7967  0.0000  0.1075  0.5406  1.0000  0.3599  0.4188  0.3142  0.3088  0.7878  0.9595  0.1626  0.4985  0.3492  0.6300  0.5159  0.6972  0.5799  0.4022  0.0844  0.0000  0.4176  0.0000  0.0000  0.0000
 0.8819  0.0000  0.0559  0.5096  1.0000  0.1229  0.3499  0.1989  0.1782  0.9761  0.3010  0.1006  0.4194  0.2321  0.6364  0.4972  0.7688  0.5643  0.2640  0.0280  0.0000  0.1329  0.0000  0.0000  0.0000
 0.8070  0.0000  0.0972  0.7393  0.9683  0.2366  0.5586  0.3486  0.4847  0.9320  0.4472  0.1531  1.0000  0.3037  0.6564  0.5635  0.8611  0.6193  0.5190  0.0664  0.0000  0.3113  0.0000  0.0000  0.0000
 0.1923  0.0000  0.0841  0.1108  0.0987  0.3949  1.0000  0.1738  0.1221  0.1170  0.3212  0.0693  0.2382  0.0766  0.1000  0.1154  0.2101  0.1379  0.1583  0.1356  0.0000  0.3076  0.0000  0.0000  0.0000
 0.0560  0.0000  0.0022  0.7539  1.0000  0.0049  0.0296  0.0139  0.0090  0.0622  0.0157  0.0060  0.1057  0.0301  0.9763  0.1392  0.2830  0.0319  0.0531  0.0022  0.0000  0.0065  0.0000  0.0000  0.0000
 0.0037  0.0000  0.0010  0.0005  0.0010  0.1741  0.0009  0.0007  0.6658  0.0013  1.0000  0.2238  0.0010  0.0015  0.0018  0.0013  0.0011  0.0025  0.2478  0.0246  0.0000  0.0015  0.0000  0.0000  0.0000
 0.1799  0.0000  0.1333  0.1594  0.3579  0.0198  0.1230  0.1277  0.0510  0.9167  0.0908  0.0320  1.0000  0.0869  0.1913  0.6585  0.8046  0.4919  0.0749  0.0106  0.0000  0.0303  0.0000  0.0000  0.0000
 0.7760  0.0000  0.0472  0.6354  1.0000  0.0450  0.3395  0.1316  0.1652  0.8185  0.3650  0.1035  0.4358  0.2706  0.5432  0.4688  0.6969  0.5110  0.2517  0.0154  0.0000  0.0349  0.0000  0.0000  0.0000
 0.1854  0.0000  0.0006  0.9458  1.0000  0.0037  0.0154  0.1197  0.0051  0.0420  0.1271  0.0038  0.0175  0.0247  0.3070  0.0116  0.0621  0.0185  0.0097  0.0017  0.0000  0.0050  0.0000  0.0000  0.0000
 0.0018  0.0000  0.0000  1.0000  0.1668  0.0002  0.0007  0.0004  0.0002  0.0018  0.0004  0.0002  0.0008  0.0011  0.0545  0.0005  0.0009  0.0008  0.0004  0.0001  0.0000  0.0002  0.0000  0.0000  0.0000
 0.0036  0.0000  0.0010  0.0005  0.0009  0.3654  0.0009  0.0006  0.4690  0.0013  1.0000  0.0554  0.0009  0.0014  0.0017  0.0013  0.0011  0.0024  0.1962  0.0011  0.0000  0.0015  0.0000  0.0000  0.0000
 0.1803  0.0000  0.0262  0.3649  1.0000  0.0759  0.0980  0.0854  0.1926  0.3608  0.2083  0.0486  0.1160  0.0681  0.4545  0.3413  0.1659  0.1377  0.2799  0.0208  0.0000  0.1357  0.0000  0.0000  0.0000
 0.5001  0.0000  0.1802  0.2122  0.2666  0.6875  0.3207  0.5345  0.3857  0.3098  0.6331  0.2181  0.2991  0.2080  0.2882  0.3527  0.3904  0.4066  0.4981  0.1797  0.0000  1.0000  0.0000  0.0000  0.0000
 0.0168  0.0000  0.0043  0.0020  0.0041  0.0371  0.0033  0.0027  0.4694  0.0057  1.0000  0.0641  0.0038  0.0063  0.1137  0.2530  0.0046  0.0110  0.2142  0.0044  0.0000  0.0054  0.0000  0.0000  0.0000
 0.2526  0.0000  0.0953  0.9479  0.7073  0.0147  0.5388  0.0358  0.0549  1.0000  0.0885  0.0614  0.2122  0.0806  0.1728  0.1538  0.5632  0.1683  0.1336  0.0051  0.0000  0.0113  0.0000  0.0000  0.0000
 0.1317  0.0000  0.0170  0.1783  1.0000  0.0150  0.0202  0.0155  0.2190  0.0663  0.1274  0.0236  0.0283  0.0474  0.1511  0.0235  0.0426  0.1901  0.2718  0.0039  0.0000  0.0097  0.0000  0.0000  0.0000
 0.0008  0.0000  0.0002  0.0001  0.0002  0.0019  0.0002  0.0001  0.1651  0.0003  1.0000  0.0023  0.0002  0.0003  0.0004  0.0002  0.0002  0.0005  0.0187  0.0002  0.0000  0.0003  0.0000  0.0000  0.0000
 0.0000  0.0000  0.0000  0.0000  0.0000  0.0000  1.0000  0.0000  0.0000  0.0000  0.0000  0.0000  0.0000  0.0000  0.0000  0.0000  0.0000  0.0000  0.0000  0.0000  0.0000  0.0000  0.0000  0.0000  0.0000
 0.3232  0.0000  0.0124  0.0231  0.1643  0.0290  0.0855  0.3354  0.0524  1.0000  0.1222  0.0404  0.1162  0.0930  0.2859  0.8568  0.2023  0.1279  0.0694  0.0195  0.0000  0.0992  0.0000  0.0000  0.0000
 0.0000  0.0000  0.0000  0.0000  0.0000  0.0000  1.0000  0.0000  0.0000  0.0000  0.0000  0.0000  0.0000  0.0000  0.0000  0.0000  0.0000  0.0000  0.0000  0.0000  0.0000  0.0000  0.0000  0.0000  0.0000
 0.2437  0.0000  0.0026  0.0101  0.0045  0.0012  0.0180  0.0022  0.0012  0.0046  0.0026  0.0012  1.0000  0.0069  0.0031  0.0028  0.0448  0.0075  0.0040  0.0005  0.0000  0.0016  0.0000  0.0000  0.0000
 0.4284  0.0000  0.0457  0.1590  0.0728  0.0331  1.0000  0.0349  0.0215  0.0752  0.0471  0.0202  0.1755  0.1194  0.0509  0.0475  0.3397  0.0989  0.0692  0.0116  0.0000  0.3754  0.0000  0.0000  0.0000
 0.0000  0.0000  0.0000  0.0000  0.0000  0.0000  1.0000  0.0000  0.0000  0.0000  0.0000  0.0000  0.0000  0.0000  0.0000  0.0000  0.0000  0.0000  0.0000  0.0000  0.0000  0.0000  0.0000  0.0000  0.0000
 0.0518  0.0000  0.0045  0.0060  0.0048  0.0023  0.0036  0.0019  0.1596  0.0066  0.0098  0.0039  0.0574  0.0085  0.0051  0.0041  0.2781  1.0000  0.6220  0.0010  0.0000  0.0018  0.0000  0.0000  0.0000
 0.0000  0.0000  0.0000  0.0000  0.0000  0.0000  0.0000  0.0000  0.0000  0.0000  0.0000  0.0000  0.0000  0.0000  0.0000  0.0000  0.0000  0.0000  1.0000  0.0000  0.0000  0.0000  0.0000  0.0000  0.0000
 0.4244  0.0000  0.1370  0.1897  0.3048  0.5751  0.2661  0.4245  0.3075  0.2575  0.5070  0.2068  0.3077  0.1663  0.2612  0.3116  0.4744  0.3453  0.3939  0.1417  0.0000  1.0000  0.0000  0.0000  0.0000
 0.0019  0.0000  0.0002  0.0003  0.0026  0.0004  0.0013  0.0017  0.0008  1.0000  0.0715  0.0006  0.0018  0.0015  0.0044  0.0525  0.0015  0.0020  0.0011  0.0003  0.0000  0.0008  0.0000  0.0000  0.0000
 0.4928  0.0000  0.0047  0.0014  0.0036  0.0027  0.0037  0.0009  0.0217  0.0036  0.0166  0.2389  0.0018  0.0059  0.0027  0.0022  0.0063  0.0155  1.0000  0.0005  0.0000  0.0009  0.0000  0.0000  0.0000
 0.4479  0.0000  0.1561  0.1778  0.2364  0.6093  0.2854  0.4822  0.3704  0.2629  0.6253  0.2527  0.2659  0.1768  0.3115  0.5307  0.3868  0.3387  0.4698  0.1601  0.0000  1.0000  0.0000  0.0000  0.0000
 0.0008  0.0000  0.0005  0.0012  0.0008  0.0005  0.0027  1.0000  0.0005  0.0013  0.0009  0.0002  0.0008  0.0016  0.0007  0.0081  0.0007  0.0007  0.0006  0.0004  0.0000  0.0005  0.0000  0.0000  0.0000
 0.8944  0.0000  0.1230  0.4467  0.7353  0.1541  0.2885  0.1595  0.5108  0.7259  0.5148  0.1673  0.3826  0.2727  0.4588  0.4192  0.5870  0.6660  1.0000  0.0401  0.0000  0.1607  0.0000  0.0000  0.0000
 0.1513  0.0000  0.0364  0.0584  0.0872  0.1340  0.0987  0.1592  0.0825  0.1266  0.2636  0.0469  0.0813  1.0000  0.1725  0.2599  0.2754  0.2784  0.1075  0.1511  0.0000  0.1910  0.0000  0.0000  0.0000
 0.0079  0.0000  0.0014  0.0028  0.0017  0.0007  0.0935  0.0008  0.0017  0.0025  0.0017  0.0009  0.0047  0.0034  0.0019  0.0016  1.0000  0.8074  0.0030  0.0203  0.0000  0.0007  0.0000  0.0000  0.0000
 0.0138  0.0000  0.0017  0.0189  0.0590  0.0026  1.0000  0.0523  0.0046  0.3774  0.0104  0.0035  0.1622  0.0101  0.0390  0.1809  0.0748  0.0142  0.0062  0.0018  0.0000  0.0058  0.0000  0.0000  0.0000
 0.5364  0.0000  0.1795  0.2085  0.2907  0.7024  0.3336  0.5439  0.4272  0.4238  0.7343  0.2268  0.3159  0.2143  0.3772  0.4381  0.4096  0.4416  0.6080  0.1842  0.0000  1.0000  0.0000  0.0000  0.0000
 0.0011  0.0000  0.0004  0.0002  0.0003  0.0988  0.0005  0.0000  1.0000  0.0005  0.0243  0.0014  0.0003  0.0002  0.0001  0.0004  0.0005  0.1048  0.3629  0.0002  0.0000  0.0007  0.0000  0.0000  0.0000
 0.0014  0.0000  0.0004  0.0002  0.0004  0.1182  0.0003  0.0003  0.0708  0.0005  0.2366  1.0000  0.0003  0.0006  0.0007  0.0005  0.0004  0.0008  0.0749  0.0004  0.0000  0.0005  0.0000  0.0000  0.0000
 1.0000  0.0000  0.0000  0.0000  0.0000  0.0000  0.0000  0.0000  0.0000  0.0000  0.0000  0.0000  0.0000  0.0000  0.0000  0.0000  0.0000  0.0000  0.0000  0.0000  0.0000  0.0000  0.0000  0.0000  0.0000
 0.3276  0.0000  0.0603  0.0243  0.1251  0.0788  0.0468  0.0663  0.3797  0.4844  0.5256  0.1925  0.0798  0.1067  0.1782  0.6621  0.0921  0.2733  1.0000  0.0186  0.0000  0.0414  0.0000  0.0000  0.0000
 0.0000  0.0000  0.0000  0.0000  0.0000  0.0000  0.0000  0.0000  0.0000  1.0000  0.0000  0.0000  0.0000  0.0000  0.0000  0.0000  0.0000  0.0000  0.0000  0.0000  0.0000  0.0000  0.0000  0.0000  0.0000
 0.2367  0.0000  0.0463  0.0141  0.1487  0.0426  0.0075  0.0112  0.5018  0.0477  0.3906  0.0645  0.0392  0.0488  0.0304  0.1801  0.0379  0.1642  1.0000  0.0066  0.0000  0.0170  0.0000  0.0000  0.0000
 0.0008  0.0000  0.0068  0.0001  0.0002  0.0005  0.0001  0.0000  1.0000  0.0002  0.0027  0.0106  0.0001  0.0002  0.0001  0.0001  0.0002  0.0007  0.0391  0.0001  0.0000  0.0002  0.0000  0.0000  0.0000
 0.1094  0.0000  0.0100  0.0185  0.1160  0.0220  0.0653  0.4696  0.0376  0.5643  0.2107  0.0288  0.0817  0.2962  0.2800  1.0000  0.0838  0.0918  0.0510  0.0140  0.0000  0.0432  0.0000  0.0000  0.0000
 0.1889  0.0000  0.0047  0.0016  0.0038  0.0125  0.0035  0.0015  0.0369  0.0042  1.0000  0.1178  0.0024  0.0062  0.0041  0.0030  0.1247  0.0145  0.3269  0.0016  0.0000  0.0020  0.0000  0.0000  0.0000
 0.0324  0.0000  0.0034  0.8164  1.0000  0.0038  0.0333  0.0127  0.0052  0.0315  0.0216  0.0034  0.1936  0.0203  0.0330  0.0120  0.0924  0.4408  0.0090  0.0020  0.0000  0.0068  0.0000  0.0000  0.0000
 0.2959  0.0000  0.0026  0.0010  0.0020  0.0255  0.0011  0.0004  1.0000  0.0023  0.3268  0.0055  0.0013  0.0023  0.0014  0.0016  0.0023  0.1075  0.7190  0.0006  0.0000  0.0019  0.0000  0.0000  0.0000
 0.0719  0.0000  0.0112  0.7703  0.3504  0.0108  0.1472  0.0478  0.0099  1.0000  0.0175  0.0069  0.4981  0.0495  0.0723  0.0396  0.1594  0.7253  0.0169  0.0056  0.0000  0.0244  0.0000  0.0000  0.0000
 0.6206  0.0000  0.0436  0.5219  1.0000  0.0409  0.3100  0.0992  0.1526  0.8009  0.2969  0.0863  0.4032  0.3465  0.4810  0.4348  0.6261  0.4951  0.2938  0.0141  0.0000  0.0313  0.0000  0.0000  0.0000
 0.7207  0.0000  0.0208  0.2439  1.0000  0.0194  0.1480  0.0472  0.1177  0.5257  0.1174  0.0412  0.3830  0.1516  0.4337  0.2405  0.4451  0.3125  0.1110  0.0067  0.0000  0.0147  0.0000  0.0000  0.0000
 0.3162  0.0000  0.0574  0.0143  0.2949  0.0373  0.0023  0.0110  0.5988  0.2034  0.5375  0.1737  0.0208  0.0601  0.0325  0.0251  0.0423  0.2283  1.0000  0.0059  0.0000  0.0119  0.0000  0.0000  0.0000
 0.0754  0.0000  0.0073  0.0131  0.1046  0.2247  0.0532  0.0672  0.0327  0.6661  0.1783  0.0255  0.0728  0.0591  0.9501  1.0000  0.0728  0.0807  0.0430  0.0119  0.0000  0.0342  0.0000  0.0000  0.0000
 0.1288  0.0000  0.0007  0.0017  0.0095  0.0014  0.0051  0.0132  0.0029  1.0000  0.0068  0.0023  0.2188  0.0054  0.0160  0.2567  0.0060  0.1525  0.0038  0.0011  0.0000  0.0031  0.0000  0.0000  0.0000
 0.0547  0.0000  0.0004  0.0010  0.0036  0.0006  0.0023  0.0564  0.0011  0.0168  0.0025  0.0009  0.0029  0.0022  1.0000  0.2197  0.0116  0.0167  0.0016  0.0004  0.0000  0.0012  0.0000  0.0000  0.0000
 0.0008  0.0000  0.0002  0.0001  0.0002  0.0021  0.0002  0.0002  1.0000  0.0003  0.2273  0.0026  0.0002  0.0003  0.0004  0.0003  0.0002  0.0005  0.0030  0.0003  0.0000  0.0003  0.0000  0.0000  0.0000
 0.2020  0.0000  0.0028  0.0013  0.0024  0.0140  0.0019  0.0010  1.0000  0.0031  0.9867  0.6534  0.0019  0.0031  0.0028  0.0025  0.0028  0.0087  0.4149  0.0017  0.0000  0.0030  0.0000  0.0000  0.0000
 0.1132  0.0000  0.0166  0.0331  0.0798  0.0156  0.0571  0.0476  0.0360  0.3440  0.0627  0.5963  0.0869  0.0659  0.2477  1.0000  0.7073  0.3042  0.0534  0.0109  0.0000  0.0273  0.0000  0.0000  0.0000
 0.0019  0.0000  0.0000  0.2193  1.0000  0.0002  0.0008  0.0005  0.0002  0.0019  0.0004  0.0002  0.0009  0.0012  0.0024  0.0005  0.0010  0.0008  0.0004  0.0001  0.0000  0.0002  0.0000  0.0000  0.0000
 0.0005  0.0000  0.0001  0.0001  0.0001  0.0014  0.0001  0.0001  0.0026  0.0002  1.0000  0.0468  0.0001  0.0002  0.0003  0.0002  0.0001  0.0003  0.0014  0.0002  0.0000  0.0002  0.0000  0.0000  0.0000
 0.0136  0.0000  0.0002  0.8617  1.0000  0.0013  0.0051  0.0036  0.0018  0.2909  0.0034  0.0014  0.0058  0.0083  0.8230  0.2826  0.0069  0.0062  0.0033  0.0006  0.0000  0.0018  0.0000  0.0000  0.0000
 0.0008  0.0000  0.0003  0.0002  0.0002  0.0011  0.0004  0.0000  1.0000  0.0003  0.0056  0.0010  0.0002  0.0002  0.0001  0.0003  0.0003  0.0009  0.7181  0.0001  0.0000  0.0005  0.0000  0.0000  0.0000
 0.1226  0.0000  0.0146  0.0447  0.0226  0.0336  0.2230  0.0119  0.0583  0.0257  1.0000  0.4633  0.1505  0.0357  0.0199  0.0176  0.1480  0.0424  0.0472  0.0056  0.0000  0.0109  0.0000  0.0000  0.0000
 0.0113  0.0000  0.0026  0.0038  0.0106  0.1081  0.0079  1.0000  0.0069  0.0402  0.0131  0.0044  0.0092  0.0066  0.1600  0.4755  0.0092  0.0103  0.0089  0.0030  0.0000  0.6204  0.0000  0.0000  0.0000
 0.1446  0.0000  0.0102  0.5249  0.8854  0.0095  0.1453  0.0515  0.0358  1.0000  0.0577  0.0202  0.1170  0.0526  0.2538  0.3903  0.6226  0.4105  0.0545  0.0033  0.0000  0.0073  0.0000  0.0000  0.0000
 0.0377  0.0000  1.0000  0.0010  0.0012  0.0005  0.0068  0.0002  0.0014  0.0013  0.0018  0.0007  0.0009  0.0032  0.0009  0.0009  0.2060  0.0031  0.1283  0.0002  0.0000  0.0004  0.0000  0.0000  0.0000
 0.1618  0.0000  0.0103  1.0000  0.0901  0.0249  0.0599  0.0994  0.0422  0.0782  0.0375  0.0129  0.9122  0.0292  0.1964  0.0741  0.0691  0.0506  0.2424  0.0075  0.0000  0.0365  0.0000  0.0000  0.0000
 0.1859  0.0000  0.3251  0.0165  0.0183  0.1239  0.0915  0.0043  0.0255  0.0203  0.0423  0.0141  0.0179  0.0465  0.0145  0.0142  1.0000  0.0746  0.0731  0.0130  0.0000  0.0463  0.0000  0.0000  0.0000
 0.0458  0.0000  0.0030  0.0401  0.0803  0.0780  0.0110  0.0310  0.0064  0.0121  0.0892  0.0038  0.0105  1.0000  0.0134  0.0074  0.1452  0.0108  0.0092  0.0028  0.0000  0.0144  0.0000  0.0000  0.0000
 0.0025  0.0000  0.0008  0.0032  0.0019  0.1617  0.0030  0.1059  0.0016  0.0022  0.0028  0.0009  0.0318  0.0012  0.0125  0.0021  0.0029  0.0021  0.0021  0.0008  0.0000  1.0000  0.0000  0.0000  0.0000
 0.0019  0.0000  0.0004  0.0002  0.0003  0.0008  0.0002  0.0001  1.0000  0.0004  0.0043  0.0009  0.0002  0.0004  0.0002  0.0003  0.0004  0.1236  0.0870  0.0001  0.0000  0.0003  0.0000  0.0000  0.0000
 0.0007  0.0000  0.0002  0.0002  0.0002  0.0009  0.0003  0.0000  0.5903  0.0003  0.0049  0.0009  0.0002  0.0001  0.0001  0.0002  0.0003  0.0008  1.0000  0.0001  0.0000  0.0004  0.0000  0.0000  0.0000
 0.3139  0.0000  0.0222  0.5868  0.5273  0.0208  1.0000  0.0506  0.1791  0.5063  0.1252  0.1002  0.3432  0.1141  0.4564  0.2177  0.3318  0.8041  0.1184  0.0072  0.0000  0.0159  0.0000  0.0000  0.0000
 0.0008  0.0000  0.0294  0.0001  0.0002  1.0000  0.0002  0.0000  0.0013  0.0000  0.0032  0.0007  0.0000  0.0003  0.0000  0.0000  0.0405  0.0004  0.0118  0.0030  0.0000  0.0367  0.0000  0.0000  0.0000
 0.0003  0.0000  0.0001  0.0000  0.0001  0.0217  0.0001  0.0000  0.0006  0.0000  0.0014  0.0003  0.0000  0.0001  0.0000  0.0000  0.0002  0.0002  0.0006  0.0014  0.0000  1.0000  0.0000  0.0000  0.0000
 0.0074  0.0000  0.0008  0.0022  0.0011  0.0003  1.0000  0.0005  0.0003  0.0012  0.0007  0.0003  0.0024  0.0020  0.0729  0.0008  0.0768  0.0016  0.0012  0.0001  0.0000  0.0004  0.0000  0.0000  0.0000
 1.0000  0.0000  0.0005  0.0004  0.0005  0.0002  0.0030  0.0001  0.0003  0.0005  0.0005  0.0002  0.0003  0.0013  0.0004  0.0004  0.0702  0.0010  0.0052  0.0001  0.0000  0.0002  0.0000  0.0000  0.0000
 0.0009  0.0000  0.0003  0.0001  0.0002  1.0000  0.0002  0.0002  0.0107  0.0003  0.2219  0.0029  0.0002  0.0004  0.0004  0.0003  0.0003  0.0005  0.0025  0.0007  0.0000  0.0021  0.0000  0.0000  0.0000
 0.0064  0.0000  0.0019  0.0015  0.0024  1.0000  0.0025  0.0036  0.0207  0.0029  0.1922  0.0303  0.0025  0.0026  0.1323  0.0032  0.0032  0.0179  0.0128  0.0021  0.0000  0.3060  0.0000  0.0000  0.0000
 0.7991  0.0000  0.0789  0.6480  1.0000  0.1535  0.4248  0.2051  0.2400  0.9452  0.3859  0.1344  0.5493  0.2963  0.6148  0.5766  0.7867  0.6240  0.3663  0.0449  0.0000  0.1891  0.0000  0.0000  0.0000
 0.0032  0.0000  0.0002  0.2951  1.0000  0.0004  0.0030  0.0013  0.0004  0.0035  0.0007  0.0003  0.1001  0.0021  0.0041  0.0011  0.0029  0.0018  0.0007  0.0002  0.0000  0.0006  0.0000  0.0000  0.0000
 0.1508  0.0000  0.0016  0.0066  0.0028  0.0007  1.0000  0.0014  0.0007  0.0028  0.0015  0.0007  0.5131  0.0042  0.0019  0.0017  0.0318  0.0035  0.0024  0.0003  0.0000  0.0010  0.0000  0.0000  0.0000
 0.3983  0.0000  0.0056  0.9077  1.0000  0.0146  0.0832  0.0396  0.0186  0.1534  0.0350  0.0144  0.0896  0.0948  0.1919  0.3745  0.1208  0.0724  0.0374  0.0068  0.0000  0.0205  0.0000  0.0000  0.0000
 0.0128  0.0000  0.1236  0.0003  0.0008  0.0012  0.0003  0.0002  1.0000  0.0009  0.0069  0.0016  0.0005  0.0011  0.0006  0.0005  0.0009  0.0038  0.5520  0.0002  0.0000  0.0005  0.0000  0.0000  0.0000
 0.2749  0.0000  0.0952  0.0996  0.1272  0.9510  0.1468  0.2231  0.3394  0.1315  0.4664  0.1328  0.1459  0.1096  0.1289  0.1497  0.3818  0.3170  0.4048  0.2552  0.0000  1.0000  0.0000  0.0000  0.0000
 0.0014  0.0000  0.0004  0.0002  0.0004  0.0038  0.0003  0.0003  1.0000  0.0005  0.2285  0.2189  0.0003  0.0006  0.0007  0.0005  0.0004  0.0008  0.0043  0.0004  0.0000  0.0005  0.0000  0.0000  0.0000
 0.0018  0.0000  1.0000  0.0013  0.0008  0.0014  0.0032  0.0007  0.0688  0.0002  0.0021  0.0006  0.0008  0.0011  0.0006  0.0009  0.0008  0.0012  0.0019  0.0008  0.0000  0.0014  0.0000  0.0000  0.0000
 0.0111  0.0000  0.0024  0.0008  0.0020  0.0090  0.0007  0.0009  0.0240  0.0023  0.1548  1.0000  0.0014  0.0030  0.0025  0.0017  0.0023  0.4196  0.1426  0.0011  0.0000  0.0013  0.0000  0.0000  0.0000
 0.0000  0.0000  0.0000  0.0000  1.0000  0.0000  0.0000  0.0000  0.0000  0.0000  0.0000  0.0000  0.0000  0.0000  0.0000  0.0000  0.0000  0.0000  0.0000  0.0000  0.0000  0.0000  0.0000  0.0000  0.0000
 0.0108  0.0000  0.0037  0.0043  0.0057  0.5108  0.0069  0.2128  0.0096  0.0061  0.3629  0.0055  0.0321  0.0044  0.0062  0.0073  0.0084  0.0083  0.0328  0.0039  0.0000  1.0000  0.0000  0.0000  0.0000
 0.0015  0.0000  0.0004  0.0003  0.0003  0.0013  0.0008  0.0002  0.0023  0.0003  0.0053  1.0000  0.0003  0.0005  0.0003  0.0003  0.0005  0.0008  0.0470  0.0003  0.0000  0.0006  0.0000  0.0000  0.0000
 0.0217  0.0000  0.0005  1.0000  0.0014  0.0002  0.0035  0.0005  0.0002  0.0010  0.0005  0.0002  0.0025  0.0013  0.0007  0.0006  0.0661  0.0014  0.0007  0.0001  0.0000  0.0003  0.0000  0.0000  0.0000
 0.2897  0.0000  0.1984  0.0175  0.0207  0.0089  1.0000  0.0040  0.0107  0.0228  0.0301  0.0107  0.0157  0.0583  0.0158  0.0164  0.1240  0.2988  0.1031  0.0033  0.0000  0.0069  0.0000  0.0000  0.0000
 0.0086  0.0000  0.0064  0.0009  0.0008  0.0003  1.0000  0.0002  0.0004  0.0009  0.0008  0.0004  0.0009  0.0021  0.0006  0.0006  0.2127  0.0015  0.0013  0.0001  0.0000  0.0003  0.0000  0.0000  0.0000
 0.0656  0.0000  0.0068  0.0049  0.0061  0.1128  0.0282  0.0020  0.0299  0.0070  0.2077  0.0200  0.0053  0.0150  0.0063  0.0055  1.0000  0.0175  0.0249  0.0059  0.0000  0.0176  0.0000  0.0000  0.0000
 0.0148  0.0000  0.0038  0.1908  0.0037  0.0357  0.0030  0.0026  0.1494  0.0049  1.0000  0.0637  0.0035  0.0058  0.0068  0.0048  0.0041  0.0093  0.0954  0.0042  0.0000  0.0050  0.0000  0.0000  0.0000
 0.0321  0.0000  0.0001  1.0000  0.0310  0.0004  0.0022  0.0011  0.0005  0.2164  0.0009  0.0004  0.0027  0.0025  0.0051  0.0012  0.0025  0.0019  0.0009  0.0002  0.0000  0.0006  0.0000  0.0000  0.0000
 0.5282  0.0000  0.1778  0.2708  0.3028  0.8129  0.3399  0.5483  0.4102  0.4041  0.7102  0.2460  0.3212  0.2121  0.3512  0.3866  0.4269  0.4074  0.6345  0.1847  0.0000  1.0000  0.0000  0.0000  0.0000
 0.0732  0.0000  0.0042  0.0026  0.0039  0.4317  0.0045  0.0024  0.3330  0.0049  0.4358  0.0238  0.0036  0.0040  0.0039  0.0045  0.0055  0.0120  0.4960  0.0070  0.0000  1.0000  0.0000  0.0000  0.0000
 0.1700  0.0000  0.0255  0.0376  0.2045  0.0791  0.1806  0.1575  0.0875  1.0000  0.2085  0.0635  0.1509  0.1194  0.3374  0.8569  0.1375  0.1707  0.1126  0.0433  0.0000  0.1467  0.0000  0.0000  0.0000
 0.1747  0.0000  0.0211  0.0632  0.1437  0.0524  0.1697  0.0789  0.0817  1.0000  0.1040  0.0359  0.0997  0.3419  0.1638  0.5307  0.2069  0.2309  0.0779  0.0191  0.0000  0.1786  0.0000  0.0000  0.0000
 0.0007  0.0000  0.0002  0.0002  0.0002  0.0598  0.0004  0.0000  1.0000  0.0248  0.0380  0.0333  0.0002  0.0002  0.0001  0.0003  0.0003  0.0008  0.2540  0.0002  0.0000  0.0005  0.0000  0.0000  0.0000
 0.0079  0.0000  0.0003  0.0764  0.0943  0.0008  0.0058  0.0081  0.0010  0.0099  0.0020  0.0008  0.0081  1.0000  0.0104  0.1875  0.0060  0.0041  0.0019  0.0004  0.0000  0.0014  0.0000  0.0000  0.0000
 0.0171  0.0000  0.0031  0.0049  1.0000  0.0026  0.0013  0.0010  0.0357  0.0040  0.0146  0.0041  0.0018  0.0043  0.0038  0.0019  0.0034  0.0114  0.1857  0.0005  0.0000  0.0010  0.0000  0.0000  0.0000
 0.3733  0.0000  0.0274  1.0000  0.8347  0.1420  0.2943  0.4933  0.0925  0.4840  0.1495  0.0524  0.4391  0.4699  0.5735  0.3683  0.4902  0.2838  0.1408  0.0094  0.0000  0.0238  0.0000  0.0000  0.0000
 0.0019  0.0000  0.0007  0.0005  0.0006  0.0589  0.0009  0.0001  1.0000  0.0009  0.0165  0.0249  0.0006  0.0004  0.0496  0.0007  0.0009  0.0023  0.9727  0.0004  0.0000  0.0782  0.0000  0.0000  0.0000
 0.0006  0.0000  0.0001  0.0001  0.0001  0.0014  0.0001  0.0001  0.0026  0.0002  1.0000  0.0017  0.0001  0.0002  0.0003  0.0002  0.0002  0.0003  0.0245  0.0002  0.0000  0.0002  0.0000  0.0000  0.0000
 0.2607  0.0000  0.0020  0.0017  0.0019  0.0008  1.0000  0.0004  0.0009  0.0022  0.0019  0.0009  0.0015  0.0050  0.0014  0.1217  0.0102  0.0034  0.0033  0.0003  0.0000  0.0006  0.0000  0.0000  0.0000
 0.0782  0.0000  0.0013  0.0033  0.0714  0.0469  0.0149  0.0873  0.0045  1.0000  0.0097  0.0032  0.0089  0.0069  0.0193  0.6308  0.0086  0.0255  0.0554  0.0016  0.0000  0.0059  0.0000  0.0000  0.0000
 0.0009  0.0000  0.0003  0.0001  0.0002  0.0007  0.0002  0.0000  1.0000  0.0003  0.0038  0.0100  0.0002  0.0002  0.0001  0.0002  0.0003  0.0240  0.2789  0.0001  0.0000  0.0003  0.0000  0.0000  0.0000
 1.0000  0.0000  0.1121  0.0032  0.0026  0.0011  0.0090  0.0009  0.0027  0.0034  0.0422  0.0015  0.0048  0.0061  0.0026  0.0023  0.2079  0.4460  0.0059  0.0005  0.0000  0.0010  0.0000  0.0000  0.0000
 0.1880  0.0000  0.0848  0.0759  0.4483  0.3907  0.1219  0.2004  0.4727  0.2623  0.7151  0.1011  0.1710  0.0756  0.1085  0.1286  0.1685  0.1451  1.0000  0.0684  0.0000  0.4700  0.0000  0.0000  0.0000
 1.0000  0.0000  0.0018  0.0015  0.0017  0.0007  0.0096  0.0004  0.0009  0.0019  0.0018  0.0008  0.0014  0.0044  0.1028  0.0014  0.5117  0.0044  0.0113  0.0003  0.0000  0.0115  0.0000  0.0000  0.0000
 0.0062  0.0000  0.0014  0.0005  0.0010  0.0018  0.0004  0.0002  0.2737  0.0012  0.0102  0.0023  0.0006  0.0013  0.0007  0.0007  0.0012  0.4214  1.0000  0.0002  0.0000  0.0008  0.0000  0.0000  0.0000
 0.0021  0.0000  0.0007  0.0004  0.0006  0.0299  0.0008  0.0001  0.3164  0.0008  0.8642  0.0033  0.0005  0.0005  0.0004  0.0007  0.0008  0.0398  1.0000  0.0004  0.0000  0.0012  0.0000  0.0000  0.0000
 0.1432  0.0000  0.0641  0.0139  0.0525  0.0092  0.1251  0.0615  0.0159  1.0000  0.0347  0.1363  0.0348  0.0268  0.0999  0.3279  0.0496  0.0390  0.0217  0.0054  0.0000  0.0170  0.0000  0.0000  0.0000
 0.2216  0.0000  0.0007  0.0006  0.0006  0.0003  1.0000  0.0001  0.0003  0.0007  0.0007  0.0003  0.0005  0.0017  0.0005  0.0005  0.0034  0.0012  0.0011  0.0001  0.0000  0.0002  0.0000  0.0000  0.0000
 0.0000  0.0000  0.0000  0.0000  0.0000  0.0000  0.0000  0.0000  0.0000  0.0000  1.0000  0.0000  0.0000  0.0000  0.0000  0.0000  0.0000  0.0000  0.0000  0.0000  0.0000  0.0000  0.0000  0.0000  0.0000
 0.4598  0.0000  0.0183  0.1957  0.5576  0.0224  0.1209  0.0706  0.0618  0.6422  0.1594  0.0350  0.4651  0.0870  0.1854  0.1880  0.3934  1.0000  0.4104  0.1145  0.0000  0.0217  0.0000  0.0000  0.0000
 0.0088  0.0000  0.0019  0.0128  0.0405  0.0025  0.0090  0.2404  0.0027  0.0069  0.0035  0.0015  0.0154  0.0049  0.0049  0.0045  0.0749  0.1255  0.0040  0.0010  0.0000  1.0000  0.0000  0.0000  0.0000
 0.0000  0.0000  0.0000  0.0000  0.0000  0.0000  0.0000  0.0000  0.0000  0.0000  1.0000  0.0000  0.0000  0.0000  0.0000  0.0000  0.0000  0.0000  0.0000  0.0000  0.0000  0.0000  0.0000  0.0000  0.0000
 0.1371  0.0000  0.0136  0.0248  0.1895  0.0305  0.0974  0.1589  0.0592  1.0000  0.1395  0.0461  0.1332  0.1072  0.3232  0.8465  0.1123  0.1466  0.0784  0.0736  0.0000  0.0998  0.0000  0.0000  0.0000
 0.0633  0.0000  0.0022  0.3707  1.0000  0.0039  0.1096  0.0117  0.0064  0.0939  0.0114  0.0044  0.0377  0.0231  0.0467  0.0376  0.6329  0.0241  0.0113  0.0017  0.0000  0.0056  0.0000  0.0000  0.0000
 0.1588  0.0000  0.0181  0.0802  0.2108  0.0532  0.1377  0.1877  0.1016  1.0000  0.3318  0.0743  0.1968  0.1205  0.3380  0.8182  0.1449  0.1642  0.1035  0.0253  0.0000  0.0703  0.0000  0.0000  0.0000
 0.0236  0.0000  0.0026  0.0161  0.0330  0.0049  0.0238  0.4749  0.0093  1.0000  0.0220  0.0073  0.2898  0.0186  0.0526  0.3453  0.2047  0.0255  0.0124  0.0036  0.0000  0.0109  0.0000  0.0000  0.0000
 0.0004  0.0000  0.0001  0.0001  0.0001  0.0005  0.0002  0.0000  1.0000  0.0002  0.0027  0.0005  0.0001  0.0001  0.0001  0.0001  0.0002  0.0005  0.1209  0.0001  0.0000  0.0002  0.0000  0.0000  0.0000
 0.0039  0.0000  0.0010  0.0005  0.0010  0.0105  0.0008  0.0008  1.0000  0.0013  0.4967  0.6645  0.0010  0.0016  0.0020  0.0013  0.0011  0.0023  0.0114  0.0012  0.0000  0.0013  0.0000  0.0000  0.0000
 0.0000  0.0000  0.0000  0.0000  0.0000  0.0000  0.0000  1.0000  0.0000  0.0000  0.0000  0.0000  0.0000  0.0000  0.0000  0.0000  0.0000  0.0000  0.0000  0.0000  0.0000  0.0000  0.0000  0.0000  0.0000
 0.0000  0.0000  0.0000  0.0000  0.0000  0.0000  0.0000  0.0000  0.0000  0.0000  0.0000  0.0000  0.0000  0.0000  0.0000  1.0000  0.0000  0.0000  0.0000  0.0000  0.0000  0.0000  0.0000  0.0000  0.0000
 0.0000  0.0000  0.0000  1.0000  0.0000  0.0000  0.0000  0.0000  0.0000  0.0000  0.0000  0.0000  0.0000  0.0000  0.0000  0.0000  0.0000  0.0000  0.0000  0.0000  0.0000  0.0000  0.0000  0.0000  0.0000
 0.0006  0.0000  0.0002  0.0001  0.0002  0.0009  0.0003  0.0000  0.3907  0.0003  0.0971  0.0009  0.0002  0.0001  0.0001  0.0002  0.0003  0.0007  1.0000  0.0001  0.0000  0.0004  0.0000  0.0000  0.0000
 0.0007  0.0000  0.0001  0.0004  0.0009  0.0002  0.0009  0.0005  0.0003  1.0000  0.0007  0.0002  0.0007  0.0008  0.0057  0.0032  0.0006  0.0007  0.0004  0.0002  0.0000  0.0003  0.0000  0.0000  0.0000
 0.0000  0.0000  0.0000  0.0000  0.0000  0.0000  0.0000  0.0000  0.0000  0.0000  0.0000  0.0000  0.0000  1.0000  0.0000  0.0000  0.0000  0.0000  0.0000  0.0000  0.0000  0.0000  0.0000  0.0000  0.0000
 0.0017  0.0000  0.0003  0.0007  0.0004  0.0002  0.0006  0.0002  0.0005  0.0006  0.0004  0.0002  0.0012  0.0008  0.0005  0.0004  1.0000  0.1560  0.0008  0.0001  0.0000  0.0002  0.0000  0.0000  0.0000
 0.0000  0.0000  0.0000  0.0000  0.0000  0.0000  0.0000  0.0000  0.0000  0.0000  0.0000  0.0000  1.0000  0.0000  0.0000  0.0000  0.0000  0.0000  0.0000  0.0000  0.0000  0.0000  0.0000  0.0000  0.0000
 0.0014  0.0000  0.0005  0.0003  0.0004  0.0027  0.0007  0.0001  1.0000  0.0006  0.1357  0.4076  0.0004  0.0003  0.0003  0.0005  0.0006  0.0016  0.4475  0.0003  0.0000  0.0010  0.0000  0.0000  0.0000
 0.0000  0.0000  0.0000  0.0000  0.0000  0.0000  0.0000  0.0000  0.0000  0.0000  1.0000  0.0000  0.0000  0.0000  0.0000  0.0000  0.0000  0.0000  0.0000  0.0000  0.0000  0.0000  0.0000  0.0000  0.0000
 0.0236  0.0000  0.0358  0.0002  0.0005  0.0012  0.0002  0.0001  0.2525  0.0006  0.1997  0.0255  0.0003  0.0007  0.0004  0.0004  0.0006  0.0025  1.0000  0.0002  0.0000  0.0004  0.0000  0.0000  0.0000
 0.0008  0.0000  0.0002  0.0860  0.0011  0.0002  0.0027  0.0008  0.0001  0.0011  0.0002  0.0001  1.0000  0.0006  0.0007  0.0005  0.0280  0.0008  0.0001  0.0001  0.0000  0.0004  0.0000  0.0000  0.0000
 0.0641  0.0000  0.0159  0.0165  0.0180  0.0049  0.0120  0.1522  0.0105  0.1506  0.0126  0.0203  0.0800  0.0165  0.0179  0.2469  1.0000  0.9082  0.0160  0.0025  0.0000  0.0064  0.0000  0.0000  0.0000
 0.0240  0.0000  0.0017  0.0196  0.1205  0.0016  0.0441  0.0041  0.0302  0.2061  0.0568  0.0034  0.0974  0.0089  0.1009  1.0000  0.1920  0.0571  0.0091  0.0006  0.0000  0.0014  0.0000  0.0000  0.0000
 0.0000  0.0000  0.0000  0.0000  0.0000  0.0000  1.0000  0.0000  0.0000  0.0000  0.0000  0.0000  0.0000  0.0000  0.0000  0.0000  0.0000  0.0000  0.0000  0.0000  0.0000  0.0000  0.0000  0.0000  0.0000
 0.0684  0.0000  0.0049  0.2594  0.5916  0.0048  0.1671  0.3219  0.0084  0.0553  0.0145  0.0052  0.4657  0.0228  1.0000  0.0285  0.0960  0.0950  0.0133  0.0021  0.0000  0.0087  0.0000  0.0000  0.0000
 0.0009  0.0000  0.0003  0.0002  0.0002  0.0011  0.0004  0.0000  0.7798  0.0003  0.0059  0.0011  0.0002  0.0002  0.0001  0.0003  0.0004  0.0010  1.0000  0.0001  0.0000  0.0005  0.0000  0.0000  0.0000
 0.0000  0.0000  0.0000  0.0000  0.0000  0.0000  0.0000  0.0000  0.0000  1.0000  0.0000  0.0000  0.0000  0.0000  0.0000  0.0000  0.0000  0.0000  0.0000  0.0000  0.0000  0.0000  0.0000  0.0000  0.0000
 0.0012  0.0000  0.0003  0.0001  0.0003  0.0032  0.0002  0.0002  0.3014  0.0004  1.0000  0.1630  0.0003  0.0005  0.0006  0.0004  0.0003  0.0007  0.0033  0.0004  0.0000  0.0004  0.0000  0.0000  0.0000
 0.0025  0.0000  1.0000  0.0011  0.0007  0.0007  0.0029  0.0005  0.0007  0.0004  0.0009  0.0003  0.0008  0.0011  0.0005  0.0008  0.0019  0.0695  0.0012  0.0005  0.0000  0.0008  0.0000  0.0000  0.0000
 0.0000  0.0000  0.0000  1.0000  0.0000  0.0000  0.0000  0.0000  0.0000  0.0000  0.0000  0.0000  0.0000  0.0000  0.0000  0.0000  0.0000  0.0000  0.0000  0.0000  0.0000  0.0000  0.0000  0.0000  0.0000
 0.0000  0.0000  0.0000  0.0000  0.0000  1.0000  0.0000  0.0000  0.0000  0.0000  0.0000  0.0000  0.0000  0.0000  0.0000  0.0000  0.0000  0.0000  0.0000  0.0000  0.0000  0.0000  0.0000  0.0000  0.0000
 0.0000  0.0000  0.0000  0.0000  0.0000  0.0000  1.0000  0.0000  0.0000  0.0000  0.0000  0.0000  0.0000  0.0000  0.0000  0.0000  0.0000  0.0000  0.0000  0.0000  0.0000  0.0000  0.0000  0.0000  0.0000
 0.0006  0.0000  0.0002  0.0001  0.0001  0.0006  0.0002  0.0000  0.2221  0.0002  0.0031  0.0006  0.0001  0.0001  0.0001  0.0002  0.0002  0.0006  1.0000  0.0001  0.0000  0.0003  0.0000  0.0000  0.0000
 0.1053  0.0000  0.0006  0.0005  0.0006  0.0002  0.0034  0.0001  0.0003  0.0006  0.0006  0.0003  0.0004  0.0015  0.0004  0.0004  1.0000  0.0013  0.0010  0.0001  0.0000  0.0002  0.0000  0.0000  0.0000
 0.2375  0.0000  0.0127  0.0122  0.0122  0.0050  1.0000  0.0030  0.0067  0.0147  0.0127  0.0061  0.0132  0.0319  0.0099  0.1594  0.0967  0.5673  0.0216  0.0020  0.0000  0.0042  0.0000  0.0000  0.0000
 0.0451  0.0000  0.0055  0.0765  0.4869  0.0171  0.0209  0.0199  0.0611  0.0549  0.0275  0.0093  0.2643  0.0234  1.0000  0.0331  0.0268  0.0280  0.1069  0.0052  0.0000  0.2125  0.0000  0.0000  0.0000
 0.0010  0.0000  0.0002  0.0001  0.0002  0.0025  0.0002  0.0002  0.0047  0.0003  1.0000  0.0282  0.0002  0.0004  0.0005  0.0003  0.0003  0.1010  0.0027  0.0003  0.0000  0.0003  0.0000  0.0000  0.0000
 0.0650  0.0000  0.0012  0.0003  0.0163  0.0007  0.0000  0.0002  0.3611  0.0009  0.0047  0.0014  0.0004  0.0013  0.0007  0.0005  0.0009  0.0370  1.0000  0.0001  0.0000  0.0002  0.0000  0.0000  0.0000
 0.2940  0.0000  0.0021  0.8371  0.0117  0.0017  0.0286  0.0082  0.0009  0.0111  0.0020  0.0007  1.0000  0.0069  0.0075  0.0056  0.1602  0.0095  0.0018  0.0008  0.0000  0.0042  0.0000  0.0000  0.0000
 0.0036  0.0000  0.0004  0.0008  0.0005  0.0002  0.0259  0.0002  0.0004  0.0007  0.0005  0.0002  0.0011  0.0011  0.0005  0.0004  1.0000  0.0476  0.0008  0.0001  0.0000  0.0002  0.0000  0.0000  0.0000
 0.0023  0.0000  0.0006  0.0003  0.0006  0.0043  0.0006  0.0003  1.0000  0.0008  0.1733  0.2922  0.0005  0.0007  0.0395  0.0007  0.0007  0.0018  0.2840  0.0005  0.0000  0.0009  0.0000  0.0000  0.0000
 1.0000  0.0000  0.0005  0.0004  0.0004  0.0002  0.0027  0.0001  0.0002  0.0005  0.0005  0.0002  0.0003  0.0012  0.0003  0.0003  0.0206  0.0009  0.0008  0.0001  0.0000  0.0001  0.0000  0.0000  0.0000
 0.0127  0.0000  0.0027  0.3256  0.0227  0.0024  0.0394  0.0124  0.0016  1.0000  0.0033  0.0012  0.5427  0.0099  0.0938  0.0117  0.0316  0.0960  0.0026  0.0013  0.0000  0.0063  0.0000  0.0000  0.0000
 0.0019  0.0000  0.0004  0.0008  0.0005  0.0002  0.0006  0.0002  0.0006  0.0008  0.0005  0.0003  0.0014  0.0010  0.0006  0.0005  0.2737  1.0000  0.0009  0.0001  0.0000  0.0002  0.0000  0.0000  0.0000
 0.0571  0.0000  0.0195  0.0223  0.0306  1.0000  0.0361  0.0587  0.1341  0.0367  0.1074  0.1684  0.3076  0.0233  0.0341  0.1981  0.0439  0.0438  0.0610  0.0205  0.0000  0.6415  0.0000  0.0000  0.0000
 0.2574  0.0000  0.0014  0.0004  0.0010  0.0012  0.0003  0.0002  0.1981  0.0011  0.0070  0.0018  0.0005  0.0014  0.0007  0.0006  0.0011  0.0048  1.0000  0.0002  0.0000  0.0004  0.0000  0.0000  0.0000
 0.0000  0.0000  0.0000  0.0000  0.0000  0.0000  1.0000  0.0000  0.0000  0.0000  0.0000  0.0000  0.0000  0.0000  0.0000  0.0000  0.0000  0.0000  0.0000  0.0000  0.0000  0.0000  0.0000  0.0000  0.0000
 0.0483  0.0000  0.4246  0.0200  0.0124  0.0107  0.0420  0.0083  0.0137  0.0104  0.0164  0.0066  0.0215  0.0217  0.0113  0.0133  0.0712  1.0000  0.0237  0.0073  0.0000  0.0120  0.0000  0.0000  0.0000
 0.0578  0.0000  0.0069  0.0540  0.0809  0.0122  0.0947  0.0528  0.0218  0.6278  0.0512  0.0170  0.7807  0.0452  0.4721  1.0000  0.5302  0.0618  0.0292  0.0086  0.0000  0.1963  0.0000  0.0000  0.0000
 0.7313  0.0000  0.0099  0.0196  0.0125  0.0048  0.0195  0.0055  0.0131  0.0184  0.0128  0.0069  0.2027  0.4959  0.0142  0.0117  1.0000  0.6857  0.0219  0.0030  0.0000  0.0054  0.0000  0.0000  0.0000
 0.0000  0.0000  0.0000  0.0000  0.0000  0.0000  0.0000  0.0000  0.0000  0.0000  0.0000  0.0000  0.0000  0.0000  0.0000  0.0000  0.0000  0.0000  0.0000  0.0000  0.0000  1.0000  0.0000  0.0000  0.0000
 0.0000  0.0000  0.0000  0.0000  0.0000  0.0000  0.0000  0.0000  0.0000  0.0000  0.0000  1.0000  0.0000  0.0000  0.0000  0.0000  0.0000  0.0000  0.0000  0.0000  0.0000  0.0000  0.0000  0.0000  0.0000
 1.0000  0.0000  0.0008  0.0006  0.0007  0.0003  0.0047  0.0001  0.0004  0.0008  0.0008  0.0004  0.0006  0.0021  0.0006  0.0006  0.3728  0.0016  0.0014  0.0001  0.0000  0.0002  0.0000  0.0000  0.0000
 0.0000  0.0000  0.0000  0.0000  0.0000  0.0000  0.0000  0.0000  0.0000  0.0000  0.0000  0.0000  0.0000  1.0000  0.0000  0.0000  0.0000  0.0000  0.0000  0.0000  0.0000  0.0000  0.0000  0.0000  0.0000
 0.0000  0.0000  0.0000  0.0000  1.0000  0.0000  0.0000  0.0000  0.0000  0.0000  0.0000  0.0000  0.0000  0.0000  0.0000  0.0000  0.0000  0.0000  0.0000  0.0000  0.0000  0.0000  0.0000  0.0000  0.0000
 0.0000  0.0000  0.0000  0.0000  0.0000  0.0000  0.0000  0.0000  0.0000  0.0000  0.0000  0.0000  0.0000  0.0000  0.0000  1.0000  0.0000  0.0000  0.0000  0.0000  0.0000  0.0000  0.0000  0.0000  0.0000
 0.0008  0.0000  0.0002  0.0001  0.0002  0.0078  0.0002  0.0002  1.0000  0.0003  0.2408  0.0028  0.0002  0.0004  0.0004  0.0003  0.0002  0.0005  0.0028  0.0003  0.0000  0.0004  0.0000  0.0000  0.0000
 0.5984  0.0000  0.0286  0.4843  0.5389  0.0268  0.2342  0.0652  0.1001  0.5447  0.2757  0.0567  0.4706  0.1470  1.0000  0.3166  0.8650  0.3681  0.1527  0.0092  0.0000  0.0204  0.0000  0.0000  0.0000
 0.0514  0.0000  0.0049  0.0039  0.0044  0.0018  1.0000  0.0009  0.0021  0.0048  0.0047  0.0022  0.0034  0.2328  0.0033  0.0034  0.0544  0.0086  0.0302  0.0007  0.0000  0.0014  0.0000  0.0000  0.0000
 0.2112  0.0000  0.0086  0.4661  1.0000  0.0169  0.2677  0.0463  0.0275  0.1916  0.0481  0.0191  0.1254  0.1059  0.2618  0.0675  0.1614  0.2063  0.0501  0.0078  0.0000  0.0229  0.0000  0.0000  0.0000
 0.8021  0.0000  0.0475  0.5628  0.9839  0.0510  0.5949  0.3003  0.1647  1.0000  0.2709  0.0949  0.4301  0.2611  0.8246  0.5207  0.6295  0.5735  0.2577  0.0185  0.0000  0.0474  0.0000  0.0000  0.0000
 0.0000  0.0000  0.0000  0.0000  0.0000  0.0000  0.0000  0.0000  0.0000  0.0000  0.0000  0.0000  0.0000  0.0000  0.0000  0.0000  0.0000  0.0000  0.0000  0.0000  0.0000  1.0000  0.0000  0.0000  0.0000
 0.0361  0.0000  0.0084  0.3916  0.0424  0.0065  0.6546  0.0306  0.0053  0.0421  0.0084  0.0035  0.3295  0.0264  0.0286  0.0218  1.0000  0.4423  0.0086  0.0035  0.0000  0.0159  0.0000  0.0000  0.0000
 0.0013  0.0000  0.0004  0.0003  0.0003  0.0015  0.0005  0.0000  0.4209  0.0005  0.0077  0.0014  0.0003  0.0002  0.0002  0.0004  0.0005  0.0355  1.0000  0.0002  0.0000  0.0961  0.0000  0.0000  0.0000
 0.0364  0.0000  0.0035  0.0062  0.0507  0.0076  0.0257  0.7218  0.0156  1.0000  0.2443  0.0122  0.0353  0.0286  0.9986  0.8125  0.0297  0.0390  0.0206  0.0057  0.0000  0.0164  0.0000  0.0000  0.0000
 0.0441  0.0000  0.0008  0.0006  0.0007  0.0003  0.0506  0.0001  0.0003  0.0008  0.0008  0.0004  0.0005  0.0053  0.0005  0.0005  1.0000  0.0014  0.0013  0.0001  0.0000  0.0002  0.0000  0.0000  0.0000
 0.0011  0.0000  0.0001  1.0000  0.0506  0.0001  0.0009  0.0004  0.0002  0.0011  0.0003  0.0001  0.0009  0.0008  0.0014  0.0004  0.0008  0.0006  0.0003  0.0001  0.0000  0.0002  0.0000  0.0000  0.0000
 0.0007  0.0000  0.0002  0.0002  0.0002  0.0009  0.0003  0.0000  0.5913  0.0003  0.0049  0.0009  0.0002  0.0001  0.0001  0.0002  0.0003  0.0008  1.0000  0.0001  0.0000  0.0004  0.0000  0.0000  0.0000
 0.0000  0.0000  0.0000  0.0000  0.0000  0.0000  0.0000  0.0000  0.0000  0.0000  0.0000  0.0000  0.0000  0.0000  0.0000  0.0000  0.0000  0.0000  0.0000  1.0000  0.0000  0.0000  0.0000  0.0000  0.0000
 0.0000  0.0000  0.0000  0.0000  0.0000  0.0000  0.0000  0.0000  0.0000  0.0000  0.0000  0.0000  0.0000  0.0000  0.0000  0.0000  1.0000  0.0000  0.0000  0.0000  0.0000  0.0000  0.0000  0.0000  0.0000
 0.0195  0.0000  0.0004  0.0002  0.0004  0.0743  0.0003  0.0003  0.0082  0.0006  1.0000  0.1639  0.0004  0.0007  0.0008  0.0006  0.0005  0.0010  0.2161  0.0005  0.0000  0.0006  0.0000  0.0000  0.0000
 0.0000  0.0000  0.0000  0.0000  0.0000  0.0000  1.0000  0.0000  0.0000  0.0000  0.0000  0.0000  0.0000  0.0000  0.0000  0.0000  0.0000  0.0000  0.0000  0.0000  0.0000  0.0000  0.0000  0.0000  0.0000
 0.0017  0.0000  0.0005  0.0003  0.0005  0.0041  0.0005  0.0003  0.6942  0.0006  1.0000  0.0186  0.0004  0.0006  0.0007  0.0006  0.0006  0.0013  0.0892  0.0005  0.0000  0.0008  0.0000  0.0000  0.0000
 0.0371  0.0000  0.0030  0.0049  0.0035  0.0015  0.0046  0.0015  0.0057  0.0050  0.0049  0.0775  0.0088  0.0067  0.0039  0.0032  1.0000  0.6439  0.1221  0.0008  0.0000  0.0014  0.0000  0.0000  0.0000
 0.0050  0.0000  0.0013  0.0006  0.0013  0.4546  0.0010  0.0009  0.3664  0.0017  1.0000  0.1931  0.0012  0.0112  0.0024  0.0017  0.0014  0.0030  0.2171  0.0015  0.0000  0.0017  0.0000  0.0000  0.0000
 0.0047  0.0000  0.0016  0.0011  0.0014  0.0095  0.0022  0.0003  0.7282  0.0021  0.4665  1.0000  0.0014  0.0012  0.0012  0.0018  0.0021  0.0051  0.6418  0.0011  0.0000  0.2119  0.0000  0.0000  0.0000
 0.0000  0.0000  0.0000  0.0000  1.0000  0.0000  0.0000  0.0000  0.0000  0.0000  0.0000  0.0000  0.0000  0.0000  0.0000  0.0000  0.0000  0.0000  0.0000  0.0000  0.0000  0.0000  0.0000  0.0000  0.0000
 0.0037  0.0000  0.2624  0.0004  0.0009  0.0089  0.0007  0.0007  0.0170  0.0012  1.0000  0.4588  0.0008  0.0015  0.0018  0.0012  0.0010  0.0022  0.0391  0.0010  0.0000  0.0011  0.0000  0.0000  0.0000
 1.0000  0.0000  0.0005  0.0004  0.0004  0.0002  0.0028  0.0001  0.0002  0.0005  0.0005  0.0002  0.0003  0.0013  0.0003  0.0004  0.0180  0.0009  0.0008  0.0001  0.0000  0.0001  0.0000  0.0000  0.0000
 0.0261  0.0000  0.0060  0.0023  0.0047  0.0111  0.0026  0.0010  1.0000  0.0430  0.7094  0.0359  0.0032  0.0056  0.0033  0.0037  0.1251  0.6079  0.5223  0.0014  0.0000  0.0044  0.0000  0.0000  0.0000
 0.0127  0.0000  0.0028  0.0054  0.0039  0.0031  1.0000  0.0022  0.0036  0.0045  0.1129  0.0020  0.0032  0.0094  0.0030  0.0046  0.0071  0.0041  0.0044  0.0021  0.0000  0.0024  0.0000  0.0000  0.0000
 0.0315  0.0000  0.0004  0.0009  0.0064  0.0010  0.0032  0.0440  0.0020  0.1809  0.0046  0.1045  0.0044  0.0035  0.0747  1.0000  0.0763  0.0049  0.0237  0.0007  0.0000  0.0021  0.0000  0.0000  0.0000
 0.0006  0.0000  0.0003  0.0001  0.0001  1.0000  0.0001  0.0000  0.0012  0.0000  0.0029  0.0006  0.0000  0.0002  0.0000  0.0000  0.0004  0.0003  0.0011  0.0027  0.0000  0.4665  0.0000  0.0000  0.0000
 0.0000  0.0000  0.0000  0.0000  0.0000  0.0000  0.0000  0.0000  0.0000  0.0000  0.0000  0.0000  0.0000  1.0000  0.0000  0.0000  0.0000  0.0000  0.0000  0.0000  0.0000  0.0000  0.0000  0.0000  0.0000
 0.0022  0.0000  0.0011  0.0003  0.0006  0.3996  0.0004  0.0000  0.3240  0.0000  0.0117  0.0024  0.0000  0.0008  0.0000  0.0000  0.0015  0.0014  0.0045  0.0109  0.0000  1.0000  0.0000  0.0000  0.0000
 0.2085  0.0000  0.0042  0.1837  0.0180  0.0025  0.1288  0.0082  0.0027  0.0390  0.0787  0.0021  0.0656  1.0000  0.0110  0.0090  0.0961  0.0148  0.0064  0.0011  0.0000  0.0046  0.0000  0.0000  0.0000
 0.1823  0.0000  0.0053  0.1821  0.0929  0.0049  0.2088  0.0268  0.0166  0.4057  0.0269  0.0095  0.0546  1.0000  0.5189  0.0475  0.3688  0.0763  0.0254  0.0018  0.0000  0.0046  0.0000  0.0000  0.0000
 0.5335  0.0000  0.0760  0.5609  1.0000  0.0898  0.1621  0.1033  0.2505  0.3267  0.2243  0.0855  0.2621  0.2625  0.3276  0.1551  0.7569  0.9968  0.4331  0.0468  0.0000  0.1058  0.0000  0.0000  0.0000
 0.5563  0.0000  0.0404  0.9453  1.0000  0.0377  0.4559  0.1289  0.1366  0.6856  0.2207  0.0774  0.7853  0.2478  0.9678  0.5545  0.6703  0.7320  0.2084  0.0132  0.0000  0.0314  0.0000  0.0000  0.0000
 0.7559  0.0000  0.1878  0.4170  0.5494  0.7146  0.4578  0.5598  0.4348  0.6009  0.7264  0.2441  0.4420  0.2874  0.4516  0.4856  0.6537  0.5898  0.5688  0.1841  0.0000  1.0000  0.0000  0.0000  0.0000
 0.0398  0.0000  0.0021  0.3389  0.1998  0.0019  0.0244  0.0078  0.0025  0.0692  0.0042  0.0016  1.0000  0.0089  0.0135  0.0085  0.9158  0.0518  0.0041  0.0009  0.0000  0.0039  0.0000  0.0000  0.0000
 0.7614  0.0000  0.0537  0.5580  1.0000  0.0441  0.3282  0.2091  0.1618  0.8015  0.2610  0.1424  0.5606  0.2914  0.6375  0.5590  0.6749  0.4989  0.2465  0.0151  0.0000  0.0342  0.0000  0.0000  0.0000
 0.3061  0.0000  0.1157  0.0392  0.0599  0.0193  1.0000  0.0178  0.0302  0.1254  0.0574  0.0167  0.0370  0.2703  0.0453  0.1547  0.2494  0.0652  0.0510  0.0063  0.0000  0.0221  0.0000  0.0000  0.0000
 0.6583  0.0000  0.1701  0.2547  0.3033  0.7768  0.3230  0.5175  0.3764  0.2820  0.6210  0.2112  0.2969  0.8514  0.2846  0.3335  0.8190  0.3817  0.4971  0.4433  0.0000  1.0000  0.0000  0.0000  0.0000
 0.3679  0.0000  0.0442  0.2229  0.1168  0.1246  0.3406  0.0844  0.1128  0.1093  0.9523  1.0000  0.0857  0.0853  0.1239  0.0895  0.1953  0.2856  0.2673  0.0307  0.0000  0.1440  0.0000  0.0000  0.0000
 1.0000  0.0000  0.0662  0.0811  0.0724  0.0295  0.5572  0.0221  0.0505  0.0890  0.0736  0.3882  0.2407  0.1647  0.0648  0.0601  0.7083  0.5936  0.2125  0.0134  0.0000  0.0280  0.0000  0.0000  0.0000
 0.1078  0.0000  0.0231  0.0079  0.0179  0.0315  0.0091  0.0038  1.0000  0.0199  0.1790  0.0402  0.0105  0.4343  0.0125  0.0128  0.0211  0.0809  0.6509  0.0043  0.0000  0.0127  0.0000  0.0000  0.0000
 0.0026  0.0000  0.0011  0.0004  0.0007  1.0000  0.0005  0.0002  0.0923  0.0004  0.7104  0.0051  0.0003  0.0010  0.0005  0.0004  0.0014  0.0016  0.0060  0.0079  0.0000  0.1533  0.0000  0.0000  0.0000
 0.0701  0.0000  0.0002  0.8110  1.0000  0.0016  0.0065  0.0042  0.0021  0.0174  0.0038  0.0016  0.0073  0.0105  0.7969  0.0046  0.3403  0.0076  0.0040  0.0007  0.0000  0.0021  0.0000  0.0000  0.0000
 0.0167  0.0000  0.0043  0.0020  0.0043  0.0445  0.0034  0.0033  0.1479  0.0058  1.0000  0.0553  0.0041  0.0071  0.3912  0.0058  0.0047  0.0097  0.0462  0.0052  0.0000  0.0055  0.0000  0.0000  0.0000
 0.0006  0.0000  0.0001  0.0001  0.0001  0.0016  0.0001  0.0001  0.0029  0.0002  1.0000  0.0719  0.0001  0.0002  0.0003  0.0002  0.0002  0.0003  0.0016  0.0002  0.0000  0.0002  0.0000  0.0000  0.0000
 0.0645  0.0000  0.0047  0.4874  0.2815  0.0051  0.0435  0.1651  0.0140  0.3219  0.0232  0.0083  0.0808  0.0280  1.0000  0.0410  0.2582  0.2244  0.0220  0.0021  0.0000  0.0061  0.0000  0.0000  0.0000
 0.5836  0.0000  0.1374  0.1759  0.3586  0.3443  0.3468  0.3545  0.2503  1.0000  0.4379  0.1511  0.3068  0.2476  0.4788  0.8797  0.4646  0.4667  0.3528  0.1044  0.0000  0.5239  0.0000  0.0000  0.0000
 0.0005  0.0000  0.0002  0.0001  0.0001  0.0007  0.0002  0.0000  1.0000  0.0002  0.0037  0.0007  0.0001  0.0001  0.0001  0.0002  0.0002  0.0006  0.3045  0.0001  0.0000  0.0003  0.0000  0.0000  0.0000
 0.0025  0.0000  0.0198  0.0005  0.0005  0.0005  0.0011  0.0003  0.0021  0.0003  0.0016  0.0005  0.0004  0.0007  0.0004  0.0004  0.0007  0.0015  1.0000  0.0002  0.0000  0.0004  0.0000  0.0000  0.0000
 0.0610  0.0000  0.0088  1.0000  0.3710  0.0193  0.0722  0.6932  0.0181  0.2920  0.0621  0.0112  0.6983  0.0325  0.0607  0.0830  0.0758  0.0788  0.0259  0.0066  0.0000  0.0645  0.0000  0.0000  0.0000
 0.0268  0.0000  0.0007  0.0916  1.0000  0.0026  0.2857  0.0377  0.0032  0.0278  0.0059  0.0024  0.0206  0.0166  0.1376  0.0080  0.0172  0.0127  0.0061  0.0012  0.0000  0.0040  0.0000  0.0000  0.0000
 0.1183  0.0000  0.0007  0.6198  0.3606  0.0030  0.0137  0.0079  0.0040  0.1162  0.0074  0.0030  0.0150  1.0000  0.0418  0.0092  0.0262  0.0253  0.0078  0.0014  0.0000  0.0040  0.0000  0.0000  0.0000
 0.3565  0.0000  0.0960  0.0028  0.0508  0.0014  0.0203  0.0006  0.0016  0.0035  0.0035  0.0016  0.0024  1.0000  0.0024  0.0025  0.2941  0.0068  0.0060  0.0005  0.0000  0.0011  0.0000  0.0000  0.0000
 0.0081  0.0000  0.0004  0.0006  0.0006  0.0003  0.0029  0.0002  0.0003  0.0007  0.0006  0.0002  0.0004  1.0000  0.0004  0.0006  0.0020  0.0008  0.0007  0.0002  0.0000  0.0002  0.0000  0.0000  0.0000
 0.3057  0.0000  0.0799  0.2863  0.3975  0.0218  0.1539  0.0522  0.0771  1.0000  0.1236  0.0438  0.2282  0.1141  0.5950  0.5043  0.5271  0.3816  0.4942  0.0081  0.0000  0.0186  0.0000  0.0000  0.0000
 0.0715  0.0000  0.0004  0.0003  0.0004  0.0021  0.0010  0.0002  0.0038  0.0004  1.0000  0.0025  0.0003  0.0007  0.0005  0.0004  0.0009  0.0007  0.0024  0.0003  0.0000  0.0004  0.0000  0.0000  0.0000
 0.0034  0.0000  0.0002  0.0626  0.1217  0.0003  0.0021  0.0009  0.0004  0.0029  0.0007  0.0003  0.0027  1.0000  0.0035  0.0009  0.0698  0.0093  0.0008  0.0002  0.0000  0.0005  0.0000  0.0000  0.0000
 0.7666  0.0000  0.0507  0.6273  1.0000  0.0477  0.3607  0.1429  0.1775  0.9550  0.3179  0.1004  0.4859  0.2991  0.5587  0.4994  0.7675  0.5437  0.3212  0.0164  0.0000  0.0365  0.0000  0.0000  0.0000
 0.1834  0.0000  0.0126  0.7637  0.4681  0.0820  1.0000  0.2000  0.0438  0.3255  0.0707  0.0248  0.1289  0.0641  0.1526  0.2439  0.8343  0.1839  0.0667  0.0042  0.0000  0.0098  0.0000  0.0000  0.0000
 0.5510  0.0000  0.0665  0.6015  1.0000  0.0368  0.3626  0.1158  0.1937  0.8020  0.2709  0.0761  0.3549  0.1968  0.6117  0.3904  0.5361  0.4187  0.3265  0.0126  0.0000  0.0287  0.0000  0.0000  0.0000
 0.0003  0.0000  0.0002  0.0001  0.0001  1.0000  0.0001  0.0000  0.0007  0.0000  0.0017  0.0003  0.0000  0.0001  0.0000  0.0000  0.0002  0.0002  0.0007  0.0016  0.0000  0.0905  0.0000  0.0000  0.0000
 0.0198  0.0000  0.0024  0.0036  0.0026  0.0010  0.0331  0.0009  0.0020  0.0034  0.0026  0.0013  0.0051  0.1916  0.0025  0.0022  1.0000  0.1000  0.0045  0.0005  0.0000  0.0010  0.0000  0.0000  0.0000
 0.3349  0.0000  0.0101  0.3951  0.7766  0.0095  0.0722  0.0231  0.0355  0.2221  0.1957  0.0201  0.1542  1.0000  0.2500  0.0994  0.4009  0.1888  0.0541  0.0033  0.0000  0.0072  0.0000  0.0000  0.0000
 0.4872  0.0000  0.0327  0.5510  1.0000  0.0305  0.2333  0.0744  0.2970  0.7069  0.1851  0.0649  0.3128  0.2518  0.4743  0.3324  0.5808  0.3517  0.2430  0.0105  0.0000  0.0232  0.0000  0.0000  0.0000
 0.2035  0.0000  0.0013  0.0006  0.0011  1.0000  0.0015  0.0007  0.0181  0.0013  0.3458  0.0118  0.0009  0.0020  0.0018  0.0012  0.0020  0.0026  0.0108  0.0039  0.0000  0.0126  0.0000  0.0000  0.0000
 0.6391  0.0000  0.1187  0.5043  0.8538  0.1553  0.3373  0.2503  0.2669  1.0000  0.3516  0.1212  0.4215  0.2537  0.6079  0.6599  0.5896  0.4952  0.4494  0.0478  0.0000  0.2048  0.0000  0.0000  0.0000
 0.0613  0.0000  0.0024  1.0000  0.2869  0.0149  0.0364  0.3791  0.0016  0.0187  0.0033  0.0012  0.2165  0.0107  0.0156  0.0083  0.2659  0.0126  0.0028  0.0012  0.0000  0.0059  0.0000  0.0000  0.0000
 0.0007  0.0000  0.0002  0.0001  0.0002  1.0000  0.0001  0.0001  0.0035  0.0002  0.0358  0.0481  0.0002  0.0003  0.0004  0.0002  0.0002  0.0004  0.0139  0.0004  0.0000  0.0009  0.0000  0.0000  0.0000
 0.0027  0.0000  0.0007  0.0003  0.0005  0.0013  0.0004  0.0001  0.5502  0.0006  0.0071  0.0014  0.0004  0.0006  0.0003  0.0004  0.0006  0.1623  1.0000  0.0002  0.0000  0.0006  0.0000  0.0000  0.0000
 0.8264  0.0000  0.0223  0.5776  0.4004  0.0214  0.1766  0.0858  0.0752  0.3706  0.1209  0.0691  1.0000  0.1111  0.4141  0.4682  0.9736  0.9256  0.1145  0.0074  0.0000  0.0179  0.0000  0.0000  0.0000
 0.6634  0.0000  0.0496  0.3859  0.6209  0.0518  0.2679  0.0919  0.1812  1.0000  0.4000  0.0715  0.3175  0.1743  0.8156  0.3945  0.4920  0.3616  0.1980  0.0163  0.0000  0.0542  0.0000  0.0000  0.0000
 0.0000  0.0000  1.0000  0.0000  0.0000  0.0000  0.0000  0.0000  0.0000  0.0000  0.0000  0.0000  0.0000  0.0000  0.0000  0.0000  0.0000  0.0000  0.0000  0.0000  0.0000  0.0000  0.0000  0.0000  0.0000
 0.0012  0.0000  0.0003  0.0001  0.0003  0.0030  0.0002  0.0002  0.0057  0.0004  1.0000  0.3659  0.0003  0.0005  0.0006  0.0004  0.0003  0.0007  0.0975  0.0004  0.0000  0.0004  0.0000  0.0000  0.0000
 0.6730  0.0000  0.1215  0.5699  0.6856  0.3958  0.3777  0.3649  0.5047  0.9695  0.7174  0.2123  0.5238  0.2550  0.8081  1.0000  0.6322  0.6784  0.4373  0.1062  0.0000  0.5953  0.0000  0.0000  0.0000
 0.0007  0.0000  0.0001  0.0002  0.0010  0.0002  0.0006  0.0006  0.0003  1.0000  0.0007  0.0002  0.0007  0.0006  0.0016  0.0446  0.0006  0.0008  0.0004  0.0001  0.0000  0.0003  0.0000  0.0000  0.0000
 0.3537  0.0000  0.0250  0.6525  0.6404  0.0234  0.1780  0.1263  0.1940  0.6976  0.2670  0.0495  1.0000  0.3220  0.5628  0.2454  0.4561  0.3301  0.1335  0.0081  0.0000  0.0179  0.0000  0.0000  0.0000
 0.0611  0.0000  0.0006  0.0090  0.1264  0.0005  0.0042  0.0009  0.0006  0.0040  0.0012  0.0005  0.0021  1.0000  0.0642  0.0015  0.1245  0.0028  0.0016  0.0002  0.0000  0.0159  0.0000  0.0000  0.0000
 0.5663  0.0000  0.0133  0.3200  0.6255  0.0125  0.1180  0.0308  0.0464  1.0000  0.0749  0.0263  0.2323  0.0689  0.1751  0.1304  0.7598  0.1692  0.0708  0.0043  0.0000  0.0097  0.0000  0.0000  0.0000
 0.0226  0.0000  0.0016  0.2207  1.0000  0.0015  0.0189  0.0038  0.0056  0.2265  0.0813  0.0032  0.0603  0.0083  0.0179  0.0968  0.0339  0.0916  0.0085  0.0005  0.0000  0.0012  0.0000  0.0000  0.0000
 0.0000  0.0000  0.0000  0.0000  0.0000  0.0000  0.0000  0.0000  0.0000  0.0000  0.0000  0.0000  0.0000  0.0000  0.0000  1.0000  0.0000  0.0000  0.0000  0.0000  0.0000  0.0000  0.0000  0.0000  0.0000
 0.3078  0.0000  0.0068  0.0050  0.0065  0.0047  0.0348  0.0014  0.0085  0.0074  0.1456  0.0596  0.0045  1.0000  0.0391  0.0054  0.0488  0.0138  0.0163  0.0012  0.0000  0.0022  0.0000  0.0000  0.0000
 0.5505  0.0000  0.0151  0.5192  0.0355  0.0085  0.0522  0.0180  0.0202  0.2202  0.0203  0.0105  0.2817  0.0399  0.0310  0.0246  0.5658  1.0000  0.0319  0.0052  0.0000  0.0125  0.0000  0.0000  0.0000
 1.0000  0.0000  0.1119  0.0788  0.1037  0.5577  0.5001  0.0303  0.3180  0.1158  0.8713  0.2083  0.0734  0.2724  0.0894  0.0891  0.4752  0.2079  0.3476  0.1129  0.0000  0.4138  0.0000  0.0000  0.0000
 0.4671  0.0000  0.0232  0.2669  0.9315  0.0232  0.1626  0.1603  0.1938  1.0000  0.2435  0.0456  0.5162  0.2291  0.3881  0.4607  0.4590  0.2617  0.1226  0.0078  0.0000  0.0398  0.0000  0.0000  0.0000
 0.1804  0.0000  0.0036  0.1706  1.0000  0.0057  0.0329  0.0142  0.0145  0.0835  0.0391  0.2069  0.1788  0.0338  0.2217  0.0383  0.0581  0.1559  0.0235  0.0023  0.0000  0.0060  0.0000  0.0000  0.0000
 0.0007  0.0000  0.0002  0.0001  0.0002  0.0016  0.0002  0.0001  0.0030  0.0002  1.0000  0.0019  0.0002  0.0003  0.0003  0.0002  0.0002  0.0004  0.0483  0.0002  0.0000  0.0002  0.0000  0.0000  0.0000
 0.0521  0.0000  0.0037  0.0036  0.0051  0.0902  0.0058  0.0090  0.1633  0.0057  0.6794  1.0000  0.0056  0.0047  0.0063  0.0065  0.0250  0.0720  0.0184  0.0040  0.0000  0.2680  0.0000  0.0000  0.0000
 0.4135  0.0000  0.0252  1.0000  0.6717  0.0235  0.3583  0.0573  0.1142  0.6867  0.1425  0.0500  0.4320  0.1296  0.4636  0.5842  0.4950  0.2708  0.2745  0.0081  0.0000  0.0178  0.0000  0.0000  0.0000
 0.0019  0.0000  0.0003  0.0234  0.0027  0.0004  0.0045  1.0000  0.0004  0.1073  0.0010  0.0003  0.0204  0.0015  0.0029  0.0616  0.0036  0.0020  0.0006  0.0002  0.0000  0.0094  0.0000  0.0000  0.0000
 0.1925  0.0000  0.0023  0.2701  0.1008  0.0023  0.0161  0.0122  0.0839  0.0392  0.0127  0.0045  0.0209  1.0000  0.0345  0.0672  0.0811  0.0884  0.0121  0.0008  0.0000  0.0019  0.0000  0.0000  0.0000
 0.1636  0.0000  0.0026  0.0014  0.0018  1.0000  0.0072  0.0003  0.0065  0.0013  0.0158  0.0035  0.0008  0.0642  0.0009  0.0009  0.0080  0.0038  0.0075  0.2827  0.0000  0.0520  0.0000  0.0000  0.0000
 0.0035  0.0000  0.0010  0.0005  0.0009  0.4628  0.0009  0.0006  1.0000  0.0013  0.4070  0.0548  0.0009  0.0014  0.0017  0.0012  0.0011  0.0023  0.0630  0.0011  0.0000  0.0014  0.0000  0.0000  0.0000
 0.6054  0.0000  0.0512  0.4480  0.7182  0.0550  0.2901  0.1011  0.1948  1.0000  0.5782  0.0810  0.4062  0.1996  0.4928  0.5499  0.5772  0.7192  0.8123  0.0174  0.0000  0.0550  0.0000  0.0000  0.0000
 0.4696  0.0000  0.0322  0.4881  0.6161  0.0301  0.2290  0.0731  0.1257  0.7760  0.3693  0.3895  0.3244  0.2009  1.0000  0.5067  0.5406  0.4113  0.1996  0.0104  0.0000  0.0229  0.0000  0.0000  0.0000
 0.6367  0.0000  0.1750  0.1491  0.1982  0.6278  0.2396  0.5059  0.2949  0.2110  0.5228  0.1605  0.2232  0.1558  0.2133  0.2526  0.3485  0.2843  0.3651  0.1431  0.0000  1.0000  0.0000  0.0000  0.0000
 0.9030  0.0000  0.0310  0.6239  1.0000  0.0290  0.2214  0.0707  0.1087  0.7674  0.1754  0.0615  0.7863  0.1598  0.3886  0.3649  0.6685  0.3989  0.1658  0.0100  0.0000  0.0220  0.0000  0.0000  0.0000
 0.0822  0.0000  0.0031  1.0000  0.7152  0.0029  0.1047  0.0071  0.0107  0.5296  0.0172  0.0060  0.1863  0.0159  0.1853  0.0299  0.2727  0.1397  0.0163  0.0010  0.0000  0.0023  0.0000  0.0000  0.0000
 0.8034  0.0000  0.0511  0.6075  1.0000  0.0477  0.5167  0.1163  0.1792  0.9449  0.3253  0.1066  0.4740  0.2742  0.5971  0.6436  0.7057  0.5803  0.3070  0.0164  0.0000  0.0363  0.0000  0.0000  0.0000
 0.1894  0.0000  0.0094  0.5435  0.7196  0.0088  0.1077  0.1134  0.0294  0.2603  0.0478  0.0168  1.0000  0.0653  0.0973  0.0844  0.1429  0.6331  0.0450  0.0032  0.0000  0.0087  0.0000  0.0000  0.0000
 0.7715  0.0000  0.0466  0.5308  1.0000  0.0406  0.2717  0.0895  0.3155  0.6748  0.2329  0.0822  0.3622  0.4907  0.4259  0.3702  0.6546  0.9744  0.4576  0.0143  0.0000  0.0315  0.0000  0.0000  0.0000
 0.5547  0.0000  0.0378  0.5864  1.0000  0.0464  0.2677  0.0997  0.1338  0.6549  0.2148  0.0764  0.3433  0.2164  0.4608  0.3525  0.5097  0.4108  0.2225  0.0160  0.0000  0.0443  0.0000  0.0000  0.0000
 0.8289  0.0000  0.0758  0.6684  1.0000  0.0795  0.3555  0.1311  0.3208  0.8828  0.3984  0.1502  0.4801  0.2817  0.5629  0.4948  0.6928  0.6109  0.5916  0.0233  0.0000  0.0678  0.0000  0.0000  0.0000
 0.3413  0.0000  0.0040  0.0030  0.0036  0.2798  0.0961  0.0006  0.4858  0.0055  0.4344  0.0225  0.0037  0.0026  0.0024  0.0047  0.0055  0.0133  1.0000  0.0027  0.0000  0.0087  0.0000  0.0000  0.0000
 0.7480  0.0000  0.0017  0.0127  0.0640  0.0022  0.0111  0.0073  0.0058  0.1575  0.0111  0.0038  0.0146  0.0098  0.1308  0.2353  1.0000  0.0735  0.0085  0.0013  0.0000  0.0034  0.0000  0.0000  0.0000
 0.9938  0.0000  0.2084  0.6161  0.9392  0.7164  0.5798  0.6059  0.5056  0.8992  0.8296  0.2938  0.6259  0.3799  0.6759  0.6868  0.8757  0.7603  0.6757  0.1906  0.0000  1.0000  0.0000  0.0000  0.0000
 0.0006  0.0000  0.0003  0.0001  0.0002  0.2172  0.0001  0.0000  0.0013  0.0000  0.0032  0.0006  0.0000  0.0002  0.0000  0.0000  0.0004  0.0004  0.0012  1.0000  0.0000  0.1594  0.0000  0.0000  0.0000
 0.4101  0.0000  0.0025  0.0008  0.0019  0.0044  0.0006  0.0005  0.1156  0.0021  0.2017  0.0307  0.0011  0.0026  0.0016  0.0014  0.0020  0.0086  1.0000  0.0006  0.0000  0.0012  0.0000  0.0000  0.0000
 0.1563  0.0000  1.0000  0.0938  0.0980  0.0334  0.0759  0.0364  0.2135  0.4091  0.0643  0.0266  0.1068  0.0685  0.0784  0.1088  0.3809  0.5590  0.1357  0.0125  0.0000  0.0434  0.0000  0.0000  0.0000
 0.1490  0.0000  0.0089  0.1540  0.5283  0.0084  0.2205  0.0231  0.0280  0.6984  0.0457  0.0160  0.2539  0.0446  0.0925  1.0000  0.7417  0.0893  0.0428  0.0031  0.0000  0.0083  0.0000  0.0000  0.0000
 0.6367  0.0000  0.1128  0.0415  0.0921  0.0883  0.0275  0.0520  0.6178  0.0923  0.3718  0.2549  0.0564  0.1033  0.0868  0.1867  0.1643  0.5396  1.0000  0.0193  0.0000  0.0780  0.0000  0.0000  0.0000
 0.0015  0.0000  0.0004  0.0002  0.0004  0.0040  0.0003  0.0003  0.1437  0.0005  1.0000  0.4168  0.0004  0.0006  0.0008  0.0005  0.0004  0.0008  0.0041  0.0005  0.0000  0.0005  0.0000  0.0000  0.0000
 0.0260  0.0000  0.0017  0.5161  1.0000  0.0030  0.2532  0.0110  0.0031  0.0692  0.0060  0.0024  0.0520  0.0167  0.0618  0.0100  0.0445  0.0152  0.0058  0.0014  0.0000  0.0055  0.0000  0.0000  0.0000
 0.0841  0.0000  0.0026  0.3486  1.0000  0.0088  0.0357  0.0273  0.0148  0.2285  0.2512  0.0110  0.0428  0.0510  0.3894  0.5444  0.0496  0.0470  0.0247  0.0048  0.0000  0.0135  0.0000  0.0000  0.0000
 0.0054  0.0000  0.0005  0.0009  0.0075  0.0011  0.0038  0.0048  0.0137  0.1730  0.0055  0.1585  0.0052  0.0255  0.0293  1.0000  0.0044  0.0058  0.0031  0.0009  0.0000  0.0024  0.0000  0.0000  0.0000
 0.0473  0.0000  0.0045  0.0092  0.0973  0.0098  0.0335  0.0816  0.0201  0.8265  0.1591  0.0157  0.1161  0.2841  0.1113  1.0000  0.0389  0.0505  0.0267  0.0074  0.0000  0.0211  0.0000  0.0000  0.0000
 0.7297  0.0000  0.0217  0.1391  0.2079  0.0224  0.0880  0.0345  0.1996  0.3073  0.1682  0.1131  0.4690  0.1187  0.1298  0.1163  1.0000  0.4443  0.0957  0.0081  0.0000  0.0235  0.0000  0.0000  0.0000
 0.4250  0.0000  0.1411  0.1741  0.2245  0.5564  0.2906  0.5489  0.3131  0.2400  0.6137  0.1755  0.2719  0.1659  0.8347  0.2809  0.5201  0.4293  0.3999  0.1465  0.0000  1.0000  0.0000  0.0000  0.0000
 0.9833  0.0000  0.0903  0.1812  0.3900  0.0636  0.5083  0.1301  0.1168  1.0000  0.4024  0.0868  0.2254  0.4872  0.5048  0.7519  0.6362  0.3874  0.2377  0.0313  0.0000  0.0832  0.0000  0.0000  0.0000
 0.5982  0.0000  0.0039  0.0480  0.0673  0.0021  1.0000  0.0047  0.0022  0.0115  0.0047  0.0020  0.0214  0.0124  0.0564  0.0057  0.7723  0.0111  0.0066  0.0009  0.0000  0.0030  0.0000  0.0000  0.0000
 0.0506  0.0000  0.0035  0.0057  0.0041  0.0016  0.0100  0.0016  0.0039  0.0057  0.0042  0.0022  0.0095  1.0000  0.0043  0.0037  0.3713  0.4175  0.0074  0.0009  0.0000  0.0017  0.0000  0.0000  0.0000
 0.0000  0.0000  0.0000  0.0000  0.0000  0.0000  0.0000  0.0000  0.0000  0.0000  0.0000  0.0000  0.0000  1.0000  0.0000  0.0000  0.0000  0.0000  0.0000  0.0000  0.0000  0.0000  0.0000  0.0000  0.0000
//
