WARNING! A274 not allowed! score: 0.04 median: 2.81 # of sequence: 289
WARNING! N286 not allowed! score: 0.05 median: 2.81 # of sequence: 289
ID   UNK_ID; MATRIX
AC   UNK_AC
DE   UNK_DE
MA   UNK_BL
  A   B   C   D   E   F   G   H   I   K   L   M   N   P   Q   R   S   T   V   W   X   Y   Z   *   -
 0.0021  0.0000  0.0005  0.0003  0.0005  0.0056  0.0004  0.0004  0.1221  0.0007  0.0904  1.0000  0.0005  0.0009  0.0011  0.0007  0.0006  0.0013  0.0062  0.0007  0.0000  0.0007  0.0000  0.0000  0.0000
 1.0000  0.0000  0.0073  0.0375  0.0584  0.0080  0.4869  0.0109  0.0138  0.0843  0.0235  0.0696  0.1293  0.0248  0.0369  0.0696  0.1691  0.0411  0.0728  0.0026  0.0000  0.0090  0.0000  0.0000  0.0000
 0.1400  0.0000  0.0100  0.0179  0.0272  0.0056  0.0656  0.0101  0.0105  0.0836  0.0188  0.0078  0.0254  0.1204  0.0292  1.0000  0.2692  0.1492  0.0221  0.0029  0.0000  0.0070  0.0000  0.0000  0.0000
 0.6918  0.0000  0.0439  0.5125  1.0000  0.0416  0.4892  0.1355  0.1534  0.9908  0.2477  0.0868  0.4051  0.2573  0.4829  0.4573  0.6629  0.4773  0.2439  0.0143  0.0000  0.0322  0.0000  0.0000  0.0000
 0.4623  0.0000  0.0329  0.3858  1.0000  0.0311  0.6585  0.0753  0.1145  0.5695  0.1847  0.0648  0.7287  0.1892  0.4947  0.3765  0.7386  0.3806  0.2094  0.0107  0.0000  0.0243  0.0000  0.0000  0.0000
 0.3049  0.0000  0.0211  0.2279  0.6801  0.0255  1.0000  0.0614  0.0716  0.3385  0.2046  0.0508  0.2297  0.1331  0.2435  0.3248  0.3188  0.2107  0.1179  0.0082  0.0000  0.0244  0.0000  0.0000  0.0000
 0.1173  0.0000  0.0071  0.5626  1.0000  0.0426  0.0511  0.0172  0.0250  0.6854  0.1026  0.0143  0.0663  0.3834  0.6145  0.3954  0.0976  0.0934  0.0383  0.0025  0.0000  0.0057  0.0000  0.0000  0.0000
 0.8555  0.0000  0.0529  0.7330  0.9437  0.0507  0.3581  0.1166  0.3096  1.0000  0.3001  0.1379  0.5136  0.3917  0.5540  0.4933  0.8815  0.7234  0.3427  0.0173  0.0000  0.0405  0.0000  0.0000  0.0000
 0.4856  0.0000  0.2796  0.9499  0.6121  0.0666  1.0000  0.2143  0.1045  0.2986  0.1377  0.0478  0.4481  0.0968  0.2434  0.1820  0.5824  0.2598  0.1796  0.0187  0.0000  0.1317  0.0000  0.0000  0.0000
 0.0840  0.0000  0.0157  0.0162  0.0317  0.0402  0.1804  0.0614  0.0236  0.0228  0.0567  0.0133  0.0874  0.2545  0.0206  0.0570  1.0000  0.3653  0.0305  0.0106  0.0000  0.1009  0.0000  0.0000  0.0000
 0.0974  0.0000  0.0074  0.0064  0.0068  0.0050  0.1594  0.0015  0.3242  0.0081  0.0189  0.0054  0.0071  0.0175  0.0054  0.0057  0.3154  0.0460  1.0000  0.0014  0.0000  0.0033  0.0000  0.0000  0.0000
 0.0055  0.0000  0.0013  0.0007  0.0019  0.0136  0.0013  0.0014  0.0255  0.0972  1.0000  0.0251  0.0017  0.0025  0.0119  0.0045  0.0018  0.0034  0.0141  0.2345  0.0000  0.0019  0.0000  0.0000  0.0000
 0.0484  0.0000  0.0034  0.0165  0.1144  0.0066  1.0000  0.0273  0.0143  0.9025  0.0323  0.0108  0.0431  0.2271  0.2798  0.2337  0.0327  0.0423  0.0194  0.0047  0.0000  0.0135  0.0000  0.0000  0.0000
 0.1548  0.0000  0.0045  0.0291  0.0257  0.0151  0.0153  0.2648  0.0474  1.0000  0.0227  0.0077  0.0301  0.0192  0.0835  0.7796  0.0211  0.0926  0.0164  0.0048  0.0000  0.1526  0.0000  0.0000  0.0000
 0.1186  0.0000  0.0049  0.1175  0.1188  0.0045  0.0508  0.0111  0.0276  1.0000  0.0379  0.0183  0.0736  0.9586  0.7337  0.1745  0.0837  0.0579  0.0260  0.0016  0.0000  0.0035  0.0000  0.0000  0.0000
 0.4269  0.0000  0.0668  0.0774  0.1089  0.4421  0.1244  0.2253  0.1842  0.1096  0.4147  0.3577  0.1159  0.0771  0.1108  0.1402  0.2584  1.0000  0.3006  0.0698  0.0000  0.4919  0.0000  0.0000  0.0000
 0.2308  0.0000  0.0217  0.2124  1.0000  0.0062  0.1295  0.0150  0.0231  0.2838  0.0431  0.0131  0.0612  0.2175  0.1142  0.0750  0.1880  0.1674  0.1004  0.0021  0.0000  0.0047  0.0000  0.0000  0.0000
 0.0080  0.0000  0.0007  1.0000  0.0604  0.0006  0.0150  0.0364  0.0003  0.0095  0.0006  0.0002  0.5869  0.0023  0.0028  0.0925  0.0901  0.0030  0.0005  0.0003  0.0000  0.0015  0.0000  0.0000  0.0000
 0.0075  0.0000  0.0003  0.0002  0.0003  0.0589  0.0004  0.0000  1.0000  0.0065  0.4884  0.0014  0.0003  0.0002  0.0002  0.0003  0.0004  0.0010  0.6400  0.0002  0.0000  0.0006  0.0000  0.0000  0.0000
 0.0100  0.0000  0.0002  0.0219  0.0941  0.0003  0.0018  0.0078  0.0008  0.6511  0.0015  0.0005  0.0331  0.0013  0.0096  1.0000  0.0154  0.0220  0.0012  0.0001  0.0000  0.0004  0.0000  0.0000  0.0000
 0.2206  0.0000  0.0050  1.0000  0.6028  0.0046  0.0673  0.0113  0.0174  0.4967  0.1016  0.0581  0.0700  0.0255  0.2596  0.1301  0.4156  0.0987  0.0360  0.0016  0.0000  0.0035  0.0000  0.0000  0.0000
 0.5100  0.0000  0.1678  0.1950  0.2739  0.8120  0.3127  0.7415  0.6899  0.5108  0.9603  0.2519  0.3245  0.1938  0.3023  0.3299  0.4128  0.6277  0.5837  0.1754  0.0000  1.0000  0.0000  0.0000  0.0000
 0.0006  0.0000  0.0006  0.0008  0.0004  0.2060  0.0016  0.0037  0.0006  0.0003  0.0012  0.0003  0.0006  0.0006  0.0003  0.0005  0.0004  0.0005  0.0006  0.0005  0.0000  1.0000  0.0000  0.0000  0.0000
 0.3936  0.0000  0.0174  0.3642  0.6256  0.0490  0.1206  0.0537  0.4381  0.2932  0.1731  0.0340  0.4561  0.0950  0.2810  0.2967  0.8542  1.0000  0.2234  0.0060  0.0000  0.0153  0.0000  0.0000  0.0000
 0.0020  0.0000  0.0005  0.0002  0.0005  0.4685  0.0004  0.0004  0.2757  0.0007  1.0000  0.0378  0.0005  0.0008  0.0010  0.0007  0.0006  0.0012  0.0517  0.0006  0.0000  0.0007  0.0000  0.0000  0.0000
 0.0264  0.0000  0.0014  0.0441  0.0432  0.0018  1.0000  0.1117  0.0035  0.2229  0.0068  0.0912  0.0195  0.0074  0.0160  0.1005  0.0536  0.0115  0.0053  0.0009  0.0000  0.0031  0.0000  0.0000  0.0000
 0.0123  0.0000  0.0011  0.1382  0.5619  0.0018  0.1884  0.0260  0.0030  0.8844  0.0066  0.0023  0.0289  0.0083  0.0664  1.0000  0.0128  0.0100  0.0044  0.0011  0.0000  0.0038  0.0000  0.0000  0.0000
 0.3371  0.0000  0.0592  0.0264  0.8404  0.0341  0.0164  0.0255  0.3749  1.0000  0.3810  0.0669  0.0411  0.0755  0.0746  0.1471  0.0643  0.3271  0.9526  0.0076  0.0000  0.0166  0.0000  0.0000  0.0000
 0.0003  0.0000  0.0001  0.0000  0.0001  0.0008  0.0001  0.0001  0.0014  0.0001  1.0000  0.0009  0.0001  0.0001  0.0001  0.0001  0.0001  0.0002  0.0048  0.0001  0.0000  0.0001  0.0000  0.0000  0.0000
 0.0000  0.0000  0.0000  0.0000  0.0000  0.0000  1.0000  0.0000  0.0000  0.0000  0.0000  0.0000  0.0000  0.0000  0.0000  0.0000  0.0000  0.0000  0.0000  0.0000  0.0000  0.0000  0.0000  0.0000  0.0000
 0.1295  0.0000  0.0110  0.0239  0.0349  0.0080  0.0272  0.0600  0.0201  0.1293  0.0285  0.0121  0.0520  0.0358  0.9594  1.0000  0.3884  0.8028  0.0305  0.0055  0.0000  0.0126  0.0000  0.0000  0.0000
 0.0000  0.0000  0.0000  0.0000  0.0000  0.0000  1.0000  0.0000  0.0000  0.0000  0.0000  0.0000  0.0000  0.0000  0.0000  0.0000  0.0000  0.0000  0.0000  0.0000  0.0000  0.0000  0.0000  0.0000  0.0000
 0.4866  0.0000  0.0074  0.0081  0.0088  0.0036  0.0408  0.0024  0.0040  0.0088  0.0084  0.0032  0.0057  0.0194  1.0000  0.0072  0.0324  0.0123  0.0117  0.0020  0.0000  0.0031  0.0000  0.0000  0.0000
 0.0000  0.0000  0.0000  0.0000  0.0000  1.0000  0.0000  0.0000  0.0000  0.0000  0.0000  0.0000  0.0000  0.0000  0.0000  0.0000  0.0000  0.0000  0.0000  0.0000  0.0000  0.0000  0.0000  0.0000  0.0000
 0.0062  0.0000  0.0006  0.0012  0.0008  0.0003  1.0000  0.0003  0.0003  0.0008  0.0006  0.0003  0.0012  0.0016  0.0005  0.0047  0.4270  0.0012  0.0010  0.0001  0.0000  0.0003  0.0000  0.0000  0.0000
 0.2015  0.0000  0.0474  0.0097  0.6336  0.0218  0.0008  0.0076  0.3701  0.0301  0.1442  0.0432  0.0145  0.0426  0.0224  0.0168  0.0316  0.8761  1.0000  0.0036  0.0000  0.0068  0.0000  0.0000  0.0000
 0.0061  0.0000  0.0012  0.0003  0.0009  0.0007  0.0001  0.0002  0.0137  0.0010  0.0045  0.0013  0.0005  0.0013  0.0007  0.0005  0.0014  1.0000  0.4452  0.0001  0.0000  0.0002  0.0000  0.0000  0.0000
 0.0147  0.0000  0.0109  0.0059  0.0079  0.3337  0.0096  0.1261  0.0641  0.0084  0.0188  0.0064  0.0089  0.0059  0.0085  0.1862  0.0460  0.0113  0.2611  0.0054  0.0000  1.0000  0.0000  0.0000  0.0000
 0.0097  0.0000  0.0004  0.0005  0.0072  0.0076  0.0008  0.0046  0.0115  0.0068  1.0000  0.0244  0.0007  0.0005  0.0236  0.0008  0.0010  0.0092  0.0061  0.0004  0.0000  0.0076  0.0000  0.0000  0.0000
 0.3538  0.0000  1.0000  0.0003  0.0005  0.0003  0.0020  0.0001  0.0016  0.0005  0.0013  0.0005  0.0003  0.0012  0.0004  0.0004  0.0020  0.0016  0.1762  0.0001  0.0000  0.0002  0.0000  0.0000  0.0000
 0.0658  0.0000  0.0050  0.0399  0.4381  0.0044  0.0247  0.0091  0.0644  0.2272  0.0403  0.0086  0.0328  0.0199  0.1186  0.0474  0.0648  1.0000  0.3695  0.0015  0.0000  0.0035  0.0000  0.0000  0.0000
 0.0278  0.0000  0.0093  0.2075  1.0000  0.0010  0.0318  0.3083  0.0033  0.0164  0.0053  0.0154  0.0403  0.0049  0.1400  0.0348  0.1509  0.0102  0.0050  0.0003  0.0000  0.0008  0.0000  0.0000  0.0000
 0.0125  0.0000  0.0014  0.0021  0.0158  0.0035  0.0080  0.0101  0.1806  1.0000  0.0832  0.0153  0.1316  0.0091  0.0268  0.3090  0.0135  0.0129  0.0239  0.0019  0.0000  0.0053  0.0000  0.0000  0.0000
 1.0000  0.0000  0.0074  0.1585  0.4217  0.0069  0.1131  0.0168  0.0260  0.2484  0.1046  0.0328  0.1297  0.1037  0.1286  0.1706  0.6099  0.1491  0.1565  0.0024  0.0000  0.0052  0.0000  0.0000  0.0000
 0.0015  0.0000  0.0003  0.0268  0.0004  0.0002  0.0004  0.0002  0.0054  0.0006  0.0004  0.0002  0.0310  0.0177  0.0005  0.0004  0.1829  1.0000  0.0007  0.0001  0.0000  0.0002  0.0000  0.0000  0.0000
 0.0280  0.0000  0.0029  0.0216  0.0279  0.0002  1.0000  0.0056  0.0007  0.0460  0.0011  0.0004  0.0299  0.0012  0.0693  0.0166  0.0367  0.0023  0.0010  0.0001  0.0000  0.0003  0.0000  0.0000  0.0000
 0.2179  0.0000  0.0476  0.2229  0.4165  0.0087  0.1543  0.1005  0.0924  1.0000  0.1449  0.0234  0.2397  0.0476  0.3958  0.3068  0.1364  0.1061  0.1473  0.0030  0.0000  0.0066  0.0000  0.0000  0.0000
 0.7439  0.0000  0.0527  0.6189  1.0000  0.0503  0.3742  0.1249  0.1848  0.9175  0.3088  0.1061  0.4885  0.2702  0.5857  0.5193  0.7222  0.5654  0.2814  0.0172  0.0000  0.0389  0.0000  0.0000  0.0000
 0.0020  0.0000  0.0005  0.0003  0.0006  0.7022  0.0005  0.0007  0.0089  0.0008  0.1584  0.0056  0.0006  0.0008  0.0010  0.0112  0.0007  0.0013  0.1594  0.0006  0.0000  1.0000  0.0000  0.0000  0.0000
 1.0000  0.0000  0.0000  0.0000  0.0000  0.0000  0.0000  0.0000  0.0000  0.0000  0.0000  0.0000  0.0000  0.0000  0.0000  0.0000  0.0000  0.0000  0.0000  0.0000  0.0000  0.0000  0.0000  0.0000  0.0000
 0.0020  0.0000  1.0000  0.0002  0.0004  0.0012  0.0002  0.0001  0.0933  0.0005  0.1133  0.0015  0.0003  0.0005  0.0003  0.0003  0.0004  0.0016  0.2658  0.0002  0.0000  0.0004  0.0000  0.0000  0.0000
 0.0006  0.0000  0.0001  0.0004  0.0005  0.0001  0.0010  0.0003  0.0002  1.0000  0.0004  0.0001  0.0004  0.0007  0.0006  0.0014  0.0005  0.0042  0.0002  0.0001  0.0000  0.0002  0.0000  0.0000  0.0000
 0.0455  0.0000  0.3186  0.0184  0.0117  0.0046  0.0135  0.0053  0.1361  0.0176  0.0128  0.0068  0.0335  0.0224  0.0138  0.0111  1.0000  0.3618  0.0229  0.0030  0.0000  0.0052  0.0000  0.0000  0.0000
 0.0003  0.0000  0.0001  0.0001  0.0001  0.0003  0.0001  0.0000  1.0000  0.0001  0.0013  0.0003  0.0001  0.0001  0.0000  0.0001  0.0001  0.0002  0.0237  0.0000  0.0000  0.0001  0.0000  0.0000  0.0000
 1.0000  0.0000  0.0539  0.2131  0.0578  0.0213  0.2192  0.0163  0.0400  0.0897  0.1965  0.0275  0.0849  0.5754  0.0502  0.0463  0.7825  0.4036  0.0976  0.0098  0.0000  0.0195  0.0000  0.0000  0.0000
 0.0041  0.0000  0.0001  0.0002  0.0007  0.0001  0.0005  0.0004  0.0002  1.0000  0.0005  0.0002  0.0006  0.0005  0.0011  0.0130  0.0054  0.0548  0.0003  0.0001  0.0000  0.0002  0.0000  0.0000  0.0000
 0.0008  0.0000  0.0001  0.0002  0.0166  0.0002  0.0006  0.0007  0.0003  0.4521  0.0008  0.0003  0.0008  0.0006  0.0019  1.0000  0.0175  0.0008  0.0004  0.0001  0.0000  0.0004  0.0000  0.0000  0.0000
 0.3573  0.0000  0.0016  0.0035  0.0078  0.0014  0.0076  0.0045  0.0030  1.0000  0.0058  0.0022  0.0199  0.0227  0.0118  0.0428  0.0820  0.0296  0.0048  0.0010  0.0000  0.0025  0.0000  0.0000  0.0000
 0.0007  0.0000  0.0002  0.0001  0.0002  0.0016  0.0002  0.0001  0.0029  0.0002  1.0000  0.0019  0.0002  0.0480  0.0003  0.0002  0.0002  0.0004  0.0072  0.0002  0.0000  0.0002  0.0000  0.0000  0.0000
 0.8046  0.0000  0.0777  0.6188  1.0000  0.1580  0.4084  0.1986  0.2913  0.9852  0.4147  0.1382  0.5116  0.2891  0.5986  0.5671  0.7552  0.6112  0.3777  0.0450  0.0000  0.1922  0.0000  0.0000  0.0000
 0.4927  0.0000  0.3435  0.1854  0.2103  0.2451  1.0000  0.1966  0.0738  0.2173  0.1203  0.0416  0.5412  0.0744  0.1800  0.1419  0.7709  0.8943  0.1026  0.0227  0.0000  0.1131  0.0000  0.0000  0.0000
 0.0295  0.0000  0.0013  0.4398  0.0738  0.0012  0.0241  0.0070  0.0097  1.0000  0.0228  0.0025  0.0118  0.0317  0.1271  0.3033  0.0269  0.0136  0.0068  0.0004  0.0000  0.0009  0.0000  0.0000  0.0000
 0.0157  0.0000  0.0001  0.2761  1.0000  0.0003  0.0015  0.0009  0.0130  0.1309  0.0010  0.0004  0.0017  0.0022  0.0123  0.0943  0.0021  0.0019  0.0373  0.0002  0.0000  0.0005  0.0000  0.0000  0.0000
 0.0298  0.0000  0.0004  1.0000  0.3230  0.0004  0.0511  0.0017  0.0002  0.0026  0.0005  0.0002  0.0287  0.0016  0.0021  0.0012  0.2367  0.0317  0.0004  0.0002  0.0000  0.0008  0.0000  0.0000  0.0000
 0.0074  0.0000  0.0008  1.0000  0.0018  0.0004  0.0383  0.0009  0.0004  0.0017  0.0008  0.0004  0.0050  0.0022  0.0012  0.0010  0.3716  0.0022  0.0246  0.0002  0.0000  0.0006  0.0000  0.0000  0.0000
 0.0054  0.0000  0.0002  0.0001  0.0002  0.0010  0.0002  0.0000  0.3114  0.0003  0.2394  0.1204  0.0002  0.0002  0.0001  0.0002  0.0003  0.0007  1.0000  0.0001  0.0000  0.0003  0.0000  0.0000  0.0000
 0.0081  0.0000  0.0008  0.0015  0.6119  0.0017  0.0057  0.0072  0.0034  0.3209  0.0355  0.0027  0.0078  0.0063  0.0348  1.0000  0.0066  0.0086  0.0046  0.1380  0.0000  0.0257  0.0000  0.0000  0.0000
 0.0023  0.0000  0.0003  0.0017  0.0031  0.0005  0.0024  0.0020  0.0009  0.0237  0.0021  0.0007  0.4260  0.0018  0.0049  1.0000  0.0024  0.0024  0.0012  0.0003  0.0000  0.0010  0.0000  0.0000  0.0000
 0.0000  0.0000  0.0000  0.0000  1.0000  0.0000  0.0000  0.0000  0.0000  0.0000  0.0000  0.0000  0.0000  0.0000  0.0000  0.0000  0.0000  0.0000  0.0000  0.0000  0.0000  0.0000  0.0000  0.0000  0.0000
 0.0002  0.0000  0.0001  0.0001  0.0001  0.0004  0.0001  0.0000  1.0000  0.0001  0.0440  0.0004  0.0001  0.0000  0.0000  0.0001  0.0001  0.0003  0.2645  0.0000  0.0000  0.0002  0.0000  0.0000  0.0000
 0.3453  0.0000  0.0011  0.0024  0.0149  0.0023  0.0076  0.0617  0.0046  0.0829  0.0287  0.0035  0.0195  0.0082  1.0000  0.1926  0.0132  0.0434  0.0061  0.0016  0.0000  0.0048  0.0000  0.0000  0.0000
 0.0003  0.0000  0.0001  0.0001  0.0001  0.0004  0.0002  0.0000  1.0000  0.0001  0.0023  0.0004  0.0001  0.0001  0.0000  0.0001  0.0001  0.0004  0.4270  0.0001  0.0000  0.0002  0.0000  0.0000  0.0000
 0.0006  0.0000  0.0002  0.0001  0.0001  0.0016  0.0001  0.0001  0.0029  0.0002  0.5182  1.0000  0.0001  0.0002  0.0003  0.0002  0.0002  0.0003  0.0016  0.0002  0.0000  0.0002  0.0000  0.0000  0.0000
 0.0047  0.0000  0.0004  0.0008  0.0209  0.0010  0.0033  1.0000  0.0020  0.2167  0.0048  0.0016  0.0046  0.0037  0.2951  0.3424  0.0038  0.0050  0.0027  0.0007  0.0000  0.0516  0.0000  0.0000  0.0000
 0.0028  0.0000  0.0004  0.0066  0.0040  0.0006  0.0037  1.0000  0.0010  0.3013  0.0024  0.0008  0.0106  0.0022  0.0059  0.1595  0.0034  0.0030  0.0014  0.0004  0.0000  0.0280  0.0000  0.0000  0.0000
 0.0006  0.0000  0.0001  0.0001  0.0001  0.0225  0.0001  0.0001  0.2610  0.0002  1.0000  0.0061  0.0001  0.0002  0.0003  0.0002  0.0002  0.0003  0.0015  0.0002  0.0000  0.0002  0.0000  0.0000  0.0000
 0.4151  0.0000  0.0016  0.0053  0.0424  0.0012  0.0255  0.0028  0.0027  0.4740  0.0044  0.0018  0.0075  0.0056  0.0081  0.0274  1.0000  0.4601  0.0046  0.0007  0.0000  0.0064  0.0000  0.0000  0.0000
 0.0408  0.0000  0.0162  0.0921  0.0324  0.0111  0.5246  1.0000  0.0087  0.0313  0.0159  0.0046  0.0988  0.0327  0.0222  0.0243  0.0553  0.0270  0.0134  0.0083  0.0000  0.0404  0.0000  0.0000  0.0000
 0.0717  0.0000  0.0008  0.0080  0.2575  0.0009  0.0132  0.0028  0.0027  0.1755  0.0049  0.0017  0.0070  1.0000  0.0800  0.1480  0.0218  0.0387  0.0041  0.0005  0.0000  0.0012  0.0000  0.0000  0.0000
 0.0004  0.0000  0.0001  0.0056  0.0006  0.0001  0.0153  0.0234  0.0000  0.0006  0.0001  0.0000  1.0000  0.0004  0.0004  0.0003  0.0163  0.0005  0.0001  0.0000  0.0000  0.0002  0.0000  0.0000  0.0000
 0.0005  0.0000  0.0001  0.0001  0.0001  0.0004  0.0001  0.0000  1.0000  0.0002  0.0023  0.0004  0.0001  0.0001  0.0001  0.0001  0.0002  0.0087  0.4188  0.0001  0.0000  0.0002  0.0000  0.0000  0.0000
 0.0238  0.0000  0.0002  0.0001  0.0002  0.0002  0.0001  0.0000  0.1092  0.0002  0.0014  0.0003  0.0001  0.0002  0.0001  0.0001  0.0002  0.0009  1.0000  0.0000  0.0000  0.0001  0.0000  0.0000  0.0000
 0.5678  0.0000  0.0104  0.1957  1.0000  0.0097  0.0915  0.0236  0.0364  0.1987  0.0588  0.0521  0.0964  0.0534  0.4074  0.2959  0.5429  0.4259  0.0701  0.0033  0.0000  0.0074  0.0000  0.0000  0.0000
 0.0021  0.0000  0.0005  0.0003  0.0005  0.2913  0.0004  0.0004  0.7961  0.0007  1.0000  0.0069  0.0005  0.0009  0.0011  0.0007  0.0006  0.0012  0.0059  0.0008  0.0000  0.0011  0.0000  0.0000  0.0000
 0.0371  0.0000  0.0485  0.0935  0.4441  0.0559  0.0231  0.0414  0.0313  1.0000  0.1801  0.0142  0.0295  0.0147  0.0388  0.3564  0.0388  0.0285  0.1086  0.0113  0.0000  0.1127  0.0000  0.0000  0.0000
 0.0055  0.0000  0.0008  0.4124  0.1716  0.0007  1.0000  0.0033  0.0005  0.0056  0.0011  0.0004  0.0167  0.0035  0.0049  0.0025  0.0388  0.0038  0.0010  0.0004  0.0000  0.0017  0.0000  0.0000  0.0000
 1.0000  0.0000  0.0091  0.0028  0.0070  0.0047  0.0023  0.0018  0.4019  0.0071  0.0301  0.0093  0.0043  0.0104  0.0053  0.0041  0.0274  0.2909  0.2140  0.0009  0.0000  0.0016  0.0000  0.0000  0.0000
 0.0002  0.0000  0.0001  0.0000  0.0000  0.1194  0.0000  0.0000  0.0004  0.0000  0.0010  0.0002  0.0000  0.0001  0.0000  0.0000  0.0001  0.0001  0.0004  0.0009  0.0000  1.0000  0.0000  0.0000  0.0000
 0.0006  0.0000  0.0000  0.0086  1.0000  0.0001  0.0004  0.0002  0.0001  0.0006  0.0002  0.0001  0.0003  0.0004  0.0008  0.0002  0.0003  0.0003  0.0002  0.0000  0.0000  0.0001  0.0000  0.0000  0.0000
 0.0015  0.0000  0.0003  1.0000  0.0012  0.0003  0.0030  0.0007  0.0002  0.0011  0.0004  0.0001  0.0035  0.0011  0.0008  0.0007  0.2682  0.0011  0.0004  0.0002  0.0000  0.0004  0.0000  0.0000  0.0000
 0.6341  0.0000  0.0179  0.2100  0.3773  0.0167  0.2424  0.0407  0.0729  1.0000  0.1011  0.0355  0.1976  0.4893  0.3492  0.6137  0.4263  0.3689  0.1307  0.0057  0.0000  0.0127  0.0000  0.0000  0.0000
 1.0000  0.0000  0.1890  0.6483  0.9757  0.6347  0.5918  0.6201  0.4736  0.9417  0.8276  0.2784  0.6450  0.3751  0.7368  0.6823  0.9726  0.7937  0.7070  0.1691  0.0000  0.8779  0.0000  0.0000  0.0000
 0.6612  0.0000  0.1722  0.2043  0.2477  0.6981  0.3044  0.7634  0.3503  0.3629  0.5775  0.1963  0.3570  0.1850  0.2643  0.3113  0.6904  0.3736  0.4470  0.1645  0.0000  1.0000  0.0000  0.0000  0.0000
 0.0005  0.0000  0.0002  0.0001  0.0001  0.0165  0.0002  0.0000  0.0408  0.0002  0.2222  0.0010  0.0001  0.0001  0.0001  0.0002  0.0002  0.0005  1.0000  0.0002  0.0000  0.0611  0.0000  0.0000  0.0000
 0.0009  0.0000  0.0002  0.0045  0.0014  0.0002  0.0032  1.0000  0.0001  0.0016  0.0002  0.0001  0.1285  0.0008  0.0163  0.0009  0.0025  0.0010  0.0002  0.0001  0.0000  0.5267  0.0000  0.0000  0.0000
 0.0005  0.0000  0.0002  0.0001  0.0001  0.0011  0.0002  0.0001  0.2070  0.0002  1.0000  0.0012  0.0001  0.0002  0.0002  0.0002  0.0002  0.0005  0.1770  0.0001  0.0000  0.0003  0.0000  0.0000  0.0000
 0.0236  0.0000  0.0002  0.0001  0.0002  0.0003  0.0001  0.0000  0.1664  0.0002  0.0016  0.0004  0.0001  0.0002  0.0001  0.0001  0.0002  0.0008  1.0000  0.0000  0.0000  0.0001  0.0000  0.0000  0.0000
 0.0000  0.0000  0.0000  0.0000  0.0000  0.0000  0.0000  0.0000  0.0000  0.0000  0.0000  1.0000  0.0000  0.0000  0.0000  0.0000  0.0000  0.0000  0.0000  0.0000  0.0000  0.0000  0.0000  0.0000  0.0000
 0.0009  0.0000  0.0000  0.0126  1.0000  0.0001  0.0003  0.0002  0.0001  0.0010  0.0002  0.0001  0.0004  0.0006  0.2431  0.0003  0.0005  0.0004  0.0002  0.0000  0.0000  0.0001  0.0000  0.0000  0.0000
 0.0004  0.0000  0.0062  0.0000  0.0001  0.0308  0.0001  0.0001  0.0143  0.0001  1.0000  0.0012  0.0001  0.0002  0.0002  0.0001  0.0001  0.0002  0.0204  0.0001  0.0000  0.0001  0.0000  0.0000  0.0000
 0.0025  0.0000  1.0000  0.0010  0.0007  0.0009  0.0027  0.0006  0.0017  0.0003  0.0016  0.0005  0.0007  0.0011  0.0005  0.0008  0.0009  0.0015  0.4261  0.0006  0.0000  0.0009  0.0000  0.0000  0.0000
 1.0000  0.0000  0.0012  0.0080  0.2502  0.0008  0.0542  0.0016  0.0025  0.0160  0.0037  0.0014  0.0132  0.0044  0.0270  0.0058  0.5833  0.2439  0.0113  0.0004  0.0000  0.0007  0.0000  0.0000  0.0000
 0.0000  0.0000  0.0000  0.0000  0.0000  0.0000  1.0000  0.0000  0.0000  0.0000  0.0000  0.0000  0.0000  0.0000  0.0000  0.0000  0.0000  0.0000  0.0000  0.0000  0.0000  0.0000  0.0000  0.0000  0.0000
 0.0021  0.0000  0.0002  0.0004  0.0003  0.0001  1.0000  0.0001  0.0001  0.0004  0.0003  0.0001  0.0004  0.0008  0.0002  0.0003  0.0086  0.0004  0.0004  0.0001  0.0000  0.0001  0.0000  0.0000  0.0000
 0.0000  0.0000  0.0000  0.0000  1.0000  0.0000  0.0000  0.0000  0.0000  0.0000  0.0000  0.0000  0.0000  0.0000  0.0000  0.0000  0.0000  0.0000  0.0000  0.0000  0.0000  0.0000  0.0000  0.0000  0.0000
 0.0000  0.0000  0.0000  0.0000  0.0000  0.0000  0.0000  0.0000  0.0000  0.0000  1.0000  0.0000  0.0000  0.0000  0.0000  0.0000  0.0000  0.0000  0.0000  0.0000  0.0000  0.0000  0.0000  0.0000  0.0000
 0.0000  0.0000  0.0000  0.0000  0.0000  1.0000  0.0000  0.0000  0.0000  0.0000  0.0000  0.0000  0.0000  0.0000  0.0000  0.0000  0.0000  0.0000  0.0000  0.0000  0.0000  0.0000  0.0000  0.0000  0.0000
 0.0000  0.0000  0.0000  1.0000  0.0000  0.0000  0.0000  0.0000  0.0000  0.0000  0.0000  0.0000  0.0000  0.0000  0.0000  0.0000  0.0000  0.0000  0.0000  0.0000  0.0000  0.0000  0.0000  0.0000  0.0000
 0.0004  0.0000  0.0000  0.0002  0.0005  0.0001  0.0006  0.0003  0.0002  0.0117  0.0004  0.0001  0.0003  0.0005  0.0008  1.0000  0.0003  0.0004  0.0002  0.0001  0.0000  0.0002  0.0000  0.0000  0.0000
 0.0000  0.0000  0.0000  0.0000  0.0000  0.0000  0.0000  0.0000  1.0000  0.0000  0.0000  0.0000  0.0000  0.0000  0.0000  0.0000  0.0000  0.0000  0.0000  0.0000  0.0000  0.0000  0.0000  0.0000  0.0000
 0.0184  0.0000  0.0010  0.0003  0.0007  0.0008  0.0001  0.0002  1.0000  0.0008  0.1233  0.0013  0.0004  0.0010  0.0306  0.0004  0.0007  0.0744  0.6891  0.0001  0.0000  0.0003  0.0000  0.0000  0.0000
 0.8971  0.0000  0.0189  0.2174  1.0000  0.0212  0.1376  0.0753  0.0687  0.5499  0.1191  0.0414  0.1869  0.1081  0.6736  0.3466  0.3159  0.2137  0.1030  0.0095  0.0000  0.0239  0.0000  0.0000  0.0000
 0.0010  0.0000  0.0001  0.0002  0.0014  0.0002  0.0007  0.0058  0.0004  1.0000  0.0010  0.0003  0.0010  0.0008  0.0634  0.7178  0.0008  0.0011  0.0006  0.0002  0.0000  0.0005  0.0000  0.0000  0.0000
 0.0000  0.0000  0.0000  0.0000  0.0000  0.0000  1.0000  0.0000  0.0000  0.0000  0.0000  0.0000  0.0000  0.0000  0.0000  0.0000  0.0000  0.0000  0.0000  0.0000  0.0000  0.0000  0.0000  0.0000  0.0000
 0.0297  0.0000  0.0157  0.0120  0.0160  0.2612  0.0193  1.0000  0.0231  0.0212  0.0554  0.0129  0.0292  0.0120  0.0667  0.0204  0.1888  0.0289  0.1194  0.0109  0.0000  0.0971  0.0000  0.0000  0.0000
 0.0002  0.0000  0.0001  0.0000  0.0000  0.0268  0.0000  0.0000  0.0003  0.0000  0.0008  0.0002  0.0000  0.0001  0.0000  0.0000  0.0001  0.0001  0.0003  0.0008  0.0000  1.0000  0.0000  0.0000  0.0000
 0.0022  0.0000  0.0004  0.0009  0.0006  0.0002  0.0007  0.0003  0.0006  0.0009  0.0006  0.0003  0.0016  0.0011  0.0007  0.0005  0.9509  1.0000  0.0010  0.0001  0.0000  0.0003  0.0000  0.0000  0.0000
 0.0000  0.0000  0.0000  0.0000  1.0000  0.0000  0.0000  0.0000  0.0000  0.0000  0.0000  0.0000  0.0000  0.0000  0.0000  0.0000  0.0000  0.0000  0.0000  0.0000  0.0000  0.0000  0.0000  0.0000  0.0000
 0.0552  0.0000  0.0075  0.0002  0.0019  0.0003  0.0010  0.0185  0.0006  0.5429  0.0014  0.0005  0.0013  0.0011  0.0538  1.0000  0.0145  0.0015  0.0008  0.0002  0.0000  0.0006  0.0000  0.0000  0.0000
 0.5611  0.0000  0.0280  0.6726  1.0000  0.0330  0.2392  0.0864  0.1005  0.6189  0.1656  0.0592  0.3073  0.1893  0.4271  0.2884  0.4089  0.3195  0.1574  0.0127  0.0000  0.0325  0.0000  0.0000  0.0000
 1.0000  0.0000  0.0000  0.0000  0.0000  0.0000  0.0000  0.0000  0.0000  0.0000  0.0000  0.0000  0.0000  0.0000  0.0000  0.0000  0.0000  0.0000  0.0000  0.0000  0.0000  0.0000  0.0000  0.0000  0.0000
 1.0000  0.0000  0.0006  0.0004  0.0005  0.0002  0.0099  0.0001  0.0003  0.0006  0.0005  0.0003  0.0004  0.0014  0.0004  0.0004  0.4651  0.0118  0.0163  0.0001  0.0000  0.0002  0.0000  0.0000  0.0000
 0.6401  0.0000  0.0283  0.4981  1.0000  0.0265  0.2752  0.1704  0.1056  0.6682  0.2918  0.0560  0.3177  0.1452  0.5315  0.3685  0.5859  0.6017  0.1986  0.0091  0.0000  0.0339  0.0000  0.0000  0.0000
 0.0006  0.0000  0.0002  0.0001  0.0002  0.0048  0.0001  0.0001  0.1582  0.0002  1.0000  0.0354  0.0001  0.0002  0.0003  0.0002  0.0002  0.0004  0.1408  0.0002  0.0000  0.0002  0.0000  0.0000  0.0000
 0.2083  0.0000  0.5651  0.0023  0.0070  0.0220  0.0006  0.0020  1.0000  0.0071  0.1968  0.0235  0.0035  0.0099  0.0057  0.0043  0.0069  0.3393  0.1282  0.0014  0.0000  0.0022  0.0000  0.0000  0.0000
 0.0011  0.0000  0.0001  0.0002  0.0016  0.0369  0.0107  0.0163  0.0005  0.2112  0.0012  0.0004  0.0011  0.0009  0.0798  1.0000  0.0009  0.0012  0.0007  0.0002  0.0000  0.0005  0.0000  0.0000  0.0000
 0.7608  0.0000  0.0522  0.6306  1.0000  0.0501  0.3825  0.1183  0.2808  0.8932  0.3016  0.1024  0.4834  0.2649  0.9274  0.5044  0.7467  0.7920  0.3675  0.0172  0.0000  0.0396  0.0000  0.0000  0.0000
 0.0003  0.0000  0.0001  0.0001  0.0001  0.0005  0.0002  0.0000  1.0000  0.0001  0.0025  0.0470  0.0001  0.0001  0.0000  0.0001  0.0001  0.0004  0.3749  0.0001  0.0000  0.0002  0.0000  0.0000  0.0000
 0.0062  0.0000  0.0003  0.0001  0.0003  0.0010  0.0002  0.0001  0.0602  0.0003  0.5428  0.0012  0.0002  0.0003  0.0002  0.0002  0.0003  0.0012  1.0000  0.0001  0.0000  0.0003  0.0000  0.0000  0.0000
 0.1728  0.0000  0.0059  0.5489  0.4545  0.0055  1.0000  0.0135  0.0208  0.1621  0.0574  0.0455  0.5254  0.0306  0.1902  0.0756  0.3411  0.2759  0.0318  0.0019  0.0000  0.0042  0.0000  0.0000  0.0000
 0.4784  0.0000  0.0015  0.0004  0.0011  0.0013  0.0002  0.0003  0.1326  0.0012  0.0153  0.0020  0.0006  0.0015  0.0008  0.0007  0.0011  0.0052  1.0000  0.0002  0.0000  0.0005  0.0000  0.0000  0.0000
 0.0002  0.0000  0.0001  0.0000  0.0001  0.0003  0.0035  0.0000  0.0556  0.0001  0.0248  0.0003  0.0001  0.0000  0.0000  0.0001  0.0001  0.0002  1.0000  0.0000  0.0000  0.0001  0.0000  0.0000  0.0000
 0.1506  0.0000  0.0047  0.2768  1.0000  0.0063  0.0341  0.6845  0.0160  0.4122  0.0261  0.0092  0.2927  0.0263  0.2440  0.0429  0.1090  0.0479  0.0469  0.0021  0.0000  0.1185  0.0000  0.0000  0.0000
 0.5867  0.0000  0.1430  0.1728  0.2271  0.5625  0.2830  0.4342  0.3777  0.2415  0.5223  0.1879  0.2663  0.1684  0.2407  0.3035  0.3793  0.4212  0.4511  0.1481  0.0000  1.0000  0.0000  0.0000  0.0000
 0.0026  0.0000  1.0000  0.0003  0.0007  0.0068  0.0006  0.0005  0.0125  0.0009  0.3416  0.1281  0.0006  0.0011  0.0013  0.0009  0.0008  0.0015  0.0069  0.0008  0.0000  0.0009  0.0000  0.0000  0.0000
 0.0004  0.0000  0.0003  0.0010  0.0005  0.0003  0.0015  1.0000  0.0002  0.0004  0.0004  0.0001  0.0053  0.0007  0.0003  0.0005  0.0005  0.0004  0.0003  0.0002  0.0000  0.0003  0.0000  0.0000  0.0000
 0.1674  0.0000  0.0169  0.2194  0.4085  0.2789  0.0774  0.0263  0.0389  0.2102  0.0787  0.0220  0.1275  0.0558  0.1188  0.1901  1.0000  0.1592  0.0589  0.0041  0.0000  0.0112  0.0000  0.0000  0.0000
 0.0096  0.0000  0.0010  0.0054  0.0480  0.0030  0.0068  0.0281  0.0055  0.0725  1.0000  0.8181  0.1315  0.0072  0.1697  0.0471  0.0077  0.0094  0.0059  0.0015  0.0000  0.0041  0.0000  0.0000  0.0000
 0.0007  0.0000  0.0002  0.0011  0.0004  0.0002  1.0000  0.0003  0.0002  0.0005  0.0003  0.0001  0.0088  0.0007  0.0003  0.0004  0.0007  0.0004  0.0002  0.0002  0.0000  0.0002  0.0000  0.0000  0.0000
 0.0003  0.0000  0.0001  0.0001  0.0001  0.0004  0.0001  0.0000  0.2758  0.0001  0.0019  0.0003  0.0001  0.0001  0.0000  0.0001  0.0001  0.0003  1.0000  0.0000  0.0000  0.0002  0.0000  0.0000  0.0000
 0.0016  0.0000  0.0005  0.0003  0.0005  0.1117  0.0006  0.0002  0.2605  0.0007  0.0690  1.0000  0.0005  0.0005  0.0006  0.0006  0.0006  0.0015  0.6694  0.0004  0.0000  0.0009  0.0000  0.0000  0.0000
 0.0000  0.0000  0.0000  0.0000  0.0000  0.0000  0.0000  1.0000  0.0000  0.0000  0.0000  0.0000  0.0000  0.0000  0.0000  0.0000  0.0000  0.0000  0.0000  0.0000  0.0000  0.0000  0.0000  0.0000  0.0000
 0.0000  0.0000  0.0000  0.0000  0.0000  0.0000  0.0000  0.0000  0.0000  0.0000  0.0000  0.0000  0.0000  0.0000  0.0000  1.0000  0.0000  0.0000  0.0000  0.0000  0.0000  0.0000  0.0000  0.0000  0.0000
 0.0000  0.0000  0.0000  1.0000  0.0000  0.0000  0.0000  0.0000  0.0000  0.0000  0.0000  0.0000  0.0000  0.0000  0.0000  0.0000  0.0000  0.0000  0.0000  0.0000  0.0000  0.0000  0.0000  0.0000  0.0000
 0.0003  0.0000  0.0001  0.0000  0.0001  0.0007  0.0001  0.0001  0.0076  0.0001  1.0000  0.0009  0.0001  0.0001  0.0001  0.0001  0.0001  0.0002  0.0008  0.0001  0.0000  0.0001  0.0000  0.0000  0.0000
 0.0004  0.0000  0.0000  0.0004  0.0037  0.0001  0.0010  0.0003  0.0002  1.0000  0.0004  0.0001  0.0004  0.0008  0.0006  0.0013  0.0004  0.0004  0.0002  0.0001  0.0000  0.0002  0.0000  0.0000  0.0000
 0.0000  0.0000  0.0000  0.0000  0.0000  0.0000  0.0000  0.0000  0.0000  0.0000  0.0000  0.0000  0.0000  1.0000  0.0000  0.0000  0.0000  0.0000  0.0000  0.0000  0.0000  0.0000  0.0000  0.0000  0.0000
 0.0000  0.0000  0.0000  0.0000  1.0000  0.0000  0.0000  0.0000  0.0000  0.0000  0.0000  0.0000  0.0000  0.0000  0.0000  0.0000  0.0000  0.0000  0.0000  0.0000  0.0000  0.0000  0.0000  0.0000  0.0000
 0.0000  0.0000  0.0000  0.0000  0.0000  0.0000  0.0000  0.0000  0.0000  0.0000  0.0000  0.0000  1.0000  0.0000  0.0000  0.0000  0.0000  0.0000  0.0000  0.0000  0.0000  0.0000  0.0000  0.0000  0.0000
 0.0010  0.0000  0.0003  0.0001  0.0003  1.0000  0.0002  0.0002  0.0044  0.0003  0.4242  0.0029  0.0002  0.0108  0.0004  0.0003  0.0003  0.0006  0.0025  0.0009  0.0000  0.0028  0.0000  0.0000  0.0000
 0.0000  0.0000  0.0000  0.0000  0.0000  0.0000  0.0000  0.0000  0.0000  0.0000  1.0000  0.0000  0.0000  0.0000  0.0000  0.0000  0.0000  0.0000  0.0000  0.0000  0.0000  0.0000  0.0000  0.0000  0.0000
 0.0058  0.0000  0.0026  0.0008  0.0015  0.8421  0.0010  0.0003  0.0167  0.0005  1.0000  0.0280  0.0004  0.0023  0.0008  0.0005  0.0034  0.0036  0.0127  0.0218  0.0000  0.7631  0.0000  0.0000  0.0000
 0.5349  0.0000  0.1692  0.2065  0.2606  0.6841  0.3150  0.5194  0.3787  0.2775  0.6651  0.2110  0.2935  0.1951  0.2819  0.3322  0.4118  0.3756  0.5178  0.1779  0.0000  1.0000  0.0000  0.0000  0.0000
 0.0030  0.0000  0.0007  0.1396  0.0042  0.0006  0.0299  0.0112  0.0003  0.0167  0.0007  0.0003  0.4763  0.0024  0.0027  0.0021  1.0000  0.2581  0.0006  0.0003  0.0000  0.0016  0.0000  0.0000  0.0000
 0.3167  0.0000  0.0244  0.1773  0.3356  0.0144  0.1200  0.0604  0.0798  1.0000  0.1403  0.0734  0.1958  0.5146  0.3961  0.1858  0.2372  0.2802  0.1015  0.0049  0.0000  0.0111  0.0000  0.0000  0.0000
 0.2194  0.0000  0.0026  1.0000  0.3841  0.0368  0.0620  0.1037  0.0093  0.1844  0.0149  0.0052  0.0361  0.0178  0.0796  0.0632  0.1543  0.0432  0.0495  0.0008  0.0000  0.0019  0.0000  0.0000  0.0000
 0.0013  0.0000  0.0000  0.2851  1.0000  0.0001  0.0005  0.0003  0.0002  0.0126  0.0003  0.0001  0.0044  0.0066  0.0057  0.0004  0.0007  0.0006  0.0003  0.0001  0.0000  0.0002  0.0000  0.0000  0.0000
 0.0019  0.0000  0.0005  1.0000  0.2331  0.0004  0.0939  0.0205  0.0002  0.0258  0.0004  0.0002  0.4030  0.0016  0.0019  0.0014  0.0368  0.0020  0.0003  0.0002  0.0000  0.0010  0.0000  0.0000  0.0000
 0.8052  0.0000  0.0036  0.0023  0.0032  0.1081  0.0146  0.0012  0.0204  0.0038  0.1497  0.0239  0.0026  0.0079  0.0037  0.0031  1.0000  0.0075  0.0155  0.0019  0.0000  0.0036  0.0000  0.0000  0.0000
 0.8925  0.0000  0.1207  0.1948  0.3424  0.0817  0.2140  0.0837  0.4679  0.8837  0.5013  0.2096  0.2180  0.5697  0.2819  0.3396  0.6647  0.7289  1.0000  0.0241  0.0000  0.0611  0.0000  0.0000  0.0000
 0.0008  0.0000  0.0002  0.0001  0.0002  0.0021  0.0002  0.0001  0.4937  0.0003  1.0000  0.0223  0.0002  0.0003  0.0004  0.0003  0.0002  0.0005  0.0175  0.0002  0.0000  0.0003  0.0000  0.0000  0.0000
 0.0130  0.0000  0.0012  0.0023  0.0180  0.0027  0.0092  0.0116  0.0055  1.0000  0.0132  0.4006  0.0125  0.0102  0.0520  0.0830  0.0106  0.0139  0.0073  0.0020  0.0000  0.0058  0.0000  0.0000  0.0000
 1.0000  0.0000  0.0185  0.0091  0.0152  0.0093  0.0145  0.0042  0.5920  0.0166  0.0546  0.0176  0.0141  0.0254  0.0125  0.0099  0.0711  0.3511  0.1810  0.0022  0.0000  0.0040  0.0000  0.0000  0.0000
 0.0103  0.0000  0.0022  0.0044  0.0028  0.0011  0.0029  0.0013  0.4374  0.0042  0.0030  0.0016  0.0081  0.0053  0.0033  0.0027  0.4739  1.0000  0.0052  0.0007  0.0000  0.0012  0.0000  0.0000  0.0000
 0.0000  0.0000  0.0000  1.0000  0.0000  0.0000  0.0000  0.0000  0.0000  0.0000  0.0000  0.0000  0.0000  0.0000  0.0000  0.0000  0.0000  0.0000  0.0000  0.0000  0.0000  0.0000  0.0000  0.0000  0.0000
 0.0000  0.0000  0.0000  0.0000  0.0000  1.0000  0.0000  0.0000  0.0000  0.0000  0.0000  0.0000  0.0000  0.0000  0.0000  0.0000  0.0000  0.0000  0.0000  0.0000  0.0000  0.0000  0.0000  0.0000  0.0000
 0.0000  0.0000  0.0000  0.0000  0.0000  0.0000  1.0000  0.0000  0.0000  0.0000  0.0000  0.0000  0.0000  0.0000  0.0000  0.0000  0.0000  0.0000  0.0000  0.0000  0.0000  0.0000  0.0000  0.0000  0.0000
 0.0003  0.0000  0.0001  0.0000  0.0001  0.0008  0.0001  0.0001  0.0014  0.0001  1.0000  0.0009  0.0001  0.0001  0.0001  0.0001  0.0001  0.0002  0.0103  0.0001  0.0000  0.0001  0.0000  0.0000  0.0000
 0.0057  0.0000  0.0003  0.0002  0.0002  0.0001  0.0014  0.0001  0.0001  0.0003  0.0003  0.0001  0.0002  0.0007  0.0002  0.0002  1.0000  0.0006  0.0004  0.0000  0.0000  0.0001  0.0000  0.0000  0.0000
 0.0837  0.0000  0.0136  0.0032  0.0101  0.0075  0.0002  0.0025  0.1524  0.4478  0.0492  0.0839  0.0047  0.0142  0.0075  0.0057  0.0098  0.0764  1.0000  0.0012  0.0000  0.0023  0.0000  0.0000  0.0000
 0.0015  0.0000  0.0004  0.0002  0.0004  1.0000  0.0003  0.0002  0.0667  0.0004  0.0176  0.3216  0.0003  0.0006  0.0006  0.0004  0.0005  0.0366  0.0039  0.0012  0.0000  0.0037  0.0000  0.0000  0.0000
 0.0443  0.0000  0.0252  0.0078  0.1715  1.0000  0.0095  0.0062  0.2014  0.0050  0.2749  0.0567  0.0044  0.0171  0.0059  0.0054  0.0283  0.0284  0.0929  0.1642  0.0000  0.7171  0.0000  0.0000  0.0000
 0.0226  0.0000  0.0008  0.3139  0.4381  0.0024  0.2414  0.0076  0.0039  1.0000  0.0078  0.0029  0.0144  0.0137  0.1877  0.1208  0.0145  0.0228  0.0065  0.0013  0.0000  0.0037  0.0000  0.0000  0.0000
 0.0819  0.0000  0.0012  0.0310  0.4165  0.0012  0.0087  0.0406  0.0043  0.1300  0.0240  0.0024  0.1195  1.0000  0.0503  0.0120  0.3085  0.0303  0.0065  0.0004  0.0000  0.0009  0.0000  0.0000  0.0000
 0.0005  0.0000  0.0001  0.0204  0.0007  0.0001  1.0000  0.0005  0.0000  0.0006  0.0001  0.0000  0.0347  0.0004  0.0004  0.0047  0.0051  0.0005  0.0001  0.0000  0.0000  0.0002  0.0000  0.0000  0.0000
 0.0179  0.0000  0.0010  0.6411  1.0000  0.0013  0.0496  0.0034  0.0039  0.5293  0.0065  0.0023  0.0109  0.0076  0.5414  0.0627  0.2118  0.0122  0.0292  0.0005  0.0000  0.0013  0.0000  0.0000  0.0000
 0.0478  0.0000  0.0047  0.0055  0.0271  0.0519  0.0088  0.0265  0.4180  0.1161  0.0233  0.1199  0.0205  0.0055  0.0343  0.0310  0.0367  0.1811  1.0000  0.0049  0.0000  0.0738  0.0000  0.0000  0.0000
 0.0014  0.0000  0.0007  0.0002  0.0003  1.0000  0.0002  0.0000  0.0035  0.0001  0.1332  0.5439  0.0000  0.0005  0.0001  0.0001  0.0009  0.0009  0.0029  0.0059  0.0000  0.3858  0.0000  0.0000  0.0000
 0.4861  0.0000  0.0445  0.1115  0.2339  0.0180  0.0709  0.1238  0.0380  0.6850  0.0692  0.0215  0.1409  0.0510  0.1519  0.6882  1.0000  0.7946  0.0565  0.0055  0.0000  0.0888  0.0000  0.0000  0.0000
 0.0044  0.0000  0.0007  1.0000  0.0805  0.0006  0.0083  0.0027  0.0007  0.0047  0.0010  0.0004  0.0235  0.0030  0.0040  0.0021  0.0168  0.4619  0.0011  0.0003  0.0000  0.0014  0.0000  0.0000  0.0000
 0.8392  0.0000  0.0027  0.0009  0.0021  0.0047  0.0010  0.0005  0.7627  0.0114  0.3056  0.0207  0.0013  0.0026  0.0015  0.0016  0.0023  0.0094  1.0000  0.0006  0.0000  0.0017  0.0000  0.0000  0.0000
 0.0087  0.0000  0.4224  0.0029  0.0022  0.0026  0.0070  0.0016  0.0066  0.0011  0.0057  0.0018  0.0019  0.0032  0.0017  0.0022  0.0026  0.0054  1.0000  0.0015  0.0000  0.0025  0.0000  0.0000  0.0000
 0.0000  0.0000  0.0000  0.0000  0.0000  0.0000  1.0000  0.0000  0.0000  0.0000  0.0000  0.0000  0.0000  0.0000  0.0000  0.0000  0.0000  0.0000  0.0000  0.0000  0.0000  0.0000  0.0000  0.0000  0.0000
 0.0013  0.0000  0.0003  0.0006  0.0004  0.0001  0.0004  0.0002  0.0004  0.0005  0.0004  0.0002  0.0010  0.0007  0.0004  0.0046  1.0000  0.4294  0.0006  0.0001  0.0000  0.0002  0.0000  0.0000  0.0000
 0.5473  0.0000  0.0009  0.0007  0.0008  0.0004  0.0179  0.0002  0.0004  0.0009  0.0009  0.0004  0.0006  1.0000  0.0006  0.0122  0.0049  0.0016  0.0016  0.0001  0.0000  0.0003  0.0000  0.0000  0.0000
 0.0281  0.0000  0.0130  0.0045  0.0067  0.5731  0.2272  0.0003  0.0549  0.0007  0.1401  0.0270  0.0008  0.0105  0.0006  0.0006  0.0189  0.0163  0.0506  0.1206  0.0000  1.0000  0.0000  0.0000  0.0000
 0.0002  0.0000  0.0001  0.0001  0.0001  0.0035  0.0001  0.0000  0.0003  0.0000  0.0089  0.0002  0.0000  0.0001  0.0000  0.0000  0.0001  0.0001  0.0003  0.0007  0.0000  1.0000  0.0000  0.0000  0.0000
 0.0007  0.0000  0.0088  0.0001  0.0001  0.0002  0.0001  0.0000  0.0687  0.0001  0.0013  0.0003  0.0001  0.0002  0.0001  0.0001  0.0001  0.0006  1.0000  0.0000  0.0000  0.0001  0.0000  0.0000  0.0000
 1.0000  0.0000  0.0084  0.0002  0.0003  0.0001  0.0016  0.0001  0.0002  0.0002  0.0003  0.0001  0.0002  0.0007  0.0002  0.0002  0.0013  0.0005  0.0005  0.0001  0.0000  0.0001  0.0000  0.0000  0.0000
 0.0016  0.0000  0.0002  0.0005  0.0004  0.0002  0.0016  0.0002  0.0002  0.0005  0.0004  0.0001  0.0003  1.0000  0.0003  0.0004  0.0090  0.0004  0.0003  0.0001  0.0000  0.0001  0.0000  0.0000  0.0000
 0.0006  0.0000  0.0000  0.0052  1.0000  0.0001  0.0004  0.0002  0.0001  0.0006  0.0002  0.0001  0.0003  0.0004  0.0008  0.0002  0.0003  0.0003  0.0002  0.0001  0.0000  0.0001  0.0000  0.0000  0.0000
 0.0008  0.0000  0.0002  0.0001  0.0002  0.0005  0.0002  0.0001  0.0016  0.0002  0.0189  0.0005  0.0001  0.0003  0.0001  0.0001  0.0002  0.0005  1.0000  0.0001  0.0000  0.0002  0.0000  0.0000  0.0000
 0.0000  0.0000  0.0000  0.0000  0.0000  0.0000  0.0000  0.0000  0.0000  0.0000  1.0000  0.0000  0.0000  0.0000  0.0000  0.0000  0.0000  0.0000  0.0000  0.0000  0.0000  0.0000  0.0000  0.0000  0.0000
 1.0000  0.0000  0.0845  0.1544  0.3392  0.0296  0.1259  0.0727  0.0672  0.9305  0.3370  0.0824  0.1695  0.1010  0.2399  0.5076  0.2216  0.1846  0.0989  0.0131  0.0000  0.0408  0.0000  0.0000  0.0000
 0.0022  0.0000  0.0002  0.0004  0.0031  0.0005  0.0016  0.0851  0.0010  0.3948  0.0023  0.0008  0.0022  0.0071  0.7594  1.0000  0.0018  0.0024  0.0013  0.0004  0.0000  0.0010  0.0000  0.0000  0.0000
 0.0019  0.0000  0.0002  0.0003  0.0075  0.0004  0.0013  0.1484  0.0008  1.0000  0.0074  0.0006  0.0018  0.0015  0.0395  0.4567  0.0015  0.0020  0.0011  0.0003  0.0000  0.0008  0.0000  0.0000  0.0000
 0.2500  0.0000  0.2907  0.1014  0.1347  0.3537  0.1627  0.4482  0.2066  0.1444  0.3524  0.1088  0.6066  1.0000  0.1451  0.3476  0.5850  0.1935  0.2475  0.0911  0.0000  0.5047  0.0000  0.0000  0.0000
 0.0000  0.0000  0.0000  0.0000  0.0000  0.0000  0.0000  0.0000  0.0000  0.0000  0.0000  0.0000  0.0000  0.0000  0.0000  0.0000  0.0000  0.0000  0.0000  0.0000  0.0000  1.0000  0.0000  0.0000  0.0000
 0.0042  0.0000  0.0005  0.0007  0.0005  0.0002  1.0000  0.0002  0.0002  0.0006  0.0005  0.0002  0.0007  0.0013  0.0004  0.0005  0.2561  0.0008  0.0007  0.0001  0.0000  0.0002  0.0000  0.0000  0.0000
 0.1109  0.0000  0.0123  0.0116  0.0903  0.0135  0.0470  0.0692  0.0278  1.0000  0.0658  0.0218  0.0631  0.5793  0.1749  0.4100  0.0540  0.0698  0.0370  0.0102  0.0000  0.0292  0.0000  0.0000  0.0000
 0.4625  0.0000  0.0003  0.0425  1.0000  0.0015  0.0063  0.0038  0.0020  0.0272  0.0037  0.0015  0.0063  0.0097  0.0302  0.0050  0.0083  0.0070  0.0038  0.0007  0.0000  0.0019  0.0000  0.0000  0.0000
 1.0000  0.0000  0.0808  0.0039  0.0120  0.0088  0.0018  0.0030  0.4313  0.0120  0.0576  0.0238  0.0057  0.0172  0.0089  0.0067  0.0840  0.0565  0.9738  0.0015  0.0000  0.0028  0.0000  0.0000  0.0000
 0.0054  0.0000  0.0003  1.0000  0.0007  0.0002  0.0015  0.0003  0.0002  0.0004  0.0003  0.0001  0.0008  0.0007  0.0003  0.0004  0.0007  0.0004  0.0003  0.0002  0.0000  0.0002  0.0000  0.0000  0.0000
 0.0028  0.0000  0.3296  0.0003  0.0005  0.0014  0.0004  0.0001  0.3844  0.0007  0.0078  0.0016  0.0004  0.0006  0.0003  0.0005  0.0007  0.0024  1.0000  0.0002  0.0000  0.0006  0.0000  0.0000  0.0000
 0.0000  0.0000  0.0000  0.0000  0.0000  0.0000  0.0000  0.0000  0.0000  0.0000  0.0000  0.0000  0.0000  0.0000  0.0000  0.0000  0.0000  0.0000  0.0000  1.0000  0.0000  0.0000  0.0000  0.0000  0.0000
 0.0198  0.0000  0.0002  0.0003  0.0002  0.0001  0.0006  0.0001  0.0002  0.0003  0.0002  0.0001  0.0006  0.0005  0.0003  0.0002  1.0000  0.0961  0.0004  0.0001  0.0000  0.0001  0.0000  0.0000  0.0000
 1.0000  0.0000  0.0138  0.0038  0.0104  0.0093  0.0052  0.0025  0.5658  0.0106  0.0570  0.0159  0.0052  0.0155  0.0077  0.0062  0.0137  0.0473  0.2260  0.0015  0.0000  0.0032  0.0000  0.0000  0.0000
 0.0000  0.0000  0.0000  0.0000  0.0000  0.0000  1.0000  0.0000  0.0000  0.0000  0.0000  0.0000  0.0000  0.0000  0.0000  0.0000  0.0000  0.0000  0.0000  0.0000  0.0000  0.0000  0.0000  0.0000  0.0000
 0.0004  0.0000  0.0001  0.0001  0.0001  0.0002  0.0001  0.0000  0.0478  0.0001  0.0013  0.0003  0.0001  0.0001  0.0001  0.0001  0.0001  0.0004  1.0000  0.0000  0.0000  0.0001  0.0000  0.0000  0.0000
 0.0004  0.0000  0.0002  0.0001  0.0001  0.0009  0.0003  0.0001  1.0000  0.0001  0.0044  0.0793  0.0001  0.0002  0.0002  0.0002  0.0001  0.0003  0.0014  0.0002  0.0000  0.0003  0.0000  0.0000  0.0000
 0.2877  0.0000  0.0089  0.0023  0.0067  0.0056  0.0005  0.0017  0.1799  0.0068  1.0000  0.0104  0.0034  0.0096  0.0051  0.0038  0.1834  0.1325  0.2336  0.0009  0.0000  0.0017  0.0000  0.0000  0.0000
 0.0002  0.0000  0.0001  0.0000  0.0000  0.0096  0.0000  0.0000  0.0003  0.0000  0.0008  0.0002  0.0000  0.0001  0.0000  0.0000  0.0001  0.0001  0.0003  0.0007  0.0000  1.0000  0.0000  0.0000  0.0000
 0.0002  0.0000  0.0001  0.0001  0.0001  0.0003  0.0001  0.0000  1.0000  0.0001  0.0013  0.0002  0.0001  0.0001  0.0000  0.0001  0.0001  0.0002  0.0293  0.0000  0.0000  0.0001  0.0000  0.0000  0.0000
 0.0003  0.0000  0.0001  0.0000  0.0001  0.0112  0.0001  0.0001  0.0013  0.0001  1.0000  0.0009  0.0001  0.0001  0.0001  0.0001  0.0001  0.0002  0.0007  0.0002  0.0000  0.0004  0.0000  0.0000  0.0000
 0.0003  0.0000  0.0001  0.0000  0.0001  0.0008  0.0001  0.0001  0.0014  0.0001  1.0000  0.0009  0.0001  0.0001  0.0001  0.0001  0.0001  0.0002  0.0076  0.0001  0.0000  0.0001  0.0000  0.0000  0.0000
 0.7250  0.0000  0.6824  0.0506  0.0592  0.0253  0.3711  0.0115  0.0300  0.0649  0.0643  0.0302  0.0449  0.1665  0.0449  0.0466  1.0000  0.1318  0.1105  0.0093  0.0000  0.0196  0.0000  0.0000  0.0000
 0.0000  0.0000  0.0000  0.0000  0.0000  0.0000  1.0000  0.0000  0.0000  0.0000  0.0000  0.0000  0.0000  0.0000  0.0000  0.0000  0.0000  0.0000  0.0000  0.0000  0.0000  0.0000  0.0000  0.0000  0.0000
 0.0158  0.0000  0.0043  0.0043  0.0056  0.0262  0.0059  0.0087  0.0170  0.0062  0.0289  0.0055  0.0143  0.0054  0.0058  0.0064  0.0256  0.0432  1.0000  0.0031  0.0000  0.4578  0.0000  0.0000  0.0000
 0.0000  0.0000  0.0000  0.0000  0.0000  0.0000  0.0000  0.0000  0.0000  0.0000  0.0000  0.0000  0.0000  1.0000  0.0000  0.0000  0.0000  0.0000  0.0000  0.0000  0.0000  0.0000  0.0000  0.0000  0.0000
 0.0000  0.0000  0.0000  0.0000  0.0000  0.0000  0.0000  0.0000  0.0000  0.0000  0.0000  0.0000  0.0000  1.0000  0.0000  0.0000  0.0000  0.0000  0.0000  0.0000  0.0000  0.0000  0.0000  0.0000  0.0000
 0.0002  0.0000  0.0001  0.0000  0.0001  1.0000  0.0001  0.0000  0.0004  0.0000  0.0042  0.0002  0.0000  0.0001  0.0000  0.0000  0.0001  0.0001  0.0003  0.0007  0.0000  0.0028  0.0000  0.0000  0.0000
 0.0003  0.0000  0.0002  0.0001  0.0001  0.0065  0.0002  0.0000  0.0006  0.0000  0.0015  0.0003  0.0000  0.0002  0.0000  0.0000  0.0002  0.0002  0.0006  1.0000  0.0000  0.4343  0.0000  0.0000  0.0000
 1.0000  0.0000  0.0254  0.5211  0.3285  0.0144  0.2433  0.0277  0.0154  0.0801  0.0325  0.0144  0.1098  0.0891  0.0800  0.0353  0.1721  0.0688  0.0469  0.0061  0.0000  0.0184  0.0000  0.0000  0.0000
 0.0007  0.0000  0.0000  0.0216  1.0000  0.0001  0.0049  0.0002  0.0001  0.0007  0.0002  0.0001  0.0004  0.0004  0.0009  0.0002  0.0004  0.0003  0.0002  0.0000  0.0000  0.0001  0.0000  0.0000  0.0000
 0.0046  0.0000  0.0010  0.0026  0.0014  0.0005  0.0074  0.0007  0.0063  0.0263  0.0013  0.0007  0.6825  0.0024  0.0016  0.0013  0.2656  1.0000  0.0022  0.0003  0.0000  0.0006  0.0000  0.0000  0.0000
 0.0020  0.0000  0.0000  0.4124  1.0000  0.0002  0.0068  0.0005  0.0002  0.0020  0.0074  0.0002  0.0008  0.0012  0.1586  0.0005  0.0010  0.0009  0.0005  0.0001  0.0000  0.0002  0.0000  0.0000  0.0000
 0.6337  0.0000  0.0118  0.2300  0.2361  0.0111  0.0844  0.1622  0.0876  0.6507  0.0670  0.0329  0.1720  0.0770  1.0000  0.1461  0.6630  0.1706  0.0633  0.0038  0.0000  0.0084  0.0000  0.0000  0.0000
 0.0219  0.0000  0.0006  0.0226  0.0618  0.0006  1.0000  0.0021  0.0013  0.3078  0.0022  0.0008  0.1405  0.0028  0.0050  0.0164  0.0349  0.0048  0.0085  0.0002  0.0000  0.0009  0.0000  0.0000  0.0000
 0.0007  0.0000  0.0002  0.0001  0.0002  0.0019  0.0002  0.0001  1.0000  0.0002  0.4431  0.0023  0.0002  0.0003  0.0004  0.0002  0.0002  0.0004  0.0022  0.0002  0.0000  0.0003  0.0000  0.0000  0.0000
 0.0000  0.0000  0.0000  0.0000  0.0000  1.0000  0.0000  0.0000  0.0000  0.0000  0.0000  0.0000  0.0000  0.0000  0.0000  0.0000  0.0000  0.0000  0.0000  0.0000  0.0000  0.0000  0.0000  0.0000  0.0000
 0.2412  0.0000  0.0014  0.8675  1.0000  0.0018  0.0116  0.0046  0.0053  0.0476  0.0087  0.0031  0.2157  0.0106  0.0407  0.2133  0.0209  0.0319  0.0265  0.0007  0.0000  0.0017  0.0000  0.0000  0.0000
 0.8475  0.0000  0.0045  0.1502  0.4614  0.0089  0.0412  0.0382  0.0172  0.3187  0.0330  0.0121  0.0503  0.0489  1.0000  0.1087  0.1248  0.0975  0.0278  0.0049  0.0000  0.0136  0.0000  0.0000  0.0000
 0.0004  0.0000  0.0001  0.0001  0.0001  0.0005  0.0002  0.0000  1.0000  0.0002  0.0028  0.0005  0.0001  0.0001  0.0001  0.0001  0.0002  0.0004  0.5903  0.0001  0.0000  0.0003  0.0000  0.0000  0.0000
 0.0006  0.0000  0.0002  0.0001  0.0002  0.0018  0.0001  0.0001  0.0208  0.0624  1.0000  0.0218  0.0002  0.0003  0.0003  0.0002  0.0002  0.0004  0.0018  0.0002  0.0000  0.0002  0.0000  0.0000  0.0000
 0.0304  0.0000  0.0007  0.0052  0.2093  0.0011  0.0051  0.1950  0.0028  1.0000  0.0338  0.0019  0.0220  0.0046  0.2658  0.3646  0.0181  0.0077  0.0367  0.0006  0.0000  0.0018  0.0000  0.0000  0.0000
 0.1963  0.0000  0.0040  0.0077  0.0105  0.0001  1.0000  0.0005  0.0001  0.0007  0.0002  0.0001  0.0174  0.0007  0.0005  0.0004  0.0200  0.0007  0.0003  0.0001  0.0000  0.0003  0.0000  0.0000  0.0000
 0.0859  0.0000  0.0160  0.5280  1.0000  0.0885  0.0432  0.6106  0.0388  0.3156  0.0638  0.0218  0.0470  0.0288  0.2298  0.1089  0.0785  0.0947  0.1451  0.0149  0.0000  0.3426  0.0000  0.0000  0.0000
 0.0059  0.0000  0.0020  0.0013  0.0017  0.2347  0.0025  0.0004  1.0000  0.0024  0.7895  0.0132  0.0017  0.0017  0.0016  0.0021  0.0026  0.0059  0.2389  0.0037  0.0000  0.5503  0.0000  0.0000  0.0000
 0.0011  0.0000  0.0001  1.0000  0.4380  0.0001  0.0009  0.0004  0.0001  0.0012  0.0002  0.0001  0.0117  0.0007  0.0014  0.0004  0.0009  0.0006  0.0002  0.0001  0.0000  0.0002  0.0000  0.0000  0.0000
 0.0003  0.0000  0.0001  0.0000  0.0001  1.0000  0.0001  0.0000  0.0012  0.0001  0.0616  0.0008  0.0001  0.0001  0.0001  0.0001  0.0001  0.0002  0.0086  0.0005  0.0000  0.0017  0.0000  0.0000  0.0000
 0.0925  0.0000  0.0022  1.0000  0.9210  0.0021  0.0158  0.0224  0.0461  0.1164  0.0125  0.0044  0.0485  0.0114  0.1261  0.0218  0.5163  0.1442  0.1491  0.0007  0.0000  0.0016  0.0000  0.0000  0.0000
 0.0224  0.0000  0.0036  0.0004  0.0003  0.0001  0.0111  0.0001  0.0105  0.0004  0.0059  0.0002  0.0068  0.0007  0.0003  0.0003  1.0000  0.0252  0.0006  0.0001  0.0000  0.0001  0.0000  0.0000  0.0000
 0.0710  0.0000  0.0014  1.0000  0.7131  0.0047  0.0253  0.0271  0.0071  0.0875  0.0128  0.0051  0.0629  0.7627  0.2593  0.0177  0.1217  0.0260  0.0129  0.0022  0.0000  0.0065  0.0000  0.0000  0.0000
 0.0349  0.0000  0.0176  0.0058  0.0089  0.8582  0.0071  0.0003  0.0733  0.0004  0.1777  0.0356  0.0004  0.9620  0.0003  0.0005  0.0242  0.0217  0.0680  0.1663  0.0000  1.0000  0.0000  0.0000  0.0000
 0.0000  0.0000  0.0000  0.0000  0.0000  0.0000  0.0000  0.0000  0.0000  0.0000  0.0000  0.0000  0.0000  0.0000  0.0000  0.0000  0.0000  0.0000  0.0000  1.0000  0.0000  0.0000  0.0000  0.0000  0.0000
 0.0126  0.0000  0.0015  0.4439  0.0068  0.0010  0.0147  0.0030  0.0009  0.0051  0.0019  0.0007  0.0150  1.0000  0.0036  0.0028  0.0270  0.0053  0.0022  0.0006  0.0000  0.0017  0.0000  0.0000  0.0000
 0.2435  0.0000  0.0242  0.6501  0.4066  0.0127  0.1119  0.0656  0.0476  0.4071  0.1496  0.0269  0.2072  0.0698  0.1549  0.1897  1.0000  0.2186  0.2032  0.0044  0.0000  0.0096  0.0000  0.0000  0.0000
 0.0002  0.0000  0.0001  0.0000  0.0001  0.0003  0.0001  0.0000  1.0000  0.0001  0.0157  0.0003  0.0001  0.0000  0.0000  0.0001  0.0001  0.0002  0.0464  0.0000  0.0000  0.0001  0.0000  0.0000  0.0000
 0.0012  0.0000  0.0002  0.0003  0.0002  0.0001  0.0006  0.0001  0.0002  0.0003  0.0002  0.0001  0.0005  0.0005  0.0002  0.0002  1.0000  0.0080  0.0003  0.0001  0.0000  0.0001  0.0000  0.0000  0.0000
 0.0996  0.0000  0.0005  0.8995  1.0000  0.0014  0.0085  0.0442  0.0021  0.0230  0.0038  0.0015  0.1818  0.0714  0.0483  0.0054  0.1835  0.0079  0.0038  0.0007  0.0000  0.0021  0.0000  0.0000  0.0000
 0.0199  0.0000  0.0004  0.0184  0.0096  0.0003  0.1766  0.0016  0.0002  0.0077  0.0005  0.0002  0.0291  0.0014  0.0240  0.0012  1.0000  0.0084  0.0004  0.0002  0.0000  0.0008  0.0000  0.0000  0.0000
 1.0000  0.0000  0.0003  0.0002  0.0002  0.0001  0.0060  0.0001  0.0001  0.0003  0.0003  0.0001  0.0002  0.0007  0.0002  0.0002  0.0013  0.0005  0.0004  0.0001  0.0000  0.0001  0.0000  0.0000  0.0000
 0.0007  0.0000  0.0001  0.0004  0.0005  0.0002  0.0012  0.0003  0.0002  1.0000  0.0005  0.0001  0.0004  0.0008  0.0006  0.0013  0.0005  0.0004  0.0085  0.0002  0.0000  0.0002  0.0000  0.0000  0.0000
 0.0006  0.0000  0.0001  1.0000  0.0154  0.0001  0.0013  0.0228  0.0001  0.0008  0.0001  0.0001  0.0229  0.0004  0.0272  0.0003  0.0010  0.0005  0.0001  0.0000  0.0000  0.0002  0.0000  0.0000  0.0000
 0.0012  0.0000  0.0003  0.0002  0.0003  0.4234  0.0002  0.0002  0.0154  0.0004  1.0000  0.0041  0.0003  0.0005  0.0006  0.0004  0.0004  0.0007  0.0034  0.0005  0.0000  0.0011  0.0000  0.0000  0.0000
 0.0004  0.0000  0.0001  0.0001  0.0001  0.0007  0.0002  0.0000  1.0000  0.0002  0.0459  0.0056  0.0001  0.0001  0.0001  0.0002  0.0002  0.0005  0.7835  0.0001  0.0000  0.0003  0.0000  0.0000  0.0000
 0.0035  0.0000  0.0713  0.0008  0.0045  0.0012  0.0025  0.0072  0.0016  0.2474  0.0036  0.0012  0.0367  0.0026  0.0820  1.0000  0.0330  0.0245  0.0200  0.0006  0.0000  0.0225  0.0000  0.0000  0.0000
 0.0077  0.0000  0.0173  0.0046  0.0107  0.0016  0.0210  0.3008  0.0031  1.0000  0.0072  0.0024  0.3652  0.0060  0.0810  0.3519  0.0118  0.0239  0.0041  0.0012  0.0000  0.0035  0.0000  0.0000  0.0000
 0.0006  0.0000  0.0001  0.0001  0.0001  0.0016  0.0001  0.0001  0.0188  0.0002  0.4702  1.0000  0.0001  0.0002  0.0003  0.0002  0.0002  0.0003  0.0174  0.0002  0.0000  0.0002  0.0000  0.0000  0.0000
 0.0004  0.0000  0.0001  0.0001  0.0001  0.0012  0.0001  0.0001  0.0022  0.0002  1.0000  0.2895  0.0001  0.0002  0.0002  0.0002  0.0001  0.0003  0.0066  0.0001  0.0000  0.0002  0.0000  0.0000  0.0000
 0.7067  0.0000  0.0989  0.5973  1.0000  0.0464  0.3518  0.1230  0.1866  0.8756  0.2800  0.1004  0.4922  0.2537  0.5520  0.4992  0.6826  0.5752  0.2909  0.0160  0.0000  0.0355  0.0000  0.0000  0.0000
 0.2489  0.0000  0.0496  0.0942  0.1491  0.1851  0.1250  0.1909  0.1710  0.9573  0.1961  0.1182  0.1205  0.4141  0.6033  1.0000  0.4812  0.1481  0.4245  0.0500  0.0000  0.3296  0.0000  0.0000  0.0000
 0.0497  0.0000  0.0248  1.0000  0.0624  0.0006  0.0048  0.0015  0.0103  0.0186  0.0038  0.0013  0.2099  0.0034  0.0367  0.0882  0.0398  0.0485  0.0218  0.0002  0.0000  0.0005  0.0000  0.0000  0.0000
 0.0614  0.0000  0.0013  0.0009  0.0012  0.0005  0.0071  0.0002  0.0009  0.0013  0.0015  0.0007  0.0008  1.0000  0.0009  0.0009  0.0133  0.0025  0.1384  0.0002  0.0000  0.0004  0.0000  0.0000  0.0000
 0.0745  0.0000  0.0009  0.0510  0.2788  0.0009  0.0124  0.0021  0.0033  1.0000  0.0053  0.0019  0.2629  0.0048  0.0347  0.1993  0.1819  0.0570  0.0050  0.0003  0.0000  0.0007  0.0000  0.0000  0.0000
 0.0081  0.0000  0.0006  0.0481  0.4625  0.0005  0.0105  0.0064  0.0286  1.0000  0.0032  0.0011  0.0163  0.0029  0.1180  0.2413  0.0237  0.0466  0.0030  0.0002  0.0000  0.0004  0.0000  0.0000  0.0000
 0.0000  0.0000  0.0000  0.0000  0.0000  0.0000  0.0000  0.0000  0.0000  0.0000  0.0000  0.0000  0.0000  0.0000  0.0000  1.0000  0.0000  0.0000  0.0000  0.0000  0.0000  0.0000  0.0000  0.0000  0.0000
 0.0044  0.0000  0.0012  0.0006  0.0012  0.2672  0.0010  0.0009  0.4982  0.0016  1.0000  0.0684  0.0409  0.0018  0.0023  0.0016  0.0013  0.0027  0.0270  0.0014  0.0000  0.3295  0.0000  0.0000  0.0000
 0.0135  0.0000  0.0003  0.0006  0.0004  0.0002  0.0005  0.0002  0.0004  0.0816  0.0004  0.0002  0.0011  0.0008  0.0005  0.0004  0.1829  1.0000  0.0007  0.0001  0.0000  0.0002  0.0000  0.0000  0.0000
 1.0000  0.0000  0.4827  0.0017  0.0020  0.0008  0.0121  0.0004  0.0011  0.0022  0.0062  0.0010  0.0016  0.0181  0.0015  0.0016  0.1475  0.0106  0.0039  0.0003  0.0000  0.0007  0.0000  0.0000  0.0000
 0.7127  0.0000  0.0718  0.2271  0.5747  0.3125  0.1502  1.0000  0.2150  0.3268  0.2875  0.0918  0.1482  0.0953  0.2092  0.1656  0.2436  0.2119  0.2399  0.0728  0.0000  0.4765  0.0000  0.0000  0.0000
 0.0028  0.0000  0.0000  0.0979  0.8424  0.0003  0.0010  0.0064  0.0003  0.0948  0.0006  0.0003  0.0012  0.0017  1.0000  0.0008  0.0014  0.0012  0.0006  0.0001  0.0000  0.0003  0.0000  0.0000  0.0000
 0.6135  0.0000  0.0026  0.0007  0.0020  0.0015  0.0004  0.0005  0.0573  0.0020  0.0098  0.0029  0.0009  0.0028  0.0015  0.0011  0.0022  0.0092  1.0000  0.0003  0.0000  0.0005  0.0000  0.0000  0.0000
 0.0361  0.0000  0.0001  0.0000  0.0001  0.0010  0.0001  0.0001  0.0019  0.0001  1.0000  0.0058  0.0001  0.0002  0.0002  0.0001  0.0001  0.0002  0.0010  0.0001  0.0000  0.0001  0.0000  0.0000  0.0000
 0.7501  0.0000  0.0673  0.6215  1.0000  0.0492  0.3784  0.1202  0.1846  0.9188  0.2978  0.1044  0.4995  0.2711  0.5886  0.5284  0.7288  0.5667  0.2815  0.0170  0.0000  0.0375  0.0000  0.0000  0.0000
 0.0004  0.0000  0.0003  0.0012  0.0005  0.0002  0.0015  1.0000  0.0002  0.0005  0.0003  0.0001  0.0155  0.0006  0.0003  0.0004  0.0006  0.0004  0.0002  0.0002  0.0000  0.0003  0.0000  0.0000  0.0000
 0.0194  0.0000  0.0003  0.0003  0.0004  0.0001  0.0016  0.0001  0.0001  0.0006  0.0003  0.0001  0.0003  1.0000  0.0059  0.0129  0.0040  0.0006  0.0005  0.0000  0.0000  0.0001  0.0000  0.0000  0.0000
 0.0000  0.0000  0.0000  0.0000  0.0000  0.0000  0.0000  0.0000  0.0000  0.0000  0.0000  0.0000  0.0000  0.0000  0.0000  0.0000  0.0000  0.0000  0.0000  1.0000  0.0000  0.0000  0.0000  0.0000  0.0000
 0.0177  0.0000  0.0002  0.0001  0.0002  0.0009  0.0002  0.0000  1.0000  0.0002  0.1768  0.1059  0.0001  0.0002  0.0001  0.0002  0.0002  0.0006  0.1611  0.0001  0.0000  0.0003  0.0000  0.0000  0.0000
 0.8103  0.0000  0.1859  0.5814  0.8867  0.0431  0.3267  0.1130  0.1652  1.0000  0.2594  0.1002  0.4496  0.2356  0.6107  0.6824  0.7322  0.4925  0.3458  0.0148  0.0000  0.0330  0.0000  0.0000  0.0000
 0.2311  0.0000  0.0158  0.5622  0.9597  0.0164  1.0000  0.0368  0.0537  0.2639  0.0968  0.0369  0.1498  0.0806  0.1708  0.1591  0.2234  0.1743  0.2121  0.0056  0.0000  0.0143  0.0000  0.0000  0.0000
 0.0188  0.0000  0.0023  1.0000  0.0430  0.0020  0.5672  0.0104  0.0010  0.0140  0.0022  0.0008  0.4523  0.0080  0.0097  0.0070  0.0263  0.0103  0.0017  0.0010  0.0000  0.0053  0.0000  0.0000  0.0000
 0.7157  0.0000  0.0494  0.5795  1.0000  0.0472  0.4224  0.1123  0.1744  0.8518  0.2804  0.0974  0.4591  0.2520  0.5401  0.4836  0.6807  0.5947  0.2978  0.0162  0.0000  0.0368  0.0000  0.0000  0.0000
 1.0000  0.0000  0.0003  0.0002  0.0002  0.0001  0.0015  0.0001  0.0002  0.0003  0.0003  0.0001  0.0002  0.0007  0.0002  0.0002  0.0013  0.0005  0.0058  0.0001  0.0000  0.0001  0.0000  0.0000  0.0000
 0.2419  0.0000  0.0256  0.0271  0.0251  0.0104  0.1522  0.0067  0.0163  0.0301  0.4627  0.0131  0.0334  1.0000  0.0215  0.0207  0.6897  0.1733  0.0452  0.0045  0.0000  0.0089  0.0000  0.0000  0.0000
 0.0020  0.0000  0.0631  1.0000  0.0297  0.0004  0.0073  0.0770  0.0002  0.0029  0.0005  0.0002  0.0453  0.0016  0.0019  0.0015  0.1278  0.0022  0.0003  0.0002  0.0000  0.0011  0.0000  0.0000  0.0000
 0.0232  0.0000  0.0002  0.0004  0.0275  0.0004  0.0013  0.0016  0.0008  1.0000  0.0019  0.0006  0.0018  0.0015  0.0292  0.3938  0.0015  0.0810  0.0513  0.0003  0.0000  0.0008  0.0000  0.0000  0.0000
 0.1199  0.0000  0.0030  0.1393  0.0085  0.0017  0.0208  0.0047  0.0023  0.0082  0.0185  0.0015  0.3833  1.0000  0.0058  0.0046  0.0349  0.0377  0.0047  0.0008  0.0000  0.0029  0.0000  0.0000  0.0000
 0.0013  0.0000  0.0003  0.0002  0.0003  0.0037  0.0003  0.0003  1.0000  0.0005  0.8793  0.0471  0.0003  0.0006  0.0007  0.0005  0.0004  0.0008  0.0039  0.0004  0.0000  0.0005  0.0000  0.0000  0.0000
 0.0105  0.0000  0.0009  1.0000  0.0323  0.0011  0.0137  0.3405  0.0008  0.0087  0.0016  0.0006  0.0218  0.0051  0.0083  0.0035  0.0112  0.0053  0.0015  0.0005  0.0000  0.0821  0.0000  0.0000  0.0000
 0.2667  0.0000  0.0399  0.1716  0.4902  0.0164  0.3357  0.0347  0.1578  0.2398  0.0825  0.0301  0.3926  0.4994  0.2106  0.1363  1.0000  0.2310  0.0835  0.0061  0.0000  0.0144  0.0000  0.0000  0.0000
 1.0000  0.0000  0.0008  0.0007  0.0157  0.0003  0.0111  0.0002  0.0004  0.0008  0.0008  0.0004  0.0008  0.0019  0.0006  0.0006  0.3567  0.1876  0.0171  0.0001  0.0000  0.0002  0.0000  0.0000  0.0000
 0.0053  0.0000  0.0003  0.0002  0.0002  0.0002  0.0006  0.0001  0.0009  0.0002  0.0007  0.0002  0.0001  0.0004  0.0002  0.0002  0.0005  0.0007  1.0000  0.0001  0.0000  0.0001  0.0000  0.0000  0.0000
 0.0185  0.0000  0.0048  0.0022  0.0047  0.0566  0.0037  0.0037  0.1430  0.0063  1.0000  0.0789  0.0045  0.0078  0.0482  0.0063  0.3609  0.0108  0.0633  0.0058  0.0000  0.0062  0.0000  0.0000  0.0000
 0.1470  0.0000  0.0014  0.0293  0.2842  0.0013  0.0395  0.0030  0.0046  0.0228  0.0912  0.0026  0.0379  0.0068  0.0145  0.0719  1.0000  0.1287  0.0203  0.0004  0.0000  0.0010  0.0000  0.0000  0.0000
 0.0013  0.0000  0.0001  0.0003  0.0013  0.0002  0.0010  0.0008  0.0004  0.0061  0.0009  0.0003  0.0010  0.0008  0.4264  1.0000  0.0080  0.0011  0.0006  0.0002  0.0000  0.0004  0.0000  0.0000  0.0000
 0.0013  0.0000  0.0003  0.0002  0.0003  0.0163  0.0003  0.0003  0.4806  0.0004  1.0000  0.7073  0.0003  0.0005  0.0007  0.0004  0.0004  0.0007  0.0107  0.0004  0.0000  0.0004  0.0000  0.0000  0.0000
 0.0006  0.0000  0.0001  0.0001  0.0008  0.0001  0.0004  0.0005  0.0002  1.0000  0.0006  0.0051  0.0006  0.0005  0.0985  0.1212  0.0005  0.0006  0.0003  0.0001  0.0000  0.0003  0.0000  0.0000  0.0000
 0.0018  0.0000  0.0002  0.0018  0.0026  0.0004  0.0021  0.0988  0.0007  0.5465  0.0016  0.0005  0.0827  0.0014  1.0000  0.0091  0.0020  0.0019  0.0009  0.0003  0.0000  0.0008  0.0000  0.0000  0.0000
 0.0469  0.0000  0.0075  0.0540  0.0199  1.0000  0.0524  0.0133  0.0432  0.0217  0.1414  0.0289  0.4840  0.0191  0.0165  0.0136  0.0524  0.0281  0.0295  0.0042  0.0000  0.0094  0.0000  0.0000  0.0000
 0.2283  0.0000  0.0298  0.0624  0.2115  0.1141  0.1332  0.1316  0.0801  1.0000  0.1593  0.0571  0.1959  0.1484  0.3472  0.8928  0.4653  0.4732  0.1139  0.0265  0.0000  0.0709  0.0000  0.0000  0.0000
 1.0000  0.0000  0.0003  0.0002  0.0003  0.0001  0.0015  0.0001  0.0002  0.0003  0.0003  0.0001  0.0003  0.0007  0.0144  0.0002  0.0097  0.0114  0.0040  0.0000  0.0000  0.0001  0.0000  0.0000  0.0000
 0.0636  0.0000  0.0016  0.0020  0.0131  0.0023  0.0092  0.0081  0.0054  0.4850  0.0110  1.0000  0.0091  0.0086  0.0218  0.0787  0.0101  0.0114  0.0164  0.0015  0.0000  0.0042  0.0000  0.0000  0.0000
 0.0341  0.0000  0.0004  0.0027  0.0010  0.0002  0.0020  0.0046  0.0004  0.0011  0.0005  0.0002  1.0000  0.0010  0.0008  0.0006  0.3840  0.0193  0.0007  0.0001  0.0000  0.0004  0.0000  0.0000  0.0000
 0.0006  0.0000  0.0001  0.0001  0.0008  0.0001  0.0004  0.0005  0.0002  1.0000  0.0006  0.0002  0.0299  0.0005  0.0552  0.1313  0.0005  0.0006  0.0003  0.0001  0.0000  0.0003  0.0000  0.0000  0.0000
 0.0090  0.0000  0.0023  0.0011  0.0023  0.1433  0.0018  0.0018  0.1002  0.0031  1.0000  0.0798  0.0022  0.0038  0.0047  0.0031  0.0025  0.0052  0.0250  0.4614  0.0000  0.0044  0.0000  0.0000  0.0000
 0.0005  0.0000  0.0000  0.0001  0.0007  0.0001  0.0004  0.0005  0.0002  1.0000  0.0005  0.0070  0.0005  0.0004  0.0012  0.1768  0.0004  0.0006  0.0003  0.0001  0.0000  0.0002  0.0000  0.0000  0.0000
 0.0010  0.0000  0.0001  0.0002  0.0014  0.0002  0.0007  0.0009  0.0004  1.0000  0.0010  0.0003  0.0010  0.0008  0.4717  0.0349  0.0008  0.0011  0.0006  0.0002  0.0000  0.0005  0.0000  0.0000  0.0000
 1.0000  0.0000  0.0057  0.0015  0.0044  0.0101  0.0007  0.0015  0.0726  0.0189  0.1953  0.1362  0.0024  0.0063  0.0042  0.0030  0.0044  0.0191  0.1359  0.0013  0.0000  0.0018  0.0000  0.0000  0.0000
 0.6927  0.0000  0.0103  0.0052  0.0104  0.7963  0.0085  0.0091  0.3867  0.0135  1.0000  0.3067  0.0100  0.0162  0.0197  0.0136  0.0119  0.0234  0.1248  0.0140  0.0000  0.2904  0.0000  0.0000  0.0000
 0.5289  0.0000  0.1761  0.2117  0.2997  0.6962  0.3386  0.5493  0.3972  0.4061  0.6803  0.2239  0.3447  0.2151  0.3293  0.4401  0.4151  0.4066  0.5053  0.1844  0.0000  1.0000  0.0000  0.0000  0.0000
 1.0000  0.0000  0.0453  0.0119  0.0423  0.0322  0.0067  0.0143  0.3315  0.4007  0.3734  0.0573  0.0222  0.0521  0.0405  0.2259  0.0383  0.1639  0.9163  0.0058  0.0000  0.0118  0.0000  0.0000  0.0000
 0.6218  0.0000  0.0239  0.0057  0.0447  0.0129  0.0005  0.0048  0.8078  0.0489  0.1308  0.0255  0.0087  0.0253  0.0140  0.2210  0.0177  0.6404  1.0000  0.0022  0.0000  0.0042  0.0000  0.0000  0.0000
 1.0000  0.0000  0.0270  0.0088  0.0233  0.0156  0.0025  0.0069  0.5904  0.0302  0.1023  0.0411  0.0122  0.0295  0.0484  0.0238  0.1067  0.3029  0.4928  0.0029  0.0000  0.0069  0.0000  0.0000  0.0000
 0.5196  0.0000  0.0138  0.0143  0.1924  0.0938  0.0972  0.0249  0.4871  0.0215  0.1786  0.0470  0.0193  0.0150  0.0168  0.0223  0.0888  0.0363  1.0000  0.0114  0.0000  0.0558  0.0000  0.0000  0.0000
 0.8552  0.0000  0.0810  0.6137  1.0000  0.0856  0.3778  0.1407  0.3129  0.9160  0.3882  0.1321  0.4947  0.2935  0.5866  0.5234  0.7420  0.6440  0.5395  0.0254  0.0000  0.0778  0.0000  0.0000  0.0000
 0.0734  0.0000  0.0039  0.0600  0.7738  0.0077  0.0260  0.2169  0.0490  0.1198  0.1000  0.0085  0.6035  0.0224  0.0531  1.0000  0.0411  0.0360  0.0196  0.0032  0.0000  0.0111  0.0000  0.0000  0.0000
 0.7845  0.0000  0.1508  0.5400  1.0000  0.4461  0.4455  0.7258  0.5282  0.7712  0.6566  0.1979  0.4992  0.2968  0.6940  0.6375  0.7535  0.5990  0.4864  0.1199  0.0000  0.6147  0.0000  0.0000  0.0000
 0.0423  0.0000  0.0029  0.0008  0.0022  0.0024  0.0002  0.0006  0.3253  0.0022  0.2044  1.0000  0.0012  0.0329  0.0018  0.0013  0.1016  0.0806  0.0423  0.0004  0.0000  0.0006  0.0000  0.0000  0.0000
 1.0000  0.0000  0.0267  0.3028  0.7624  0.0264  0.5151  0.0890  0.0946  0.7921  0.1567  0.0547  0.2488  0.1410  0.5870  0.9636  0.5538  0.3351  0.1433  0.0102  0.0000  0.0237  0.0000  0.0000  0.0000
 0.2308  0.0000  0.0164  0.2942  0.6674  0.0384  0.1588  0.1423  0.0688  1.0000  0.1744  0.0528  0.2042  0.1593  0.4230  0.7892  0.1761  0.1877  0.0977  0.0248  0.0000  0.0737  0.0000  0.0000  0.0000
 0.1343  0.0000  0.0144  0.0228  0.1999  0.0480  0.0888  0.1120  0.1120  1.0000  0.4284  0.1106  0.1217  0.1010  0.2980  0.8346  0.1036  0.1405  0.0988  0.0220  0.0000  0.0585  0.0000  0.0000  0.0000
 0.4909  0.0000  0.0284  0.3519  1.0000  0.0768  0.1841  0.2467  0.0941  0.5754  0.1476  0.0519  0.2026  0.1292  0.6329  0.2126  0.2935  0.2355  0.5226  0.0175  0.0000  0.0715  0.0000  0.0000  0.0000
 0.0016  0.0000  0.0004  0.0002  0.0004  0.0045  0.0003  0.0003  0.6974  0.0006  0.7186  1.0000  0.0004  0.0007  0.0009  0.0006  0.0005  0.0010  0.0047  0.0005  0.0000  0.0006  0.0000  0.0000  0.0000
 1.0000  0.0000  0.0980  0.3681  0.1634  0.1335  0.7378  0.0801  0.0429  0.1772  0.0942  0.0427  0.4304  0.2571  0.1146  0.1055  0.6087  0.2169  0.1475  0.0180  0.0000  0.0579  0.0000  0.0000  0.0000
 0.3353  0.0000  0.0172  0.2023  1.0000  0.0161  0.2690  0.0620  0.0604  0.8068  0.1979  0.0971  0.1797  0.1030  0.3263  0.2101  0.6448  0.4170  0.0921  0.0055  0.0000  0.0122  0.0000  0.0000  0.0000
 0.1095  0.0000  0.0240  0.0509  0.0753  0.1017  0.1359  0.1720  0.0564  0.1082  0.2164  0.2016  0.5077  0.0369  0.0982  0.0824  1.0000  0.0876  0.0738  0.0236  0.0000  0.1254  0.0000  0.0000  0.0000
 0.0746  0.0000  0.0101  0.0118  0.0157  0.2332  0.0471  0.0307  0.2568  0.0168  1.0000  0.7294  0.0476  0.0118  0.1836  0.0199  0.2076  0.0731  0.0554  0.0106  0.0000  0.0568  0.0000  0.0000  0.0000
 0.0071  0.0000  0.0009  1.0000  0.1776  0.0010  0.0140  0.0047  0.0008  0.1414  0.0016  0.0006  0.1284  0.1129  0.0081  0.0035  0.7909  0.0054  0.0014  0.0005  0.0000  0.0024  0.0000  0.0000  0.0000
 0.4195  0.0000  0.0277  0.2661  1.0000  0.0236  0.4003  0.0529  0.0830  0.4051  0.1577  0.1398  0.2949  0.1257  0.2457  0.2184  0.6076  0.9742  0.1279  0.0089  0.0000  0.0196  0.0000  0.0000  0.0000
 0.0665  0.0000  0.0039  1.0000  0.8332  0.0037  0.0690  0.0089  0.1216  0.0681  0.0929  0.0710  0.1142  0.0675  0.1166  0.0384  0.3335  0.0802  0.1277  0.0013  0.0000  0.0028  0.0000  0.0000  0.0000
 0.2258  0.0000  0.0112  0.3345  1.0000  0.0678  0.2045  0.0255  0.0392  0.3231  0.0633  0.0222  0.9824  0.0576  0.1832  0.2304  0.2325  0.1492  0.0598  0.0036  0.0000  0.0080  0.0000  0.0000  0.0000
 0.4997  0.0000  0.0971  0.2235  0.2285  0.3763  0.1979  0.3568  1.0000  0.2106  0.3889  0.1458  0.1930  0.2296  0.3582  0.2162  0.3024  0.4257  0.3302  0.0991  0.0000  0.5792  0.0000  0.0000  0.0000
 1.0000  0.0000  0.0207  0.5323  0.5675  0.0193  0.3458  0.0470  0.1080  0.4475  0.1169  0.0410  0.1918  0.1366  0.2284  0.2762  0.5163  0.4724  0.1105  0.0066  0.0000  0.0146  0.0000  0.0000  0.0000
 0.3073  0.0000  0.0492  0.1180  0.1894  0.0112  1.0000  0.0243  0.0597  0.3200  0.0584  0.0205  0.2081  0.0522  0.1475  0.2244  0.1713  0.2226  0.2415  0.0037  0.0000  0.0098  0.0000  0.0000  0.0000
 0.4707  0.0000  0.0492  0.8392  0.7563  0.0507  0.5379  0.1756  0.1029  0.5988  0.4154  0.0610  0.8168  0.2361  0.4139  0.3371  1.0000  0.3801  0.1582  0.0206  0.0000  0.0807  0.0000  0.0000  0.0000
 0.0711  0.0000  0.0049  0.0311  0.0272  0.0039  1.0000  0.0126  0.0074  0.5211  0.0136  0.0051  0.2748  0.0583  0.0281  0.2983  0.2111  0.1290  0.0124  0.0023  0.0000  0.0068  0.0000  0.0000  0.0000
 0.2118  0.0000  0.0101  0.1178  0.8155  0.0095  0.0715  0.0229  0.0353  0.1748  0.0792  0.0523  0.1495  0.1193  0.2114  0.1940  0.4201  1.0000  0.0881  0.0033  0.0000  0.0073  0.0000  0.0000  0.0000
 0.0940  0.0000  0.0171  0.0193  0.0260  0.0867  0.0308  0.0797  1.0000  0.0277  0.2307  0.6624  0.0841  0.2806  0.0431  0.0591  0.0379  0.1138  0.1429  0.0174  0.0000  0.0939  0.0000  0.0000  0.0000
 0.1983  0.0000  0.0421  0.0907  0.0559  0.1030  0.0573  0.0306  0.0671  0.0830  0.0639  0.0322  0.1694  0.1134  0.0657  0.0542  0.6827  1.0000  0.1005  0.0155  0.0000  0.0355  0.0000  0.0000  0.0000
 0.9756  0.0000  0.1737  0.6496  1.0000  0.5728  0.5471  0.4990  0.4429  0.9637  0.7279  0.2497  0.6199  0.3691  0.6866  0.6733  0.8790  0.7446  0.6019  0.1511  0.0000  0.7864  0.0000  0.0000  0.0000
 0.5249  0.0000  0.0233  0.4157  1.0000  0.0218  0.1893  0.0530  0.1170  0.4057  0.1436  0.2847  0.3065  0.1728  0.2729  0.2289  0.4207  0.3700  0.1245  0.0075  0.0000  0.0166  0.0000  0.0000  0.0000
 0.4895  0.0000  0.0339  0.3952  1.0000  0.0324  0.2666  0.0772  0.2396  0.5937  0.2236  0.1673  0.3243  0.1834  0.4065  0.3384  0.5431  0.3618  0.2038  0.0111  0.0000  0.0253  0.0000  0.0000  0.0000
 0.7619  0.0000  0.0535  0.6799  1.0000  0.0514  0.3815  0.1228  0.1882  0.9352  0.3775  0.1057  0.4951  0.2746  0.5974  0.5325  0.7319  0.5703  0.2843  0.0176  0.0000  0.0406  0.0000  0.0000  0.0000
 0.1817  0.0000  0.0033  0.0584  0.0746  0.0031  0.0384  0.0075  0.0116  1.0000  0.0362  0.0066  0.0542  0.0415  0.0365  0.1682  0.1848  0.5521  0.0415  0.0011  0.0000  0.0023  0.0000  0.0000  0.0000
 0.4191  0.0000  0.0052  1.0000  0.3143  0.0048  0.0623  0.0118  0.0272  0.1902  0.0294  0.0103  0.1064  0.0267  0.2078  0.0985  0.1797  0.1535  0.0790  0.0017  0.0000  0.0037  0.0000  0.0000  0.0000
 0.0694  0.0000  0.1070  0.0755  0.0288  0.0028  1.0000  0.0534  0.0057  0.0896  0.0091  0.0033  0.5761  0.0432  0.0175  0.0154  0.2273  0.0715  0.0519  0.0010  0.0000  0.0038  0.0000  0.0000  0.0000
 0.5883  0.0000  0.0479  0.4733  0.7409  0.0730  0.3101  0.1259  0.1558  0.7109  0.8445  0.1014  0.4006  0.2250  0.4409  0.4276  1.0000  0.5016  0.2642  0.0221  0.0000  0.0801  0.0000  0.0000  0.0000
 0.6726  0.0000  0.0033  0.1555  0.0603  0.0031  1.0000  0.0076  0.0112  0.2413  0.0181  0.0063  0.0741  0.1997  0.0701  0.2448  0.2277  0.0561  0.0170  0.0011  0.0000  0.0165  0.0000  0.0000  0.0000
 1.0000  0.0000  0.0736  0.4358  0.7747  0.0364  0.2949  0.2032  0.1882  0.6971  0.2112  0.0741  0.3621  0.8964  0.7195  0.5736  0.5975  0.8768  0.5110  0.0124  0.0000  0.0288  0.0000  0.0000  0.0000
 0.1908  0.0000  0.0141  0.1308  0.2036  0.0251  0.0907  0.0542  1.0000  0.1589  0.0653  0.0231  0.0922  0.0528  0.1601  0.0937  0.6041  0.2471  0.2333  0.0075  0.0000  0.0303  0.0000  0.0000  0.0000
 0.0813  0.0000  0.0030  0.0439  0.0085  0.0017  0.1236  0.0023  0.0660  0.0218  0.0051  0.0025  0.0382  0.0080  0.0071  0.0059  0.2603  1.0000  0.0373  0.0010  0.0000  0.0019  0.0000  0.0000  0.0000
 0.3675  0.0000  0.1356  0.1306  0.1735  1.0000  0.2441  0.4308  0.2506  0.1847  0.6984  0.1716  0.1954  0.3063  0.1868  0.2212  0.3876  0.3892  0.3945  0.1178  0.0000  0.8746  0.0000  0.0000  0.0000
 0.3108  0.0000  0.2687  0.7991  1.0000  0.3493  0.2819  0.2975  0.2350  0.2033  0.3668  0.1140  0.1762  0.1144  0.1743  0.1976  0.2343  0.2734  0.3589  0.0920  0.0000  0.5618  0.0000  0.0000  0.0000
 0.1338  0.0000  0.0169  0.0764  1.0000  0.0155  0.1446  0.0228  0.0857  0.1180  0.1623  0.0184  0.0760  0.0543  0.0714  0.0946  0.4404  0.3172  0.0501  0.0067  0.0000  0.0183  0.0000  0.0000  0.0000
 0.1624  0.0000  0.0354  0.0428  0.0811  0.2565  0.0965  0.1084  0.0790  0.0607  1.0000  0.1587  0.1219  0.1468  0.0929  0.0709  0.1637  0.1378  0.1009  0.0369  0.0000  0.2235  0.0000  0.0000  0.0000
 0.2769  0.0000  0.0150  0.2234  0.3969  0.0144  0.1341  0.0343  0.1920  1.0000  0.1749  0.0298  0.1603  0.1071  0.1652  0.2387  0.2057  0.2015  0.0802  0.0408  0.0000  0.0112  0.0000  0.0000  0.0000
 0.6394  0.0000  0.0041  0.1631  0.4111  0.0038  0.0291  0.0637  0.0143  0.1038  0.0230  0.0081  0.0718  0.0210  0.1722  0.0400  1.0000  0.5963  0.1375  0.0013  0.0000  0.0029  0.0000  0.0000  0.0000
 0.1285  0.0000  0.0074  0.0349  0.2915  0.0049  1.0000  0.0072  0.0114  0.0451  0.0382  0.0656  0.0279  0.0247  0.0730  0.0261  0.2391  0.2425  0.0213  0.0019  0.0000  0.0046  0.0000  0.0000  0.0000
 0.3321  0.0000  0.0198  0.2667  0.4036  0.0200  0.1704  0.0455  0.1085  0.3374  1.0000  0.0584  0.2100  0.1799  0.2379  0.1909  0.4441  0.2742  0.1047  0.0067  0.0000  0.0166  0.0000  0.0000  0.0000
 0.3131  0.0000  0.0164  0.2321  0.7466  0.0153  0.1620  0.0374  0.0576  1.0000  0.0930  0.0326  0.3498  0.4513  0.2410  0.8176  0.6051  0.2922  0.1731  0.0053  0.0000  0.0116  0.0000  0.0000  0.0000
 0.3577  0.0000  0.0283  0.1345  0.2118  0.1130  0.3059  0.1406  0.1247  0.7134  0.1546  0.0427  0.1537  0.0720  0.1405  1.0000  0.3827  0.2568  0.1049  0.0227  0.0000  0.1127  0.0000  0.0000  0.0000
 0.2420  0.0000  0.1493  0.1524  0.1826  0.4459  0.1569  0.2582  0.2935  0.1383  0.6272  0.1052  0.1462  0.1369  0.1398  0.1655  0.4508  0.3342  1.0000  0.0881  0.0000  0.8798  0.0000  0.0000  0.0000
 0.1301  0.0000  0.0028  0.0090  0.0427  0.0013  1.0000  0.0020  0.0021  0.0052  0.0030  0.0015  0.0559  0.0437  0.0037  0.0032  0.1757  0.2181  0.0049  0.0006  0.0000  0.0016  0.0000  0.0000  0.0000
 0.4372  0.0000  0.0142  0.2993  0.2619  0.0135  0.2454  0.0325  0.1318  0.2419  0.0787  0.0276  0.2082  0.1656  0.3606  0.2363  1.0000  0.1501  0.0744  0.0046  0.0000  0.0108  0.0000  0.0000  0.0000
 0.5555  0.0000  0.0334  0.3284  0.5254  0.0493  0.2778  0.0806  0.2344  0.6079  0.3730  0.1404  0.3635  0.1478  0.4055  0.2809  0.4671  1.0000  0.5821  0.0151  0.0000  0.0533  0.0000  0.0000  0.0000
 0.9365  0.0000  0.0448  0.5036  1.0000  0.0452  0.9822  0.1011  0.2578  0.7459  0.3091  0.0865  0.3986  0.4165  0.5726  0.4222  0.9805  0.5446  0.2330  0.0152  0.0000  0.0378  0.0000  0.0000  0.0000
 1.0000  0.0000  0.2317  0.3461  0.6979  0.0302  0.3816  0.0690  0.1047  0.5131  0.2820  0.0592  0.3559  0.3960  0.4066  0.2902  0.9165  0.3905  0.1594  0.0102  0.0000  0.0248  0.0000  0.0000  0.0000
 0.2216  0.0000  0.0153  0.4394  1.0000  0.0150  0.1109  0.0367  0.1770  0.2695  0.0866  0.0306  0.2146  0.1810  0.5622  0.1491  0.4010  0.2407  0.0823  0.0053  0.0000  0.0122  0.0000  0.0000  0.0000
 0.8304  0.0000  0.0522  0.5644  1.0000  0.0612  0.3532  0.2523  0.3015  0.9976  0.3433  0.1024  0.4574  0.2571  0.6754  0.8841  0.7375  0.5303  0.2706  0.0208  0.0000  0.0594  0.0000  0.0000  0.0000
 0.6862  0.0000  0.0487  0.5657  1.0000  0.0465  0.4690  0.1145  0.1710  0.9249  0.2776  0.0972  0.5379  0.3333  0.6419  0.9209  0.6654  0.6385  0.3290  0.0164  0.0000  0.0373  0.0000  0.0000  0.0000
 0.2670  0.0000  0.0446  0.1208  0.1672  0.0349  0.1066  0.0680  0.1884  0.4083  0.1140  0.0480  0.2029  0.8180  0.5052  0.5779  0.8251  1.0000  0.1350  0.0203  0.0000  0.0484  0.0000  0.0000  0.0000
 0.4975  0.0000  0.1245  0.2684  0.3381  0.1367  0.2599  0.1547  0.1491  0.5669  0.4094  0.0850  0.2295  0.1681  0.3577  1.0000  0.3376  0.2738  0.2303  0.0417  0.0000  0.1855  0.0000  0.0000  0.0000
 0.2659  0.0000  0.0513  0.0244  0.0447  0.0662  0.0264  0.0152  0.4186  0.0528  0.3794  0.2758  0.0392  1.0000  0.0415  0.0345  0.1293  0.3631  0.5020  0.0107  0.0000  0.0172  0.0000  0.0000  0.0000
 0.0723  0.0000  0.0150  0.2958  0.0250  0.0078  0.0311  0.0116  0.0210  0.0325  0.0198  0.0107  0.0709  0.0376  0.0251  0.0198  0.8350  1.0000  0.0333  0.0050  0.0000  0.0098  0.0000  0.0000  0.0000
 0.7638  0.0000  0.0074  0.0121  0.0086  0.0034  0.0205  0.0033  0.0084  0.0121  0.0091  0.0047  0.0202  0.0181  0.0092  0.0078  0.8439  1.0000  0.0158  0.0019  0.0000  0.0035  0.0000  0.0000  0.0000
 0.5307  0.0000  0.0484  0.0135  0.0370  0.0294  0.0234  0.0095  0.2362  0.0373  0.2797  0.0540  0.0182  0.1832  0.0281  0.0218  0.0531  0.1636  1.0000  0.0050  0.0000  0.0092  0.0000  0.0000  0.0000
 0.0574  0.0000  0.0112  0.2743  0.0467  0.0070  0.0500  0.0152  0.0138  0.0325  0.0154  0.0072  0.0792  0.0314  0.0260  0.0184  0.1467  1.0000  0.0229  0.0043  0.0000  0.0104  0.0000  0.0000  0.0000
 0.1382  0.0000  0.0072  0.0104  0.0081  0.0036  0.0124  0.0032  0.0156  0.0111  0.0129  0.0055  0.0179  0.0154  0.0085  0.0070  0.2909  1.0000  0.3271  0.0018  0.0000  0.0032  0.0000  0.0000  0.0000
 1.0000  0.0000  0.1286  0.1654  0.2131  0.2151  0.5493  0.1450  0.5008  0.2187  0.3725  0.1151  0.1687  0.2628  0.1651  0.1777  0.5582  0.2960  0.6081  0.0564  0.0000  0.2620  0.0000  0.0000  0.0000
 0.3397  0.0000  0.0917  0.0924  0.1509  0.3703  0.1353  0.2257  0.4689  0.2093  1.0000  0.2499  0.1373  0.1207  0.1749  0.2056  0.1824  0.2442  0.5093  0.0798  0.0000  0.3598  0.0000  0.0000  0.0000
 0.3118  0.0000  0.0374  0.0910  0.0538  0.0190  0.0730  0.0247  0.0519  0.0767  0.0498  0.0266  0.3922  0.0930  0.0588  0.0479  0.6993  1.0000  0.0844  0.0120  0.0000  0.0225  0.0000  0.0000  0.0000
 0.0000  0.0000  0.0000  0.0000  0.0000  0.0000  1.0000  0.0000  0.0000  0.0000  0.0000  0.0000  0.0000  0.0000  0.0000  0.0000  0.0000  0.0000  0.0000  0.0000  0.0000  0.0000  0.0000  0.0000  0.0000
 0.0109  0.0000  0.0021  0.0044  0.0027  0.0010  0.0039  0.0012  0.0029  0.0040  0.0027  0.0015  0.0076  0.0051  0.0031  0.0025  1.0000  0.2805  0.0047  0.0007  0.0000  0.0012  0.0000  0.0000  0.0000
 0.0000  0.0000  0.0000  0.0000  0.0000  0.0000  0.0000  0.0000  0.0000  1.0000  0.0000  0.0000  0.0000  0.0000  0.0000  0.0000  0.0000  0.0000  0.0000  0.0000  0.0000  0.0000  0.0000  0.0000  0.0000
//
