ID   UNK_ID; MATRIX
AC   UNK_AC
DE   UNK_DE
MA   UNK_BL
  A   B   C   D   E   F   G   H   I   K   L   M   N   P   Q   R   S   T   V   W   X   Y   Z   *   -
 0.0069  0.0000  0.0016  0.0006  0.0013  0.0057  0.0008  0.0005  0.1451  0.0016  0.0321  1.0000  0.0009  0.0017  0.0013  0.0012  0.0015  0.0052  0.1571  0.0007  0.0000  0.0014  0.0000  0.0000  0.0000
 0.0051  0.0000  0.0011  1.0000  0.0059  0.0009  0.0381  0.0031  0.0006  0.0045  0.0014  0.0004  0.0152  0.0037  0.0032  0.0026  0.0082  0.0035  0.0011  0.0006  0.0000  0.0018  0.0000  0.0000  0.0000
 0.2909  0.0000  0.0181  0.0198  0.0219  0.0386  0.0960  0.0064  0.0136  0.0226  0.0278  0.0103  0.0179  0.1129  0.0151  0.0166  0.0900  0.0357  0.0350  0.0095  0.0000  1.0000  0.0000  0.0000  0.0000
 0.0097  0.0000  0.0001  1.0000  0.4375  0.0009  0.0038  0.0024  0.0012  0.0098  0.0022  0.0009  0.0043  0.0059  0.1222  0.0026  0.0050  0.0043  0.0022  0.0004  0.0000  0.0012  0.0000  0.0000  0.0000
 0.1070  0.0000  0.0260  0.0414  0.0263  1.0000  0.3041  0.0148  0.0252  0.0250  0.0561  0.0140  0.0319  0.0527  0.0187  0.0263  0.0611  0.0324  0.0356  0.0296  0.0000  0.0895  0.0000  0.0000  0.0000
 0.0041  0.0000  0.0004  0.0014  0.0057  0.0008  0.0033  0.0037  0.0017  1.0000  0.0040  0.0013  0.1097  0.0032  0.0095  0.1289  0.0036  0.0044  0.0023  0.0006  0.0000  0.0018  0.0000  0.0000  0.0000
 0.7963  0.0000  0.1942  0.4005  0.6227  0.7253  0.4445  0.5726  0.4824  0.5821  0.7600  0.3626  0.5228  0.2909  0.4767  0.5467  0.6471  0.5772  0.7485  0.1878  0.0000  1.0000  0.0000  0.0000  0.0000
 0.0134  0.0000  0.0013  0.0046  0.1650  0.0026  0.1264  0.0112  0.0053  1.0000  0.0126  0.0042  0.0133  0.0102  0.0300  0.2538  0.0111  0.0137  0.0072  0.0020  0.0000  0.0057  0.0000  0.0000  0.0000
 0.4933  0.0000  0.0681  0.1157  0.0811  0.0345  0.2571  0.0320  0.0738  0.1110  0.2605  0.0448  0.1801  0.1690  0.0826  0.0730  0.8333  1.0000  0.1389  0.0174  0.0000  0.0341  0.0000  0.0000  0.0000
 0.7688  0.0000  0.0534  0.6200  1.0000  0.0505  0.3922  0.1209  0.1939  0.9186  0.2992  0.1050  0.5045  0.2761  0.6084  0.5186  0.7489  0.5878  0.2831  0.0173  0.0000  0.0392  0.0000  0.0000  0.0000
 0.7651  0.0000  0.0525  0.6152  1.0000  0.0492  0.3956  0.1194  0.1951  0.9379  0.2965  0.1172  0.5126  0.2694  0.5851  0.5151  0.7308  0.5759  0.2802  0.0169  0.0000  0.0376  0.0000  0.0000  0.0000
 0.2752  0.0000  0.0197  0.2261  1.0000  0.0194  0.1393  0.0479  0.1610  0.4188  0.1129  0.0395  0.3812  0.1019  0.3603  0.2540  0.2663  0.3454  0.1389  0.0070  0.0000  0.0165  0.0000  0.0000  0.0000
 0.0088  0.0000  0.0015  0.0242  0.0083  0.0012  0.0544  0.0058  0.0010  0.0124  0.0021  0.0008  0.1158  0.0052  0.0065  1.0000  0.0605  0.0070  0.0018  0.0007  0.0000  0.0030  0.0000  0.0000  0.0000
 0.5275  0.0000  0.0401  0.2368  1.0000  0.0272  0.1753  0.0486  0.0861  0.3178  0.1208  0.0474  0.2114  0.2243  0.2095  0.2278  0.9144  0.7507  0.1608  0.0120  0.0000  0.0249  0.0000  0.0000  0.0000
 0.0980  0.0000  0.0006  0.0010  0.0076  0.0011  0.0042  0.0048  0.0023  0.8341  0.0055  0.0018  0.0053  0.0044  0.0128  1.0000  0.0047  0.0059  0.0032  0.0009  0.0000  0.0024  0.0000  0.0000  0.0000
 1.0000  0.0000  0.1136  0.1025  0.1103  0.0678  0.4689  0.0292  0.1601  0.1301  0.1799  0.0705  0.1232  0.3524  0.0913  0.0894  0.7651  0.5506  0.5477  0.0406  0.0000  0.0523  0.0000  0.0000  0.0000
 0.4618  0.0000  0.0822  0.0773  0.4349  0.0792  0.0181  0.0244  0.4612  0.0907  0.4962  0.1877  0.0409  0.1029  0.0921  0.0487  0.0775  0.2935  1.0000  0.0124  0.0000  0.0222  0.0000  0.0000  0.0000
 0.1303  0.0000  0.0032  1.0000  0.7103  0.0125  0.0690  0.0367  0.0154  0.1344  0.0290  0.0118  0.0893  0.0801  0.2075  0.0384  0.0797  0.0608  0.0296  0.2013  0.0000  0.0186  0.0000  0.0000  0.0000
 0.0606  0.0000  0.2594  0.0070  0.0117  0.0513  0.0149  0.0061  0.1130  0.0179  1.0000  0.0654  0.0115  0.0187  0.2146  0.0146  0.0306  0.0756  0.1007  0.0066  0.0000  0.0082  0.0000  0.0000  0.0000
 0.1106  0.0000  0.0316  0.0761  0.0749  1.0000  0.1049  0.0567  0.1095  0.1170  0.2857  0.0692  0.0831  0.0567  0.4083  0.1042  0.0819  0.0684  0.0929  0.0309  0.0000  0.4286  0.0000  0.0000  0.0000
 0.0093  0.0000  0.0004  0.1863  1.0000  0.0010  0.0074  0.0033  0.0011  0.0099  0.0021  0.0008  0.1510  0.0059  0.5561  0.0031  0.0688  0.0049  0.0021  0.0005  0.0000  0.0016  0.0000  0.0000  0.0000
 0.0169  0.0000  0.0046  0.0047  0.0092  0.1860  0.0085  0.0118  0.0370  0.2185  0.1715  0.0239  0.0088  0.0077  0.0131  0.0209  0.0103  0.0123  0.0259  0.0053  0.0000  1.0000  0.0000  0.0000  0.0000
 0.0680  0.0000  0.0017  0.2442  1.0000  0.0064  0.0347  0.0188  0.0083  0.3100  0.0155  0.0063  0.1719  0.0415  0.0884  0.0216  0.0412  0.0321  0.2067  0.0031  0.0000  0.0095  0.0000  0.0000  0.0000
 1.0000  0.0000  0.1042  0.2210  0.2699  0.1735  0.6890  0.1366  0.2935  0.7912  0.8562  0.2084  0.2861  0.3597  0.3251  0.6451  0.5634  0.2953  0.3083  0.0511  0.0000  0.0968  0.0000  0.0000  0.0000
 0.2779  0.0000  0.0837  0.0172  0.0684  0.0678  0.0114  0.0108  0.7108  0.0475  0.3675  0.0890  0.0241  0.0587  0.0324  0.0292  0.0471  0.2058  1.0000  0.0095  0.0000  0.0262  0.0000  0.0000  0.0000
 0.0019  0.0000  0.0002  0.0007  0.0027  0.0004  0.0017  0.0015  0.0007  1.0000  0.0018  0.0006  0.0018  0.0016  0.2348  0.0095  0.0015  0.0018  0.0010  0.0003  0.0000  0.0008  0.0000  0.0000  0.0000
 0.0011  0.0000  0.0004  0.0002  0.0003  0.0014  0.0005  0.0000  1.0000  0.0004  0.0074  0.0013  0.0003  0.0002  0.0001  0.0003  0.0004  0.0012  0.5746  0.0002  0.0000  0.0007  0.0000  0.0000  0.0000
 0.0000  0.0000  0.0000  0.0000  0.0000  0.0000  1.0000  0.0000  0.0000  0.0000  0.0000  0.0000  0.0000  0.0000  0.0000  0.0000  0.0000  0.0000  0.0000  0.0000  0.0000  0.0000  0.0000  0.0000  0.0000
 0.0092  0.0000  0.0010  0.0158  1.0000  0.0017  0.0089  0.0041  0.0023  0.0230  0.0050  0.0015  0.0059  0.0080  0.0128  0.5658  0.0060  0.0058  0.0034  0.0013  0.0000  0.0024  0.0000  0.0000  0.0000
 0.0000  0.0000  0.0000  0.0000  0.0000  0.0000  1.0000  0.0000  0.0000  0.0000  0.0000  0.0000  0.0000  0.0000  0.0000  0.0000  0.0000  0.0000  0.0000  0.0000  0.0000  0.0000  0.0000  0.0000  0.0000
 0.0024  0.0000  0.0005  0.0008  0.0006  0.0005  0.0012  0.0003  0.0009  0.0008  0.0013  0.0076  0.0012  0.0011  0.0006  0.0006  0.0050  1.0000  0.0014  0.0002  0.0000  0.0004  0.0000  0.0000  0.0000
 0.0000  0.0000  0.0000  0.0000  0.0000  0.0000  0.0000  0.0000  0.0000  0.0000  0.0000  0.0000  0.0000  0.0000  0.0000  0.0000  0.0000  0.0000  0.0000  0.0000  0.0000  1.0000  0.0000  0.0000  0.0000
 0.0023  0.0000  0.0006  0.0120  0.0013  0.0005  1.0000  0.0008  0.0004  0.0013  0.0008  0.0002  0.0029  0.0018  0.0009  0.0010  0.0022  0.0011  0.0007  0.0004  0.0000  0.0006  0.0000  0.0000  0.0000
 0.1717  0.0000  0.0426  0.0279  0.0519  0.2177  0.0418  0.0667  0.3919  0.0768  1.0000  0.2272  0.0470  0.0584  0.0731  0.0725  0.0666  0.1207  0.3540  0.0342  0.0000  0.0996  0.0000  0.0000  0.0000
 0.0000  0.0000  0.0000  0.0000  0.0000  0.0000  0.0000  0.0000  0.0000  0.0000  0.0000  0.0000  0.0000  0.0000  0.0000  0.0000  0.0000  0.0000  1.0000  0.0000  0.0000  0.0000  0.0000  0.0000  0.0000
 0.0006  0.0000  0.0003  0.0001  0.0002  0.2558  0.0001  0.0000  0.0013  0.0000  0.0032  0.0006  0.0000  0.0002  0.0000  0.0000  0.0004  0.0004  0.0012  0.0030  0.0000  1.0000  0.0000  0.0000  0.0000
 0.0696  0.0000  0.0163  0.0089  0.0254  0.1625  0.0182  0.0182  0.3053  0.2393  1.0000  0.2592  0.0216  0.0315  0.0476  0.0613  0.0237  0.0430  0.1714  0.0200  0.0000  0.0232  0.0000  0.0000  0.0000
 1.0000  0.0000  0.0007  0.0006  0.0007  0.0003  0.0128  0.0001  0.0003  0.0007  0.0007  0.0003  0.0005  0.0019  0.0005  0.0005  0.0037  0.0013  0.0012  0.0001  0.0000  0.0002  0.0000  0.0000  0.0000
 0.0028  0.0000  0.0003  0.0005  0.0039  0.0006  0.0020  0.0284  0.0012  0.6350  0.0028  0.0009  0.0027  0.0022  0.0066  1.0000  0.0023  0.0030  0.0016  0.0004  0.0000  0.0013  0.0000  0.0000  0.0000
 0.5797  0.0000  0.1860  0.2283  0.3334  0.7066  0.3611  0.5812  0.4302  0.5616  0.7809  0.2545  0.3715  0.2520  0.3901  0.6530  0.5896  0.6769  0.5427  0.2223  0.0000  1.0000  0.0000  0.0000  0.0000
 0.0039  0.0000  0.0004  0.0022  0.0032  0.0007  0.0054  0.0017  0.0011  1.0000  0.0025  0.0006  0.0023  0.0511  0.0037  0.0083  0.0029  0.0024  0.0015  0.0007  0.0000  0.0010  0.0000  0.0000  0.0000
 0.0126  0.0000  0.0002  1.0000  0.8991  0.0011  0.0049  0.0031  0.0015  0.0127  0.0028  0.0011  0.0057  0.0889  0.1066  0.0034  0.2402  0.0056  0.0029  0.0005  0.0000  0.0016  0.0000  0.0000  0.0000
 0.7645  0.0000  0.0552  0.6191  1.0000  0.0549  0.4865  0.1300  0.2277  0.9804  0.3088  0.1083  0.5070  0.3152  0.6116  0.6362  0.7499  0.6588  0.2891  0.0195  0.0000  0.0469  0.0000  0.0000  0.0000
 0.7704  0.0000  0.0507  0.5951  0.9936  0.0473  0.3768  0.1152  0.1978  1.0000  0.3011  0.1005  0.4807  0.2829  0.5666  0.5423  0.7802  0.5637  0.3537  0.0163  0.0000  0.0359  0.0000  0.0000  0.0000
 0.3284  0.0000  0.0616  0.9829  0.4173  0.0454  0.5373  0.1709  0.0682  0.3332  0.0921  0.0396  0.9617  0.2433  0.2366  0.2429  0.8631  1.0000  0.1083  0.0246  0.0000  0.0919  0.0000  0.0000  0.0000
 0.0802  0.0000  0.0047  0.2491  0.2384  0.0044  1.0000  0.0109  0.0163  0.1750  0.0263  0.0406  0.6919  0.0242  0.0996  0.0458  0.1451  0.0816  0.0249  0.0015  0.0000  0.0035  0.0000  0.0000  0.0000
 0.0397  0.0000  0.0031  0.0259  0.9862  0.0052  0.0232  0.0194  0.0127  1.0000  0.0261  0.0088  0.0310  0.1044  0.0907  0.3750  0.1261  0.1373  0.0179  0.0033  0.0000  0.0092  0.0000  0.0000  0.0000
 0.6206  0.0000  0.0463  0.6106  1.0000  0.0439  0.2999  0.1022  0.1915  0.7385  0.2380  0.0871  0.4017  0.2645  0.4904  0.4011  0.6816  0.6296  0.2335  0.0166  0.0000  0.0372  0.0000  0.0000  0.0000
 0.0130  0.0000  0.0052  0.0032  0.0040  0.1556  0.0061  0.0001  1.0000  0.0049  0.1071  0.0193  0.0032  0.0030  0.0014  0.0040  0.0072  0.0146  0.5604  0.0178  0.0000  0.6360  0.0000  0.0000  0.0000
 1.0000  0.0000  0.0000  0.0000  0.0000  0.0000  0.0000  0.0000  0.0000  0.0000  0.0000  0.0000  0.0000  0.0000  0.0000  0.0000  0.0000  0.0000  0.0000  0.0000  0.0000  0.0000  0.0000  0.0000  0.0000
 0.0015  0.0000  0.0004  0.0002  0.0004  0.0041  0.0003  0.0003  0.3142  0.0005  1.0000  0.0050  0.0004  0.0006  0.0008  0.0005  0.0004  0.0009  0.0046  0.0005  0.0000  0.0006  0.0000  0.0000  0.0000
 0.0012  0.0000  0.0002  0.0016  0.0015  0.0003  0.0020  0.0009  0.0004  1.0000  0.0009  0.0003  0.0127  0.0012  0.0018  0.0040  0.0014  0.0011  0.0005  0.0002  0.0000  0.0005  0.0000  0.0000  0.0000
 0.0064  0.0000  0.0006  0.0014  0.0088  0.0016  0.0045  0.0053  0.0031  1.0000  0.0897  0.0024  0.0059  0.0049  0.4858  0.0351  0.0051  0.0065  0.0038  0.0010  0.0000  0.0027  0.0000  0.0000  0.0000
 0.0018  0.0000  0.0008  0.0004  0.0005  0.3339  0.0008  0.0002  1.0000  0.0003  0.0149  0.0031  0.0003  0.0008  0.0004  0.0004  0.0010  0.0012  0.0060  0.0047  0.0000  0.0185  0.0000  0.0000  0.0000
 0.0034  0.0000  0.0000  0.1002  1.0000  0.0003  0.0013  0.0008  0.0004  0.1511  0.0007  0.0003  0.0015  0.0020  0.0044  0.0009  0.0017  0.0015  0.0008  0.0001  0.0000  0.0004  0.0000  0.0000  0.0000
 0.0388  0.0000  0.0072  0.4279  0.0385  0.0057  1.0000  0.0252  0.0035  0.0369  0.0079  0.0027  0.1333  0.0244  0.0242  0.3026  0.0688  0.0272  0.0069  0.0032  0.0000  0.0132  0.0000  0.0000  0.0000
 0.0637  0.0000  0.0015  0.5717  1.0000  0.0058  0.0260  0.0157  0.0081  0.0631  0.0143  0.0060  0.0320  0.0384  0.1360  0.0175  0.0776  0.5631  0.0153  0.0028  0.0000  0.0081  0.0000  0.0000  0.0000
 0.0000  0.0000  0.0000  0.0000  0.0000  0.0000  1.0000  0.0000  0.0000  0.0000  0.0000  0.0000  0.0000  0.0000  0.0000  0.0000  0.0000  0.0000  0.0000  0.0000  0.0000  0.0000  0.0000  0.0000  0.0000
 0.0064  0.0000  0.0022  0.0015  0.0019  0.4475  0.0030  0.0003  0.4859  0.0029  0.3686  0.0128  0.0019  0.0015  0.0015  0.0025  0.0028  0.0071  1.0000  0.0015  0.0000  0.0046  0.0000  0.0000  0.0000
 0.3791  0.0000  0.0392  0.0593  0.0492  0.0203  0.2384  0.0163  0.0247  0.0574  0.0494  0.0192  0.0553  0.6191  0.0375  0.0431  1.0000  0.1366  0.0684  0.0115  0.0000  0.0178  0.0000  0.0000  0.0000
 1.0000  0.0000  0.1268  0.1080  0.1237  0.1770  0.4269  0.0396  0.4759  0.1529  0.8859  0.3117  0.1440  0.3235  0.1194  0.1089  0.7638  0.6883  0.5849  0.0340  0.0000  0.0563  0.0000  0.0000  0.0000
 0.0043  0.0000  0.0009  0.0018  0.0011  0.0004  0.0014  0.0005  0.0012  0.0017  0.0011  0.0006  0.0032  0.0021  0.0013  0.0011  0.6047  1.0000  0.0020  0.0003  0.0000  0.0005  0.0000  0.0000  0.0000
 1.0000  0.0000  0.0000  0.0000  0.0000  0.0000  0.0000  0.0000  0.0000  0.0000  0.0000  0.0000  0.0000  0.0000  0.0000  0.0000  0.0000  0.0000  0.0000  0.0000  0.0000  0.0000  0.0000  0.0000  0.0000
 0.0293  0.0000  0.5959  0.0125  0.0087  0.0194  0.0311  0.0067  1.0000  0.0043  0.0469  0.0118  0.0084  0.0128  0.0070  0.0098  0.0106  0.0181  0.0512  0.0079  0.0000  0.0152  0.0000  0.0000  0.0000
 0.0000  0.0000  0.0000  0.0000  0.0000  0.0000  0.0000  0.0000  0.0000  0.0000  0.0000  0.0000  0.0000  0.0000  0.0000  1.0000  0.0000  0.0000  0.0000  0.0000  0.0000  0.0000  0.0000  0.0000  0.0000
 0.0000  0.0000  0.0000  0.0000  1.0000  0.0000  0.0000  0.0000  0.0000  0.0000  0.0000  0.0000  0.0000  0.0000  0.0000  0.0000  0.0000  0.0000  0.0000  0.0000  0.0000  0.0000  0.0000  0.0000  0.0000
 0.0000  0.0000  0.0000  0.0000  0.0000  0.0000  0.0000  0.0000  1.0000  0.0000  0.0000  0.0000  0.0000  0.0000  0.0000  0.0000  0.0000  0.0000  0.0000  0.0000  0.0000  0.0000  0.0000  0.0000  0.0000
 1.0000  0.0000  0.0398  0.0326  0.0415  0.0159  0.2179  0.0102  0.0214  0.3517  0.0432  0.3870  0.0326  0.1009  0.0353  0.0472  0.5362  0.0963  0.0706  0.0061  0.0000  0.0132  0.0000  0.0000  0.0000
 0.0013  0.0000  0.0003  0.0002  0.0003  0.0034  0.0003  0.0003  0.2293  0.0004  1.0000  0.0042  0.0003  0.0005  0.0006  0.0004  0.0004  0.0007  0.0037  0.0004  0.0000  0.0005  0.0000  0.0000  0.0000
 0.0000  0.0000  0.0000  0.0000  0.0000  0.0000  0.0000  0.0000  0.0000  0.0000  1.0000  0.0000  0.0000  0.0000  0.0000  0.0000  0.0000  0.0000  0.0000  0.0000  0.0000  0.0000  0.0000  0.0000  0.0000
 0.0023  0.0000  0.0002  0.0005  0.0032  0.0005  0.0018  0.0020  0.0010  0.6445  0.0023  0.0008  0.0022  0.0019  0.0053  1.0000  0.0019  0.0024  0.0013  0.0004  0.0000  0.0010  0.0000  0.0000  0.0000
 0.0033  0.0000  0.0001  0.0080  1.0000  0.0004  0.0018  0.0010  0.0005  0.2282  0.0010  0.0004  0.0016  0.0022  0.0044  0.0024  0.0018  0.0016  0.0009  0.0002  0.0000  0.0005  0.0000  0.0000  0.0000
 0.0036  0.0000  0.0768  0.0004  0.0009  0.0079  0.0007  0.0006  0.3599  0.0011  1.0000  0.3710  0.0008  0.0013  0.0015  0.0011  0.0010  0.0023  0.0518  0.0009  0.0000  0.0011  0.0000  0.0000  0.0000
 0.1439  0.0000  0.0169  0.0951  0.1623  0.0285  0.0745  0.4816  0.0906  1.0000  0.0778  0.0278  0.2532  0.0644  0.5233  0.1953  0.3504  0.2744  0.1129  0.0109  0.0000  0.0391  0.0000  0.0000  0.0000
 0.0000  0.0000  0.0000  0.0000  0.0000  0.0000  0.0000  1.0000  0.0000  0.0000  0.0000  0.0000  0.0000  0.0000  0.0000  0.0000  0.0000  0.0000  0.0000  0.0000  0.0000  0.0000  0.0000  0.0000  0.0000
 0.3766  0.0000  0.0225  0.3857  1.0000  0.0261  0.2819  0.0698  0.0753  0.4588  0.1278  0.0455  0.2319  0.4279  0.4534  0.3146  0.3026  0.2436  0.1181  0.0108  0.0000  0.0284  0.0000  0.0000  0.0000
 0.0000  0.0000  0.0000  0.0000  0.0000  0.0000  0.0000  0.0000  0.0000  0.0000  0.0000  0.0000  1.0000  0.0000  0.0000  0.0000  0.0000  0.0000  0.0000  0.0000  0.0000  0.0000  0.0000  0.0000  0.0000
 0.0008  0.0000  0.0003  0.0002  0.0002  0.0012  0.0004  0.0000  0.3448  0.0003  0.0497  0.0011  0.0002  0.0002  0.0001  0.0003  0.0003  0.0009  1.0000  0.0001  0.0000  0.0005  0.0000  0.0000  0.0000
 0.0013  0.0000  0.0004  0.0003  0.0004  0.0016  0.0005  0.0000  1.0000  0.0005  0.0087  0.0016  0.0003  0.0002  0.0002  0.0004  0.0005  0.0015  0.7711  0.0002  0.0000  0.0008  0.0000  0.0000  0.0000
 0.2941  0.0000  0.0060  0.0542  0.1024  0.0074  0.0420  0.1043  0.0218  1.0000  0.0398  0.0137  0.2108  0.0344  0.2808  0.6440  0.2993  0.3708  0.0319  0.0038  0.0000  0.0101  0.0000  0.0000  0.0000
 0.0000  0.0000  0.0000  0.0000  0.0000  0.0000  0.0000  0.0000  0.0000  0.0000  1.0000  0.0000  0.0000  0.0000  0.0000  0.0000  0.0000  0.0000  0.0000  0.0000  0.0000  0.0000  0.0000  0.0000  0.0000
 0.4685  0.0000  0.0825  0.0419  0.2276  0.0962  0.0928  0.1348  0.4964  1.0000  0.5209  0.1473  0.1472  0.1722  0.5428  0.7576  0.1556  0.3753  0.9447  0.0305  0.0000  0.0816  0.0000  0.0000  0.0000
 0.1604  0.0000  0.0254  0.9485  0.6966  0.0254  0.4046  0.1204  0.0227  0.5047  0.0456  0.0165  1.0000  0.1115  0.1722  0.4895  0.3036  0.1410  0.0370  0.0130  0.0000  0.0599  0.0000  0.0000  0.0000
 0.0009  0.0000  0.0003  0.0002  0.0002  0.0009  0.0003  0.0000  0.2370  0.0003  0.0047  0.0009  0.0002  0.0002  0.0001  0.0002  0.0003  0.0009  1.0000  0.0001  0.0000  0.0004  0.0000  0.0000  0.0000
 0.3255  0.0000  0.0693  0.0230  0.0584  0.2578  0.0194  0.0786  0.5366  0.0649  1.0000  0.2347  0.0375  0.0820  0.0628  0.0484  0.0622  0.2236  0.8100  0.0247  0.0000  0.0452  0.0000  0.0000  0.0000
 0.0176  0.0000  0.0042  0.0019  0.0040  0.0315  0.0025  0.0181  0.5762  0.0052  1.0000  0.0396  0.0036  0.0063  0.0068  0.0047  0.0056  0.4164  0.0444  0.0037  0.0000  0.0042  0.0000  0.0000  0.0000
 0.0102  0.0000  0.0021  0.0073  0.0035  0.0011  0.0050  0.0018  0.0030  0.0048  0.0028  0.0015  0.5634  0.0054  0.0036  0.0029  1.0000  0.1684  0.0047  0.0007  0.0000  0.0015  0.0000  0.0000  0.0000
 0.0472  0.0000  0.0078  0.0128  0.0255  0.0741  0.0275  1.0000  0.0249  0.0820  0.0507  0.0145  0.0228  0.2334  0.0336  0.0766  0.0306  0.0289  0.0421  0.0060  0.0000  0.0252  0.0000  0.0000  0.0000
 0.7857  0.0000  0.0209  0.0422  0.0311  0.0098  0.6297  0.0109  0.0221  0.0580  0.0261  0.0132  0.3466  0.0528  0.0289  0.0250  1.0000  0.6146  0.0827  0.0053  0.0000  0.0105  0.0000  0.0000  0.0000
 0.0288  0.0000  0.0021  1.0000  0.3597  0.0022  0.0171  0.0059  0.0066  0.0346  0.0365  0.0038  0.0952  0.1412  0.0241  0.1163  0.0673  0.0831  0.0103  0.0008  0.0000  0.0023  0.0000  0.0000  0.0000
 0.0624  0.0000  0.0354  0.1760  0.3051  0.0105  0.0424  0.0418  0.0213  0.7443  0.0479  0.4833  0.0574  0.0426  0.1180  1.0000  0.0516  0.0570  0.0296  0.0072  0.0000  0.0210  0.0000  0.0000  0.0000
 0.0887  0.0000  0.0223  0.0065  0.0232  0.0044  0.0303  0.0134  0.0079  1.0000  0.0179  0.0065  0.0178  0.0204  0.0361  0.7862  0.7997  0.0272  0.0144  0.0028  0.0000  0.0075  0.0000  0.0000  0.0000
 0.0048  0.0000  0.0016  0.0011  0.0014  0.0080  0.0021  0.0002  0.5570  0.0020  1.0000  0.0082  0.0013  0.0011  0.0009  0.0017  0.0020  0.0053  0.9425  0.0010  0.0000  0.0031  0.0000  0.0000  0.0000
 0.0012  0.0000  0.0006  0.0002  0.0003  0.1416  0.0002  0.0000  0.0026  0.0000  0.0063  0.0013  0.0000  0.0005  0.0000  0.0000  0.0008  0.0008  0.0024  0.4544  0.0000  1.0000  0.0000  0.0000  0.0000
 0.0011  0.0000  0.0003  0.0001  0.0003  0.0029  0.0002  0.0002  0.0053  0.0004  1.0000  0.2269  0.0003  0.0004  0.0005  0.0004  0.0003  0.0006  0.0029  0.0003  0.0000  0.0004  0.0000  0.0000  0.0000
 0.6198  0.0000  0.0111  0.0038  0.0086  0.0086  0.0134  0.0022  0.0519  0.0089  0.9331  0.0140  0.0047  0.0152  0.0068  0.0055  0.0351  0.0348  1.0000  0.0014  0.0000  0.0025  0.0000  0.0000  0.0000
 0.0007  0.0000  0.0004  0.0002  0.0002  1.0000  0.0003  0.0001  0.0801  0.0001  0.0050  0.0010  0.0001  0.0003  0.0001  0.0001  0.0004  0.0005  0.0016  0.0027  0.0000  0.0106  0.0000  0.0000  0.0000
 0.0039  0.0000  0.0001  1.0000  0.6512  0.0004  0.0018  0.0010  0.0005  0.0039  0.0009  0.0004  0.0020  0.0024  0.0050  0.0011  0.0021  0.0017  0.0009  0.0002  0.0000  0.0005  0.0000  0.0000  0.0000
 0.0005  0.0000  0.0003  0.0001  0.0001  0.1491  0.0001  0.0000  0.0011  0.0000  0.0027  0.0005  0.0000  0.0002  0.0000  0.0000  0.0004  0.0003  0.0010  0.0025  0.0000  1.0000  0.0000  0.0000  0.0000
 0.6356  0.0000  0.0185  0.0093  0.0177  0.1450  0.0299  0.0114  0.2749  0.0226  1.0000  0.3428  0.0156  0.0325  0.0306  0.0211  0.0336  0.0419  0.1684  0.0174  0.0000  0.0199  0.0000  0.0000  0.0000
 0.0056  0.0000  0.0001  0.6332  1.0000  0.0005  0.0024  0.0014  0.0007  0.0057  0.0013  0.0005  0.0027  0.0035  0.0073  0.0016  0.0030  0.0025  0.0013  0.0003  0.0000  0.0007  0.0000  0.0000  0.0000
 0.0309  0.0000  0.0091  0.0121  0.0130  0.0629  0.0186  1.0000  0.1122  0.0238  0.6050  0.0741  0.0159  0.0161  0.0190  0.0221  0.0145  0.0195  0.0651  0.0093  0.0000  0.0681  0.0000  0.0000  0.0000
 0.0000  0.0000  0.0000  1.0000  0.0000  0.0000  0.0000  0.0000  0.0000  0.0000  0.0000  0.0000  0.0000  0.0000  0.0000  0.0000  0.0000  0.0000  0.0000  0.0000  0.0000  0.0000  0.0000  0.0000  0.0000
 0.0000  0.0000  0.0000  0.0000  0.0000  0.0000  0.0000  0.0000  0.0000  0.0000  1.0000  0.0000  0.0000  0.0000  0.0000  0.0000  0.0000  0.0000  0.0000  0.0000  0.0000  0.0000  0.0000  0.0000  0.0000
 0.1944  0.0000  0.0282  0.0803  0.1817  0.0440  0.1282  0.1178  0.0728  1.0000  0.1418  0.0500  0.1876  0.1249  0.2806  0.6506  0.3056  0.5843  0.1024  0.4306  0.0000  0.3308  0.0000  0.0000  0.0000
 0.1925  0.0000  0.0175  0.4665  1.0000  0.0278  0.5307  0.7257  0.0372  0.8360  0.0823  0.0291  0.3416  0.1307  0.2789  0.3622  0.2083  0.1404  0.0581  0.0165  0.0000  0.0577  0.0000  0.0000  0.0000
 0.0440  0.0000  0.0113  0.0054  0.0113  0.1267  0.0087  0.2524  1.0000  0.0151  0.9125  0.1472  0.0108  0.0186  0.0229  0.0150  0.0123  0.0255  0.1219  0.0139  0.0000  0.0148  0.0000  0.0000  0.0000
 0.0028  0.0000  0.0008  0.0004  0.0007  0.0059  0.0008  0.0004  1.0000  0.0009  0.0305  0.3253  0.0006  0.0011  0.0011  0.0008  0.0008  0.0018  0.0113  0.0008  0.0000  0.0013  0.0000  0.0000  0.0000
 0.0177  0.0000  0.0019  0.4898  0.0297  0.0035  0.0186  0.0149  0.0063  1.0000  0.0148  0.0049  0.0267  0.0137  0.0364  0.6455  0.0181  0.0178  0.0086  0.0025  0.0000  0.0075  0.0000  0.0000  0.0000
 0.1578  0.0000  0.0549  0.0651  0.0848  1.0000  0.1030  0.7018  0.1218  0.0908  0.2008  0.0683  0.0972  0.0638  0.0912  0.1080  0.3406  0.1418  0.1554  0.0804  0.0000  0.3579  0.0000  0.0000  0.0000
 0.0284  0.0000  0.1684  0.0410  0.0166  0.0102  0.0521  1.0000  0.0089  0.0163  0.0146  0.0048  0.0426  0.0158  0.0128  0.0170  0.0280  0.0184  0.0134  0.0066  0.0000  0.0237  0.0000  0.0000  0.0000
 0.0000  0.0000  0.0000  0.0000  0.0000  0.0000  0.0000  0.0000  0.0000  0.0000  0.0000  0.0000  0.0000  0.0000  0.0000  1.0000  0.0000  0.0000  0.0000  0.0000  0.0000  0.0000  0.0000  0.0000  0.0000
 1.0000  0.0000  0.0131  0.7028  0.8610  0.0196  0.1549  0.0614  0.0268  0.1902  0.0457  0.0187  0.2354  0.1133  0.2097  0.0676  0.1981  0.2824  0.0495  0.0095  0.0000  0.0318  0.0000  0.0000  0.0000
 0.8372  0.0000  0.0165  0.0273  0.0219  0.0077  0.0529  0.0080  0.0180  0.5455  0.0209  0.0106  0.0433  0.0415  0.0224  0.0226  1.0000  0.4120  0.0350  0.0042  0.0000  0.0081  0.0000  0.0000  0.0000
 0.0959  0.0000  0.0180  0.0106  0.0457  0.0779  0.0254  0.0277  0.2115  1.0000  0.5126  0.0997  0.0322  0.0386  0.0714  0.1457  0.0362  0.0719  0.3842  0.0268  0.0000  0.0231  0.0000  0.0000  0.0000
 1.0000  0.0000  0.0024  0.0058  0.0054  0.0013  0.0861  0.0015  0.0145  0.0060  0.0034  0.0016  0.0415  0.0063  0.0636  0.0038  0.0881  0.0621  0.0050  0.0006  0.0000  0.0014  0.0000  0.0000  0.0000
 0.0416  0.0000  0.0062  0.8467  0.3245  0.0055  0.1496  0.1575  0.0074  0.1590  0.0131  0.0047  1.0000  0.0239  0.0362  0.0292  0.5210  0.3433  0.0116  0.0026  0.0000  0.0118  0.0000  0.0000  0.0000
 0.0069  0.0000  0.0007  0.0471  0.0097  0.0012  0.0052  0.0048  0.0025  1.0000  0.0055  0.0019  0.0075  0.0047  0.0339  0.3839  0.1950  0.0312  0.0035  0.0008  0.0000  0.0024  0.0000  0.0000  0.0000
 0.1101  0.0000  0.0114  0.0597  0.1123  0.0215  0.1571  0.0349  0.0838  0.9578  0.1522  0.0198  0.0638  1.0000  0.1731  0.1494  0.1803  0.0792  0.0990  0.0077  0.0000  0.0294  0.0000  0.0000  0.0000
 0.4497  0.0000  0.0307  0.5649  1.0000  0.0321  0.5333  0.0990  0.0951  0.5100  0.1561  0.0554  0.4879  0.5320  0.4694  0.2726  0.4235  0.3913  0.1475  0.0123  0.0000  0.0353  0.0000  0.0000  0.0000
 0.1267  0.0000  0.1613  0.0179  0.0326  0.6583  0.0236  0.0975  0.3019  0.0359  0.9955  0.7544  0.0285  0.0380  0.0386  0.0344  0.0398  0.1477  1.0000  0.0203  0.0000  0.0664  0.0000  0.0000  0.0000
 0.7954  0.0000  0.0622  0.6236  1.0000  0.0883  0.3994  0.1501  0.2073  0.9389  0.3529  0.1360  0.5016  0.3027  0.6543  0.5948  0.8099  0.5833  0.3413  0.0273  0.0000  0.0937  0.0000  0.0000  0.0000
 0.1449  0.0000  0.0406  0.0353  0.0853  0.6403  0.0544  0.0792  1.0000  0.5460  0.9353  0.1046  0.0772  0.0486  0.0890  0.0827  0.0724  0.1117  0.9537  0.0321  0.0000  0.1463  0.0000  0.0000  0.0000
 0.1484  0.0000  0.0356  0.9208  0.1924  0.0309  0.4560  0.1878  0.0212  0.1881  0.0369  0.0144  1.0000  0.5022  0.1277  0.0973  0.4596  0.4329  0.0340  0.0156  0.0000  0.1182  0.0000  0.0000  0.0000
 0.7179  0.0000  0.0510  0.5647  0.9218  0.0530  0.3869  0.1252  0.1765  1.0000  0.2982  0.1012  0.4589  0.5243  0.6261  0.7784  0.6998  0.5719  0.4361  0.0190  0.0000  0.0479  0.0000  0.0000  0.0000
 0.4890  0.0000  0.1196  0.5894  0.4538  0.3776  0.5666  0.4455  0.2505  1.0000  0.4475  0.1520  0.7801  0.2649  0.4884  0.8357  0.5636  0.4278  0.3297  0.1139  0.0000  0.5735  0.0000  0.0000  0.0000
 0.0333  0.0000  0.0079  0.0046  0.0088  0.0682  0.0067  0.0060  0.1314  0.0139  0.6986  1.0000  0.0089  0.0134  0.5802  0.0127  0.0164  0.5952  0.0803  0.0082  0.0000  0.0091  0.0000  0.0000  0.0000
 0.0103  0.0000  0.0005  0.0002  0.0004  0.0010  0.0003  0.0001  0.3648  0.0005  0.0055  0.0011  0.0003  0.0005  0.0003  0.0003  0.0005  0.0019  1.0000  0.0001  0.0000  0.0004  0.0000  0.0000  0.0000
 0.0000  0.0000  0.0000  0.0000  0.0000  0.0000  0.0000  0.0000  0.0000  1.0000  0.0000  0.0000  0.0000  0.0000  0.0000  0.0000  0.0000  0.0000  0.0000  0.0000  0.0000  0.0000  0.0000  0.0000  0.0000
 0.1430  0.0000  0.2320  0.0394  0.0269  0.0108  0.0514  0.0112  0.0291  0.0394  0.0292  0.1634  0.0686  0.0551  0.0302  0.0327  1.0000  0.4632  0.0516  0.0064  0.0000  0.0116  0.0000  0.0000  0.0000
 0.0038  0.0000  0.0019  0.0006  0.0010  0.4082  0.0006  0.0001  0.0093  0.0001  1.0000  0.0048  0.0001  0.0015  0.0002  0.0001  0.0025  0.0024  0.0079  0.0173  0.0000  0.3660  0.0000  0.0000  0.0000
 0.0011  0.0000  0.0003  0.0001  0.0003  0.0031  0.0002  0.0002  0.0057  0.0004  1.0000  0.2812  0.0003  0.0005  0.0006  0.0004  0.0003  0.0007  0.0031  0.0004  0.0000  0.0004  0.0000  0.0000  0.0000
 0.0375  0.0000  0.0045  0.0093  0.0494  0.0119  0.0275  0.0518  0.0171  0.4202  0.0387  0.0128  0.0472  0.0282  0.0825  0.3951  0.0314  0.0392  0.0226  0.4294  0.0000  1.0000  0.0000  0.0000  0.0000
 0.0000  0.0000  0.0000  0.0000  0.0000  0.0000  0.0000  0.0000  0.0000  0.0000  0.0000  0.0000  0.0000  0.0000  1.0000  0.0000  0.0000  0.0000  0.0000  0.0000  0.0000  0.0000  0.0000  0.0000  0.0000
 0.0025  0.0000  0.0007  0.0003  0.0006  0.0068  0.0005  0.0005  1.0000  0.0009  0.6574  0.0185  0.0006  0.0011  0.0013  0.0009  0.0007  0.0015  0.0079  0.0008  0.0000  0.0009  0.0000  0.0000  0.0000
 0.0000  0.0000  0.0000  0.0000  0.0000  0.0000  0.0000  0.0000  0.0000  0.0000  1.0000  0.0000  0.0000  0.0000  0.0000  0.0000  0.0000  0.0000  0.0000  0.0000  0.0000  0.0000  0.0000  0.0000  0.0000
 0.0924  0.0000  0.1099  1.0000  0.1742  0.0185  0.3039  0.1039  0.0111  0.1310  0.0226  0.0082  0.9821  0.0717  0.0871  0.3310  0.2439  0.4366  0.0181  0.0094  0.0000  0.0474  0.0000  0.0000  0.0000
 0.0000  0.0000  0.0000  0.0000  0.0000  0.0000  1.0000  0.0000  0.0000  0.0000  0.0000  0.0000  0.0000  0.0000  0.0000  0.0000  0.0000  0.0000  0.0000  0.0000  0.0000  0.0000  0.0000  0.0000  0.0000
 0.0028  0.0000  0.0007  0.0004  0.0007  0.0074  0.0006  0.0005  1.0000  0.0010  0.7545  0.0090  0.0007  0.0012  0.0014  0.0010  0.0008  0.0017  0.0097  0.0009  0.0000  0.0011  0.0000  0.0000  0.0000
 0.3997  0.0000  0.0073  0.1063  0.0342  0.0053  0.0862  1.0000  0.0036  0.0347  0.0076  0.0029  0.5326  0.0228  0.0224  0.0192  0.0684  0.0280  0.0080  0.0027  0.0000  0.0122  0.0000  0.0000  0.0000
 0.0000  0.0000  0.0000  0.0000  0.0000  0.0000  0.0000  0.0000  0.0000  0.0000  0.0000  0.0000  0.0000  0.0000  0.0000  0.0000  0.0000  0.0000  0.0000  0.0000  0.0000  1.0000  0.0000  0.0000  0.0000
 0.0217  0.0000  0.5255  0.0059  0.0059  0.0395  0.0147  0.0046  0.0641  0.0053  1.0000  0.0417  0.0057  0.0095  0.0083  0.0073  0.0078  0.0114  0.0397  0.0069  0.0000  0.0112  0.0000  0.0000  0.0000
 0.0000  0.0000  0.0000  0.0000  0.0000  0.0000  0.0000  1.0000  0.0000  0.0000  0.0000  0.0000  0.0000  0.0000  0.0000  0.0000  0.0000  0.0000  0.0000  0.0000  0.0000  0.0000  0.0000  0.0000  0.0000
 0.4550  0.0000  0.0250  0.0688  0.0226  0.0117  0.0620  0.0054  0.1054  0.0236  0.0571  0.0195  0.0189  0.0443  0.0173  0.0150  1.0000  0.1062  0.4110  0.0032  0.0000  0.0064  0.0000  0.0000  0.0000
 0.0022  0.0000  0.0007  0.0099  0.0030  0.0006  0.0077  0.2558  0.0004  0.0030  0.0007  0.0002  1.0000  0.0020  0.0020  0.0018  0.0054  0.0023  0.0005  0.0004  0.0000  0.0012  0.0000  0.0000  0.0000
 0.0484  0.0000  0.0055  0.0138  0.0639  0.0104  0.0408  0.0397  0.0200  0.3029  0.0472  0.0151  0.0457  0.0395  0.4038  0.5868  0.0395  0.0487  0.0263  1.0000  0.0000  0.0206  0.0000  0.0000  0.0000
 0.0011  0.0000  0.0003  0.0002  0.0003  0.0013  0.0004  0.0000  0.5103  0.0004  0.0067  0.0012  0.0003  0.0002  0.0001  0.0003  0.0004  0.0012  1.0000  0.0002  0.0000  0.0006  0.0000  0.0000  0.0000
 0.0015  0.0000  0.0004  0.0002  0.0004  0.0040  0.0003  0.0003  0.3080  0.0005  1.0000  0.0049  0.0004  0.0006  0.0008  0.0005  0.0004  0.0009  0.0044  0.0005  0.0000  0.0005  0.0000  0.0000  0.0000
 0.0000  0.0000  0.0000  0.0000  0.0000  0.0000  0.0000  1.0000  0.0000  0.0000  0.0000  0.0000  0.0000  0.0000  0.0000  0.0000  0.0000  0.0000  0.0000  0.0000  0.0000  0.0000  0.0000  0.0000  0.0000
 0.0000  0.0000  0.0000  0.0000  0.0000  0.0000  0.0000  0.0000  0.0000  0.0000  0.0000  0.0000  0.0000  0.0000  0.0000  1.0000  0.0000  0.0000  0.0000  0.0000  0.0000  0.0000  0.0000  0.0000  0.0000
 0.0000  0.0000  0.0000  1.0000  0.0000  0.0000  0.0000  0.0000  0.0000  0.0000  0.0000  0.0000  0.0000  0.0000  0.0000  0.0000  0.0000  0.0000  0.0000  0.0000  0.0000  0.0000  0.0000  0.0000  0.0000
 0.0013  0.0000  0.0003  0.0002  0.0003  0.0034  0.0003  0.0003  0.2293  0.0004  1.0000  0.0042  0.0003  0.0005  0.0006  0.0004  0.0004  0.0007  0.0037  0.0004  0.0000  0.0005  0.0000  0.0000  0.0000
 0.0000  0.0000  0.0000  0.0000  0.0000  0.0000  0.0000  0.0000  0.0000  1.0000  0.0000  0.0000  0.0000  0.0000  0.0000  0.0000  0.0000  0.0000  0.0000  0.0000  0.0000  0.0000  0.0000  0.0000  0.0000
 0.0326  0.0000  0.0041  0.0097  0.0073  0.0034  0.2554  0.0034  0.0035  0.0090  0.0080  0.0020  0.0064  1.0000  0.0053  0.0079  0.0180  0.0082  0.0070  0.0029  0.0000  0.0031  0.0000  0.0000  0.0000
 0.9351  0.0000  0.0074  0.0068  0.0076  0.0028  0.0409  0.0015  0.0035  0.0080  0.0073  0.0034  0.0062  0.0186  0.4717  0.0057  1.0000  0.0175  0.0124  0.0011  0.0000  0.0023  0.0000  0.0000  0.0000
 0.0000  0.0000  0.0000  0.0000  0.0000  0.0000  0.0000  0.0000  0.0000  0.0000  0.0000  0.0000  1.0000  0.0000  0.0000  0.0000  0.0000  0.0000  0.0000  0.0000  0.0000  0.0000  0.0000  0.0000  0.0000
 0.0025  0.0000  0.0007  0.0003  0.0006  0.0066  0.0006  0.0005  1.0000  0.0009  0.6652  0.0080  0.0006  0.0010  0.0012  0.0009  0.0007  0.0015  0.0088  0.0008  0.0000  0.0009  0.0000  0.0000  0.0000
 0.0000  0.0000  0.0000  0.0000  0.0000  0.0000  0.0000  0.0000  0.0000  0.0000  1.0000  0.0000  0.0000  0.0000  0.0000  0.0000  0.0000  0.0000  0.0000  0.0000  0.0000  0.0000  0.0000  0.0000  0.0000
 0.0012  0.0000  0.0004  0.0002  0.0003  0.0015  0.0005  0.0000  0.6452  0.0005  0.0077  0.0014  0.0003  0.0002  0.0002  0.0004  0.0005  0.0013  1.0000  0.0002  0.0000  0.0007  0.0000  0.0000  0.0000
 0.5798  0.0000  0.2519  0.8224  0.5960  0.2302  1.0000  0.2099  0.2200  0.2986  0.4709  0.2441  0.5474  0.4533  0.2757  0.2840  0.4550  0.3194  0.2721  0.1414  0.0000  0.2312  0.0000  0.0000  0.0000
 0.0053  0.0000  0.0011  0.0188  0.0057  0.0009  1.0000  0.0041  0.0005  0.0063  0.0011  0.0004  0.3206  0.0035  0.0039  0.0419  0.0109  0.0043  0.0009  0.0005  0.0000  0.0021  0.0000  0.0000  0.0000
 0.0033  0.0000  0.0001  0.1405  1.0000  0.0003  0.0013  0.0008  0.0004  0.0033  0.0007  0.0003  0.0015  0.0020  0.0134  0.0009  0.0260  0.0014  0.0007  0.0001  0.0000  0.0004  0.0000  0.0000  0.0000
 0.0473  0.0000  0.0012  0.0011  0.0011  0.0005  1.0000  0.0002  0.0005  0.0012  0.0012  0.0006  0.0010  0.0031  0.0009  0.0009  0.0263  0.0022  0.0020  0.0002  0.0000  0.0004  0.0000  0.0000  0.0000
 0.1946  0.0000  0.0162  0.7835  1.0000  0.0243  0.2615  0.0969  0.0228  0.2311  0.0449  0.0176  0.5370  0.4828  0.2363  0.3146  0.2297  0.1234  0.0419  0.0121  0.0000  0.0489  0.0000  0.0000  0.0000
 0.0071  0.0000  0.0001  0.0777  1.0000  0.0007  0.0029  0.0019  0.0009  0.0327  0.0018  0.0007  0.0034  0.0043  0.0096  0.2805  0.0038  0.0033  0.0017  0.0003  0.0000  0.0010  0.0000  0.0000  0.0000
 0.0313  0.0000  0.0032  0.0077  0.0426  0.0064  0.0226  0.4032  0.0131  0.2099  0.0305  0.0101  0.0317  0.0242  0.2098  1.0000  0.0291  0.4584  0.0175  0.0048  0.0000  0.0137  0.0000  0.0000  0.0000
 0.0032  0.0000  0.0007  0.0090  0.0028  0.0006  1.0000  0.0020  0.0004  0.0028  0.0008  0.0003  0.2498  0.0022  0.0019  0.0016  0.0054  0.0022  0.0007  0.0004  0.0000  0.0011  0.0000  0.0000  0.0000
 0.4804  0.0000  0.0880  0.0407  0.0924  0.0774  0.0396  0.0403  0.5486  0.1183  0.3577  0.1025  0.0980  0.1041  0.0759  0.1673  0.1274  0.3294  1.0000  0.0160  0.0000  0.0551  0.0000  0.0000  0.0000
 0.0022  0.0000  0.0007  0.0004  0.0006  0.0034  0.0008  0.0001  0.1632  0.0008  0.6995  0.0037  0.0005  0.0005  0.0005  0.0007  0.0008  0.0022  1.0000  0.0004  0.0000  0.0012  0.0000  0.0000  0.0000
 0.0000  0.0000  0.0000  0.0000  0.0000  0.0000  0.0000  0.0000  0.0000  1.0000  0.0000  0.0000  0.0000  0.0000  0.0000  0.0000  0.0000  0.0000  0.0000  0.0000  0.0000  0.0000  0.0000  0.0000  0.0000
 0.0025  0.0000  0.0007  0.0003  0.0006  0.0066  0.0006  0.0005  1.0000  0.0009  0.6652  0.0080  0.0006  0.0010  0.0012  0.0009  0.0007  0.0015  0.0088  0.0008  0.0000  0.0009  0.0000  0.0000  0.0000
 1.0000  0.0000  0.0010  0.0008  0.0009  0.0004  0.1280  0.0002  0.0004  0.0010  0.0010  0.0004  0.0007  0.0025  0.0007  0.0007  0.0049  0.0017  0.0016  0.0002  0.0000  0.0003  0.0000  0.0000  0.0000
 0.0000  0.0000  0.0000  1.0000  0.0000  0.0000  0.0000  0.0000  0.0000  0.0000  0.0000  0.0000  0.0000  0.0000  0.0000  0.0000  0.0000  0.0000  0.0000  0.0000  0.0000  0.0000  0.0000  0.0000  0.0000
 0.0046  0.0000  0.0013  0.0006  0.0012  1.0000  0.0009  0.0008  0.0220  0.0014  0.1219  0.5488  0.0010  0.0019  0.0022  0.0014  0.0015  0.0027  0.0124  0.0034  0.0000  0.0098  0.0000  0.0000  0.0000
 0.0000  0.0000  0.0000  0.0000  0.0000  0.0000  1.0000  0.0000  0.0000  0.0000  0.0000  0.0000  0.0000  0.0000  0.0000  0.0000  0.0000  0.0000  0.0000  0.0000  0.0000  0.0000  0.0000  0.0000  0.0000
 0.0044  0.0000  0.0013  0.0006  0.0011  0.5925  0.0010  0.0008  0.0198  0.0013  1.0000  0.0129  0.0009  0.0019  0.0019  0.0013  0.0015  0.0026  0.0114  0.0047  0.0000  0.0155  0.0000  0.0000  0.0000
 1.0000  0.0000  0.0000  0.0000  0.0000  0.0000  0.0000  0.0000  0.0000  0.0000  0.0000  0.0000  0.0000  0.0000  0.0000  0.0000  0.0000  0.0000  0.0000  0.0000  0.0000  0.0000  0.0000  0.0000  0.0000
 0.0000  0.0000  0.0000  0.0000  0.0000  0.0000  0.0000  0.0000  0.0000  0.0000  0.0000  0.0000  0.0000  0.0000  0.0000  1.0000  0.0000  0.0000  0.0000  0.0000  0.0000  0.0000  0.0000  0.0000  0.0000
 0.3889  0.0000  0.0361  0.0195  0.0340  0.1314  0.0570  0.0383  0.5328  0.0412  1.0000  0.1626  0.0290  0.0577  0.0411  0.0335  0.2511  0.1211  0.2987  0.0179  0.0000  0.0300  0.0000  0.0000  0.0000
 0.0008  0.0000  0.0004  0.0001  0.0002  1.0000  0.0001  0.0000  0.0016  0.0000  0.0039  0.0008  0.0000  0.0003  0.0000  0.0000  0.0127  0.0005  0.0015  0.0037  0.0000  0.3350  0.0000  0.0000  0.0000
 0.0945  0.0000  0.0253  0.3735  0.1181  0.0466  0.6706  0.1650  0.0251  0.1177  0.0457  0.0158  1.0000  0.0673  0.5406  0.0697  0.5752  0.0949  0.0349  0.0574  0.0000  0.1533  0.0000  0.0000  0.0000
 0.8385  0.0000  0.0672  0.3785  0.2050  0.0816  0.3413  0.2004  0.3591  0.2600  0.1303  0.0524  0.5956  0.1697  0.2094  0.1790  1.0000  0.6865  0.1614  0.0306  0.0000  0.1226  0.0000  0.0000  0.0000
 0.0069  0.0000  0.0002  0.2073  0.0711  0.0007  0.0041  0.0019  0.0008  0.0067  0.0015  0.0006  0.0050  1.0000  0.0083  0.0020  0.0044  0.0032  0.0015  0.0003  0.0000  0.0010  0.0000  0.0000  0.0000
 0.0583  0.0000  0.0119  0.0055  0.0112  0.0558  0.0097  0.2210  0.1267  0.0147  1.0000  0.0710  0.0091  0.0172  0.0152  0.0121  0.0423  0.0373  0.3560  0.0070  0.0000  0.0092  0.0000  0.0000  0.0000
 0.0050  0.0000  0.0006  0.0021  0.0064  0.0010  0.0040  0.0041  0.0020  1.0000  0.0045  0.0015  0.2234  0.0038  0.0105  0.4473  0.0526  0.0583  0.0027  0.0007  0.0000  0.0021  0.0000  0.0000  0.0000
 0.0914  0.0000  0.0028  0.0037  0.0030  0.0012  0.0106  0.0010  0.0025  0.0039  0.0032  0.0016  0.0056  1.0000  0.0029  0.0026  0.0663  0.3974  0.0056  0.0006  0.0000  0.0012  0.0000  0.0000  0.0000
 0.0028  0.0000  0.0008  0.0004  0.0007  0.3358  0.0006  0.0005  0.0131  0.0009  1.0000  0.0086  0.0006  0.0012  0.0013  0.0009  0.0010  0.0017  0.0075  0.0026  0.0000  0.0080  0.0000  0.0000  0.0000
 1.0000  0.0000  0.0830  0.0044  0.0048  0.0020  0.3406  0.0011  0.0027  0.0055  0.0052  0.0025  0.0047  0.0131  0.0038  0.0039  0.4819  0.4765  0.0089  0.0008  0.0000  0.0016  0.0000  0.0000  0.0000
 0.0117  0.0000  0.0022  1.0000  0.1612  0.0021  0.0330  0.3707  0.0012  0.0156  0.0026  0.0010  0.3807  0.0089  0.0123  0.0072  0.0256  0.0106  0.0021  0.0011  0.0000  0.0052  0.0000  0.0000  0.0000
 0.0000  0.0000  0.0000  0.0000  0.0000  0.0000  0.0000  0.0000  0.0000  0.0000  1.0000  0.0000  0.0000  0.0000  0.0000  0.0000  0.0000  0.0000  0.0000  0.0000  0.0000  0.0000  0.0000  0.0000  0.0000
 0.0178  0.0000  0.0042  1.0000  0.0238  0.0033  0.0539  0.0164  0.0024  0.0223  0.0041  0.0016  0.6671  0.0135  0.0153  0.0114  0.0502  0.4838  0.0039  0.0018  0.0000  0.0084  0.0000  0.0000  0.0000
 0.3307  0.0000  0.0500  0.6495  0.2040  0.0341  0.8809  0.1395  0.0223  0.2010  0.0496  0.0191  1.0000  0.6618  0.1339  0.1083  0.4411  0.1692  0.0541  0.0173  0.0000  0.0748  0.0000  0.0000  0.0000
 0.3734  0.0000  0.0472  0.2206  0.7133  0.0451  0.1366  0.0970  0.2115  0.6633  0.2216  0.0704  0.1287  0.1598  0.3023  0.6915  0.1649  0.2378  1.0000  0.0211  0.0000  0.0537  0.0000  0.0000  0.0000
 0.0000  0.0000  0.0000  0.0000  0.0000  0.0000  0.0000  0.0000  0.0000  0.0000  0.0000  0.0000  0.0000  0.0000  0.0000  0.0000  0.0000  0.0000  1.0000  0.0000  0.0000  0.0000  0.0000  0.0000  0.0000
 0.0009  0.0000  0.0003  0.0002  0.0002  0.0009  0.0003  0.0000  0.2370  0.0003  0.0047  0.0009  0.0002  0.0002  0.0001  0.0002  0.0003  0.0009  1.0000  0.0001  0.0000  0.0004  0.0000  0.0000  0.0000
 0.0000  0.0000  0.0000  0.0000  0.0000  0.0000  0.0000  0.0000  0.0000  0.0000  0.0000  0.0000  0.0000  0.0000  0.0000  0.0000  0.0000  1.0000  0.0000  0.0000  0.0000  0.0000  0.0000  0.0000  0.0000
 0.0126  0.0000  0.0033  0.0016  0.0032  0.7746  0.0026  0.0025  0.5543  0.0043  1.0000  0.0415  0.0031  0.0053  0.0064  0.0042  0.0478  0.0074  0.0377  0.0048  0.0000  0.0079  0.0000  0.0000  0.0000
 0.0000  0.0000  0.0000  0.0000  0.0000  0.0000  0.0000  0.0000  0.0000  0.0000  0.0000  0.0000  0.0000  0.0000  0.0000  0.0000  0.0000  0.0000  0.0000  1.0000  0.0000  0.0000  0.0000  0.0000  0.0000
 0.0000  0.0000  0.0000  0.0000  0.0000  0.0000  0.0000  0.0000  0.0000  0.0000  0.0000  0.0000  0.0000  0.0000  0.0000  0.0000  0.0000  0.0000  0.0000  0.0000  0.0000  1.0000  0.0000  0.0000  0.0000
 0.0000  0.0000  0.0000  0.0000  0.0000  0.0000  0.0000  0.0000  0.0000  0.0000  0.0000  0.0000  0.0000  0.0000  0.0000  1.0000  0.0000  0.0000  0.0000  0.0000  0.0000  0.0000  0.0000  0.0000  0.0000
 1.0000  0.0000  0.0036  0.0030  0.0034  0.0015  0.0206  0.0007  0.0018  0.0037  0.0037  0.0016  0.0024  0.2279  0.0025  0.0028  0.0182  0.0063  0.0061  0.0006  0.0000  0.0011  0.0000  0.0000  0.0000
 0.0000  0.0000  0.0000  0.0000  0.0000  0.0000  0.0000  0.0000  0.0000  0.0000  0.0000  0.0000  0.0000  1.0000  0.0000  0.0000  0.0000  0.0000  0.0000  0.0000  0.0000  0.0000  0.0000  0.0000  0.0000
 0.0021  0.0000  0.0003  0.0034  1.0000  0.0004  0.0079  0.0006  0.0004  0.0016  0.0008  0.0002  0.0011  0.0018  0.0016  0.0009  0.0013  0.0009  0.0006  0.0003  0.0000  0.0004  0.0000  0.0000  0.0000
 0.0013  0.0000  0.0003  0.0002  0.0003  0.0036  0.0003  0.0003  0.2582  0.0005  1.0000  0.0044  0.0003  0.0006  0.0007  0.0005  0.0004  0.0008  0.0040  0.0004  0.0000  0.0005  0.0000  0.0000  0.0000
 0.0000  0.0000  0.0000  0.0000  0.0000  0.0000  0.0000  0.0000  0.0000  0.0000  1.0000  0.0000  0.0000  0.0000  0.0000  0.0000  0.0000  0.0000  0.0000  0.0000  0.0000  0.0000  0.0000  0.0000  0.0000
 0.0000  0.0000  0.0000  0.0000  0.0000  0.0000  0.0000  0.0000  0.0000  0.0000  1.0000  0.0000  0.0000  0.0000  0.0000  0.0000  0.0000  0.0000  0.0000  0.0000  0.0000  0.0000  0.0000  0.0000  0.0000
 0.0173  0.0000  0.0007  0.0007  0.0007  0.0003  1.0000  0.0002  0.0003  0.0008  0.0007  0.0003  0.0006  0.0018  0.0005  0.0006  0.0034  0.0012  0.0011  0.0002  0.0000  0.0003  0.0000  0.0000  0.0000
 1.0000  0.0000  0.0021  0.0018  0.0019  0.0008  0.0722  0.0004  0.0010  0.0022  0.0021  0.0010  0.0018  0.0053  0.0015  0.0015  0.6441  0.0952  0.0035  0.0003  0.0000  0.0006  0.0000  0.0000  0.0000
 0.0092  0.0000  0.0127  0.0018  0.0116  0.0018  0.0063  0.0074  0.0037  0.4740  0.0085  0.0029  0.0085  0.0069  0.0197  1.0000  0.0087  0.3243  0.0051  0.0013  0.0000  0.0038  0.0000  0.0000  0.0000
 0.0035  0.0000  0.0003  0.0007  0.0049  0.0007  0.0025  1.0000  0.0015  0.1951  0.0036  0.0012  0.0035  0.0028  0.0224  0.0803  0.0029  0.0038  0.0020  0.0006  0.0000  0.0016  0.0000  0.0000  0.0000
 0.0000  0.0000  0.0000  0.0000  0.0000  0.0000  0.0000  0.0000  0.0000  0.0000  0.0000  0.0000  0.0000  0.0000  0.0000  0.0000  0.0000  0.0000  0.0000  0.0000  0.0000  1.0000  0.0000  0.0000  0.0000
 0.0865  0.0000  0.0127  0.0245  0.0157  0.0139  0.2858  0.0065  0.0137  0.0214  0.0153  0.0080  0.0386  0.0316  0.0162  0.0137  0.4204  1.0000  0.0259  0.0034  0.0000  0.0065  0.0000  0.0000  0.0000
 0.1815  0.0000  0.0349  0.0731  0.0500  0.0178  0.0621  0.0231  0.0494  0.5949  0.0487  0.0257  0.1308  0.3370  0.0594  0.0608  0.8599  1.0000  0.0800  0.0115  0.0000  0.0211  0.0000  0.0000  0.0000
 1.0000  0.0000  0.0043  0.0035  0.0041  0.0017  0.0244  0.0009  0.0021  0.0044  0.0044  0.0020  0.0028  0.2562  0.0030  0.0033  0.0216  0.0075  0.0073  0.0007  0.0000  0.0014  0.0000  0.0000  0.0000
 0.0014  0.0000  0.0004  0.0003  0.0004  0.0017  0.0006  0.0000  0.8296  0.0005  0.0091  0.0016  0.0003  0.0003  0.0002  0.0004  0.0006  0.0016  1.0000  0.0002  0.0000  0.0008  0.0000  0.0000  0.0000
 0.0000  0.0000  0.0000  1.0000  0.0000  0.0000  0.0000  0.0000  0.0000  0.0000  0.0000  0.0000  0.0000  0.0000  0.0000  0.0000  0.0000  0.0000  0.0000  0.0000  0.0000  0.0000  0.0000  0.0000  0.0000
 0.0053  0.0000  0.0016  0.0009  0.0013  0.0061  0.0017  0.0002  1.0000  0.0018  0.0328  0.9956  0.0012  0.0011  0.0008  0.0015  0.0018  0.0054  0.5025  0.0007  0.0000  0.0025  0.0000  0.0000  0.0000
 0.0000  0.0000  0.0000  0.0000  0.0000  0.0000  0.0000  0.0000  0.0000  0.0000  0.0000  0.0000  0.0000  0.0000  0.0000  0.0000  0.0000  0.0000  0.0000  1.0000  0.0000  0.0000  0.0000  0.0000  0.0000
 1.0000  0.0000  0.0017  0.0013  0.0015  0.0006  0.0094  0.0003  0.0008  0.0017  0.0016  0.0008  0.0012  0.0042  0.0011  0.0012  0.6420  0.0033  0.0028  0.0002  0.0000  0.0005  0.0000  0.0000  0.0000
 0.0010  0.0000  0.0003  0.0003  0.0003  0.0015  0.0005  0.0000  0.6195  0.0005  0.0401  0.0015  0.0003  0.0002  0.0001  0.0004  0.0005  0.0012  1.0000  0.0002  0.0000  0.0007  0.0000  0.0000  0.0000
 0.0000  0.0000  0.0000  0.0000  0.0000  0.0000  1.0000  0.0000  0.0000  0.0000  0.0000  0.0000  0.0000  0.0000  0.0000  0.0000  0.0000  0.0000  0.0000  0.0000  0.0000  0.0000  0.0000  0.0000  0.0000
 0.0000  0.0000  1.0000  0.0000  0.0000  0.0000  0.0000  0.0000  0.0000  0.0000  0.0000  0.0000  0.0000  0.0000  0.0000  0.0000  0.0000  0.0000  0.0000  0.0000  0.0000  0.0000  0.0000  0.0000  0.0000
 0.0008  0.0000  0.0002  0.0002  0.0002  0.0017  0.0004  0.0001  1.0000  0.0003  0.0135  0.0016  0.0002  0.0004  0.0003  0.0003  0.0003  0.0006  0.0043  0.0003  0.0000  0.0006  0.0000  0.0000  0.0000
 0.0000  0.0000  0.0000  0.0000  0.0000  1.0000  0.0000  0.0000  0.0000  0.0000  0.0000  0.0000  0.0000  0.0000  0.0000  0.0000  0.0000  0.0000  0.0000  0.0000  0.0000  0.0000  0.0000  0.0000  0.0000
 1.0000  0.0000  0.0000  0.0000  0.0000  0.0000  0.0000  0.0000  0.0000  0.0000  0.0000  0.0000  0.0000  0.0000  0.0000  0.0000  0.0000  0.0000  0.0000  0.0000  0.0000  0.0000  0.0000  0.0000  0.0000
 0.0000  0.0000  0.0000  0.0000  1.0000  0.0000  0.0000  0.0000  0.0000  0.0000  0.0000  0.0000  0.0000  0.0000  0.0000  0.0000  0.0000  0.0000  0.0000  0.0000  0.0000  0.0000  0.0000  0.0000  0.0000
 0.0011  0.0000  0.0003  0.0001  0.0003  0.0030  0.0002  0.0002  0.0056  0.0004  1.0000  0.2580  0.0003  0.0005  0.0006  0.0004  0.0003  0.0006  0.0031  0.0004  0.0000  0.0004  0.0000  0.0000  0.0000
 0.0135  0.0000  0.0012  0.0003  0.0086  0.0025  0.0002  0.0003  0.0253  0.0010  1.0000  0.0034  0.0005  0.0013  0.0009  0.0007  0.0009  0.0040  0.2391  0.0003  0.0000  0.0004  0.0000  0.0000  0.0000
 0.0130  0.0000  0.0030  0.0419  0.0132  0.0023  0.0296  0.0937  0.0025  0.0145  0.0035  0.0015  0.4707  0.0091  0.0095  0.0080  0.0390  1.0000  0.0040  0.0012  0.0000  0.0278  0.0000  0.0000  0.0000
 1.0000  0.0000  0.1755  0.2380  0.3454  0.4760  0.6412  0.4114  0.3032  0.6843  0.6002  0.1871  0.3441  0.3277  0.4341  0.6317  0.7364  0.4510  0.4494  0.1337  0.0000  0.6839  0.0000  0.0000  0.0000
 0.0083  0.0000  0.0007  0.0037  0.8104  0.0016  0.0056  0.0068  0.0033  1.0000  0.0077  0.0026  0.0075  0.0169  0.0310  0.4201  0.0065  0.0083  0.0044  0.0012  0.0000  0.0034  0.0000  0.0000  0.0000
 0.0117  0.0000  0.0007  0.0008  0.0008  0.0004  0.0041  0.0003  0.0004  0.0009  0.0009  0.0003  0.0006  1.0000  0.0006  0.0007  0.0031  0.0012  0.0011  0.0002  0.0000  0.0003  0.0000  0.0000  0.0000
 0.0025  0.0000  0.0007  0.0005  0.0007  0.0051  0.0008  0.0003  1.0000  0.0010  0.8424  0.0059  0.0007  0.0008  0.0008  0.0009  0.0009  0.0022  0.0887  0.0006  0.0000  0.0013  0.0000  0.0000  0.0000
 0.0012  0.0000  0.0004  0.0002  0.0003  1.0000  0.0003  0.0001  0.0041  0.0003  0.1746  0.0026  0.0002  0.0005  0.0004  0.0002  0.0079  0.0007  0.0026  0.0021  0.0000  0.0081  0.0000  0.0000  0.0000
 0.5002  0.0000  0.0829  0.4275  0.5162  0.1921  0.3893  0.5547  0.1799  1.0000  0.3180  0.1093  0.5128  0.5781  0.6575  0.8047  0.6708  0.7411  0.2641  0.0607  0.0000  0.2449  0.0000  0.0000  0.0000
 0.8540  0.0000  0.4055  0.0722  0.0764  0.0364  1.0000  0.0186  0.0397  0.0797  0.0848  0.0385  0.0614  0.2065  0.0573  0.0619  0.4162  0.1446  0.1433  0.0153  0.0000  0.0304  0.0000  0.0000  0.0000
 0.1356  0.0000  0.0157  0.2589  0.1672  0.0265  0.0775  0.0919  0.1398  0.9146  0.1309  0.0414  0.1058  0.0880  0.2462  1.0000  0.0948  0.1323  0.2161  0.0167  0.0000  0.0480  0.0000  0.0000  0.0000
 0.5492  0.0000  0.0230  0.4600  0.5603  0.0220  0.1825  0.0616  0.0624  0.3190  0.0988  0.0361  0.5096  0.1181  1.0000  0.1693  0.7816  0.3486  0.0974  0.0091  0.0000  0.0258  0.0000  0.0000  0.0000
 0.0000  0.0000  0.0000  0.0000  1.0000  0.0000  0.0000  0.0000  0.0000  0.0000  0.0000  0.0000  0.0000  0.0000  0.0000  0.0000  0.0000  0.0000  0.0000  0.0000  0.0000  0.0000  0.0000  0.0000  0.0000
 0.8680  0.0000  0.0621  1.0000  0.3164  0.0323  0.4242  0.0629  0.0494  0.1490  0.0773  0.0328  0.3230  0.3814  0.1251  0.0769  0.3985  0.1894  0.1674  0.0132  0.0000  0.0423  0.0000  0.0000  0.0000
 0.1166  0.0000  0.0238  0.0182  0.0528  0.1676  0.0402  0.0299  1.0000  0.5099  0.7709  0.1683  0.0399  0.0480  0.0787  0.1482  0.0483  0.0867  0.4392  0.0197  0.0000  0.0345  0.0000  0.0000  0.0000
 0.2266  0.0000  0.0091  0.0507  0.0272  0.0053  0.0637  0.0144  0.0073  1.0000  0.0134  0.0056  0.1511  0.0269  0.0242  0.0359  0.4431  0.0568  0.0162  0.0027  0.0000  0.0087  0.0000  0.0000  0.0000
 0.1256  0.0000  0.0021  0.0037  0.0025  0.0010  0.0049  0.0011  0.0027  0.0037  0.0027  0.0452  0.0065  0.0458  0.0028  0.0024  0.2161  1.0000  0.0048  0.0006  0.0000  0.0011  0.0000  0.0000  0.0000
 0.1728  0.0000  0.0187  0.0436  0.0367  0.0085  0.1001  0.0103  0.0128  0.0372  0.0215  0.0099  0.0471  0.3782  0.1106  0.0252  1.0000  0.1099  0.0337  0.0039  0.0000  0.0091  0.0000  0.0000  0.0000
 0.0096  0.0000  0.0020  0.0053  0.0029  0.0010  0.0036  0.0014  0.0424  0.0043  0.0028  0.0015  1.0000  0.0050  0.0033  0.0026  0.1400  0.1141  0.0047  0.0007  0.0000  0.0013  0.0000  0.0000  0.0000
 0.0000  0.0000  0.0000  0.0000  0.0000  0.0000  0.0000  0.0000  0.0000  0.0000  0.0000  0.0000  0.0000  1.0000  0.0000  0.0000  0.0000  0.0000  0.0000  0.0000  0.0000  0.0000  0.0000  0.0000  0.0000
 0.0019  0.0000  0.0010  0.0003  0.0005  1.0000  0.0003  0.0000  0.0042  0.0000  0.0101  0.0020  0.0000  0.0007  0.0000  0.0000  0.0013  0.0012  0.0039  0.0095  0.0000  0.8950  0.0000  0.0000  0.0000
 0.0117  0.0000  0.0009  0.0270  0.0583  0.0016  0.0112  1.0000  0.0023  0.0286  0.0049  0.0017  0.0155  0.0079  0.6501  0.0196  0.0106  0.0079  0.0036  0.0010  0.0000  0.0031  0.0000  0.0000  0.0000
 0.5769  0.0000  0.1785  0.2137  0.3854  0.6997  0.3781  0.6046  0.4347  0.8938  0.7585  0.2498  0.3799  0.2654  0.4913  0.8506  0.4576  0.4708  0.5388  0.1915  0.0000  1.0000  0.0000  0.0000  0.0000
 0.0026  0.0000  0.0001  1.0000  0.2966  0.0003  0.0013  0.0007  0.0003  0.0026  0.0006  0.0002  0.0015  0.0016  0.0033  0.0007  0.0015  0.0012  0.0006  0.0001  0.0000  0.0004  0.0000  0.0000  0.0000
 0.0025  0.0000  0.0001  0.0066  0.2710  0.0003  0.0013  0.0007  0.0003  0.0027  0.0007  0.0002  0.0011  0.0017  1.0000  0.0010  0.0013  0.0011  0.0006  0.0002  0.0000  0.0004  0.0000  0.0000  0.0000
 0.0008  0.0000  0.0002  0.0001  0.0002  0.0021  0.0002  0.0002  0.0190  0.0003  1.0000  0.0025  0.0002  0.0003  0.0004  0.0003  0.0002  0.0004  0.0021  0.0002  0.0000  0.0003  0.0000  0.0000  0.0000
 0.0792  0.0000  0.0160  1.0000  0.2294  0.2710  0.2135  0.0665  0.0103  0.0984  0.0185  0.0072  0.5294  0.0587  0.0743  0.0474  0.2729  0.1476  0.0172  0.0073  0.0000  0.0343  0.0000  0.0000  0.0000
 0.0023  0.0000  0.0002  0.0005  0.0032  0.0005  0.0018  0.0020  0.0010  1.0000  0.0023  0.0008  0.0022  0.0019  0.0054  0.6440  0.0019  0.0024  0.0013  0.0004  0.0000  0.0010  0.0000  0.0000  0.0000
 0.0000  0.0000  0.0000  0.0000  0.0000  0.0000  0.0000  0.0000  1.0000  0.0000  0.0000  0.0000  0.0000  0.0000  0.0000  0.0000  0.0000  0.0000  0.0000  0.0000  0.0000  0.0000  0.0000  0.0000  0.0000
 0.0004  0.0000  0.0002  0.0001  0.0001  1.0000  0.0001  0.0000  0.0009  0.0000  0.0023  0.0005  0.0000  0.0002  0.0000  0.0000  0.0003  0.0003  0.0009  0.0021  0.0000  0.0418  0.0000  0.0000  0.0000
 0.1351  0.0000  0.0096  0.1863  0.7523  0.0091  0.0690  0.0225  0.0335  0.9163  0.0542  0.0929  0.7849  0.0496  0.1066  1.0000  0.4123  0.2152  0.0510  0.0032  0.0000  0.0072  0.0000  0.0000  0.0000
 0.0016  0.0000  0.0005  0.0003  0.0004  0.0016  0.0005  0.0000  0.2415  0.0005  0.2600  0.0016  0.0003  0.0003  0.0002  0.0004  0.0005  0.0111  1.0000  0.0002  0.0000  0.0007  0.0000  0.0000  0.0000
 0.0358  0.0000  0.4054  0.0028  0.0069  0.0431  0.0033  0.0038  0.0976  0.0082  0.9791  1.0000  0.0052  0.0108  0.0102  0.0069  0.0076  0.0584  0.1121  0.0052  0.0000  0.0058  0.0000  0.0000  0.0000
 0.0000  0.0000  0.0000  0.0000  0.0000  0.0000  1.0000  0.0000  0.0000  0.0000  0.0000  0.0000  0.0000  0.0000  0.0000  0.0000  0.0000  0.0000  0.0000  0.0000  0.0000  0.0000  0.0000  0.0000  0.0000
 0.5439  0.0000  0.1839  0.2369  0.2851  0.7048  0.3491  0.5474  0.4015  0.3083  0.6540  0.2244  0.3552  0.2246  0.3060  0.3564  0.5397  0.5761  0.5158  0.1859  0.0000  1.0000  0.0000  0.0000  0.0000
 0.0000  0.0000  0.0000  0.0000  0.0000  0.0000  0.0000  0.0000  0.0000  0.0000  0.0000  0.0000  0.0000  1.0000  0.0000  0.0000  0.0000  0.0000  0.0000  0.0000  0.0000  0.0000  0.0000  0.0000  0.0000
 0.8233  0.0000  0.0481  0.8221  0.7362  0.0493  0.3082  0.1647  0.1466  0.6807  0.2694  0.0825  0.7489  0.2792  0.6167  0.3864  0.7029  1.0000  0.2229  0.0175  0.0000  0.0482  0.0000  0.0000  0.0000
 0.1357  0.0000  0.0026  0.5949  1.0000  0.0075  0.0261  0.0164  0.0160  0.0721  0.1045  0.0658  0.0295  0.0416  0.1172  0.0219  0.0385  0.0365  0.1324  0.0030  0.0000  0.0087  0.0000  0.0000  0.0000
 0.3135  0.0000  0.0222  0.7473  0.8421  0.0503  0.1578  0.0508  0.0777  1.0000  0.1874  0.0440  0.2579  0.1139  0.2621  0.2174  0.4403  0.2749  0.1771  0.0073  0.0000  0.0166  0.0000  0.0000  0.0000
 0.4033  0.0000  0.0357  1.0000  0.3627  0.0302  0.1593  0.0582  0.2627  0.8573  0.1593  0.0491  0.4537  0.1294  0.2205  0.2026  0.4524  0.9236  0.1688  0.0121  0.0000  0.0305  0.0000  0.0000  0.0000
 0.0000  0.0000  0.0000  0.0000  0.0000  0.0000  0.0000  0.0000  0.0000  0.0000  0.0000  0.0000  0.0000  0.0000  0.0000  0.0000  0.0000  0.0000  0.0000  1.0000  0.0000  0.0000  0.0000  0.0000  0.0000
 0.0247  0.0000  0.0007  0.0579  0.6051  0.0021  0.0092  0.0053  0.0035  0.0231  0.0057  0.0023  0.0089  1.0000  0.0793  0.0072  0.0121  0.0105  0.0626  0.0010  0.0000  0.0027  0.0000  0.0000  0.0000
 0.0676  0.0000  0.0115  1.0000  0.0551  0.0082  0.9965  0.0347  0.0059  0.0496  0.0115  0.0046  0.1879  0.0359  0.0341  0.0260  0.1134  0.5800  0.0124  0.0042  0.0000  0.0185  0.0000  0.0000  0.0000
 0.0028  0.0000  0.0009  0.0006  0.0008  0.0052  0.0012  0.0002  0.8069  0.0012  0.6806  0.0912  0.0008  0.0007  0.0006  0.0010  0.0012  0.0030  1.0000  0.0006  0.0000  0.0018  0.0000  0.0000  0.0000
 0.5136  0.0000  0.0246  0.1660  0.2681  0.0226  0.1135  0.0505  0.0704  0.8764  0.1491  0.0385  0.1749  0.1003  0.1912  0.4937  0.5251  1.0000  0.2377  0.0103  0.0000  0.0253  0.0000  0.0000  0.0000
 0.0552  0.0000  0.0055  0.0166  0.0092  0.0029  0.0126  0.0047  0.0076  1.0000  0.0076  0.0040  0.2965  0.0140  0.0101  0.0100  0.4369  0.2334  0.0122  0.0019  0.0000  0.0038  0.0000  0.0000  0.0000
 0.0029  0.0000  0.0007  0.0003  0.0007  0.0075  0.0006  0.0006  0.0438  0.0010  0.8977  1.0000  0.0007  0.0012  0.0015  0.0010  0.0008  0.0733  0.0080  0.0009  0.0000  0.0009  0.0000  0.0000  0.0000
 0.0110  0.0000  0.0007  0.0009  0.0008  0.0004  0.0041  0.0003  0.0004  0.0009  0.0009  0.0003  0.0006  1.0000  0.0006  0.0008  0.0030  0.0012  0.0011  0.0002  0.0000  0.0003  0.0000  0.0000  0.0000
 0.1739  0.0000  0.0651  1.0000  0.6087  0.0351  0.5365  0.2894  0.0192  0.2363  0.0409  0.0149  0.8968  0.1350  0.1762  0.1141  0.4137  0.1683  0.0323  0.1832  0.0000  0.0872  0.0000  0.0000  0.0000
 0.0141  0.0000  0.0049  0.0060  0.0076  0.5654  0.0093  0.5241  0.0115  0.0082  0.0202  0.0065  0.0087  0.0057  0.0081  0.0097  0.0112  0.0108  0.0142  0.6264  0.0000  1.0000  0.0000  0.0000  0.0000
 0.5078  0.0000  0.0321  0.4491  0.4177  0.0328  0.3483  0.5191  0.0733  1.0000  0.1267  0.0443  0.8963  0.3698  0.8305  0.2987  0.5604  0.2568  0.1118  0.0141  0.0000  0.0508  0.0000  0.0000  0.0000
 0.0463  0.0000  0.0097  0.0811  0.0319  0.0062  0.1169  0.0191  0.0115  0.1975  0.0133  0.0063  0.8927  0.0276  0.3327  0.0250  0.9204  1.0000  0.0181  0.0037  0.0000  0.0113  0.0000  0.0000  0.0000
 0.7769  0.0000  0.1952  0.4244  0.3632  0.7388  0.3921  0.5131  0.4474  0.3876  0.9879  0.2689  0.4607  0.2816  0.3536  0.3864  0.8743  1.0000  0.5745  0.1774  0.0000  0.9161  0.0000  0.0000  0.0000
 0.5274  0.0000  0.1781  0.2162  0.2923  0.7350  0.3358  0.5459  0.4041  0.3408  0.6678  0.2351  0.3162  0.2101  0.3269  0.3692  0.4139  0.4225  0.5344  0.1847  0.0000  1.0000  0.0000  0.0000  0.0000
 0.0450  0.0000  0.0043  0.0086  0.0629  0.0093  0.0321  0.0818  0.0191  1.0000  0.0453  0.0150  0.0440  0.8066  0.6679  0.3454  0.0850  0.0482  0.0254  0.0070  0.0000  0.0202  0.0000  0.0000  0.0000
 0.1690  0.0000  0.0139  1.0000  0.2290  0.0137  0.1178  0.4185  0.0413  0.6586  0.0688  0.0241  0.2457  0.2095  0.2118  0.2064  0.2291  0.1672  0.0627  0.0055  0.0000  0.0162  0.0000  0.0000  0.0000
 0.0104  0.0000  0.0049  0.0016  0.0026  1.0000  0.0019  0.0003  0.6537  0.0005  0.0595  0.0121  0.0004  0.0039  0.0006  0.0005  0.0430  0.0066  0.0218  0.5190  0.0000  0.1773  0.0000  0.0000  0.0000
 0.0894  0.0000  0.0086  0.0167  0.1237  0.0183  0.0632  0.0785  0.0376  0.9645  0.0891  0.0295  0.0862  0.4436  0.7251  1.0000  0.1677  0.0952  0.0501  0.0138  0.0000  0.0396  0.0000  0.0000  0.0000
 0.7169  0.0000  0.0437  0.4826  0.8530  0.0408  0.4790  0.1013  0.1473  0.9178  0.2409  0.0846  0.3888  0.3753  0.4718  1.0000  0.7974  0.4938  0.2258  0.0149  0.0000  0.0340  0.0000  0.0000  0.0000
 0.6801  0.0000  0.0503  0.4978  0.8220  0.0651  0.3238  0.4331  0.1688  1.0000  0.2797  0.1635  0.5287  0.2414  0.5397  0.6372  0.8588  0.6392  0.2525  0.0232  0.0000  0.0711  0.0000  0.0000  0.0000
 0.1257  0.0000  0.0152  0.2632  0.2036  0.0129  0.1327  0.0436  0.0281  0.9685  0.0433  0.0164  0.4051  0.0621  0.1309  0.0839  0.2722  1.0000  0.0437  0.0061  0.0000  0.0209  0.0000  0.0000  0.0000
 0.0045  0.0000  0.0008  0.0013  0.0038  0.0030  0.0033  0.0026  0.0050  0.0160  0.0496  0.0033  0.0030  0.0028  0.0059  0.0825  0.0031  0.0035  0.0040  0.0008  0.0000  1.0000  0.0000  0.0000  0.0000
 0.8045  0.0000  0.0460  0.6384  1.0000  0.0429  0.3677  0.1046  0.1694  0.8064  0.2599  0.0912  0.4263  0.2364  0.5178  0.4933  0.7492  0.5817  0.2457  0.0148  0.0000  0.0326  0.0000  0.0000  0.0000
 0.1448  0.0000  0.0095  0.0253  0.0252  0.0058  0.0184  0.0073  0.0176  0.1061  0.0832  0.0081  1.0000  0.0243  0.0214  0.0193  0.3626  0.2991  0.0546  0.0031  0.0000  0.0064  0.0000  0.0000  0.0000
 0.4055  0.0000  0.1778  0.1580  0.1839  0.2672  0.1928  0.2288  0.2110  0.3347  0.3057  0.1136  0.2698  0.2128  0.2148  0.3456  0.7845  1.0000  0.3164  0.0794  0.0000  0.3871  0.0000  0.0000  0.0000
 0.3071  0.0000  0.0530  0.3737  0.3476  0.0262  0.6597  0.0722  0.0580  0.2654  0.0886  0.0344  0.3550  0.3189  0.2283  0.1477  1.0000  0.4242  0.0965  0.0117  0.0000  0.0371  0.0000  0.0000  0.0000
 0.0016  0.0000  0.0004  0.0002  0.0004  0.0596  0.0003  0.0003  0.0173  0.0006  1.0000  0.0552  0.0004  0.0007  0.0008  0.0006  0.0166  0.0010  0.0262  0.0005  0.0000  0.0006  0.0000  0.0000  0.0000
 0.5161  0.0000  0.1758  0.2063  0.2774  0.7015  0.3285  0.5504  0.4023  0.3020  0.6465  0.2194  0.3067  0.2037  0.2959  0.3470  0.4014  0.3908  0.5026  0.1836  0.0000  1.0000  0.0000  0.0000  0.0000
 0.0115  0.0000  0.0014  0.0108  0.0161  0.0023  0.1157  0.0104  0.0043  1.0000  0.0101  0.0033  0.2693  0.0090  0.0327  0.4418  0.1657  0.0123  0.0058  0.0017  0.0000  0.0052  0.0000  0.0000  0.0000
 0.4561  0.0000  0.1584  0.2350  0.2557  0.6286  0.3040  0.4934  0.3840  0.2661  0.5811  0.1974  0.2851  0.1844  0.2658  0.3539  0.3632  0.3522  0.4820  0.1653  0.0000  1.0000  0.0000  0.0000  0.0000
 0.0139  0.0000  0.0036  0.0017  0.0035  0.2375  0.0027  0.0027  0.0712  0.0047  0.7004  0.9285  0.0033  0.0058  0.0070  0.0046  0.0039  0.0082  1.0000  0.0044  0.0000  0.0053  0.0000  0.0000  0.0000
 0.5799  0.0000  0.0147  0.4529  1.0000  0.0139  0.1354  0.3932  0.0517  0.4217  0.0834  0.0293  0.1370  0.1660  0.2650  0.3150  0.2178  0.1585  0.0789  0.0048  0.0000  0.0107  0.0000  0.0000  0.0000
 0.3340  0.0000  0.0216  0.3059  0.8452  0.0204  0.1531  0.0492  0.0889  1.0000  0.3416  0.0601  0.1992  0.1105  0.2374  0.6490  0.3147  0.6561  0.1150  0.0070  0.0000  0.0157  0.0000  0.0000  0.0000
 0.5033  0.0000  0.1752  0.2031  0.2700  0.7203  0.3262  0.6491  0.4113  0.2983  0.6449  0.2202  0.3167  0.2140  0.2925  0.3440  0.4030  0.3872  0.5398  0.1831  0.0000  1.0000  0.0000  0.0000  0.0000
 0.2498  0.0000  0.0515  0.0696  0.2365  0.1963  0.1567  0.2178  0.1678  1.0000  0.3076  0.0977  0.1841  0.1435  0.3696  0.7970  0.1874  0.2254  0.2633  0.0570  0.0000  0.2614  0.0000  0.0000  0.0000
 0.3338  0.0000  0.0847  0.0647  0.1257  0.2553  0.1017  0.1453  0.8406  0.2550  0.7333  0.1808  0.1096  0.1116  0.1445  0.2290  0.1443  0.2598  1.0000  0.0556  0.0000  0.2518  0.0000  0.0000  0.0000
 0.1166  0.0000  0.0252  0.4602  0.1520  0.0218  0.3756  0.4090  0.0174  1.0000  0.0332  0.0123  0.8700  0.2944  0.1093  0.1116  0.6103  0.1887  0.0276  0.0115  0.0000  0.0539  0.0000  0.0000  0.0000
 0.2354  0.0000  0.0466  0.0185  0.0417  0.1921  0.0344  0.0246  0.4265  0.0475  1.0000  0.2224  0.0295  0.1120  0.0531  0.0385  0.0574  0.1374  0.4654  0.0232  0.0000  0.0381  0.0000  0.0000  0.0000
 0.0069  0.0000  0.0002  1.0000  0.1919  0.0007  0.0140  0.0022  0.0008  0.2541  0.0015  0.0006  0.0065  0.0043  0.0089  0.0022  0.0050  0.0034  0.0015  0.0003  0.0000  0.0011  0.0000  0.0000  0.0000
 0.1917  0.0000  0.0080  0.0938  0.2176  0.0075  0.1892  0.0183  0.0280  0.1809  0.0453  0.0159  0.0741  0.1511  0.1379  0.3117  1.0000  0.1471  0.0535  0.0026  0.0000  0.0057  0.0000  0.0000  0.0000
 0.4946  0.0000  0.0257  0.1951  0.3820  0.0434  0.1625  0.1986  0.0899  1.0000  0.1905  0.0568  0.2256  0.2245  0.3281  0.6019  0.2839  0.2565  0.1295  0.0193  0.0000  0.0624  0.0000  0.0000  0.0000
 1.0000  0.0000  0.0070  0.0058  0.1093  0.0027  0.4863  0.0013  0.0032  0.0074  0.0069  0.0032  0.0049  0.0866  0.0051  0.0052  0.1309  0.0404  0.1576  0.0010  0.0000  0.0021  0.0000  0.0000  0.0000
 0.0051  0.0000  0.0016  0.0007  0.0013  1.0000  0.0011  0.0008  0.1422  0.0014  0.7150  0.0141  0.0010  0.0021  0.0020  0.0014  0.0019  0.0032  0.0516  0.0064  0.0000  0.1374  0.0000  0.0000  0.0000
 0.2311  0.0000  0.0167  1.0000  0.5467  0.0375  0.1068  0.3665  0.0818  0.1951  0.2293  0.0277  0.1996  0.0756  0.1518  0.1057  0.2149  0.1259  0.0708  0.0115  0.0000  0.0500  0.0000  0.0000  0.0000
 0.0007  0.0000  0.0002  0.0001  0.0002  0.0020  0.0002  0.0001  0.0093  0.0003  1.0000  0.0024  0.0002  0.0003  0.0004  0.0003  0.0002  0.0004  0.0020  0.0002  0.0000  0.0003  0.0000  0.0000  0.0000
 0.0007  0.0000  0.0002  0.0001  0.0002  0.0020  0.0002  0.0001  0.0095  0.0003  1.0000  0.0024  0.0002  0.0003  0.0004  0.0003  0.0002  0.0004  0.0020  0.0002  0.0000  0.0003  0.0000  0.0000  0.0000
 0.1616  0.0000  0.0235  0.2124  0.6590  0.0300  0.1385  0.0305  0.0417  0.2210  0.0675  0.0236  0.1435  0.0594  0.9223  0.2183  1.0000  0.1230  0.0629  0.0050  0.0000  0.0300  0.0000  0.0000  0.0000
 0.0016  0.0000  0.0002  0.0003  0.0020  0.0003  0.0011  0.0013  0.0006  1.0000  0.0015  0.0005  0.0015  0.0012  0.0034  0.0839  0.0573  0.0016  0.0008  0.0002  0.0000  0.0007  0.0000  0.0000  0.0000
 0.0029  0.0000  0.0359  0.0003  0.0007  0.0063  0.0005  0.0005  0.0231  0.0009  0.6232  1.0000  0.0006  0.0011  0.0013  0.0008  0.0007  0.0322  0.0077  0.0007  0.0000  0.0008  0.0000  0.0000  0.0000
 0.0021  0.0000  0.0070  0.0002  0.0003  0.0018  0.0006  0.0002  0.0039  0.0004  1.0000  0.0023  0.0003  0.0006  0.0005  0.0003  0.0056  0.0010  0.0171  0.0002  0.0000  0.0003  0.0000  0.0000  0.0000
 0.5037  0.0000  0.2284  0.2039  0.3973  0.7063  0.3274  0.5420  0.3980  0.2885  0.7145  0.2193  0.3051  0.2029  0.2916  0.3716  0.4038  0.5934  0.5299  0.1862  0.0000  1.0000  0.0000  0.0000  0.0000
 0.0081  0.0000  0.0021  0.0010  0.0021  0.0243  0.0016  0.0016  0.0902  0.0027  1.0000  0.8639  0.0020  0.0034  0.0042  0.0027  0.0023  0.0047  0.0225  0.0031  0.0000  0.5502  0.0000  0.0000  0.0000
 0.0016  0.0000  0.0001  1.0000  0.0424  0.0002  0.0014  0.0005  0.0002  0.0017  0.0004  0.0002  0.0016  0.0011  0.0020  0.0006  0.0012  0.0008  0.0004  0.0001  0.0000  0.0003  0.0000  0.0000  0.0000
 0.0000  0.0000  0.0000  0.0000  0.0000  0.0000  0.0000  0.0000  0.0000  0.0000  0.0000  0.0000  0.0000  1.0000  0.0000  0.0000  0.0000  0.0000  0.0000  0.0000  0.0000  0.0000  0.0000  0.0000  0.0000
 0.6831  0.0000  0.0728  0.4233  0.6529  0.1036  0.2746  0.1308  0.3712  0.6270  0.3478  0.1053  0.5095  0.2289  0.4271  0.5082  1.0000  0.8761  0.4131  0.0320  0.0000  0.1193  0.0000  0.0000  0.0000
 0.0021  0.0000  0.0002  0.0004  0.0235  0.0004  0.0015  0.0018  0.0009  1.0000  0.0021  0.0007  0.0020  0.0016  0.2349  0.1299  0.0017  0.0022  0.0012  0.0003  0.0000  0.0009  0.0000  0.0000  0.0000
 0.0000  0.0000  0.0000  0.0000  0.0000  0.0000  0.0000  0.0000  0.0000  0.0000  0.0000  0.0000  0.0000  0.0000  0.0000  1.0000  0.0000  0.0000  0.0000  0.0000  0.0000  0.0000  0.0000  0.0000  0.0000
 0.0006  0.0000  0.0002  0.0001  0.0002  0.0009  0.0002  0.0000  1.0000  0.0002  0.0422  0.0009  0.0002  0.0001  0.0001  0.0002  0.0002  0.0006  0.0435  0.0001  0.0000  0.0003  0.0000  0.0000  0.0000
 0.0048  0.0000  0.0250  0.0018  0.0012  0.0005  0.0015  0.0005  0.0013  0.0018  0.0012  0.0007  0.0033  0.0230  0.0014  0.0011  0.3254  1.0000  0.0021  0.0003  0.0000  0.0005  0.0000  0.0000  0.0000
 1.0000  0.0000  0.0013  0.0011  0.0012  0.0005  0.0069  0.0003  0.0007  0.0014  0.0013  0.0006  0.0012  0.0033  0.0010  0.0010  0.4519  0.0124  0.0023  0.0002  0.0000  0.0004  0.0000  0.0000  0.0000
 0.6774  0.0000  0.0129  0.2691  1.0000  0.0139  0.0980  0.0350  0.0470  0.6281  0.0770  0.0272  0.1262  0.0783  0.2915  0.6077  0.3267  0.1451  0.0725  0.0052  0.0000  0.0122  0.0000  0.0000  0.0000
 0.0789  0.0000  0.0058  0.4473  0.1689  0.0055  0.0646  0.0236  0.0441  0.1074  0.0312  0.0110  0.1500  0.0295  1.0000  0.0545  0.2393  0.0957  0.0294  0.0020  0.0000  0.0048  0.0000  0.0000  0.0000
 1.0000  0.0000  0.0000  0.0000  0.0000  0.0000  0.0000  0.0000  0.0000  0.0000  0.0000  0.0000  0.0000  0.0000  0.0000  0.0000  0.0000  0.0000  0.0000  0.0000  0.0000  0.0000  0.0000  0.0000  0.0000
 0.0017  0.0000  0.0004  0.0002  0.0004  0.0045  0.0003  0.0003  0.0703  0.0006  1.0000  0.4147  0.0004  0.0007  0.0009  0.0006  0.0005  0.0010  0.0541  0.0005  0.0000  0.0006  0.0000  0.0000  0.0000
 0.0307  0.0000  0.0001  0.5928  1.0000  0.0008  0.0031  0.0021  0.0010  0.0087  0.0019  0.0008  0.0035  0.0052  0.6156  0.0023  0.0043  0.0038  0.0020  0.0004  0.0000  0.0010  0.0000  0.0000  0.0000
 0.4811  0.0000  0.0400  1.0000  0.4002  0.0306  0.4503  0.5584  0.0234  0.1991  0.0484  0.0190  0.6012  0.1449  0.1614  0.0953  0.3633  0.1528  0.0534  0.0153  0.0000  0.0637  0.0000  0.0000  0.0000
 0.1334  0.0000  0.0010  0.2155  1.0000  0.0045  0.0196  0.0117  0.0068  0.0527  0.0357  0.0050  0.0218  0.2677  0.1538  0.0159  0.0929  0.0241  0.0127  0.0021  0.0000  0.0058  0.0000  0.0000  0.0000
 0.0000  0.0000  0.0000  0.0000  0.0000  0.0000  0.0000  0.0000  0.0000  0.0000  0.0000  0.0000  0.0000  0.0000  0.0000  0.0000  0.0000  0.0000  0.0000  0.0000  0.0000  1.0000  0.0000  0.0000  0.0000
 0.0005  0.0000  0.0002  0.0001  0.0001  1.0000  0.0002  0.0000  0.0012  0.0000  0.0149  0.0007  0.0000  0.0002  0.0001  0.0001  0.0003  0.0003  0.0010  0.0018  0.0000  0.0074  0.0000  0.0000  0.0000
 0.1117  0.0000  0.0109  0.0197  0.1547  0.0241  0.0787  0.0994  0.0482  1.0000  0.1826  0.0462  0.1077  0.0873  0.3987  0.8796  0.1268  0.1194  0.0637  0.1740  0.0000  0.0511  0.0000  0.0000  0.0000
 0.2552  0.0000  0.0259  0.5780  1.0000  0.0212  0.1151  0.0410  0.1046  0.2660  0.0967  0.2081  0.2522  0.1028  0.1775  0.1497  0.5241  0.7078  0.1445  0.0090  0.0000  0.0199  0.0000  0.0000  0.0000
 0.0054  0.0000  0.0003  1.0000  0.4640  0.0006  0.0701  0.0019  0.0006  0.0056  0.0012  0.0005  0.0063  0.0034  0.0066  0.0017  0.0044  0.0028  0.0012  0.0003  0.0000  0.0010  0.0000  0.0000  0.0000
 0.0040  0.0000  0.0005  0.0040  0.0518  0.0007  0.0051  0.0009  0.0007  0.0025  0.0015  0.0003  0.0015  1.0000  0.0020  0.0017  0.0025  0.0015  0.0011  0.0006  0.0000  0.0006  0.0000  0.0000  0.0000
 0.0133  0.0000  0.0027  0.0017  0.0061  0.0122  0.0032  0.0042  0.0944  0.0758  1.0000  0.0459  0.0044  0.0052  0.0784  0.0678  0.0049  0.0316  0.0468  0.0020  0.0000  0.0044  0.0000  0.0000  0.0000
 0.0000  0.0000  0.0000  0.0000  0.0000  0.0000  0.0000  0.0000  0.0000  0.0000  0.0000  0.0000  0.0000  1.0000  0.0000  0.0000  0.0000  0.0000  0.0000  0.0000  0.0000  0.0000  0.0000  0.0000  0.0000
 0.6488  0.0000  0.1441  0.6697  0.2394  0.0527  0.7216  0.1480  0.0719  0.2588  0.1019  0.0481  0.8249  0.2591  0.1802  0.1470  1.0000  0.9551  0.1498  0.0273  0.0000  0.0910  0.0000  0.0000  0.0000
 0.7923  0.0000  0.0712  0.7751  1.0000  0.0496  0.3783  0.1192  0.1825  0.9047  0.3551  0.1032  0.5319  0.2673  0.6649  0.7186  0.8076  0.5583  0.2781  0.0170  0.0000  0.0385  0.0000  0.0000  0.0000
 0.0052  0.0000  0.0013  1.0000  0.0080  0.0011  0.0183  0.0055  0.0006  0.0073  0.0012  0.0004  0.6389  0.0043  0.0049  0.0037  0.0138  0.0054  0.0009  0.0006  0.0000  0.0028  0.0000  0.0000  0.0000
 0.6229  0.0000  0.0158  0.0099  0.0135  0.0066  0.0660  0.0028  0.0254  0.0145  0.0251  0.0095  0.0093  0.0338  0.0102  0.0100  0.1724  0.0377  1.0000  0.0020  0.0000  0.0041  0.0000  0.0000  0.0000
 0.0037  0.0000  0.0012  0.0005  0.0010  1.0000  0.0008  0.0006  0.0158  0.0010  0.4995  0.0101  0.0007  0.0016  0.0015  0.0010  0.0014  0.0022  0.0094  0.0053  0.0000  0.0190  0.0000  0.0000  0.0000
 1.0000  0.0000  0.0396  0.0767  0.0397  0.0172  0.2920  0.0090  0.0197  0.0418  0.1900  0.0187  0.0292  0.0987  0.0291  0.0299  0.2704  0.0739  0.3979  0.0060  0.0000  0.0147  0.0000  0.0000  0.0000
 0.2998  0.0000  0.0290  0.3250  0.1061  0.0185  1.0000  0.1165  0.0127  0.1049  0.0281  0.0115  0.4526  0.5103  0.0698  0.0572  0.2412  0.0915  0.0339  0.0086  0.0000  0.0387  0.0000  0.0000  0.0000
 0.2352  0.0000  1.0000  0.0251  0.0329  0.0183  0.0417  0.0122  0.0903  0.1068  0.1865  0.0246  0.0355  0.1156  0.0273  0.0239  0.6998  0.2589  0.2688  0.0054  0.0000  0.0152  0.0000  0.0000  0.0000
 0.2063  0.0000  0.0309  0.5733  0.4252  0.0280  0.2727  0.0933  0.0396  0.2115  0.0571  0.0573  0.5514  0.5124  1.0000  0.1066  0.4212  0.4339  0.0654  0.0143  0.0000  0.0524  0.0000  0.0000  0.0000
 0.0016  0.0000  0.0005  0.0003  0.0004  0.0020  0.0006  0.0000  1.0000  0.0006  0.0109  0.0476  0.0004  0.0003  0.0002  0.0005  0.0006  0.0018  0.3789  0.0002  0.0000  0.0009  0.0000  0.0000  0.0000
 0.0269  0.0000  0.0044  0.0717  0.0323  0.0037  0.0542  0.0161  0.0031  0.0329  0.0066  0.0024  0.3491  1.0000  0.1472  0.0205  0.0447  0.0215  0.0057  0.0020  0.0000  0.0084  0.0000  0.0000  0.0000
 0.0000  0.0000  0.0000  0.0000  0.0000  0.0000  0.0000  0.0000  0.0000  0.0000  0.0000  0.0000  0.0000  0.0000  0.0000  0.0000  0.0000  0.0000  0.0000  0.0000  0.0000  1.0000  0.0000  0.0000  0.0000
 0.0000  0.0000  0.0000  0.0000  0.0000  0.0000  0.0000  0.0000  0.0000  0.0000  0.0000  0.0000  0.0000  1.0000  0.0000  0.0000  0.0000  0.0000  0.0000  0.0000  0.0000  0.0000  0.0000  0.0000  0.0000
 0.0550  0.0000  0.0102  0.0046  0.0185  0.0068  0.0063  0.0088  0.1157  1.0000  0.0409  0.0126  0.0122  0.0166  0.0958  0.0498  0.0195  0.2143  0.1981  0.0022  0.0000  0.0052  0.0000  0.0000  0.0000
 0.0199  0.0000  0.0024  0.0062  0.0067  0.0018  0.0156  0.0037  0.0026  0.0203  0.0054  0.0018  0.0080  0.0089  0.0081  1.0000  0.3130  0.0113  0.0049  0.0013  0.0000  0.0024  0.0000  0.0000  0.0000
 0.1776  0.0000  0.0030  0.4750  1.0000  0.0164  0.0675  0.0417  0.0223  0.1745  0.0668  0.0168  0.0734  0.1362  0.2275  0.0470  0.0897  0.0766  0.0416  0.0075  0.0000  0.0213  0.0000  0.0000  0.0000
 0.4920  0.0000  0.0923  0.0393  0.0728  1.0000  0.1203  0.0201  0.4708  0.0691  0.7094  0.1703  0.0388  0.2059  0.0551  0.0477  0.1605  0.2491  0.8390  0.1735  0.0000  0.6647  0.0000  0.0000  0.0000
 0.2586  0.0000  0.0501  0.1253  0.1469  0.1633  0.0577  0.0448  0.4402  0.2286  1.0000  0.2076  0.0959  0.0943  0.1161  0.1415  0.2122  0.3565  0.4696  0.0257  0.0000  0.0460  0.0000  0.0000  0.0000
 0.1859  0.0000  0.0399  0.1377  0.0657  0.0217  0.0925  0.0355  0.0557  0.0908  0.0529  0.0283  0.2645  0.1004  0.0689  0.0554  0.6762  1.0000  0.0875  0.0137  0.0000  0.1352  0.0000  0.0000  0.0000
 0.0194  0.0000  0.0023  0.8301  1.0000  0.0028  0.0367  0.0124  0.0021  0.0233  0.0043  0.0017  0.3171  0.0136  0.0223  0.0093  0.0859  0.0143  0.0039  0.0014  0.0000  0.0062  0.0000  0.0000  0.0000
 0.3767  0.0000  0.0187  1.0000  0.7447  0.0171  0.0891  0.0372  0.0330  0.1273  0.0427  0.0196  0.1405  0.0904  0.1335  0.0520  0.5942  0.9317  0.0560  0.0090  0.0000  0.0824  0.0000  0.0000  0.0000
 0.0252  0.0000  0.0022  1.0000  0.5850  0.0026  0.0155  0.0068  0.0042  0.0216  0.0059  0.0027  0.0244  0.0148  0.0248  0.0075  0.6370  0.3125  0.0074  0.0014  0.0000  0.0039  0.0000  0.0000  0.0000
 0.3441  0.0000  0.0904  0.3166  0.1852  0.2387  0.2651  0.2544  0.1594  0.2279  0.2266  0.0873  0.4543  0.2176  0.2147  0.1833  0.8199  1.0000  0.2211  0.0632  0.0000  0.2957  0.0000  0.0000  0.0000
 0.0062  0.0000  0.0001  0.5536  1.0000  0.0006  0.0027  0.0016  0.0008  0.0063  0.0014  0.0006  0.0030  0.0038  0.0082  0.0017  0.0033  0.0028  0.0014  0.0003  0.0000  0.0008  0.0000  0.0000  0.0000
 0.2464  0.0000  0.0190  0.7621  1.0000  0.0297  0.2920  0.1058  0.0266  0.2534  0.0522  0.0208  0.4308  0.1535  0.2755  0.0892  0.2587  0.1393  0.0513  0.0138  0.0000  0.0544  0.0000  0.0000  0.0000
 0.0284  0.0000  0.0005  0.1304  0.3907  0.0026  0.0111  0.0071  0.0037  1.0000  0.0069  0.0028  0.0129  0.0170  0.5141  0.0109  0.0154  0.3228  0.0069  0.0012  0.0000  0.0036  0.0000  0.0000  0.0000
 1.0000  0.0000  0.0969  0.0992  0.0938  0.0386  0.7013  0.0243  0.0589  0.1113  0.0990  0.0482  0.1202  0.2416  0.0796  0.0768  0.8021  0.7953  0.1696  0.0165  0.0000  0.0332  0.0000  0.0000  0.0000
 0.2828  0.0000  0.0097  1.0000  0.4450  0.0106  0.0676  0.0259  0.0289  0.6541  0.0454  0.0171  0.0912  0.0608  0.1190  0.0727  0.4179  0.4528  0.0464  0.0045  0.0000  0.0113  0.0000  0.0000  0.0000
 0.1800  0.0000  0.0161  0.1089  0.1640  0.0149  0.0698  0.0266  0.0872  1.0000  0.1847  0.0230  0.3331  0.1055  0.1047  0.1004  0.3618  0.2895  0.0681  0.0059  0.0000  0.0153  0.0000  0.0000  0.0000
 0.2077  0.0000  0.0058  0.0639  0.0968  0.0052  0.0817  0.0132  0.0182  1.0000  0.0296  0.0104  0.2112  0.1303  0.2969  0.0543  0.1576  0.0815  0.0280  0.0019  0.0000  0.0046  0.0000  0.0000  0.0000
 0.8182  0.0000  0.0545  0.6207  1.0000  0.0549  0.3803  0.1267  0.1892  0.9628  0.3353  0.1073  0.5911  0.4785  0.6292  0.9311  0.7914  0.6119  0.3381  0.0188  0.0000  0.0459  0.0000  0.0000  0.0000
 0.3602  0.0000  0.0241  0.2521  0.4241  0.0257  0.1653  0.0666  0.0838  0.5774  0.1406  0.0792  0.2380  0.4805  1.0000  0.3733  0.3388  0.3477  0.1261  0.0105  0.0000  0.0265  0.0000  0.0000  0.0000
 0.4839  0.0000  0.0417  0.0645  0.0981  0.0217  0.2666  0.0333  0.0329  0.2168  0.0662  0.0276  0.0784  0.3212  1.0000  0.1997  0.2686  0.3940  0.0826  0.0102  0.0000  0.0255  0.0000  0.0000  0.0000
 0.8077  0.0000  0.1223  0.5675  0.8793  0.3536  0.4651  0.3509  0.3207  0.8348  0.5467  0.3073  0.5583  0.4232  0.9897  0.5545  1.0000  0.7700  0.4801  0.0967  0.0000  0.4789  0.0000  0.0000  0.0000
 0.8953  0.0000  0.2048  0.4095  0.6237  0.7246  0.4576  0.5845  0.5187  0.7034  0.8596  0.2699  0.4874  0.3330  0.6801  0.7616  0.6558  0.6423  0.7838  0.1897  0.0000  1.0000  0.0000  0.0000  0.0000
 0.2410  0.0000  0.0191  0.1224  0.1922  0.0451  0.1049  0.1232  0.0539  0.1803  0.0872  0.0797  0.1540  0.1367  1.0000  0.1113  0.2915  0.1706  0.1507  0.0127  0.0000  0.0583  0.0000  0.0000  0.0000
 0.9056  0.0000  0.0687  0.7844  0.7214  0.0769  0.8396  0.2600  0.1413  0.6808  0.2301  0.0827  1.0000  0.5646  0.6165  0.3882  0.9471  0.5818  0.2202  0.0280  0.0000  0.1083  0.0000  0.0000  0.0000
 0.5700  0.0000  0.0409  0.4773  1.0000  0.0376  0.4578  0.0925  0.1347  0.6653  0.2161  0.0763  0.6783  0.2758  0.5037  0.3744  0.7071  0.6519  0.2062  0.0134  0.0000  0.0312  0.0000  0.0000  0.0000
 0.6501  0.0000  0.0427  0.4990  1.0000  0.0404  0.3745  0.0971  0.1493  0.7401  0.2625  0.0844  0.6904  0.2840  0.6145  0.4178  0.6567  0.4964  0.2617  0.0139  0.0000  0.0312  0.0000  0.0000  0.0000
 1.0000  0.0000  0.0369  0.4473  0.7414  0.0425  0.3238  0.2169  0.1258  0.6019  0.2032  0.1082  0.3224  0.2404  0.5409  0.3415  0.5148  0.3739  0.2260  0.0138  0.0000  0.0392  0.0000  0.0000  0.0000
 0.9790  0.0000  0.0438  0.5032  1.0000  0.0410  0.4140  0.0980  0.1509  0.7443  0.2428  0.0853  0.4612  0.4336  0.5853  0.4202  0.7207  0.9934  0.4579  0.0142  0.0000  0.0318  0.0000  0.0000  0.0000
 0.6386  0.0000  0.0258  0.2011  0.2971  0.0201  0.3738  0.0416  0.0612  0.7337  0.0976  0.1181  0.8026  0.1307  0.1790  0.1623  1.0000  0.2815  0.0999  0.0075  0.0000  0.0181  0.0000  0.0000  0.0000
 0.3689  0.0000  0.0076  0.0638  0.1138  0.0085  1.0000  0.0226  0.0238  0.2567  0.0422  0.0702  0.0601  0.0382  0.1716  0.3525  0.1459  0.0944  0.0363  0.0038  0.0000  0.0104  0.0000  0.0000  0.0000
 1.0000  0.0000  0.0597  0.6427  0.9143  0.0524  0.4941  0.1314  0.1756  0.9936  0.2807  0.1002  0.7241  0.2765  0.7963  0.5005  0.8335  0.7836  0.2711  0.0198  0.0000  0.0493  0.0000  0.0000  0.0000
 0.7781  0.0000  0.0136  0.1547  0.2480  0.0134  1.0000  0.0350  0.0470  0.7136  0.0777  0.0272  0.3648  0.0707  0.2921  0.4453  0.2758  0.1831  0.0714  0.0051  0.0000  0.0123  0.0000  0.0000  0.0000
 0.5939  0.0000  0.1829  0.2497  0.3458  0.7055  0.3548  0.5825  0.4355  0.3582  0.7513  0.2381  0.3462  0.2484  0.3601  0.3847  0.4608  0.4419  0.5695  0.1854  0.0000  1.0000  0.0000  0.0000  0.0000
 0.7656  0.0000  0.0479  0.5010  0.8035  0.0618  0.3110  0.1906  0.2819  1.0000  0.3400  0.0908  0.4828  0.9167  0.9970  0.4293  0.6715  0.5872  0.2417  0.0196  0.0000  0.0621  0.0000  0.0000  0.0000
 0.2859  0.0000  0.0770  0.1209  0.1726  0.2874  1.0000  0.6233  0.2034  0.3523  0.4808  0.1632  0.1875  0.1241  0.2591  0.3284  0.2525  0.4018  0.2367  0.0765  0.0000  0.3863  0.0000  0.0000  0.0000
 0.9819  0.0000  0.0808  0.5499  0.8433  0.1007  0.7138  0.1449  0.1887  0.7917  0.3620  0.1872  0.8239  0.3396  0.7927  0.4655  1.0000  0.5570  0.3038  0.0312  0.0000  0.1126  0.0000  0.0000  0.0000
 0.4184  0.0000  0.0706  0.4675  0.2967  0.1704  0.5475  0.9662  0.1124  0.3983  0.2001  0.2069  0.6373  0.3596  1.0000  0.3054  0.4007  0.2394  0.1630  0.0519  0.0000  0.2603  0.0000  0.0000  0.0000
 0.6739  0.0000  0.0496  0.9273  0.2188  0.0250  0.4429  0.0502  0.0290  0.1320  0.0589  0.0256  0.2414  1.0000  0.4615  0.0722  0.8122  0.1424  0.0842  0.0103  0.0000  0.0330  0.0000  0.0000  0.0000
 0.7785  0.0000  0.0587  0.6331  1.0000  0.0645  0.4075  0.1327  0.1929  0.9234  0.3130  0.1095  0.5106  0.2880  0.6005  0.5248  0.7590  0.5822  0.3029  0.0212  0.0000  0.0594  0.0000  0.0000  0.0000
 0.8934  0.0000  0.0862  0.6307  1.0000  0.1559  0.4678  0.1977  0.2434  0.9323  0.3915  0.1487  0.5263  0.3249  0.6305  0.5551  0.8258  0.6365  0.3687  0.0453  0.0000  0.1887  0.0000  0.0000  0.0000
 0.1663  0.0000  0.0248  0.1232  0.2026  0.0668  0.2464  1.0000  0.0710  0.6947  0.3512  0.0479  0.3860  0.1015  0.2907  0.6327  0.2481  0.1562  0.0953  0.0268  0.0000  0.1091  0.0000  0.0000  0.0000
 0.8266  0.0000  0.0561  0.6258  1.0000  0.0530  0.4658  0.1240  0.1895  0.9540  0.3044  0.1073  0.6712  0.3221  0.5886  0.5881  0.9178  0.6853  0.3647  0.0184  0.0000  0.0426  0.0000  0.0000  0.0000
 0.1051  0.0000  0.0108  0.1260  0.1298  0.0213  0.0550  0.0689  0.0320  0.1277  0.0519  0.1861  0.1392  0.0395  0.7086  1.0000  0.1682  0.2007  0.1146  0.0063  0.0000  0.0266  0.0000  0.0000  0.0000
 0.9779  0.0000  0.1739  0.6472  1.0000  0.5625  0.5561  0.5021  0.4401  0.9495  0.7329  0.2515  0.6181  0.3717  0.6844  0.6725  0.8834  0.7431  0.6028  0.1510  0.0000  0.7755  0.0000  0.0000  0.0000
 0.1362  0.0000  0.0112  0.0030  0.0085  0.0069  0.0026  0.0023  0.1349  0.0086  0.0427  0.0543  0.0479  1.0000  0.0065  0.0050  0.0105  0.0393  0.1616  0.0012  0.0000  0.0023  0.0000  0.0000  0.0000
 0.1033  0.0000  0.0036  0.0116  0.0078  0.0016  0.0215  0.0026  0.0022  0.0073  0.0039  0.0018  0.0424  1.0000  0.1960  0.0047  0.1004  0.0164  0.0061  0.0007  0.0000  0.0020  0.0000  0.0000  0.0000
 0.8347  0.0000  0.1358  0.4694  0.7852  0.3918  0.3990  0.3496  0.4984  1.0000  0.8295  0.2487  0.5004  0.3118  0.6263  0.7592  0.6694  0.6518  0.6711  0.1030  0.0000  0.4802  0.0000  0.0000  0.0000
 0.0789  0.0000  0.0108  0.1405  0.1105  0.0142  0.1847  0.0639  0.0210  0.9763  0.0489  0.0165  0.2537  0.4108  1.0000  0.2629  0.1079  0.0743  0.0299  0.0093  0.0000  0.0324  0.0000  0.0000  0.0000
 0.1364  0.0000  0.0131  0.0249  0.1900  0.0285  0.0968  0.1345  0.0583  1.0000  0.1380  0.0885  0.1401  0.1070  0.3493  0.8222  0.1119  0.1461  0.0773  0.0214  0.0000  0.0616  0.0000  0.0000  0.0000
 0.6149  0.0000  0.1294  0.3105  0.4123  0.3580  0.3692  0.3264  0.2719  0.4382  0.4207  0.1861  0.3759  0.4380  0.3922  0.3440  0.9330  1.0000  0.5361  0.1010  0.0000  0.4980  0.0000  0.0000  0.0000
 0.1998  0.0000  0.0242  0.0733  0.2346  0.0577  0.2185  0.1495  0.0915  1.0000  0.1758  0.0583  0.2010  0.1303  0.3716  0.9767  0.1706  0.1880  0.1344  0.0294  0.0000  0.1021  0.0000  0.0000  0.0000
 0.3750  0.0000  0.1013  0.1346  0.1909  0.4432  0.2140  0.2608  0.5620  0.2059  1.0000  0.2553  0.1802  0.1399  0.1907  0.2088  0.2670  0.2545  0.5220  0.0995  0.0000  0.4761  0.0000  0.0000  0.0000
 1.0000  0.0000  0.1929  0.4571  0.6814  0.6194  0.5741  0.5016  0.4461  0.6677  0.7593  0.2596  0.4822  0.3496  0.5266  0.5323  0.7722  0.6181  0.6016  0.1637  0.0000  0.8465  0.0000  0.0000  0.0000
 0.4336  0.0000  0.0556  0.2863  0.1972  0.1140  0.3680  0.3994  0.0774  0.2259  0.1371  0.0493  0.4278  1.0000  0.3182  0.1695  0.3050  0.1718  0.2184  0.0341  0.0000  0.1682  0.0000  0.0000  0.0000
 0.6701  0.0000  0.0650  0.1158  0.1699  0.1390  0.4993  0.2262  0.1002  0.1918  0.1724  0.1331  0.1229  1.0000  0.1337  0.3562  0.7150  0.1843  0.2154  0.0385  0.0000  0.1888  0.0000  0.0000  0.0000
 1.0000  0.0000  0.1073  0.5799  0.8892  0.1764  0.5309  0.2064  0.2426  0.8700  0.3973  0.1583  0.5159  0.3778  0.5979  0.5395  0.9355  0.7969  0.3762  0.0530  0.0000  0.2189  0.0000  0.0000  0.0000
 1.0000  0.0000  0.1811  0.6477  0.9958  0.5922  0.5542  0.5242  0.4655  0.9512  0.7557  0.2678  0.6282  0.3741  0.7026  0.6889  0.8914  0.7689  0.6241  0.1588  0.0000  0.8182  0.0000  0.0000  0.0000
 0.5588  0.0000  0.1796  0.2470  0.3402  0.7031  0.3593  0.5492  0.4115  0.3529  0.6695  0.2266  0.3553  0.2219  0.3323  0.4045  0.4525  0.4434  0.5282  0.1911  0.0000  1.0000  0.0000  0.0000  0.0000
 0.8952  0.0000  0.0828  0.1109  0.1261  0.0365  0.4538  0.0277  0.0603  0.1385  0.0984  0.1684  0.1245  0.4070  0.2102  0.0908  1.0000  0.5389  0.1558  0.0153  0.0000  0.0325  0.0000  0.0000  0.0000
 0.2768  0.0000  0.0152  0.0320  0.0454  0.0446  1.0000  0.1388  0.0305  0.0463  0.0997  0.0176  0.0361  0.0274  0.1216  0.0380  0.1312  0.1725  0.0958  0.0121  0.0000  0.0621  0.0000  0.0000  0.0000
 0.0454  0.0000  0.0093  0.1436  0.0444  0.0069  1.0000  0.0310  0.0059  0.0450  0.0096  0.0040  0.3896  0.0289  0.4424  0.0240  0.1487  0.1642  0.0103  0.0036  0.0000  0.0164  0.0000  0.0000  0.0000
 1.0000  0.0000  0.1285  0.5236  0.8043  0.2907  0.5800  0.2775  0.2834  0.7672  0.5521  0.1843  0.4763  0.5233  0.6361  0.5023  0.8650  0.7208  0.4393  0.0811  0.0000  0.3837  0.0000  0.0000  0.0000
 0.6722  0.0000  0.1909  0.3222  0.4623  0.7085  0.3975  0.5609  0.4573  0.4670  0.7214  0.2512  0.4074  0.2617  0.4092  0.4454  0.5489  0.5289  0.6160  0.1867  0.0000  1.0000  0.0000  0.0000  0.0000
 0.4506  0.0000  0.1064  0.1910  0.2509  0.3524  0.2365  0.4187  0.2451  0.2936  0.3770  1.0000  0.3063  0.1612  0.3316  0.2694  0.6125  0.4332  0.4703  0.0952  0.0000  0.4965  0.0000  0.0000  0.0000
 0.7624  0.0000  0.0750  0.1550  0.3839  0.0257  0.2015  0.1940  0.0525  0.2253  0.0847  0.0300  0.1274  1.0000  0.2055  0.1308  0.2936  0.5419  0.0800  0.0079  0.0000  0.0285  0.0000  0.0000  0.0000
 0.8955  0.0000  0.0477  0.3167  0.4834  0.0646  0.3527  0.0886  0.1175  0.4569  0.2413  0.3107  0.3999  0.1705  0.3531  0.2698  1.0000  0.4790  0.1821  0.0205  0.0000  0.0746  0.0000  0.0000  0.0000
 0.4957  0.0000  0.1722  0.3108  0.2697  0.7316  0.3506  0.5521  0.3831  0.2867  0.6322  0.2357  0.3559  0.2086  0.3299  0.3536  0.3936  0.3827  0.4888  0.1798  0.0000  1.0000  0.0000  0.0000  0.0000
 0.4961  0.0000  0.1731  0.2009  0.2671  0.6916  0.3289  0.5306  0.3931  0.2843  0.6374  0.2182  0.3145  0.2014  0.2910  0.3401  0.3959  0.3828  0.4913  0.1810  0.0000  1.0000  0.0000  0.0000  0.0000
 0.7777  0.0000  0.1888  0.3663  0.5330  0.7084  0.4583  0.5923  0.4536  0.5370  0.7752  0.2887  0.4942  0.2923  0.6387  0.4865  0.5883  0.5369  0.5712  0.1872  0.0000  1.0000  0.0000  0.0000  0.0000
 1.0000  0.0000  0.1277  0.4618  0.7397  0.4129  0.4078  0.7941  0.3272  0.8600  0.5860  0.2266  0.5099  0.3105  0.6611  0.8619  0.6857  0.5589  0.4439  0.1135  0.0000  0.5744  0.0000  0.0000  0.0000
 0.0946  0.0000  0.0165  0.0422  0.0237  0.0082  0.1758  0.0111  0.0206  0.0326  0.0210  0.0111  0.2982  0.2377  0.0247  0.0204  1.0000  0.4219  0.0671  0.0050  0.0000  0.0099  0.0000  0.0000  0.0000
 0.5825  0.0000  0.0334  0.3350  0.5305  0.0344  0.2064  0.0706  0.1072  0.4961  0.1687  0.1269  0.8419  0.2007  0.7486  0.3476  1.0000  0.4909  0.2572  0.0119  0.0000  0.0313  0.0000  0.0000  0.0000
 0.6492  0.0000  0.0290  0.0770  0.0462  0.0125  0.4882  0.0167  0.0141  0.0468  0.0295  0.0134  0.1343  1.0000  0.2880  0.0297  0.6934  0.0715  0.0468  0.0049  0.0000  0.0138  0.0000  0.0000  0.0000
 0.9424  0.0000  0.1827  0.5516  0.8655  0.6213  0.6265  0.6352  0.4509  1.0000  0.7492  0.2704  0.5966  0.4334  0.6871  0.8299  0.7985  0.6986  0.6178  0.1688  0.0000  0.8706  0.0000  0.0000  0.0000
 0.5462  0.0000  0.0862  0.0215  0.0655  0.0502  0.0034  0.0188  0.4840  0.0652  0.3705  0.2201  0.0319  0.1511  0.0494  0.0373  0.0840  0.3360  1.0000  0.0086  0.0000  0.0186  0.0000  0.0000  0.0000
 1.0000  0.0000  0.0850  0.3733  0.5873  0.2552  0.4363  0.2813  0.2222  0.6043  0.3662  0.1642  0.4678  0.3810  0.4345  0.4835  0.4963  0.4148  0.3636  0.0699  0.0000  0.3490  0.0000  0.0000  0.0000
 0.6436  0.0000  0.1873  0.2167  0.2899  0.6982  0.4068  0.5375  0.3971  0.3160  0.6597  0.2261  0.3152  0.2378  0.3105  0.3642  0.4660  0.4129  0.5180  0.1840  0.0000  1.0000  0.0000  0.0000  0.0000
 1.0000  0.0000  0.1423  0.4692  0.7212  0.3674  0.5476  0.3236  0.3105  0.7031  0.5376  0.1873  0.4430  0.3346  0.5153  0.4912  0.7557  0.5600  0.4544  0.0994  0.0000  0.4900  0.0000  0.0000  0.0000
 0.7934  0.0000  0.1984  0.3996  0.3776  0.7349  0.8295  0.6035  0.4040  0.3927  0.6707  0.2952  0.8174  0.3210  0.3573  0.4009  0.7428  0.4934  0.5357  0.1865  0.0000  1.0000  0.0000  0.0000  0.0000
 0.2857  0.0000  0.0210  0.0614  0.0500  0.0110  0.1835  0.0145  0.0146  0.0506  0.0273  0.0752  0.3687  1.0000  0.0944  0.0317  0.4119  0.0740  0.0386  0.0042  0.0000  0.0123  0.0000  0.0000  0.0000
 1.0000  0.0000  0.0975  0.1033  0.1199  0.0547  0.8695  0.0359  0.1049  0.1282  0.1150  0.0510  0.1269  0.2894  0.0897  0.0907  0.6471  0.2720  0.2759  0.0186  0.0000  0.0551  0.0000  0.0000  0.0000
 0.1796  0.0000  0.0409  0.8349  0.2619  0.0365  0.6127  0.2603  0.0202  0.2765  0.0448  0.0159  1.0000  0.2271  0.2412  0.1544  0.4546  0.1825  0.0333  0.0187  0.0000  0.0942  0.0000  0.0000  0.0000
 0.5937  0.0000  0.1756  0.2779  0.3043  0.6827  0.4527  0.6511  0.3853  0.3220  0.6366  0.2302  0.4263  0.2153  0.3246  0.3588  0.5404  0.4078  0.4936  0.1802  0.0000  1.0000  0.0000  0.0000  0.0000
 0.5259  0.0000  0.1765  0.2186  0.2767  0.6739  0.3433  0.5219  0.4059  0.2985  0.6393  0.2162  0.3358  0.2195  0.2953  0.3442  0.5333  0.5579  0.4972  0.1786  0.0000  1.0000  0.0000  0.0000  0.0000
 0.9175  0.0000  0.0541  0.5787  0.9284  0.0653  0.5385  0.1266  0.2178  0.9240  0.3305  0.1348  0.4617  0.3528  0.5484  0.5629  1.0000  0.5624  0.2755  0.0210  0.0000  0.0627  0.0000  0.0000  0.0000
 0.1251  0.0000  0.0103  0.0709  0.1690  0.0164  0.0732  0.0572  0.0403  1.0000  0.1755  0.1920  0.1595  0.1278  0.7421  0.5738  0.2105  0.1107  0.0571  0.0098  0.0000  0.0277  0.0000  0.0000  0.0000
 0.0483  0.0000  0.0056  0.0132  0.0324  0.0057  0.0239  0.0133  0.0146  0.3083  0.0223  0.0684  0.0213  1.0000  0.1263  0.0761  0.3428  0.0452  0.1306  0.0029  0.0000  0.0083  0.0000  0.0000  0.0000
 0.0379  0.0000  0.0078  0.2866  0.0594  0.0077  0.2152  0.1612  0.0056  0.0709  0.0120  0.0042  0.1804  0.0285  0.6370  1.0000  0.1543  0.0382  0.0087  0.0039  0.0000  0.0188  0.0000  0.0000  0.0000
 0.4660  0.0000  0.0778  0.2113  0.3152  0.2168  1.0000  0.1887  0.1637  0.3452  0.3672  0.1317  0.2671  0.3679  0.2365  0.3159  0.6654  0.3080  0.2878  0.0594  0.0000  0.2984  0.0000  0.0000  0.0000
 0.7534  0.0000  0.0951  0.1879  0.2345  0.2088  0.4051  0.2969  0.2703  0.2479  0.2543  0.0956  0.2365  0.7658  0.1932  0.1940  1.0000  0.9153  0.4175  0.0606  0.0000  0.2858  0.0000  0.0000  0.0000
 0.4701  0.0000  0.1336  0.1519  0.2072  0.5598  0.2855  0.3626  0.4454  0.2231  1.0000  0.2769  0.2200  0.1778  0.2277  0.2525  0.3246  0.2974  0.4456  0.1330  0.0000  0.6668  0.0000  0.0000  0.0000
 0.2856  0.0000  0.0318  0.0330  0.0411  0.1301  1.0000  0.0397  0.0535  0.0489  0.2434  0.0361  0.0386  0.0649  0.0816  0.0446  0.1334  0.0993  0.0752  0.0157  0.0000  0.0703  0.0000  0.0000  0.0000
 0.8491  0.0000  0.1062  0.6345  1.0000  0.2755  0.4539  0.2882  0.2977  0.9408  0.4855  0.1684  0.5505  0.3181  0.6315  0.5940  0.7950  0.6460  0.4218  0.0762  0.0000  0.3665  0.0000  0.0000  0.0000
 0.2302  0.0000  0.0102  0.0958  0.1156  0.0084  0.1862  0.0208  0.0242  0.1150  0.0375  0.0139  0.5938  0.0412  0.3620  0.2194  1.0000  0.2275  0.0379  0.0035  0.0000  0.0096  0.0000  0.0000  0.0000
 0.8592  0.0000  0.0525  0.7016  0.9675  0.0518  0.4779  0.2982  0.1814  1.0000  0.2931  0.1027  0.4846  0.3135  0.5683  0.9659  0.8941  0.5973  0.2762  0.0177  0.0000  0.0426  0.0000  0.0000  0.0000
 0.5723  0.0000  0.1790  0.2171  0.2785  0.6736  0.3552  0.5259  0.3861  0.2995  0.6316  0.2168  0.3234  0.2311  0.2956  0.3450  0.5381  0.5499  0.5048  0.1784  0.0000  1.0000  0.0000  0.0000  0.0000
 0.6839  0.0000  0.0671  0.5748  0.8062  0.0943  0.3322  0.1782  0.1825  0.7156  0.2806  0.1257  0.4502  0.4386  0.5326  0.4159  1.0000  0.7939  0.2744  0.0311  0.0000  0.1099  0.0000  0.0000  0.0000
 0.4217  0.0000  0.0443  0.1318  0.1944  0.0329  0.1807  0.0440  0.1930  0.2140  0.1194  0.0410  0.1582  0.3467  1.0000  0.1565  0.2342  0.2082  0.2156  0.0119  0.0000  0.0344  0.0000  0.0000  0.0000
 0.3940  0.0000  0.0287  0.0429  0.0440  0.0125  0.3155  0.0138  0.0155  0.0726  0.0337  0.0148  0.0455  0.0760  1.0000  0.1047  0.3515  0.0644  0.0496  0.0051  0.0000  0.0127  0.0000  0.0000  0.0000
 0.4549  0.0000  0.1027  0.7569  0.3773  0.2586  0.8029  0.3286  0.2104  0.4691  0.2814  0.0984  1.0000  0.4488  0.2970  0.3231  0.7471  0.4244  0.2306  0.0771  0.0000  0.4219  0.0000  0.0000  0.0000
 0.2012  0.0000  0.0432  0.1279  0.0706  0.0297  0.0876  0.1320  0.0636  0.1004  0.0635  0.0829  0.3495  0.4120  0.0752  0.0645  0.7396  1.0000  0.0988  0.0161  0.0000  0.0390  0.0000  0.0000  0.0000
 0.2122  0.0000  0.0220  0.0872  0.0751  0.0139  0.3676  0.0357  0.0189  0.1823  0.0415  0.0162  0.1085  0.1229  1.0000  0.2011  0.2344  0.0765  0.0432  0.0071  0.0000  0.0219  0.0000  0.0000  0.0000
 0.8226  0.0000  0.1150  0.8621  0.3434  0.1283  0.9932  0.2418  0.0890  0.3756  0.1688  0.0657  1.0000  0.3017  0.2712  0.2435  0.9089  0.3847  0.1821  0.0454  0.0000  0.4981  0.0000  0.0000  0.0000
 0.2059  0.0000  0.0444  0.8477  0.2732  0.0414  0.7188  0.2066  0.0261  0.2716  0.0525  0.0190  1.0000  0.2236  0.2312  0.1458  0.6247  0.2121  0.0429  0.0199  0.0000  0.0997  0.0000  0.0000  0.0000
 0.0412  0.0000  0.0125  0.0601  0.0335  0.0409  0.0535  1.0000  0.0240  0.0463  0.0404  0.0138  0.2287  0.0215  0.1958  0.0399  0.0555  0.2248  0.0312  0.0115  0.0000  0.3584  0.0000  0.0000  0.0000
 0.0121  0.0000  0.0024  0.0391  0.0181  0.0022  0.0290  0.0092  0.0020  0.0205  0.0043  0.0014  0.2861  0.0089  1.0000  0.0135  0.0230  0.0116  0.0031  0.0013  0.0000  0.0049  0.0000  0.0000  0.0000
 0.8338  0.0000  0.0630  0.6207  0.9968  0.0875  0.3910  0.1932  0.2062  1.0000  0.3588  0.1168  0.5047  0.3281  0.6519  0.5573  0.7771  0.7530  0.3091  0.0277  0.0000  0.0932  0.0000  0.0000  0.0000
 0.1208  0.0000  0.0157  0.1495  0.1686  0.0269  0.2806  1.0000  0.0433  0.9333  0.1004  0.0334  0.4610  0.0931  0.2409  0.9145  0.1480  0.1274  0.0584  0.0176  0.0000  0.0585  0.0000  0.0000  0.0000
 0.0234  0.0000  0.0034  0.0111  0.0113  0.0031  0.0927  0.0066  0.0039  0.0347  0.0087  0.0026  0.0134  0.0134  0.0135  1.0000  0.0161  0.0102  0.0066  0.0023  0.0000  0.0043  0.0000  0.0000  0.0000
 0.0031  0.0000  0.0016  0.0005  0.0008  0.2883  0.0006  0.0001  0.0067  0.0001  0.0162  0.0033  0.0001  0.0012  0.0001  0.0001  0.0022  0.0020  0.0062  0.0150  0.0000  1.0000  0.0000  0.0000  0.0000
//
