ID   UNK_ID; MATRIX
AC   UNK_AC
DE   UNK_DE
MA   UNK_BL
  A   B   C   D   E   F   G   H   I   K   L   M   N   P   Q   R   S   T   V   W   X   Y   Z   *   -
 0.0031  0.0000  0.0008  0.0004  0.0008  0.0083  0.0007  0.0006  0.0153  0.0011  0.3041  1.0000  0.0008  0.0013  0.0016  0.0011  0.0009  0.0018  0.0085  0.0010  0.0000  0.0012  0.0000  0.0000  0.0000
 1.0000  0.0000  0.1036  0.1122  0.1633  0.0936  0.4818  0.0490  0.1680  0.1840  0.3286  0.1188  0.1050  0.2519  0.1558  0.1332  0.5151  0.2838  0.3123  0.0242  0.0000  0.0698  0.0000  0.0000  0.0000
 1.0000  0.0000  0.0485  0.0418  0.0468  0.0185  0.6816  0.0097  0.0215  0.4563  0.0473  0.0221  0.0375  0.8052  0.0350  0.0377  0.5595  0.0877  0.0800  0.0068  0.0000  0.0147  0.0000  0.0000  0.0000
 0.0025  0.0000  0.0002  0.0005  0.0034  0.0005  0.0018  0.0022  0.0010  1.0000  0.0024  0.0008  0.0024  0.0019  0.0057  0.2805  0.0415  0.0026  0.0014  0.0004  0.0000  0.0011  0.0000  0.0000  0.0000
 0.0021  0.0000  0.0002  0.0004  0.0029  0.0004  0.0016  0.0018  0.0009  0.3144  0.0021  0.0007  0.0020  0.0017  0.0049  1.0000  0.0017  0.0022  0.0012  0.0003  0.0000  0.0009  0.0000  0.0000  0.0000
 0.0121  0.0000  0.0012  0.0026  0.0169  0.0025  0.0088  0.0108  0.0052  1.0000  0.0122  0.1478  0.2534  0.0095  0.0286  0.1584  0.0101  0.0130  0.0068  0.0019  0.0000  0.0054  0.0000  0.0000  0.0000
 0.3338  0.0000  0.0101  0.0270  0.1341  0.0195  0.0728  0.0793  0.0401  1.0000  0.1705  0.0307  0.4870  0.7982  0.2123  0.6132  0.0862  0.1024  0.0548  0.0140  0.0000  0.0404  0.0000  0.0000  0.0000
 0.2557  0.0000  0.0521  0.0833  0.0713  0.0341  0.0568  0.0317  0.1378  0.1181  0.4369  0.0457  0.2715  0.2511  0.0733  0.0663  0.6171  1.0000  0.8207  0.0149  0.0000  0.0342  0.0000  0.0000  0.0000
 0.7874  0.0000  0.0587  0.6567  1.0000  0.0625  0.4490  0.1357  0.1906  0.9353  0.3439  0.1083  0.5389  0.2948  0.5878  0.5248  0.7572  0.5968  0.2908  0.0210  0.0000  0.0583  0.0000  0.0000  0.0000
 0.6798  0.0000  0.0533  0.4828  0.8309  0.0755  0.3379  0.1301  0.1853  1.0000  0.4827  0.0954  0.3923  0.6194  0.4879  0.4979  0.5909  0.4823  0.2479  0.0248  0.0000  0.0845  0.0000  0.0000  0.0000
 0.6002  0.0000  0.0473  0.4230  0.6792  0.0488  0.4019  0.1236  0.1425  1.0000  0.2367  0.0834  0.4011  0.3212  0.4712  0.5787  0.5556  0.4575  0.2129  0.0206  0.0000  0.0564  0.0000  0.0000  0.0000
 0.1051  0.0000  0.0203  0.0232  0.0306  0.1457  0.0960  0.0574  0.2814  0.0329  1.0000  0.0293  0.0342  0.1064  0.0327  0.0383  0.1287  0.0849  0.1697  0.0201  0.0000  0.1066  0.0000  0.0000  0.0000
 0.9636  0.0000  0.0488  0.5642  0.9251  0.0480  0.4343  0.1116  0.2370  0.8371  0.3039  0.0961  0.8731  0.2476  0.8174  0.5126  1.0000  0.8075  0.2739  0.0163  0.0000  0.0386  0.0000  0.0000  0.0000
 0.3009  0.0000  0.0977  0.2448  0.1615  0.5231  0.1770  0.2827  0.4547  0.1699  1.0000  0.1507  0.1699  0.1384  0.2280  0.1909  0.3839  0.3191  0.3829  0.0972  0.0000  0.5190  0.0000  0.0000  0.0000
 0.4220  0.0000  0.0151  0.2839  0.3206  0.0141  0.1306  0.0345  0.0524  0.3040  0.1294  0.0297  1.0000  0.2552  0.1654  0.1471  0.2436  0.2377  0.0800  0.0049  0.0000  0.0110  0.0000  0.0000  0.0000
 0.1024  0.0000  0.0027  0.0033  0.0028  0.0011  0.0364  0.0009  0.0021  0.0035  0.0029  0.0015  0.0163  1.0000  0.0026  0.0024  0.0785  0.1542  0.0356  0.0005  0.0000  0.0011  0.0000  0.0000  0.0000
 0.6053  0.0000  0.0373  0.0861  0.0969  0.0208  0.2527  0.0227  0.0769  0.1061  0.0593  0.0273  0.1085  0.3054  0.1415  0.0653  0.7251  1.0000  0.1037  0.0099  0.0000  0.0214  0.0000  0.0000  0.0000
 1.0000  0.0000  0.1641  0.5867  0.9186  0.4075  0.4490  0.3669  0.5254  0.8654  0.6743  0.2266  0.5369  0.3519  0.6065  0.5791  0.7880  0.7722  0.8670  0.1080  0.0000  0.5325  0.0000  0.0000  0.0000
 0.5180  0.0000  0.0197  0.2156  0.3235  0.0175  1.0000  0.0431  0.0611  0.7981  0.0984  0.0349  0.4785  0.3850  0.4228  0.1735  0.3902  0.3425  0.0943  0.0063  0.0000  0.0151  0.0000  0.0000  0.0000
 0.0651  0.0000  0.0019  0.9864  1.0000  0.0054  0.0263  0.0141  0.0102  0.1476  0.0178  0.0069  0.0311  0.1229  0.4024  0.0256  0.6453  0.0346  0.1418  0.0024  0.0000  0.0065  0.0000  0.0000  0.0000
 0.6314  0.0000  0.0080  0.0083  0.0078  0.0032  1.0000  0.0020  0.0046  0.0091  0.0081  0.0039  0.0096  0.0199  0.0508  0.0063  0.3397  0.4173  0.0138  0.0013  0.0000  0.0027  0.0000  0.0000  0.0000
 0.7792  0.0000  0.0535  0.6130  1.0000  0.0541  0.3770  0.1346  0.1904  0.9092  0.2994  0.1050  0.5009  0.3235  0.6339  0.5144  0.7682  0.6063  0.2921  0.0182  0.0000  0.0448  0.0000  0.0000  0.0000
 0.9600  0.0000  0.0833  0.5575  0.7864  0.0421  0.2985  0.0947  0.2792  0.6991  0.2306  0.1269  0.3731  0.2071  0.4691  0.5440  1.0000  0.5479  0.3175  0.0141  0.0000  0.0352  0.0000  0.0000  0.0000
 0.8451  0.0000  0.1190  0.6293  1.0000  0.4396  0.5279  0.3291  0.3896  0.8993  0.5250  0.2345  0.6198  0.8887  0.6159  0.6062  0.8498  0.7807  0.5965  0.0920  0.0000  0.4528  0.0000  0.0000  0.0000
 0.8116  0.0000  0.1029  0.6277  1.0000  0.2258  0.5020  0.2717  0.2799  0.9221  0.4357  0.1510  0.5912  0.3162  0.6072  0.5621  0.7745  0.7380  0.3899  0.0618  0.0000  0.2850  0.0000  0.0000  0.0000
 0.8243  0.0000  0.0548  0.6198  1.0000  0.0557  0.4546  0.1251  0.2070  0.9390  0.3400  0.1067  0.4915  0.3472  0.5851  0.5285  0.8126  0.5814  0.2867  0.0187  0.0000  0.0467  0.0000  0.0000  0.0000
 0.7809  0.0000  0.0728  0.6652  1.0000  0.1597  0.3973  0.1838  0.2700  0.9122  0.4097  0.1273  0.5389  0.2822  0.5871  0.5383  0.7802  0.6633  0.3386  0.0429  0.0000  0.1661  0.0000  0.0000  0.0000
 0.3120  0.0000  0.0042  0.1154  0.0129  0.0024  1.0000  0.0082  0.0018  0.0126  0.0040  0.0017  0.0906  0.1872  0.0085  0.0069  0.3856  0.0126  0.0052  0.0011  0.0000  0.0046  0.0000  0.0000  0.0000
 1.0000  0.0000  0.0450  0.5252  0.9579  0.0626  0.3845  0.1025  0.1572  0.8810  0.2654  0.0889  0.8041  0.2301  0.5365  0.4399  0.8573  0.7187  0.2396  0.0147  0.0000  0.0332  0.0000  0.0000  0.0000
 0.8745  0.0000  0.0599  0.5228  1.0000  0.1144  0.3885  0.1119  0.2294  0.7587  0.3086  0.0911  0.4854  0.3727  0.5479  0.4327  0.9784  0.7410  0.3284  0.0186  0.0000  0.0563  0.0000  0.0000  0.0000
 0.3505  0.0000  0.0143  0.6222  1.0000  0.0133  0.1017  0.0325  0.0499  0.5991  0.0806  0.0283  0.2071  0.1589  0.1576  0.2593  0.3044  0.4914  0.0762  0.0046  0.0000  0.0101  0.0000  0.0000  0.0000
 0.9105  0.0000  0.0394  0.4735  0.5958  0.0618  0.4970  0.2073  0.1267  0.6068  0.2050  0.0716  0.3902  0.1690  0.4227  0.3201  0.7659  1.0000  0.2624  0.0187  0.0000  0.0942  0.0000  0.0000  0.0000
 0.5856  0.0000  0.0362  0.2995  0.5444  0.0698  0.2264  0.1133  0.1252  0.4432  0.2807  0.0630  1.0000  0.1387  0.3624  0.2624  0.6890  0.2877  0.2931  0.0202  0.0000  0.0844  0.0000  0.0000  0.0000
 0.4083  0.0000  0.1419  0.1661  0.2934  0.6667  0.2650  0.4347  0.4387  0.2353  1.0000  0.2059  0.2473  0.1643  0.3431  0.5306  0.3880  0.4050  0.4823  0.1482  0.0000  0.8263  0.0000  0.0000  0.0000
 0.6800  0.0000  0.0524  0.5818  1.0000  0.0713  0.3397  0.1228  0.1862  0.8135  0.3051  0.0991  0.4699  0.2568  0.5192  0.4650  0.6873  0.6100  0.3124  0.0210  0.0000  0.0657  0.0000  0.0000  0.0000
 0.8460  0.0000  0.0841  0.6590  1.0000  0.1839  0.4215  0.2179  0.2547  0.9345  0.4079  0.1416  0.5296  0.3111  0.6094  0.5591  0.7686  0.6148  0.3655  0.0516  0.0000  0.2332  0.0000  0.0000  0.0000
 0.0727  0.0000  0.0190  0.0219  0.0291  0.1059  0.0351  0.1800  0.1370  0.0310  1.0000  0.0240  0.0328  0.0219  0.0605  0.0371  0.0428  0.2849  0.1766  0.0198  0.0000  0.3215  0.0000  0.0000  0.0000
 0.7377  0.0000  0.0527  0.6623  1.0000  0.0516  0.3832  0.1347  0.2153  0.9061  0.3511  0.1039  0.4894  0.2727  0.6957  0.5208  0.7424  0.6144  0.2797  0.0175  0.0000  0.0412  0.0000  0.0000  0.0000
 0.2047  0.0000  0.0083  0.2120  1.0000  0.0079  0.0809  0.0192  0.1266  0.8930  0.0472  0.0166  0.0774  0.0777  0.0932  0.1583  0.1146  0.2003  0.0446  0.0027  0.0000  0.0061  0.0000  0.0000  0.0000
 0.0339  0.0000  0.0032  0.0061  0.0471  0.0070  0.0239  0.0527  0.2031  1.0000  0.0341  0.0113  0.0469  0.0265  0.2117  0.3242  0.0279  0.1914  0.0192  0.0053  0.0000  0.0152  0.0000  0.0000  0.0000
 0.3589  0.0000  0.0431  0.0381  0.0489  0.1446  0.2494  0.0418  0.2711  0.0565  1.0000  0.1629  0.0496  0.0862  0.0539  0.0509  0.2679  0.1442  0.2111  0.0252  0.0000  0.0753  0.0000  0.0000  0.0000
 0.5792  0.0000  0.0396  0.5457  1.0000  0.0387  0.3976  0.0952  0.1394  0.7505  0.2909  0.0795  0.3719  0.2125  0.4576  0.4329  0.5463  0.4450  0.2133  0.0137  0.0000  0.0314  0.0000  0.0000  0.0000
 0.2705  0.0000  0.0154  0.2167  1.0000  0.0145  0.2962  0.0354  0.0540  0.3381  0.0871  0.0306  0.1434  0.0800  0.1857  0.1750  0.3036  0.4534  0.0824  0.0050  0.0000  0.0111  0.0000  0.0000  0.0000
 0.0043  0.0000  0.0011  0.0005  0.0011  0.1811  0.0009  0.0862  0.0464  0.0015  1.0000  0.0144  0.0011  0.0018  0.0022  0.0015  0.0012  0.0025  0.0118  0.0014  0.0000  0.0014  0.0000  0.0000  0.0000
 0.2923  0.0000  0.0224  0.6943  1.0000  0.0211  0.3284  0.0588  0.0700  0.5000  0.1139  0.0400  0.8086  0.1128  0.2761  0.4618  0.5561  0.2239  0.1071  0.0078  0.0000  0.0211  0.0000  0.0000  0.0000
 0.0060  0.0000  0.0015  0.0007  0.0015  0.3738  0.0012  0.0012  0.2427  0.0020  1.0000  0.2296  0.0015  0.0025  0.0031  0.0020  0.0017  0.1179  0.0168  0.0019  0.0000  0.0020  0.0000  0.0000  0.0000
 0.1263  0.0000  0.0022  1.0000  0.1654  0.0022  0.0613  0.0346  0.0047  0.2420  0.0080  0.0028  0.0957  0.0110  0.0202  0.0151  0.0289  0.0958  0.0074  0.0009  0.0000  0.0036  0.0000  0.0000  0.0000
 0.0791  0.0000  0.0095  0.5251  1.0000  0.0089  0.2788  0.0438  0.0058  0.0681  0.0120  0.0045  0.5127  0.0388  0.0534  0.0317  0.2952  0.0471  0.0101  0.0045  0.0000  0.0221  0.0000  0.0000  0.0000
 0.2121  0.0000  0.0338  0.1214  0.1499  0.0219  0.0832  0.0411  0.1481  0.6664  0.0793  0.0347  0.2072  0.2090  0.8417  0.1658  0.6834  1.0000  0.0983  0.0131  0.0000  0.0268  0.0000  0.0000  0.0000
 0.7663  0.0000  0.0387  0.3408  0.7950  0.0292  0.3679  0.0466  0.0459  0.2443  0.1968  0.0349  0.1158  0.1639  1.0000  0.1257  0.2868  0.2286  0.1031  0.0116  0.0000  0.0312  0.0000  0.0000  0.0000
 0.1663  0.0000  0.0268  0.0315  0.1110  0.0304  0.0518  0.0589  0.2805  0.6773  0.1988  0.0439  0.0788  0.0724  0.1539  1.0000  0.2391  0.2609  0.3402  0.0128  0.0000  0.0376  0.0000  0.0000  0.0000
 0.2253  0.0000  0.0170  0.1115  0.2710  0.0283  0.1186  0.0953  0.0780  1.0000  0.2973  0.0451  0.1861  0.1083  0.3207  0.6189  0.1936  0.1795  0.0936  0.0166  0.0000  0.0479  0.0000  0.0000  0.0000
 0.0074  0.0000  0.0008  0.0033  0.0098  0.0015  0.0061  0.1804  0.0030  0.1921  0.0068  0.0023  0.0592  0.0057  0.0160  1.0000  0.1168  0.0882  0.0040  0.0011  0.0000  0.0032  0.0000  0.0000  0.0000
 0.0426  0.0000  0.0095  0.0050  0.0095  0.0893  0.1154  0.0068  0.3842  0.0126  1.0000  0.1222  0.0090  0.0162  0.0177  0.0122  0.1090  0.0221  0.1115  0.0106  0.0000  0.0122  0.0000  0.0000  0.0000
 0.0572  0.0000  0.0060  0.1704  1.0000  0.0057  0.2359  0.0219  0.0117  0.4080  0.0199  0.0070  0.1407  0.0279  0.0501  0.0737  0.3074  0.0460  0.0182  0.0025  0.0000  0.0099  0.0000  0.0000  0.0000
 1.0000  0.0000  0.0522  0.1895  0.4644  0.1985  0.6425  0.1499  0.2848  0.2802  0.2157  0.0881  0.1822  0.2785  0.2732  0.2882  0.2588  0.2194  0.4779  0.0456  0.0000  0.2344  0.0000  0.0000  0.0000
 0.0481  0.0000  0.0159  0.0160  0.1417  1.0000  0.1093  0.0304  0.6113  0.0245  0.2874  0.0479  0.0225  0.0160  0.0203  0.0263  0.0605  0.0417  0.4983  0.0143  0.0000  0.0675  0.0000  0.0000  0.0000
 0.3762  0.0000  0.0235  0.5570  1.0000  0.0376  0.1817  0.0793  0.1181  0.4713  0.7349  0.0516  0.2620  0.1800  0.4263  0.2905  0.3209  0.2577  0.1341  0.0137  0.0000  0.0418  0.0000  0.0000  0.0000
 0.7286  0.0000  0.1976  0.3913  0.5822  0.7469  0.4398  0.5891  0.4448  0.5752  0.7358  0.2496  0.4592  0.2855  0.4719  0.5038  0.6536  0.6339  0.5815  0.1876  0.0000  1.0000  0.0000  0.0000  0.0000
 0.2542  0.0000  0.0712  0.0893  0.1633  0.3664  0.1350  0.2840  0.1586  0.1245  0.2616  0.0889  0.1261  0.0845  1.0000  0.1440  0.5277  0.1620  0.2473  0.2014  0.0000  0.4009  0.0000  0.0000  0.0000
 0.0071  0.0000  0.0014  0.0258  0.0099  0.0014  0.0192  0.0350  0.0013  1.0000  0.0029  0.0010  0.1404  0.0055  0.0089  0.0137  0.3024  0.0086  0.0020  0.0008  0.0000  0.0035  0.0000  0.0000  0.0000
 0.7689  0.0000  0.0694  0.5724  1.0000  0.1336  0.4563  0.1768  0.2281  0.8616  0.3661  0.1208  0.4701  0.2672  0.6293  0.5237  0.6993  0.5497  0.3130  0.0457  0.0000  0.1621  0.0000  0.0000  0.0000
 0.0527  0.0000  0.0043  0.0415  0.1503  0.0056  0.1384  0.2040  0.0151  1.0000  0.0286  0.0098  0.0694  0.0251  0.2180  0.1503  0.2556  0.0443  0.0220  0.0030  0.0000  0.0085  0.0000  0.0000  0.0000
 0.0367  0.0000  0.0096  0.0049  0.0078  0.0259  0.0080  0.0010  0.7910  0.0529  0.1625  0.0268  0.0062  0.0074  0.0046  0.0077  0.4353  0.0343  1.0000  0.0032  0.0000  0.0119  0.0000  0.0000  0.0000
 0.2839  0.0000  0.0294  0.0987  0.0505  0.2443  1.0000  0.0240  0.0145  0.1892  0.0315  0.0139  0.1115  0.0782  0.0391  0.0463  0.3527  0.0711  0.0464  0.0058  0.0000  0.0178  0.0000  0.0000  0.0000
 0.0213  0.0000  0.0011  0.3889  1.0000  0.0021  0.0155  0.0066  0.0031  0.0236  0.0056  0.0022  0.0417  0.0123  0.0247  0.1834  0.1897  0.0130  0.0602  0.0010  0.0000  0.0032  0.0000  0.0000  0.0000
 0.0024  0.0000  0.0006  0.0003  0.0006  0.1777  0.0005  0.0005  0.2884  0.0008  1.0000  0.0494  0.0006  0.0010  0.0013  0.0008  0.0007  0.0014  0.0067  0.0008  0.0000  0.0008  0.0000  0.0000  0.0000
 0.1129  0.0000  0.0112  0.0744  0.2163  0.0161  0.0793  0.1456  0.0376  1.0000  0.0766  0.0262  0.2905  0.0669  0.1714  0.7042  0.8862  0.5708  0.0528  0.0106  0.0000  0.0301  0.0000  0.0000  0.0000
 0.8313  0.0000  0.0529  0.9505  1.0000  0.0525  0.4187  0.1263  0.1590  0.7958  0.3967  0.1161  0.5587  0.2580  0.5200  0.4436  0.8111  0.5026  0.2467  0.0185  0.0000  0.0517  0.0000  0.0000  0.0000
 0.0055  0.0000  0.0002  1.0000  0.8965  0.0005  0.0030  0.0015  0.0006  0.0056  0.0012  0.0005  0.0039  0.0033  0.0070  0.0016  0.1157  0.0026  0.0012  0.0002  0.0000  0.0008  0.0000  0.0000  0.0000
 0.0043  0.0000  0.0001  1.0000  0.2697  0.0004  0.0017  0.0010  0.0005  0.0043  0.0010  0.0610  0.0020  0.0026  0.0056  0.0012  0.0022  0.0019  0.0010  0.0002  0.0000  0.0005  0.0000  0.0000  0.0000
 0.0063  0.0000  0.0016  0.0008  0.0016  0.5929  0.0013  0.0011  0.0876  0.0021  1.0000  0.0196  0.0015  0.0025  0.0030  0.0021  0.0018  0.0039  0.1952  0.0020  0.0000  0.0027  0.0000  0.0000  0.0000
 0.1390  0.0000  0.0097  0.2598  1.0000  0.0107  0.0688  0.0470  0.1825  0.3619  0.0552  0.0331  0.0887  0.0525  0.2903  0.0940  0.1307  0.1494  0.1713  0.0037  0.0000  0.0095  0.0000  0.0000  0.0000
 0.4688  0.0000  0.0838  0.4748  0.4801  0.3592  0.2636  0.2594  0.2627  1.0000  0.3507  0.1203  0.3259  0.2342  0.3387  0.5698  0.4228  0.5450  0.4066  0.0734  0.0000  0.3752  0.0000  0.0000  0.0000
 0.0071  0.0000  0.0017  0.0008  0.0689  0.0095  0.0010  0.0008  0.4000  0.0431  1.0000  0.0117  0.0012  0.0022  0.0022  0.0019  0.0017  0.0050  0.0489  0.0011  0.0000  0.0017  0.0000  0.0000  0.0000
 0.0798  0.0000  0.1833  0.5014  0.1962  0.0092  1.0000  0.0382  0.0128  0.3995  0.0218  0.0081  0.2006  0.0416  0.0568  0.0455  0.5103  0.1271  0.0213  0.0044  0.0000  0.0189  0.0000  0.0000  0.0000
 0.0018  0.0000  0.0000  0.0528  1.0000  0.0002  0.0008  0.0004  0.0002  0.0018  0.0004  0.0002  0.0008  0.0011  0.0023  0.0005  0.0009  0.0008  0.0004  0.0001  0.0000  0.0002  0.0000  0.0000  0.0000
 0.0010  0.0000  0.0003  0.0001  0.0003  0.0026  0.0002  0.0002  0.1367  0.0003  1.0000  0.0032  0.0002  0.0004  0.0005  0.0003  0.0003  0.0006  0.0028  0.0003  0.0000  0.0004  0.0000  0.0000  0.0000
 0.0000  0.0000  0.0000  0.0000  0.0000  0.0000  1.0000  0.0000  0.0000  0.0000  0.0000  0.0000  0.0000  0.0000  0.0000  0.0000  0.0000  0.0000  0.0000  0.0000  0.0000  0.0000  0.0000  0.0000  0.0000
 1.0000  0.0000  0.0089  0.0191  0.1254  0.0186  0.0655  0.2725  0.0380  0.8466  0.0895  0.0297  0.0881  0.0703  0.2262  0.7301  0.3007  0.0968  0.0508  0.0139  0.0000  0.0398  0.0000  0.0000  0.0000
 0.0000  0.0000  0.0000  0.0000  0.0000  0.0000  1.0000  0.0000  0.0000  0.0000  0.0000  0.0000  0.0000  0.0000  0.0000  0.0000  0.0000  0.0000  0.0000  0.0000  0.0000  0.0000  0.0000  0.0000  0.0000
 0.1465  0.0000  0.0018  0.0084  0.0035  0.0009  0.0125  0.0019  0.0009  0.0035  0.0019  0.0007  1.0000  0.0046  0.0024  0.0023  0.0102  0.0042  0.0025  0.0005  0.0000  0.0013  0.0000  0.0000  0.0000
 0.2114  0.0000  0.0934  0.1604  0.0852  0.1494  1.0000  0.0596  0.0586  0.0726  0.1088  0.0288  0.1263  0.1515  0.0613  0.0907  0.1379  0.0912  0.0869  0.0662  0.0000  0.4402  0.0000  0.0000  0.0000
 0.0000  0.0000  0.0000  0.0000  0.0000  0.0000  1.0000  0.0000  0.0000  0.0000  0.0000  0.0000  0.0000  0.0000  0.0000  0.0000  0.0000  0.0000  0.0000  0.0000  0.0000  0.0000  0.0000  0.0000  0.0000
 0.0586  0.0000  0.0123  0.0254  0.0158  0.0062  0.0167  0.0073  0.0196  0.0239  0.0174  0.0092  0.1268  0.0297  0.0186  0.0150  0.4057  0.7913  1.0000  0.0040  0.0000  0.0070  0.0000  0.0000  0.0000
 0.0000  0.0000  0.0000  0.0000  0.0000  0.0000  0.0000  0.0000  0.0000  0.0000  0.0000  0.0000  0.0000  0.0000  0.0000  0.0000  0.0000  0.0000  1.0000  0.0000  0.0000  0.0000  0.0000  0.0000  0.0000
 0.4945  0.0000  0.1784  0.2001  0.2659  0.7079  0.3214  0.5367  0.3860  0.2831  0.6337  0.2339  0.3318  0.1992  0.2862  0.3389  0.4253  0.4031  0.4917  0.1804  0.0000  1.0000  0.0000  0.0000  0.0000
 0.0018  0.0000  0.0002  0.0008  0.0018  0.0007  0.0024  0.0011  0.0012  1.0000  0.0323  0.0008  0.0012  0.0020  0.0025  0.0059  0.0013  0.0014  0.0012  0.0004  0.0000  0.0006  0.0000  0.0000  0.0000
 0.1240  0.0000  0.0632  0.0006  0.0019  0.0013  0.0009  0.0005  0.0121  0.0019  0.0085  0.1556  0.0009  0.0028  0.0014  0.0011  0.0024  0.0085  1.0000  0.0002  0.0000  0.0004  0.0000  0.0000  0.0000
 0.3877  0.0000  0.0768  0.0920  0.2846  0.1924  0.1721  0.2254  0.2932  1.0000  0.4825  0.1667  0.2106  0.1790  0.3998  0.9114  0.2694  0.3338  0.5059  0.0599  0.0000  0.2542  0.0000  0.0000  0.0000
 0.0000  0.0000  0.0000  0.0000  0.0000  0.0000  0.0000  1.0000  0.0000  0.0000  0.0000  0.0000  0.0000  0.0000  0.0000  0.0000  0.0000  0.0000  0.0000  0.0000  0.0000  0.0000  0.0000  0.0000  0.0000
 0.4746  0.0000  0.0175  0.2012  0.3239  0.0170  0.1228  0.0403  0.1200  1.0000  0.1829  0.0345  0.2119  0.0889  0.2435  0.4003  0.4012  0.4185  0.1240  0.0059  0.0000  0.0138  0.0000  0.0000  0.0000
 0.0604  0.0000  0.0012  0.0031  0.0168  0.0026  0.0085  0.1060  0.0051  0.1558  0.0352  0.0039  0.0114  1.0000  0.0443  0.1979  0.2865  0.0128  0.0068  0.0018  0.0000  0.0053  0.0000  0.0000  0.0000
 0.0051  0.0000  0.0011  0.0025  0.0015  0.0006  0.0016  0.0007  0.0016  0.0022  0.0015  0.0008  0.0357  0.0027  0.0017  0.0014  0.8830  1.0000  0.0025  0.0004  0.0000  0.0006  0.0000  0.0000  0.0000
 0.0136  0.0000  0.0018  0.0206  0.0336  0.0026  1.0000  0.0947  0.0044  0.3523  0.0101  0.0034  0.1602  0.0101  0.0623  0.1068  0.0377  0.0140  0.0060  0.0018  0.0000  0.0059  0.0000  0.0000  0.0000
 0.0177  0.0000  0.0046  0.0025  0.0049  0.1350  0.0041  0.0047  0.0817  0.0063  1.0000  0.0512  0.0047  0.0072  0.2104  0.0064  0.0056  0.0108  0.6289  0.0053  0.0000  0.0783  0.0000  0.0000  0.0000
 0.0056  0.0000  0.0013  0.0005  0.0010  0.0021  0.0005  0.0002  1.0000  0.0011  0.0383  0.0025  0.0006  0.0012  0.0555  0.0008  0.0011  0.0497  0.5089  0.0003  0.0000  0.0009  0.0000  0.0000  0.0000
 0.0000  0.0000  0.0000  0.0000  0.0000  0.0000  0.0000  0.0000  0.0000  0.0000  0.0000  1.0000  0.0000  0.0000  0.0000  0.0000  0.0000  0.0000  0.0000  0.0000  0.0000  0.0000  0.0000  0.0000  0.0000
 1.0000  0.0000  0.0000  0.0000  0.0000  0.0000  0.0000  0.0000  0.0000  0.0000  0.0000  0.0000  0.0000  0.0000  0.0000  0.0000  0.0000  0.0000  0.0000  0.0000  0.0000  0.0000  0.0000  0.0000  0.0000
 0.0896  0.0000  0.0182  0.0055  0.0177  0.0351  0.0047  0.0073  0.1343  0.0331  0.2467  0.2124  0.0107  0.0226  0.0198  1.0000  0.0181  0.1284  0.3688  0.0049  0.0000  0.0073  0.0000  0.0000  0.0000
 0.0000  0.0000  0.0000  0.0000  0.0000  0.0000  0.0000  0.0000  0.0000  1.0000  0.0000  0.0000  0.0000  0.0000  0.0000  0.0000  0.0000  0.0000  0.0000  0.0000  0.0000  0.0000  0.0000  0.0000  0.0000
 0.0756  0.0000  0.0178  0.0080  0.1789  0.0946  0.0108  0.0085  0.4559  0.0273  1.0000  0.1170  0.0133  0.0226  0.0233  0.1225  0.0183  0.0543  0.3681  0.0115  0.0000  0.0174  0.0000  0.0000  0.0000
 0.0012  0.0000  0.0145  0.0002  0.0003  0.0008  0.0002  0.0000  1.0000  0.0003  0.0044  0.0008  0.0002  0.0002  0.0001  0.0002  0.0003  0.0011  0.1806  0.0001  0.0000  0.0004  0.0000  0.0000  0.0000
 0.0195  0.0000  0.0023  0.0155  0.0211  0.0033  0.0207  1.0000  0.0058  0.0877  0.0134  0.0045  0.0266  0.0133  0.0310  0.8441  0.0415  0.0179  0.0082  0.0024  0.0000  0.0070  0.0000  0.0000  0.0000
 0.0077  0.0000  0.0019  0.0008  0.0016  0.0102  0.0013  0.0007  0.0906  0.0021  1.0000  0.0124  0.0013  0.0022  0.0021  0.0017  0.1561  0.0057  0.2040  0.0012  0.0000  0.0020  0.0000  0.0000  0.0000
 0.0108  0.0000  0.0004  0.2318  1.0000  0.0010  0.0044  0.0025  0.0015  0.0101  0.0191  0.0011  0.0058  0.0064  0.0128  0.0029  0.0488  0.1719  0.0028  0.0005  0.0000  0.0014  0.0000  0.0000  0.0000
 0.4519  0.0000  0.0026  0.0014  0.0022  0.0636  0.0024  0.0004  0.9637  0.0029  0.5844  0.0109  0.0018  0.0021  0.0016  0.0023  0.0029  0.0088  1.0000  0.0012  0.0000  0.0037  0.0000  0.0000  0.0000
 0.0168  0.0000  0.0008  0.4552  0.1224  0.0018  0.0140  0.0061  0.0020  1.0000  0.0038  0.0015  0.0202  0.0106  0.0210  0.0064  0.0314  0.0090  0.0037  0.0009  0.0000  0.0031  0.0000  0.0000  0.0000
 0.0783  0.0000  0.0010  0.0902  1.0000  0.0032  0.0149  0.0080  0.0042  0.0341  0.0079  0.0033  0.0136  0.9741  0.1192  0.0097  0.0190  0.0153  0.0085  0.0015  0.0000  0.0041  0.0000  0.0000  0.0000
 1.0000  0.0000  0.0146  0.0675  0.0702  0.0118  0.0812  0.0362  0.0237  0.4466  0.0420  0.0161  0.3842  0.0531  0.0849  0.1948  0.3418  0.1811  0.0386  0.0073  0.0000  0.0204  0.0000  0.0000  0.0000
 0.1981  0.0000  0.0407  0.0143  0.2032  0.0337  0.0066  0.0086  1.0000  0.2690  0.2047  0.0528  0.0178  0.0429  0.0268  0.0277  0.0344  0.1874  0.9815  0.0052  0.0000  0.0134  0.0000  0.0000  0.0000
 0.0610  0.0000  0.0059  0.0106  0.0845  0.2287  0.0431  0.0544  0.0264  0.5967  0.1193  0.0206  0.0589  0.0478  0.2909  1.0000  0.0649  0.0652  0.0348  0.0097  0.0000  0.0279  0.0000  0.0000  0.0000
 0.2236  0.0000  0.0032  0.0120  0.0491  0.0064  0.0236  0.0467  0.0138  1.0000  0.0537  0.0103  0.6944  0.0244  0.1640  0.2900  0.0307  0.1127  0.0187  0.0045  0.0000  0.0128  0.0000  0.0000  0.0000
 0.0039  0.0000  0.0005  0.0018  0.0014  0.0004  0.0035  0.0005  0.0004  0.0016  0.0008  0.0003  0.0016  0.0018  1.0000  0.0012  0.0149  0.0015  0.0008  0.0003  0.0000  0.0004  0.0000  0.0000  0.0000
 0.0010  0.0000  0.0003  0.0001  0.0003  0.0024  0.0002  0.0002  1.0000  0.0003  0.1467  0.0029  0.0002  0.0004  0.0005  0.0003  0.0003  0.0006  0.0040  0.0003  0.0000  0.0004  0.0000  0.0000  0.0000
 0.0031  0.0000  0.0009  0.0005  0.0008  0.0035  0.0009  0.0001  1.0000  0.0010  0.7457  0.0036  0.0007  0.0007  0.0005  0.0008  0.0010  0.0576  0.2124  0.0004  0.0000  0.0014  0.0000  0.0000  0.0000
 0.0162  0.0000  0.0016  0.0028  0.0220  0.0034  0.0114  0.0141  0.0069  0.1770  0.0164  0.4398  0.0153  0.0125  0.0374  1.0000  0.0131  0.0170  0.0091  0.0025  0.0000  0.0071  0.0000  0.0000  0.0000
 0.0022  0.0000  0.0000  0.1384  1.0000  0.0002  0.0009  0.0006  0.0003  0.0022  0.0005  0.0002  0.0010  0.0014  0.0029  0.0006  0.0012  0.0010  0.0005  0.0001  0.0000  0.0003  0.0000  0.0000  0.0000
 0.0000  0.0000  0.0000  0.0000  0.0000  0.0000  0.0000  0.0000  0.0000  0.0000  1.0000  0.0000  0.0000  0.0000  0.0000  0.0000  0.0000  0.0000  0.0000  0.0000  0.0000  0.0000  0.0000  0.0000  0.0000
 0.1459  0.0000  0.0008  0.5634  0.4433  0.0037  0.0157  0.0102  0.0056  0.5188  0.0104  0.0041  0.0180  0.0243  1.0000  0.0398  0.0223  0.0195  0.0102  0.0018  0.0000  0.0050  0.0000  0.0000  0.0000
 0.0009  0.0000  0.0002  0.0001  0.0002  0.0008  0.0003  0.0000  0.2338  0.0003  0.0045  0.0008  0.0002  0.0002  0.0001  0.0002  0.0003  0.0009  1.0000  0.0001  0.0000  0.0004  0.0000  0.0000  0.0000
 0.0170  0.0000  0.0038  0.0020  0.0037  0.0357  0.1659  0.0027  0.0665  0.0050  1.0000  0.2160  0.0035  0.0066  0.0071  0.0049  0.0056  0.0082  0.0368  0.0042  0.0000  0.0046  0.0000  0.0000  0.0000
 0.0024  0.0000  0.0010  0.0025  0.0028  0.0010  0.0055  1.0000  0.0012  0.0088  0.0025  0.0006  0.0026  0.0035  0.0034  0.1690  0.0021  0.0022  0.0015  0.0009  0.0000  0.0013  0.0000  0.0000  0.0000
 0.0256  0.0000  0.0011  0.5638  1.0000  0.0026  0.0159  0.0462  0.0041  0.3404  0.0078  0.0029  0.0216  0.0150  0.0325  0.2379  0.2790  0.0148  0.0070  0.0013  0.0000  0.0040  0.0000  0.0000  0.0000
 0.0467  0.0000  1.0000  0.0010  0.0011  0.0005  0.0071  0.0002  0.0006  0.0012  0.0012  0.0006  0.0009  0.0032  0.0009  0.0009  0.1440  0.0026  0.0021  0.0002  0.0000  0.0004  0.0000  0.0000  0.0000
 0.0174  0.0000  0.0039  0.2594  0.0254  0.0033  0.0552  0.0168  0.0021  0.0246  0.0042  0.0015  1.0000  0.0131  0.0160  0.0982  0.0429  0.0180  0.1758  0.0017  0.0000  0.0085  0.0000  0.0000  0.0000
 0.2032  0.0000  0.1740  0.0241  0.0216  0.2842  0.1083  0.0059  0.0243  0.0228  0.0520  0.0162  0.0255  0.0526  0.0164  0.0164  1.0000  0.0809  0.0469  0.0284  0.0000  0.1077  0.0000  0.0000  0.0000
 0.0654  0.0000  0.0008  0.0007  0.0008  0.0003  0.0044  0.0002  0.0004  0.0009  0.0009  0.0003  0.0006  1.0000  0.0006  0.0007  0.0038  0.0014  0.0013  0.0002  0.0000  0.0003  0.0000  0.0000  0.0000
 0.0097  0.0000  0.0033  0.0075  0.0061  0.3577  0.0086  0.3580  0.0070  0.0069  0.0116  0.0039  0.0617  0.0043  0.0330  0.0073  0.0092  0.0078  0.0089  0.0033  0.0000  1.0000  0.0000  0.0000  0.0000
 0.0000  0.0000  0.0000  0.0000  0.0000  0.0000  0.0000  0.0000  1.0000  0.0000  0.0000  0.0000  0.0000  0.0000  0.0000  0.0000  0.0000  0.0000  0.0000  0.0000  0.0000  0.0000  0.0000  0.0000  0.0000
 0.0009  0.0000  0.0002  0.0001  0.0002  0.0007  0.0002  0.0000  0.1186  0.0003  0.0037  0.0007  0.0002  0.0002  0.0001  0.0002  0.0003  0.0008  1.0000  0.0001  0.0000  0.0003  0.0000  0.0000  0.0000
 0.0292  0.0000  0.0056  0.4258  0.0283  0.0040  1.0000  0.0171  0.0037  0.0250  0.0059  0.0025  0.0934  0.0173  0.2315  0.0130  0.1285  0.3055  0.0068  0.0021  0.0000  0.0091  0.0000  0.0000  0.0000
 0.0005  0.0000  0.0002  0.0001  0.0001  1.0000  0.0001  0.0000  0.0010  0.0000  0.0024  0.0005  0.0000  0.0002  0.0000  0.0000  0.0003  0.0003  0.0203  0.0022  0.0000  0.0385  0.0000  0.0000  0.0000
 0.0004  0.0000  0.0002  0.0001  0.0001  0.0308  0.0001  0.0000  0.0009  0.0000  0.0021  0.0004  0.0000  0.0002  0.0000  0.0000  0.0003  0.0003  0.0008  0.0019  0.0000  1.0000  0.0000  0.0000  0.0000
 0.0000  0.0000  0.0000  0.0000  0.0000  0.0000  1.0000  0.0000  0.0000  0.0000  0.0000  0.0000  0.0000  0.0000  0.0000  0.0000  0.0000  0.0000  0.0000  0.0000  0.0000  0.0000  0.0000  0.0000  0.0000
 1.0000  0.0000  0.0008  0.0005  0.0007  0.0003  0.0031  0.0001  0.0012  0.0007  0.0012  0.0005  0.0005  0.0016  0.0005  0.0005  0.0032  0.0312  0.0098  0.0001  0.0000  0.0002  0.0000  0.0000  0.0000
 0.0007  0.0000  0.0003  0.0001  0.0002  1.0000  0.0001  0.0000  0.0015  0.0000  0.1401  0.0007  0.0000  0.0003  0.0000  0.0000  0.0005  0.0004  0.0013  0.0032  0.0000  0.0531  0.0000  0.0000  0.0000
 0.0204  0.0000  0.0068  0.0075  0.0102  0.6582  0.0121  0.0197  0.0212  0.0111  0.1132  0.0120  0.0114  0.0080  0.2686  0.0130  0.0149  0.0507  0.1192  0.0070  0.0000  1.0000  0.0000  0.0000  0.0000
 0.1339  0.0000  0.0148  0.2171  0.1602  0.0162  0.0902  0.0348  0.1428  0.1696  0.0552  0.0203  0.3809  0.0573  0.3330  0.3071  1.0000  0.1808  0.1047  0.0065  0.0000  0.0210  0.0000  0.0000  0.0000
 0.0045  0.0000  0.0003  1.0000  0.8999  0.0005  0.0045  0.0018  0.0005  0.0049  0.0010  0.0004  0.0977  0.0029  0.0057  0.0016  0.0042  0.0025  0.0010  0.0002  0.0000  0.0009  0.0000  0.0000  0.0000
 0.1967  0.0000  0.0014  0.0026  0.0017  0.0006  1.0000  0.0006  0.0006  0.0018  0.0014  0.0006  0.0622  0.0479  0.0012  0.0012  0.0078  0.0027  0.0023  0.0002  0.0000  0.0006  0.0000  0.0000  0.0000
 0.3178  0.0000  0.0007  0.6318  1.0000  0.0028  0.0146  0.0699  0.0036  0.0305  0.0067  0.0027  0.0180  0.0183  0.0390  0.0085  0.0686  0.0138  0.0069  0.0013  0.0000  0.0041  0.0000  0.0000  0.0000
 0.0031  0.0000  0.1656  0.0004  0.0006  0.0019  0.0006  0.0001  1.0000  0.0008  0.0102  0.0020  0.0005  0.0006  0.0004  0.0006  0.0008  0.0028  0.2940  0.0002  0.0000  0.0009  0.0000  0.0000  0.0000
 0.4974  0.0000  0.1784  0.2014  0.2655  0.6875  0.3222  0.5260  0.3836  0.2831  0.6316  0.2146  0.3044  0.2002  0.2857  0.3378  0.4850  0.3944  0.5141  0.1994  0.0000  1.0000  0.0000  0.0000  0.0000
 0.0018  0.0000  0.0005  0.0003  0.0005  0.0043  0.0005  0.0003  1.0000  0.0007  0.2286  0.2267  0.0005  0.0007  0.0008  0.0006  0.0006  0.0013  0.0390  0.0005  0.0000  0.0008  0.0000  0.0000  0.0000
 0.0000  0.0000  1.0000  0.0000  0.0000  0.0000  0.0000  0.0000  0.0000  0.0000  0.0000  0.0000  0.0000  0.0000  0.0000  0.0000  0.0000  0.0000  0.0000  0.0000  0.0000  0.0000  0.0000  0.0000  0.0000
 0.0029  0.0000  0.0007  0.0004  0.0005  0.0021  0.0009  0.0003  0.0046  0.0005  0.0093  1.0000  0.0004  0.0009  0.0006  0.0005  0.0008  0.0016  0.1150  0.0004  0.0000  0.0008  0.0000  0.0000  0.0000
 0.0000  0.0000  0.0000  0.0000  1.0000  0.0000  0.0000  0.0000  0.0000  0.0000  0.0000  0.0000  0.0000  0.0000  0.0000  0.0000  0.0000  0.0000  0.0000  0.0000  0.0000  0.0000  0.0000  0.0000  0.0000
 0.0174  0.0000  0.0055  0.0232  0.0126  0.0189  0.0214  0.4262  0.0110  0.0143  0.2155  0.0063  0.0801  0.0085  0.0116  0.0130  0.0687  0.0155  0.0139  0.0052  0.0000  1.0000  0.0000  0.0000  0.0000
 0.0000  0.0000  0.0000  0.0000  0.0000  0.0000  0.0000  0.0000  0.0000  0.0000  0.0000  1.0000  0.0000  0.0000  0.0000  0.0000  0.0000  0.0000  0.0000  0.0000  0.0000  0.0000  0.0000  0.0000  0.0000
 0.0483  0.0000  0.0010  1.0000  0.0028  0.0005  0.0068  0.0009  0.0005  0.0019  0.0010  0.0004  0.0045  0.0026  0.0014  0.0011  0.0996  0.0029  0.0015  0.0002  0.0000  0.0006  0.0000  0.0000  0.0000
 0.2891  0.0000  0.1974  0.0119  0.0138  0.0059  1.0000  0.0029  0.0070  0.0670  0.0294  0.0070  0.0110  0.0379  0.0108  0.0118  0.0808  0.2042  0.0251  0.0022  0.0000  0.0047  0.0000  0.0000  0.0000
 0.0272  0.0000  0.0136  0.0023  0.0024  0.0010  1.0000  0.0005  0.0012  0.0026  0.0605  0.0012  0.0021  0.0065  0.0018  0.0019  0.0566  0.0047  0.0043  0.0004  0.0000  0.0008  0.0000  0.0000  0.0000
 0.0000  0.0000  0.0000  0.0000  0.0000  0.0000  0.0000  0.0000  0.0000  0.0000  0.0000  0.0000  0.0000  0.0000  0.0000  0.0000  1.0000  0.0000  0.0000  0.0000  0.0000  0.0000  0.0000  0.0000  0.0000
 0.0018  0.0000  0.0005  0.0002  0.0005  0.1560  0.0004  0.0004  0.1149  0.0006  1.0000  0.0428  0.0004  0.0007  0.0009  0.0006  0.0005  0.0010  0.0274  0.0006  0.0000  0.0006  0.0000  0.0000  0.0000
 0.0000  0.0000  0.0000  1.0000  0.0000  0.0000  0.0000  0.0000  0.0000  0.0000  0.0000  0.0000  0.0000  0.0000  0.0000  0.0000  0.0000  0.0000  0.0000  0.0000  0.0000  0.0000  0.0000  0.0000  0.0000
 0.1035  0.0000  0.0100  0.0183  0.1437  0.0220  0.0730  0.1057  0.0855  1.0000  0.2962  0.0347  0.1305  0.0810  0.4490  0.7390  0.0846  0.1107  0.0588  0.0163  0.0000  0.0470  0.0000  0.0000  0.0000
 0.0036  0.0000  0.0473  0.0008  0.0010  0.2769  0.0015  0.0001  1.0000  0.0014  0.2747  0.0048  0.0009  0.0007  0.0005  0.0012  0.0207  0.0040  0.8614  0.0006  0.0000  0.0022  0.0000  0.0000  0.0000
 0.0476  0.0000  0.0100  0.0071  0.0109  0.0928  0.0178  0.0105  0.1195  0.0141  1.0000  0.1059  0.0111  0.0284  0.0165  0.0137  0.1984  0.0271  0.0729  0.0146  0.0000  0.4847  0.0000  0.0000  0.0000
 0.0401  0.0000  0.0009  0.0431  0.0041  0.0005  0.0065  0.0011  0.0005  1.0000  0.0010  0.0004  0.0052  0.0026  0.0020  0.0017  0.0567  0.0031  0.0014  0.0002  0.0000  0.0007  0.0000  0.0000  0.0000
 0.1302  0.0000  0.0194  0.8657  0.7373  0.0213  0.3368  0.0957  0.0211  1.0000  0.0433  0.0154  0.4733  0.0901  0.1506  0.3768  0.2291  0.1136  0.0334  0.0111  0.0000  0.3105  0.0000  0.0000  0.0000
 1.0000  0.0000  0.0553  0.0579  0.0710  0.3501  0.3377  0.0991  0.3053  0.0786  0.1993  0.0605  0.1018  0.0924  0.0694  0.0804  0.2120  0.2103  0.5138  0.0370  0.0000  0.1863  0.0000  0.0000  0.0000
 0.0285  0.0000  0.0026  0.2511  0.1066  0.0041  1.0000  0.0165  0.0523  0.1795  0.0137  0.0048  0.0459  0.0187  0.0418  0.2098  0.0301  0.0220  0.0096  0.0025  0.0000  0.0083  0.0000  0.0000  0.0000
 0.1718  0.0000  0.0164  0.0272  0.1806  0.0279  0.1592  0.1139  0.0559  0.9596  0.1322  0.0442  0.1272  0.2106  0.3034  1.0000  0.1262  0.1433  0.1452  0.0205  0.0000  0.0583  0.0000  0.0000  0.0000
 0.0008  0.0000  0.0003  0.0002  0.0002  0.0013  0.0004  0.0000  1.0000  0.0004  0.0721  0.0261  0.0002  0.0002  0.0001  0.0003  0.0003  0.0009  0.2967  0.0002  0.0000  0.0006  0.0000  0.0000  0.0000
 0.0109  0.0000  0.0019  0.1575  0.0209  0.0019  0.0262  0.0274  0.0016  0.0209  0.0035  0.0012  0.0412  1.0000  0.0118  0.2012  0.0207  0.0097  0.0025  0.0010  0.0000  0.0045  0.0000  0.0000  0.0000
 0.0175  0.0000  0.0024  0.0244  1.0000  0.0026  0.0097  0.0030  0.0061  0.0106  0.0071  0.0022  0.0049  0.0091  0.0123  0.0046  0.0077  0.0080  0.1703  0.0013  0.0000  0.0024  0.0000  0.0000  0.0000
 0.2363  0.0000  0.0150  0.9285  1.0000  0.0141  0.2076  0.1559  0.1522  0.5182  0.0850  0.0298  0.5302  0.3992  0.5871  0.1478  0.5169  0.1616  0.0804  0.0048  0.0000  0.0107  0.0000  0.0000  0.0000
 0.0026  0.0000  0.0009  0.0006  0.0008  0.0728  0.0012  0.0001  1.0000  0.0012  0.0207  0.0038  0.0008  0.0005  0.0918  0.0010  0.0012  0.0030  0.3802  0.0005  0.0000  0.0437  0.0000  0.0000  0.0000
 0.0009  0.0000  0.0002  0.0001  0.0002  0.0022  0.0002  0.0002  0.0041  0.0003  1.0000  0.0026  0.0002  0.0004  0.0004  0.0003  0.0003  0.0005  0.0507  0.0003  0.0000  0.0003  0.0000  0.0000  0.0000
 0.1716  0.0000  0.0027  0.0024  0.0026  0.0010  1.0000  0.0006  0.0012  0.0032  0.0027  0.0012  0.0022  0.0069  0.0020  0.1264  0.0140  0.0048  0.0045  0.0004  0.0000  0.0009  0.0000  0.0000  0.0000
 0.0045  0.0000  0.0004  0.0008  0.0118  0.0778  0.0032  0.0040  0.0019  1.0000  0.0046  0.0015  0.0044  0.0035  0.0107  0.2081  0.0037  0.0166  0.0026  0.0007  0.0000  0.0020  0.0000  0.0000  0.0000
 0.0023  0.0000  0.0006  0.0003  0.0005  0.0016  0.0005  0.0001  1.0000  0.0006  0.0087  0.0352  0.0004  0.0005  0.0003  0.0005  0.0006  0.0491  0.6100  0.0002  0.0000  0.0007  0.0000  0.0000  0.0000
 0.5807  0.0000  0.0022  0.0036  0.0026  0.0010  0.0060  0.0010  0.0025  0.0036  0.0027  0.0014  0.0061  0.0054  0.0028  0.0023  0.8247  1.0000  0.0047  0.0006  0.0000  0.0011  0.0000  0.0000  0.0000
 0.3644  0.0000  0.1529  0.1449  0.4485  0.4732  0.2244  0.3603  0.9076  0.2590  1.0000  0.1564  0.3208  0.1426  0.2038  0.2399  0.3269  0.2826  0.6179  0.1234  0.0000  0.7168  0.0000  0.0000  0.0000
 1.0000  0.0000  0.0015  0.0011  0.0013  0.0007  0.0080  0.0003  0.0008  0.0014  0.0015  0.0007  0.0010  0.0036  0.0010  0.0010  0.3098  0.0032  0.0238  0.0002  0.0000  0.0188  0.0000  0.0000  0.0000
 0.0074  0.0000  0.0016  0.0005  0.0012  0.0016  0.0003  0.0003  0.1216  0.0013  0.0092  0.0022  0.0007  0.0016  0.0008  0.0008  0.0013  0.3026  1.0000  0.0002  0.0000  0.0006  0.0000  0.0000  0.0000
 0.0043  0.0000  0.0014  0.0010  0.0013  0.0628  0.0020  0.0003  0.6605  0.0019  1.0000  0.0091  0.0013  0.0011  0.0011  0.0017  0.0019  0.0046  0.7852  0.0010  0.0000  0.0029  0.0000  0.0000  0.0000
 0.2487  0.0000  0.0081  0.0503  0.1174  0.0153  0.1135  0.1119  0.0299  1.0000  0.1030  0.1737  0.0684  0.0465  0.1918  0.4766  0.1343  0.0779  0.0420  0.0077  0.0000  0.0247  0.0000  0.0000  0.0000
 0.1411  0.0000  0.0009  0.0007  0.0008  0.0003  1.0000  0.0002  0.0004  0.0008  0.0008  0.0004  0.0006  0.0021  0.0006  0.0006  0.0042  0.0014  0.0014  0.0001  0.0000  0.0003  0.0000  0.0000  0.0000
 0.0000  0.0000  0.0000  0.0000  0.0000  0.0000  0.0000  0.0000  0.0000  0.0000  1.0000  0.0000  0.0000  0.0000  0.0000  0.0000  0.0000  0.0000  0.0000  0.0000  0.0000  0.0000  0.0000  0.0000  0.0000
 0.4217  0.0000  0.0612  0.2340  0.3091  0.0348  0.1523  0.0570  0.1092  0.4205  0.1352  0.0560  0.3425  0.1606  0.2132  0.2101  0.8315  1.0000  0.2485  0.0172  0.0000  0.0358  0.0000  0.0000  0.0000
 0.0199  0.0000  0.0033  0.0424  0.1341  0.0070  0.0231  0.1793  0.0057  0.0281  0.0097  0.0035  0.0348  0.0119  0.0195  0.0184  0.0296  0.2076  0.0084  0.0025  0.0000  1.0000  0.0000  0.0000  0.0000
 0.0000  0.0000  0.0000  0.0000  0.0000  0.0000  0.0000  0.0000  0.0000  0.0000  1.0000  0.0000  0.0000  0.0000  0.0000  0.0000  0.0000  0.0000  0.0000  0.0000  0.0000  0.0000  0.0000  0.0000  0.0000
 0.0173  0.0000  0.0017  0.0031  0.0240  0.0036  0.0123  0.0154  0.0074  0.7970  0.0174  0.0058  0.0168  0.0136  0.0409  1.0000  0.0141  0.0185  0.0098  0.0027  0.0000  0.3465  0.0000  0.0000  0.0000
 0.0038  0.0000  0.0001  0.4186  1.0000  0.0004  0.0017  0.0010  0.0005  0.0039  0.0009  0.0004  0.0018  0.0024  0.0050  0.0011  0.0020  0.0017  0.0009  0.0002  0.0000  0.0005  0.0000  0.0000  0.0000
 0.3183  0.0000  0.0122  0.3316  0.4269  0.0114  0.0869  0.0277  0.0834  1.0000  0.0690  0.0242  0.3468  0.0627  0.2205  0.1199  0.2336  0.1888  0.1645  0.0039  0.0000  0.0086  0.0000  0.0000  0.0000
 0.0172  0.0000  0.0039  0.0023  0.0076  0.0358  0.0049  1.0000  0.1250  0.0248  0.3478  0.0446  0.0062  0.0081  0.0138  0.0565  0.0065  0.0115  0.0399  0.0046  0.0000  0.0061  0.0000  0.0000  0.0000
 0.3795  0.0000  0.0033  0.0114  0.0472  0.0064  0.0249  0.0272  0.0136  1.0000  0.0314  0.0104  0.5182  0.0250  0.4860  0.6292  0.1023  0.0355  0.0183  0.0047  0.0000  0.0136  0.0000  0.0000  0.0000
 0.0007  0.0000  0.0002  0.0001  0.0002  0.0007  0.0002  0.0000  1.0000  0.0002  0.0036  0.0007  0.0001  0.0002  0.0001  0.0002  0.0002  0.0007  0.0247  0.0001  0.0000  0.0003  0.0000  0.0000  0.0000
 0.0038  0.0000  0.0010  0.0005  0.0010  0.0100  0.0008  0.0007  0.9897  0.0013  0.1527  1.0000  0.0009  0.0016  0.0019  0.0013  0.0011  0.0022  0.0118  0.0012  0.0000  0.0013  0.0000  0.0000  0.0000
 0.0000  0.0000  0.0000  0.0000  0.0000  0.0000  0.0000  1.0000  0.0000  0.0000  0.0000  0.0000  0.0000  0.0000  0.0000  0.0000  0.0000  0.0000  0.0000  0.0000  0.0000  0.0000  0.0000  0.0000  0.0000
 0.0000  0.0000  0.0000  0.0000  0.0000  0.0000  0.0000  0.0000  0.0000  0.0000  0.0000  0.0000  0.0000  0.0000  0.0000  1.0000  0.0000  0.0000  0.0000  0.0000  0.0000  0.0000  0.0000  0.0000  0.0000
 0.0000  0.0000  0.0000  1.0000  0.0000  0.0000  0.0000  0.0000  0.0000  0.0000  0.0000  0.0000  0.0000  0.0000  0.0000  0.0000  0.0000  0.0000  0.0000  0.0000  0.0000  0.0000  0.0000  0.0000  0.0000
 0.0009  0.0000  0.0003  0.0002  0.0002  0.0010  0.0003  0.0000  0.3607  0.0003  0.0053  0.0010  0.0002  0.0002  0.0001  0.0003  0.0003  0.0010  1.0000  0.0001  0.0000  0.0005  0.0000  0.0000  0.0000
 0.0010  0.0000  0.0001  0.0005  0.0014  0.0002  0.0011  0.0008  0.0004  1.0000  0.0010  0.0003  0.0010  0.0010  0.0092  0.0048  0.0009  0.0010  0.0005  0.0002  0.0000  0.0004  0.0000  0.0000  0.0000
 0.0000  0.0000  0.0000  0.0000  0.0000  0.0000  0.0000  0.0000  0.0000  0.0000  0.0000  0.0000  0.0000  1.0000  0.0000  0.0000  0.0000  0.0000  0.0000  0.0000  0.0000  0.0000  0.0000  0.0000  0.0000
 0.0028  0.0000  0.0005  0.0011  0.0007  0.0003  0.0009  0.0003  0.0007  0.0010  0.0007  0.0004  0.0019  0.0013  0.0008  0.0007  1.0000  0.2428  0.0012  0.0002  0.0000  0.0003  0.0000  0.0000  0.0000
 0.0000  0.0000  0.0000  0.0000  0.0000  0.0000  0.0000  0.0000  0.0000  0.0000  0.0000  0.0000  1.0000  0.0000  0.0000  0.0000  0.0000  0.0000  0.0000  0.0000  0.0000  0.0000  0.0000  0.0000  0.0000
 0.0008  0.0000  0.0003  0.0002  0.0002  0.0011  0.0003  0.0000  1.0000  0.0003  0.0058  0.0819  0.0002  0.0002  0.0001  0.0003  0.0003  0.0009  0.2021  0.0001  0.0000  0.0005  0.0000  0.0000  0.0000
 0.0000  0.0000  0.0000  0.0000  0.0000  0.0000  0.0000  0.0000  0.0000  0.0000  1.0000  0.0000  0.0000  0.0000  0.0000  0.0000  0.0000  0.0000  0.0000  0.0000  0.0000  0.0000  0.0000  0.0000  0.0000
 0.0307  0.0000  0.0875  0.0005  0.0012  0.0508  0.0004  0.0003  0.0829  0.0013  0.2153  0.0033  0.0007  0.0015  0.0009  0.0008  0.0012  0.0051  1.0000  0.0003  0.0000  0.0008  0.0000  0.0000  0.0000
 0.0014  0.0000  0.0003  0.1486  0.0020  0.0003  0.0048  0.0014  0.0001  0.0019  0.0003  0.0001  1.0000  0.0011  0.0013  0.0010  0.0784  0.0015  0.0002  0.0001  0.0000  0.0007  0.0000  0.0000  0.0000
 0.0657  0.0000  0.0146  0.0026  0.0020  0.0007  0.0037  0.0008  0.0018  0.0243  0.0020  0.0010  0.0045  0.0037  0.0023  0.1059  1.0000  0.1026  0.0032  0.0004  0.0000  0.0008  0.0000  0.0000  0.0000
 0.0133  0.0000  0.0018  0.0192  0.0184  0.0027  0.0377  0.0121  0.0044  0.0975  0.0104  0.0035  0.2985  0.0103  0.1096  1.0000  0.3132  0.0142  0.0060  0.0018  0.0000  0.0061  0.0000  0.0000  0.0000
 0.0049  0.0000  0.0098  0.0013  0.0008  0.0007  1.0000  0.0005  0.0006  0.0005  0.0010  0.0004  0.0010  0.0016  0.0006  0.0009  0.0024  0.0012  0.0013  0.0005  0.0000  0.0008  0.0000  0.0000  0.0000
 0.0247  0.0000  0.0029  0.0782  1.0000  0.0033  0.0365  0.0435  0.0036  0.0298  0.0062  0.0025  0.4633  0.0162  0.3155  0.0134  0.0672  0.1382  0.0062  0.0017  0.0000  0.0067  0.0000  0.0000  0.0000
 0.0007  0.0000  0.0002  0.0001  0.0002  0.0008  0.0003  0.0000  1.0000  0.0003  0.0042  0.0008  0.0002  0.0001  0.0001  0.0002  0.0003  0.0007  0.1893  0.0001  0.0000  0.0004  0.0000  0.0000  0.0000
 0.0000  0.0000  0.0000  0.0000  0.0000  0.0000  0.0000  0.0000  0.0000  1.0000  0.0000  0.0000  0.0000  0.0000  0.0000  0.0000  0.0000  0.0000  0.0000  0.0000  0.0000  0.0000  0.0000  0.0000  0.0000
 0.0018  0.0000  0.0005  0.0002  0.0005  0.0049  0.0004  0.0004  0.4245  0.0006  1.0000  0.0675  0.0004  0.0008  0.0009  0.0006  0.0005  0.0011  0.0053  0.0006  0.0000  0.0006  0.0000  0.0000  0.0000
 0.0000  0.0000  1.0000  0.0000  0.0000  0.0000  0.0000  0.0000  0.0000  0.0000  0.0000  0.0000  0.0000  0.0000  0.0000  0.0000  0.0000  0.0000  0.0000  0.0000  0.0000  0.0000  0.0000  0.0000  0.0000
 0.0000  0.0000  0.0000  1.0000  0.0000  0.0000  0.0000  0.0000  0.0000  0.0000  0.0000  0.0000  0.0000  0.0000  0.0000  0.0000  0.0000  0.0000  0.0000  0.0000  0.0000  0.0000  0.0000  0.0000  0.0000
 0.0000  0.0000  0.0000  0.0000  0.0000  1.0000  0.0000  0.0000  0.0000  0.0000  0.0000  0.0000  0.0000  0.0000  0.0000  0.0000  0.0000  0.0000  0.0000  0.0000  0.0000  0.0000  0.0000  0.0000  0.0000
 0.0000  0.0000  0.0000  0.0000  0.0000  0.0000  1.0000  0.0000  0.0000  0.0000  0.0000  0.0000  0.0000  0.0000  0.0000  0.0000  0.0000  0.0000  0.0000  0.0000  0.0000  0.0000  0.0000  0.0000  0.0000
 0.0009  0.0000  0.0002  0.0001  0.0002  0.0007  0.0002  0.0000  0.1419  0.0003  0.0039  0.0007  0.0002  0.0002  0.0001  0.0002  0.0003  0.0008  1.0000  0.0001  0.0000  0.0003  0.0000  0.0000  0.0000
 0.1758  0.0000  0.0010  0.0008  0.0009  0.0004  0.0056  0.0002  0.0005  0.0010  0.0010  0.0005  0.0008  0.0025  0.0007  0.0007  1.0000  0.0022  0.0017  0.0001  0.0000  0.0003  0.0000  0.0000  0.0000
 0.0122  0.0000  0.0018  0.0034  0.0022  0.0010  1.0000  0.0010  0.0011  0.0023  0.0021  0.0007  0.0031  0.0046  0.0016  0.0020  0.0076  0.1687  0.0025  0.0007  0.0000  0.0011  0.0000  0.0000  0.0000
 0.0109  0.0000  0.0004  0.0295  0.3515  0.0011  0.0065  0.0035  0.0015  0.0140  0.0029  0.0793  0.3267  0.0067  1.0000  0.0060  0.0073  0.0056  0.0027  0.0006  0.0000  0.0018  0.0000  0.0000  0.0000
 0.0026  0.0000  0.0006  0.0005  0.0007  0.0046  0.0011  0.0005  0.0083  0.0009  1.0000  0.0054  0.0007  0.0012  0.0010  0.0008  0.0014  0.1642  0.0052  0.0007  0.0000  0.0009  0.0000  0.0000  0.0000
 0.0013  0.0000  0.0004  0.0003  0.0003  0.0016  0.0005  0.0000  1.0000  0.0005  0.0086  0.0015  0.0003  0.0002  0.0002  0.0004  0.0005  0.0014  0.8195  0.0002  0.0000  0.0008  0.0000  0.0000  0.0000
 0.2974  0.0000  0.0038  1.0000  0.0245  0.0030  0.0515  0.0148  0.0017  0.0203  0.0037  0.0014  0.3403  0.0126  0.0141  0.0102  0.0398  0.0158  0.0033  0.0015  0.0000  0.0076  0.0000  0.0000  0.0000
 0.0000  0.0000  0.0000  0.0000  0.0000  0.0000  0.0000  0.0000  0.0000  0.0000  0.0000  0.0000  0.0000  0.0000  0.0000  0.0000  1.0000  0.0000  0.0000  0.0000  0.0000  0.0000  0.0000  0.0000  0.0000
 0.0031  0.0000  0.0008  0.0004  0.0008  0.0071  0.0007  0.0005  0.8020  0.0011  0.1592  1.0000  0.0007  0.0011  0.0013  0.0010  0.0009  0.0021  0.0514  0.0008  0.0000  0.0012  0.0000  0.0000  0.0000
 1.0000  0.0000  0.0007  0.0005  0.0006  0.0003  0.0039  0.0001  0.0003  0.0007  0.0007  0.0003  0.0005  0.0018  0.0005  0.0005  0.0328  0.0013  0.0012  0.0001  0.0000  0.0002  0.0000  0.0000  0.0000
 0.0118  0.0000  0.0028  0.3792  0.0186  0.0024  0.0417  0.0126  0.0012  0.5708  0.0027  0.0010  1.0000  0.0096  0.0115  0.0088  0.0317  0.0124  0.0020  0.0012  0.0000  0.0064  0.0000  0.0000  0.0000
 0.0055  0.0000  0.0011  0.0023  0.0014  0.0006  0.0018  0.0006  0.0016  0.0021  0.0015  0.0008  0.0041  0.0027  0.0017  0.0014  1.0000  0.9449  0.0025  0.0004  0.0000  0.0006  0.0000  0.0000  0.0000
 0.0752  0.0000  0.0150  0.1664  0.0825  1.0000  0.1482  0.0563  0.0224  0.2061  0.0542  0.0158  0.4756  0.0549  0.0867  0.3269  0.1156  0.0676  0.0278  0.0099  0.0000  0.0310  0.0000  0.0000  0.0000
 0.1719  0.0000  0.0014  0.0004  0.0010  0.0014  0.0003  0.0002  0.2837  0.0011  0.0081  0.0020  0.0006  0.0014  0.0007  0.0007  0.0011  0.0048  1.0000  0.0002  0.0000  0.0005  0.0000  0.0000  0.0000
 0.0000  0.0000  0.0000  0.0000  0.0000  0.0000  1.0000  0.0000  0.0000  0.0000  0.0000  0.0000  0.0000  0.0000  0.0000  0.0000  0.0000  0.0000  0.0000  0.0000  0.0000  0.0000  0.0000  0.0000  0.0000
 0.0680  0.0000  0.4067  0.0245  0.0157  0.0122  0.0490  0.0094  0.0182  0.0152  0.0208  0.0087  0.0293  0.0285  0.0148  0.0162  0.1056  1.0000  0.0325  0.0078  0.0000  0.0133  0.0000  0.0000  0.0000
 0.0084  0.0000  0.0009  0.0027  0.0080  0.0012  0.0061  0.0048  0.0024  0.0360  0.0055  0.0019  0.0068  0.0051  0.3025  1.0000  0.2786  0.0077  0.0035  0.0009  0.0000  0.0025  0.0000  0.0000  0.0000
 0.0104  0.0000  0.0020  0.0039  0.0025  0.0010  0.0036  0.0011  0.0026  0.0037  0.0025  0.0014  0.0069  0.1662  0.0028  0.0023  1.0000  0.2830  0.0044  0.0006  0.0000  0.0011  0.0000  0.0000  0.0000
 0.0000  0.0000  0.0000  0.0000  0.0000  0.0000  0.0000  0.0000  0.0000  0.0000  0.0000  0.0000  0.0000  0.0000  0.0000  0.0000  0.0000  0.0000  0.0000  0.0000  0.0000  1.0000  0.0000  0.0000  0.0000
 0.0000  0.0000  0.0000  0.0000  0.0000  0.0000  0.0000  0.0000  0.0000  0.0000  0.0000  1.0000  0.0000  0.0000  0.0000  0.0000  0.0000  0.0000  0.0000  0.0000  0.0000  0.0000  0.0000  0.0000  0.0000
 1.0000  0.0000  0.0019  0.0015  0.0017  0.0007  0.0108  0.0003  0.0009  0.0019  0.0019  0.0009  0.0013  0.0048  0.0013  0.0014  0.8660  0.0038  0.0032  0.0003  0.0000  0.0006  0.0000  0.0000  0.0000
 0.0000  0.0000  0.0000  0.0000  0.0000  0.0000  0.0000  0.0000  0.0000  0.0000  0.0000  0.0000  0.0000  1.0000  0.0000  0.0000  0.0000  0.0000  0.0000  0.0000  0.0000  0.0000  0.0000  0.0000  0.0000
 0.0000  0.0000  0.0000  0.0000  1.0000  0.0000  0.0000  0.0000  0.0000  0.0000  0.0000  0.0000  0.0000  0.0000  0.0000  0.0000  0.0000  0.0000  0.0000  0.0000  0.0000  0.0000  0.0000  0.0000  0.0000
 0.0000  0.0000  0.0000  0.0000  0.0000  0.0000  0.0000  0.0000  0.0000  0.0000  0.0000  0.0000  0.0000  0.0000  0.0000  1.0000  0.0000  0.0000  0.0000  0.0000  0.0000  0.0000  0.0000  0.0000  0.0000
 0.0034  0.0000  0.0009  0.0004  0.0009  0.0228  0.0007  0.0007  0.9197  0.0012  1.0000  0.0113  0.0008  0.0014  0.0017  0.0012  0.0010  0.0020  0.0105  0.0011  0.0000  0.0014  0.0000  0.0000  0.0000
 0.1668  0.0000  0.0033  0.2211  0.0623  0.0036  0.0528  0.0114  0.0099  0.1694  0.0177  0.0062  0.0351  0.0180  1.0000  0.0944  0.0404  0.1356  0.0151  0.0018  0.0000  0.0050  0.0000  0.0000  0.0000
 0.0511  0.0000  0.0048  0.0039  0.0044  0.0018  1.0000  0.0009  0.0021  0.0048  0.0046  0.0022  0.0035  0.1562  0.0033  0.0034  0.1010  0.0088  0.0430  0.0007  0.0000  0.0014  0.0000  0.0000  0.0000
 0.3932  0.0000  0.0480  0.2830  0.2228  0.0284  0.4381  0.0622  0.0648  0.2019  0.0823  0.0369  0.3456  0.1415  0.2295  0.1159  0.7082  1.0000  0.1105  0.0150  0.0000  0.0386  0.0000  0.0000  0.0000
 0.7354  0.0000  0.1788  0.2480  0.3766  0.6760  0.6247  1.0000  0.4011  0.7083  0.6779  0.2307  0.3821  0.2574  0.5034  0.6582  0.4888  0.5527  0.5314  0.1837  0.0000  0.9818  0.0000  0.0000  0.0000
 0.0000  0.0000  0.0000  0.0000  0.0000  0.0000  0.0000  0.0000  0.0000  0.0000  0.0000  0.0000  0.0000  0.0000  0.0000  0.0000  0.0000  0.0000  0.0000  0.0000  0.0000  1.0000  0.0000  0.0000  0.0000
 0.0099  0.0000  0.0021  0.2221  0.0031  0.0011  0.0038  0.0015  0.0029  0.0043  0.0027  0.0015  0.0091  0.0051  0.0033  0.0027  1.0000  0.7063  0.0046  0.0007  0.0000  0.0013  0.0000  0.0000  0.0000
 0.0009  0.0000  0.0002  0.0001  0.0002  0.0007  0.0002  0.0000  0.1151  0.0003  0.0037  0.0007  0.0002  0.0002  0.0001  0.0002  0.0003  0.0009  1.0000  0.0001  0.0000  0.0003  0.0000  0.0000  0.0000
 0.0075  0.0000  0.0007  0.0013  0.0104  0.0016  0.0053  0.0405  0.0032  0.1085  0.0532  0.0025  0.0072  0.0059  1.0000  0.4632  0.0811  0.0080  0.0042  0.0012  0.0000  0.0034  0.0000  0.0000  0.0000
 0.0375  0.0000  0.0008  0.0006  0.0007  0.0003  0.0042  0.0001  0.0004  0.0008  0.0007  0.0004  0.0006  0.0095  0.0005  0.0005  1.0000  0.0018  0.0013  0.0001  0.0000  0.0002  0.0000  0.0000  0.0000
 0.0000  0.0000  0.0000  1.0000  0.0000  0.0000  0.0000  0.0000  0.0000  0.0000  0.0000  0.0000  0.0000  0.0000  0.0000  0.0000  0.0000  0.0000  0.0000  0.0000  0.0000  0.0000  0.0000  0.0000  0.0000
 0.0011  0.0000  0.0003  0.0002  0.0003  0.0014  0.0005  0.0000  1.0000  0.0004  0.0072  0.0013  0.0003  0.0002  0.0001  0.0003  0.0004  0.0012  0.6255  0.0002  0.0000  0.0006  0.0000  0.0000  0.0000
 0.0000  0.0000  0.0000  0.0000  0.0000  0.0000  0.0000  0.0000  0.0000  0.0000  0.0000  0.0000  0.0000  0.0000  0.0000  0.0000  0.0000  0.0000  0.0000  1.0000  0.0000  0.0000  0.0000  0.0000  0.0000
 0.0000  0.0000  0.0000  0.0000  0.0000  0.0000  0.0000  0.0000  0.0000  0.0000  0.0000  0.0000  0.0000  0.0000  0.0000  0.0000  1.0000  0.0000  0.0000  0.0000  0.0000  0.0000  0.0000  0.0000  0.0000
 0.0467  0.0000  0.0010  0.0005  0.0010  0.1704  0.0007  0.0008  0.0194  0.0013  1.0000  0.4717  0.0009  0.0017  0.0020  0.0013  0.0011  0.0024  0.2096  0.0012  0.0000  0.0013  0.0000  0.0000  0.0000
 0.0000  0.0000  0.0000  0.0000  0.0000  0.0000  1.0000  0.0000  0.0000  0.0000  0.0000  0.0000  0.0000  0.0000  0.0000  0.0000  0.0000  0.0000  0.0000  0.0000  0.0000  0.0000  0.0000  0.0000  0.0000
 0.0011  0.0000  0.0003  0.0001  0.0003  0.0030  0.0002  0.0002  0.1864  0.0004  1.0000  0.0287  0.0003  0.0005  0.0006  0.0004  0.0003  0.0007  0.0032  0.0004  0.0000  0.0004  0.0000  0.0000  0.0000
 0.0042  0.0000  0.0008  0.0017  0.0011  0.0004  0.0014  0.0005  0.0012  0.0016  0.0011  0.0006  0.0031  0.0021  0.0013  0.0010  1.0000  0.6338  0.0019  0.0003  0.0000  0.0005  0.0000  0.0000  0.0000
 0.0030  0.0000  0.0007  0.0003  0.0007  0.0042  0.0005  0.0003  0.3200  0.0008  1.0000  0.0051  0.0005  0.0113  0.0008  0.0007  0.0008  0.0022  0.1790  0.0005  0.0000  0.0008  0.0000  0.0000  0.0000
 0.0038  0.0000  0.0013  0.0010  0.0012  0.0072  0.0020  0.0001  0.3924  0.0018  0.2084  0.2752  0.0012  0.0008  0.0007  0.0015  0.0018  0.0046  1.0000  0.0009  0.0000  0.2238  0.0000  0.0000  0.0000
 0.0000  0.0000  0.0000  0.0000  1.0000  0.0000  0.0000  0.0000  0.0000  0.0000  0.0000  0.0000  0.0000  0.0000  0.0000  0.0000  0.0000  0.0000  0.0000  0.0000  0.0000  0.0000  0.0000  0.0000  0.0000
 0.0067  0.0000  0.2024  0.0008  0.0017  0.0174  0.0014  0.0013  0.0325  0.0022  1.0000  0.9459  0.0016  0.0028  0.0034  0.0022  0.0019  0.0038  0.0180  0.0021  0.0000  0.0023  0.0000  0.0000  0.0000
 1.0000  0.0000  0.0013  0.0010  0.0012  0.0006  0.0072  0.0002  0.0007  0.0013  0.0510  0.0007  0.0008  0.0033  0.0009  0.0009  0.0320  0.0024  0.0024  0.0002  0.0000  0.0004  0.0000  0.0000  0.0000
 0.0059  0.0000  0.0015  0.0008  0.0012  0.0040  0.0012  0.0002  1.0000  0.0350  0.3011  0.0042  0.0009  0.0012  0.0007  0.0012  0.0016  0.2344  0.5249  0.0005  0.0000  0.0018  0.0000  0.0000  0.0000
 0.0000  0.0000  0.0000  0.0000  0.0000  0.0000  1.0000  0.0000  0.0000  0.0000  0.0000  0.0000  0.0000  0.0000  0.0000  0.0000  0.0000  0.0000  0.0000  0.0000  0.0000  0.0000  0.0000  0.0000  0.0000
 0.0393  0.0000  0.0005  0.0008  0.0056  0.0009  0.0036  0.0035  0.0018  0.0392  0.0042  0.1609  0.0039  0.0034  0.0093  1.0000  0.0040  0.0045  0.0026  0.0006  0.0000  0.0018  0.0000  0.0000  0.0000
 0.0009  0.0000  0.0004  0.0001  0.0002  0.5815  0.0001  0.0000  0.0018  0.0000  0.0045  0.0009  0.0000  0.0003  0.0000  0.0000  0.0006  0.0005  0.0017  0.0042  0.0000  1.0000  0.0000  0.0000  0.0000
 0.0000  0.0000  0.0000  0.0000  0.0000  0.0000  0.0000  0.0000  0.0000  0.0000  0.0000  0.0000  0.0000  1.0000  0.0000  0.0000  0.0000  0.0000  0.0000  0.0000  0.0000  0.0000  0.0000  0.0000  0.0000
 0.0171  0.0000  0.0079  0.0032  0.0046  0.6031  0.0047  0.0003  1.0000  0.0026  0.1109  0.0213  0.0017  0.0056  0.0010  0.0022  0.0108  0.0139  0.2233  0.0590  0.0000  0.7967  0.0000  0.0000  0.0000
 0.0607  0.0000  0.0018  0.1778  0.0062  0.0008  0.0113  0.0010  0.0009  0.0030  0.0020  0.0009  0.0039  1.0000  0.0025  0.0018  0.0102  0.0039  0.0031  0.0003  0.0000  0.0008  0.0000  0.0000  0.0000
 0.1685  0.0000  0.0009  0.0074  0.0653  0.0008  0.0046  0.0170  0.0018  0.1899  0.0028  0.0011  0.0053  1.0000  0.0062  0.0070  0.0747  0.0746  0.0030  0.0004  0.0000  0.0010  0.0000  0.0000  0.0000
 0.1441  0.0000  0.0229  0.0910  0.5209  0.0126  0.0568  0.0174  0.0313  0.0607  0.0329  0.0170  0.0886  1.0000  0.0539  0.0333  0.4904  0.5388  0.0535  0.2201  0.0000  0.0148  0.0000  0.0000  0.0000
 0.0143  0.0000  0.0031  1.0000  0.0601  0.0024  0.0337  0.0105  0.0024  0.0154  0.0035  0.0015  0.4130  0.0101  0.0111  0.0079  0.1854  0.4621  0.0039  0.0013  0.0000  0.0055  0.0000  0.0000  0.0000
 0.7903  0.0000  0.1774  0.2912  0.3399  0.7279  0.3618  0.5188  0.3891  0.3543  0.6318  0.2175  0.3981  0.2677  0.3869  0.3697  0.6433  0.6790  0.5038  0.1752  0.0000  1.0000  0.0000  0.0000  0.0000
 0.4052  0.0000  0.0106  0.2880  0.2857  0.0099  0.0756  0.0241  0.0372  1.0000  0.0600  0.0210  0.3603  0.0545  0.2653  0.1268  0.2576  0.1896  0.0750  0.0034  0.0000  0.0075  0.0000  0.0000  0.0000
 0.2143  0.0000  0.0146  0.2261  1.0000  0.0141  0.0993  0.0339  0.0477  0.2339  0.0754  0.0462  0.4774  0.0779  0.2201  0.1275  0.3907  0.4367  0.0736  0.0054  0.0000  0.0124  0.0000  0.0000  0.0000
 0.0031  0.0000  0.0008  0.0004  0.0008  0.0089  0.0006  0.0006  0.2100  0.0011  1.0000  0.0576  0.0008  0.0013  0.0016  0.0011  0.0009  0.0018  0.0094  0.0011  0.0000  0.1056  0.0000  0.0000  0.0000
 0.3015  0.0000  0.0017  0.3172  1.0000  0.0588  0.0318  0.0193  0.0109  0.1045  0.0196  0.0079  0.0360  0.0481  0.1044  0.0250  0.0453  0.0711  0.0203  0.0034  0.0000  0.0099  0.0000  0.0000  0.0000
 1.0000  0.0000  0.0465  0.1861  0.2861  0.1244  0.2099  0.1181  0.1109  0.3520  0.4886  0.0634  0.1786  0.1135  0.2721  0.2035  0.4271  0.4189  0.1575  0.0347  0.0000  0.1929  0.0000  0.0000  0.0000
 0.1857  0.0000  0.0160  0.0048  0.0128  0.0276  0.0031  0.0051  1.0000  0.0136  0.2644  0.4811  0.0074  0.0177  0.1017  0.0091  0.0818  0.0541  0.2623  0.0038  0.0000  0.0075  0.0000  0.0000  0.0000
 0.0013  0.0000  0.0005  0.0002  0.0003  1.0000  0.0003  0.0002  0.0047  0.0003  0.1102  0.0029  0.0002  0.0006  0.0004  0.0003  0.0006  0.0008  0.0031  0.0031  0.0000  0.0120  0.0000  0.0000  0.0000
 0.2198  0.0000  0.0040  0.1541  0.0246  0.0033  1.0000  0.0162  0.0020  0.0229  0.0042  0.0016  0.3495  0.0134  0.2202  0.0118  0.2181  0.0178  0.0037  0.0016  0.0000  0.0082  0.0000  0.0000  0.0000
 0.7516  0.0000  0.0619  0.6261  1.0000  0.0500  0.3778  0.1207  0.1856  0.9243  0.3002  0.1050  0.4903  0.2729  0.5856  0.5326  0.7272  0.5707  0.2883  0.0172  0.0000  0.0384  0.0000  0.0000  0.0000
 0.8176  0.0000  0.0450  0.5264  1.0000  0.0425  0.3200  0.1753  0.2460  0.9400  0.2544  0.0892  0.5562  0.6461  0.6921  0.6236  0.7271  0.4823  0.2402  0.0146  0.0000  0.0328  0.0000  0.0000  0.0000
 0.6707  0.0000  0.2261  0.2855  0.5647  0.6834  0.3967  0.5382  0.4047  0.4294  0.7425  0.2464  0.3947  0.2856  0.3651  0.4080  0.4885  0.4566  0.9130  0.1802  0.0000  1.0000  0.0000  0.0000  0.0000
 0.5202  0.0000  0.0373  0.5309  1.0000  0.0393  0.2614  0.0876  0.1296  0.6354  0.2395  0.0993  0.4960  0.1912  0.4322  0.3572  0.5817  0.3927  0.2871  0.0132  0.0000  0.0337  0.0000  0.0000  0.0000
 0.2936  0.0000  0.0214  1.0000  0.7621  0.0202  0.6050  0.0592  0.0622  0.3278  0.1017  0.0358  0.3499  0.1641  0.2133  0.3496  0.4017  0.2044  0.0956  0.0076  0.0000  0.0226  0.0000  0.0000  0.0000
 0.7523  0.0000  0.0645  0.8190  1.0000  0.0604  0.5443  0.1409  0.2559  0.9274  0.3045  0.1376  0.5083  0.2703  0.6084  0.5161  0.8048  0.5642  0.3011  0.0198  0.0000  0.0538  0.0000  0.0000  0.0000
 0.9559  0.0000  0.0470  0.5301  1.0000  0.0576  0.4102  0.1104  0.1721  0.7477  0.2568  0.0899  0.4018  0.3625  0.4766  0.5057  0.7598  0.4853  0.2541  0.0184  0.0000  0.0879  0.0000  0.0000  0.0000
 0.7183  0.0000  0.0474  0.5802  1.0000  0.0458  0.3590  0.1088  0.1755  0.8202  0.2894  0.0937  0.4362  0.2670  0.5273  0.4617  0.6722  0.5055  0.2523  0.0157  0.0000  0.0362  0.0000  0.0000  0.0000
 0.6311  0.0000  0.0116  0.0720  0.1142  0.0496  1.0000  0.0222  0.0275  0.2209  0.0455  0.0162  0.0601  0.1240  0.0705  0.2020  0.3500  0.1078  0.0841  0.0052  0.0000  0.0204  0.0000  0.0000  0.0000
 0.5245  0.0000  0.0304  1.0000  0.9215  0.0291  0.2157  0.1077  0.1064  0.5268  0.2685  0.1326  0.3975  0.1556  0.3628  0.4534  0.5729  0.3885  0.1897  0.0099  0.0000  0.0226  0.0000  0.0000  0.0000
 0.8498  0.0000  0.0384  0.6229  1.0000  0.0358  0.3517  0.0873  0.1345  0.6688  0.2513  0.0761  0.4037  0.7016  0.4808  0.6573  0.7866  0.5778  0.2238  0.0123  0.0000  0.0272  0.0000  0.0000  0.0000
 0.8208  0.0000  0.0524  0.6350  1.0000  0.0498  0.3718  0.1673  0.1832  0.9279  0.3090  0.1037  0.4835  0.2778  0.5837  0.5127  0.7479  0.5795  0.2915  0.0171  0.0000  0.0386  0.0000  0.0000  0.0000
 0.5059  0.0000  0.0447  0.3731  0.8439  0.1369  0.2960  0.1126  0.1381  0.5525  0.3023  0.0780  0.3346  0.1727  0.3589  0.4124  1.0000  0.4003  0.2363  0.0246  0.0000  0.1022  0.0000  0.0000  0.0000
 0.7900  0.0000  0.0667  0.6190  1.0000  0.1215  0.3914  0.1641  0.2270  0.9107  0.3553  0.1276  0.5047  0.2977  0.5869  0.5517  0.7422  0.6181  0.3271  0.0329  0.0000  0.1261  0.0000  0.0000  0.0000
 0.9184  0.0000  0.0598  0.5430  0.9555  0.0519  0.5469  0.1087  0.1661  0.8391  0.3122  0.0968  0.4278  0.4535  0.5095  0.4559  1.0000  0.5112  0.2763  0.0177  0.0000  0.0428  0.0000  0.0000  0.0000
 0.0597  0.0000  0.0011  0.0065  0.0096  0.0011  0.0063  0.0034  0.0023  0.1048  0.0041  0.0015  0.0418  1.0000  0.0558  0.0171  0.0129  0.0704  0.0037  0.0007  0.0000  0.0019  0.0000  0.0000  0.0000
 0.1541  0.0000  0.0095  0.1250  0.1951  0.0194  0.0510  0.0255  0.0284  0.4423  0.0466  0.0162  0.1639  0.0353  0.0733  1.0000  0.1799  0.0718  0.0414  0.0321  0.0000  0.1245  0.0000  0.0000  0.0000
 0.5498  0.0000  0.1675  0.2421  0.4452  0.6527  0.4358  0.5454  0.3783  0.3458  0.6675  0.2121  0.3242  0.8355  0.3919  0.3644  0.4570  0.4082  0.5943  0.1719  0.0000  1.0000  0.0000  0.0000  0.0000
 0.1817  0.0000  0.0123  0.0588  0.1273  0.0271  0.1306  0.1350  0.0373  0.3398  0.0732  0.0249  0.0836  0.1727  0.2562  1.0000  0.0965  0.1303  0.0525  0.0115  0.0000  0.0426  0.0000  0.0000  0.0000
 0.1751  0.0000  0.0084  0.0856  0.3122  0.0086  0.1537  0.0219  0.0259  0.2153  0.0442  0.0156  0.0685  1.0000  0.0900  0.1707  0.1016  0.4774  0.0401  0.0036  0.0000  0.0092  0.0000  0.0000  0.0000
 0.1781  0.0000  0.0131  0.1776  0.0367  0.0062  0.2071  0.0114  0.0063  0.0276  0.0136  0.0061  0.0555  1.0000  0.0195  0.0866  0.0807  0.0300  0.0206  0.0025  0.0000  0.0081  0.0000  0.0000  0.0000
 0.2655  0.0000  0.0266  0.0307  0.0278  0.0157  1.0000  0.0110  0.0146  0.0306  0.0299  0.0133  0.0311  0.1599  0.0215  0.0226  0.2091  0.0549  0.1101  0.0052  0.0000  0.0711  0.0000  0.0000  0.0000
 0.0200  0.0000  0.0022  0.0209  0.1476  0.0035  0.0366  0.0125  0.0057  0.0768  0.0125  0.0042  0.1059  0.0124  0.0297  1.0000  0.0202  0.0169  0.0694  0.0021  0.0000  0.0068  0.0000  0.0000  0.0000
 0.1373  0.0000  0.0065  0.0054  0.0061  0.0025  0.1504  0.0012  0.0028  0.0065  0.0062  0.0029  0.0047  1.0000  0.0045  0.0046  0.0334  0.0113  0.0106  0.0009  0.0000  0.0019  0.0000  0.0000  0.0000
 0.1885  0.0000  0.0301  0.0250  0.0351  0.1797  0.0903  0.0347  1.0000  0.0441  0.9581  0.1968  0.0353  0.0642  0.0394  0.0432  0.0571  0.0796  0.8951  0.0265  0.0000  0.0849  0.0000  0.0000  0.0000
 0.0371  0.0000  0.0021  0.0031  0.0024  0.0009  0.0068  0.0008  0.0022  0.0032  0.0025  0.0193  0.0049  0.0594  0.0024  0.0021  1.0000  0.0625  0.0045  0.0005  0.0000  0.0009  0.0000  0.0000  0.0000
 0.4239  0.0000  0.0052  0.0146  0.0074  0.0022  1.0000  0.0032  0.0023  0.0077  0.0050  0.0023  0.1191  0.0135  0.0053  0.0049  0.5675  0.0118  0.0081  0.0009  0.0000  0.0026  0.0000  0.0000  0.0000
 0.4910  0.0000  0.1698  0.2367  0.2736  0.6682  0.3759  0.5684  0.3744  0.2981  0.6185  0.2102  0.3511  0.2016  0.3188  0.3443  0.4055  0.3889  0.4977  0.1762  0.0000  1.0000  0.0000  0.0000  0.0000
 0.2494  0.0000  0.0177  0.4779  0.0836  0.0621  1.0000  0.0544  0.0093  0.0798  0.0192  0.0075  0.4897  0.3229  0.0538  0.0423  0.3072  0.0678  0.0200  0.0063  0.0000  0.0300  0.0000  0.0000  0.0000
 1.0000  0.0000  0.1918  0.6492  0.9851  0.6400  0.5664  0.5620  0.4814  0.9435  0.7906  0.3071  0.6422  0.3977  0.6916  0.7083  0.9042  0.7837  0.6487  0.1713  0.0000  0.8874  0.0000  0.0000  0.0000
 0.3008  0.0000  0.0071  1.0000  0.2896  0.0083  0.0477  0.0168  0.0660  0.1142  0.0584  0.0519  0.0870  0.0354  0.0749  0.0640  0.1544  0.0720  0.0369  0.0027  0.0000  0.0079  0.0000  0.0000  0.0000
 0.1380  0.0000  0.0069  0.0530  0.2848  0.0054  0.1372  0.0108  0.0169  0.0746  0.0263  0.0097  0.1110  0.0678  0.0479  0.0425  1.0000  0.1367  0.1070  0.0021  0.0000  0.0047  0.0000  0.0000  0.0000
 1.0000  0.0000  0.0943  0.1770  0.2573  0.0718  0.5784  0.1412  0.0913  0.7818  0.1954  0.0754  0.2564  0.3825  0.3101  0.8111  0.5591  0.3305  0.2010  0.0325  0.0000  0.1014  0.0000  0.0000  0.0000
 0.5425  0.0000  0.0444  0.0600  0.1049  0.0236  0.5076  0.0421  0.0354  0.4663  0.0783  0.0313  0.0824  1.0000  0.1201  0.5834  0.3647  0.1212  0.0897  0.0114  0.0000  0.0291  0.0000  0.0000  0.0000
 0.7431  0.0000  0.0086  0.0062  0.0076  0.0033  0.0458  0.0015  0.0056  0.0083  0.0092  0.0041  0.0055  1.0000  0.0057  0.0059  0.1216  0.0170  0.1046  0.0012  0.0000  0.0024  0.0000  0.0000  0.0000
 0.0000  0.0000  0.0000  0.0000  0.0000  0.0000  0.0000  0.0000  0.0000  0.0000  0.0000  1.0000  0.0000  0.0000  0.0000  0.0000  0.0000  0.0000  0.0000  0.0000  0.0000  0.0000  0.0000  0.0000  0.0000
 1.0000  0.0000  0.0023  0.0018  0.0020  0.0009  0.2921  0.0004  0.0010  0.0022  0.0022  0.0010  0.0015  0.0057  0.0015  0.0016  0.3448  0.0040  0.0038  0.0003  0.0000  0.0007  0.0000  0.0000  0.0000
 0.0006  0.0000  0.0002  0.0001  0.0002  0.0008  0.0003  0.0000  1.0000  0.0002  0.0041  0.0007  0.0002  0.0001  0.0001  0.0002  0.0002  0.0007  0.1467  0.0001  0.0000  0.0004  0.0000  0.0000  0.0000
 0.0012  0.0000  0.0004  0.0002  0.0003  1.0000  0.0003  0.0002  0.0045  0.0003  0.2337  0.0028  0.0002  0.0005  0.0004  0.0003  0.0005  0.0007  0.0028  0.0023  0.0000  0.0086  0.0000  0.0000  0.0000
 0.0119  0.0000  0.0003  0.4761  1.0000  0.0011  0.0065  0.0033  0.0014  0.0120  0.0026  0.0011  0.0083  0.0072  0.0151  0.0034  0.2814  0.0056  0.0027  0.0005  0.0000  0.0017  0.0000  0.0000  0.0000
 0.0151  0.0000  0.0039  0.0019  0.0039  0.0404  0.0031  0.0030  0.0757  0.0054  1.0000  0.1056  0.0037  0.0064  0.3387  0.0053  0.0043  0.0087  0.0415  0.0047  0.0000  0.0050  0.0000  0.0000  0.0000
 0.0000  0.0000  0.0000  0.0000  0.0000  0.0000  0.0000  0.0000  0.0000  0.0000  1.0000  0.0000  0.0000  0.0000  0.0000  0.0000  0.0000  0.0000  0.0000  0.0000  0.0000  0.0000  0.0000  0.0000  0.0000
 0.0226  0.0000  0.0046  1.0000  0.0308  0.0034  0.0394  0.1928  0.0045  0.0211  0.0057  0.0026  0.0680  0.0148  0.3383  0.0108  0.1764  0.2739  0.0073  0.0019  0.0000  0.0070  0.0000  0.0000  0.0000
 0.4371  0.0000  0.0211  0.3364  0.6357  0.0696  0.1199  0.1531  0.0525  0.2737  0.0958  0.0342  0.1394  0.1028  0.6598  0.1769  0.1322  0.1081  0.0779  0.0227  0.0000  1.0000  0.0000  0.0000  0.0000
 0.0007  0.0000  0.0002  0.0001  0.0002  0.0008  0.0003  0.0000  1.0000  0.0003  0.0044  0.0008  0.0002  0.0001  0.0001  0.0002  0.0003  0.0007  0.1950  0.0001  0.0000  0.0004  0.0000  0.0000  0.0000
 0.0000  0.0000  0.0000  0.0000  0.0000  0.0000  0.0000  0.0000  0.0000  0.0000  0.0000  0.0000  0.0000  0.0000  0.0000  0.0000  0.0000  0.0000  1.0000  0.0000  0.0000  0.0000  0.0000  0.0000  0.0000
 0.0069  0.0000  0.0017  0.1430  0.0106  0.0014  0.0250  0.4281  0.0007  0.2145  0.0016  0.0006  1.0000  0.0056  0.0068  0.0052  0.0189  0.0074  0.0012  0.0007  0.0000  0.0038  0.0000  0.0000  0.0000
 0.1151  0.0000  0.0049  0.2617  1.0000  0.0100  0.3336  0.0272  0.0122  0.1004  0.0235  0.0095  0.0676  0.0632  0.1379  0.0326  0.0690  0.0474  0.0248  0.0049  0.0000  0.0143  0.0000  0.0000  0.0000
 0.0391  0.0000  0.0009  0.2736  0.0965  0.0011  0.0075  0.0025  0.0014  0.0093  0.0025  0.0011  0.0069  1.0000  0.0112  0.0030  0.0300  0.0222  0.0031  0.0005  0.0000  0.0014  0.0000  0.0000  0.0000
 0.2987  0.0000  0.0014  0.0012  0.0013  0.0006  0.0077  0.0003  0.0007  0.0014  0.0014  0.0006  0.0009  1.0000  0.0010  0.0011  0.0067  0.0024  0.0023  0.0003  0.0000  0.0004  0.0000  0.0000  0.0000
 0.0130  0.0000  0.0007  0.0008  0.0008  0.0004  0.0040  0.0002  0.0004  0.0009  0.0009  0.0003  0.0006  1.0000  0.0006  0.0007  0.0031  0.0012  0.0011  0.0002  0.0000  0.0003  0.0000  0.0000  0.0000
 0.0079  0.0000  0.0008  0.0016  0.0106  0.0016  0.0054  0.0067  0.0377  1.0000  0.0077  0.0026  0.0076  0.0061  0.2067  0.1733  0.0363  0.2439  0.0045  0.0012  0.0000  0.0034  0.0000  0.0000  0.0000
 0.0008  0.0000  0.0002  0.0001  0.0002  0.0020  0.0002  0.0002  0.0038  0.0003  1.0000  0.0025  0.0002  0.0003  0.0004  0.0003  0.0002  0.0005  0.0208  0.0003  0.0000  0.0003  0.0000  0.0000  0.0000
 0.0103  0.0000  0.0009  0.0057  0.1455  0.0005  0.0059  0.0008  0.0006  0.0028  0.0013  0.0006  0.0026  1.0000  0.0028  0.0013  0.1620  0.0034  0.0018  0.0002  0.0000  0.0006  0.0000  0.0000  0.0000
 0.6327  0.0000  0.0366  0.4627  0.8475  0.0342  0.3019  0.3359  0.1283  1.0000  0.2442  0.0726  0.6058  0.1882  0.4585  0.3870  0.9470  0.4277  0.1957  0.0118  0.0000  0.0259  0.0000  0.0000  0.0000
 0.2337  0.0000  0.0109  0.8664  0.3521  0.0101  1.0000  0.0522  0.0380  0.4398  0.0613  0.0215  0.1476  0.0558  0.1498  0.2506  0.6683  0.1874  0.0580  0.0035  0.0000  0.0077  0.0000  0.0000  0.0000
 0.8685  0.0000  0.0870  0.5856  1.0000  0.2397  0.4616  0.2455  0.3596  0.9100  0.4182  0.1421  0.4961  0.2829  0.5854  0.5560  0.7402  0.5915  0.5407  0.0577  0.0000  0.2658  0.0000  0.0000  0.0000
 0.0005  0.0000  0.0002  0.0001  0.0001  1.0000  0.0001  0.0000  0.0010  0.0000  0.0024  0.0005  0.0000  0.0002  0.0000  0.0000  0.0003  0.0003  0.0009  0.0023  0.0000  0.1004  0.0000  0.0000  0.0000
 0.0376  0.0000  0.0057  0.0202  0.0646  0.0029  0.0891  0.0044  0.0067  0.0138  0.0075  0.0038  0.0238  0.2497  0.0679  0.0081  1.0000  0.3546  0.0121  0.0017  0.0000  0.0036  0.0000  0.0000  0.0000
 0.5795  0.0000  0.0307  0.8539  0.7308  0.0286  0.2188  0.0698  0.1076  0.8263  0.4002  0.0608  0.4828  1.0000  0.4090  0.3017  0.6838  0.5036  0.1640  0.0099  0.0000  0.0217  0.0000  0.0000  0.0000
 0.1216  0.0000  0.0055  0.4683  1.0000  0.0142  0.0586  0.0328  0.1824  0.1987  0.0397  0.0148  0.0736  0.0652  0.1420  0.1012  0.1999  0.0710  0.0368  0.0059  0.0000  0.0581  0.0000  0.0000  0.0000
 0.3739  0.0000  0.0119  0.0033  0.0093  1.0000  0.0029  0.0033  0.0816  0.0098  0.3639  0.0306  0.0052  0.0138  0.0089  0.0065  0.0107  0.0974  0.2058  0.0033  0.0000  0.0057  0.0000  0.0000  0.0000
 0.5677  0.0000  0.1108  0.5117  0.7684  0.0677  0.2960  0.2322  0.2749  1.0000  0.2626  0.0912  0.3826  0.2211  0.7267  0.5811  0.5428  0.4583  0.2318  0.0239  0.0000  0.0789  0.0000  0.0000  0.0000
 0.0813  0.0000  0.0016  1.0000  0.4100  0.0014  0.1111  0.0072  0.0009  0.0107  0.0019  0.0007  0.2272  0.0062  0.0082  0.0051  0.1976  0.0076  0.0016  0.0007  0.0000  0.0036  0.0000  0.0000  0.0000
 0.0005  0.0000  0.0002  0.0001  0.0001  1.0000  0.0002  0.0000  0.0013  0.0001  0.0215  0.0007  0.0000  0.0002  0.0001  0.0001  0.0003  0.0003  0.0010  0.0017  0.0000  0.0069  0.0000  0.0000  0.0000
 0.0011  0.0000  0.0003  0.0001  0.0002  0.0008  0.0002  0.0001  0.0207  0.0003  0.0407  0.0010  0.0002  0.0003  0.0002  0.0002  0.0003  0.0009  1.0000  0.0001  0.0000  0.0003  0.0000  0.0000  0.0000
 0.5963  0.0000  0.0121  0.7403  0.2173  0.0121  0.1137  0.0787  0.0407  0.2010  0.0657  0.0569  1.0000  0.0601  0.1851  0.3296  0.4678  0.2078  0.0620  0.0041  0.0000  0.0105  0.0000  0.0000  0.0000
 0.4571  0.0000  0.0471  0.2586  0.4523  0.0493  0.1849  0.0960  0.1653  1.0000  0.2964  0.0606  0.2464  0.1421  0.3513  0.4783  0.3537  0.2775  0.1507  0.0181  0.0000  0.0624  0.0000  0.0000  0.0000
 0.0000  0.0000  1.0000  0.0000  0.0000  0.0000  0.0000  0.0000  0.0000  0.0000  0.0000  0.0000  0.0000  0.0000  0.0000  0.0000  0.0000  0.0000  0.0000  0.0000  0.0000  0.0000  0.0000  0.0000  0.0000
 0.0000  0.0000  0.0000  0.0000  0.0000  0.0000  0.0000  0.0000  0.0000  0.0000  1.0000  0.0000  0.0000  0.0000  0.0000  0.0000  0.0000  0.0000  0.0000  0.0000  0.0000  0.0000  0.0000  0.0000  0.0000
 0.7609  0.0000  0.0590  0.6576  0.9969  0.0741  0.3849  0.1399  0.2774  1.0000  0.3901  0.1174  0.5078  0.2778  0.6274  0.5635  0.7337  0.6235  0.3212  0.0237  0.0000  0.0731  0.0000  0.0000  0.0000
 0.0010  0.0000  0.0001  0.0003  0.0013  0.0002  0.0009  0.0008  0.0004  1.0000  0.0010  0.0003  0.0009  0.0009  0.0021  0.0236  0.0008  0.0010  0.0005  0.0002  0.0000  0.0004  0.0000  0.0000  0.0000
 0.1637  0.0000  0.0111  0.4259  0.3871  0.0115  0.0822  0.0282  0.1587  0.4784  0.1539  0.0226  1.0000  0.0626  0.2715  0.1125  0.1544  0.1399  0.0604  0.0041  0.0000  0.0099  0.0000  0.0000  0.0000
 0.0255  0.0000  0.0008  0.0105  0.1625  0.0006  0.0058  0.0438  0.0007  0.0045  0.0014  0.0006  0.0036  1.0000  0.0049  0.0018  0.0300  0.0033  0.0019  0.0003  0.0000  0.0008  0.0000  0.0000  0.0000
 0.7149  0.0000  0.0406  0.8560  1.0000  0.0397  0.4287  0.1321  0.0990  0.6524  0.1648  0.0586  0.6482  0.2050  0.3916  0.3008  0.7554  0.3528  0.1546  0.0163  0.0000  0.0559  0.0000  0.0000  0.0000
 0.0795  0.0000  0.0016  0.0709  1.0000  0.0017  0.0121  0.0044  0.0058  0.2827  0.0549  0.0034  0.1081  0.0096  0.0548  0.1158  0.0226  0.0179  0.0089  0.0006  0.0000  0.0015  0.0000  0.0000  0.0000
 0.0000  0.0000  0.0000  0.0000  0.0000  0.0000  0.0000  0.0000  0.0000  0.0000  0.0000  0.0000  0.0000  0.0000  0.0000  1.0000  0.0000  0.0000  0.0000  0.0000  0.0000  0.0000  0.0000  0.0000  0.0000
 0.9113  0.0000  0.0040  0.0029  0.0035  0.0015  0.0574  0.0007  0.0017  0.0038  0.0038  0.0018  0.0025  1.0000  0.0026  0.0027  0.0758  0.0068  0.0065  0.0005  0.0000  0.0011  0.0000  0.0000  0.0000
 0.0283  0.0000  0.0063  1.0000  0.0229  0.0042  0.0462  0.0147  0.0064  0.2463  0.0074  0.0036  0.1463  0.0182  0.0169  0.0130  0.2456  0.6019  0.0102  0.0024  0.0000  0.0084  0.0000  0.0000  0.0000
 0.0583  0.0000  0.0169  0.0099  0.0145  0.4243  0.0216  0.0072  0.1660  0.0151  1.0000  0.1040  0.0099  0.2037  0.0168  0.0142  0.0273  0.0297  0.1073  0.0844  0.0000  0.6263  0.0000  0.0000  0.0000
 0.1122  0.0000  0.0019  0.0054  0.0182  0.0049  0.0547  0.0562  0.0063  1.0000  0.0136  0.0045  0.0137  0.0098  0.0270  0.2857  0.1671  0.0484  0.0085  0.0023  0.0000  0.0412  0.0000  0.0000  0.0000
 0.4566  0.0000  0.0448  0.2913  1.0000  0.1011  0.1964  0.1128  0.1251  0.4199  0.2366  0.2544  0.2762  0.1438  0.5739  0.2578  0.4745  0.7467  0.1802  0.0289  0.0000  0.1661  0.0000  0.0000  0.0000
 0.0000  0.0000  0.0000  0.0000  0.0000  0.0000  0.0000  0.0000  0.0000  0.0000  1.0000  0.0000  0.0000  0.0000  0.0000  0.0000  0.0000  0.0000  0.0000  0.0000  0.0000  0.0000  0.0000  0.0000  0.0000
 0.1410  0.0000  0.0217  0.0237  0.0322  0.1431  0.0379  0.0614  0.1269  0.0348  1.0000  0.8965  0.0360  0.0260  0.0363  0.0410  0.1034  0.4262  0.0788  0.0228  0.0000  0.4918  0.0000  0.0000  0.0000
 0.4544  0.0000  0.0292  0.4463  0.6603  0.0272  0.2410  0.0663  0.1497  1.0000  0.1650  0.0579  0.5877  0.1500  0.3222  0.4785  0.5608  0.3515  0.3754  0.0094  0.0000  0.0207  0.0000  0.0000  0.0000
 0.0520  0.0000  0.0021  0.2658  0.0321  0.0492  0.0261  1.0000  0.0019  0.0444  0.0037  0.0014  0.0399  0.0086  0.0126  0.0084  0.0213  0.0099  0.0033  0.0011  0.0000  0.0053  0.0000  0.0000  0.0000
 0.5547  0.0000  0.0030  0.1254  0.2182  0.0029  0.0214  0.0069  0.0105  0.0986  0.0169  0.0060  0.0278  1.0000  0.0334  0.0443  0.1118  0.1996  0.1173  0.0010  0.0000  0.0022  0.0000  0.0000  0.0000
 0.0013  0.0000  0.0007  0.0002  0.0003  1.0000  0.0002  0.0000  0.0028  0.0000  0.0067  0.0013  0.0000  0.0005  0.0000  0.0000  0.0009  0.0008  0.0026  0.5781  0.0000  0.0543  0.0000  0.0000  0.0000
 0.0026  0.0000  0.0007  0.0004  0.0007  0.1402  0.0006  0.0005  1.0000  0.0009  0.4968  0.0268  0.0007  0.0010  0.0012  0.0009  0.0008  0.0017  0.0433  0.0008  0.0000  0.0010  0.0000  0.0000  0.0000
 0.4876  0.0000  0.0446  0.3415  0.5476  0.0435  0.2357  0.1077  0.1100  1.0000  0.3866  0.0622  0.2912  0.1525  0.5600  0.4099  0.4190  0.4499  0.2301  0.0137  0.0000  0.0443  0.0000  0.0000  0.0000
 0.7176  0.0000  0.0302  0.3676  0.5665  0.0286  0.2396  0.0687  0.1287  1.0000  0.1703  0.3003  0.4117  0.1545  0.4523  0.7425  0.5907  0.3228  0.2319  0.0098  0.0000  0.0221  0.0000  0.0000  0.0000
 0.7579  0.0000  0.1684  0.2116  0.2526  0.5892  0.3004  0.4576  0.3815  0.2809  0.5695  0.1988  0.3483  0.2212  0.2740  0.3119  0.8091  0.8113  0.5057  0.1839  0.0000  1.0000  0.0000  0.0000  0.0000
 0.1930  0.0000  0.0044  0.3478  1.0000  0.0041  0.0312  0.0588  0.0153  0.3773  0.0247  0.0087  0.0405  0.0225  0.1087  0.1735  0.1200  0.1202  0.0887  0.0014  0.0000  0.0031  0.0000  0.0000  0.0000
 0.7556  0.0000  0.0490  0.5956  1.0000  0.0457  0.3626  0.1113  0.1716  0.8698  0.3003  0.1021  0.4866  0.2517  0.5563  0.5443  0.6870  0.5700  0.3081  0.0157  0.0000  0.0346  0.0000  0.0000  0.0000
 0.1383  0.0000  0.0060  0.1794  1.0000  0.0056  0.0427  0.0137  0.0520  0.1257  0.0338  0.0119  0.0555  0.0310  0.1508  0.2776  0.1659  0.4060  0.0320  0.0019  0.0000  0.0043  0.0000  0.0000  0.0000
 0.3140  0.0000  0.0151  0.8324  1.0000  0.0153  0.1118  0.0375  0.0541  0.3378  0.0877  0.0310  0.1932  0.4398  0.3815  0.1506  0.2127  0.3734  0.1311  0.0054  0.0000  0.0124  0.0000  0.0000  0.0000
 0.0170  0.0000  0.0031  0.0489  0.0824  0.0112  0.0382  0.0102  0.0075  0.0405  0.0125  0.0171  0.0112  0.0077  0.0267  0.0106  0.0343  0.0116  1.0000  0.0031  0.0000  0.0502  0.0000  0.0000  0.0000
 0.0052  0.0000  0.0003  1.0000  0.4523  0.0006  0.0054  0.0786  0.0006  0.0057  0.0011  0.0005  0.1637  0.0033  0.0347  0.0019  0.0050  0.0029  0.0011  0.0003  0.0000  0.0011  0.0000  0.0000  0.0000
 0.0295  0.0000  0.0085  0.0048  0.0080  1.0000  0.0089  0.0043  0.7332  0.0113  0.8761  0.3264  0.0079  0.0104  0.0122  0.0106  0.0100  0.0230  0.8372  0.0084  0.0000  0.0139  0.0000  0.0000  0.0000
 1.0000  0.0000  0.0040  0.0067  0.0245  0.0019  0.0464  0.0020  0.0029  0.0131  0.0058  0.0024  0.0057  0.0111  0.0790  0.1251  0.1869  0.0103  0.0568  0.0007  0.0000  0.0018  0.0000  0.0000  0.0000
 0.3549  0.0000  0.1469  0.3341  0.7646  0.0184  1.0000  0.0446  0.0686  0.4356  0.1107  0.0388  0.1816  0.1328  0.2825  0.1922  0.3544  0.2103  0.1488  0.0063  0.0000  0.0141  0.0000  0.0000  0.0000
 0.0007  0.0000  0.0003  0.0001  0.0002  0.0763  0.0001  0.0000  0.0014  0.0000  0.0035  0.0007  0.0000  0.0003  0.0000  0.0000  0.0005  0.0004  0.0013  1.0000  0.0000  0.2480  0.0000  0.0000  0.0000
 0.4320  0.0000  0.0032  0.0011  0.0025  0.0078  0.0012  0.0007  0.2724  0.0029  0.4336  0.0639  0.0017  0.0032  0.0022  0.0021  0.0028  0.0108  1.0000  0.0010  0.0000  0.0022  0.0000  0.0000  0.0000
 0.3145  0.0000  1.0000  0.0817  0.0583  0.0227  0.2007  0.0243  0.2969  0.3795  0.0588  0.0303  0.1345  0.1164  0.0631  0.0606  0.7164  0.8364  0.0975  0.0128  0.0000  0.0248  0.0000  0.0000  0.0000
 0.1236  0.0000  0.0090  0.1012  0.4481  0.0093  0.2703  0.0259  0.0318  1.0000  0.0536  0.0187  0.1007  0.0484  0.1557  0.1976  0.7645  0.1366  0.0478  0.0039  0.0000  0.0095  0.0000  0.0000  0.0000
 0.3534  0.0000  0.0579  0.0214  0.0507  0.0994  0.0158  0.0334  0.4895  0.0550  0.2351  0.3731  0.0326  0.0630  0.0616  0.2200  0.0593  1.0000  0.6182  0.0130  0.0000  0.0515  0.0000  0.0000  0.0000
 0.0034  0.0000  0.0009  0.0004  0.0009  0.0091  0.0007  0.0007  0.3864  0.0012  0.9549  1.0000  0.0008  0.0014  0.0018  0.0012  0.0009  0.0020  0.0096  0.0011  0.0000  0.0011  0.0000  0.0000  0.0000
 0.0618  0.0000  0.0100  1.0000  0.8730  0.0091  0.6973  0.0429  0.0094  0.1608  0.0176  0.0063  0.3898  0.0397  0.0583  0.1927  0.1770  0.0556  0.0151  0.0045  0.0000  0.0210  0.0000  0.0000  0.0000
 0.0690  0.0000  0.0098  0.0159  0.1100  0.0594  0.0368  0.0450  0.1550  0.3271  1.0000  0.0768  0.0495  0.0452  0.2607  0.5017  0.0441  0.0624  0.0834  0.0131  0.0000  0.0277  0.0000  0.0000  0.0000
 0.6351  0.0000  0.0451  0.6594  0.9015  0.0431  0.3214  0.5874  0.1577  1.0000  0.2551  0.1657  0.9557  0.4080  0.8317  0.8027  0.6866  0.4823  0.2402  0.0150  0.0000  0.0342  0.0000  0.0000  0.0000
 0.6549  0.0000  0.0662  0.4779  0.7745  0.0530  0.2990  0.1088  0.1521  0.8985  0.2811  0.2850  0.6783  0.4628  1.0000  0.4791  0.6191  0.4491  0.2295  0.0178  0.0000  0.0517  0.0000  0.0000  0.0000
 0.0073  0.0000  0.0009  0.0100  0.0097  0.0013  0.0098  0.0058  0.0021  0.0334  0.0050  0.0017  0.1215  1.0000  0.0348  0.0980  0.0091  0.0072  0.0030  0.0009  0.0000  0.0029  0.0000  0.0000  0.0000
 0.3361  0.0000  0.0051  0.0211  0.0328  0.0035  0.2723  0.0077  0.0082  0.1048  0.0145  0.0055  0.0221  0.0182  0.0541  0.0728  1.0000  0.0643  0.0148  0.0017  0.0000  0.0042  0.0000  0.0000  0.0000
 0.0109  0.0000  0.0022  0.0047  0.0030  0.0011  0.0034  0.0013  0.0032  0.0044  0.0030  0.0016  0.0083  0.0690  0.0513  0.0028  0.2128  1.0000  0.0051  0.0007  0.0000  0.0013  0.0000  0.0000  0.0000
 0.0058  0.0000  0.0010  0.0632  0.0057  0.0011  0.0098  0.0018  0.0011  0.0038  0.0024  0.0005  0.0056  1.0000  0.0026  0.0028  0.0050  0.0028  0.0017  0.0010  0.0000  0.0013  0.0000  0.0000  0.0000
 0.0286  0.0000  0.0055  0.0159  0.0676  0.0031  0.0104  0.0049  0.0084  0.3385  0.0087  0.0044  0.0238  0.0149  0.0128  0.0143  0.3803  1.0000  0.0133  0.0020  0.0000  0.0039  0.0000  0.0000  0.0000
 0.0256  0.0000  0.0024  0.0046  0.0357  0.0053  0.0182  0.7530  0.0109  0.4091  0.0259  0.0086  0.0249  0.0201  0.1127  1.0000  0.0210  0.0274  0.0145  0.0040  0.0000  0.0115  0.0000  0.0000  0.0000
 0.3595  0.0000  0.0546  0.1502  0.1610  0.0412  0.1067  0.0469  0.1157  0.1809  0.1220  0.0496  0.2515  0.1445  0.1286  0.1110  0.7564  1.0000  0.1867  0.0188  0.0000  0.0466  0.0000  0.0000  0.0000
 1.0000  0.0000  0.0081  0.0083  0.0084  0.0036  0.0349  0.0022  0.0088  0.0097  0.0107  0.0046  0.0102  0.0191  0.0069  0.0067  0.0548  0.6443  0.0217  0.0015  0.0000  0.0029  0.0000  0.0000  0.0000
 0.0234  0.0000  0.0053  0.0022  0.0045  0.0169  0.0031  0.0015  0.1112  0.0055  0.3079  0.0195  0.0032  0.0057  0.0042  0.0041  0.0055  0.0177  1.0000  0.0022  0.0000  0.0052  0.0000  0.0000  0.0000
//
