WARNING! S38 not allowed! score: 0.02 median: 2.73 # of sequence: 277
WARNING! R90 not allowed! score: 0.02 median: 2.73 # of sequence: 277
WARNING! T133 not allowed! score: 0.05 median: 2.73 # of sequence: 277
ID   UNK_ID; MATRIX
AC   UNK_AC
DE   UNK_DE
MA   UNK_BL
  A   B   C   D   E   F   G   H   I   K   L   M   N   P   Q   R   S   T   V   W   X   Y   Z   *   -
 0.0021  0.0000  0.0005  0.0003  0.0005  0.0054  0.0005  0.0004  0.0096  0.0007  0.0985  1.0000  0.0005  0.0009  0.0010  0.0007  0.0006  0.0012  0.0054  0.0007  0.0000  0.0009  0.0000  0.0000  0.0000
 0.3377  0.0000  0.0278  0.0236  0.0301  0.0156  1.0000  0.0096  0.0166  0.0394  0.1632  0.0392  0.0224  0.0691  0.0245  0.0812  0.3627  0.0550  0.0489  0.0052  0.0000  0.0149  0.0000  0.0000  0.0000
 0.0231  0.0000  0.0022  0.0055  0.2115  0.0046  0.0159  0.0194  0.0096  1.0000  0.0859  0.0819  0.0217  0.0823  0.0522  0.3949  0.0190  0.0241  0.0128  0.0034  0.0000  0.0098  0.0000  0.0000  0.0000
 0.1227  0.0000  0.0035  0.0368  0.0596  0.0039  1.0000  0.0099  0.0118  0.2032  0.0792  0.0069  0.0951  0.0179  0.0780  0.0824  0.4562  0.0354  0.0178  0.0016  0.0000  0.0043  0.0000  0.0000  0.0000
 0.0837  0.0000  0.0062  1.0000  0.2111  0.0058  0.1837  0.0148  0.0855  0.1030  0.0332  0.0117  0.4808  0.0700  0.0655  0.1369  0.2760  0.0940  0.0313  0.0021  0.0000  0.0051  0.0000  0.0000  0.0000
 0.5708  0.0000  0.0250  0.2510  0.4889  0.0304  0.3867  0.0561  0.0804  0.4081  0.1673  0.1831  0.2016  0.1144  0.2373  0.2128  0.3971  1.0000  0.3349  0.0098  0.0000  0.0301  0.0000  0.0000  0.0000
 0.7885  0.0000  0.0653  0.6044  0.9908  0.1051  0.4748  0.1589  0.2330  0.8982  0.4364  0.1178  0.5114  0.2758  0.5773  0.5635  1.0000  0.5730  0.3187  0.0315  0.0000  0.1186  0.0000  0.0000  0.0000
 0.3518  0.0000  0.0249  0.3439  1.0000  0.0233  0.2046  0.0566  0.1300  0.4327  0.1405  0.1665  0.2836  0.2641  0.3202  0.3491  0.4000  0.3052  0.1328  0.0080  0.0000  0.0178  0.0000  0.0000  0.0000
 1.0000  0.0000  0.0163  0.2502  0.3057  0.0154  0.2602  0.0371  0.0569  0.6111  0.1793  0.0786  0.1503  0.0834  0.2503  0.2300  0.3639  0.7956  0.0868  0.0053  0.0000  0.0118  0.0000  0.0000  0.0000
 1.0000  0.0000  0.0050  0.0986  0.1191  0.0047  0.0887  0.0114  0.0176  0.1356  0.0740  0.0473  0.0642  0.0705  0.0554  0.1643  0.3312  0.0679  0.0268  0.0016  0.0000  0.0036  0.0000  0.0000  0.0000
 0.1576  0.0000  0.0034  0.0875  0.1091  0.0031  0.1042  0.0077  0.0118  0.2888  0.0190  0.0067  0.2029  1.0000  0.0371  0.0661  0.6407  0.1379  0.0179  0.0011  0.0000  0.0024  0.0000  0.0000  0.0000
 1.0000  0.0000  0.0878  0.2878  0.4596  0.0298  0.1776  0.0612  0.0907  0.5951  0.2318  0.0999  0.2838  0.2381  0.2726  0.5144  0.7109  0.5663  0.1377  0.0100  0.0000  0.0274  0.0000  0.0000  0.0000
 0.2412  0.0000  0.0080  0.2100  0.1866  0.0075  0.1043  0.0182  0.0281  0.2793  0.0453  0.0621  0.1696  0.0412  0.1335  0.2074  0.2297  1.0000  0.0428  0.0026  0.0000  0.0057  0.0000  0.0000  0.0000
 0.7849  0.0000  0.0469  0.6252  1.0000  0.0437  0.3343  0.1066  0.1644  0.9813  0.2652  0.0930  0.4940  0.5198  0.5547  0.4876  0.8588  0.7934  0.2507  0.0151  0.0000  0.0332  0.0000  0.0000  0.0000
 1.0000  0.0000  0.0147  0.2520  0.4227  0.0137  0.1492  0.0716  0.0515  0.6732  0.0830  0.0291  0.1818  0.0755  0.2537  0.2084  0.6901  0.1830  0.1535  0.0047  0.0000  0.0104  0.0000  0.0000  0.0000
 0.7807  0.0000  0.0723  0.6195  1.0000  0.1273  0.4006  0.1779  0.2317  0.9194  0.3617  0.1293  0.5100  0.2858  0.5988  0.5400  0.7501  0.5894  0.3315  0.0373  0.0000  0.1723  0.0000  0.0000  0.0000
 0.3155  0.0000  0.0184  0.3141  0.3328  0.0193  0.2879  0.3778  0.0632  0.5539  0.1020  0.0357  0.3749  0.1865  0.4125  1.0000  0.4402  0.2119  0.0959  0.0064  0.0000  0.0505  0.0000  0.0000  0.0000
 0.3997  0.0000  0.0227  0.2665  0.5180  0.0212  0.2909  0.0516  0.1253  0.4868  0.1283  0.0450  0.2397  0.4115  0.4846  0.3495  1.0000  0.5579  0.2016  0.0073  0.0000  0.0161  0.0000  0.0000  0.0000
 0.7455  0.0000  0.0518  0.6057  1.0000  0.0488  0.3759  0.1180  0.1812  0.9106  0.3670  0.1025  0.4956  0.2655  0.5989  0.5962  0.7138  0.5849  0.3778  0.0168  0.0000  0.0376  0.0000  0.0000  0.0000
 0.1655  0.0000  0.0243  0.0125  0.0241  0.1089  0.0141  0.0254  0.2149  0.0253  1.0000  0.6921  0.0189  0.1260  0.1130  0.2094  0.0287  0.1574  0.6940  0.0104  0.0000  0.0437  0.0000  0.0000  0.0000
 0.6783  0.0000  0.0569  0.6016  1.0000  0.0454  0.4028  0.1314  0.1883  0.9249  0.3667  0.0951  0.4520  0.2462  0.5412  0.5689  0.6662  0.5397  0.2563  0.0156  0.0000  0.0349  0.0000  0.0000  0.0000
 0.8478  0.0000  0.1749  0.5653  1.0000  0.6139  0.4872  0.5611  0.6088  0.9117  0.8741  0.2715  0.5348  0.3243  0.6000  0.5918  0.7589  0.6485  0.7836  0.1606  0.0000  0.8392  0.0000  0.0000  0.0000
 0.0308  0.0000  0.0104  0.0121  0.0177  0.0544  1.0000  0.0461  0.0234  0.0818  0.0577  0.0132  0.0191  0.0275  0.0203  0.1024  0.0243  0.0241  0.0525  0.0109  0.0000  0.2146  0.0000  0.0000  0.0000
 0.0884  0.0000  0.0046  0.0279  0.0561  0.0090  0.4126  0.1356  0.0161  1.0000  0.0377  0.0125  0.6009  0.0477  0.0891  0.9058  0.0412  0.0431  0.0214  0.0062  0.0000  0.0730  0.0000  0.0000  0.0000
 0.0002  0.0000  0.0001  0.0000  0.0000  0.0562  0.0000  0.0000  0.0004  0.0000  0.0009  0.0002  0.0000  0.0001  0.0000  0.0000  0.0001  0.0001  0.0003  0.0009  0.0000  1.0000  0.0000  0.0000  0.0000
 0.0169  0.0000  0.0003  0.0312  1.0000  0.0005  0.0027  0.0016  0.0380  0.0993  0.0242  0.0008  0.0581  0.0029  0.0068  0.1754  0.0042  0.0037  0.0019  0.0003  0.0000  0.0007  0.0000  0.0000  0.0000
 0.0013  0.0000  0.0004  0.0002  0.0003  0.0020  0.0003  0.0001  0.2335  0.0004  1.0000  0.1460  0.0003  0.0004  0.0003  0.0004  0.0004  0.0106  0.4133  0.0002  0.0000  0.0005  0.0000  0.0000  0.0000
 0.0118  0.0000  0.0011  0.0201  0.0331  0.0008  1.0000  0.0011  0.0010  0.0034  0.0899  0.0008  0.0041  0.0037  0.0034  0.0015  0.0068  0.0029  0.0217  0.0003  0.0000  0.0008  0.0000  0.0000  0.0000
 0.0329  0.0000  0.0001  0.0311  0.0273  0.0003  0.0012  0.0012  0.0006  1.0000  0.0013  0.0004  0.0015  0.0013  0.0035  0.9021  0.0013  0.0015  0.0008  0.0002  0.0000  0.0006  0.0000  0.0000  0.0000
 0.1703  0.0000  0.0272  0.0066  0.0206  0.0292  0.0013  0.0060  0.2390  0.0209  0.5619  0.0687  0.0103  0.0295  0.0380  0.0125  0.0202  1.0000  0.3684  0.0041  0.0000  0.0060  0.0000  0.0000  0.0000
 0.0009  0.0000  0.0003  0.0001  0.0002  0.0022  0.0002  0.0001  0.6631  0.0003  1.0000  0.0026  0.0002  0.0003  0.0004  0.0003  0.0003  0.0007  0.0313  0.0003  0.0000  0.0004  0.0000  0.0000  0.0000
 0.0000  0.0000  0.0000  0.0000  0.0000  0.0000  1.0000  0.0000  0.0000  0.0000  0.0000  0.0000  0.0000  0.0000  0.0000  0.0000  0.0000  0.0000  0.0000  0.0000  0.0000  0.0000  0.0000  0.0000  0.0000
 0.2424  0.0000  0.0980  0.1233  1.0000  0.2212  0.1484  0.7223  0.5129  0.6617  0.2438  0.0829  0.1988  0.1023  0.6655  0.2966  0.2047  0.2357  0.2623  0.0605  0.0000  0.3377  0.0000  0.0000  0.0000
 0.0000  0.0000  0.0000  0.0000  0.0000  0.0000  1.0000  0.0000  0.0000  0.0000  0.0000  0.0000  0.0000  0.0000  0.0000  0.0000  0.0000  0.0000  0.0000  0.0000  0.0000  0.0000  0.0000  0.0000  0.0000
 0.0391  0.0000  0.0005  0.0010  0.0006  0.0002  0.0007  0.0003  0.0007  0.0009  0.0006  0.0003  0.1805  0.0012  0.0007  0.0006  0.4947  1.0000  0.0011  0.0002  0.0000  0.0003  0.0000  0.0000  0.0000
 0.0002  0.0000  0.0001  0.0000  0.0000  1.0000  0.0000  0.0000  0.0004  0.0000  0.0010  0.0002  0.0000  0.0001  0.0000  0.0000  0.0001  0.0001  0.0004  0.0009  0.0000  0.1081  0.0000  0.0000  0.0000
 1.0000  0.0000  0.0007  0.0006  0.0059  0.0003  0.4098  0.0001  0.0003  0.0007  0.0007  0.0003  0.0005  0.0018  0.0005  0.0005  0.0036  0.0012  0.0012  0.0001  0.0000  0.0002  0.0000  0.0000  0.0000
 0.0013  0.0000  0.0002  0.0003  0.0011  0.0002  0.0007  0.0007  0.0005  1.0000  0.0008  0.0003  0.0011  0.0008  0.0018  0.0113  0.0208  0.0917  0.0225  0.0001  0.0000  0.0004  0.0000  0.0000  0.0000
 0.0000  0.0000  0.0000  0.0000  0.0000  0.0000  0.0000  0.0000  0.0000  0.0000  0.0000  0.0000  0.0000  0.0000  0.0000  0.0000  0.0000  0.0000  1.0000  0.0000  0.0000  0.0000  0.0000  0.0000  0.0000
 0.0708  0.0000  0.0069  0.0128  0.0982  0.0272  0.0503  0.0768  0.0305  1.0000  0.0720  0.0238  0.0690  0.0555  0.1676  0.4970  0.0580  0.0758  0.0403  0.0112  0.0000  0.3942  0.0000  0.0000  0.0000
 0.2710  0.0000  0.1106  0.1097  0.4117  1.0000  0.1762  0.8861  0.5696  0.1552  0.7759  0.1180  0.1641  0.1091  0.1569  0.2068  0.2247  0.2091  0.5357  0.0989  0.0000  0.7541  0.0000  0.0000  0.0000
 1.0000  0.0000  0.0004  0.0003  0.0003  0.0001  0.1044  0.0001  0.0002  0.0004  0.0004  0.0002  0.0002  0.0009  0.0002  0.0003  0.0018  0.0006  0.0006  0.0001  0.0000  0.0001  0.0000  0.0000  0.0000
 0.0199  0.0000  0.0055  0.0069  0.3280  0.0545  0.0132  0.0334  0.0272  0.3621  0.0239  0.0081  0.0139  0.0100  0.0916  1.0000  0.0159  0.0715  0.1187  0.0061  0.0000  0.1904  0.0000  0.0000  0.0000
 0.0067  0.0000  0.0016  0.1722  0.0307  0.0014  0.0236  0.6115  0.0007  0.0095  0.0015  0.0005  1.0000  0.0054  0.0149  0.0048  0.0283  0.0147  0.0011  0.0007  0.0000  0.1870  0.0000  0.0000  0.0000
 0.7583  0.0000  0.0577  0.4318  0.7323  0.0575  0.2647  0.0976  0.5956  0.7189  0.6779  0.1115  0.3482  0.2095  0.4612  0.4300  0.6134  1.0000  0.7858  0.0171  0.0000  0.0493  0.0000  0.0000  0.0000
 0.5332  0.0000  0.0356  0.5432  1.0000  0.0332  0.2579  0.0809  0.1591  0.9925  0.4602  0.0822  0.3352  0.2163  0.4508  0.4218  0.5219  0.4180  0.2678  0.0114  0.0000  0.0252  0.0000  0.0000  0.0000
 0.0021  0.0000  0.0005  0.0010  0.0006  0.0002  0.0006  0.0003  0.0071  0.0009  0.0006  0.0003  0.0437  0.0011  0.1236  0.0006  0.1429  1.0000  0.0011  0.0002  0.0000  0.0003  0.0000  0.0000  0.0000
 0.0018  0.0000  0.0004  0.0228  0.0026  0.0004  1.0000  0.0019  0.0002  0.1458  0.0004  0.0002  0.1123  0.0014  0.0055  0.0499  0.0769  0.0019  0.0003  0.0002  0.0000  0.0010  0.0000  0.0000  0.0000
 0.2562  0.0000  0.0076  0.3232  1.0000  0.0079  0.0547  0.4227  0.0270  0.3978  0.0579  0.0486  0.0708  0.0411  0.4767  0.0747  0.1045  0.1383  0.3392  0.0027  0.0000  0.0066  0.0000  0.0000  0.0000
 0.3961  0.0000  0.0196  0.2302  0.5479  0.0183  0.1603  0.1120  0.0687  0.7236  0.1251  0.2574  0.3222  0.2737  0.3103  0.2569  1.0000  0.2735  0.1460  0.0063  0.0000  0.0139  0.0000  0.0000  0.0000
 0.0109  0.0000  0.0003  0.0001  0.0002  0.0080  0.0001  0.0001  0.0018  0.0002  0.0105  0.0005  0.0001  0.0003  0.0002  0.0061  0.0002  0.0010  1.0000  0.0000  0.0000  0.0001  0.0000  0.0000  0.0000
 1.0000  0.0000  0.0000  0.0000  0.0000  0.0000  0.0000  0.0000  0.0000  0.0000  0.0000  0.0000  0.0000  0.0000  0.0000  0.0000  0.0000  0.0000  0.0000  0.0000  0.0000  0.0000  0.0000  0.0000  0.0000
 0.0005  0.0000  0.0002  0.0001  0.0001  0.0008  0.0002  0.0000  1.0000  0.0002  0.0777  0.1456  0.0001  0.0001  0.0001  0.0002  0.0002  0.0006  0.4346  0.0001  0.0000  0.0003  0.0000  0.0000  0.0000
 0.0000  0.0000  0.0000  0.0000  0.0000  0.0000  0.0000  0.0000  0.0000  1.0000  0.0000  0.0000  0.0000  0.0000  0.0000  0.0000  0.0000  0.0000  0.0000  0.0000  0.0000  0.0000  0.0000  0.0000  0.0000
 0.0373  0.0000  0.0002  0.0001  0.0002  0.0007  0.0002  0.0000  1.0000  0.0003  0.0121  0.0504  0.0002  0.0002  0.0001  0.0002  0.0002  0.0008  0.5103  0.0001  0.0000  0.0003  0.0000  0.0000  0.0000
 0.0013  0.0000  0.0004  0.0002  0.0004  0.0031  0.0004  0.0002  0.8950  0.0005  1.0000  0.0640  0.0003  0.0005  0.0005  0.0005  0.0004  0.0010  0.1122  0.0004  0.0000  0.0006  0.0000  0.0000  0.0000
 0.0514  0.0000  0.0112  1.0000  0.0128  0.0005  0.0570  0.0028  0.0003  0.0037  0.0006  0.0002  0.3927  0.0022  0.0025  0.0019  0.2251  0.0028  0.0005  0.0003  0.0000  0.0014  0.0000  0.0000  0.0000
 0.0009  0.0000  0.0096  0.0001  0.0012  0.0002  0.0006  0.0008  0.0121  1.0000  0.0009  0.0003  0.0008  0.0007  0.0020  0.3539  0.0007  0.0009  0.0005  0.0001  0.0000  0.0004  0.0000  0.0000  0.0000
 0.0715  0.0000  0.0021  0.3317  1.0000  0.0019  0.0246  0.0107  0.0072  0.3797  0.0117  0.0041  0.0909  0.0106  0.1239  0.2927  0.0991  0.2652  0.0110  0.0007  0.0000  0.0015  0.0000  0.0000  0.0000
 0.0073  0.0000  0.0262  0.0004  0.0025  0.0004  0.0013  0.0282  0.0008  1.0000  0.0018  0.0006  0.0140  0.0014  0.1831  0.0279  0.0015  0.0979  0.0010  0.0003  0.0000  0.0008  0.0000  0.0000  0.0000
 0.3074  0.0000  0.0010  0.0004  0.0008  0.0022  0.0006  0.0001  0.9068  0.0009  0.3180  0.0584  0.0005  0.0008  0.0005  0.0007  0.0066  0.0034  1.0000  0.0003  0.0000  0.0009  0.0000  0.0000  0.0000
 0.3606  0.0000  0.1172  0.1502  0.2056  0.5180  0.2260  0.3676  0.3451  0.4145  1.0000  0.2229  0.3500  0.1415  0.2427  0.3322  0.4146  0.2718  0.3685  0.1216  0.0000  0.6578  0.0000  0.0000  0.0000
 0.0813  0.0000  0.0017  0.0567  0.2571  0.0258  0.0393  0.0038  0.0059  1.0000  0.0095  0.0171  0.1965  0.0236  0.0249  0.3436  0.3496  0.0610  0.0090  0.0005  0.0000  0.0012  0.0000  0.0000  0.0000
 1.0000  0.0000  0.2001  0.6883  0.9872  0.6807  0.6019  0.7507  0.4977  0.9257  0.8359  0.3450  0.6484  0.3818  0.6868  0.7063  0.9606  0.7650  0.7570  0.1818  0.0000  0.9470  0.0000  0.0000  0.0000
 0.2797  0.0000  0.0311  0.7684  0.5640  0.0293  1.0000  0.1140  0.0542  0.8112  0.0932  0.0328  0.5868  0.1316  0.2267  0.4332  0.5512  0.2206  0.0837  0.0129  0.0000  0.3033  0.0000  0.0000  0.0000
 0.0011  0.0000  0.0003  0.0001  0.0002  0.0023  0.0002  0.0002  0.0045  0.0003  0.7205  1.0000  0.0002  0.0004  0.0005  0.0003  0.0003  0.0114  0.0784  0.0003  0.0000  0.0003  0.0000  0.0000  0.0000
 0.6621  0.0000  0.0406  0.4308  0.9771  0.0422  0.2451  0.0842  0.6171  0.5965  0.2876  0.3629  0.5755  0.1815  0.6353  0.3385  0.5270  0.4197  1.0000  0.0135  0.0000  0.0364  0.0000  0.0000  0.0000
 0.2225  0.0000  0.0029  0.4018  1.0000  0.0030  0.1935  0.0682  0.0102  0.4829  0.0165  0.0058  0.0471  0.0635  0.0615  0.0285  0.0763  0.0318  0.0157  0.0011  0.0000  0.0027  0.0000  0.0000  0.0000
 0.0159  0.0000  0.0016  0.0039  0.0220  0.1848  0.0166  0.1989  0.0068  0.4449  0.0159  0.0053  0.0426  0.0124  1.0000  0.1253  0.0134  0.0539  0.0090  0.0025  0.0000  0.0074  0.0000  0.0000  0.0000
 0.0370  0.0000  0.0002  0.0001  0.0002  0.0328  0.0003  0.0000  1.0000  0.0003  0.3509  0.0012  0.0002  0.0002  0.0002  0.0002  0.0003  0.0007  0.2506  0.0001  0.0000  0.0004  0.0000  0.0000  0.0000
 0.0085  0.0000  0.0008  0.0017  0.0382  0.1185  0.0060  0.0075  0.0036  1.0000  0.0085  0.0028  0.0082  0.1499  0.0286  0.2897  0.0144  0.0091  0.0048  0.0013  0.0000  0.0038  0.0000  0.0000  0.0000
 0.0004  0.0000  0.0001  0.0003  0.0005  0.0002  0.0009  0.0003  0.0002  0.0018  0.0005  0.0001  0.0004  0.0007  0.0072  1.0000  0.0003  0.0004  0.0003  0.0002  0.0000  0.0002  0.0000  0.0000  0.0000
 0.0000  0.0000  0.0000  0.0000  1.0000  0.0000  0.0000  0.0000  0.0000  0.0000  0.0000  0.0000  0.0000  0.0000  0.0000  0.0000  0.0000  0.0000  0.0000  0.0000  0.0000  0.0000  0.0000  0.0000  0.0000
 0.0002  0.0000  0.0001  0.0000  0.0001  0.0045  0.0001  0.0000  1.0000  0.0001  0.0016  0.0003  0.0001  0.0000  0.0000  0.0001  0.0001  0.0002  0.1125  0.0000  0.0000  0.0002  0.0000  0.0000  0.0000
 0.1523  0.0000  0.0807  0.0093  0.0626  0.0030  0.0112  0.0097  0.0063  0.3016  0.0258  0.0044  0.0147  0.0104  0.3014  0.2056  1.0000  0.0167  0.0089  0.0017  0.0000  0.0154  0.0000  0.0000  0.0000
 0.0356  0.0000  0.0048  0.0016  0.0037  0.0057  0.0013  0.0008  1.0000  0.0041  0.0329  0.0153  0.1161  0.0047  0.0026  0.0026  0.0047  0.5812  0.5827  0.0008  0.0000  0.0395  0.0000  0.0000  0.0000
 0.0005  0.0000  0.0001  0.0001  0.0001  0.0015  0.0001  0.0001  0.0027  0.0002  0.4366  1.0000  0.0001  0.0002  0.0003  0.0002  0.0002  0.0003  0.0015  0.0002  0.0000  0.0002  0.0000  0.0000  0.0000
 0.0011  0.0000  0.0001  0.0002  0.0015  0.0002  0.0007  0.0009  0.0004  1.0000  0.0011  0.0004  0.0113  0.0008  0.0310  0.6155  0.0009  0.0011  0.0006  0.0113  0.0000  0.0005  0.0000  0.0000  0.0000
 0.0035  0.0000  0.0009  0.0004  0.0008  0.0067  0.0007  0.0005  0.1041  0.0011  1.0000  0.0765  0.0008  0.0012  0.0013  0.1658  0.0312  0.0025  0.2796  0.0008  0.0000  0.0012  0.0000  0.0000  0.0000
 0.0791  0.0000  0.0012  0.0007  0.0011  0.4255  0.0013  0.0003  0.4545  0.0015  0.5844  0.0066  0.0010  0.0010  0.0009  0.0012  0.0014  0.0040  1.0000  0.0007  0.0000  0.0019  0.0000  0.0000  0.0000
 0.0062  0.0000  0.0006  0.0141  0.0086  0.0012  0.0044  0.0050  0.0432  0.4098  0.0058  0.1861  0.1465  0.0046  0.0662  1.0000  0.0766  0.0065  0.0034  0.0009  0.0000  0.0025  0.0000  0.0000  0.0000
 0.0000  0.0000  0.0000  0.0000  0.0000  0.0000  0.0000  1.0000  0.0000  0.0000  0.0000  0.0000  0.0000  0.0000  0.0000  0.0000  0.0000  0.0000  0.0000  0.0000  0.0000  0.0000  0.0000  0.0000  0.0000
 0.0008  0.0000  0.0002  0.0029  0.0009  0.0001  0.0077  0.0085  0.0001  0.1086  0.0002  0.0001  0.0085  1.0000  0.0007  0.0008  0.0087  0.0007  0.0001  0.0001  0.0000  0.0003  0.0000  0.0000  0.0000
 0.0080  0.0000  0.0241  0.0392  0.0114  0.0017  0.0278  0.3871  0.0008  0.0110  0.0018  0.0007  1.0000  0.0063  0.0074  0.0057  0.0313  0.0086  0.0014  0.0008  0.0000  0.2295  0.0000  0.0000  0.0000
 0.0004  0.0000  0.0002  0.0001  0.0001  0.0007  0.0002  0.0000  1.0000  0.0002  0.1664  0.0007  0.0001  0.0001  0.0001  0.0002  0.0002  0.0005  0.5720  0.0001  0.0000  0.0003  0.0000  0.0000  0.0000
 0.0008  0.0000  0.0002  0.0001  0.0002  0.0006  0.0002  0.0000  0.5224  0.0002  0.0247  0.0006  0.0001  0.0001  0.0001  0.0002  0.0079  0.0309  1.0000  0.0001  0.0000  0.0003  0.0000  0.0000  0.0000
 0.0060  0.0000  0.0006  0.0012  0.1880  0.0178  0.0042  0.0813  0.0025  0.5006  0.0293  0.0020  0.2889  0.0046  0.7047  1.0000  0.0050  0.0217  0.0034  0.0009  0.0000  0.0027  0.0000  0.0000  0.0000
 0.0006  0.0000  0.0002  0.0001  0.0002  0.1200  0.0001  0.0001  0.0913  0.0002  1.0000  0.0456  0.0002  0.0003  0.0075  0.0002  0.0002  0.0004  0.0018  0.0002  0.0000  0.0002  0.0000  0.0000  0.0000
 0.0058  0.0000  0.0020  0.0023  0.0031  0.3933  0.0038  0.2649  0.0213  0.0412  0.0573  0.0026  0.0664  0.0023  0.0034  0.0041  0.0046  0.0045  0.0058  0.0021  0.0000  1.0000  0.0000  0.0000  0.0000
 0.0009  0.0000  0.0000  0.0017  1.0000  0.0001  0.0004  0.0004  0.0002  0.0055  0.0004  0.0001  0.0005  0.0006  0.1530  0.0213  0.0005  0.0211  0.0003  0.0001  0.0000  0.0002  0.0000  0.0000  0.0000
 0.1077  0.0000  0.0005  0.0002  0.0004  0.0003  0.0011  0.0001  0.0016  0.0004  0.0012  0.0004  0.0002  0.0008  0.0003  0.0003  0.0011  0.0013  1.0000  0.0001  0.0000  0.0001  0.0000  0.0000  0.0000
 0.0012  0.0000  0.0003  0.0002  0.0003  0.0029  0.0003  0.0002  0.6698  0.0004  0.2943  1.0000  0.0003  0.0004  0.0005  0.0004  0.0004  0.0009  0.0835  0.0003  0.0000  0.0005  0.0000  0.0000  0.0000
 1.0000  0.0000  0.0038  0.1565  0.6717  0.0045  0.2252  0.0138  0.0049  0.0710  0.0096  0.0040  0.0498  0.0267  0.0443  0.0137  0.1183  0.0224  0.0107  0.0021  0.0000  0.0479  0.0000  0.0000  0.0000
 0.0043  0.0000  0.0007  0.0013  0.0008  0.0003  0.0500  0.0003  0.0008  0.0012  0.0008  0.0004  0.0021  0.0017  0.0009  0.0007  0.7654  1.0000  0.0014  0.0002  0.0000  0.0003  0.0000  0.0000  0.0000
 0.0277  0.0000  0.0012  0.0067  0.1563  0.0021  0.0085  0.0085  0.0048  1.0000  0.0106  0.0035  0.0115  0.3129  0.0820  0.1768  0.0244  0.1862  0.0067  0.0015  0.0000  0.0042  0.0000  0.0000  0.0000
 0.1827  0.0000  0.0008  0.0018  0.0011  0.0004  0.0012  0.0149  0.0012  0.1466  0.0011  0.0006  0.0142  0.0020  0.0013  0.0011  0.5574  1.0000  0.0018  0.0003  0.0000  0.0005  0.0000  0.0000  0.0000
 0.0062  0.0000  0.0005  0.3017  0.0423  0.0011  0.0048  0.0043  0.0021  1.0000  0.0047  0.0342  0.0173  0.0044  0.0119  0.2338  0.0056  0.1473  0.0029  0.0007  0.0000  0.0022  0.0000  0.0000  0.0000
 0.0002  0.0000  0.0001  0.0001  0.0001  0.0004  0.0001  0.0000  1.0000  0.0001  0.0964  0.0004  0.0001  0.0000  0.0000  0.0001  0.0001  0.0003  0.1353  0.0001  0.0000  0.0002  0.0000  0.0000  0.0000
 0.0002  0.0000  0.0001  0.0000  0.0001  0.1830  0.0000  0.0000  0.0211  0.0000  0.0013  0.0003  0.0000  0.0001  0.0000  0.0000  0.0002  0.0002  0.0005  0.0012  0.0000  1.0000  0.0000  0.0000  0.0000
 0.0032  0.0000  0.0165  0.0006  0.0009  0.7217  0.0011  0.0004  1.0000  0.0012  0.3198  0.2488  0.0009  0.0010  0.0011  0.0011  0.0011  0.0028  0.3320  0.0008  0.0000  0.0016  0.0000  0.0000  0.0000
 0.0899  0.0000  0.0004  0.0001  0.0003  0.0004  0.0001  0.0001  0.2666  0.0003  0.0025  0.0006  0.0002  0.0004  0.0002  0.0002  0.0003  0.0014  1.0000  0.0001  0.0000  0.0002  0.0000  0.0000  0.0000
 0.0012  0.0000  0.0003  0.0001  0.0003  0.0028  0.0002  0.0002  0.0369  0.0004  0.9007  1.0000  0.0003  0.0005  0.0143  0.0004  0.0003  0.0389  0.0144  0.0003  0.0000  0.0004  0.0000  0.0000  0.0000
 0.0006  0.0000  0.0000  0.0017  1.0000  0.0001  0.0004  0.0002  0.0001  0.0007  0.0002  0.0001  0.0003  0.0005  0.0099  0.0002  0.0003  0.0003  0.0002  0.0000  0.0000  0.0001  0.0000  0.0000  0.0000
 0.0015  0.0000  0.0004  0.0002  0.0004  0.2607  0.0004  0.0179  0.0068  0.0006  0.3213  0.0045  0.0004  0.0006  0.0008  0.0006  0.0005  0.0009  0.0038  0.0005  0.0000  1.0000  0.0000  0.0000  0.0000
 0.3626  0.0000  0.0410  0.0010  0.0013  0.0009  0.0159  0.0002  0.0563  0.0014  0.0034  0.0010  0.0009  0.0034  0.0009  0.0010  0.0070  0.0026  1.0000  0.0002  0.0000  0.0006  0.0000  0.0000  0.0000
 0.0710  0.0000  0.0050  0.1422  0.1437  0.0047  0.0357  0.0115  0.0176  1.0000  0.0284  0.0547  0.0969  0.0882  0.3618  0.4884  0.4549  0.8965  0.0268  0.0016  0.0000  0.0036  0.0000  0.0000  0.0000
 0.0018  0.0000  0.0046  0.0032  0.0010  0.0178  1.0000  0.0007  0.0002  0.0010  0.0003  0.0001  0.0261  0.0008  0.0007  0.0005  0.1113  0.0047  0.0003  0.0001  0.0000  0.0085  0.0000  0.0000  0.0000
 0.0000  0.0000  0.0000  0.0000  0.0000  0.0000  1.0000  0.0000  0.0000  0.0000  0.0000  0.0000  0.0000  0.0000  0.0000  0.0000  0.0000  0.0000  0.0000  0.0000  0.0000  0.0000  0.0000  0.0000  0.0000
 0.0008  0.0000  0.0000  0.1066  1.0000  0.0001  0.0004  0.0002  0.0001  0.0008  0.0002  0.0001  0.0004  0.0005  0.0011  0.0002  0.0004  0.0004  0.0002  0.0000  0.0000  0.0001  0.0000  0.0000  0.0000
 0.0006  0.0000  0.0002  0.0001  0.0002  0.0015  0.0001  0.0001  0.0276  0.0002  1.0000  0.0125  0.0001  0.0002  0.0003  0.0002  0.0002  0.0004  0.2156  0.0002  0.0000  0.0002  0.0000  0.0000  0.0000
 0.0005  0.0000  0.0001  0.0001  0.0001  1.0000  0.0001  0.0157  0.0023  0.0002  0.1142  0.0016  0.0001  0.0002  0.0002  0.0002  0.0001  0.0003  0.0013  0.0002  0.0000  0.0076  0.0000  0.0000  0.0000
 0.0691  0.0000  0.0004  1.0000  0.2061  0.0004  0.0227  0.0020  0.0003  0.0034  0.0006  0.0002  0.4067  0.0019  0.0070  0.0015  0.0881  0.0168  0.0005  0.0002  0.0000  0.0010  0.0000  0.0000  0.0000
 0.1076  0.0000  0.0130  0.0209  0.1408  0.0348  0.0754  0.1105  0.0702  1.0000  0.1120  0.0371  0.1005  0.0806  0.2371  0.6324  0.0878  0.1359  0.0655  0.0803  0.0000  0.2385  0.0000  0.0000  0.0000
 0.0003  0.0000  0.0001  0.0001  0.0001  0.0006  0.0002  0.0000  1.0000  0.0002  0.1525  0.0006  0.0001  0.0001  0.0001  0.0001  0.0002  0.0004  0.2647  0.0001  0.0000  0.0003  0.0000  0.0000  0.0000
 0.6869  0.0000  0.0360  0.0027  0.0072  0.0048  0.0050  0.0018  0.0527  0.0073  0.0307  0.0095  0.0036  0.0114  0.1736  0.0042  0.0388  0.0325  1.0000  0.0009  0.0000  0.0016  0.0000  0.0000  0.0000
 0.4029  0.0000  0.0040  0.0750  0.4770  0.0037  0.0283  0.1453  0.0139  1.0000  0.0225  0.0079  0.2722  0.0204  0.1853  0.4623  0.2785  0.1372  0.0212  0.0013  0.0000  0.0028  0.0000  0.0000  0.0000
 0.0868  0.0000  0.0079  0.1187  0.1850  0.0139  0.0660  1.0000  0.0247  0.8965  0.0698  0.0140  0.3790  0.0320  0.4280  0.2753  0.2309  0.0924  0.0365  0.0041  0.0000  0.4201  0.0000  0.0000  0.0000
 0.0034  0.0000  0.0003  0.0004  0.0003  0.0001  1.0000  0.0001  0.0002  0.0004  0.0003  0.0002  0.0004  0.0008  0.0085  0.0003  0.0082  0.0063  0.0082  0.0000  0.0000  0.0001  0.0000  0.0000  0.0000
 0.1337  0.0000  0.0002  0.0003  0.0020  0.0003  0.0012  0.0013  0.0006  0.2780  0.0015  0.0005  0.0014  0.0012  0.0034  1.0000  0.0013  0.0016  0.0009  0.0002  0.0000  0.0007  0.0000  0.0000  0.0000
 0.0011  0.0000  0.1346  0.0001  0.0003  0.0265  0.0002  0.0002  0.0055  0.0004  1.0000  0.2675  0.0003  0.0005  0.0127  0.0004  0.0003  0.0006  0.0030  0.0003  0.0000  0.0004  0.0000  0.0000  0.0000
 0.1347  0.0000  0.0085  0.0687  0.0322  0.0016  0.0855  0.0203  0.0188  1.0000  0.0096  0.0034  0.0281  0.0311  0.2465  0.2740  0.3275  0.0326  0.0091  0.0005  0.0000  0.0012  0.0000  0.0000  0.0000
 0.0006  0.0000  0.0001  0.0014  1.0000  0.0002  0.0008  0.0062  0.0002  0.0006  0.0003  0.0001  0.0004  0.0006  0.0007  0.0003  0.0004  0.0003  0.0002  0.0001  0.0000  0.0002  0.0000  0.0000  0.0000
 0.0334  0.0000  0.0012  1.0000  0.3145  0.0011  0.0173  0.0611  0.0180  0.2196  0.0068  0.0024  0.1555  0.1081  0.0132  0.0289  0.0489  0.1527  0.0064  0.0004  0.0000  0.0009  0.0000  0.0000  0.0000
 0.2986  0.0000  0.0162  0.2352  1.0000  0.0182  0.1105  0.0377  0.0699  0.2783  0.2480  0.0439  0.1543  0.0826  0.1907  0.1517  0.2371  0.1976  0.2541  0.0060  0.0000  0.0286  0.0000  0.0000  0.0000
 1.0000  0.0000  0.0003  0.0002  0.0003  0.0001  0.0018  0.0001  0.0001  0.0003  0.0003  0.0001  0.0002  0.0008  0.0002  0.0002  0.0895  0.0006  0.0005  0.0000  0.0000  0.0001  0.0000  0.0000  0.0000
 0.0383  0.0000  0.0016  0.0015  0.0019  0.0007  0.1175  0.0006  0.0008  0.0040  0.0018  0.0008  0.0016  0.0041  0.0019  1.0000  0.0081  0.0030  0.0027  0.0177  0.0000  0.0006  0.0000  0.0000  0.0000
 0.1845  0.0000  0.0140  0.0072  0.0130  0.0070  0.0125  0.0362  0.0376  1.0000  0.0378  0.0034  0.0789  0.0054  0.0116  0.8564  0.0397  0.0100  0.0423  0.0021  0.0000  0.0100  0.0000  0.0000  0.0000
 0.0041  0.0000  0.0013  0.0013  0.0019  0.2406  0.0022  0.0033  0.0456  0.1267  0.0632  0.0052  0.0021  0.0017  0.0023  0.0024  0.0026  0.0030  0.0391  0.1544  0.0000  1.0000  0.0000  0.0000  0.0000
 0.0000  0.0000  0.0000  0.0000  0.0000  1.0000  0.0000  0.0000  0.0000  0.0000  0.0000  0.0000  0.0000  0.0000  0.0000  0.0000  0.0000  0.0000  0.0000  0.0000  0.0000  0.0000  0.0000  0.0000  0.0000
 0.0019  0.0000  0.0003  0.0009  0.0020  0.0003  0.0013  0.0689  0.0007  0.0087  0.0014  0.0005  0.0021  0.0013  1.0000  0.1089  0.1280  0.0295  0.0010  0.0002  0.0000  0.0006  0.0000  0.0000  0.0000
 0.0005  0.0000  0.0000  0.0006  0.0082  0.0001  0.0004  0.0051  0.0001  0.0022  0.0003  0.0001  0.0005  0.0003  1.0000  0.0042  0.0004  0.0004  0.0002  0.0001  0.0000  0.0002  0.0000  0.0000  0.0000
 0.0008  0.0000  0.0002  0.0001  0.0002  0.0021  0.0002  0.0002  0.3704  0.0003  1.0000  0.1639  0.0002  0.0003  0.0004  0.0003  0.0002  0.0004  0.0022  0.0002  0.0000  0.0003  0.0000  0.0000  0.0000
 0.0916  0.0000  0.0005  0.0002  0.0004  0.0007  0.0001  0.0001  1.0000  0.0004  0.0491  0.0059  0.0002  0.0005  0.0003  0.0003  0.0004  0.0460  0.2430  0.0001  0.0000  0.0003  0.0000  0.0000  0.0000
 0.0325  0.0000  0.0847  0.3656  0.0479  0.0067  0.1777  0.0457  0.0033  0.0619  0.1775  0.0026  0.5459  0.0263  0.0311  0.0235  1.0000  0.0350  0.0055  0.0035  0.0000  0.0179  0.0000  0.0000  0.0000
 1.0000  0.0000  0.0007  0.0005  0.0006  0.0003  0.4116  0.0001  0.0003  0.0007  0.0007  0.0003  0.0004  0.0018  0.0005  0.0005  0.0036  0.0058  0.0050  0.0001  0.0000  0.0002  0.0000  0.0000  0.0000
 0.0082  0.0000  0.0002  0.0001  0.0002  0.0003  0.0001  0.0000  0.2039  0.0002  0.0017  0.0004  0.0001  0.0002  0.0001  0.0001  0.0002  0.0007  1.0000  0.0000  0.0000  0.0001  0.0000  0.0000  0.0000
 0.2450  0.0000  0.0016  1.0000  0.3367  0.0017  0.1316  0.0598  0.0027  0.0191  0.0047  0.0017  0.0550  0.0085  0.1614  0.0092  0.0788  0.0270  0.0044  0.0008  0.0000  0.0032  0.0000  0.0000  0.0000
 0.0008  0.0000  0.0008  0.0011  0.0006  0.3342  0.0020  0.0249  0.0007  0.0004  0.0015  0.0004  0.0008  0.0008  0.0004  0.0007  0.0006  0.0006  0.0008  0.0007  0.0000  1.0000  0.0000  0.0000  0.0000
 0.0006  0.0000  1.0000  0.0002  0.0002  0.0052  0.0004  0.0001  0.0013  0.0001  0.1088  0.0008  0.0001  0.0003  0.0001  0.0001  0.0003  0.0003  0.0010  0.0011  0.0000  0.0089  0.0000  0.0000  0.0000
 0.0000  0.0000  0.0000  0.0000  0.0000  0.0000  0.0000  1.0000  0.0000  0.0000  0.0000  0.0000  0.0000  0.0000  0.0000  0.0000  0.0000  0.0000  0.0000  0.0000  0.0000  0.0000  0.0000  0.0000  0.0000
 0.1418  0.0000  0.0023  0.0038  0.0074  0.0197  0.0060  0.0233  0.0127  0.0262  0.0080  0.0029  0.0083  0.0062  0.1645  0.3038  1.0000  0.0333  0.0070  0.0017  0.0000  0.0070  0.0000  0.0000  0.0000
 0.0023  0.0000  0.0002  0.0004  0.0032  0.0005  0.0017  0.1277  0.0010  0.4586  0.0188  0.0008  0.2211  0.0018  0.0055  1.0000  0.0019  0.0025  0.0013  0.0004  0.0000  0.0011  0.0000  0.0000  0.0000
 0.0487  0.0000  0.0223  0.0338  0.0310  0.1299  1.0000  0.0477  0.0344  0.0700  0.0873  0.2601  0.0518  0.0201  0.0533  0.0462  0.0648  0.0380  0.0442  0.0158  0.0000  0.0849  0.0000  0.0000  0.0000
 0.0003  0.0000  0.0001  0.0001  0.0001  0.0004  0.0001  0.0000  0.2696  0.0001  0.0020  0.0004  0.0001  0.0001  0.0000  0.0001  0.0001  0.0004  1.0000  0.0000  0.0000  0.0002  0.0000  0.0000  0.0000
 0.0360  0.0000  0.0357  0.0043  0.0072  0.2418  0.0064  0.0090  0.0448  0.0072  0.0313  0.0088  0.0060  0.0076  0.0065  0.0069  0.0542  0.0191  0.7891  0.0099  0.0000  1.0000  0.0000  0.0000  0.0000
 0.0000  0.0000  0.0000  0.0000  0.0000  0.0000  0.0000  1.0000  0.0000  0.0000  0.0000  0.0000  0.0000  0.0000  0.0000  0.0000  0.0000  0.0000  0.0000  0.0000  0.0000  0.0000  0.0000  0.0000  0.0000
 0.0000  0.0000  0.0000  0.0000  0.0000  0.0000  0.0000  0.0000  0.0000  0.0000  0.0000  0.0000  0.0000  0.0000  0.0000  1.0000  0.0000  0.0000  0.0000  0.0000  0.0000  0.0000  0.0000  0.0000  0.0000
 0.0000  0.0000  0.0000  1.0000  0.0000  0.0000  0.0000  0.0000  0.0000  0.0000  0.0000  0.0000  0.0000  0.0000  0.0000  0.0000  0.0000  0.0000  0.0000  0.0000  0.0000  0.0000  0.0000  0.0000  0.0000
 0.0003  0.0000  0.0001  0.0000  0.0001  0.0009  0.0001  0.0001  0.0199  0.0001  1.0000  0.0011  0.0001  0.0040  0.0002  0.0001  0.0001  0.0002  0.0009  0.0001  0.0000  0.0001  0.0000  0.0000  0.0000
 0.0000  0.0000  0.0000  0.0000  0.0000  0.0000  0.0000  0.0000  0.0000  1.0000  0.0000  0.0000  0.0000  0.0000  0.0000  0.0000  0.0000  0.0000  0.0000  0.0000  0.0000  0.0000  0.0000  0.0000  0.0000
 0.1527  0.0000  0.0029  0.0022  0.0027  0.0023  0.0155  0.0006  0.0038  0.0029  0.1712  0.0027  0.0019  1.0000  0.0021  0.0022  0.0140  0.0052  0.0066  0.0006  0.0000  0.0010  0.0000  0.0000  0.0000
 0.0006  0.0000  0.0000  0.0017  1.0000  0.0001  0.0004  0.0002  0.0001  0.0007  0.0002  0.0001  0.0003  0.0005  0.0083  0.0002  0.0003  0.0003  0.0002  0.0000  0.0000  0.0001  0.0000  0.0000  0.0000
 0.0000  0.0000  0.0000  0.0000  0.0000  0.0000  0.0000  0.0000  0.0000  0.0000  0.0000  0.0000  1.0000  0.0000  0.0000  0.0000  0.0000  0.0000  0.0000  0.0000  0.0000  0.0000  0.0000  0.0000  0.0000
 0.0003  0.0000  0.0001  0.0000  0.0001  0.0009  0.0001  0.0001  0.0071  0.0001  1.0000  0.0070  0.0001  0.0001  0.0002  0.0001  0.0001  0.0002  0.0391  0.0001  0.0000  0.0001  0.0000  0.0000  0.0000
 0.0003  0.0000  0.0001  0.0000  0.0001  0.0008  0.0001  0.0001  0.0107  0.0001  1.0000  0.0010  0.0001  0.0001  0.0002  0.0001  0.0001  0.0002  0.0008  0.0001  0.0000  0.0001  0.0000  0.0000  0.0000
 0.0005  0.0000  0.0001  0.0001  0.0001  0.0012  0.0001  0.0001  0.0110  0.0002  1.0000  0.0119  0.0001  0.0002  0.0002  0.0002  0.0001  0.0003  0.1333  0.0001  0.0000  0.0002  0.0000  0.0000  0.0000
 0.0005  0.0000  0.0001  1.0000  0.0102  0.0001  0.0064  0.0003  0.0001  0.0006  0.0001  0.0000  0.0015  0.0004  0.0005  0.0003  0.0008  0.0004  0.0001  0.0000  0.0000  0.0002  0.0000  0.0000  0.0000
 0.5709  0.0000  0.0049  0.0974  0.9891  0.0394  0.0625  0.0577  0.0172  0.4214  0.0278  0.0097  0.0454  0.0252  0.0683  0.0481  1.0000  0.1519  0.0445  0.0016  0.0000  0.0037  0.0000  0.0000  0.0000
 0.2218  0.0000  0.0497  0.4177  0.1359  0.1694  0.0841  0.2935  0.0925  0.4348  0.1655  0.0519  1.0000  0.0533  0.2132  0.4761  0.1990  0.1035  0.1193  0.0871  0.0000  0.4102  0.0000  0.0000  0.0000
 0.2262  0.0000  0.1774  0.0916  0.4026  0.3180  1.0000  0.2419  0.1756  0.1477  0.3180  0.3195  0.1371  0.0911  0.1421  0.1554  0.2196  0.1745  0.2239  0.1303  0.0000  0.4837  0.0000  0.0000  0.0000
 0.0172  0.0000  0.0226  0.0872  0.0021  0.0085  0.0022  0.0291  0.0139  0.0189  0.0038  0.0013  1.0000  0.0015  0.0020  0.0022  0.0256  0.0255  0.0523  0.0010  0.0000  0.0054  0.0000  0.0000  0.0000
 0.0266  0.0000  0.0005  0.0002  0.0004  0.0023  0.0003  0.0001  0.2338  0.0005  1.0000  0.0093  0.0003  0.0005  0.0004  0.0004  0.0005  0.0014  0.4411  0.0003  0.0000  0.0005  0.0000  0.0000  0.0000
 0.0004  0.0000  0.0001  0.0006  0.0005  0.0001  0.0010  0.0003  0.0002  1.0000  0.0004  0.0001  0.0050  0.0007  0.0006  0.0013  0.0005  0.0004  0.0002  0.0001  0.0000  0.0002  0.0000  0.0000  0.0000
 0.0005  0.0000  0.0002  0.0001  0.0002  0.0009  0.0003  0.0000  1.0000  0.0003  0.1043  0.0008  0.0002  0.0001  0.0001  0.0002  0.0003  0.0007  0.9610  0.0001  0.0000  0.0004  0.0000  0.0000  0.0000
 0.4819  0.0000  0.0006  0.0008  0.0007  0.0003  0.0024  0.0002  0.0005  0.0009  0.0007  0.0004  0.0012  0.0016  0.0006  0.0006  1.0000  0.1125  0.0012  0.0001  0.0000  0.0003  0.0000  0.0000  0.0000
 0.0000  0.0000  0.0000  1.0000  0.0000  0.0000  0.0000  0.0000  0.0000  0.0000  0.0000  0.0000  0.0000  0.0000  0.0000  0.0000  0.0000  0.0000  0.0000  0.0000  0.0000  0.0000  0.0000  0.0000  0.0000
 0.0000  0.0000  0.0000  0.0000  0.0000  1.0000  0.0000  0.0000  0.0000  0.0000  0.0000  0.0000  0.0000  0.0000  0.0000  0.0000  0.0000  0.0000  0.0000  0.0000  0.0000  0.0000  0.0000  0.0000  0.0000
 0.0000  0.0000  0.0000  0.0000  0.0000  0.0000  1.0000  0.0000  0.0000  0.0000  0.0000  0.0000  0.0000  0.0000  0.0000  0.0000  0.0000  0.0000  0.0000  0.0000  0.0000  0.0000  0.0000  0.0000  0.0000
 0.0007  0.0000  0.0002  0.0001  0.0002  0.2373  0.0002  0.0001  0.0031  0.0002  1.0000  0.0020  0.0001  0.0003  0.0003  0.0002  0.0002  0.0004  0.0018  0.0007  0.0000  0.0022  0.0000  0.0000  0.0000
 0.1119  0.0000  0.0044  0.0003  0.0004  0.0001  0.0049  0.0001  0.0002  0.0004  0.0004  0.0002  0.0003  0.0010  0.0003  0.0003  1.0000  0.0081  0.0007  0.0001  0.0000  0.0001  0.0000  0.0000  0.0000
 1.0000  0.0000  0.0266  0.1114  0.0600  0.0141  0.1582  0.0315  0.0229  0.2392  0.0361  0.0159  0.5423  0.0736  0.0553  0.0777  0.2355  0.2496  0.0509  0.0072  0.0000  0.0208  0.0000  0.0000  0.0000
 0.0088  0.0000  0.0022  0.0011  0.1612  0.1420  0.0018  0.0418  0.2221  0.0029  1.0000  0.3139  0.0021  0.0034  0.0041  0.0029  0.0097  0.0054  0.3523  0.0024  0.0000  0.0036  0.0000  0.0000  0.0000
 0.5418  0.0000  0.1755  0.2035  0.2705  0.7173  0.3268  0.5389  0.3905  0.2929  0.6443  0.2667  0.3045  0.2466  0.2911  0.3484  0.4443  0.3968  0.5215  0.1843  0.0000  1.0000  0.0000  0.0000  0.0000
 0.1553  0.0000  0.0055  0.5431  1.0000  0.0052  0.0392  0.1479  0.0193  0.1207  0.0909  0.0109  0.0511  0.3895  0.9191  0.4903  0.1031  0.1427  0.0545  0.0018  0.0000  0.0039  0.0000  0.0000  0.0000
 0.0899  0.0000  0.0936  0.5887  0.1891  0.0077  0.0796  0.1088  0.0204  0.1480  0.0335  0.0118  0.1454  0.0749  1.0000  0.0617  0.5318  0.0882  0.0314  0.0031  0.0000  0.0105  0.0000  0.0000  0.0000
 0.9483  0.0000  0.2091  0.5768  0.8728  0.7330  0.6156  0.6011  0.5215  0.8619  0.8286  0.2808  0.6040  0.3639  0.6457  0.6589  0.8464  0.7291  0.6868  0.1905  0.0000  1.0000  0.0000  0.0000  0.0000
 0.0039  0.0000  0.0004  0.0007  0.1194  0.0008  0.0027  0.0878  0.0016  0.3965  0.0453  0.0192  0.0037  0.0030  0.2630  1.0000  0.0553  0.0041  0.0022  0.0006  0.0000  0.0017  0.0000  0.0000  0.0000
 0.5142  0.0000  0.0225  0.4147  0.6846  0.0210  0.2146  0.0686  0.0789  0.4123  0.1461  0.0446  0.2240  0.4816  1.0000  0.2212  0.3829  0.2874  0.1203  0.0072  0.0000  0.0160  0.0000  0.0000  0.0000
 0.0169  0.0000  0.0015  1.0000  0.0696  0.0021  0.0151  0.0058  0.0050  0.0152  0.0352  0.0021  0.0338  0.0094  0.0167  0.0054  0.0145  0.0102  0.1843  0.0008  0.0000  0.0031  0.0000  0.0000  0.0000
 0.0048  0.0000  0.0007  0.0075  0.0026  0.0004  1.0000  0.1221  0.0003  0.0034  0.0008  0.0003  0.0088  0.0020  0.0019  0.0261  0.0342  0.0023  0.0008  0.0002  0.0000  0.0009  0.0000  0.0000  0.0000
 0.2099  0.0000  0.1928  0.0517  0.0353  0.0112  0.1211  0.0149  0.0188  0.2178  0.0292  0.0134  0.0662  0.0619  0.0327  0.0415  1.0000  0.1626  0.0457  0.0052  0.0000  0.0128  0.0000  0.0000  0.0000
 0.0801  0.0000  0.1410  0.0123  0.0093  0.0043  0.0441  0.0031  0.0059  0.0107  0.0096  0.0044  0.0144  0.0215  0.0077  0.0075  1.0000  0.0436  0.0158  0.0018  0.0000  0.0040  0.0000  0.0000  0.0000
 0.0269  0.0000  0.0028  0.0046  0.0037  0.0013  0.0159  0.0011  0.0017  0.0040  0.0032  0.0014  0.0047  1.0000  0.0027  0.0028  0.1802  0.0101  0.0048  0.0006  0.0000  0.0012  0.0000  0.0000  0.0000
 0.0000  0.0000  0.0000  0.0000  0.0000  0.0000  0.0000  0.0000  0.0000  0.0000  0.0000  0.0000  0.0000  0.0000  0.0000  0.0000  1.0000  0.0000  0.0000  0.0000  0.0000  0.0000  0.0000  0.0000  0.0000
 0.0019  0.0000  0.0010  0.0003  0.0005  0.2007  0.0003  0.0000  0.0040  0.0000  0.0097  0.0019  0.0000  0.0007  0.0000  0.0000  0.0013  0.0012  0.0037  0.0090  0.0000  1.0000  0.0000  0.0000  0.0000
 0.0539  0.0000  0.0125  0.0235  0.0443  0.1609  0.0586  0.0281  0.0329  0.1689  0.0829  0.0212  0.0364  0.0404  0.0629  1.0000  0.0380  0.0394  0.0337  0.0102  0.0000  0.0196  0.0000  0.0000  0.0000
 0.1001  0.0000  0.0227  0.0682  0.0838  0.2076  0.0969  0.0281  0.0884  0.1004  0.2422  0.0558  0.0540  0.0584  1.0000  0.0837  0.0642  0.0541  0.0728  0.0157  0.0000  0.0258  0.0000  0.0000  0.0000
 0.0127  0.0000  0.0032  0.0013  0.0028  0.2288  0.0020  0.0017  0.0479  0.0033  0.1154  1.0000  0.0022  0.0043  0.0042  0.0030  0.0035  0.0080  0.2409  0.0057  0.0000  0.0165  0.0000  0.0000  0.0000
 0.0798  0.0000  0.0152  0.0649  0.0312  0.0122  0.0688  0.0168  0.0435  0.0350  0.0464  0.0132  1.0000  0.0304  0.0223  0.0239  0.0677  0.0588  0.2276  0.0047  0.0000  0.0118  0.0000  0.0000  0.0000
 0.1289  0.0000  0.3057  0.0537  0.0335  0.0130  0.0406  0.0153  0.0371  0.0507  0.0346  0.0187  0.0965  0.0637  0.1374  0.0321  0.7299  1.0000  0.0598  0.0084  0.0000  0.0149  0.0000  0.0000  0.0000
 0.0322  0.0000  0.0088  0.1384  0.0106  1.0000  0.0091  0.0063  0.1370  0.0105  0.9467  0.0895  0.0092  0.0136  0.0148  0.0099  0.0121  0.0186  0.0789  0.0233  0.0000  0.0701  0.0000  0.0000  0.0000
 0.5746  0.0000  0.0807  0.2816  0.1339  0.0394  0.3990  0.0619  0.0771  0.1563  0.0937  0.0473  0.3479  0.2068  0.1150  0.0958  0.9708  1.0000  0.2002  0.0211  0.0000  0.0497  0.0000  0.0000  0.0000
 0.0395  0.0000  0.0096  0.2493  0.0893  0.0085  0.4360  1.0000  0.0042  0.0564  0.0091  0.0033  0.6006  0.0320  0.0379  0.0287  0.1625  0.0731  0.0068  0.0043  0.0000  0.0444  0.0000  0.0000  0.0000
 0.0021  0.0000  0.0005  0.0003  0.0005  0.2649  0.0004  0.0004  0.0265  0.0958  1.0000  0.0072  0.0005  0.0009  0.0011  0.0007  0.0006  0.0012  0.0059  0.0007  0.0000  0.0007  0.0000  0.0000  0.0000
 0.0015  0.0000  0.0004  0.0002  0.0004  0.0853  0.0003  0.0003  0.0068  0.0005  1.0000  0.0045  0.0003  0.0006  0.0007  0.0005  0.1124  0.0008  0.0126  0.0006  0.0000  0.0011  0.0000  0.0000  0.0000
 0.0058  0.0000  0.0006  0.1327  0.0085  0.0012  0.0048  1.0000  0.0024  0.3114  0.0056  0.0019  0.0068  0.0046  0.1733  0.1504  0.0052  0.0062  0.0032  0.0009  0.0000  0.0143  0.0000  0.0000  0.0000
 0.0076  0.0000  0.0002  0.0003  0.0002  0.0001  0.0009  0.0001  0.0002  0.0003  0.0003  0.0001  0.0004  0.0005  0.0002  0.0002  0.0018  1.0000  0.0004  0.0001  0.0000  0.0001  0.0000  0.0000  0.0000
 0.3708  0.0000  0.0957  0.1152  0.1461  0.6319  0.1761  0.2806  0.2094  0.1586  0.3764  0.1170  0.1758  0.1169  0.1920  0.1843  0.6073  1.0000  0.2691  0.1277  0.0000  0.6705  0.0000  0.0000  0.0000
 0.0000  0.0000  1.0000  0.0000  0.0000  0.0000  0.0000  0.0000  0.0000  0.0000  0.0000  0.0000  0.0000  0.0000  0.0000  0.0000  0.0000  0.0000  0.0000  0.0000  0.0000  0.0000  0.0000  0.0000  0.0000
 0.0000  0.0000  0.0000  0.0000  0.0000  0.0000  1.0000  0.0000  0.0000  0.0000  0.0000  0.0000  0.0000  0.0000  0.0000  0.0000  0.0000  0.0000  0.0000  0.0000  0.0000  0.0000  0.0000  0.0000  0.0000
 0.0017  0.0000  0.0004  0.0007  0.0005  0.0002  0.0005  0.0002  0.0005  0.0007  0.0005  0.0003  0.0013  0.0009  0.0005  0.0047  0.6197  1.0000  0.0008  0.0001  0.0000  0.0002  0.0000  0.0000  0.0000
 0.0176  0.0000  0.0014  0.0013  0.0014  0.1093  0.0077  0.0003  0.0012  0.0015  0.0028  0.0009  0.0010  1.0000  0.0010  0.0011  0.0067  0.0025  0.0027  0.0011  0.0000  0.0038  0.0000  0.0000  0.0000
 1.0000  0.0000  0.0478  0.0781  0.0536  0.0190  0.2850  0.0171  0.0213  0.0569  0.0459  0.0214  0.7404  0.2475  0.0391  0.0383  0.2765  0.1007  0.0771  0.0073  0.0000  0.0180  0.0000  0.0000  0.0000
 0.0002  0.0000  0.0001  0.0000  0.0000  0.0081  0.0000  0.0000  0.0003  0.0000  0.0008  0.0002  0.0000  0.0001  0.0000  0.0000  0.0001  0.0001  0.0003  0.0008  0.0000  1.0000  0.0000  0.0000  0.0000
 0.6444  0.0000  0.0031  0.0009  0.0023  0.0018  0.0019  0.0006  0.0146  0.0023  0.0250  0.0033  0.0012  0.0037  0.0018  0.0014  0.0037  0.0102  1.0000  0.0003  0.0000  0.0006  0.0000  0.0000  0.0000
 1.0000  0.0000  0.1077  0.0004  0.0005  0.0002  0.0029  0.0001  0.0002  0.0005  0.0005  0.0002  0.0003  0.0013  0.0003  0.0004  0.0310  0.0009  0.0008  0.0001  0.0000  0.0001  0.0000  0.0000  0.0000
 0.0000  0.0000  0.0000  0.0000  0.0000  0.0000  0.0000  0.0000  0.0000  0.0000  0.0000  0.0000  0.0000  1.0000  0.0000  0.0000  0.0000  0.0000  0.0000  0.0000  0.0000  0.0000  0.0000  0.0000  0.0000
 0.0000  0.0000  0.0000  0.0000  1.0000  0.0000  0.0000  0.0000  0.0000  0.0000  0.0000  0.0000  0.0000  0.0000  0.0000  0.0000  0.0000  0.0000  0.0000  0.0000  0.0000  0.0000  0.0000  0.0000  0.0000
 0.0003  0.0000  0.0001  0.0001  0.0001  0.0004  0.0001  0.0000  0.1902  0.0001  0.1010  0.0004  0.0001  0.0001  0.0000  0.0001  0.0001  0.0003  1.0000  0.0001  0.0000  0.0002  0.0000  0.0000  0.0000
 0.0019  0.0000  0.0005  0.0003  0.0005  0.2065  0.0004  0.0003  1.0000  0.0007  0.9085  0.0059  0.0005  0.0007  0.0009  0.0006  0.0006  0.0012  0.0269  0.0006  0.0000  0.0008  0.0000  0.0000  0.0000
 0.4007  0.0000  0.0085  0.1340  0.3281  0.0079  0.2410  0.0193  0.0298  0.1709  0.2143  0.0589  0.4771  0.0437  0.3864  0.2043  1.0000  0.1248  0.0454  0.0027  0.0000  0.0060  0.0000  0.0000  0.0000
 0.0355  0.0000  0.0086  0.5876  0.0529  0.0073  1.0000  0.1022  0.0036  0.3303  0.0082  0.0029  0.4426  0.0290  0.0348  0.4237  0.1238  0.0380  0.0060  0.0038  0.0000  0.0196  0.0000  0.0000  0.0000
 0.0047  0.0000  0.0005  0.0009  0.0066  0.0010  0.0144  0.0042  0.0020  1.0000  0.1691  0.0016  0.0532  0.0037  0.1090  0.1794  0.0039  0.0051  0.0027  0.0007  0.0000  0.0021  0.0000  0.0000  0.0000
 0.1334  0.0000  0.0050  0.3434  0.6484  0.0131  1.0000  0.0404  0.0169  0.2823  0.3178  0.0131  0.0988  0.2218  0.1707  0.0734  0.0865  0.0642  0.0315  0.0066  0.0000  0.0206  0.0000  0.0000  0.0000
 0.0002  0.0000  0.0001  0.0001  0.0001  0.0035  0.0002  0.0000  0.0061  0.0000  0.0008  0.0002  0.0000  0.0001  0.0000  0.0000  0.0001  0.0001  0.0003  0.0008  0.0000  1.0000  0.0000  0.0000  0.0000
 0.2888  0.0000  0.0014  1.0000  0.0310  0.0013  0.0215  0.0237  0.0007  0.0091  0.0015  0.0005  0.2071  0.0052  0.0066  0.0044  0.0518  0.0066  0.0012  0.0007  0.0000  0.0033  0.0000  0.0000  0.0000
 0.0602  0.0000  0.0009  0.0007  0.0008  0.0003  1.0000  0.0001  0.0004  0.0008  0.0008  0.0004  0.0006  0.1117  0.0006  0.0006  0.0044  0.0015  0.0014  0.0001  0.0000  0.0003  0.0000  0.0000  0.0000
 1.0000  0.0000  0.0342  0.0413  0.0323  0.1536  0.1786  0.0095  0.0197  0.0369  0.0363  0.0357  0.0327  0.4681  0.0265  0.0266  0.2667  0.1693  0.0700  0.0061  0.0000  0.0153  0.0000  0.0000  0.0000
 0.4380  0.0000  0.0251  0.1361  0.8001  0.0186  0.0849  0.0297  0.1024  1.0000  0.3483  0.1183  0.1097  0.0992  0.1329  0.1214  0.1890  0.3411  0.2391  0.0055  0.0000  0.0125  0.0000  0.0000  0.0000
 1.0000  0.0000  0.0027  0.0019  0.0023  0.0010  0.0256  0.0004  0.0012  0.0026  0.0025  0.0012  0.0016  0.0067  0.0018  0.0018  0.2583  0.0046  0.7152  0.0004  0.0000  0.0008  0.0000  0.0000  0.0000
 0.0000  0.0000  0.0000  1.0000  0.0000  0.0000  0.0000  0.0000  0.0000  0.0000  0.0000  0.0000  0.0000  0.0000  0.0000  0.0000  0.0000  0.0000  0.0000  0.0000  0.0000  0.0000  0.0000  0.0000  0.0000
 0.0018  0.0000  0.0005  0.0003  0.0005  0.0022  0.0006  0.0001  0.9060  0.0007  0.4641  0.0424  0.0004  0.0004  0.0003  0.0005  0.0006  0.2832  1.0000  0.0003  0.0000  0.0009  0.0000  0.0000  0.0000
 0.0000  0.0000  0.0000  0.0000  0.0000  0.0000  0.0000  0.0000  0.0000  0.0000  0.0000  0.0000  0.0000  0.0000  0.0000  0.0000  0.0000  0.0000  0.0000  1.0000  0.0000  0.0000  0.0000  0.0000  0.0000
 0.0014  0.0000  0.0002  0.0003  0.0002  0.0001  0.0006  0.0001  0.0002  0.0003  0.0002  0.0001  0.0005  0.0057  0.0002  0.0002  1.0000  0.0109  0.0004  0.0000  0.0000  0.0001  0.0000  0.0000  0.0000
 0.0029  0.0000  1.0000  0.0003  0.0004  0.0031  0.0011  0.0003  0.0058  0.0006  0.1386  0.1229  0.0004  0.0009  0.0007  0.0005  0.0177  0.0011  0.0035  0.0004  0.0000  0.0005  0.0000  0.0000  0.0000
 0.0000  0.0000  0.0000  0.0000  0.0000  0.0000  1.0000  0.0000  0.0000  0.0000  0.0000  0.0000  0.0000  0.0000  0.0000  0.0000  0.0000  0.0000  0.0000  0.0000  0.0000  0.0000  0.0000  0.0000  0.0000
 0.0004  0.0000  0.0001  0.0001  0.0001  0.0003  0.0001  0.0000  0.0732  0.0001  0.0014  0.0003  0.0001  0.0001  0.0000  0.0001  0.0001  0.0003  1.0000  0.0000  0.0000  0.0001  0.0000  0.0000  0.0000
 0.0002  0.0000  0.0001  0.0001  0.0001  0.0003  0.0001  0.0000  1.0000  0.0001  0.0015  0.0003  0.0001  0.0000  0.0000  0.0001  0.0001  0.0003  0.0963  0.0000  0.0000  0.0001  0.0000  0.0000  0.0000
 0.0000  0.0000  0.0000  0.0000  0.0000  0.0000  0.0000  0.0000  0.0000  0.0000  1.0000  0.0000  0.0000  0.0000  0.0000  0.0000  0.0000  0.0000  0.0000  0.0000  0.0000  0.0000  0.0000  0.0000  0.0000
 0.0004  0.0000  0.0002  0.0001  0.0001  0.6468  0.0001  0.0000  0.0008  0.0000  0.0020  0.0004  0.0000  0.0001  0.0000  0.0000  0.0003  0.0002  0.0008  0.0019  0.0000  1.0000  0.0000  0.0000  0.0000
 0.3128  0.0000  0.0022  0.0007  0.0017  0.0011  0.0014  0.0004  0.0099  0.0017  0.0069  0.0022  0.0009  0.0027  0.0013  0.0010  0.0031  0.2736  1.0000  0.0002  0.0000  0.0004  0.0000  0.0000  0.0000
 0.0003  0.0000  0.0001  0.0000  0.0001  0.0117  0.0001  0.0001  0.0015  0.0001  1.0000  0.0070  0.0001  0.0001  0.0002  0.0001  0.0001  0.0002  0.0008  0.0001  0.0000  0.0001  0.0000  0.0000  0.0000
 0.0195  0.0000  0.0008  0.0003  0.0007  0.0050  0.0004  0.0004  0.0108  0.0009  1.0000  0.6798  0.0314  0.0011  0.0011  0.0007  0.0008  0.0022  0.4701  0.0006  0.0000  0.0007  0.0000  0.0000  0.0000
 1.0000  0.0000  0.3138  0.0014  0.0017  0.0008  0.0102  0.0003  0.0017  0.0019  0.0024  0.0010  0.0012  0.0048  0.0013  0.0013  0.1333  0.0039  0.1921  0.0003  0.0000  0.0006  0.0000  0.0000  0.0000
 0.1213  0.0000  0.0003  0.0003  0.0003  0.0001  1.0000  0.0001  0.0002  0.0003  0.0003  0.0002  0.0002  0.0009  0.0002  0.0003  0.0017  0.0006  0.0006  0.0001  0.0000  0.0001  0.0000  0.0000  0.0000
 0.0950  0.0000  0.0321  0.0244  0.0324  0.2995  0.0391  0.0936  0.0466  0.0547  0.0768  0.0261  0.0366  0.0244  0.0350  0.2140  0.2449  0.2873  0.0594  0.0218  0.0000  1.0000  0.0000  0.0000  0.0000
 0.0000  0.0000  0.0000  0.0000  0.0000  0.0000  0.0000  0.0000  0.0000  0.0000  1.0000  0.0000  0.0000  0.0000  0.0000  0.0000  0.0000  0.0000  0.0000  0.0000  0.0000  0.0000  0.0000  0.0000  0.0000
 0.0000  0.0000  0.0000  0.0000  0.0000  0.0000  0.0000  0.0000  0.0000  0.0000  0.0000  0.0000  0.0000  1.0000  0.0000  0.0000  0.0000  0.0000  0.0000  0.0000  0.0000  0.0000  0.0000  0.0000  0.0000
 0.0000  0.0000  0.0000  0.0000  0.0000  1.0000  0.0000  0.0000  0.0000  0.0000  0.0000  0.0000  0.0000  0.0000  0.0000  0.0000  0.0000  0.0000  0.0000  0.0000  0.0000  0.0000  0.0000  0.0000  0.0000
 0.0073  0.0000  0.0092  1.0000  0.3242  0.0011  0.0145  0.3259  0.0012  0.0097  0.0097  0.0008  0.0766  0.0046  0.1817  0.0285  0.0290  0.0062  0.0019  0.0005  0.0000  0.0025  0.0000  0.0000  0.0000
 0.0024  0.0000  0.0123  1.0000  0.2522  0.0003  0.1384  0.0013  0.0002  0.0021  0.0004  0.0002  0.0067  0.0014  0.0018  0.0010  0.0036  0.0015  0.0004  0.0001  0.0000  0.0007  0.0000  0.0000  0.0000
 0.4676  0.0000  0.0231  0.5514  1.0000  0.0215  0.1644  0.0524  0.0997  0.5234  0.1659  0.0659  0.2474  0.4468  0.6503  0.2770  0.8343  0.5813  0.1725  0.0074  0.0000  0.0163  0.0000  0.0000  0.0000
 0.0008  0.0000  0.0002  0.0979  0.0011  0.0002  0.0026  0.0888  0.0001  0.0010  0.0002  0.0001  1.0000  0.0006  0.0007  0.0005  0.0340  0.0453  0.0001  0.0001  0.0000  0.0004  0.0000  0.0000  0.0000
 0.0007  0.0000  0.0002  0.0001  0.0002  0.0014  0.0003  0.0001  0.4672  0.0003  1.0000  0.0016  0.0002  0.0002  0.0002  0.0003  0.0003  0.0007  0.1447  0.0002  0.0000  0.0004  0.0000  0.0000  0.0000
 0.4307  0.0000  0.0856  0.0198  0.0638  0.0487  0.0007  0.0163  0.4627  0.1736  0.3374  0.3640  0.0296  0.2463  0.0480  0.0358  0.0616  0.3191  1.0000  0.0079  0.0000  0.0139  0.0000  0.0000  0.0000
 0.7781  0.0000  0.0347  0.4247  1.0000  0.0323  0.2600  0.0907  0.1286  0.7896  0.1959  0.0687  0.5943  0.1781  0.3826  0.3499  0.5873  0.6435  0.2563  0.0111  0.0000  0.0245  0.0000  0.0000  0.0000
 0.0005  0.0000  0.0001  0.0001  0.0001  0.0013  0.0001  0.0001  0.0025  0.0002  1.0000  0.3528  0.0001  0.0002  0.0003  0.0002  0.0001  0.0003  0.0014  0.0002  0.0000  0.0002  0.0000  0.0000  0.0000
 0.0013  0.0000  0.0003  0.0002  0.0004  0.3156  0.0003  0.0003  0.0059  0.0321  0.1717  0.0039  0.0004  0.0006  0.0007  0.0007  0.0004  0.0008  0.0033  0.0004  0.0000  1.0000  0.0000  0.0000  0.0000
 0.0369  0.0000  0.0003  0.0325  0.0277  0.0003  0.0022  0.0010  0.0011  1.0000  0.0084  0.0006  0.0254  0.0017  0.0038  0.7285  0.0698  0.0166  0.0016  0.0002  0.0000  0.0004  0.0000  0.0000  0.0000
 0.0011  0.0000  0.0001  0.0002  0.2210  0.0002  0.0008  0.0010  0.0057  1.0000  0.0190  0.0004  0.0010  0.0008  0.0026  0.0466  0.0009  0.0012  0.0006  0.0002  0.0000  0.0005  0.0000  0.0000  0.0000
 0.0036  0.0000  0.0008  0.0003  0.0006  0.0014  0.0004  0.0001  1.0000  0.0008  0.0081  0.0128  0.0004  0.0007  0.0004  0.1010  0.0008  0.1263  0.1081  0.0002  0.0000  0.0006  0.0000  0.0000  0.0000
 0.5526  0.0000  0.1919  0.2574  0.3519  0.6884  0.3644  0.5254  0.3891  0.3694  0.6359  0.2163  0.3384  0.2166  0.3607  0.3776  0.4843  0.4303  0.5281  0.1746  0.0000  1.0000  0.0000  0.0000  0.0000
 0.2166  0.0000  0.0025  0.0735  0.0445  0.0028  0.0280  0.0080  0.0089  1.0000  0.1960  0.0054  0.0232  0.0138  0.0423  0.3628  0.0790  0.0377  0.0133  0.0013  0.0000  0.0032  0.0000  0.0000  0.0000
 0.0686  0.0000  0.0073  0.0900  0.3598  0.0049  1.0000  0.0193  0.0037  0.0342  0.0081  0.0032  0.1459  0.0231  0.0221  0.2035  0.0851  0.0251  0.0091  0.0024  0.0000  0.0104  0.0000  0.0000  0.0000
 1.0000  0.0000  0.0026  0.0020  0.0024  0.0074  0.5258  0.0007  0.1639  0.0031  0.0501  0.0067  0.0021  0.0040  0.0017  0.0026  0.0086  0.0066  0.3950  0.0011  0.0000  0.0805  0.0000  0.0000  0.0000
 0.1437  0.0000  0.0187  0.4935  1.0000  0.0869  0.0765  0.0657  0.3109  0.4294  0.0844  0.0396  0.0919  0.0542  0.2880  0.0987  0.1743  0.3911  0.0729  0.0140  0.0000  0.0795  0.0000  0.0000  0.0000
 0.0004  0.0000  0.0002  0.0001  0.0001  1.0000  0.0001  0.0000  0.0116  0.0000  0.0020  0.0004  0.0000  0.0001  0.0000  0.0000  0.0003  0.0002  0.0387  0.0019  0.0000  0.4468  0.0000  0.0000  0.0000
 0.6751  0.0000  0.0501  0.5498  0.8999  0.0576  0.3384  0.1279  0.1711  1.0000  0.2841  0.1157  0.4556  0.3975  0.5273  0.7174  0.7902  0.7648  0.2706  0.0188  0.0000  0.0564  0.0000  0.0000  0.0000
 0.2000  0.0000  1.0000  0.0111  0.0148  0.1822  0.0178  0.0293  0.2978  0.0157  0.3138  0.0120  0.0166  0.0585  0.0159  0.0188  0.0638  0.0536  0.0851  0.0446  0.0000  0.1200  0.0000  0.0000  0.0000
 0.0194  0.0000  0.0006  0.0014  0.0008  0.0003  0.0038  0.0003  0.0003  0.0009  0.0006  0.0003  0.1112  1.0000  0.0006  0.0006  0.0033  0.0012  0.0010  0.0001  0.0000  0.0003  0.0000  0.0000  0.0000
 0.9799  0.0000  0.2044  0.6087  0.9224  0.7641  0.5586  0.6116  0.4945  0.8891  0.8469  0.2778  0.6486  0.4641  0.6824  0.7302  0.9878  0.7538  0.6608  0.1866  0.0000  1.0000  0.0000  0.0000  0.0000
 0.0082  0.0000  0.0028  0.0033  0.0044  0.0535  0.0131  0.2193  0.0144  0.0047  0.0104  0.0035  0.0050  0.0033  0.0047  0.0056  0.0314  0.1498  0.0081  1.0000  0.0000  0.2390  0.0000  0.0000  0.0000
 0.0042  0.0000  0.0011  0.0005  0.0011  1.0000  0.0008  0.0008  0.2338  0.0014  0.4541  0.2594  0.0010  0.0018  0.0022  0.0014  0.0012  0.0923  0.0117  0.0013  0.0000  0.0015  0.0000  0.0000  0.0000
 0.0244  0.0000  0.0005  0.0017  0.0008  0.0003  0.0014  0.0055  0.0006  0.0011  0.0006  0.0003  0.0476  0.1046  0.0008  0.0007  1.0000  0.0191  0.0011  0.0002  0.0000  0.0003  0.0000  0.0000  0.0000
 0.3675  0.0000  0.0464  0.0973  0.1526  0.2429  0.0917  0.0501  0.0498  0.2784  0.1605  0.0281  0.0862  1.0000  0.5351  0.1207  0.6978  0.5959  0.1611  0.0138  0.0000  0.0674  0.0000  0.0000  0.0000
 0.1555  0.0000  0.0058  0.5749  1.0000  0.0117  0.5149  0.0302  0.0225  0.1484  0.0878  0.0151  0.0743  0.1404  0.1779  0.0568  0.2051  0.0834  0.0397  0.0051  0.0000  0.0141  0.0000  0.0000  0.0000
 1.0000  0.0000  0.4002  0.0033  0.0106  0.0090  0.0006  0.0027  0.0934  0.0105  0.2839  0.0325  0.0050  0.0151  0.0081  0.0060  0.0698  0.0497  0.4343  0.0014  0.0000  0.0024  0.0000  0.0000  0.0000
 0.0905  0.0000  0.0021  0.0238  0.2890  0.0020  0.0147  0.0050  0.0651  1.0000  0.0119  0.0488  0.0436  0.0107  0.0232  0.8980  0.0861  0.1569  0.1364  0.0007  0.0000  0.0017  0.0000  0.0000  0.0000
 0.0532  0.0000  0.0102  0.6874  0.0870  0.0095  0.1413  0.1096  0.0089  0.7204  0.0183  0.0064  0.9189  0.0384  0.0575  1.0000  0.5110  0.1182  0.0136  0.0051  0.0000  0.0234  0.0000  0.0000  0.0000
 0.0004  0.0000  0.0001  0.0000  0.0001  0.0427  0.0001  0.0001  0.0018  0.0001  1.0000  0.0065  0.0001  0.0002  0.0002  0.0001  0.0001  0.0002  0.0108  0.0001  0.0000  0.0001  0.0000  0.0000  0.0000
 0.0007  0.0000  0.0002  0.0001  0.0002  0.0016  0.0003  0.0001  1.0000  0.0003  0.6084  0.0222  0.0002  0.0002  0.0002  0.0003  0.0003  0.0007  0.1534  0.0002  0.0000  0.0004  0.0000  0.0000  0.0000
 0.7193  0.0000  0.2034  0.3416  0.4852  0.7085  0.4060  0.6099  0.4418  0.6839  0.8256  0.2657  0.4332  0.3880  0.4437  0.4927  0.7089  0.6550  0.5652  0.1856  0.0000  1.0000  0.0000  0.0000  0.0000
 0.0014  0.0000  0.0001  0.0003  0.0019  0.0003  0.0010  0.0367  0.0006  0.4972  0.0014  0.0005  0.0361  0.0011  0.2383  1.0000  0.0061  0.0015  0.0008  0.0002  0.0000  0.0006  0.0000  0.0000  0.0000
 0.0034  0.0000  0.0009  0.0004  0.0009  0.2087  0.0007  0.0007  1.0000  0.0011  0.6432  0.5662  0.0008  0.0014  0.0017  0.0011  0.0009  0.0376  0.0096  0.0011  0.0000  0.0012  0.0000  0.0000  0.0000
 0.0003  0.0000  0.0001  0.0000  0.0001  0.0008  0.0001  0.0001  0.0154  0.0001  1.0000  0.0098  0.0001  0.0001  0.0002  0.0001  0.0001  0.0002  0.0008  0.0001  0.0000  0.0001  0.0000  0.0000  0.0000
 0.2834  0.0000  0.0253  1.0000  0.6748  0.0582  0.1624  0.1151  0.0787  0.4283  0.2186  0.0473  0.2246  0.1324  0.3118  0.3804  0.2495  0.2457  0.3682  0.0199  0.0000  0.0802  0.0000  0.0000  0.0000
 0.0027  0.0000  0.0002  0.3347  0.0659  0.0003  0.0036  0.0082  0.0003  0.0327  0.0006  0.0002  1.0000  0.0469  0.1330  0.0011  0.0032  0.0017  0.0006  0.0002  0.0000  0.0007  0.0000  0.0000  0.0000
 0.0555  0.0000  0.0004  0.0003  0.0003  0.0001  0.0020  0.0001  0.0002  0.0004  0.0004  0.0002  0.0002  1.0000  0.0002  0.0003  0.0578  0.0007  0.0036  0.0000  0.0000  0.0001  0.0000  0.0000  0.0000
 0.7416  0.0000  0.0536  0.6156  1.0000  0.0486  0.3707  0.1183  0.1854  0.9189  0.3029  0.1392  0.5062  0.2674  0.5807  0.5237  0.7420  0.5818  0.2885  0.0167  0.0000  0.0369  0.0000  0.0000  0.0000
 0.0167  0.0000  0.0023  0.0047  0.0167  0.0029  0.0093  0.0103  0.0219  0.7979  0.0126  0.0045  0.0477  0.0115  0.0600  0.1290  0.0983  1.0000  0.0090  0.0021  0.0000  0.0056  0.0000  0.0000  0.0000
 0.0000  0.0000  0.0000  0.0000  0.0000  0.0000  0.0000  0.0000  0.0000  0.0000  0.0000  0.0000  0.0000  0.0000  0.0000  1.0000  0.0000  0.0000  0.0000  0.0000  0.0000  0.0000  0.0000  0.0000  0.0000
 0.2326  0.0000  0.0015  0.0012  0.0015  0.0323  0.1028  0.0007  1.0000  0.0021  0.0352  0.0854  0.0015  0.0011  0.0009  0.0019  0.0025  0.0049  0.1263  0.0011  0.0000  0.0317  0.0000  0.0000  0.0000
 0.0065  0.0000  0.0003  0.0007  0.0006  0.0002  0.0005  0.0003  0.0005  0.0383  0.0005  0.0003  0.0145  0.0166  0.0094  0.0145  0.1872  1.0000  0.0008  0.0001  0.0000  0.0002  0.0000  0.0000  0.0000
 0.0400  0.0000  0.0005  0.0001  0.0004  0.0150  0.0001  0.0001  1.0000  0.0004  0.1413  0.0504  0.0002  0.0084  0.0003  0.0003  0.0004  0.0162  0.1225  0.0001  0.0000  0.0002  0.0000  0.0000  0.0000
 0.7386  0.0000  0.0136  0.3185  0.8800  0.0358  0.0971  0.0310  0.0478  0.3440  0.3952  0.0270  0.1263  1.0000  0.1872  0.3185  0.5436  0.1941  0.0979  0.0044  0.0000  0.0097  0.0000  0.0000  0.0000
 0.0540  0.0000  0.0003  0.2748  1.0000  0.0007  0.0664  0.0018  0.0015  0.2961  0.0026  0.0010  0.0043  0.0042  0.4734  0.0699  0.0059  0.0049  0.0231  0.0003  0.0000  0.0008  0.0000  0.0000  0.0000
 0.0002  0.0000  0.0001  0.0001  0.0001  0.0004  0.0001  0.0000  1.0000  0.0001  0.0972  0.0004  0.0001  0.0000  0.0000  0.0001  0.0001  0.0003  0.1557  0.0001  0.0000  0.0002  0.0000  0.0000  0.0000
 0.1073  0.0000  0.0366  0.0420  0.0588  0.1693  0.0685  0.1325  0.3692  0.3745  0.9351  1.0000  0.0647  0.0441  0.0868  0.8655  0.0833  0.0829  0.2620  0.0385  0.0000  0.2753  0.0000  0.0000  0.0000
 0.0245  0.0000  0.0011  0.1601  1.0000  0.0010  0.0141  0.0025  0.0038  0.4277  0.0248  0.0116  0.0867  0.0056  0.2009  0.3209  0.0319  0.0204  0.0211  0.0003  0.0000  0.0008  0.0000  0.0000  0.0000
 0.0187  0.0000  0.0141  1.0000  0.0169  0.0031  0.0375  0.5256  0.0039  0.0373  0.0048  0.0022  0.5362  0.0126  0.0123  0.0095  0.2483  0.1166  0.0600  0.0017  0.0000  0.0066  0.0000  0.0000  0.0000
 0.2058  0.0000  0.0246  0.2696  0.8433  0.0262  0.0950  0.0438  0.0394  0.2284  0.0772  0.0352  0.1153  1.0000  0.2553  0.5889  0.4960  0.2107  0.0705  0.0043  0.0000  0.0363  0.0000  0.0000  0.0000
 0.0000  0.0000  0.0000  0.0000  0.0000  0.0000  0.0000  0.0000  0.0000  0.0000  0.0000  0.0000  0.0000  0.0000  0.0000  0.0000  0.0000  0.0000  0.0000  1.0000  0.0000  0.0000  0.0000  0.0000  0.0000
 0.0008  0.0000  0.0002  0.0001  0.0002  1.0000  0.0002  0.0001  0.0101  0.0002  0.0353  0.1820  0.0002  0.0003  0.0003  0.0002  0.0003  0.0005  0.0508  0.0008  0.0000  0.0254  0.0000  0.0000  0.0000
 0.0128  0.0000  0.0012  0.0037  0.0176  0.0024  0.0156  0.0098  0.0051  1.0000  0.2371  0.0039  0.0275  0.0091  0.2641  0.2376  0.0626  0.0286  0.0321  0.0017  0.0000  0.0049  0.0000  0.0000  0.0000
 0.0749  0.0000  0.0013  0.0436  0.0374  0.0012  0.0095  0.0030  0.0617  1.0000  0.0139  0.0067  0.0269  0.1092  0.0363  0.1012  0.0182  0.0428  0.0525  0.0004  0.0000  0.0010  0.0000  0.0000  0.0000
 0.4763  0.0000  0.1663  0.2055  0.2562  0.6933  0.3647  0.5247  0.3700  0.2728  0.6113  0.2074  0.2995  0.1939  0.2766  0.3346  0.3790  0.3707  0.4718  0.1780  0.0000  1.0000  0.0000  0.0000  0.0000
 0.4931  0.0000  0.1587  0.2284  0.3002  0.6655  0.3195  0.4838  0.3628  0.4928  0.8233  0.2049  0.3051  0.1954  0.4281  0.4030  0.4013  0.4001  0.5635  0.1636  0.0000  1.0000  0.0000  0.0000  0.0000
 0.0501  0.0000  0.0012  0.0313  0.1850  0.0096  0.0601  0.0027  0.0041  0.1311  0.0198  0.0023  0.0301  1.0000  0.0246  0.0384  0.0945  0.0215  0.0886  0.0004  0.0000  0.0008  0.0000  0.0000  0.0000
 0.5527  0.0000  0.0257  0.3295  1.0000  0.0240  0.1834  0.1075  0.0902  0.5796  0.1455  0.0692  0.2386  0.5585  0.3199  0.5882  0.4619  0.3044  0.2086  0.0083  0.0000  0.0182  0.0000  0.0000  0.0000
 0.9265  0.0000  0.1484  0.6446  1.0000  0.4562  0.5085  0.4154  0.3941  0.9509  0.6427  0.2161  0.5914  0.3512  0.6816  0.6429  0.8458  0.7102  0.5328  0.1214  0.0000  0.6135  0.0000  0.0000  0.0000
 0.7359  0.0000  0.0513  0.6481  1.0000  0.1801  0.3637  0.1183  0.1828  0.9559  0.3338  0.1003  0.4606  0.4944  0.5577  0.5103  0.6879  0.5341  0.3050  0.0180  0.0000  0.0464  0.0000  0.0000  0.0000
 0.4571  0.0000  0.0201  0.9082  1.0000  0.2149  0.1576  0.1315  0.0700  0.5181  0.1296  0.0396  0.3212  0.1223  0.3628  0.3205  0.7340  0.4085  0.1229  0.0067  0.0000  0.0536  0.0000  0.0000  0.0000
 0.8614  0.0000  0.1153  0.6386  1.0000  0.3186  0.4699  0.3253  0.3167  0.9486  0.5165  0.1784  0.5663  0.3219  0.6385  0.5990  0.8024  0.6583  0.4470  0.0865  0.0000  0.4497  0.0000  0.0000  0.0000
 0.1494  0.0000  0.0043  0.3419  1.0000  0.0043  0.0303  0.0099  0.0279  0.1710  0.0840  0.0085  0.0994  0.0343  0.0972  0.0417  0.1744  0.0456  0.0549  0.0015  0.0000  0.1219  0.0000  0.0000  0.0000
 0.8588  0.0000  0.1137  0.6770  1.0000  0.3227  0.4539  0.3164  0.3796  0.9091  0.5469  0.1822  0.5548  0.3556  0.6191  0.5813  0.8000  0.6656  0.4964  0.0859  0.0000  0.4207  0.0000  0.0000  0.0000
 0.7765  0.0000  0.0664  0.7069  1.0000  0.0490  0.3869  0.1268  0.1824  0.9517  0.2943  0.1032  0.5271  0.3091  0.5953  0.6748  0.7770  0.6237  0.3627  0.0168  0.0000  0.0449  0.0000  0.0000  0.0000
 0.8167  0.0000  0.0887  0.6362  1.0000  0.2370  0.4308  0.2325  0.2855  0.9264  0.5648  0.1687  0.5841  0.3508  0.6179  0.6169  0.8054  0.6352  0.4301  0.0568  0.0000  0.2571  0.0000  0.0000  0.0000
 0.2306  0.0000  0.0467  0.2928  0.2432  0.1628  0.1267  0.1727  0.2091  0.3100  1.0000  0.0774  0.1460  0.1021  0.1483  0.1637  0.2070  0.3348  0.2783  0.0434  0.0000  0.2661  0.0000  0.0000  0.0000
 0.0067  0.0000  0.0011  1.0000  0.4818  0.0237  0.0263  0.0389  0.0409  0.0070  0.0043  0.0015  0.0263  0.0028  0.0052  0.0191  0.0812  0.0051  0.0138  0.0009  0.0000  0.0044  0.0000  0.0000  0.0000
 0.8363  0.0000  0.0538  0.8777  1.0000  0.0669  0.3687  0.1309  0.1895  0.8832  0.3658  0.1039  0.4705  0.2616  0.5652  0.5046  0.7427  0.5848  0.3936  0.0200  0.0000  0.0568  0.0000  0.0000  0.0000
 0.4470  0.0000  0.1493  0.4685  0.3299  0.6152  0.2798  0.4941  0.6404  0.2685  0.6468  0.6849  0.2762  0.1839  0.3758  0.2958  0.3418  0.3328  1.0000  0.1559  0.0000  0.8677  0.0000  0.0000  0.0000
 0.6649  0.0000  0.2120  0.4015  0.4274  0.6741  0.3640  0.5471  0.4057  0.4015  0.6636  0.2236  0.3926  0.2354  0.3603  0.4007  0.4836  0.4535  0.5543  0.1777  0.0000  1.0000  0.0000  0.0000  0.0000
 1.0000  0.0000  0.0085  0.1917  0.2840  0.0237  0.0902  0.0194  0.0525  0.1460  0.0641  0.0167  0.0932  0.0432  0.5739  0.0990  0.4237  0.1557  0.1564  0.0028  0.0000  0.0066  0.0000  0.0000  0.0000
 0.8031  0.0000  0.1580  0.4050  0.5246  0.9675  0.3682  0.3837  0.5076  0.5477  0.7723  0.4256  0.4085  0.5174  0.3754  0.3890  0.5081  0.4969  1.0000  0.1231  0.0000  0.6502  0.0000  0.0000  0.0000
 0.7094  0.0000  0.1942  0.3764  0.5425  0.8025  0.4640  0.5807  0.4382  0.5295  0.7174  0.2445  0.4295  0.2796  0.4403  0.4823  0.6000  0.5583  0.5678  0.1866  0.0000  1.0000  0.0000  0.0000  0.0000
 0.1551  0.0000  0.0215  0.4484  0.1885  0.0236  0.0765  0.0182  0.0218  0.2157  0.0624  0.0123  1.0000  0.0268  0.0758  0.0506  0.6030  0.0663  0.0319  0.0041  0.0000  0.2667  0.0000  0.0000  0.0000
 0.7683  0.0000  0.1109  0.9307  1.0000  0.0385  0.3617  0.0937  0.2205  0.7609  0.2330  0.0817  0.3981  0.2118  0.4686  0.4050  0.9705  0.7265  0.3977  0.0133  0.0000  0.0292  0.0000  0.0000  0.0000
 0.5515  0.0000  0.0259  0.3743  0.6835  0.0341  0.1839  0.0823  0.2808  0.4976  0.1559  0.0692  0.2810  0.2089  0.3224  0.4286  1.0000  0.4449  0.1955  0.0084  0.0000  0.0187  0.0000  0.0000  0.0000
 0.0984  0.0000  0.0043  0.4001  1.0000  0.0040  0.1214  0.0596  0.0151  0.4812  0.0243  0.0279  0.1840  0.0368  0.0973  0.0423  0.1211  0.0881  0.0849  0.0014  0.0000  0.0030  0.0000  0.0000  0.0000
 0.0751  0.0000  0.0018  0.3922  1.0000  0.0017  0.0131  0.0361  0.0064  0.1822  0.0300  0.0036  0.0170  0.0095  0.1684  0.3595  0.0252  0.0935  0.0356  0.0006  0.0000  0.0013  0.0000  0.0000  0.0000
 0.1558  0.0000  0.0590  0.2126  0.2063  0.2229  0.0996  1.0000  0.2863  0.1224  0.2033  0.0645  0.1458  0.0963  0.2271  0.1267  0.2332  0.1464  0.1646  0.0530  0.0000  0.4867  0.0000  0.0000  0.0000
 0.4189  0.0000  0.0227  0.3419  0.7109  0.0215  0.1609  0.4230  0.0793  0.4212  0.1815  0.1534  0.2350  0.1161  1.0000  0.3081  0.3985  0.2948  0.3135  0.0074  0.0000  0.0166  0.0000  0.0000  0.0000
 0.6781  0.0000  0.0594  0.5345  0.8880  0.0462  0.3585  0.1042  0.2116  0.7717  0.2543  0.0994  0.4598  0.2286  0.5161  0.4367  1.0000  0.5233  0.4720  0.0155  0.0000  0.0383  0.0000  0.0000  0.0000
 0.4918  0.0000  0.1050  0.1403  0.3677  0.0878  0.0732  0.0657  0.4355  0.1823  1.0000  0.1237  0.1082  0.1129  0.1287  0.1158  0.2571  0.6635  0.7957  0.0209  0.0000  0.0866  0.0000  0.0000  0.0000
 0.0800  0.0000  0.0055  0.0866  1.0000  0.0060  0.0662  0.0160  0.0188  0.2937  0.0312  0.0110  0.1319  0.0323  0.2274  0.0607  0.1672  0.0590  0.2304  0.0023  0.0000  0.0061  0.0000  0.0000  0.0000
 0.0104  0.0000  0.0030  0.0017  0.0025  0.0096  0.0030  0.0002  1.0000  0.0392  0.1015  0.0095  0.0021  0.0021  0.0013  0.0026  0.2150  0.0105  0.9531  0.0012  0.0000  0.0045  0.0000  0.0000  0.0000
 0.0387  0.0000  0.1213  0.0179  0.1090  0.0042  0.0117  0.0051  0.0124  0.0168  0.0114  0.0060  0.2345  0.0199  0.0130  0.0105  0.2570  1.0000  0.0556  0.0027  0.0000  0.0049  0.0000  0.0000  0.0000
 0.0058  0.0000  0.0011  0.0024  0.0015  0.0006  0.0020  0.0007  0.0016  0.0022  0.0015  0.0008  0.0042  0.0028  0.0017  0.0014  0.0849  1.0000  0.0026  0.0004  0.0000  0.0007  0.0000  0.0000  0.0000
//
