ID   UNK_ID; MATRIX
AC   UNK_AC
DE   UNK_DE
MA   UNK_BL
  A   B   C   D   E   F   G   H   I   K   L   M   N   P   Q   R   S   T   V   W   X   Y   Z   *   -
 0.0000  0.0000  0.0000  0.0000  0.0000  0.0000  0.0000  0.0000  0.0000  0.0000  0.0000  1.0000  0.0000  0.0000  0.0000  0.0000  0.0000  0.0000  0.0000  0.0000  0.0000  0.0000  0.0000  0.0000  0.0000
 0.0000  0.0000  0.0000  1.0000  0.0000  0.0000  0.0000  0.0000  0.0000  0.0000  0.0000  0.0000  0.0000  0.0000  0.0000  0.0000  0.0000  0.0000  0.0000  0.0000  0.0000  0.0000  0.0000  0.0000  0.0000
 0.6977  0.0000  0.1146  0.1982  0.2268  0.1974  0.2838  0.0946  0.8289  0.2660  0.6655  0.1747  0.2509  0.2270  0.1807  0.1882  0.7733  0.9365  1.0000  0.0472  0.0000  0.1565  0.0000  0.0000  0.0000
 0.0000  0.0000  0.0000  0.0000  0.0000  0.0000  0.0000  0.0000  0.0000  0.0000  0.0000  0.0000  0.0000  0.0000  0.0000  1.0000  0.0000  0.0000  0.0000  0.0000  0.0000  0.0000  0.0000  0.0000  0.0000
 1.0000  0.0000  0.0000  0.0000  0.0000  0.0000  0.0000  0.0000  0.0000  0.0000  0.0000  0.0000  0.0000  0.0000  0.0000  0.0000  0.0000  0.0000  0.0000  0.0000  0.0000  0.0000  0.0000  0.0000  0.0000
 0.1801  0.0000  0.0332  0.0752  0.1453  0.1980  0.0739  0.0592  0.3621  0.2200  1.0000  0.2257  0.0780  0.0766  0.1291  0.1768  0.1024  0.1247  0.2651  0.0312  0.0000  0.0714  0.0000  0.0000  0.0000
 0.0000  0.0000  0.0000  0.0000  0.0000  0.0000  0.0000  0.0000  0.0000  0.0000  1.0000  0.0000  0.0000  0.0000  0.0000  0.0000  0.0000  0.0000  0.0000  0.0000  0.0000  0.0000  0.0000  0.0000  0.0000
 0.0229  0.0000  0.0107  0.0048  0.0070  1.0000  0.0063  0.0039  0.0465  0.0030  0.1129  0.0235  0.0028  0.0090  0.0028  0.0033  0.0159  0.0149  0.0423  0.8608  0.0000  0.3590  0.0000  0.0000  0.0000
 0.6152  0.0000  0.0667  0.3518  0.2961  0.0571  0.9489  0.1020  0.0740  0.3701  0.1345  0.0518  0.3780  0.1996  0.2107  0.4079  1.0000  0.2967  0.1471  0.0215  0.0000  0.0787  0.0000  0.0000  0.0000
 0.5489  0.0000  0.0799  0.1370  0.1593  0.2399  0.2649  0.0759  0.4060  0.1980  1.0000  0.2291  0.1648  0.1752  0.1405  0.1503  0.4942  0.4521  0.3901  0.0459  0.0000  0.1290  0.0000  0.0000  0.0000
 1.0000  0.0000  0.3031  0.1330  0.1800  0.0862  0.3875  0.0675  0.1543  0.1939  0.1948  0.0708  0.1303  0.2049  0.1962  0.1378  0.4304  0.2776  0.3338  0.0251  0.0000  0.0957  0.0000  0.0000  0.0000
 0.0421  0.0000  0.0087  0.0070  0.0109  0.0422  0.0101  0.0059  0.0907  0.0154  1.0000  0.0494  0.0106  0.0142  0.0133  0.0126  0.0261  0.2021  0.0807  0.0059  0.0000  0.0105  0.0000  0.0000  0.0000
 0.0780  0.0000  0.0102  0.1787  0.4758  0.0114  0.1099  0.0439  0.0169  0.1588  0.0311  0.0113  1.0000  0.0482  0.0870  0.1533  0.1253  0.1786  0.0261  0.0061  0.0000  0.0229  0.0000  0.0000  0.0000
 0.2824  0.0000  0.0255  0.1588  0.3581  0.0384  0.1679  0.1266  0.0895  1.0000  0.1770  0.0604  0.2323  0.2234  0.3794  0.8692  0.3600  0.2803  0.1522  0.0224  0.0000  0.0646  0.0000  0.0000  0.0000
 0.1142  0.0000  0.0109  0.0235  0.1588  0.0231  0.0798  0.0984  0.0479  0.8240  0.1124  0.0372  0.1093  0.2711  0.3069  1.0000  0.0959  0.1894  0.0638  0.0173  0.0000  0.0496  0.0000  0.0000  0.0000
 0.0316  0.0000  0.0031  0.0059  0.0413  0.0062  0.0220  0.0262  0.0128  0.4099  0.0300  0.2639  0.0291  0.0236  0.0697  1.0000  0.1454  0.0333  0.0172  0.0046  0.0000  0.0133  0.0000  0.0000  0.0000
 0.7145  0.0000  0.0465  0.4645  0.7795  0.0491  0.3171  0.1228  0.1554  1.0000  0.2606  0.0911  0.4125  0.2625  0.5113  0.6755  0.6128  0.4736  0.2703  0.0196  0.0000  0.0505  0.0000  0.0000  0.0000
 0.7864  0.0000  0.0709  0.6292  1.0000  0.1218  0.4014  0.1738  0.2291  0.9283  0.3685  0.1299  0.5103  0.3045  0.6282  0.5503  0.7613  0.6122  0.3446  0.0359  0.0000  0.1412  0.0000  0.0000  0.0000
 0.5744  0.0000  0.1803  0.2635  0.3569  0.7094  0.3655  0.5619  0.4071  0.3819  0.7111  0.2565  0.3473  0.2263  0.3418  0.3900  0.4977  0.4375  0.5399  0.1852  0.0000  1.0000  0.0000  0.0000  0.0000
 0.6342  0.0000  0.0500  0.1367  0.2846  0.0277  0.2343  0.0322  0.0877  0.4850  0.1067  0.0400  0.0890  1.0000  0.1250  0.1298  0.3372  0.1841  0.5844  0.0099  0.0000  0.0240  0.0000  0.0000  0.0000
 0.7782  0.0000  0.0739  0.6384  1.0000  0.1235  0.4071  0.1914  0.2302  0.9394  0.3588  0.1250  0.5105  0.2846  0.5993  0.5425  0.7670  0.5910  0.3299  0.0363  0.0000  0.1477  0.0000  0.0000  0.0000
 0.7790  0.0000  0.0624  0.6192  1.0000  0.0658  0.3787  0.1286  0.2073  0.8867  0.3239  0.1106  0.4830  0.2878  0.5718  0.5021  0.7646  0.6345  0.3316  0.0218  0.0000  0.0598  0.0000  0.0000  0.0000
 0.8057  0.0000  0.0822  0.6357  1.0000  0.1733  0.4249  0.2143  0.2503  0.9449  0.4021  0.1397  0.5234  0.2974  0.6124  0.5749  0.7638  0.6113  0.3667  0.0496  0.0000  0.2163  0.0000  0.0000  0.0000
 0.2624  0.0000  0.0170  0.2328  0.3977  0.0161  1.0000  0.0390  0.0592  0.2941  0.0955  0.0335  0.2568  0.4081  0.2359  0.2237  0.4078  0.1815  0.1319  0.0055  0.0000  0.0126  0.0000  0.0000  0.0000
 0.7479  0.0000  0.0533  0.6200  1.0000  0.0514  0.3763  0.1214  0.1863  0.9182  0.3005  0.1116  0.4908  0.2718  0.5822  0.5190  0.7312  0.5686  0.2830  0.0175  0.0000  0.0404  0.0000  0.0000  0.0000
 0.3825  0.0000  0.0238  0.5840  0.5375  0.0245  0.1643  0.0551  0.0809  0.3945  0.1729  0.0458  0.2463  0.1208  1.0000  0.2214  0.5919  0.3423  0.1234  0.1068  0.0000  0.0213  0.0000  0.0000  0.0000
 0.1557  0.0000  0.0238  0.0553  0.0532  0.0255  0.0389  0.1862  0.0720  0.1172  0.0511  0.0218  1.0000  0.0543  0.0482  0.0447  0.8365  0.5338  0.3238  0.0101  0.0000  0.0322  0.0000  0.0000  0.0000
 0.9273  0.0000  0.1840  0.5809  0.9421  0.6492  0.5254  0.5590  0.4668  0.8607  1.0000  0.3058  0.6315  0.3631  0.6309  0.6428  0.9368  0.7963  0.6264  0.1672  0.0000  0.8709  0.0000  0.0000  0.0000
 0.2288  0.0000  0.0116  0.1905  0.3001  0.0110  0.0823  0.0659  0.2001  0.9588  0.0657  0.0230  0.1618  0.0596  0.2573  1.0000  0.1584  0.5838  0.0618  0.0038  0.0000  0.0086  0.0000  0.0000  0.0000
 1.0000  0.0000  0.0380  0.5016  0.9011  0.0355  0.3509  0.0863  0.1529  0.9249  0.3621  0.0753  0.3520  0.1952  0.4342  0.4680  0.5610  0.5762  0.6329  0.0122  0.0000  0.0269  0.0000  0.0000  0.0000
 0.0019  0.0000  0.0004  1.0000  0.0036  0.0004  0.0063  0.0019  0.0002  0.0026  0.0004  0.0002  0.0871  0.0015  0.2334  0.0013  0.0048  0.0019  0.0003  0.0002  0.0000  0.0010  0.0000  0.0000  0.0000
 0.0046  0.0000  0.0010  0.0016  0.0013  0.0011  0.0053  0.0007  0.0012  0.0014  0.0027  0.0572  0.0010  1.0000  0.0010  0.0015  0.0025  0.0015  0.0016  0.0007  0.0000  0.0009  0.0000  0.0000  0.0000
 0.1332  0.0000  0.0008  0.0195  1.0000  0.0009  0.0054  0.0019  0.0015  0.0080  0.0024  0.0011  0.0044  0.0060  0.0676  0.0026  0.2112  0.0354  0.0030  0.0005  0.0000  0.0011  0.0000  0.0000  0.0000
 0.3265  0.0000  0.0231  0.3400  1.0000  0.0216  0.1698  0.0524  0.0996  0.4305  0.2619  0.0457  0.2261  0.1185  0.2782  0.2413  0.4867  0.5218  0.1836  0.0074  0.0000  0.0164  0.0000  0.0000  0.0000
 0.1103  0.0000  0.0383  0.0445  0.1509  0.2184  0.0717  0.2062  0.5477  0.2453  1.0000  0.0480  0.0671  0.0447  0.1515  0.1380  0.0872  0.0853  0.3614  0.0401  0.0000  0.2426  0.0000  0.0000  0.0000
 0.0008  0.0000  0.0004  0.0001  0.0002  1.0000  0.0001  0.0000  0.0016  0.0000  0.0040  0.0008  0.0000  0.0003  0.0000  0.0000  0.0005  0.0005  0.0015  0.0037  0.0000  0.9638  0.0000  0.0000  0.0000
 0.1348  0.0000  0.0109  0.3682  0.4563  0.0103  0.0617  0.0229  0.0324  0.1495  0.0490  0.1023  0.0865  0.0562  0.3937  0.1014  0.2867  1.0000  0.1023  0.0043  0.0000  0.0097  0.0000  0.0000  0.0000
 0.1258  0.0000  0.0309  0.0153  0.0353  0.1669  0.0265  0.0168  0.8930  0.2999  1.0000  0.2261  0.0282  0.0389  0.0472  0.0814  0.0365  0.0991  0.8795  0.0208  0.0000  0.0383  0.0000  0.0000  0.0000
 0.0151  0.0000  0.0039  0.0019  0.0335  0.0403  0.0030  0.0030  0.1257  0.0053  1.0000  0.1071  0.0037  0.0064  0.3661  0.0052  0.0042  0.0088  0.0417  0.0047  0.0000  0.0050  0.0000  0.0000  0.0000
 0.0063  0.0000  0.0009  0.1184  1.0000  0.0189  0.0095  0.0948  0.0013  0.0070  0.0023  0.0008  0.1712  0.0041  0.0640  0.0031  0.0137  0.0270  0.0020  0.0007  0.0000  0.0199  0.0000  0.0000  0.0000
 0.0800  0.0000  0.3073  0.0170  0.4603  0.0162  0.0566  0.0694  0.0332  0.9703  0.0786  0.0260  0.0766  0.0618  0.1850  1.0000  0.0650  0.0837  0.0443  0.0122  0.0000  0.0350  0.0000  0.0000  0.0000
 0.0010  0.0000  0.0003  0.0002  0.0003  0.0019  0.0004  0.0001  1.0000  0.0004  0.6188  0.0021  0.0003  0.0003  0.0003  0.0004  0.0004  0.0011  0.1276  0.0002  0.0000  0.0006  0.0000  0.0000  0.0000
 0.0161  0.0000  0.0004  0.0004  0.0004  0.0002  1.0000  0.0001  0.0002  0.0005  0.0005  0.0002  0.0003  0.0011  0.0003  0.0004  0.0021  0.0007  0.0007  0.0001  0.0000  0.0002  0.0000  0.0000  0.0000
 0.0193  0.0000  0.0019  0.0082  0.2736  0.0034  0.2290  0.0139  0.0070  1.0000  0.0159  0.0053  0.0189  0.0133  0.0372  0.3776  0.3011  0.0566  0.0096  0.0024  0.0000  0.0070  0.0000  0.0000  0.0000
 0.0037  0.0000  0.0004  0.0007  0.0005  0.0002  1.0000  0.0002  0.0002  0.0006  0.0005  0.0002  0.0007  0.0012  0.0004  0.0004  0.0160  0.0007  0.0006  0.0001  0.0000  0.0002  0.0000  0.0000  0.0000
 0.0018  0.0000  0.0004  0.0008  0.0005  0.0002  0.0005  0.0002  0.0005  0.0007  0.0005  0.0003  0.0565  0.0009  0.0006  0.0005  1.0000  0.0527  0.0163  0.0001  0.0000  0.0002  0.0000  0.0000  0.0000
 0.0005  0.0000  0.0184  0.0001  0.0001  1.0000  0.0001  0.0000  0.0010  0.0000  0.0025  0.0005  0.0000  0.0002  0.0000  0.0000  0.0003  0.0003  0.0009  0.0023  0.0000  0.3116  0.0000  0.0000  0.0000
 0.0017  0.0000  0.0005  0.0012  0.0008  0.0004  1.0000  0.0005  0.0004  0.0010  0.0009  0.0002  0.0008  0.0018  0.0006  0.0150  0.0011  0.0007  0.0006  0.0004  0.0000  0.0004  0.0000  0.0000  0.0000
 0.2620  0.0000  0.0077  0.2950  1.0000  0.0073  0.0548  0.0177  0.0269  0.2708  0.0434  0.0152  0.0713  0.0401  0.0860  0.1508  0.3234  0.2482  0.1861  0.0025  0.0000  0.0056  0.0000  0.0000  0.0000
 0.0029  0.0000  0.0008  0.0010  0.0007  0.0005  0.0173  0.0004  0.0006  0.0007  0.0009  0.0003  0.0006  0.0016  0.0005  0.0008  0.0015  0.0009  1.0000  0.0004  0.0000  0.0005  0.0000  0.0000  0.0000
 0.0005  0.0000  0.0003  0.0001  0.0001  0.5297  0.0001  0.0000  0.0011  0.0000  0.0027  0.0005  0.0000  0.0002  0.0000  0.0000  0.0004  0.0003  0.0010  0.0025  0.0000  1.0000  0.0000  0.0000  0.0000
 0.0009  0.0000  0.0001  0.0002  0.0012  0.0002  0.0006  0.0008  0.0004  1.0000  0.0151  0.0003  0.0008  0.0007  0.0117  0.0050  0.0007  0.0009  0.0005  0.0001  0.0000  0.0126  0.0000  0.0000  0.0000
 0.7115  0.0000  0.0012  0.0009  0.0011  0.0005  1.0000  0.0002  0.0005  0.0012  0.0012  0.0005  0.0008  0.0030  0.0008  0.0008  0.0269  0.0261  0.0020  0.0002  0.0000  0.0004  0.0000  0.0000  0.0000
 0.0027  0.0000  0.0010  0.0008  0.0009  0.0735  0.0016  0.0002  1.0000  0.0574  0.0377  0.0042  0.0010  0.0005  0.0005  0.1202  0.0014  0.0034  0.2434  0.0006  0.0000  0.0306  0.0000  0.0000  0.0000
 0.0041  0.0000  0.0006  1.0000  0.1791  0.0006  0.0090  0.1861  0.0005  0.0053  0.0009  0.0004  0.0417  0.0030  0.0047  0.0587  0.0072  0.0033  0.0008  0.0003  0.0000  0.0015  0.0000  0.0000  0.0000
 0.0367  0.0000  0.0037  0.0067  0.0505  0.0086  0.0260  0.0419  0.0867  1.0000  0.1809  0.0125  0.7227  0.0286  0.0860  0.3177  0.0301  0.0392  0.0212  0.0059  0.0000  0.0285  0.0000  0.0000  0.0000
 0.1292  0.0000  0.0017  0.0748  0.2510  0.0016  0.0121  0.0527  0.0059  0.0804  0.0346  0.0034  0.0157  0.0087  0.1002  1.0000  0.0593  0.1375  0.0091  0.0006  0.0000  0.0012  0.0000  0.0000  0.0000
 0.0017  0.0000  0.0004  0.0103  0.0006  0.0002  0.0009  0.0003  0.0005  0.0008  0.0005  0.0003  0.0759  0.0009  0.0006  0.0005  0.1496  1.0000  0.0008  0.0001  0.0000  0.0003  0.0000  0.0000  0.0000
 0.0282  0.0000  0.0040  0.0497  0.0385  0.0055  1.0000  0.0250  0.0086  0.3479  0.0198  0.0066  0.2151  0.0214  0.6800  0.1345  0.0903  0.0504  0.0119  0.0037  0.0000  0.0126  0.0000  0.0000  0.0000
 0.2025  0.0000  0.0022  0.1031  1.0000  0.0021  0.0160  0.0670  0.0079  0.3514  0.0373  0.0044  0.0909  0.0115  0.7938  0.1110  0.0666  0.0837  0.0120  0.0007  0.0000  0.0016  0.0000  0.0000  0.0000
 0.1172  0.0000  0.0052  0.0013  0.0039  0.0029  0.0002  0.0010  0.5238  0.0039  0.2651  0.0056  0.0019  0.0252  0.0029  0.0022  0.1812  0.1553  1.0000  0.0005  0.0000  0.0009  0.0000  0.0000  0.0000
 0.0448  0.0000  0.0137  0.0001  0.0004  0.0003  0.0000  0.0001  0.0115  0.0004  0.0020  0.0006  0.0002  0.0006  0.0003  0.0002  0.0004  0.0020  1.0000  0.0001  0.0000  0.0001  0.0000  0.0000  0.0000
 1.0000  0.0000  0.0000  0.0000  0.0000  0.0000  0.0000  0.0000  0.0000  0.0000  0.0000  0.0000  0.0000  0.0000  0.0000  0.0000  0.0000  0.0000  0.0000  0.0000  0.0000  0.0000  0.0000  0.0000  0.0000
 0.0004  0.0000  0.0001  0.0001  0.0001  0.0005  0.0002  0.0000  1.0000  0.0001  0.0024  0.0004  0.0001  0.0001  0.0001  0.0001  0.0001  0.0004  0.1181  0.0001  0.0000  0.0002  0.0000  0.0000  0.0000
 0.0000  0.0000  0.0000  0.0000  0.0000  0.0000  0.0000  0.0000  0.0000  1.0000  0.0000  0.0000  0.0000  0.0000  0.0000  0.0000  0.0000  0.0000  0.0000  0.0000  0.0000  0.0000  0.0000  0.0000  0.0000
 0.2377  0.0000  0.0481  0.0118  0.0366  0.0414  0.0019  0.1925  1.0000  0.0377  0.3085  0.0694  0.0180  0.0517  0.2305  0.0225  0.0361  0.2322  0.7684  0.0062  0.0000  0.0108  0.0000  0.0000  0.0000
 0.0004  0.0000  0.0001  0.0001  0.0001  0.0005  0.0002  0.0000  1.0000  0.0002  0.0027  0.0005  0.0001  0.0001  0.0001  0.0001  0.0002  0.0005  0.1948  0.0001  0.0000  0.0002  0.0000  0.0000  0.0000
 0.0035  0.0000  0.0008  1.0000  0.0053  0.0007  0.0120  0.0036  0.0004  0.0586  0.0008  0.0003  0.0861  0.1522  0.0033  0.0024  0.1143  0.0038  0.0006  0.0004  0.0000  0.0018  0.0000  0.0000  0.0000
 0.0012  0.0000  0.0003  0.0002  0.0003  0.0023  0.0003  0.0002  0.0395  0.0004  1.0000  0.0028  0.0003  0.0004  0.0004  0.0003  0.0003  0.0009  0.3010  0.0003  0.0000  0.0004  0.0000  0.0000  0.0000
 0.0022  0.0000  0.0002  0.0044  1.0000  0.0003  0.0016  0.0005  0.0004  0.0018  0.0007  0.0002  0.0010  0.0015  0.0021  0.0007  0.0015  0.0845  0.0006  0.0002  0.0000  0.0004  0.0000  0.0000  0.0000
 0.0824  0.0000  0.0029  0.2338  1.0000  0.0059  0.0462  0.1093  0.0079  0.0637  0.0144  0.0056  0.3059  0.1076  0.1322  0.0225  0.5864  0.0330  0.0142  0.0028  0.0000  0.0096  0.0000  0.0000  0.0000
 1.0000  0.0000  0.0012  0.0018  0.0013  0.0005  0.1409  0.0004  0.0008  0.0015  0.0013  0.0006  0.0196  0.0031  0.0011  0.0010  0.3342  0.0921  0.0021  0.0002  0.0000  0.0005  0.0000  0.0000  0.0000
 0.0016  0.0000  0.0000  0.1258  1.0000  0.0002  0.0007  0.0004  0.0002  0.0016  0.0004  0.0001  0.0007  0.0010  0.0021  0.0004  0.0008  0.0007  0.0004  0.0001  0.0000  0.0002  0.0000  0.0000  0.0000
 0.0014  0.0000  0.0000  1.0000  0.1721  0.0002  0.0008  0.0004  0.0002  0.0015  0.0003  0.0001  0.0009  0.0009  0.0018  0.0004  0.0008  0.0007  0.0003  0.0001  0.0000  0.0002  0.0000  0.0000  0.0000
 0.0095  0.0000  0.0004  0.6946  1.0000  0.0010  0.1424  0.0030  0.0011  0.0097  0.0021  0.0008  0.0090  0.0059  0.0119  0.0029  0.0068  0.0046  0.0021  0.0005  0.0000  0.0015  0.0000  0.0000  0.0000
 0.0009  0.0000  0.0003  0.0002  0.0003  0.0017  0.0005  0.0000  1.0000  0.0004  0.1687  0.0122  0.0003  0.0002  0.0002  0.0004  0.0004  0.0011  0.2423  0.0002  0.0000  0.1156  0.0000  0.0000  0.0000
 0.0253  0.0000  0.0000  0.1726  1.0000  0.0003  0.0013  0.0141  0.0004  0.0034  0.0007  0.0003  0.0014  0.0020  0.4452  0.0009  0.0321  0.0015  0.0008  0.0001  0.0000  0.0004  0.0000  0.0000  0.0000
 0.0081  0.0000  0.0002  1.0000  0.4584  0.0011  0.0029  0.0019  0.0624  0.0080  0.0788  0.0012  0.0033  0.0048  0.0104  0.0022  0.0040  0.0036  0.0025  0.0004  0.0000  0.0010  0.0000  0.0000  0.0000
 0.0005  0.0000  0.0001  0.0001  0.0001  0.0013  0.0002  0.0001  1.0000  0.0002  0.0580  0.0015  0.0001  0.0002  0.0002  0.0002  0.0001  0.0003  0.0020  0.0002  0.0000  0.0002  0.0000  0.0000  0.0000
 0.2453  0.0000  0.0251  0.0198  0.1030  0.0469  0.0707  0.0591  0.4583  0.4428  0.2570  0.0808  0.0685  0.0762  1.0000  0.4740  0.0861  0.1235  0.2043  0.0143  0.0000  0.0341  0.0000  0.0000  0.0000
 0.0278  0.0000  0.0014  0.0030  0.0053  0.0010  0.1348  0.0024  0.0015  0.1693  0.0034  0.0013  0.0045  0.0049  1.0000  0.0137  0.0088  0.0224  0.0032  0.0005  0.0000  0.0015  0.0000  0.0000  0.0000
 0.0010  0.0000  0.0000  0.0024  1.0000  0.0001  0.0007  0.0003  0.0002  0.0042  0.0003  0.0001  0.0005  0.0008  0.0012  0.0004  0.0005  0.0005  0.0003  0.0001  0.0000  0.0001  0.0000  0.0000  0.0000
 0.0005  0.0000  0.0002  0.0001  0.0002  0.0011  0.0003  0.0001  1.0000  0.0002  0.0054  0.0177  0.0001  0.0002  0.0002  0.0002  0.0002  0.0004  0.0021  0.0002  0.0000  0.0003  0.0000  0.0000  0.0000
 0.5002  0.0000  0.0113  0.1226  0.3702  0.2572  0.1151  0.0256  0.0380  0.2175  0.0609  0.1808  0.1204  0.0547  0.2644  0.1030  0.8623  1.0000  0.0576  0.0041  0.0000  0.0111  0.0000  0.0000  0.0000
 0.0015  0.0000  0.0005  0.0003  0.0004  0.0887  0.0007  0.0000  0.5031  0.0006  0.0112  0.2093  0.0004  0.0003  0.0002  0.0005  0.0332  0.0017  1.0000  0.0003  0.0000  0.0010  0.0000  0.0000  0.0000
 0.0006  0.0000  0.0002  0.0001  0.0002  0.0016  0.0001  0.0001  0.0030  0.0002  1.0000  0.1950  0.0001  0.0003  0.0003  0.0002  0.0002  0.0003  0.0017  0.0002  0.0000  0.0002  0.0000  0.0000  0.0000
 0.2882  0.0000  0.0024  0.0024  0.0033  0.0010  0.0132  0.0010  0.0014  0.0067  0.0029  0.0013  0.0028  0.0063  0.3015  0.0742  1.0000  0.0068  0.0042  0.0004  0.0000  0.0010  0.0000  0.0000  0.0000
 0.0339  0.0000  0.0002  0.0973  0.3270  0.0011  0.0209  0.0031  0.0015  0.0126  0.0028  0.0012  0.0059  0.0076  1.0000  0.0034  0.0068  0.2515  0.0029  0.0005  0.0000  0.0016  0.0000  0.0000  0.0000
 0.0021  0.0000  1.0000  0.0003  0.0005  0.0052  0.0005  0.0004  0.0096  0.0007  0.2594  0.0355  0.0005  0.0009  0.0010  0.0007  0.0006  0.0012  0.0054  0.0006  0.0000  0.0008  0.0000  0.0000  0.0000
 0.2708  0.0000  0.0031  1.0000  0.0835  0.0033  0.0332  0.0111  0.0077  0.0585  0.0129  0.0046  0.2301  0.0168  0.0720  0.1749  0.1650  0.0277  0.0120  0.0014  0.0000  0.0048  0.0000  0.0000  0.0000
 0.0067  0.0000  0.0014  0.0063  0.0029  0.0011  0.0093  0.1332  0.0011  0.0032  0.0021  0.0006  0.0064  0.0045  0.0021  0.0026  1.0000  0.0055  0.0019  0.0008  0.0000  0.0013  0.0000  0.0000  0.0000
 0.0167  0.0000  0.0006  0.0130  0.0553  0.0010  0.0052  0.0154  0.0011  0.0081  0.0782  0.0008  0.0234  1.0000  0.0548  0.0045  0.0914  0.0048  0.0019  0.0004  0.0000  0.0016  0.0000  0.0000  0.0000
 0.0091  0.0000  0.0026  0.0277  0.0098  0.1815  0.0211  0.1760  0.0037  0.0102  0.0066  0.0022  0.2092  0.0058  0.0074  0.0069  0.0172  0.0086  0.0048  0.0020  0.0000  1.0000  0.0000  0.0000  0.0000
 0.0005  0.0000  0.0002  0.0001  0.0001  0.0006  0.0002  0.0000  0.2560  0.0002  0.0029  0.0005  0.0001  0.0001  0.0001  0.0001  0.0002  0.0005  1.0000  0.0001  0.0000  0.0003  0.0000  0.0000  0.0000
 0.0067  0.0000  0.0014  0.0004  0.0010  0.0009  0.0001  0.0003  0.0605  0.0011  0.0056  0.0016  0.0006  0.0014  0.0008  0.0006  0.0015  1.0000  0.2583  0.0001  0.0000  0.0003  0.0000  0.0000  0.0000
 0.0706  0.0000  0.0003  0.0005  0.0038  0.0006  0.0020  0.0025  0.0012  1.0000  0.0028  0.0009  0.0919  0.0022  0.2438  0.3614  0.0023  0.0030  0.0016  0.0004  0.0000  0.0012  0.0000  0.0000  0.0000
 0.0000  0.0000  0.0000  0.0000  0.0000  0.0000  0.0000  0.0000  0.0000  0.0000  0.0000  0.0000  0.0000  0.0000  0.0000  0.0000  0.0000  0.0000  0.0000  0.0000  0.0000  1.0000  0.0000  0.0000  0.0000
 0.0313  0.0000  0.0107  0.0125  0.0175  0.4005  0.0204  0.2989  0.1211  0.2644  0.0959  0.0138  0.0192  0.0129  0.0195  0.0586  0.0247  0.0244  0.0308  0.0113  0.0000  1.0000  0.0000  0.0000  0.0000
 0.0865  0.0000  0.0009  0.0007  0.0008  0.0003  1.0000  0.0002  0.0004  0.0009  0.0009  0.0004  0.0006  0.0022  0.0006  0.0006  0.0047  0.1070  0.0015  0.0001  0.0000  0.0003  0.0000  0.0000  0.0000
 0.0015  0.0000  0.0003  0.0005  0.0003  0.0001  0.0006  0.0001  0.0003  0.0005  0.0003  0.0002  0.0009  0.0007  0.0004  0.0003  1.0000  0.0559  0.0006  0.0001  0.0000  0.0001  0.0000  0.0000  0.0000
 0.0006  0.0000  0.0003  0.0001  0.0002  0.5182  0.0001  0.0000  0.0014  0.0000  0.0033  0.0769  0.0000  0.0002  0.0000  0.0000  0.0004  0.0004  0.0013  0.0031  0.0000  1.0000  0.0000  0.0000  0.0000
 0.0340  0.0000  0.0008  0.0003  0.0007  0.1526  0.0005  0.0005  0.0783  0.0010  1.0000  0.0088  0.0007  0.0012  0.1036  0.0009  0.0008  0.0018  0.0327  0.0008  0.0000  0.0009  0.0000  0.0000  0.0000
 0.0038  0.0000  0.0004  0.0007  0.0741  0.0008  0.1115  0.0173  0.0016  1.0000  0.0039  0.0013  0.0037  0.0030  0.0091  0.2446  0.0031  0.0041  0.0280  0.0006  0.0000  0.0017  0.0000  0.0000  0.0000
 0.0085  0.0000  0.0021  0.2975  0.1447  0.0017  1.0000  0.0256  0.0009  0.0122  0.0019  0.0007  0.2382  0.0069  0.0083  0.0736  0.1005  0.0091  0.0014  0.0009  0.0000  0.0047  0.0000  0.0000  0.0000
 0.1985  0.0000  0.0370  0.2121  0.2278  0.0956  0.0776  0.2603  0.0749  0.1023  0.1093  0.0411  0.1133  0.1000  0.0893  0.0787  0.7099  1.0000  0.1844  0.0281  0.0000  0.2183  0.0000  0.0000  0.0000
 0.0236  0.0000  0.0049  0.3893  0.0807  0.0048  0.0693  0.0774  0.0032  1.0000  0.0063  0.0023  0.1328  0.0175  0.0229  0.0172  0.1846  0.0744  0.0051  0.0023  0.0000  0.1410  0.0000  0.0000  0.0000
 0.0005  0.0000  0.0001  0.0001  0.0001  0.0013  0.0001  0.0001  0.0024  0.0002  1.0000  0.0523  0.0001  0.0002  0.0002  0.0002  0.0001  0.0003  0.0013  0.0002  0.0000  0.0002  0.0000  0.0000  0.0000
 0.0000  0.0000  0.0000  0.0000  0.0000  0.0000  0.0000  0.0000  0.0000  0.0000  0.0000  0.0000  0.0000  0.0000  0.0000  0.0000  0.0000  0.0000  0.0000  1.0000  0.0000  0.0000  0.0000  0.0000  0.0000
 0.0000  0.0000  0.0000  0.0000  0.0000  0.0000  0.0000  0.0000  1.0000  0.0000  0.0000  0.0000  0.0000  0.0000  0.0000  0.0000  0.0000  0.0000  0.0000  0.0000  0.0000  0.0000  0.0000  0.0000  0.0000
 0.0020  0.0000  0.0792  0.0003  0.0004  0.0014  0.0004  0.0001  0.9601  0.0006  0.0076  0.0014  0.0003  0.0004  0.0002  0.0004  0.0006  0.0018  1.0000  0.0002  0.0000  0.0007  0.0000  0.0000  0.0000
 0.0012  0.0000  0.0005  0.0007  0.0006  0.0007  0.0018  0.0003  0.0011  0.0006  0.0028  1.0000  0.0004  0.0010  0.0169  0.0007  0.0007  0.0006  0.0009  0.0003  0.0000  0.0004  0.0000  0.0000  0.0000
 0.0000  0.0000  0.0000  0.0000  1.0000  0.0000  0.0000  0.0000  0.0000  0.0000  0.0000  0.0000  0.0000  0.0000  0.0000  0.0000  0.0000  0.0000  0.0000  0.0000  0.0000  0.0000  0.0000  0.0000  0.0000
 0.0004  0.0000  0.0002  0.0001  0.0001  0.2880  0.0001  0.0000  0.0008  0.0000  0.0020  0.0004  0.0000  0.0001  0.0000  0.0000  0.0003  0.0002  0.0008  0.0019  0.0000  1.0000  0.0000  0.0000  0.0000
 0.0185  0.0000  0.6444  0.0070  0.0059  0.0339  0.0172  0.0050  0.0531  0.0044  1.0000  0.0344  0.0059  0.0092  0.0076  0.0075  0.0068  0.0104  0.0332  0.0069  0.0000  0.0111  0.0000  0.0000  0.0000
 0.0795  0.0000  0.0007  0.0005  0.0006  0.0003  1.0000  0.0001  0.0003  0.0007  0.0007  0.0003  0.0005  0.0017  0.0005  0.0005  0.1528  0.0012  0.0011  0.0001  0.0000  0.0002  0.0000  0.0000  0.0000
 0.1382  0.0000  0.0005  0.0004  0.0005  0.0002  1.0000  0.0001  0.0002  0.0005  0.0005  0.0002  0.0004  0.0014  0.0004  0.0004  0.0026  0.0009  0.0009  0.0001  0.0000  0.0002  0.0000  0.0000  0.0000
 0.0000  0.0000  0.0000  0.0000  0.0000  0.0000  1.0000  0.0000  0.0000  0.0000  0.0000  0.0000  0.0000  0.0000  0.0000  0.0000  0.0000  0.0000  0.0000  0.0000  0.0000  0.0000  0.0000  0.0000  0.0000
 0.0561  0.0000  0.0005  0.0004  0.0004  0.0002  0.0028  0.0001  0.0002  0.0005  0.0005  0.0002  0.0003  0.0056  0.0003  0.0004  1.0000  0.0010  0.0008  0.0001  0.0000  0.0001  0.0000  0.0000  0.0000
 1.0000  0.0000  0.8073  0.0053  0.0147  0.0110  0.0095  0.0037  0.0931  0.0148  0.1557  0.0209  0.0072  0.0230  0.0111  0.0085  0.0213  0.0658  0.6252  0.0019  0.0000  0.0034  0.0000  0.0000  0.0000
 0.6866  0.0000  0.0745  0.0515  0.0553  0.0388  0.2688  0.0307  0.0612  0.0703  1.0000  0.0411  0.0566  0.1302  0.1075  0.0526  0.7000  0.1736  0.1266  0.0112  0.0000  0.0298  0.0000  0.0000  0.0000
 0.0008  0.0000  0.0003  1.0000  0.0009  0.0003  0.0094  0.0005  0.0003  0.0008  0.0005  0.0001  0.0019  0.0011  0.0005  0.0007  0.0011  0.0006  0.0003  0.0003  0.0000  0.0004  0.0000  0.0000  0.0000
 0.0007  0.0000  0.0002  0.0001  0.0002  0.0018  0.0001  0.0001  0.1607  0.0002  1.0000  0.0171  0.0002  0.0003  0.0003  0.0002  0.0002  0.0004  0.0018  0.0002  0.0000  0.0002  0.0000  0.0000  0.0000
 0.0020  0.0000  0.0005  0.0002  0.0005  0.0054  0.0004  0.0004  0.2393  0.0007  1.0000  0.5321  0.0005  0.0008  0.0010  0.0007  0.0006  0.0633  0.0058  0.0006  0.0000  0.0734  0.0000  0.0000  0.0000
 0.0043  0.0000  0.0004  0.0009  0.2252  0.0009  0.0227  0.0037  0.0018  1.0000  0.0042  0.0014  0.0041  0.0033  0.0923  0.6766  0.0035  0.1651  0.0024  0.0007  0.0000  0.0019  0.0000  0.0000  0.0000
 0.4726  0.0000  0.0033  0.0477  0.1533  0.0020  0.0103  0.0034  0.0055  0.0151  0.0065  0.0030  0.2452  1.0000  0.0116  0.0083  0.1195  0.2440  0.0284  0.0011  0.0000  0.0023  0.0000  0.0000  0.0000
 0.0341  0.0000  0.0007  0.0287  0.1136  0.0006  1.0000  0.0031  0.0004  0.1530  0.0009  0.0003  0.0815  0.0028  0.0040  0.0023  0.0078  0.0150  0.0008  0.0003  0.0000  0.0015  0.0000  0.0000  0.0000
 0.3380  0.0000  0.0342  0.1779  0.2844  0.0264  0.2178  0.0434  0.0880  0.3519  0.2046  0.0334  0.2806  1.0000  0.1690  0.1917  0.3255  0.4665  0.3166  0.0081  0.0000  0.0284  0.0000  0.0000  0.0000
 0.0042  0.0000  0.0011  0.0005  0.0011  0.6548  0.0008  0.0008  0.3187  0.0014  1.0000  0.0142  0.0010  0.0018  0.0022  0.0014  0.0012  0.0025  0.0120  0.0017  0.0000  0.0028  0.0000  0.0000  0.0000
 0.1359  0.0000  0.0077  1.0000  0.6110  0.0071  0.1197  0.0716  0.0408  0.1594  0.0433  0.0152  0.2401  0.3982  0.0845  0.1048  0.3427  0.5466  0.0409  0.0025  0.0000  0.0054  0.0000  0.0000  0.0000
 0.0000  0.0000  0.0000  0.0000  1.0000  0.0000  0.0000  0.0000  0.0000  0.0000  0.0000  0.0000  0.0000  0.0000  0.0000  0.0000  0.0000  0.0000  0.0000  0.0000  0.0000  0.0000  0.0000  0.0000  0.0000
 1.0000  0.0000  0.1371  0.8128  0.9947  0.5435  0.4820  0.4001  0.3749  0.8338  0.5799  0.2639  0.6169  0.3375  0.6088  0.5727  0.8703  0.8839  0.5801  0.1154  0.0000  0.5961  0.0000  0.0000  0.0000
 0.2489  0.0000  0.0578  0.1487  0.5843  0.2475  0.1290  0.8850  0.1344  0.3694  0.2277  0.0776  0.1294  0.0952  1.0000  0.2175  0.1677  0.1545  0.1740  0.0620  0.0000  0.9686  0.0000  0.0000  0.0000
 0.0004  0.0000  0.0001  0.0001  0.0001  0.0004  0.0002  0.0000  1.0000  0.0001  0.0023  0.0004  0.0001  0.0001  0.0000  0.0001  0.0001  0.0004  0.0964  0.0001  0.0000  0.0002  0.0000  0.0000  0.0000
 1.0000  0.0000  0.0014  0.0010  0.0012  0.0005  0.1018  0.0002  0.0006  0.0013  0.0013  0.0962  0.0009  0.0035  0.0009  0.0010  0.0229  0.0088  0.0164  0.0002  0.0000  0.0004  0.0000  0.0000  0.0000
 0.0988  0.0000  0.0274  0.0208  0.0260  0.1773  0.0284  0.0158  1.0000  0.0325  0.3287  0.0657  0.0296  0.0267  0.0196  0.0266  0.0838  0.3773  0.8490  0.0284  0.0000  0.1839  0.0000  0.0000  0.0000
 0.0005  0.0000  0.0002  0.0001  0.0002  0.0009  0.0003  0.0000  1.0000  0.0002  0.0170  0.1674  0.0002  0.0001  0.0001  0.0002  0.0002  0.0006  0.1392  0.0001  0.0000  0.0004  0.0000  0.0000  0.0000
 0.0493  0.0000  0.4513  0.0017  0.0052  0.0069  0.0003  0.0015  0.0985  0.0053  1.0000  0.0397  0.0026  0.0075  0.0043  0.0031  0.0051  0.1033  0.1404  0.0010  0.0000  0.0015  0.0000  0.0000  0.0000
 0.0011  0.0000  0.0001  0.0002  0.0016  0.0002  0.0008  0.0207  0.0005  0.1868  0.0012  0.0004  0.0011  0.0009  0.1550  1.0000  0.0009  0.0012  0.0006  0.0002  0.0000  0.0005  0.0000  0.0000  0.0000
 0.0025  0.0000  0.0001  0.0062  1.0000  0.0002  0.0010  0.0006  0.0003  0.0023  0.0005  0.0002  0.0011  0.0014  0.0719  0.0007  0.1302  0.0011  0.0006  0.0001  0.0000  0.0003  0.0000  0.0000  0.0000
 0.1826  0.0000  0.0057  0.0016  0.0043  0.0056  0.0008  0.0010  1.0000  0.0045  0.8567  0.0084  0.0023  0.0057  0.0031  0.0027  0.0044  0.4680  0.4175  0.0008  0.0000  0.0020  0.0000  0.0000  0.0000
 0.0000  0.0000  0.0000  0.0000  0.0000  0.0000  0.0000  0.0000  0.0000  0.0000  1.0000  0.0000  0.0000  0.0000  0.0000  0.0000  0.0000  0.0000  0.0000  0.0000  0.0000  0.0000  0.0000  0.0000  0.0000
 0.0144  0.0000  0.0014  0.0025  0.0199  0.0032  0.0101  0.0128  0.0066  1.0000  0.2415  0.0302  0.0138  0.0113  0.0755  0.1684  0.0117  0.0153  0.0084  0.0023  0.0000  0.0064  0.0000  0.0000  0.0000
 0.0000  0.0000  0.0000  0.0000  0.0000  0.0000  1.0000  0.0000  0.0000  0.0000  0.0000  0.0000  0.0000  0.0000  0.0000  0.0000  0.0000  0.0000  0.0000  0.0000  0.0000  0.0000  0.0000  0.0000  0.0000
 0.0005  0.0000  0.0001  0.0001  0.0001  0.0012  0.0001  0.0001  0.0124  0.0002  1.0000  0.0263  0.0001  0.0002  0.0002  0.0002  0.0001  0.0003  0.0013  0.0001  0.0000  0.0002  0.0000  0.0000  0.0000
 0.1190  0.0000  0.0001  1.0000  0.5965  0.0007  0.0028  0.0018  0.0009  0.0942  0.0017  0.0182  0.0031  0.0046  0.0277  0.0021  0.0039  0.0289  0.0018  0.0003  0.0000  0.0009  0.0000  0.0000  0.0000
 0.0000  0.0000  0.0000  0.0000  0.0000  0.0000  0.0000  0.0000  0.0000  0.0000  0.0000  0.0000  0.0000  0.0000  0.0000  0.0000  0.0000  0.0000  0.0000  0.0000  0.0000  1.0000  0.0000  0.0000  0.0000
 0.0000  0.0000  0.0000  0.0000  0.0000  0.0000  0.0000  0.0000  0.0000  0.0000  1.0000  0.0000  0.0000  0.0000  0.0000  0.0000  0.0000  0.0000  0.0000  0.0000  0.0000  0.0000  0.0000  0.0000  0.0000
 0.0000  0.0000  0.0000  0.0000  0.0000  0.0000  0.0000  1.0000  0.0000  0.0000  0.0000  0.0000  0.0000  0.0000  0.0000  0.0000  0.0000  0.0000  0.0000  0.0000  0.0000  0.0000  0.0000  0.0000  0.0000
 0.1029  0.0000  0.0256  0.1374  0.1080  0.1860  0.0274  0.0246  0.0148  0.0618  0.0240  0.0084  0.0731  0.0193  0.1325  0.0576  1.0000  0.1786  0.0219  0.0024  0.0000  0.0096  0.0000  0.0000  0.0000
 0.0410  0.0000  0.0005  0.2980  1.0000  0.0037  0.0148  0.0097  0.1097  0.0412  0.0091  0.2066  0.0164  0.0247  0.1380  0.0109  0.0425  0.0180  0.0095  0.0017  0.0000  0.0049  0.0000  0.0000  0.0000
 0.0989  0.0000  0.0108  0.0626  0.1372  0.1050  0.3784  0.0891  0.0389  1.0000  0.0920  0.0305  0.1974  0.0773  0.2269  0.8316  0.1127  0.1052  0.0520  0.0149  0.0000  0.0452  0.0000  0.0000  0.0000
 0.0010  0.0000  0.0001  0.0005  0.0008  0.0002  0.0012  0.0005  0.0003  1.0000  0.0007  0.0002  0.0007  0.0010  0.0011  0.0026  0.0009  0.0193  0.0004  0.0002  0.0000  0.0003  0.0000  0.0000  0.0000
 0.0008  0.0000  0.0003  0.0002  0.0002  0.0018  0.0003  0.0001  1.0000  0.0004  0.3643  0.0616  0.0002  0.0002  0.0003  0.0003  0.0003  0.0008  0.1345  0.0002  0.0000  0.0005  0.0000  0.0000  0.0000
 0.0000  0.0000  0.0000  0.0000  0.0000  0.0000  0.0000  1.0000  0.0000  0.0000  0.0000  0.0000  0.0000  0.0000  0.0000  0.0000  0.0000  0.0000  0.0000  0.0000  0.0000  0.0000  0.0000  0.0000  0.0000
 0.0000  0.0000  0.0000  0.0000  0.0000  0.0000  0.0000  0.0000  0.0000  0.0000  0.0000  0.0000  0.0000  0.0000  0.0000  1.0000  0.0000  0.0000  0.0000  0.0000  0.0000  0.0000  0.0000  0.0000  0.0000
 0.0000  0.0000  0.0000  1.0000  0.0000  0.0000  0.0000  0.0000  0.0000  0.0000  0.0000  0.0000  0.0000  0.0000  0.0000  0.0000  0.0000  0.0000  0.0000  0.0000  0.0000  0.0000  0.0000  0.0000  0.0000
 0.0004  0.0000  0.0001  0.0001  0.0001  0.0005  0.0002  0.0000  1.0000  0.0001  0.0024  0.0004  0.0001  0.0001  0.0000  0.0001  0.0001  0.0004  0.1293  0.0001  0.0000  0.0002  0.0000  0.0000  0.0000
 0.0000  0.0000  0.0000  0.0000  0.0000  0.0000  0.0000  0.0000  0.0000  1.0000  0.0000  0.0000  0.0000  0.0000  0.0000  0.0000  0.0000  0.0000  0.0000  0.0000  0.0000  0.0000  0.0000  0.0000  0.0000
 1.0000  0.0000  0.0006  0.0005  0.0006  0.0002  0.1526  0.0001  0.0003  0.0006  0.0006  0.0003  0.0004  0.0016  0.0004  0.0005  0.0031  0.0011  0.0010  0.0001  0.0000  0.0002  0.0000  0.0000  0.0000
 1.0000  0.0000  0.0007  0.0006  0.0007  0.0003  0.2295  0.0001  0.0003  0.0007  0.0007  0.0003  0.0005  0.0019  0.0005  0.0005  0.0037  0.0013  0.0012  0.0001  0.0000  0.0002  0.0000  0.0000  0.0000
 0.0000  0.0000  0.0000  0.0000  0.0000  0.0000  0.0000  0.0000  0.0000  0.0000  0.0000  0.0000  1.0000  0.0000  0.0000  0.0000  0.0000  0.0000  0.0000  0.0000  0.0000  0.0000  0.0000  0.0000  0.0000
 0.0007  0.0000  0.0002  0.0001  0.0002  0.0009  0.0003  0.0000  0.6349  0.0003  0.0046  0.0008  0.0002  0.0001  0.0001  0.0002  0.0003  0.0008  1.0000  0.0001  0.0000  0.0004  0.0000  0.0000  0.0000
 0.0000  0.0000  0.0000  0.0000  0.0000  0.0000  0.0000  0.0000  0.0000  0.0000  1.0000  0.0000  0.0000  0.0000  0.0000  0.0000  0.0000  0.0000  0.0000  0.0000  0.0000  0.0000  0.0000  0.0000  0.0000
 0.0005  0.0000  0.0001  0.0001  0.0001  0.0013  0.0001  0.0001  0.0025  0.0002  1.0000  0.0256  0.0001  0.0002  0.0003  0.0002  0.0001  0.0003  0.0308  0.0002  0.0000  0.0002  0.0000  0.0000  0.0000
 0.0588  0.0000  0.0008  0.0313  0.0021  0.0005  0.0431  0.0013  0.0009  0.0024  0.0010  0.0005  0.1929  0.0022  0.0017  0.0014  1.0000  0.4272  0.0015  0.0003  0.0000  0.0008  0.0000  0.0000  0.0000
 0.2171  0.0000  0.0034  0.1235  1.0000  0.0034  0.0469  0.0739  0.0117  0.0576  0.0189  0.0066  0.0539  0.0172  0.1130  0.0586  0.1677  0.2233  0.0178  0.0012  0.0000  0.0253  0.0000  0.0000  0.0000
 0.2789  0.0000  0.1007  0.0952  0.6249  0.3326  0.1984  0.5703  0.1749  0.1350  0.3200  0.1539  0.5283  0.0920  1.0000  0.1571  0.5872  0.4714  0.2527  0.0816  0.0000  0.5663  0.0000  0.0000  0.0000
 0.0194  0.0000  0.0004  0.0004  0.0004  0.0002  1.0000  0.0001  0.0002  0.0004  0.0004  0.0002  0.0003  0.0011  0.0003  0.0004  0.0020  0.0007  0.0007  0.0001  0.0000  0.0002  0.0000  0.0000  0.0000
 0.0836  0.0000  0.0005  1.0000  0.8122  0.0037  0.0152  0.3068  0.0050  0.6106  0.0093  0.0038  0.0170  0.0252  0.4791  0.0115  0.0208  0.0182  0.0096  0.0018  0.0000  0.0050  0.0000  0.0000  0.0000
 0.1266  0.0000  0.0008  0.0004  0.0006  0.0004  0.0016  0.0002  0.0027  0.0007  0.0021  0.0007  0.0004  0.0013  0.0005  0.0004  0.0018  0.0023  1.0000  0.0001  0.0000  0.0002  0.0000  0.0000  0.0000
 0.0000  0.0000  0.0000  0.0000  0.0000  0.0000  0.0000  0.0000  0.0000  1.0000  0.0000  0.0000  0.0000  0.0000  0.0000  0.0000  0.0000  0.0000  0.0000  0.0000  0.0000  0.0000  0.0000  0.0000  0.0000
 0.0005  0.0000  0.0001  0.0001  0.0001  0.0013  0.0001  0.0001  0.0180  0.0002  1.0000  0.0059  0.0001  0.0002  0.0002  0.0002  0.0001  0.0003  0.0204  0.0002  0.0000  0.0002  0.0000  0.0000  0.0000
 1.0000  0.0000  0.0180  0.0005  0.0006  0.0003  0.1475  0.0001  0.0003  0.0006  0.0006  0.0003  0.0004  0.0017  0.0004  0.0005  0.0034  0.0011  0.0011  0.0001  0.0000  0.0002  0.0000  0.0000  0.0000
 0.0000  0.0000  0.0000  1.0000  0.0000  0.0000  0.0000  0.0000  0.0000  0.0000  0.0000  0.0000  0.0000  0.0000  0.0000  0.0000  0.0000  0.0000  0.0000  0.0000  0.0000  0.0000  0.0000  0.0000  0.0000
 0.0003  0.0000  0.0001  0.0000  0.0001  1.0000  0.0000  0.0000  0.0048  0.0000  0.0013  0.0003  0.0000  0.0001  0.0000  0.0000  0.0002  0.0002  0.0005  0.0012  0.0000  0.0202  0.0000  0.0000  0.0000
 0.0000  0.0000  0.0000  0.0000  0.0000  0.0000  1.0000  0.0000  0.0000  0.0000  0.0000  0.0000  0.0000  0.0000  0.0000  0.0000  0.0000  0.0000  0.0000  0.0000  0.0000  0.0000  0.0000  0.0000  0.0000
 0.0000  0.0000  0.0000  0.0000  0.0000  0.0000  0.0000  0.0000  0.0000  0.0000  0.0000  0.0000  0.0000  0.0000  0.0000  0.0000  0.0000  0.0000  1.0000  0.0000  0.0000  0.0000  0.0000  0.0000  0.0000
 1.0000  0.0000  0.0007  0.0005  0.0006  0.0003  0.0039  0.0001  0.0003  0.0007  0.0007  0.0003  0.0005  0.0018  0.0005  0.0005  0.3354  0.0013  0.0012  0.0001  0.0000  0.0002  0.0000  0.0000  0.0000
 0.4063  0.0000  0.0009  0.0008  0.0008  0.0003  1.0000  0.0002  0.0004  0.0229  0.0009  0.0004  0.0007  0.0023  0.0006  0.0007  0.0583  0.0016  0.0015  0.0001  0.0000  0.0003  0.0000  0.0000  0.0000
 0.0013  0.0000  0.0003  0.0012  0.0010  0.0004  0.0030  0.0005  0.0004  0.0012  0.0010  0.0002  0.0006  0.0173  1.0000  0.0011  0.0009  0.0007  0.0005  0.0004  0.0000  0.0004  0.0000  0.0000  0.0000
 0.0006  0.0000  0.0002  0.0001  0.0002  0.0016  0.0001  0.0001  0.1173  0.0002  1.0000  0.0019  0.0001  0.0003  0.0003  0.0002  0.0002  0.0003  0.0016  0.0002  0.0000  0.0002  0.0000  0.0000  0.0000
 0.0037  0.0000  0.0008  0.0015  0.0010  0.0004  0.0010  0.0005  0.0176  0.0015  0.0011  0.0006  0.0028  0.0019  0.0012  0.0660  0.2659  1.0000  0.0119  0.0003  0.0000  0.0004  0.0000  0.0000  0.0000
 0.4446  0.0000  0.0112  1.0000  0.1090  0.0096  0.1838  0.0785  0.0054  0.0699  0.0116  0.0042  0.5887  0.0386  0.0474  0.1653  0.1499  0.0510  0.0090  0.0049  0.0000  0.0252  0.0000  0.0000  0.0000
 0.0043  0.0000  0.0009  0.0008  0.0009  0.0013  0.0006  0.0004  0.1437  0.0013  0.0072  0.0211  0.0015  0.0015  0.0102  0.0009  0.0059  1.0000  0.0069  0.0003  0.0000  0.0004  0.0000  0.0000  0.0000
 0.0739  0.0000  0.0152  0.0043  0.0131  0.0296  0.0025  0.0049  0.2354  0.3345  0.2642  1.0000  0.0075  0.0178  0.6541  0.0134  0.0127  0.1608  0.2513  0.0039  0.0000  0.0056  0.0000  0.0000  0.0000
 0.2669  0.0000  0.0406  0.0820  0.0543  0.0209  0.0536  0.0241  0.2526  0.0941  0.0698  0.0307  0.1816  0.0975  0.0627  0.0517  0.8176  1.0000  0.1106  0.0131  0.0000  0.0234  0.0000  0.0000  0.0000
 0.0009  0.0000  0.0001  0.0004  0.0013  0.0002  0.0010  0.0008  0.0004  1.0000  0.0009  0.0003  0.0009  0.0009  0.1628  0.0047  0.0008  0.0009  0.0005  0.0002  0.0000  0.0004  0.0000  0.0000  0.0000
 0.0190  0.0000  0.0001  0.0002  0.0012  0.0002  0.0007  0.0008  0.0004  0.1923  0.0009  0.0003  0.0009  0.0007  0.0021  1.0000  0.0008  0.0010  0.0005  0.0001  0.0000  0.0004  0.0000  0.0000  0.0000
 0.0027  0.0000  0.0006  0.0129  0.0469  0.0006  0.0845  0.0252  0.0230  0.0527  0.0007  0.0003  1.0000  0.0022  0.0028  0.0026  0.0425  0.0029  0.0005  0.0003  0.0000  0.0014  0.0000  0.0000  0.0000
 0.0012  0.0000  0.0002  0.0005  0.0003  0.0001  0.0004  0.0001  0.0003  0.0005  0.0003  0.0002  0.0009  0.0006  0.0004  0.0003  0.0443  1.0000  0.0005  0.0001  0.0000  0.0001  0.0000  0.0000  0.0000
 0.0008  0.0000  0.0003  0.0001  0.0002  1.0000  0.0001  0.0001  0.0025  0.0001  0.0153  0.0014  0.0001  0.0003  0.0002  0.0001  0.0003  0.0005  0.1238  0.0018  0.0000  0.0069  0.0000  0.0000  0.0000
 0.0005  0.0000  0.0002  0.0001  0.0001  0.0006  0.0002  0.0000  0.2949  0.0002  0.0031  0.0006  0.0001  0.0001  0.0001  0.0001  0.0002  0.0006  1.0000  0.0001  0.0000  0.0003  0.0000  0.0000  0.0000
 0.0000  0.0000  0.0000  0.0000  0.0000  0.0000  1.0000  0.0000  0.0000  0.0000  0.0000  0.0000  0.0000  0.0000  0.0000  0.0000  0.0000  0.0000  0.0000  0.0000  0.0000  0.0000  0.0000  0.0000  0.0000
 0.0012  0.0000  0.0002  0.0005  0.0003  0.0001  0.0004  0.0001  0.0003  0.0005  0.0003  0.0002  0.0008  0.0006  0.0003  0.0003  0.0222  1.0000  0.0005  0.0001  0.0000  0.0001  0.0000  0.0000  0.0000
 0.0000  0.0000  0.0000  0.0000  0.0000  0.0000  0.0000  0.0000  0.0000  0.0000  0.0000  0.0000  0.0000  1.0000  0.0000  0.0000  0.0000  0.0000  0.0000  0.0000  0.0000  0.0000  0.0000  0.0000  0.0000
 0.0016  0.0000  0.0012  0.0021  0.0011  1.0000  0.0033  0.0943  0.0016  0.0011  0.0035  0.0009  0.0019  0.0013  0.0010  0.0014  0.0014  0.0013  0.0016  0.0010  0.0000  0.1337  0.0000  0.0000  0.0000
 0.0003  0.0000  0.0002  0.0001  0.0001  0.0207  0.0002  0.0000  0.0005  0.0000  0.0013  0.0003  0.0000  0.0002  0.0000  0.0001  0.0002  0.0002  0.0005  1.0000  0.0000  0.0047  0.0000  0.0000  0.0000
 0.0010  0.0000  0.0004  0.0003  0.0003  0.0012  0.0009  0.0002  0.0015  0.0002  0.0039  1.0000  0.0002  0.0005  0.0003  0.0003  0.0004  0.0005  0.0053  0.0003  0.0000  0.0006  0.0000  0.0000  0.0000
 1.0000  0.0000  0.0004  0.0003  0.0004  0.0002  0.0024  0.0001  0.0002  0.0004  0.0004  0.0002  0.0003  0.0011  0.0003  0.0003  0.0222  0.0008  0.0007  0.0001  0.0000  0.0001  0.0000  0.0000  0.0000
 0.0000  0.0000  0.0000  0.0000  0.0000  0.0000  0.0000  0.0000  0.0000  0.0000  0.0000  0.0000  0.0000  1.0000  0.0000  0.0000  0.0000  0.0000  0.0000  0.0000  0.0000  0.0000  0.0000  0.0000  0.0000
 0.0012  0.0000  0.0003  0.0018  1.0000  0.0003  0.0069  0.0004  0.0003  0.0009  0.0006  0.0001  0.0006  0.0012  0.0008  0.0006  0.0007  0.0006  0.0004  0.0003  0.0000  0.0003  0.0000  0.0000  0.0000
 0.0012  0.0000  0.0003  0.0001  0.0002  0.0008  0.0002  0.0001  0.0028  0.0002  0.0360  0.0009  0.0001  0.0003  0.0002  0.0002  0.0002  0.0008  1.0000  0.0001  0.0000  0.0002  0.0000  0.0000  0.0000
 0.0450  0.0000  0.0004  0.0001  0.0003  0.0005  0.0001  0.0001  1.0000  0.0003  0.0027  0.0006  0.0002  0.0004  0.0002  0.0002  0.0003  0.0013  0.0775  0.0001  0.0000  0.0002  0.0000  0.0000  0.0000
 0.0034  0.0000  0.0003  0.0008  0.1052  0.0007  0.0023  0.0029  0.0014  1.0000  0.0033  0.0011  0.0032  0.0026  0.8882  0.1384  0.0027  0.0035  0.0019  0.0005  0.0000  0.0015  0.0000  0.0000  0.0000
 0.0017  0.0000  0.0001  0.0017  0.2682  0.0003  0.0010  0.0011  0.0005  0.0642  0.0013  0.0004  0.0014  0.0012  1.0000  0.0253  0.0699  0.0015  0.0008  0.0002  0.0000  0.0006  0.0000  0.0000  0.0000
 0.1983  0.0000  0.0058  0.0672  0.0146  0.0044  0.1126  0.0094  0.1735  0.0167  0.0078  0.0037  0.1568  0.0153  0.0121  0.0098  1.0000  0.1238  0.0110  0.0022  0.0000  0.0269  0.0000  0.0000  0.0000
 0.6293  0.0000  0.0040  0.0061  0.0547  0.0017  1.0000  0.0015  0.0021  0.0082  0.0045  0.0020  0.0046  0.0413  0.0609  0.1509  0.0809  0.0081  0.0070  0.0007  0.0000  0.0015  0.0000  0.0000  0.0000
 0.0007  0.0000  0.0010  0.0012  0.0006  0.0006  0.0025  0.0073  0.0005  0.0004  0.0008  0.0002  0.0008  0.0011  0.0005  0.0008  0.0005  0.0007  0.0007  0.0005  0.0000  1.0000  0.0000  0.0000  0.0000
 0.0014  0.0000  0.0003  1.0000  0.0020  0.0003  0.0384  0.0015  0.0001  0.0020  0.0003  0.0001  0.2665  0.0011  0.0013  0.0010  0.0365  0.0015  0.0002  0.0001  0.0000  0.0008  0.0000  0.0000  0.0000
 0.5021  0.0000  0.1838  0.2026  0.2732  0.7108  0.3325  0.5427  0.3913  0.2866  0.6413  0.2178  0.3031  0.2015  0.2929  0.3430  0.4188  0.3861  0.4956  0.1826  0.0000  1.0000  0.0000  0.0000  0.0000
 0.0119  0.0000  0.0015  0.0026  0.0271  0.0017  0.0049  0.0041  0.0066  1.0000  0.0550  0.0028  0.0050  0.0053  0.0114  0.0259  0.0253  0.0088  0.1404  0.0008  0.0000  0.0022  0.0000  0.0000  0.0000
 1.0000  0.0000  0.0454  0.0004  0.0007  0.0004  0.0028  0.0001  0.0019  0.0007  0.0016  0.0006  0.0004  0.0016  0.0005  0.0005  0.0028  0.0020  0.1061  0.0001  0.0000  0.0002  0.0000  0.0000  0.0000
 0.0000  0.0000  0.0000  1.0000  0.0000  0.0000  0.0000  0.0000  0.0000  0.0000  0.0000  0.0000  0.0000  0.0000  0.0000  0.0000  0.0000  0.0000  0.0000  0.0000  0.0000  0.0000  0.0000  0.0000  0.0000
 0.0003  0.0000  0.0001  0.0001  0.0001  0.0005  0.0002  0.0000  1.0000  0.0001  0.0126  0.0111  0.0001  0.0001  0.0001  0.0001  0.0001  0.0004  0.1096  0.0001  0.0000  0.0002  0.0000  0.0000  0.0000
 0.0007  0.0000  0.0006  0.0011  0.0007  0.0005  0.0028  0.0005  0.0005  0.0008  0.0009  0.0002  0.0006  0.0017  0.0005  0.0058  0.0005  0.0006  0.0006  1.0000  0.0000  0.0005  0.0000  0.0000  0.0000
 0.1362  0.0000  0.0006  0.0005  0.0005  0.0002  0.0032  0.0001  0.0003  0.0006  0.0006  0.0003  0.0004  0.0015  0.0004  0.0004  1.0000  0.0012  0.0010  0.0001  0.0000  0.0002  0.0000  0.0000  0.0000
 0.0007  0.0000  0.0421  0.0001  0.0002  0.0191  0.0001  0.0001  0.0035  0.0002  1.0000  0.0108  0.0002  0.0003  0.0004  0.0002  0.0002  0.0143  0.0020  0.0002  0.0000  0.0003  0.0000  0.0000  0.0000
 0.0000  0.0000  0.0000  0.0000  0.0000  0.0000  1.0000  0.0000  0.0000  0.0000  0.0000  0.0000  0.0000  0.0000  0.0000  0.0000  0.0000  0.0000  0.0000  0.0000  0.0000  0.0000  0.0000  0.0000  0.0000
 0.0004  0.0000  0.0001  0.0001  0.0001  0.0004  0.0001  0.0000  1.0000  0.0001  0.0023  0.0004  0.0001  0.0001  0.0000  0.0001  0.0001  0.0004  0.0881  0.0001  0.0000  0.0002  0.0000  0.0000  0.0000
 0.0013  0.0000  0.0003  0.0005  0.0003  0.0001  0.0004  0.0002  0.0004  0.0005  0.0004  0.0002  0.0010  0.0007  0.0004  0.0003  0.1016  1.0000  0.0006  0.0001  0.0000  0.0002  0.0000  0.0000  0.0000
 1.0000  0.0000  0.0109  0.0004  0.0005  0.0002  0.0026  0.0001  0.0009  0.0006  0.0009  0.0004  0.0004  0.0013  0.0004  0.0004  0.0462  0.0132  0.0558  0.0001  0.0000  0.0002  0.0000  0.0000  0.0000
 0.0009  0.0000  0.0002  0.0001  0.0002  0.0028  0.0002  0.0002  1.0000  0.0003  0.0612  0.0768  0.0002  0.0004  0.0004  0.0003  0.0003  0.0006  0.0035  0.0004  0.0000  0.0572  0.0000  0.0000  0.0000
 0.0000  0.0000  0.0000  0.0000  1.0000  0.0000  0.0000  0.0000  0.0000  0.0000  0.0000  0.0000  0.0000  0.0000  0.0000  0.0000  0.0000  0.0000  0.0000  0.0000  0.0000  0.0000  0.0000  0.0000  0.0000
 0.0009  0.0000  0.0002  0.0001  0.0002  0.0143  0.0002  0.0002  0.0046  0.0003  1.0000  0.4885  0.0002  0.0004  0.0005  0.0003  0.0003  0.0005  0.0025  0.0003  0.0000  0.0004  0.0000  0.0000  0.0000
 1.0000  0.0000  0.0012  0.0003  0.0009  0.0020  0.0003  0.0003  0.0683  0.0010  0.0658  0.0029  0.0005  0.0014  0.0009  0.0006  0.0010  0.0041  0.0278  0.0003  0.0000  0.0004  0.0000  0.0000  0.0000
 0.0308  0.0000  0.0179  0.0242  0.5630  0.0024  0.0159  0.0065  0.0080  1.0000  0.0253  0.0664  0.4850  0.0120  0.1060  0.1215  0.0296  0.0716  0.0318  0.0010  0.0000  0.0025  0.0000  0.0000  0.0000
 0.0036  0.0000  0.0009  0.0017  0.0012  0.0009  1.0000  0.0007  0.0009  0.0014  0.0425  0.0005  0.0010  0.0029  0.0009  0.0015  0.0021  0.0012  0.0012  0.0007  0.0000  0.0008  0.0000  0.0000  0.0000
 0.0103  0.0000  0.0001  0.0373  1.0000  0.0010  0.0037  0.0025  0.0013  0.1575  0.0865  0.0846  0.0042  0.0063  0.0931  0.0036  0.0051  0.0046  0.0024  0.0005  0.0000  0.0013  0.0000  0.0000  0.0000
 0.0000  0.0000  0.0000  0.0000  0.0000  0.0000  0.0000  0.0000  0.0000  0.0000  0.0000  0.0000  0.0000  1.0000  0.0000  0.0000  0.0000  0.0000  0.0000  0.0000  0.0000  0.0000  0.0000  0.0000  0.0000
 0.0000  0.0000  0.0000  0.0000  0.0000  0.0000  0.0000  0.0000  0.0000  0.0000  0.0000  0.0000  0.0000  1.0000  0.0000  0.0000  0.0000  0.0000  0.0000  0.0000  0.0000  0.0000  0.0000  0.0000  0.0000
 0.4337  0.0000  0.1343  0.1737  0.2873  0.5361  0.2911  0.6840  0.3512  0.6561  0.7634  0.2456  0.5546  0.2002  0.3645  0.7065  0.3464  0.3530  0.4163  0.1439  0.0000  1.0000  0.0000  0.0000  0.0000
 0.5628  0.0000  0.0185  0.0021  0.0025  0.0637  0.0155  0.0005  0.0013  0.0027  0.0027  0.0013  0.0018  0.0069  0.0019  0.0019  1.0000  0.0054  0.0047  0.0004  0.0000  0.0009  0.0000  0.0000  0.0000
 0.0066  0.0000  0.0005  1.0000  0.3865  0.0007  0.0063  0.0372  0.0011  0.0958  0.0019  0.0007  0.0514  0.0036  0.0213  0.0034  0.1916  0.1182  0.0018  0.0003  0.0000  0.0011  0.0000  0.0000  0.0000
 0.0071  0.0000  0.1212  0.0010  0.0016  0.0077  0.0017  0.0004  0.7802  0.0022  1.0000  0.2294  0.0014  0.0016  0.0013  0.0017  0.0021  0.2456  0.2643  0.0009  0.0000  0.0476  0.0000  0.0000  0.0000
 0.0010  0.0000  0.0006  0.0534  0.0013  0.0005  0.0035  1.0000  0.0004  0.0011  0.0008  0.0002  0.0026  0.0015  0.0008  0.0010  0.0014  0.0009  0.0005  0.0004  0.0000  0.0007  0.0000  0.0000  0.0000
 0.0000  0.0000  0.0000  0.0000  0.0000  0.0000  0.0000  0.0000  0.0000  0.0000  0.0000  0.0000  0.0000  1.0000  0.0000  0.0000  0.0000  0.0000  0.0000  0.0000  0.0000  0.0000  0.0000  0.0000  0.0000
 0.0006  0.0000  0.0002  0.0002  0.0002  0.0013  0.0004  0.0001  0.0150  0.0002  0.0057  1.0000  0.0002  0.0003  0.0002  0.0002  0.0002  0.0003  0.0012  0.0002  0.0000  0.0004  0.0000  0.0000  0.0000
 0.0017  0.0000  0.0002  0.0004  0.0023  0.0004  0.0013  0.0015  0.0007  0.8771  0.0017  0.0006  0.0016  0.0014  0.0039  1.0000  0.0014  0.0018  0.0009  0.0003  0.0000  0.0007  0.0000  0.0000  0.0000
 0.2043  0.0000  0.0011  0.0005  0.0009  0.0006  0.0024  0.0002  0.0038  0.0009  0.0029  0.0009  0.0005  0.0018  0.0007  0.0006  0.0026  0.0032  1.0000  0.0001  0.0000  0.0003  0.0000  0.0000  0.0000
 0.0008  0.0000  0.0002  0.0001  0.0002  0.0022  0.0002  0.0002  0.2201  0.0003  1.0000  0.0637  0.0002  0.0003  0.0004  0.0003  0.0002  0.0005  0.0022  0.0003  0.0000  0.0003  0.0000  0.0000  0.0000
 0.0006  0.0000  0.0002  0.0001  0.0002  1.0000  0.0001  0.0001  0.0030  0.0002  0.0175  0.0158  0.0001  0.0003  0.0003  0.0002  0.0002  0.0004  0.0534  0.0005  0.0000  0.0014  0.0000  0.0000  0.0000
 0.0038  0.0000  0.0009  0.0006  0.0011  0.0093  0.0009  0.0740  0.0173  0.0021  1.0000  0.2674  0.0011  0.0016  0.0421  0.0019  0.0680  0.0024  0.0096  0.0011  0.0000  0.0013  0.0000  0.0000  0.0000
 0.0006  0.0000  0.0001  0.0001  0.0001  0.0015  0.0001  0.0001  1.0000  0.0002  0.0613  0.0446  0.0001  0.0002  0.0003  0.0002  0.0002  0.0003  0.0019  0.0002  0.0000  0.0002  0.0000  0.0000  0.0000
 0.0040  0.0000  0.0004  0.0007  0.0006  0.0003  0.0029  0.0002  0.0003  0.0007  0.0006  0.0002  0.0006  1.0000  0.0005  0.0006  0.1326  0.0011  0.0007  0.0002  0.0000  0.0002  0.0000  0.0000  0.0000
 0.0024  0.0000  0.0003  0.0006  0.0025  0.0004  0.0014  0.0016  0.0009  1.0000  0.0019  0.0007  0.0022  0.0016  0.0042  0.0906  0.0835  0.1445  0.0012  0.0003  0.0000  0.0008  0.0000  0.0000  0.0000
 0.1355  0.0000  0.0015  0.0416  0.1926  0.0095  0.0173  0.0243  0.0029  0.0176  0.0049  0.0018  1.0000  0.0072  0.0242  0.0790  0.0869  0.0110  0.0045  0.0008  0.0000  0.0032  0.0000  0.0000  0.0000
 0.1044  0.0000  0.0065  0.1276  0.0677  0.0057  0.1553  0.0369  0.0099  0.1978  0.0168  0.0060  0.7046  1.0000  0.0507  0.0347  0.1618  0.1219  0.0154  0.0026  0.0000  0.0110  0.0000  0.0000  0.0000
 0.2345  0.0000  0.0008  0.0006  0.0007  0.0003  0.0042  0.0001  0.0003  0.0007  0.0007  0.0003  0.0005  1.0000  0.0005  0.0005  0.0199  0.0013  0.0012  0.0001  0.0000  0.0002  0.0000  0.0000  0.0000
 0.0000  0.0000  0.0000  0.0000  0.0000  0.0000  0.0000  0.0000  0.0000  0.0000  0.0000  0.0000  0.0000  1.0000  0.0000  0.0000  0.0000  0.0000  0.0000  0.0000  0.0000  0.0000  0.0000  0.0000  0.0000
 0.0906  0.0000  0.0074  0.0582  0.1611  0.0101  0.0498  0.0324  0.0276  0.3364  0.0622  0.1560  0.0666  0.0432  0.2646  0.4775  0.1515  1.0000  0.1470  0.0055  0.0000  0.0151  0.0000  0.0000  0.0000
 0.0007  0.0000  0.0002  0.0001  0.0002  0.1241  0.0002  0.0001  0.0032  0.0002  1.0000  0.0021  0.0002  0.0003  0.0003  0.0002  0.0002  0.0004  0.0018  0.0006  0.0000  0.0017  0.0000  0.0000  0.0000
 0.0491  0.0000  0.0028  0.0510  1.0000  0.0026  0.0198  0.1024  0.0281  0.1263  0.0311  0.0055  0.0401  0.0257  0.3347  0.2323  0.0824  0.1885  0.0854  0.0009  0.0000  0.0020  0.0000  0.0000  0.0000
 0.0026  0.0000  0.0004  0.1717  0.0136  0.0004  1.0000  0.0019  0.0003  0.1365  0.0005  0.0002  0.0099  0.0018  0.0025  0.0014  0.0049  0.0020  0.0005  0.0002  0.0000  0.0010  0.0000  0.0000  0.0000
 0.2815  0.0000  0.0121  0.5253  0.2637  0.0113  0.0859  0.1529  0.0422  0.5999  0.0924  0.0239  1.0000  0.4233  0.4103  0.1443  0.3286  0.1294  0.0644  0.0039  0.0000  0.0086  0.0000  0.0000  0.0000
 0.0049  0.0000  0.0019  0.0022  0.0025  0.9267  0.0033  0.1152  0.0050  0.0027  0.0099  0.0027  0.0029  0.0021  0.0026  0.0031  0.0039  0.0037  0.0055  0.6978  0.0000  1.0000  0.0000  0.0000  0.0000
 0.0016  0.0000  0.0103  0.0007  0.0004  0.0002  0.0005  0.0002  0.0005  0.0007  0.0004  0.0002  0.0123  0.0008  0.0005  0.0004  1.0000  0.1647  0.0008  0.0001  0.0000  0.0002  0.0000  0.0000  0.0000
 0.1141  0.0000  0.0051  0.3119  0.1006  0.0048  0.0361  0.0116  0.0178  1.0000  0.1537  0.0101  0.0787  0.1060  0.1202  0.1275  0.0952  0.0544  0.0313  0.0183  0.0000  0.0038  0.0000  0.0000  0.0000
 0.8370  0.0000  0.0371  0.5439  0.9025  0.0356  0.3626  0.1097  0.1792  0.6416  0.4081  0.0889  0.5879  1.0000  0.4957  0.3623  0.8791  0.8143  0.4388  0.0122  0.0000  0.0279  0.0000  0.0000  0.0000
 0.0651  0.0000  0.0003  0.0002  0.0003  1.0000  0.0004  0.0002  0.0044  0.0003  0.1623  0.0029  0.0002  0.0005  0.0004  0.0003  0.0005  0.0007  0.0027  0.0013  0.0000  0.0046  0.0000  0.0000  0.0000
 0.0039  0.0000  0.0004  0.0007  0.0055  0.0008  0.0028  0.1535  0.0017  1.0000  0.0040  0.0221  0.0038  0.0031  0.0093  0.0591  0.0032  0.1247  0.0022  0.0006  0.0000  0.0018  0.0000  0.0000  0.0000
 0.0035  0.0000  0.0004  1.0000  0.6751  0.0005  0.0984  0.0021  0.0004  0.0041  0.0008  0.0003  0.1705  0.0024  0.0174  0.0016  0.0050  0.0024  0.0007  0.0002  0.0000  0.0011  0.0000  0.0000  0.0000
 0.0003  0.0000  0.0001  0.0000  0.0001  1.0000  0.0000  0.0000  0.0006  0.0000  0.0014  0.0168  0.0000  0.0001  0.0000  0.0000  0.0002  0.0002  0.0005  0.0013  0.0000  0.0198  0.0000  0.0000  0.0000
 0.0024  0.0000  0.0121  0.0002  0.0004  0.0006  0.0001  0.0001  0.4488  0.0004  0.0037  0.0008  0.0002  0.0005  0.0003  0.0003  0.0004  0.0215  1.0000  0.0001  0.0000  0.0003  0.0000  0.0000  0.0000
 0.7652  0.0000  0.0080  0.3730  1.0000  0.0086  0.0725  0.0217  0.0280  0.4369  0.0457  0.0163  0.0801  0.0492  0.1044  0.0893  0.1739  0.1073  0.0437  0.0032  0.0000  0.0078  0.0000  0.0000  0.0000
 1.0000  0.0000  0.1352  0.1478  0.2037  0.4351  0.2171  0.3554  0.2500  0.4354  0.7306  0.2019  0.2082  0.1370  0.5863  0.2419  0.3612  0.3422  0.3209  0.1147  0.0000  0.6387  0.0000  0.0000  0.0000
 0.0447  0.0000  1.0000  0.0005  0.0004  0.0003  0.0025  0.0002  0.0003  0.0004  0.0005  0.0002  0.0003  0.0011  0.0003  0.0004  0.0020  0.0008  0.0008  0.0002  0.0000  0.0003  0.0000  0.0000  0.0000
 0.0000  0.0000  0.0000  0.0000  0.0000  0.0000  0.0000  0.0000  0.0000  0.0000  1.0000  0.0000  0.0000  0.0000  0.0000  0.0000  0.0000  0.0000  0.0000  0.0000  0.0000  0.0000  0.0000  0.0000  0.0000
 0.2877  0.0000  0.0294  0.1342  0.3547  0.0444  0.1522  0.1322  0.1529  1.0000  0.2003  0.0731  0.5615  0.1492  0.4392  0.8783  0.2413  0.4405  0.3741  0.0240  0.0000  0.0715  0.0000  0.0000  0.0000
 0.0007  0.0000  0.0001  0.0002  0.0010  0.0002  0.0006  0.0007  0.0003  1.0000  0.0008  0.0002  0.0007  0.0006  0.0017  0.1562  0.0006  0.0008  0.0004  0.0001  0.0000  0.0003  0.0000  0.0000  0.0000
 0.0140  0.0000  0.0002  1.0000  0.2031  0.0003  0.0027  0.0010  0.0003  0.0028  0.0006  0.0002  0.1191  0.0017  0.0031  0.0009  0.0978  0.0016  0.0190  0.0001  0.0000  0.0005  0.0000  0.0000  0.0000
 0.0262  0.0000  0.0135  0.0005  0.0006  0.0003  0.0035  0.0001  0.0004  0.0007  0.0007  0.0003  0.0005  1.0000  0.0005  0.0005  0.0035  0.0113  0.0012  0.0001  0.0000  0.0106  0.0000  0.0000  0.0000
 0.3917  0.0000  0.0140  0.5049  0.9946  0.0131  0.1006  0.0587  0.0486  0.5964  0.0784  0.0275  0.4531  0.0718  0.1540  1.0000  0.6868  0.1752  0.0741  0.0045  0.0000  0.0102  0.0000  0.0000  0.0000
 0.7356  0.0000  0.0534  0.6173  1.0000  0.0733  0.3723  0.1261  0.1850  0.9222  0.3095  0.1050  0.4900  0.2696  0.5875  0.5322  0.7121  0.5587  0.2809  0.0191  0.0000  0.0491  0.0000  0.0000  0.0000
 0.0000  0.0000  0.0000  0.0000  0.0000  0.0000  0.0000  0.0000  0.0000  0.0000  0.0000  0.0000  0.0000  0.0000  0.0000  1.0000  0.0000  0.0000  0.0000  0.0000  0.0000  0.0000  0.0000  0.0000  0.0000
 0.1527  0.0000  0.0008  0.0006  0.0007  0.0005  0.0042  0.0001  0.0004  0.0008  0.0008  0.0004  0.0005  1.0000  0.0005  0.0006  0.0038  0.0013  0.0013  0.0002  0.0000  0.0156  0.0000  0.0000  0.0000
 0.0973  0.0000  0.0006  0.0010  0.0007  0.0003  0.0014  0.0003  0.0007  0.0010  0.0007  0.0004  0.0017  0.0154  0.0008  0.0006  0.3450  1.0000  0.0012  0.0002  0.0000  0.0003  0.0000  0.0000  0.0000
 1.0000  0.0000  0.0005  0.0003  0.0004  0.0002  0.0023  0.0001  0.0004  0.0004  0.0006  0.0002  0.0003  0.0011  0.0003  0.0003  0.0020  0.0009  0.0175  0.0001  0.0000  0.0002  0.0000  0.0000  0.0000
 0.0108  0.0000  0.0009  0.0060  0.1593  0.0014  0.0064  0.0266  0.0427  1.0000  0.0071  0.0024  0.0388  0.0059  0.0157  0.1450  0.1885  0.1829  0.0050  0.0009  0.0000  0.0025  0.0000  0.0000  0.0000
 0.0249  0.0000  0.0001  0.0849  1.0000  0.0004  0.0018  0.0012  0.0006  0.0052  0.0012  0.0679  0.0021  0.0030  0.1722  0.0562  0.0026  0.0490  0.0012  0.0002  0.0000  0.0006  0.0000  0.0000  0.0000
 0.0005  0.0000  0.0001  0.0001  0.0001  0.0013  0.0001  0.0001  0.0024  0.0002  1.0000  0.0674  0.0001  0.0002  0.0003  0.0002  0.0001  0.0003  0.0013  0.0002  0.0000  0.0002  0.0000  0.0000  0.0000
 0.0005  0.0000  0.0001  0.0001  0.0001  0.0012  0.0001  0.0001  0.0023  0.0002  1.0000  0.0015  0.0001  0.0002  0.0002  0.0002  0.0001  0.0003  0.0174  0.0002  0.0000  0.0002  0.0000  0.0000  0.0000
 0.0028  0.0000  0.0003  0.0006  0.1093  0.0006  0.0019  0.0024  0.0012  1.0000  0.0027  0.0009  0.0026  0.0021  0.2968  0.2695  0.0270  0.0868  0.0015  0.0004  0.0000  0.0012  0.0000  0.0000  0.0000
 0.0011  0.0000  0.0112  0.0033  0.0012  0.0102  0.0025  1.0000  0.0004  0.0012  0.0007  0.0002  0.0578  0.0007  0.0009  0.0008  0.0021  0.0010  0.0005  0.0002  0.0000  0.0442  0.0000  0.0000  0.0000
 0.0341  0.0000  0.0031  0.0129  0.1283  0.0060  0.0228  0.0247  0.0130  1.0000  0.0295  0.0098  0.0471  0.5036  0.1232  0.2942  0.0897  0.0391  0.0177  0.0043  0.0000  0.0122  0.0000  0.0000  0.0000
 0.0003  0.0000  0.0001  0.0000  0.0001  1.0000  0.0000  0.0000  0.0006  0.0000  0.0264  0.0003  0.0000  0.0001  0.0000  0.0000  0.0002  0.0002  0.0006  0.0013  0.0000  0.0332  0.0000  0.0000  0.0000
 0.0004  0.0000  0.0001  0.0001  0.0001  0.0006  0.0002  0.0000  1.0000  0.0002  0.0098  0.0006  0.0001  0.0001  0.0001  0.0002  0.0002  0.0005  0.3276  0.0001  0.0000  0.0003  0.0000  0.0000  0.0000
 0.8576  0.0000  0.1069  0.4594  0.8343  0.1164  0.3007  0.1507  0.5221  1.0000  0.5308  0.1739  0.4045  0.2817  0.5177  0.5800  0.5981  0.7333  0.9898  0.0327  0.0000  0.1090  0.0000  0.0000  0.0000
 0.0016  0.0000  0.0002  0.0003  0.0022  0.0003  0.0011  0.0014  0.0007  0.6574  0.0016  0.0005  0.0016  0.0013  0.0747  1.0000  0.0013  0.0017  0.0009  0.0003  0.0000  0.0007  0.0000  0.0000  0.0000
 0.3505  0.0000  0.3599  0.1320  0.1755  0.4774  0.2855  0.4787  0.2518  0.3019  0.4155  0.1750  1.0000  0.1308  0.1985  0.2227  0.8165  0.3661  0.3212  0.1182  0.0000  0.9109  0.0000  0.0000  0.0000
 1.0000  0.0000  0.0221  0.0146  0.0651  0.0017  0.0364  0.0032  0.0033  0.0306  0.0049  0.0022  0.1706  0.0093  0.0073  0.0064  0.0981  0.1219  0.0068  0.0008  0.0000  0.0021  0.0000  0.0000  0.0000
 0.0288  0.0000  0.0030  0.0058  0.0252  0.0040  0.2258  0.0147  0.0082  1.0000  0.0180  0.0595  0.0187  0.0614  0.0396  0.1489  0.0413  0.1220  0.0228  0.0028  0.0000  0.0078  0.0000  0.0000  0.0000
 0.0115  0.0000  0.0011  0.0030  0.0842  0.0023  0.1754  0.0097  0.0046  1.0000  0.0110  0.0036  0.0110  0.1363  0.0259  0.1615  0.0094  0.0318  0.0062  0.0017  0.0000  0.0049  0.0000  0.0000  0.0000
 0.2053  0.0000  0.0075  0.0018  0.0056  0.0039  0.0001  0.0014  0.1424  0.0056  0.0964  0.0079  0.1658  0.0386  0.0042  0.0031  0.0061  1.0000  0.3744  0.0007  0.0000  0.0012  0.0000  0.0000  0.0000
 0.1195  0.0000  0.0015  0.0045  0.2277  0.0008  0.0032  0.0012  0.0021  0.0039  0.0021  0.0011  0.1188  0.0038  0.0028  0.0666  1.0000  0.1833  0.0034  0.0005  0.0000  0.0010  0.0000  0.0000  0.0000
 0.4149  0.0000  0.0819  0.1550  0.1262  0.4147  0.1525  0.2776  0.3589  0.2117  0.3005  0.1021  0.1421  0.1042  0.1358  0.1729  0.2129  0.1810  0.2809  0.0856  0.0000  1.0000  0.0000  0.0000  0.0000
 0.0445  0.0000  0.0002  0.0001  0.0002  0.0019  0.0002  0.0001  0.0035  0.0002  1.0000  0.0877  0.0002  0.0003  0.0004  0.0002  0.0002  0.0004  0.0020  0.0002  0.0000  0.0002  0.0000  0.0000  0.0000
 0.2822  0.0000  0.0432  0.0845  0.2117  0.0565  0.0931  0.0908  0.2688  0.7346  0.3644  0.0969  0.1328  0.1130  0.5292  0.6574  0.2152  1.0000  0.5482  0.0204  0.0000  0.0677  0.0000  0.0000  0.0000
 0.0975  0.0000  0.0001  0.3313  1.0000  0.0005  0.0025  0.0014  0.0007  0.0058  0.0013  0.0005  0.0025  0.0245  0.0076  0.0016  0.0740  0.0026  0.0014  0.0003  0.0000  0.0007  0.0000  0.0000  0.0000
 0.0051  0.0000  0.0006  0.0617  0.0120  0.0036  0.0036  0.0026  0.0066  0.0858  1.0000  0.0045  0.0049  0.0032  0.0234  0.0115  0.0038  0.0038  0.0046  0.0191  0.0000  0.0016  0.0000  0.0000  0.0000
 0.0003  0.0000  0.0001  0.0001  0.0001  0.0005  0.0001  0.0000  1.0000  0.0001  0.0451  0.0005  0.0001  0.0001  0.0001  0.0001  0.0001  0.0004  0.0501  0.0001  0.0000  0.0002  0.0000  0.0000  0.0000
 0.0557  0.0000  0.0015  1.0000  0.7865  0.0016  0.0119  0.0652  0.0053  0.1924  0.0087  0.0031  0.1666  0.0091  0.3218  0.0148  0.0473  0.1898  0.0082  0.0006  0.0000  0.0015  0.0000  0.0000  0.0000
 0.0037  0.0000  0.0003  0.0008  0.2515  0.0702  0.0026  0.0032  0.0016  0.1475  0.0037  0.0145  0.0035  0.0029  0.0086  1.0000  0.0030  0.0039  0.0021  0.0006  0.0000  0.0016  0.0000  0.0000  0.0000
 0.5228  0.0000  0.0816  0.0946  0.1257  0.4926  0.1624  0.3210  0.1997  0.2089  0.3295  0.1018  0.1484  0.0941  0.1353  0.2780  0.2030  0.1804  0.2995  0.0853  0.0000  1.0000  0.0000  0.0000  0.0000
 0.1090  0.0000  0.0025  0.0283  0.3261  0.0025  0.0178  0.0064  0.0277  1.0000  0.0146  0.2175  0.0490  0.0131  0.4805  0.2078  0.0433  0.0426  0.0134  0.0009  0.0000  0.0022  0.0000  0.0000  0.0000
 0.0613  0.0000  0.0044  0.3279  0.3381  0.0043  0.0668  0.0106  0.0537  0.4190  0.0515  0.0662  0.0403  0.0227  0.0493  1.0000  0.1399  0.0467  0.0233  0.0015  0.0000  0.0036  0.0000  0.0000  0.0000
 0.0418  0.0000  0.0125  0.0148  0.0289  0.0478  0.0271  0.0424  0.1942  0.0941  0.0521  0.0306  0.0277  0.0773  0.0498  0.1409  0.0327  0.0346  0.1158  1.0000  0.0000  0.1408  0.0000  0.0000  0.0000
 0.0617  0.0000  0.0017  0.1782  0.1333  0.0381  0.0120  0.0209  0.0059  1.0000  0.0256  0.0034  0.1020  0.0086  0.1438  0.4405  0.0308  0.0181  0.0386  0.0006  0.0000  0.0013  0.0000  0.0000  0.0000
 1.0000  0.0000  0.0263  0.0800  0.2380  0.0189  0.0877  0.0247  0.0949  0.1184  0.2717  0.0340  0.0780  0.0371  0.2039  0.0702  0.2425  0.0892  0.1658  0.0055  0.0000  0.0230  0.0000  0.0000  0.0000
 0.1781  0.0000  0.0126  0.2188  1.0000  0.0117  0.2085  0.0286  0.0855  0.6657  0.0907  0.0249  0.1887  0.0647  0.3751  0.3175  0.3628  0.3663  0.1487  0.0040  0.0000  0.0089  0.0000  0.0000  0.0000
 0.6603  0.0000  0.0463  0.5230  0.8220  0.0568  0.5567  0.2474  0.1564  1.0000  0.2744  0.1183  0.5979  0.2199  0.7504  0.7184  0.6488  0.4770  0.2878  0.0181  0.0000  0.1753  0.0000  0.0000  0.0000
 0.3912  0.0000  0.0226  0.1620  0.2293  0.0558  1.0000  0.3994  0.0647  0.2856  0.1398  0.0365  0.3261  0.1454  0.3293  0.1513  0.4274  0.1900  0.1421  0.0155  0.0000  0.1770  0.0000  0.0000  0.0000
 0.7380  0.0000  0.0506  0.5557  1.0000  0.0666  0.4177  0.3386  0.1690  0.7927  0.3028  0.0955  0.5242  0.2344  0.5539  0.5451  0.6573  0.5069  0.3526  0.0209  0.0000  0.1888  0.0000  0.0000  0.0000
 0.5675  0.0000  0.0386  0.7211  1.0000  0.0360  0.3381  0.0877  0.1353  0.7463  0.3130  0.0765  0.4304  0.2108  0.5724  0.5221  0.8688  0.4623  0.2219  0.0124  0.0000  0.0273  0.0000  0.0000  0.0000
 0.4860  0.0000  0.0176  1.0000  0.7502  0.0164  0.2481  0.0399  0.0615  0.5702  0.1841  0.0348  0.3375  0.1220  0.4585  0.2830  0.5155  0.3339  0.1116  0.0056  0.0000  0.0124  0.0000  0.0000  0.0000
 0.7917  0.0000  0.0203  0.7102  0.7543  0.0190  0.4131  0.0909  0.0712  0.3863  0.1149  0.0403  0.2156  0.2377  0.4373  0.1998  1.0000  0.3745  0.1662  0.0065  0.0000  0.0144  0.0000  0.0000  0.0000
 0.4770  0.0000  0.0293  0.7650  0.8526  0.0274  0.2774  0.0837  0.1027  0.5492  0.2471  0.0726  0.3366  0.2775  0.3235  0.4085  1.0000  0.4790  0.1735  0.0094  0.0000  0.0208  0.0000  0.0000  0.0000
 0.2663  0.0000  0.0184  0.4278  0.6812  0.0189  0.2017  0.1301  0.0639  0.3367  0.1631  0.0816  0.3573  0.0926  0.3040  0.2056  1.0000  0.2120  0.1410  0.0063  0.0000  0.0413  0.0000  0.0000  0.0000
 0.4885  0.0000  0.1219  0.6781  1.0000  0.4581  0.3820  0.4046  0.3420  0.3390  0.4648  0.1585  0.3063  0.3378  0.2851  0.3085  0.6525  0.3446  0.5522  0.1374  0.0000  0.6946  0.0000  0.0000  0.0000
 0.2749  0.0000  0.0173  1.0000  0.6556  0.0162  0.1954  0.0394  0.1203  0.6595  0.1244  0.0344  0.2523  0.2656  0.2046  0.2447  0.6449  0.3080  0.1733  0.0056  0.0000  0.0765  0.0000  0.0000  0.0000
 0.6269  0.0000  0.1714  0.4510  0.5060  0.6834  0.3828  0.5188  0.3953  0.4129  0.6923  0.2233  0.3759  0.2413  0.3625  0.4022  0.7000  0.4658  0.5419  0.1732  0.0000  1.0000  0.0000  0.0000  0.0000
 0.8158  0.0000  0.1054  1.0000  0.9844  0.2097  0.5231  0.2292  0.2621  0.8282  0.4206  0.1461  0.5175  0.2862  0.5569  0.5416  0.8821  0.5677  0.3777  0.0584  0.0000  0.5697  0.0000  0.0000  0.0000
 0.9664  0.0000  0.0399  0.7671  0.9653  0.0372  0.4532  0.0907  0.2350  0.6952  0.2392  0.1304  0.4973  0.3243  0.5455  0.4401  1.0000  0.6051  0.3331  0.0128  0.0000  0.0283  0.0000  0.0000  0.0000
 0.2183  0.0000  0.0334  0.5776  1.0000  0.0126  0.1044  0.0285  0.0558  0.2110  0.1034  0.1362  0.2289  0.0958  0.3039  0.1349  0.4228  0.1472  0.1627  0.0042  0.0000  0.0224  0.0000  0.0000  0.0000
 0.6940  0.0000  0.0505  0.6968  0.9603  0.0347  0.3286  0.0962  0.1305  0.6863  0.3311  0.1281  0.4116  0.4206  0.6873  0.4113  1.0000  0.8087  0.2436  0.0120  0.0000  0.0264  0.0000  0.0000  0.0000
 0.4484  0.0000  0.0294  1.0000  0.7300  0.0279  0.2191  0.0669  0.1028  0.5297  0.3845  0.1358  0.4629  0.2901  0.4434  0.3129  0.4415  0.3970  0.1665  0.0095  0.0000  0.0543  0.0000  0.0000  0.0000
 0.9792  0.0000  0.0400  0.5504  1.0000  0.0580  0.8263  0.1679  0.1619  0.7515  0.2261  0.1027  0.7608  0.4718  0.5689  0.5758  0.8135  0.4879  0.2846  0.0129  0.0000  0.0286  0.0000  0.0000  0.0000
 0.6854  0.0000  0.0428  0.6377  1.0000  0.0400  0.3051  0.1108  0.2123  0.8832  0.2421  0.0849  0.4303  0.2994  0.6474  0.4208  0.6587  0.8479  0.2288  0.0427  0.0000  0.0305  0.0000  0.0000  0.0000
 0.9948  0.0000  0.0661  0.6684  1.0000  0.1165  0.3888  0.1675  0.3466  0.9476  0.3564  0.1664  0.5195  0.3513  0.6541  0.5346  0.8227  0.5953  0.3807  0.0325  0.0000  0.1342  0.0000  0.0000  0.0000
 0.6378  0.0000  0.0422  0.6724  0.9133  0.0393  0.4165  0.0959  0.1479  0.7916  0.2385  0.1610  0.4409  0.3861  0.4744  0.7271  1.0000  0.6002  0.2344  0.0135  0.0000  0.0298  0.0000  0.0000  0.0000
 0.7477  0.0000  0.0492  0.6269  1.0000  0.0464  0.5479  0.1456  0.2450  0.9564  0.2778  0.0974  0.5327  0.3571  0.5415  0.5166  0.7369  0.5402  0.2731  0.0684  0.0000  0.0357  0.0000  0.0000  0.0000
 0.5759  0.0000  0.0238  0.7752  0.6122  0.0222  1.0000  0.1174  0.0835  0.6777  0.2383  0.2305  0.8388  0.1539  0.3421  0.2608  0.4832  0.3613  0.1370  0.0077  0.0000  0.0169  0.0000  0.0000  0.0000
 0.7400  0.0000  0.0838  0.6336  1.0000  0.2194  0.4500  0.2208  0.2421  0.8259  0.3918  0.1379  0.5354  0.2753  0.5451  0.5089  0.7883  0.6047  0.3414  0.0521  0.0000  0.2459  0.0000  0.0000  0.0000
 0.0388  0.0000  0.0027  1.0000  0.3980  0.0026  0.1456  0.0062  0.0340  0.0656  0.0155  0.0279  0.2107  0.0627  0.2701  0.0269  0.1948  0.1600  0.0389  0.0009  0.0000  0.0019  0.0000  0.0000  0.0000
 0.6980  0.0000  0.0538  0.8337  1.0000  0.1534  0.4280  0.2615  0.1820  0.7558  0.3033  0.0971  0.4360  0.2487  0.5188  0.5377  0.8735  0.5664  0.2900  0.0266  0.0000  0.1854  0.0000  0.0000  0.0000
 0.5917  0.0000  0.0519  1.0000  0.9893  0.1304  0.5533  0.1338  0.1641  0.6936  0.2954  0.0933  0.3814  0.6156  0.4815  0.4079  0.6886  0.4407  0.3303  0.0277  0.0000  0.1095  0.0000  0.0000  0.0000
 0.6722  0.0000  0.0453  0.6612  1.0000  0.0446  0.3980  0.1035  0.1988  0.8278  0.3036  0.1127  0.4200  0.2533  0.4927  0.4778  0.6381  0.4799  0.2445  0.0151  0.0000  0.0452  0.0000  0.0000  0.0000
 0.0109  0.0000  0.0016  0.0043  0.0024  0.0008  0.0231  0.0011  0.0017  0.0033  0.0020  0.0010  0.0063  0.0041  0.0551  0.0021  0.0850  0.1071  0.0033  1.0000  0.0000  0.0009  0.0000  0.0000  0.0000
 0.6236  0.0000  0.0886  0.4078  0.5362  0.1063  0.2334  0.1186  0.3207  0.4998  0.3032  0.1088  0.3791  0.2304  0.3385  0.2988  0.8469  1.0000  0.5352  0.0338  0.0000  0.1177  0.0000  0.0000  0.0000
 0.0239  0.0000  0.0067  0.0082  0.0185  1.0000  0.0159  0.0833  0.0163  0.1502  0.0290  0.0806  0.0169  0.1057  0.0256  0.0703  0.0191  0.0204  0.0209  0.0074  0.0000  0.0876  0.0000  0.0000  0.0000
 0.0063  0.0000  0.0015  0.1458  0.0088  0.0012  0.0793  0.0062  0.0007  0.0749  0.0014  0.0005  0.0482  0.0049  0.0057  0.0043  0.0174  1.0000  0.0012  0.0006  0.0000  0.0032  0.0000  0.0000  0.0000
 0.0166  0.0000  0.0041  0.0019  0.0033  0.0102  0.0029  0.0005  0.6816  0.0042  0.1576  0.0417  0.1509  0.0034  0.0021  0.0307  0.0042  0.4432  1.0000  0.0013  0.0000  0.0044  0.0000  0.0000  0.0000
 0.1377  0.0000  0.0462  0.0506  0.0948  0.0797  0.0521  0.0566  0.1091  0.6242  0.0993  0.0330  0.0630  0.0473  0.2693  1.0000  0.1517  0.1254  0.4716  0.0163  0.0000  0.0772  0.0000  0.0000  0.0000
 0.4985  0.0000  0.0302  0.3546  0.8293  0.0282  0.3927  0.0687  0.1058  1.0000  0.1707  0.0920  0.3009  0.5432  0.5127  0.4162  0.5175  0.4129  0.1614  0.0097  0.0000  0.0214  0.0000  0.0000  0.0000
 0.6722  0.0000  0.0403  0.4715  0.7779  0.0382  0.3070  0.1339  0.1535  1.0000  0.3258  0.1081  0.4005  0.2888  0.4565  0.4798  0.6849  0.4735  0.2522  0.0131  0.0000  0.0294  0.0000  0.0000  0.0000
 0.7850  0.0000  0.0524  0.9450  1.0000  0.0492  0.5070  0.2047  0.1836  0.9821  0.3198  0.1203  0.5524  0.5008  0.5781  0.6655  0.8579  0.6945  0.2933  0.0169  0.0000  0.0375  0.0000  0.0000  0.0000
 0.7340  0.0000  0.0836  0.5282  0.8505  0.2082  0.4790  0.4081  0.2998  0.8242  0.4229  0.3271  0.4526  1.0000  0.5655  0.5411  0.7294  0.5329  0.4440  0.0579  0.0000  0.2715  0.0000  0.0000  0.0000
 0.3586  0.0000  0.0246  0.2893  0.6229  0.0230  0.3153  0.0560  0.1125  1.0000  0.1630  0.1216  0.5397  0.1648  0.3268  0.3669  0.6577  0.5892  0.1904  0.0079  0.0000  0.0175  0.0000  0.0000  0.0000
 0.5705  0.0000  0.0332  0.4540  0.6221  0.0496  0.3193  0.1045  0.1959  1.0000  0.1871  0.0656  0.5777  0.1942  0.5291  0.4011  0.6495  0.7871  0.1767  0.0108  0.0000  0.0244  0.0000  0.0000  0.0000
 0.6102  0.0000  0.1558  0.2870  0.3416  0.4749  0.2614  0.3605  0.3758  0.3878  1.0000  0.2216  0.3453  0.2046  0.3003  0.2927  0.3866  0.3928  0.6017  0.1196  0.0000  0.7110  0.0000  0.0000  0.0000
 0.6099  0.0000  0.0379  0.6908  0.9997  0.0630  0.3431  0.2416  0.1327  0.7879  0.2905  0.0751  0.4738  0.4262  1.0000  0.4374  0.7754  0.4544  0.2024  0.0122  0.0000  0.0269  0.0000  0.0000  0.0000
 0.3729  0.0000  0.0184  0.4890  0.4339  0.0171  0.2349  0.0417  0.0643  0.4969  0.1270  0.0364  1.0000  0.1795  0.2025  0.3855  0.3208  0.3703  0.1430  0.0335  0.0000  0.0130  0.0000  0.0000  0.0000
 0.1795  0.0000  0.0096  0.0966  0.0661  0.0799  1.0000  0.0530  0.0373  0.1010  0.0412  0.0368  0.0775  0.0718  0.0790  0.1001  0.1848  0.0884  0.0566  0.0931  0.0000  0.0400  0.0000  0.0000  0.0000
 1.0000  0.0000  0.1334  0.5378  0.8727  0.2250  0.4384  0.2373  0.3636  0.8044  0.4239  0.1401  0.4722  0.4817  0.5626  0.5328  0.8600  0.9441  0.3714  0.0622  0.0000  0.4193  0.0000  0.0000  0.0000
 0.7261  0.0000  0.0511  0.5505  1.0000  0.0620  0.3621  0.1565  0.1971  0.8511  0.5501  0.1958  0.4385  0.2440  0.5964  0.5019  0.6872  0.5563  0.5058  0.0198  0.0000  0.0595  0.0000  0.0000  0.0000
 0.6299  0.0000  0.0393  0.5444  0.7719  0.0368  0.2795  0.5247  0.1375  1.0000  0.3429  0.0778  0.5356  0.2016  0.9998  0.8227  0.9411  0.5208  0.3545  0.0127  0.0000  0.0281  0.0000  0.0000  0.0000
 0.2078  0.0000  0.0183  0.1057  0.3015  0.0729  0.1185  0.0498  0.1052  0.1795  0.1736  0.0641  0.1227  1.0000  0.2455  0.0987  0.6863  0.1433  0.2048  0.0342  0.0000  0.0642  0.0000  0.0000  0.0000
 0.6206  0.0000  0.0366  0.4925  0.9839  0.1386  0.3079  0.1071  0.1573  0.6769  0.2065  0.0724  0.4383  0.1875  0.4344  0.6341  1.0000  0.4645  0.2181  0.0119  0.0000  0.0266  0.0000  0.0000  0.0000
 0.1392  0.0000  0.0052  1.0000  0.4397  0.0048  0.1816  0.1226  0.0179  0.1207  0.0289  0.0101  0.1400  0.0265  0.2888  0.0503  0.5571  0.2721  0.0273  0.0017  0.0000  0.0038  0.0000  0.0000  0.0000
 0.7579  0.0000  0.0584  0.6281  1.0000  0.0648  0.3951  0.1316  0.2053  0.9222  0.3366  0.1151  0.5006  0.2843  0.5884  0.5244  0.7366  0.5826  0.2984  0.0210  0.0000  0.0597  0.0000  0.0000  0.0000
 0.5930  0.0000  0.0370  0.9702  1.0000  0.0345  0.3221  0.0840  0.1690  0.9873  0.2460  0.0733  0.4563  0.2156  0.4992  0.5699  0.6232  0.4407  0.3491  0.0119  0.0000  0.0261  0.0000  0.0000  0.0000
 0.7037  0.0000  0.0495  0.5881  1.0000  0.0496  0.3615  0.1126  0.1736  0.8949  0.2800  0.0982  0.4748  0.2868  0.5821  0.5363  0.6972  0.6083  0.2719  0.0159  0.0000  0.0350  0.0000  0.0000  0.0000
 0.7495  0.0000  0.0516  0.6731  1.0000  0.0490  0.3851  0.1231  0.1806  0.9431  0.3439  0.1022  0.5581  0.2644  0.5829  0.5394  0.7069  0.5818  0.3084  0.0198  0.0000  0.0379  0.0000  0.0000  0.0000
 0.7810  0.0000  0.0431  0.6033  0.8689  0.0402  0.3383  0.1258  0.1511  1.0000  0.2784  0.0855  0.4074  0.3541  0.5266  0.4766  0.6611  0.4891  0.2448  0.0139  0.0000  0.0305  0.0000  0.0000  0.0000
 0.7491  0.0000  0.0523  0.6155  1.0000  0.0516  0.3744  0.1193  0.1836  0.9053  0.3087  0.1337  0.4810  0.2711  0.5759  0.5132  0.7340  0.5658  0.2982  0.0172  0.0000  0.0395  0.0000  0.0000  0.0000
 0.3833  0.0000  0.0271  0.3883  0.7252  0.0252  0.2814  0.0615  0.0948  1.0000  0.1530  0.0536  0.2509  0.3155  0.3821  0.3017  0.9172  0.3825  0.1757  0.0087  0.0000  0.0192  0.0000  0.0000  0.0000
 0.3078  0.0000  0.0162  1.0000  0.4329  0.0151  0.1153  0.0368  0.0567  0.2816  0.1399  0.0321  0.2210  0.4618  0.3842  0.1936  0.7308  0.3563  0.0864  0.0052  0.0000  0.0115  0.0000  0.0000  0.0000
 0.3789  0.0000  0.0613  0.2406  0.4788  0.2065  0.2552  0.1752  1.0000  0.3973  0.3624  0.1653  0.3084  0.2093  0.2935  0.3204  0.3573  0.3605  0.4702  0.0525  0.0000  0.2866  0.0000  0.0000  0.0000
 0.0179  0.0000  0.0013  0.1377  0.0495  0.0015  0.0099  0.0581  0.0044  0.2726  0.0075  0.0026  0.0133  1.0000  0.0336  0.0375  0.0557  0.0683  0.0067  0.0006  0.0000  0.0017  0.0000  0.0000  0.0000
 0.3332  0.0000  0.0205  0.2375  0.4900  0.0196  0.1459  0.0485  0.0720  1.0000  0.4029  0.0410  0.2241  0.1948  0.2628  0.9616  0.7962  0.2199  0.1419  0.0070  0.0000  0.0158  0.0000  0.0000  0.0000
 0.4531  0.0000  0.0225  0.3038  0.5832  0.0210  0.2344  0.0512  0.0789  0.5810  0.2201  0.0446  0.2359  0.2232  0.5650  1.0000  0.7390  0.2820  0.1496  0.0072  0.0000  0.0159  0.0000  0.0000  0.0000
 0.0866  0.0000  0.0014  0.0167  0.2521  0.0014  0.0368  0.0033  0.0280  0.1168  0.0081  0.0230  0.0132  1.0000  0.0158  0.0311  0.1859  0.0336  0.0077  0.0005  0.0000  0.0011  0.0000  0.0000  0.0000
 0.5015  0.0000  0.1733  0.2022  0.2694  0.7292  0.3234  0.5311  0.3859  0.3094  0.6491  0.2180  0.3017  0.2147  0.2888  0.3775  0.4016  0.3929  0.4969  0.1811  0.0000  1.0000  0.0000  0.0000  0.0000
 0.6404  0.0000  0.0657  0.4948  0.8083  0.1398  0.3435  0.2483  0.3070  0.8349  0.3582  0.1128  0.4267  0.2593  0.4977  0.5760  1.0000  0.4895  0.2985  0.0406  0.0000  0.1760  0.0000  0.0000  0.0000
 0.5020  0.0000  0.0308  0.3600  0.6968  0.0291  0.3041  0.0835  0.1077  0.5525  0.1739  0.0610  0.2845  0.4532  1.0000  0.3939  0.6748  0.3477  0.2167  0.0100  0.0000  0.0224  0.0000  0.0000  0.0000
 0.5042  0.0000  0.3278  0.2643  0.1906  0.0368  0.4051  0.0643  0.0734  0.2129  0.0976  0.0440  0.4016  0.1709  0.1606  0.1862  1.0000  0.7861  0.1344  0.0179  0.0000  0.0471  0.0000  0.0000  0.0000
 0.3260  0.0000  0.0926  0.1250  0.1723  0.3146  0.1561  0.2222  0.2529  0.1708  1.0000  0.1439  0.3280  0.2236  0.1566  0.1698  0.4442  0.5869  0.3627  0.0787  0.0000  0.3976  0.0000  0.0000  0.0000
 0.3227  0.0000  0.1480  0.2648  0.4132  0.1278  0.4310  0.0694  0.0722  0.4258  0.1166  0.0408  0.2576  0.1023  0.2611  0.1952  1.0000  0.3335  0.1269  0.0080  0.0000  0.0234  0.0000  0.0000  0.0000
 0.4110  0.0000  0.0262  0.1960  0.2663  0.0584  0.3411  0.0657  0.2042  0.2498  0.1180  0.1895  0.2665  0.1275  0.3267  0.1529  0.5305  1.0000  0.1061  0.0167  0.0000  0.1030  0.0000  0.0000  0.0000
 0.0570  0.0000  0.0137  0.0079  0.0390  0.0274  0.0099  0.0151  1.0000  0.0149  0.4034  0.1993  0.0117  0.1529  0.0125  0.0133  0.0661  0.3781  0.6039  0.0060  0.0000  0.0661  0.0000  0.0000  0.0000
 0.4014  0.0000  0.1306  0.1672  0.1908  0.5286  0.2196  0.3406  0.9850  0.2069  0.8345  0.2479  0.2700  0.1721  0.1999  0.2653  0.2723  0.3145  1.0000  0.1237  0.0000  0.6428  0.0000  0.0000  0.0000
 0.2114  0.0000  0.0392  0.0843  0.1431  0.1449  0.1309  0.1312  0.0920  0.1456  0.2137  0.2357  0.0958  0.0600  0.0998  0.2255  1.0000  0.3345  0.1685  0.0384  0.0000  0.2290  0.0000  0.0000  0.0000
 0.0047  0.0000  0.0006  0.0018  0.0386  0.0003  0.0023  0.0004  0.0007  0.0013  0.0008  0.0004  0.0020  1.0000  0.0011  0.0008  0.0796  0.0416  0.0013  0.0002  0.0000  0.0003  0.0000  0.0000  0.0000
 0.5711  0.0000  0.1123  0.1269  0.1916  0.3237  0.1616  0.2457  0.5392  0.3675  0.8517  0.1370  0.1697  0.1375  0.2648  0.1940  0.3735  0.3715  1.0000  0.0836  0.0000  0.4733  0.0000  0.0000  0.0000
 0.2802  0.0000  0.0792  0.0706  0.1334  1.0000  0.1032  0.1689  0.3777  0.1148  0.5725  0.1109  0.1058  0.0906  0.1071  0.4100  0.2150  0.3579  0.6628  0.0597  0.0000  0.3087  0.0000  0.0000  0.0000
 1.0000  0.0000  0.0029  0.0838  0.0942  0.0027  0.1488  0.0065  0.0100  0.1302  0.0406  0.0057  0.0266  0.0147  0.1026  0.0826  0.3280  0.2040  0.0153  0.0009  0.0000  0.0020  0.0000  0.0000  0.0000
 0.1005  0.0000  0.0012  0.0175  1.0000  0.0024  0.0095  0.0484  0.0051  0.0786  0.1080  0.0036  0.0124  0.0308  0.2514  0.0979  0.0137  0.0139  0.0073  0.0015  0.0000  0.0042  0.0000  0.0000  0.0000
 0.0476  0.0000  0.0055  0.0124  0.0195  0.0089  0.0094  0.0078  0.0373  0.0512  1.0000  0.0066  0.0362  0.0373  0.0140  0.0327  0.0566  0.1664  0.1532  0.0024  0.0000  0.0107  0.0000  0.0000  0.0000
 0.2734  0.0000  0.0109  0.1861  0.2644  0.0102  0.0774  0.0248  0.2088  1.0000  0.0614  0.0215  0.1567  0.0559  0.2720  0.1350  0.1491  0.2977  0.0580  0.0035  0.0000  0.0078  0.0000  0.0000  0.0000
 0.4203  0.0000  0.0249  0.3671  1.0000  0.0237  0.1769  0.0568  0.0872  0.4704  0.1824  0.0493  0.2300  0.2710  0.4957  0.3171  0.7245  0.3574  0.1328  0.0081  0.0000  0.1347  0.0000  0.0000  0.0000
 0.0903  0.0000  0.0064  0.0746  0.1665  0.0061  0.0762  0.0149  0.1629  1.0000  0.0364  0.0481  0.1783  0.0330  0.5228  0.1931  0.3261  0.1265  0.0342  0.0021  0.0000  0.0048  0.0000  0.0000  0.0000
 0.5073  0.0000  0.1760  0.2160  0.2721  0.7114  0.3280  0.5484  0.3941  0.2896  0.6496  0.2195  0.3071  0.2032  0.2929  0.3540  0.4071  0.3893  0.4994  0.1839  0.0000  1.0000  0.0000  0.0000  0.0000
 0.2254  0.0000  0.0112  0.1300  0.6706  0.0107  0.3203  0.0748  0.0393  0.4697  0.1089  0.0223  0.1036  0.0577  0.6908  1.0000  0.2284  0.1610  0.0598  0.0038  0.0000  0.0085  0.0000  0.0000  0.0000
 0.7690  0.0000  0.0524  0.6147  1.0000  0.0503  0.3707  0.1194  0.1829  0.9210  0.2994  0.1082  0.5113  0.2673  0.5947  0.5194  0.7335  0.5586  0.2818  0.0172  0.0000  0.0453  0.0000  0.0000  0.0000
 0.5011  0.0000  0.1885  0.2018  0.2682  0.6924  0.3241  0.5358  0.3872  0.2856  0.6460  0.2170  0.3202  0.2008  0.2928  0.3418  0.4170  0.3858  0.4949  0.1898  0.0000  1.0000  0.0000  0.0000  0.0000
 0.5783  0.0000  0.0033  0.1181  0.0974  0.0031  1.0000  0.0075  0.0115  0.2971  0.0429  0.0065  0.1450  0.0168  0.0362  0.0731  0.5190  0.0952  0.0175  0.0011  0.0000  0.0023  0.0000  0.0000  0.0000
 0.5942  0.0000  0.0394  0.4319  1.0000  0.0467  0.5818  0.1624  0.1315  0.6563  0.2148  0.0753  0.3379  0.1926  0.4443  0.5064  0.6368  0.3895  0.2202  0.0157  0.0000  0.0460  0.0000  0.0000  0.0000
 0.9293  0.0000  0.0511  0.5813  0.9337  0.0789  0.4541  0.1179  0.1769  0.9712  0.2857  0.1440  1.0000  0.3372  0.5908  0.6627  0.8388  0.5572  0.2688  0.0177  0.0000  0.0450  0.0000  0.0000  0.0000
 0.6442  0.0000  0.1918  0.2788  0.4011  0.7342  0.3738  0.5565  0.4830  0.5074  0.7972  0.2608  0.4166  0.2874  0.3773  0.4646  0.4941  0.5784  0.6939  0.1871  0.0000  1.0000  0.0000  0.0000  0.0000
 0.8839  0.0000  0.0523  0.6572  0.9647  0.0527  1.0000  0.1358  0.1817  0.9738  0.5044  0.1482  0.4892  0.2639  0.8957  0.5456  0.7362  0.5785  0.2764  0.0177  0.0000  0.0434  0.0000  0.0000  0.0000
 1.0000  0.0000  0.0285  0.4902  0.4601  0.0253  0.2176  0.0585  0.0891  0.4263  0.1413  0.0504  0.2994  0.3862  0.4868  0.2411  0.9543  0.4176  0.3905  0.0091  0.0000  0.0208  0.0000  0.0000  0.0000
 0.1096  0.0000  0.0020  0.0008  0.0018  0.0669  0.0011  0.0010  1.0000  0.0022  0.4391  0.1047  0.0014  0.0305  0.0027  0.0019  0.0019  0.0055  0.0964  0.0015  0.0000  0.0019  0.0000  0.0000  0.0000
 0.0066  0.0000  0.0003  0.0803  1.0000  0.0007  0.0053  0.0023  0.0008  0.0070  0.0015  0.0006  0.1530  0.0042  0.0952  0.0022  0.0271  0.0035  0.0015  0.0003  0.0000  0.0012  0.0000  0.0000  0.0000
 0.0722  0.0000  0.0019  0.2107  1.0000  0.0022  0.0147  0.0054  0.0068  0.0362  0.0112  0.0275  0.1759  0.0123  0.0544  0.0458  0.0271  0.1093  0.0107  0.0008  0.0000  0.0020  0.0000  0.0000  0.0000
 0.0086  0.0000  0.0018  0.0015  0.0027  0.0130  0.0023  0.0015  0.0254  0.0048  1.0000  0.0163  0.0026  0.0034  0.1308  0.0041  0.0055  0.1113  0.0166  0.0017  0.0000  0.0020  0.0000  0.0000  0.0000
 0.0833  0.0000  0.0050  0.1447  1.0000  0.0071  0.0850  0.0206  0.0195  0.4584  0.0345  0.0122  0.0525  0.0383  0.2953  0.8560  0.0706  0.0592  0.1129  0.0033  0.0000  0.0087  0.0000  0.0000  0.0000
 0.4062  0.0000  0.0257  0.3014  1.0000  0.0247  0.3822  0.0625  0.0904  0.7392  0.1476  0.0517  0.5447  0.1343  0.3787  0.3244  0.3514  0.3256  0.1375  0.0090  0.0000  0.0205  0.0000  0.0000  0.0000
 1.0000  0.0000  0.0041  0.0071  0.0055  0.0021  0.0591  0.0020  0.0422  0.0074  0.0053  0.0027  0.0868  0.0103  0.0055  0.0048  0.3838  0.2063  0.0225  0.0011  0.0000  0.0022  0.0000  0.0000  0.0000
 0.2173  0.0000  0.0116  0.0054  0.0113  0.9022  0.0087  0.0086  1.0000  0.0149  0.7076  0.1815  0.0106  0.0184  0.0220  0.0147  0.0125  0.0273  0.1362  0.0138  0.0000  0.0169  0.0000  0.0000  0.0000
 0.5984  0.0000  0.1802  0.2805  0.4019  0.7018  0.3705  0.5506  0.4095  0.4029  0.6854  0.2296  0.3681  0.2343  0.3610  0.4104  0.4925  0.4548  0.5279  0.1836  0.0000  1.0000  0.0000  0.0000  0.0000
 0.1222  0.0000  0.0251  0.0078  0.0647  0.0293  0.0033  0.0069  0.2024  0.0209  1.0000  0.0705  0.0120  0.0278  0.0169  0.0130  0.2001  0.2903  0.4582  0.0044  0.0000  0.0088  0.0000  0.0000  0.0000
 1.0000  0.0000  0.0027  0.0022  0.0026  0.0011  0.0154  0.0005  0.0013  0.0028  0.0028  0.0012  0.0018  0.1337  0.0019  0.0020  0.0137  0.0048  0.0047  0.0004  0.0000  0.0009  0.0000  0.0000  0.0000
 0.0103  0.0000  0.0009  0.0203  1.0000  0.0019  0.0058  0.0022  0.0024  0.0085  0.0053  0.1267  0.0038  0.0059  0.0101  0.0033  0.0053  0.0043  0.0033  0.0008  0.0000  0.0017  0.0000  0.0000  0.0000
 0.4714  0.0000  0.1409  0.4989  1.0000  0.0233  0.1592  0.0527  0.0773  0.3784  0.1503  0.0438  0.2381  0.1141  0.2424  0.2409  0.3031  0.2807  0.1180  0.0079  0.0000  0.0201  0.0000  0.0000  0.0000
 1.0000  0.0000  0.0213  0.0755  0.0202  0.0119  0.0074  0.0061  0.1843  0.0220  0.1123  0.0215  0.0194  0.0277  0.0165  0.0130  0.8259  0.4040  0.5900  0.0029  0.0000  0.0060  0.0000  0.0000  0.0000
 0.1455  0.0000  1.0000  0.2378  0.0713  0.1902  0.0891  0.1301  0.0991  0.0783  0.1590  0.0920  0.0946  0.0605  0.0765  0.0875  0.2715  0.2382  0.1291  0.0452  0.0000  0.3660  0.0000  0.0000  0.0000
 0.0153  0.0000  0.0389  0.0050  0.0028  0.0011  0.0111  0.0122  0.0015  0.0032  0.0025  0.0010  0.0053  1.0000  0.0021  0.0025  0.0094  0.0045  0.0036  0.0006  0.0000  0.0013  0.0000  0.0000  0.0000
 0.0000  0.0000  0.0000  0.0000  0.0000  0.0000  1.0000  0.0000  0.0000  0.0000  0.0000  0.0000  0.0000  0.0000  0.0000  0.0000  0.0000  0.0000  0.0000  0.0000  0.0000  0.0000  0.0000  0.0000  0.0000
 0.0011  0.0000  0.0004  0.0002  0.0003  0.0584  0.0005  0.0000  1.0000  0.0004  0.0086  0.0016  0.0003  0.0002  0.0002  0.0004  0.0004  0.0012  0.0838  0.0003  0.0000  0.0009  0.0000  0.0000  0.0000
 0.0688  0.0000  0.3873  0.0264  0.0168  0.0066  0.0226  0.0075  0.0185  0.0251  0.0175  0.0094  0.0474  0.0326  0.0195  0.0159  0.9016  1.0000  0.0302  0.0042  0.0000  0.0074  0.0000  0.0000  0.0000
 0.0027  0.0000  0.0003  1.0000  0.0352  0.0004  0.0282  0.0015  0.0003  0.0030  0.0006  0.0002  0.0072  0.0018  0.0028  0.0012  0.0039  0.0018  0.0005  0.0002  0.0000  0.0008  0.0000  0.0000  0.0000
 0.4081  0.0000  0.0348  0.2883  0.5277  0.0510  0.2165  0.1200  0.1211  1.0000  0.3137  0.0838  0.2853  0.1753  0.4345  0.6389  0.4753  0.4528  0.1908  0.0217  0.0000  0.0669  0.0000  0.0000  0.0000
 0.0154  0.0000  0.0039  0.0019  0.0040  0.2039  0.0030  0.0031  0.0766  0.2646  0.7562  1.0000  0.0038  0.0064  0.0079  0.0053  0.0043  0.0090  0.0974  0.0048  0.0000  0.0052  0.0000  0.0000  0.0000
 0.0249  0.0000  0.0058  0.0023  0.1829  0.0111  0.0028  0.0008  0.3305  0.0054  0.0619  0.1461  0.0030  0.0052  0.0031  0.0037  0.0053  0.0203  1.0000  0.0014  0.0000  0.0046  0.0000  0.0000  0.0000
 0.8759  0.0000  0.0523  0.6088  0.9944  0.1323  0.3633  0.1196  0.1807  1.0000  0.2913  0.1022  0.4953  0.2623  0.5607  0.4996  0.7623  0.6205  0.3205  0.0179  0.0000  0.0444  0.0000  0.0000  0.0000
 0.4437  0.0000  0.0335  0.8082  0.9236  0.0345  0.3420  0.6987  0.1072  1.0000  0.1787  0.0627  0.4337  0.1792  0.9728  0.6242  0.4496  0.3392  0.1635  0.0138  0.0000  0.0382  0.0000  0.0000  0.0000
 0.0055  0.0000  0.0016  0.0009  0.0015  0.0134  0.0016  0.0008  0.3613  0.0021  1.0000  0.1323  0.0014  0.0020  0.0023  0.0019  0.0018  0.0042  0.1206  0.0016  0.0000  0.2210  0.0000  0.0000  0.0000
 0.0038  0.0000  0.0012  0.0008  0.0011  0.0068  0.0015  0.0002  0.4750  0.0016  0.4667  0.1833  0.0010  0.0009  0.0009  0.0013  0.0015  0.0039  1.0000  0.0008  0.0000  0.0023  0.0000  0.0000  0.0000
 0.2187  0.0000  0.0081  0.2792  1.0000  0.0092  0.0613  0.0624  0.1093  0.6174  0.0481  0.0171  0.0786  0.0495  0.9263  0.0819  0.1151  0.0908  0.1335  0.0033  0.0000  0.0081  0.0000  0.0000  0.0000
 0.0059  0.0000  0.0006  0.0018  0.0082  0.0012  0.0046  0.0052  0.0024  0.4056  0.0058  0.0019  0.2104  0.0046  0.0137  1.0000  0.0051  0.0063  0.0033  0.0009  0.0000  0.0026  0.0000  0.0000  0.0000
 0.0179  0.0000  0.0057  0.0034  0.0051  0.4490  0.0063  0.0023  0.2852  0.0068  0.9272  0.0426  0.0048  0.0057  0.0059  0.0062  0.0072  0.0156  1.0000  0.0101  0.0000  0.1081  0.0000  0.0000  0.0000
 0.0713  0.0000  0.0418  0.0154  0.0890  0.0152  0.0931  0.0564  0.1921  0.5164  0.0649  0.0216  0.0635  0.0508  1.0000  0.3881  0.0573  0.0695  0.0378  0.0102  0.0000  0.0307  0.0000  0.0000  0.0000
 0.0067  0.0000  0.0007  0.0014  0.0086  0.0013  0.0048  0.0055  0.0026  0.3187  0.0062  0.0021  0.0063  0.0050  0.0145  1.0000  0.2008  0.0070  0.0036  0.0010  0.0000  0.0028  0.0000  0.0000  0.0000
 0.0111  0.0000  0.2374  0.0019  0.0030  1.0000  0.0021  0.0008  0.0238  0.0005  0.1576  0.0118  0.0005  0.0043  0.0005  0.0006  0.0077  0.0071  0.0218  0.0505  0.0000  0.9213  0.0000  0.0000  0.0000
 0.0457  0.0000  0.0012  0.0017  0.0013  0.0005  0.0042  0.0004  0.0011  0.0017  0.0013  0.0007  0.0025  0.0029  0.0013  0.0011  1.0000  0.0425  0.0023  0.0003  0.0000  0.0005  0.0000  0.0000  0.0000
 0.3525  0.0000  0.1138  0.1254  0.1701  0.6553  0.2006  0.4737  0.3818  0.1828  1.0000  0.2396  0.1892  0.1341  0.1883  0.2462  0.2466  0.2552  0.5439  0.1177  0.0000  0.6048  0.0000  0.0000  0.0000
 0.0975  0.0000  0.0050  0.0746  0.0233  0.0038  0.0561  0.0499  0.0032  0.0236  0.0053  0.0022  1.0000  0.0155  0.0158  0.0126  0.9056  0.0360  0.0057  0.0019  0.0000  0.0087  0.0000  0.0000  0.0000
 0.9477  0.0000  0.1312  0.4430  0.3601  0.1042  1.0000  0.2048  0.1232  0.9341  0.2745  0.0846  0.4983  0.4776  0.3886  0.8645  0.6332  0.3448  0.2303  0.0770  0.0000  0.1388  0.0000  0.0000  0.0000
 0.8646  0.0000  0.1234  0.3732  0.2461  0.1572  0.5789  0.1607  0.1792  0.3060  0.2729  0.1228  0.4976  0.2911  0.2096  0.2219  1.0000  0.9408  0.2894  0.0511  0.0000  0.2037  0.0000  0.0000  0.0000
 0.2223  0.0000  0.0484  0.8847  0.3089  0.0518  0.6755  0.3064  0.0355  0.2779  0.0647  0.0238  1.0000  0.1564  0.1958  0.1471  0.5440  0.2949  0.0557  0.0230  0.0000  0.1138  0.0000  0.0000  0.0000
 0.5576  0.0000  0.0693  0.2770  0.4374  0.0480  0.2251  0.0630  0.1380  0.3216  0.2039  0.0671  0.2652  0.2021  0.2270  0.1866  0.8368  1.0000  0.2465  0.0209  0.0000  0.0483  0.0000  0.0000  0.0000
 0.2135  0.0000  0.0402  0.0853  0.0618  0.0210  0.0756  0.0282  0.0573  0.1149  0.0582  0.0301  0.1512  0.1897  0.0728  0.2934  0.9301  1.0000  0.0931  0.0134  0.0000  0.0252  0.0000  0.0000  0.0000
 0.6086  0.0000  0.0070  0.0061  0.0066  0.0027  0.0380  0.0014  0.0034  0.0072  0.0069  0.0032  0.0059  0.0174  0.0050  0.0051  1.0000  0.0176  0.0118  0.0010  0.0000  0.0022  0.0000  0.0000  0.0000
 0.0000  0.0000  0.0000  0.0000  0.0000  0.0000  0.0000  1.0000  0.0000  0.0000  0.0000  0.0000  0.0000  0.0000  0.0000  0.0000  0.0000  0.0000  0.0000  0.0000  0.0000  0.0000  0.0000  0.0000  0.0000
//
