ID   UNK_ID; MATRIX
AC   UNK_AC
DE   UNK_DE
MA   UNK_BL
  A   B   C   D   E   F   G   H   I   K   L   M   N   P   Q   R   S   T   V   W   X   Y   Z   *   -
 0.0000  0.0000  0.0000  0.0000  0.0000  0.0000  0.0000  0.0000  0.0000  0.0000  0.0000  1.0000  0.0000  0.0000  0.0000  0.0000  0.0000  0.0000  0.0000  0.0000  0.0000  0.0000  0.0000  0.0000  0.0000
 0.0236  0.0000  0.0043  0.0472  0.0160  0.0029  0.0371  0.0104  0.0035  0.0168  0.0049  0.0022  0.3355  0.0126  0.0113  0.0093  1.0000  0.0425  0.0062  0.0015  0.0000  0.0059  0.0000  0.0000  0.0000
 0.0919  0.0000  0.0172  0.0181  0.0569  0.1196  0.0463  0.0366  0.2285  0.2166  1.0000  0.1483  0.0433  0.0502  0.0920  0.3382  0.0474  0.0649  0.1479  0.0194  0.0000  0.0308  0.0000  0.0000  0.0000
 0.1260  0.0000  0.1585  0.0902  0.1007  0.0599  0.1165  1.0000  0.0527  0.3361  0.0992  0.0331  0.1400  0.0668  0.1343  0.4176  0.1194  0.1041  0.0745  0.0212  0.0000  0.0923  0.0000  0.0000  0.0000
 0.0000  0.0000  0.0000  0.0000  0.0000  1.0000  0.0000  0.0000  0.0000  0.0000  0.0000  0.0000  0.0000  0.0000  0.0000  0.0000  0.0000  0.0000  0.0000  0.0000  0.0000  0.0000  0.0000  0.0000  0.0000
 0.0000  0.0000  0.0000  0.0000  0.0000  0.0000  0.0000  0.0000  0.0000  0.0000  1.0000  0.0000  0.0000  0.0000  0.0000  0.0000  0.0000  0.0000  0.0000  0.0000  0.0000  0.0000  0.0000  0.0000  0.0000
 0.0000  0.0000  0.0000  0.0000  0.0000  0.0000  0.0000  0.0000  0.0000  0.0000  0.0000  0.0000  0.0000  0.0000  0.0000  0.0000  0.0000  0.0000  0.0000  0.0000  0.0000  1.0000  0.0000  0.0000  0.0000
 0.2245  0.0000  0.0588  0.7786  0.2638  0.0753  0.5916  0.1984  0.0506  0.2856  0.0963  0.0320  1.0000  0.1574  0.1831  0.1781  0.4678  0.2269  0.0725  0.0318  0.0000  0.3472  0.0000  0.0000  0.0000
 0.0000  0.0000  1.0000  0.0000  0.0000  0.0000  0.0000  0.0000  0.0000  0.0000  0.0000  0.0000  0.0000  0.0000  0.0000  0.0000  0.0000  0.0000  0.0000  0.0000  0.0000  0.0000  0.0000  0.0000  0.0000
 0.0000  0.0000  0.0000  0.0000  0.0000  0.0000  0.0000  0.0000  0.0000  0.0000  0.0000  0.0000  0.0000  0.0000  0.0000  0.0000  1.0000  0.0000  0.0000  0.0000  0.0000  0.0000  0.0000  0.0000  0.0000
 0.2181  0.0000  0.0010  0.0967  1.0000  0.0034  0.0155  0.0088  0.0048  0.0382  0.0088  0.0036  0.0153  0.0225  0.1608  0.0117  0.0203  0.0169  0.0094  0.0016  0.0000  0.0045  0.0000  0.0000  0.0000
 0.0000  0.0000  0.0000  0.0000  0.0000  0.0000  0.0000  0.0000  0.0000  0.0000  0.0000  0.0000  0.0000  1.0000  0.0000  0.0000  0.0000  0.0000  0.0000  0.0000  0.0000  0.0000  0.0000  0.0000  0.0000
 0.3299  0.0000  0.0363  0.0193  0.0311  0.0180  0.0414  0.0085  0.1403  0.0339  0.1014  0.0332  0.0281  0.2425  0.0252  0.0206  0.1162  1.0000  0.4871  0.0045  0.0000  0.0085  0.0000  0.0000  0.0000
 1.0000  0.0000  0.1041  0.2892  0.1660  0.0788  0.6674  0.0780  0.0918  0.1834  0.2962  0.0741  0.3356  0.2646  0.1222  0.1246  0.5880  0.2307  0.1874  0.0238  0.0000  0.0764  0.0000  0.0000  0.0000
 0.0192  0.0000  0.0037  1.0000  0.0214  0.0030  0.2057  0.0116  0.0020  0.0166  0.0043  0.0014  0.0595  0.0125  0.0118  0.0090  0.0316  0.0129  0.0037  0.0018  0.0000  0.0063  0.0000  0.0000  0.0000
 0.4026  0.0000  0.0317  0.0252  0.0294  0.0154  0.0568  0.0090  0.0966  0.0348  0.0737  0.0261  0.0384  0.0556  0.0259  0.0218  0.3626  0.3466  1.0000  0.0050  0.0000  0.0095  0.0000  0.0000  0.0000
 0.0292  0.0000  0.0012  0.1434  0.5498  0.0032  0.0149  0.0106  0.0057  1.0000  0.0115  0.0042  0.0191  0.0177  0.0417  0.2654  0.0196  0.0179  0.0091  0.0018  0.0000  0.0052  0.0000  0.0000  0.0000
 0.0733  0.0000  0.0176  0.0077  0.0148  0.0528  0.0103  0.0050  1.0000  0.0183  0.3978  0.1418  0.0108  0.0171  0.0127  0.1484  0.0176  0.2355  0.5150  0.0068  0.0000  0.0178  0.0000  0.0000  0.0000
 1.0000  0.0000  0.0155  0.0063  0.0152  0.0100  0.0054  0.0045  0.1217  0.1033  0.1020  0.0169  0.0079  0.0180  0.0112  0.0095  0.1172  0.0557  0.3400  0.0019  0.0000  0.0050  0.0000  0.0000  0.0000
 0.1967  0.0000  0.0054  0.4975  1.0000  0.0324  0.0817  0.0509  0.0320  0.2163  0.0660  0.0231  0.0899  0.1163  0.2503  0.0788  0.1045  0.0896  0.0524  0.0097  0.0000  0.0290  0.0000  0.0000  0.0000
 0.8259  0.0000  1.0000  0.0071  0.0081  0.0041  0.0257  0.0023  0.0197  0.0095  0.0168  0.0063  0.0098  0.0176  0.0070  0.0062  0.1161  0.3047  0.1333  0.0014  0.0000  0.0028  0.0000  0.0000  0.0000
 0.0438  0.0000  0.0088  0.0224  0.0154  0.0049  0.0155  0.0065  0.0135  0.0221  0.0130  0.0067  0.0906  0.0222  1.0000  0.0142  0.2838  0.2735  0.0588  0.0030  0.0000  0.0058  0.0000  0.0000  0.0000
 0.1601  0.0000  0.0034  0.0041  0.0039  0.0013  1.0000  0.0010  0.0015  0.1046  0.0034  0.0016  0.0040  0.0087  0.0030  0.0036  0.0179  0.0062  0.0056  0.0005  0.0000  0.0012  0.0000  0.0000  0.0000
 0.2135  0.0000  0.0521  0.0577  0.1122  0.4000  0.1488  0.1025  0.5711  0.0854  1.0000  0.2222  0.0741  0.0750  0.0863  0.0888  0.1211  0.1198  0.5641  0.0518  0.0000  0.2031  0.0000  0.0000  0.0000
 0.1441  0.0000  0.0036  1.0000  0.3841  0.0074  0.1972  0.0189  0.0102  0.0763  0.0189  0.0077  0.0445  0.0461  0.2179  0.0246  0.0528  0.0379  0.1164  0.0033  0.0000  0.0099  0.0000  0.0000  0.0000
 0.6531  0.0000  0.0438  0.5297  0.9661  0.0417  0.4034  0.1026  0.1531  1.0000  0.2479  0.0870  0.4289  0.4014  0.5102  0.4387  0.6018  0.5254  0.2337  0.0146  0.0000  0.0330  0.0000  0.0000  0.0000
 0.2068  0.0000  0.0436  0.2215  0.1084  0.0287  0.1525  0.2295  0.0600  0.1483  0.0639  0.0316  0.3226  0.4325  0.3371  0.0952  0.7094  1.0000  0.0936  0.0165  0.0000  0.0435  0.0000  0.0000  0.0000
 0.8784  0.0000  0.1981  0.2424  0.3009  0.6862  0.5281  0.5232  0.5852  0.3219  0.6926  0.2313  0.4634  0.2685  0.3082  0.3602  0.5922  0.4761  0.9491  0.1807  0.0000  1.0000  0.0000  0.0000  0.0000
 0.1612  0.0000  0.0034  0.8241  1.0000  0.0146  0.2852  0.0400  0.0201  0.1639  0.1054  0.0150  0.0827  0.1605  0.2447  0.0475  0.0903  0.0738  0.0379  0.0068  0.0000  0.0202  0.0000  0.0000  0.0000
 0.0466  0.0000  0.0110  0.0052  0.0860  0.2125  0.0065  0.0064  0.3357  0.0441  0.2273  0.1812  0.0074  0.0109  0.0082  0.0089  0.0118  0.1006  1.0000  0.0040  0.0000  0.0149  0.0000  0.0000  0.0000
 1.0000  0.0000  0.0901  0.0837  0.0850  0.0352  0.7003  0.0201  0.0498  0.0983  0.0903  0.0435  0.0938  0.5225  0.0696  0.0686  0.9861  0.5725  0.1547  0.0144  0.0000  0.0292  0.0000  0.0000  0.0000
 0.5206  0.0000  0.1695  0.1966  0.2614  0.6848  0.3286  0.5395  0.3820  0.2782  0.6222  0.2220  0.3194  0.2256  0.2811  0.3329  0.4670  0.3747  0.4809  0.1771  0.0000  1.0000  0.0000  0.0000  0.0000
 0.6705  0.0000  0.1864  0.3358  0.4836  0.7193  0.4288  0.5680  0.5491  0.5027  0.7066  0.2407  0.4089  0.2967  0.4541  0.4576  0.6001  0.5092  0.5816  0.1865  0.0000  1.0000  0.0000  0.0000  0.0000
 1.0000  0.0000  0.0180  0.0200  0.0250  0.0876  0.8721  0.0108  0.0141  0.0265  0.0256  0.0108  0.0205  0.1284  0.0559  0.0196  0.2243  0.2014  0.0961  0.0048  0.0000  0.0178  0.0000  0.0000  0.0000
 0.2116  0.0000  0.0150  0.3397  0.3036  0.0144  0.1066  0.0349  0.1101  1.0000  0.0852  0.0299  0.1386  0.1101  0.2738  0.1807  0.2050  0.4880  0.1468  0.0050  0.0000  0.0114  0.0000  0.0000  0.0000
 0.0812  0.0000  0.0085  0.1276  0.1955  0.0180  0.0434  1.0000  0.0249  0.0931  0.1011  0.0141  0.1597  0.0305  0.0962  0.0555  0.1490  0.1336  0.0703  0.0052  0.0000  0.0227  0.0000  0.0000  0.0000
 0.2518  0.0000  0.0793  0.8652  0.2784  0.1660  0.6153  0.2842  0.0911  0.2742  0.1587  0.0547  1.0000  0.1825  0.2028  0.1774  0.5429  0.2493  0.1225  0.0517  0.0000  0.4897  0.0000  0.0000  0.0000
 0.4264  0.0000  0.1094  0.1603  0.1706  0.2801  0.1763  0.2225  0.2812  0.1987  0.3221  0.1177  0.4968  0.2285  0.1765  0.1837  0.7765  1.0000  0.4266  0.0799  0.0000  0.4216  0.0000  0.0000  0.0000
 0.0723  0.0000  0.0069  0.0788  0.1095  0.0119  0.0552  0.0481  0.0228  0.3776  0.0531  1.0000  0.0691  0.2172  0.1268  0.4382  0.0595  0.0624  0.0322  0.0084  0.0000  0.0246  0.0000  0.0000  0.0000
 0.1322  0.0000  0.0026  0.0176  0.0686  0.0014  0.1716  0.0038  0.0017  0.0070  0.0028  0.0013  0.1949  0.0073  0.0048  0.0039  1.0000  0.0344  0.0040  0.0007  0.0000  0.0023  0.0000  0.0000  0.0000
 0.6239  0.0000  0.0350  0.7244  0.6582  0.0329  0.3285  0.1028  0.1224  1.0000  0.2309  0.0693  0.3364  0.1794  0.4398  0.6151  0.5317  0.4949  0.2844  0.0113  0.0000  0.0252  0.0000  0.0000  0.0000
 0.1501  0.0000  0.0238  0.1162  0.1864  0.0117  0.1230  0.0243  0.0812  0.2384  0.1800  0.0203  0.1790  0.1135  0.1801  0.1210  1.0000  0.1606  0.0852  0.0038  0.0000  0.0106  0.0000  0.0000  0.0000
 0.0984  0.0000  0.0028  0.0330  0.1612  0.0026  0.0608  0.0065  0.0451  1.0000  0.0160  0.0056  0.0261  0.0346  0.0586  0.1837  0.2680  0.1770  0.0150  0.0009  0.0000  0.0020  0.0000  0.0000  0.0000
 0.7695  0.0000  0.2004  0.4208  0.6239  0.7055  0.4634  0.5850  0.4547  0.6133  0.7409  0.2566  0.4775  0.2959  0.4944  0.5506  0.6548  0.5913  0.6153  0.1868  0.0000  1.0000  0.0000  0.0000  0.0000
 0.2342  0.0000  0.0143  1.0000  0.4692  0.0133  0.3105  0.0510  0.0501  0.2702  0.0809  0.3064  0.1891  0.1780  0.3318  0.2170  0.2810  0.2137  0.0764  0.0046  0.0000  0.0101  0.0000  0.0000  0.0000
 0.1493  0.0000  0.0014  0.0169  0.0231  0.0015  1.0000  0.0679  0.0044  0.1185  0.0074  0.0026  0.3315  0.1218  0.0249  0.0485  0.1719  0.0877  0.0067  0.0006  0.0000  0.0017  0.0000  0.0000  0.0000
 0.0780  0.0000  0.0038  0.1280  0.3895  0.0035  0.0762  0.0689  0.0133  0.6892  0.0723  0.0661  0.2752  0.0194  1.0000  0.9768  0.0857  0.0946  0.0202  0.0012  0.0000  0.0027  0.0000  0.0000  0.0000
 0.0027  0.0000  0.0009  0.0011  0.0015  1.0000  0.0018  0.0868  0.0021  0.0140  0.0035  0.0192  0.0017  0.0011  0.0017  0.0021  0.0281  0.0021  0.0026  0.0010  0.0000  0.3731  0.0000  0.0000  0.0000
 0.0752  0.0000  0.0401  0.0204  0.0273  0.0695  0.0324  0.0913  0.3518  0.0290  0.0734  0.0224  0.0666  0.0208  0.0292  0.0344  0.0886  0.0731  0.4854  0.0182  0.0000  1.0000  0.0000  0.0000  0.0000
 0.1084  0.0000  0.0078  0.0874  0.1821  0.0080  0.0553  0.0358  0.0276  0.5615  0.1141  0.0442  0.1078  0.0408  1.0000  0.4371  0.9103  0.2835  0.0686  0.0030  0.0000  0.0074  0.0000  0.0000  0.0000
 0.0776  0.0000  0.0126  0.0144  0.0193  0.5012  0.0231  0.0490  0.0632  0.0205  0.2780  0.0160  0.0216  0.0146  0.1862  0.0245  0.0283  0.0580  0.7496  0.0130  0.0000  1.0000  0.0000  0.0000  0.0000
 0.1306  0.0000  0.0092  0.3912  1.0000  0.0086  0.0657  0.0210  0.0323  0.4564  0.1016  0.0617  0.9233  0.0474  0.3677  0.1398  0.3601  0.1712  0.0493  0.0030  0.0000  0.0065  0.0000  0.0000  0.0000
 0.0049  0.0000  0.0002  0.0001  0.0002  0.0010  0.0003  0.0000  0.6811  0.0003  0.1775  0.1220  0.0002  0.0002  0.0001  0.0002  0.0003  0.0008  1.0000  0.0001  0.0000  0.0004  0.0000  0.0000  0.0000
 0.4739  0.0000  0.1962  0.1686  0.2240  1.0000  0.5373  0.4457  0.3236  0.2385  0.5647  0.1814  0.4286  0.1678  0.2411  0.2855  0.3293  0.3278  0.4164  0.2425  0.0000  0.9523  0.0000  0.0000  0.0000
 0.0198  0.0000  0.0041  0.7291  0.0538  0.0038  1.0000  0.0195  0.0025  0.2324  0.0056  0.0020  0.3694  0.0156  0.1703  0.2087  0.0470  0.0199  0.0041  0.0020  0.0000  0.0098  0.0000  0.0000  0.0000
 0.0158  0.0000  0.0034  0.0126  0.0058  0.0018  0.0083  0.0484  0.0047  0.0080  0.0045  0.0024  0.8801  0.0167  0.3387  0.0049  0.8369  1.0000  0.0074  0.0012  0.0000  0.0025  0.0000  0.0000  0.0000
 0.7072  0.0000  0.0737  0.7333  1.0000  0.1969  0.3684  0.1956  0.4396  0.8448  0.7986  0.1242  0.5044  0.2656  0.5342  0.5057  0.6992  0.9221  0.4264  0.0453  0.0000  0.2000  0.0000  0.0000  0.0000
 0.0002  0.0000  0.0001  0.0000  0.0001  1.0000  0.0000  0.0000  0.0005  0.0000  0.0049  0.0003  0.0000  0.0001  0.0000  0.0000  0.0002  0.0001  0.0037  0.1714  0.0000  0.0046  0.0000  0.0000  0.0000
 0.1073  0.0000  0.0186  0.0338  1.0000  0.0105  0.0049  0.0065  0.2161  0.0335  0.0653  0.0203  0.0122  0.0267  0.0315  0.0135  0.0248  0.4829  0.2575  0.0022  0.0000  0.0045  0.0000  0.0000  0.0000
 0.0009  0.0000  0.0227  0.0001  0.0002  0.0004  0.0001  0.0000  0.3047  0.0002  0.0339  0.0005  0.0001  0.0002  0.0001  0.0001  0.0002  0.0161  1.0000  0.0001  0.0000  0.0002  0.0000  0.0000  0.0000
 0.2663  0.0000  0.0610  0.1647  0.1242  0.0898  0.1175  0.0862  0.1017  0.1339  0.1312  0.0536  0.2345  0.1387  0.1108  0.0968  0.7609  1.0000  0.1494  0.0324  0.0000  0.1237  0.0000  0.0000  0.0000
 0.7558  0.0000  0.0120  0.2378  0.8925  0.0112  0.0937  0.0272  0.0419  1.0000  0.0677  0.0311  0.1110  0.0615  0.2253  0.2673  0.7286  0.4447  0.0896  0.0038  0.0000  0.0085  0.0000  0.0000  0.0000
 0.0022  0.0000  0.0002  0.0004  0.0030  0.0005  0.0015  0.0019  0.0631  0.7461  0.0022  0.0068  0.0085  0.0017  0.0146  1.0000  0.0018  0.0501  0.0012  0.0003  0.0000  0.0010  0.0000  0.0000  0.0000
 0.0000  0.0000  0.0000  0.0000  0.0000  0.0000  0.0000  0.0000  0.0000  0.0000  0.0000  0.0000  0.0000  0.0000  0.0000  0.0000  0.0000  0.0000  0.0000  0.0000  0.0000  1.0000  0.0000  0.0000  0.0000
 0.7419  0.0000  0.0509  0.5923  0.9569  0.0482  0.3603  0.1161  0.2150  0.9833  0.3068  0.1006  0.5118  0.3082  1.0000  0.5685  0.7088  0.6787  0.5358  0.0166  0.0000  0.0374  0.0000  0.0000  0.0000
 0.2550  0.0000  0.0182  0.3803  0.3515  0.0175  0.1384  0.0425  0.0631  0.3347  0.1021  0.0667  0.8158  1.0000  0.3340  0.1921  0.2539  0.2113  0.3417  0.0061  0.0000  0.0141  0.0000  0.0000  0.0000
 0.0026  0.0000  0.0006  0.0003  0.0006  0.0039  0.0004  0.0003  0.6969  0.0007  1.0000  0.0048  0.0005  0.0008  0.0008  0.0006  0.0007  0.2122  0.0229  0.0005  0.0000  0.0007  0.0000  0.0000  0.0000
 0.0272  0.0000  0.0020  0.0217  0.0584  0.0022  0.0139  0.0130  0.0248  1.0000  0.0795  0.2223  0.0432  0.0104  0.3142  0.4374  0.1515  0.0958  0.0158  0.0008  0.0000  0.0022  0.0000  0.0000  0.0000
 0.0306  0.0000  0.0006  0.0010  0.1342  0.0002  0.0033  0.0002  0.0003  0.0008  0.0150  0.0003  0.0005  1.0000  0.0007  0.0005  0.0176  0.0011  0.0010  0.0001  0.0000  0.0002  0.0000  0.0000  0.0000
 0.0004  0.0000  0.0001  0.0001  0.0001  0.0006  0.0002  0.0000  1.0000  0.0097  0.1574  0.0006  0.0001  0.0001  0.0001  0.0002  0.0002  0.0005  0.4658  0.0001  0.0000  0.0003  0.0000  0.0000  0.0000
 0.0000  0.0000  0.0000  0.0000  0.0000  0.0000  1.0000  0.0000  0.0000  0.0000  0.0000  0.0000  0.0000  0.0000  0.0000  0.0000  0.0000  0.0000  0.0000  0.0000  0.0000  0.0000  0.0000  0.0000  0.0000
 0.0820  0.0000  0.0079  0.0144  0.1127  0.0284  0.0576  0.0722  0.0348  0.8186  0.0822  0.1396  0.0785  0.0724  0.4729  1.0000  0.7815  0.0879  0.0570  0.0128  0.0000  0.0367  0.0000  0.0000  0.0000
 0.0000  0.0000  0.0000  0.0000  0.0000  0.0000  1.0000  0.0000  0.0000  0.0000  0.0000  0.0000  0.0000  0.0000  0.0000  0.0000  0.0000  0.0000  0.0000  0.0000  0.0000  0.0000  0.0000  0.0000  0.0000
 1.0000  0.0000  0.0000  0.0000  0.0000  0.0000  0.0000  0.0000  0.0000  0.0000  0.0000  0.0000  0.0000  0.0000  0.0000  0.0000  0.0000  0.0000  0.0000  0.0000  0.0000  0.0000  0.0000  0.0000  0.0000
 0.0154  0.0000  0.0453  0.0069  0.0082  0.1114  0.0104  0.0157  0.0163  0.0089  0.0190  0.0064  0.0179  0.0062  0.4288  0.0103  0.0265  0.0126  0.0146  0.0053  0.0000  1.0000  0.0000  0.0000  0.0000
 0.0000  0.0000  0.0000  0.0000  0.0000  0.0000  1.0000  0.0000  0.0000  0.0000  0.0000  0.0000  0.0000  0.0000  0.0000  0.0000  0.0000  0.0000  0.0000  0.0000  0.0000  0.0000  0.0000  0.0000  0.0000
 0.0043  0.0000  0.0010  0.0004  0.0008  0.0025  0.0004  0.0002  1.0000  0.0009  0.0975  0.0214  0.0005  0.0010  0.1119  0.0007  0.0815  0.0069  0.0923  0.0003  0.0000  0.0007  0.0000  0.0000  0.0000
 0.0006  0.0000  0.0001  0.0001  0.0001  0.0002  0.0001  0.0000  0.0164  0.0001  0.0011  0.0002  0.0001  0.0001  0.0001  0.0001  0.0001  0.0005  1.0000  0.0000  0.0000  0.0001  0.0000  0.0000  0.0000
 0.0028  0.0000  1.0000  0.0002  0.0003  0.0002  0.0015  0.0001  0.0002  0.0003  0.0003  0.0034  0.0002  0.0007  0.0002  0.0002  0.0214  0.0006  0.0005  0.0001  0.0000  0.0001  0.0000  0.0000  0.0000
 1.0000  0.0000  0.0582  0.0010  0.0012  0.0005  0.0076  0.0002  0.0006  0.1294  0.0013  0.0006  0.0009  0.0115  0.0009  0.0010  0.8687  0.0026  0.0022  0.0002  0.0000  0.0004  0.0000  0.0000  0.0000
 1.0000  0.0000  0.0005  0.0004  0.0004  0.0002  0.0216  0.0001  0.0129  0.0005  0.0109  0.0002  0.0003  0.0012  0.0003  0.0003  0.0915  0.0009  0.0471  0.0001  0.0000  0.0001  0.0000  0.0000  0.0000
 0.2009  0.0000  0.0702  0.0813  0.1081  0.5228  0.1306  0.2251  0.2520  0.2865  0.6641  0.2396  0.1345  0.0809  0.1163  0.2324  0.2018  0.3687  0.7717  0.0963  0.0000  1.0000  0.0000  0.0000  0.0000
 0.0041  0.0000  0.0009  0.8765  0.0039  0.0007  0.0075  0.0023  0.0235  0.0033  0.0021  0.0006  1.0000  0.0022  0.0023  0.0017  0.0063  0.0038  0.1075  0.0003  0.0000  0.0012  0.0000  0.0000  0.0000
 0.7842  0.0000  0.0140  0.0900  0.1540  0.0078  0.0998  0.0899  0.0528  0.2399  0.1080  0.0154  0.2837  0.0395  0.2848  0.4713  1.0000  0.7789  0.1958  0.0026  0.0000  0.0063  0.0000  0.0000  0.0000
 0.5081  0.0000  0.0347  0.4594  1.0000  0.0324  0.3106  0.0790  0.2007  0.6682  0.2589  0.0689  0.3434  0.1785  0.5302  0.3636  0.4852  0.3731  0.3700  0.0112  0.0000  0.0246  0.0000  0.0000  0.0000
 0.0617  0.0000  0.0058  0.0124  0.0076  0.0030  0.0083  0.0175  0.0085  0.0115  0.2871  0.0043  0.0472  0.0331  0.0090  0.0073  0.1540  1.0000  0.0135  0.0019  0.0000  0.0034  0.0000  0.0000  0.0000
 0.2300  0.0000  0.0130  0.4256  0.5139  0.0121  0.9031  0.0832  0.0630  0.3163  0.0733  0.0257  1.0000  0.0667  0.3370  0.2709  0.2720  0.1666  0.0693  0.0042  0.0000  0.0092  0.0000  0.0000  0.0000
 0.0505  0.0000  0.0065  0.0451  1.0000  0.0265  0.0269  0.0442  0.1187  0.0605  0.1117  0.0736  0.0325  0.0187  0.2295  0.3271  0.0786  0.1277  0.0384  0.0047  0.0000  0.0226  0.0000  0.0000  0.0000
 0.3430  0.0000  0.0244  0.3152  0.8543  0.0236  0.5069  0.2202  0.0853  0.9838  0.2156  0.1035  1.0000  0.1912  0.3576  0.3554  0.4672  0.2602  0.1299  0.0080  0.0000  0.0251  0.0000  0.0000  0.0000
 0.0003  0.0000  0.0001  0.0001  0.0001  0.0003  0.0037  0.0000  0.0189  0.0001  0.0013  0.0002  0.0001  0.0001  0.0000  0.0001  0.0001  0.0002  1.0000  0.0000  0.0000  0.0001  0.0000  0.0000  0.0000
 1.0000  0.0000  0.0003  0.0002  0.0002  0.0001  0.0015  0.0000  0.0002  0.0003  0.0003  0.0001  0.0002  0.0042  0.0002  0.0002  0.0013  0.0005  0.0051  0.0000  0.0000  0.0001  0.0000  0.0000  0.0000
 0.0005  0.0000  0.0001  0.0001  0.0001  0.0003  0.0001  0.0000  1.0000  0.0001  0.0018  0.0129  0.0001  0.0001  0.0001  0.0001  0.0044  0.0034  0.2089  0.0000  0.0000  0.0001  0.0000  0.0000  0.0000
 0.0000  0.0000  0.0000  0.0000  0.0000  0.0000  0.0000  0.0000  0.0000  1.0000  0.0000  0.0000  0.0000  0.0000  0.0000  0.0000  0.0000  0.0000  0.0000  0.0000  0.0000  0.0000  0.0000  0.0000  0.0000
 0.0000  0.0000  0.0000  0.0000  0.0000  0.0000  0.0000  0.0000  0.0000  1.0000  0.0000  0.0000  0.0000  0.0000  0.0000  0.0000  0.0000  0.0000  0.0000  0.0000  0.0000  0.0000  0.0000  0.0000  0.0000
 0.0008  0.0000  0.0003  0.0002  0.0003  0.0016  0.0004  0.0000  1.0000  0.0004  0.8953  0.0016  0.0003  0.0002  0.0002  0.0003  0.0004  0.0009  0.2772  0.0002  0.0000  0.0006  0.0000  0.0000  0.0000
 0.6557  0.0000  0.0303  0.0225  0.0136  0.0058  0.3769  0.0881  0.0122  0.0185  0.0129  0.1949  0.1006  0.0230  0.0247  0.0119  1.0000  0.5166  0.0205  0.0031  0.0000  0.0072  0.0000  0.0000  0.0000
 0.0347  0.0000  0.0074  0.1504  0.0510  0.0072  0.1061  0.0617  0.0057  0.1854  0.0131  0.0045  1.0000  0.0281  0.0431  0.7473  0.0917  0.0372  0.0085  0.0040  0.0000  0.0185  0.0000  0.0000  0.0000
 0.7788  0.0000  0.0079  0.0026  0.0061  0.0038  0.0075  0.0015  0.0400  0.0062  0.0236  0.0074  0.0033  1.0000  0.0046  0.0036  0.0195  0.0385  0.4108  0.0008  0.0000  0.0014  0.0000  0.0000  0.0000
 0.0000  0.0000  0.0000  0.0000  0.0000  1.0000  0.0000  0.0000  0.0000  0.0000  0.0000  0.0000  0.0000  0.0000  0.0000  0.0000  0.0000  0.0000  0.0000  0.0000  0.0000  0.0000  0.0000  0.0000  0.0000
 0.0654  0.0000  0.0018  0.8577  0.3772  0.0045  0.0526  0.0237  0.0051  0.0455  0.0096  0.0039  0.0464  0.0272  1.0000  0.0139  0.4212  0.0221  0.0097  0.0021  0.0000  0.0074  0.0000  0.0000  0.0000
 0.0024  0.0000  0.0005  0.0050  0.0018  0.0003  0.0035  0.0046  0.0006  0.1652  0.0007  0.0003  1.0000  0.0015  0.0014  0.0014  0.2187  0.0938  0.0009  0.0002  0.0000  0.0007  0.0000  0.0000  0.0000
 0.6852  0.0000  0.1713  0.2041  0.2731  0.6946  0.3217  0.6304  0.5512  0.6797  0.6410  0.2201  0.3011  0.3238  0.7665  0.6706  0.4072  0.4626  0.6529  0.1786  0.0000  1.0000  0.0000  0.0000  0.0000
 0.0054  0.0000  0.0013  0.0005  0.0010  0.0025  0.0007  0.0002  1.0000  0.0012  0.0138  0.1111  0.0007  0.0011  0.0006  0.0008  0.0012  0.5993  0.4727  0.0003  0.0000  0.0011  0.0000  0.0000  0.0000
 0.2002  0.0000  0.0093  0.9851  1.0000  0.0239  0.1618  0.4684  0.0286  0.2127  0.2237  0.0213  0.2300  0.1267  0.2520  0.0676  0.1598  0.1040  0.0473  0.0107  0.0000  0.0360  0.0000  0.0000  0.0000
 1.0000  0.0000  0.0003  0.0002  0.0002  0.0001  0.0016  0.0000  0.0001  0.0003  0.0003  0.0001  0.0002  0.0007  0.0002  0.0002  0.0513  0.0005  0.0005  0.0000  0.0000  0.0001  0.0000  0.0000  0.0000
 0.0010  0.0000  0.0001  0.0002  0.0013  0.0002  0.0007  0.0008  0.0004  1.0000  0.0674  0.0003  0.0009  0.0008  0.0022  0.0237  0.0008  0.0010  0.0005  0.0002  0.0000  0.0004  0.0000  0.0000  0.0000
 0.0000  0.0000  0.0000  0.0000  0.0000  0.0000  0.0000  0.0000  0.0000  0.0000  0.0000  0.0000  0.0000  0.0000  0.0000  1.0000  0.0000  0.0000  0.0000  0.0000  0.0000  0.0000  0.0000  0.0000  0.0000
 0.6498  0.0000  0.0009  0.0007  0.0008  0.0004  0.0022  0.0002  0.0274  0.0009  0.0018  0.0007  0.0010  0.0017  0.0007  0.0006  0.0049  1.0000  0.0047  0.0001  0.0000  0.0003  0.0000  0.0000  0.0000
 0.0035  0.0000  0.0018  0.0010  0.0011  0.0571  0.0018  0.0004  0.0091  0.0005  1.0000  0.0051  0.0005  0.0018  0.0006  0.0007  0.0021  0.0022  0.0071  0.0121  0.0000  0.9307  0.0000  0.0000  0.0000
 0.0000  0.0000  0.0000  0.0000  0.0000  0.0000  0.0000  0.0000  0.0000  0.0000  0.0000  0.0000  0.0000  0.0000  0.0000  1.0000  0.0000  0.0000  0.0000  0.0000  0.0000  0.0000  0.0000  0.0000  0.0000
 0.0000  0.0000  0.0000  0.0000  1.0000  0.0000  0.0000  0.0000  0.0000  0.0000  0.0000  0.0000  0.0000  0.0000  0.0000  0.0000  0.0000  0.0000  0.0000  0.0000  0.0000  0.0000  0.0000  0.0000  0.0000
 0.0017  0.0000  0.0004  0.0002  0.0004  0.1395  0.0003  0.0003  0.9455  0.0006  1.0000  0.0266  0.0004  0.0007  0.0009  0.0006  0.0005  0.0010  0.0049  0.0006  0.0000  0.0006  0.0000  0.0000  0.0000
 0.0177  0.0000  0.0106  0.0024  0.0178  0.0031  0.0092  0.0112  0.0100  1.0000  0.0161  0.0238  0.0123  0.0108  0.0298  0.2785  0.0111  0.0165  0.3197  0.0020  0.0000  0.0057  0.0000  0.0000  0.0000
 0.0003  0.0000  0.0001  0.0000  0.0001  0.0007  0.0001  0.0001  0.0013  0.0001  1.0000  0.0151  0.0001  0.0001  0.0001  0.0001  0.0001  0.0002  0.0007  0.0001  0.0000  0.0001  0.0000  0.0000  0.0000
 0.0004  0.0000  0.0001  0.0001  0.0001  0.0011  0.0001  0.0001  0.0021  0.0001  1.0000  0.2819  0.0001  0.0002  0.0002  0.0001  0.0001  0.0002  0.0042  0.0001  0.0000  0.0001  0.0000  0.0000  0.0000
 0.0023  0.0000  0.0548  0.0004  0.0032  0.0005  0.0016  0.0020  0.0101  1.0000  0.0023  0.0008  0.0022  0.0018  0.2265  0.6924  0.0310  0.0024  0.0013  0.0004  0.0000  0.0010  0.0000  0.0000  0.0000
 0.0511  0.0000  0.2932  0.0187  0.0151  0.0718  0.0339  1.0000  0.1294  0.0202  0.4682  0.0848  0.0219  0.0210  0.0205  0.0206  0.0240  0.0261  0.0798  0.0114  0.0000  0.0226  0.0000  0.0000  0.0000
 0.0032  0.0000  0.0008  0.0004  0.0008  0.3470  0.0007  0.0006  0.0780  0.0011  0.5952  1.0000  0.0008  0.0013  0.0016  0.0011  0.0009  0.0020  0.7436  0.0010  0.0000  0.0012  0.0000  0.0000  0.0000
 0.0310  0.0000  0.0045  1.0000  0.0820  0.0058  0.0598  0.0270  0.0072  0.3246  0.0166  0.0057  0.8698  0.0238  0.1362  0.6594  0.0500  0.0298  0.0104  0.0036  0.0000  0.0438  0.0000  0.0000  0.0000
 0.0000  0.0000  0.0000  0.0000  0.0000  0.0000  0.0000  1.0000  0.0000  0.0000  0.0000  0.0000  0.0000  0.0000  0.0000  0.0000  0.0000  0.0000  0.0000  0.0000  0.0000  0.0000  0.0000  0.0000  0.0000
 0.0076  0.0000  0.0001  0.0874  1.0000  0.0004  0.0015  0.0011  0.0005  0.4734  0.0010  0.0004  0.0017  0.0100  0.0055  0.1951  0.0021  0.0019  0.0010  0.0002  0.0000  0.0005  0.0000  0.0000  0.0000
 0.0000  0.0000  0.0000  0.0000  0.0000  0.0000  0.0000  0.0000  0.0000  0.0000  0.0000  0.0000  1.0000  0.0000  0.0000  0.0000  0.0000  0.0000  0.0000  0.0000  0.0000  0.0000  0.0000  0.0000  0.0000
 0.0003  0.0000  0.0001  0.0001  0.0001  0.0005  0.0002  0.0000  1.0000  0.0002  0.0206  0.0005  0.0001  0.0001  0.0000  0.0001  0.0002  0.0004  0.5789  0.0001  0.0000  0.0002  0.0000  0.0000  0.0000
 0.0019  0.0000  0.0004  0.0001  0.0003  0.0005  0.0001  0.0001  1.0000  0.0004  0.0103  0.0079  0.0002  0.0053  0.0002  0.0002  0.0003  0.1512  0.1845  0.0001  0.0000  0.0002  0.0000  0.0000  0.0000
 0.8777  0.0000  0.3437  0.0136  0.0194  0.0046  1.0000  0.0044  0.0071  0.1081  0.0137  0.0060  0.0139  0.0278  0.0741  0.1142  0.6085  0.0687  0.0253  0.0019  0.0000  0.0042  0.0000  0.0000  0.0000
 0.0008  0.0000  0.0002  0.0001  0.0002  0.0016  0.0002  0.0001  0.4290  0.0002  1.0000  0.0120  0.0002  0.0003  0.0003  0.0002  0.0002  0.0089  0.0280  0.0002  0.0000  0.0003  0.0000  0.0000  0.0000
 0.3431  0.0000  0.1060  0.1495  0.2164  0.4020  0.2160  0.3359  0.2666  0.7292  1.0000  0.1398  0.2207  0.1517  0.2578  0.6443  0.3717  0.3595  0.3367  0.1096  0.0000  0.7369  0.0000  0.0000  0.0000
 0.0008  0.0000  0.0002  1.0000  0.0012  0.0002  0.0028  0.0008  0.0001  0.0011  0.0002  0.0001  0.3751  0.0007  0.0007  0.0006  0.0020  0.0008  0.0002  0.0001  0.0000  0.0004  0.0000  0.0000  0.0000
 0.1371  0.0000  0.0006  0.0002  0.0004  0.0012  0.0003  0.0001  0.7329  0.0005  0.0123  0.2331  0.0003  0.0005  0.0003  0.0004  0.0005  0.0020  1.0000  0.0002  0.0000  0.0005  0.0000  0.0000  0.0000
 0.0546  0.0000  0.0129  0.2348  0.0107  1.0000  0.0081  0.0027  0.9041  0.0130  0.1547  0.1854  0.0085  0.0121  0.0076  0.0092  0.0474  0.0586  0.4559  0.0039  0.0000  0.0128  0.0000  0.0000  0.0000
 0.6480  0.0000  0.0626  0.5271  0.8269  0.1205  0.3356  0.2739  0.3616  0.8483  0.3382  0.2025  0.4251  0.2685  0.5079  0.7122  0.6567  1.0000  0.2825  0.0360  0.0000  0.1479  0.0000  0.0000  0.0000
 0.0026  0.0000  0.0003  0.0003  0.0003  0.0002  0.0016  0.0001  0.0002  0.0004  0.0048  0.0001  0.0002  1.0000  0.0002  0.0003  0.0063  0.0005  0.0005  0.0001  0.0000  0.0001  0.0000  0.0000  0.0000
 0.9092  0.0000  0.0548  0.6170  0.9964  0.0589  0.3883  0.1757  0.2315  0.9330  0.3052  0.1187  0.4976  0.6603  1.0000  0.6932  0.7388  0.5786  0.3381  0.0195  0.0000  0.0515  0.0000  0.0000  0.0000
 0.0907  0.0000  0.0054  0.1552  0.1249  0.0052  0.0719  0.1788  0.0188  0.8339  0.0307  0.0107  0.0709  1.0000  0.3476  0.2404  0.0737  0.2102  0.0287  0.0019  0.0000  0.0043  0.0000  0.0000  0.0000
 0.2787  0.0000  0.0399  0.2709  0.3808  0.0185  0.1402  0.0448  0.0690  0.5246  0.3196  0.0390  0.3004  0.1411  0.3710  0.6837  1.0000  0.8108  0.1275  0.0064  0.0000  0.0141  0.0000  0.0000  0.0000
 0.0333  0.0000  0.0060  0.0027  0.0058  0.0642  0.0042  0.0042  0.1996  0.0133  1.0000  0.0718  0.0053  0.0092  0.0108  0.4061  0.0063  0.0146  0.0902  0.0063  0.0000  0.0072  0.0000  0.0000  0.0000
 0.0239  0.0000  0.0005  0.2977  1.0000  0.0005  0.0135  0.0015  0.0017  0.0345  0.0027  0.0010  0.0270  0.0029  0.0060  0.0919  0.2305  0.0236  0.0026  0.0002  0.0000  0.0006  0.0000  0.0000  0.0000
 0.3304  0.0000  0.0095  0.1824  1.0000  0.0089  0.0869  0.0579  0.0366  0.1801  0.0576  0.0384  0.5544  0.1839  0.1805  0.1114  0.2851  0.1458  0.0639  0.0031  0.0000  0.0068  0.0000  0.0000  0.0000
 0.0002  0.0000  0.0001  0.0000  0.0001  1.0000  0.0000  0.0000  0.0040  0.0000  0.0645  0.0003  0.0000  0.0001  0.0000  0.0000  0.0001  0.0001  0.0004  0.0009  0.0000  0.0144  0.0000  0.0000  0.0000
 0.0191  0.0000  0.0018  0.0405  0.2160  0.0019  0.0186  0.0128  0.0043  0.2038  0.0075  0.0026  1.0000  0.0092  0.7951  0.0327  0.0651  0.0529  0.0065  0.0009  0.0000  0.0030  0.0000  0.0000  0.0000
 0.0011  0.0000  0.0000  1.0000  0.1511  0.0001  0.0007  0.0140  0.0001  0.0011  0.0002  0.0001  0.0052  0.0007  0.0831  0.0003  0.0008  0.0005  0.0002  0.0001  0.0000  0.0002  0.0000  0.0000  0.0000
 0.0009  0.0000  0.0002  0.0001  0.0002  0.0004  0.0001  0.0000  0.0830  0.0002  0.0419  0.0005  0.0001  0.0002  0.0001  0.0001  0.0002  0.1181  1.0000  0.0001  0.0000  0.0002  0.0000  0.0000  0.0000
 0.0004  0.0000  0.0006  0.0007  0.0004  0.0004  0.0016  0.0091  0.0003  0.0003  0.0005  0.0001  0.0004  0.0007  0.0003  0.0005  0.0003  0.0004  0.0004  0.0003  0.0000  1.0000  0.0000  0.0000  0.0000
 0.0013  0.0000  0.0003  0.0002  0.0003  0.1136  0.0003  0.0002  0.6654  0.0005  1.0000  0.0525  0.0003  0.0005  0.0006  0.0005  0.0004  0.0008  0.0833  0.0004  0.0000  0.0005  0.0000  0.0000  0.0000
 0.1653  0.0000  0.0017  0.0007  0.0015  0.0219  0.0013  0.0009  0.0077  0.0015  0.0060  0.0153  0.0010  0.0021  0.0012  0.0011  0.0151  0.0137  1.0000  0.0005  0.0000  0.1525  0.0000  0.0000  0.0000
 0.1649  0.0000  0.0323  0.0786  0.1974  0.0193  0.0529  0.0229  0.0472  0.0676  0.0455  0.3687  0.1342  0.0802  0.0537  0.0424  0.5378  1.0000  0.0748  0.0113  0.0000  0.4390  0.0000  0.0000  0.0000
 0.0011  0.0000  0.0001  0.0089  1.0000  0.0002  0.0041  0.1644  0.0001  0.0013  0.0002  0.0001  0.0096  0.0008  0.0012  0.0005  0.0017  0.0008  0.0002  0.0001  0.0000  0.0004  0.0000  0.0000  0.0000
 0.0000  0.0000  0.0000  0.0000  0.0000  0.0000  0.0000  0.0000  0.0000  0.0000  1.0000  0.0000  0.0000  0.0000  0.0000  0.0000  0.0000  0.0000  0.0000  0.0000  0.0000  0.0000  0.0000  0.0000  0.0000
 0.0003  0.0000  0.0001  0.0000  0.0001  0.0008  0.0001  0.0001  0.0015  0.0001  0.0553  1.0000  0.0001  0.0001  0.0121  0.0001  0.0001  0.0002  0.0008  0.0001  0.0000  0.0001  0.0000  0.0000  0.0000
 0.0027  0.0000  0.0002  1.0000  0.1864  0.0003  0.2122  0.0012  0.0003  0.0029  0.0006  0.0002  0.0045  0.0018  0.0032  0.0010  0.0028  0.0015  0.0006  0.0002  0.0000  0.0006  0.0000  0.0000  0.0000
 0.9057  0.0000  0.2413  0.0044  0.0039  0.0339  0.0168  0.0011  0.0032  0.0049  0.0044  0.0021  0.0060  0.0097  0.0036  0.0033  0.0447  1.0000  0.0079  0.0008  0.0000  0.0015  0.0000  0.0000  0.0000
 0.0008  0.0000  0.0002  1.0000  0.0012  0.0002  0.0028  0.0008  0.0001  0.0011  0.0002  0.0001  0.3751  0.0007  0.0007  0.0006  0.0020  0.0008  0.0002  0.0001  0.0000  0.0004  0.0000  0.0000  0.0000
 0.0004  0.0000  0.0001  0.0002  0.0002  0.0006  0.0006  0.0001  0.0010  0.0003  1.0000  0.0006  0.0002  0.0040  0.0002  0.0003  0.0002  0.0002  0.0006  0.0001  0.0000  0.0002  0.0000  0.0000  0.0000
 0.4295  0.0000  0.3155  0.7421  0.2290  0.0433  0.6111  0.5798  0.0274  0.2288  0.0565  0.0219  1.0000  0.1603  0.1526  0.1238  0.4855  0.1941  0.0596  0.0196  0.0000  0.1099  0.0000  0.0000  0.0000
 0.1819  0.0000  0.0007  0.0060  0.0072  0.0010  0.0066  0.0715  0.0018  0.0292  0.0042  0.0014  0.2387  0.0040  1.0000  0.1411  0.0062  0.0054  0.0025  0.0007  0.0000  0.0023  0.0000  0.0000  0.0000
 0.0004  0.0000  0.0001  0.0001  0.0001  0.0006  0.0002  0.0000  1.0000  0.0002  0.1155  0.0005  0.0001  0.0001  0.0001  0.0001  0.0002  0.0240  0.4277  0.0001  0.0000  0.0003  0.0000  0.0000  0.0000
 0.0002  0.0000  0.0001  0.0001  0.0001  0.0004  0.0001  0.0000  1.0000  0.0001  0.1075  0.0004  0.0001  0.0000  0.0000  0.0001  0.0001  0.0003  0.1035  0.0000  0.0000  0.0002  0.0000  0.0000  0.0000
 0.0023  0.0000  0.0002  0.0004  0.0033  0.0005  0.0017  0.1120  0.0010  0.3303  0.0024  0.0008  0.0062  0.0018  0.4398  1.0000  0.0019  0.1181  0.0013  0.0004  0.0000  0.0011  0.0000  0.0000  0.0000
 0.0916  0.0000  0.0177  0.0358  0.0233  0.0089  0.0299  0.0103  0.0251  0.0356  0.0242  0.6716  0.0641  0.0438  1.0000  0.0229  0.7143  0.4831  0.0406  0.0057  0.0000  0.0101  0.0000  0.0000  0.0000
 0.2175  0.0000  0.0057  0.2958  0.7843  0.0058  0.0424  0.0143  0.0202  0.2862  0.0327  0.0116  0.3873  1.0000  0.3826  0.0562  0.1434  0.1510  0.0311  0.0021  0.0000  0.0048  0.0000  0.0000  0.0000
 0.0003  0.0000  0.0001  0.0000  0.0001  0.0008  0.0001  0.0001  0.0014  0.0001  1.0000  0.0043  0.0001  0.0048  0.0001  0.0001  0.0001  0.0002  0.0008  0.0001  0.0000  0.0001  0.0000  0.0000  0.0000
 0.0605  0.0000  0.0126  0.7957  0.2102  0.0084  0.0840  0.0275  0.0139  0.0487  0.0158  0.0077  0.2030  0.0379  0.0374  0.0361  0.9599  1.0000  0.0222  0.0049  0.0000  0.0160  0.0000  0.0000  0.0000
 0.0192  0.0000  0.0008  1.0000  0.4142  0.0020  0.0143  0.6173  0.0023  0.1876  0.0043  0.0017  0.2020  0.0246  0.0247  0.0065  0.0146  0.0098  0.0260  0.0010  0.0000  0.0033  0.0000  0.0000  0.0000
 0.2575  0.0000  0.0001  1.0000  0.9108  0.0008  0.0085  0.0020  0.0010  0.0086  0.0019  0.0008  0.0035  0.0052  0.1423  0.0023  0.0043  0.0037  0.0020  0.0004  0.0000  0.0010  0.0000  0.0000  0.0000
 0.0038  0.0000  0.0012  0.0027  0.0044  0.0890  0.0061  1.0000  0.0019  0.0174  0.0043  0.0012  0.0039  0.0041  0.0064  0.4187  0.0032  0.0036  0.0023  0.0011  0.0000  0.0019  0.0000  0.0000  0.0000
 0.0230  0.0000  1.0000  0.0043  0.0065  0.3199  0.0076  0.0041  0.4240  0.0086  0.2661  0.6958  0.0062  0.0067  0.0070  0.0078  0.1022  0.0202  0.6100  0.0056  0.0000  0.0340  0.0000  0.0000  0.0000
 0.0065  0.0000  0.0007  0.0013  0.0043  0.0008  0.0040  0.0026  0.0015  0.0194  0.0033  0.0238  0.0035  0.0032  1.0000  0.0887  0.4105  0.0055  0.0023  0.0005  0.0000  0.0014  0.0000  0.0000  0.0000
 0.0007  0.0000  0.0004  0.0001  0.0002  0.2408  0.0001  0.0000  0.0015  0.0000  0.0037  0.0007  0.0000  0.0003  0.0000  0.0000  0.1529  0.0005  0.0014  0.0035  0.0000  1.0000  0.0000  0.0000  0.0000
 0.0013  0.0000  0.0004  0.0002  0.0003  1.0000  0.0003  0.0002  0.0053  0.0003  0.7209  0.0034  0.0002  0.0006  0.0005  0.0003  0.0005  0.0008  0.0032  0.0020  0.0000  0.0073  0.0000  0.0000  0.0000
 0.0008  0.0000  0.0002  0.0001  0.0002  0.0013  0.0002  0.0001  0.3275  0.0003  1.0000  0.0284  0.0002  0.0002  0.0002  0.0002  0.0002  0.0176  0.1513  0.0002  0.0000  0.0003  0.0000  0.0000  0.0000
 0.0002  0.0000  0.0001  0.0000  0.0000  0.0692  0.0000  0.0000  0.0004  0.0000  0.0009  0.0002  0.0000  0.0001  0.0000  0.0000  0.0001  0.0001  0.0003  0.0008  0.0000  1.0000  0.0000  0.0000  0.0000
 0.0000  0.0000  0.0000  0.0000  0.0000  0.0000  0.0000  0.0000  0.0000  0.0000  0.0000  0.0000  0.0000  0.0000  1.0000  0.0000  0.0000  0.0000  0.0000  0.0000  0.0000  0.0000  0.0000  0.0000  0.0000
 0.0022  0.0000  0.0006  0.0003  0.0005  0.0048  0.0005  0.0003  1.0000  0.0007  0.6272  0.5841  0.0005  0.0008  0.0009  0.0007  0.0006  0.0106  0.0405  0.0006  0.0000  0.0008  0.0000  0.0000  0.0000
 0.0000  0.0000  0.0000  0.0000  0.0000  0.0000  0.0000  0.0000  0.0000  0.0000  1.0000  0.0000  0.0000  0.0000  0.0000  0.0000  0.0000  0.0000  0.0000  0.0000  0.0000  0.0000  0.0000  0.0000  0.0000
 1.0000  0.0000  0.2515  0.1308  0.1312  0.0519  0.5903  0.0519  0.0617  0.2492  0.1258  0.0538  0.1403  0.2653  0.1257  0.4260  0.5380  0.2396  0.1798  0.0258  0.0000  0.0537  0.0000  0.0000  0.0000
 0.0213  0.0000  0.0003  0.0003  0.0003  0.0001  1.0000  0.0001  0.0001  0.0003  0.0003  0.0001  0.0002  0.0007  0.0002  0.0002  0.0012  0.0004  0.0004  0.0001  0.0000  0.0001  0.0000  0.0000  0.0000
 0.0006  0.0000  0.0002  0.0001  0.0002  0.0017  0.0001  0.0001  0.3717  0.0002  1.0000  0.0021  0.0002  0.0003  0.0003  0.0002  0.0002  0.0064  0.0019  0.0002  0.0000  0.0002  0.0000  0.0000  0.0000
 0.0004  0.0000  0.0000  0.0001  0.0005  0.0001  0.0004  0.0003  0.0002  1.0000  0.0004  0.0001  0.0003  0.0004  0.0008  0.0160  0.0003  0.0004  0.0002  0.0001  0.0000  0.0002  0.0000  0.0000  0.0000
 0.0014  0.0000  0.0015  0.0021  0.0011  0.0160  0.0039  0.3778  0.0011  0.0008  0.0020  0.0005  0.0017  0.0015  0.0008  0.0013  0.0011  0.0011  0.0012  0.0009  0.0000  1.0000  0.0000  0.0000  0.0000
 0.0008  0.0000  0.0003  0.0002  0.0002  0.0014  0.0004  0.0000  1.0000  0.0004  0.7401  0.0014  0.0002  0.0002  0.0001  0.0003  0.0004  0.0009  0.5024  0.0002  0.0000  0.0006  0.0000  0.0000  0.0000
 0.0000  0.0000  0.0000  0.0000  0.0000  0.0000  0.0000  1.0000  0.0000  0.0000  0.0000  0.0000  0.0000  0.0000  0.0000  0.0000  0.0000  0.0000  0.0000  0.0000  0.0000  0.0000  0.0000  0.0000  0.0000
 0.0185  0.0000  0.0003  0.0003  0.0003  0.0001  0.0018  0.0001  0.0002  0.0003  0.0124  0.0002  0.0002  0.0008  0.0002  0.0002  1.0000  0.0007  0.0006  0.0000  0.0000  0.0001  0.0000  0.0000  0.0000
 1.0000  0.0000  0.0003  0.0002  0.0002  0.0001  0.0014  0.0001  0.0002  0.0002  0.0003  0.0001  0.0002  0.0006  0.0002  0.0002  0.0012  0.0005  0.0046  0.0001  0.0000  0.0001  0.0000  0.0000  0.0000
 0.0567  0.0000  0.0072  0.2470  0.0834  0.0062  0.9096  0.0420  0.0031  0.0538  0.0069  0.0025  1.0000  0.0249  0.0300  0.0219  0.0826  0.0322  0.0052  0.0032  0.0000  0.0166  0.0000  0.0000  0.0000
 0.0005  0.0000  0.0002  0.0001  0.0001  0.0007  0.0002  0.0000  0.9580  0.0002  0.0037  0.0007  0.0001  0.0001  0.0001  0.0002  0.0002  0.0006  1.0000  0.0001  0.0000  0.0003  0.0000  0.0000  0.0000
 0.0010  0.0000  0.0003  0.0002  0.0003  0.0020  0.0004  0.0001  1.0000  0.0004  0.9847  0.0022  0.0003  0.0003  0.0003  0.0004  0.0004  0.0009  0.1117  0.0002  0.0000  0.0006  0.0000  0.0000  0.0000
 0.0000  0.0000  0.0000  0.0000  0.0000  0.0000  0.0000  1.0000  0.0000  0.0000  0.0000  0.0000  0.0000  0.0000  0.0000  0.0000  0.0000  0.0000  0.0000  0.0000  0.0000  0.0000  0.0000  0.0000  0.0000
 0.0004  0.0000  0.0002  0.0005  0.0005  0.0002  0.0012  0.0059  0.0002  0.0011  0.0005  0.0001  0.0004  0.0008  0.0005  1.0000  0.0003  0.0004  0.0003  0.0002  0.0000  0.0003  0.0000  0.0000  0.0000
 0.0000  0.0000  0.0000  1.0000  0.0000  0.0000  0.0000  0.0000  0.0000  0.0000  0.0000  0.0000  0.0000  0.0000  0.0000  0.0000  0.0000  0.0000  0.0000  0.0000  0.0000  0.0000  0.0000  0.0000  0.0000
 0.0003  0.0000  0.0001  0.0000  0.0001  0.0007  0.0001  0.0001  0.0042  0.0001  1.0000  0.0009  0.0001  0.0001  0.0001  0.0001  0.0001  0.0002  0.0007  0.0001  0.0000  0.0001  0.0000  0.0000  0.0000
 0.0004  0.0000  0.0000  0.0001  0.0005  0.0001  0.0004  0.0003  0.0002  1.0000  0.0004  0.0001  0.0003  0.0004  0.0008  0.0159  0.0003  0.0004  0.0002  0.0001  0.0000  0.0002  0.0000  0.0000  0.0000
 0.0000  0.0000  0.0000  0.0000  0.0000  0.0000  0.0000  0.0000  0.0000  0.0000  0.0000  0.0000  0.0000  1.0000  0.0000  0.0000  0.0000  0.0000  0.0000  0.0000  0.0000  0.0000  0.0000  0.0000  0.0000
 0.0146  0.0000  0.0149  0.0016  0.0014  0.0005  0.2246  0.0004  0.0006  0.0015  0.0013  0.0006  0.0016  0.0035  0.0010  0.0040  1.0000  0.0027  0.0023  0.0002  0.0000  0.0005  0.0000  0.0000  0.0000
 0.0005  0.0000  0.0001  0.0014  0.0005  0.0001  0.0013  0.0003  0.0001  0.0005  0.0001  0.0000  1.0000  0.0004  0.0003  0.0003  0.0034  0.0004  0.0001  0.0001  0.0000  0.0002  0.0000  0.0000  0.0000
 0.0010  0.0000  0.0003  0.0001  0.0003  0.0026  0.0002  0.0002  0.6746  0.0003  1.0000  0.0032  0.0002  0.0004  0.0005  0.0003  0.0003  0.0006  0.0028  0.0003  0.0000  0.0004  0.0000  0.0000  0.0000
 0.2662  0.0000  0.0016  0.0006  0.0014  0.0962  0.0008  0.0008  0.0210  0.0017  1.0000  0.0122  0.0011  0.0022  0.0021  0.0014  0.0016  0.0043  0.5168  0.0013  0.0000  0.0017  0.0000  0.0000  0.0000
 0.0006  0.0000  0.0002  0.0001  0.0002  0.0012  0.0002  0.0001  0.1180  0.0003  0.5292  0.0130  0.0002  0.0002  0.0002  0.0002  0.0002  0.0006  1.0000  0.0001  0.0000  0.0003  0.0000  0.0000  0.0000
 0.0030  0.0000  0.0006  0.0089  0.0036  0.0005  0.0068  0.0025  0.0006  0.3900  0.0012  0.0004  1.0000  0.0022  0.0034  0.0054  0.0065  0.0255  0.0009  0.0003  0.0000  0.0013  0.0000  0.0000  0.0000
 1.0000  0.0000  0.0043  0.0043  0.4091  0.0017  0.0340  0.0009  0.0021  0.0046  0.0042  0.0020  0.0037  0.0109  0.0033  0.0032  0.5037  0.0554  0.0072  0.0006  0.0000  0.0013  0.0000  0.0000  0.0000
 0.0016  0.0000  0.0004  1.0000  0.0026  0.0003  0.0059  0.0018  0.0002  0.0277  0.0004  0.0001  0.7788  0.0013  0.0295  0.0012  0.0257  0.0017  0.0003  0.0002  0.0000  0.0009  0.0000  0.0000  0.0000
 0.0000  0.0000  1.0000  0.0000  0.0000  0.0000  0.0000  0.0000  0.0000  0.0000  0.0000  0.0000  0.0000  0.0000  0.0000  0.0000  0.0000  0.0000  0.0000  0.0000  0.0000  0.0000  0.0000  0.0000  0.0000
 0.0079  0.0000  0.0002  1.0000  0.5747  0.0007  0.0035  0.0020  0.0010  0.0080  0.0018  0.0007  0.0042  0.0048  0.0103  0.0022  0.0046  0.5660  0.0018  0.0004  0.0000  0.0010  0.0000  0.0000  0.0000
 0.0000  0.0000  0.0000  0.0000  0.0000  0.0000  0.0000  0.0000  0.0000  0.0000  1.0000  0.0000  0.0000  0.0000  0.0000  0.0000  0.0000  0.0000  0.0000  0.0000  0.0000  0.0000  0.0000  0.0000  0.0000
 0.0004  0.0000  0.0000  0.0001  0.0005  0.0001  0.0004  0.0003  0.0002  1.0000  0.0004  0.0001  0.0004  0.0004  0.0009  0.0751  0.0003  0.0004  0.0002  0.0001  0.0000  0.0002  0.0000  0.0000  0.0000
 0.0002  0.0000  0.0001  0.0000  0.0001  0.0004  0.0001  0.0000  1.0000  0.0001  0.0133  0.0004  0.0001  0.0001  0.0001  0.0001  0.0001  0.0002  0.0076  0.0000  0.0000  0.0001  0.0000  0.0000  0.0000
 0.2293  0.0000  1.0000  0.0120  0.0270  0.0186  0.2675  0.0036  0.0565  0.0167  0.9854  0.0228  0.0109  0.0409  0.0128  0.0125  0.0810  0.0294  0.0387  0.0036  0.0000  0.0062  0.0000  0.0000  0.0000
 0.0004  0.0000  0.0004  1.0000  0.0005  0.0004  0.0015  0.0003  0.0002  0.0003  0.0004  0.0001  0.0008  0.0006  0.0003  0.0004  0.0004  0.0004  0.0003  0.0003  0.0000  0.0036  0.0000  0.0000  0.0000
 0.0000  0.0000  0.0000  0.0000  0.0000  1.0000  0.0000  0.0000  0.0000  0.0000  0.0000  0.0000  0.0000  0.0000  0.0000  0.0000  0.0000  0.0000  0.0000  0.0000  0.0000  0.0000  0.0000  0.0000  0.0000
 0.0006  0.0000  0.0004  0.0006  0.0004  0.0003  1.0000  0.0003  0.0003  0.0004  0.0005  0.0001  0.0003  0.0009  0.0003  0.0005  0.0004  0.0004  0.0004  0.0039  0.0000  0.0003  0.0000  0.0000  0.0000
 0.0000  0.0000  0.0000  0.0000  0.0000  0.0000  0.0000  0.0000  0.0000  0.0000  1.0000  0.0000  0.0000  0.0000  0.0000  0.0000  0.0000  0.0000  0.0000  0.0000  0.0000  0.0000  0.0000  0.0000  0.0000
 1.0000  0.0000  0.0000  0.0000  0.0000  0.0000  0.0000  0.0000  0.0000  0.0000  0.0000  0.0000  0.0000  0.0000  0.0000  0.0000  0.0000  0.0000  0.0000  0.0000  0.0000  0.0000  0.0000  0.0000  0.0000
 0.0000  0.0000  0.0000  0.0000  0.0000  0.0000  0.0000  0.0000  0.0000  0.0000  0.0000  0.0000  0.0000  0.0000  0.0000  1.0000  0.0000  0.0000  0.0000  0.0000  0.0000  0.0000  0.0000  0.0000  0.0000
 0.2086  0.0000  0.0445  0.0543  0.0663  0.1403  0.2662  0.1829  0.1833  0.0786  0.1708  0.0511  0.0816  0.2478  0.0782  0.0826  0.1856  1.0000  0.1995  0.0378  0.0000  0.1951  0.0000  0.0000  0.0000
 0.8217  0.0000  0.0238  0.0372  0.0277  0.2721  0.0629  0.0117  0.0190  0.0808  0.0217  0.0104  0.1652  0.0354  0.1719  0.0221  0.3170  1.0000  0.0319  0.0048  0.0000  0.0123  0.0000  0.0000  0.0000
 0.2287  0.0000  0.1340  0.4581  0.2809  0.0110  0.6364  0.0265  0.0406  0.2011  0.0804  0.0365  0.1894  0.0956  0.1275  0.1374  1.0000  0.2262  0.0620  0.0038  0.0000  0.0086  0.0000  0.0000  0.0000
 0.1262  0.0000  0.0161  0.3424  1.0000  0.0148  0.1284  0.0470  0.0237  0.1977  0.0327  0.0144  0.4704  0.2393  0.1129  0.0508  0.3748  0.9989  0.0394  0.0079  0.0000  0.0257  0.0000  0.0000  0.0000
 0.4928  0.0000  0.0064  0.1447  0.4679  0.0060  0.2152  0.0147  0.0220  0.2258  0.0355  0.0125  0.4158  0.0327  0.2678  0.0619  0.6712  1.0000  0.0336  0.0021  0.0000  0.0047  0.0000  0.0000  0.0000
 0.3034  0.0000  0.0378  0.9773  1.0000  0.2181  0.4473  0.1662  0.0671  0.3264  0.1306  0.0429  0.5864  0.1786  0.3340  0.1511  0.3546  0.2070  0.1053  0.0299  0.0000  0.1416  0.0000  0.0000  0.0000
 0.0483  0.0000  0.0248  0.0172  0.3097  1.0000  0.0276  0.0444  0.0904  0.0255  0.3190  0.6751  0.0261  0.0196  0.0270  0.0300  0.0589  0.0358  0.0619  0.0207  0.0000  0.3919  0.0000  0.0000  0.0000
 0.0003  0.0000  0.0001  0.0001  0.0001  0.0008  0.0002  0.0001  0.0013  0.0001  0.0185  1.0000  0.0001  0.0002  0.0001  0.0001  0.0001  0.0002  0.0007  0.0001  0.0000  0.0002  0.0000  0.0000  0.0000
 0.0008  0.0000  0.0003  0.0004  0.0002  0.0002  0.0007  0.0001  0.0003  0.0003  0.0005  0.0141  0.0004  0.0005  0.0002  0.0003  0.0016  1.0000  0.0005  0.0001  0.0000  0.0002  0.0000  0.0000  0.0000
 0.1474  0.0000  0.0066  0.2802  1.0000  0.0111  0.2539  0.0272  0.0139  0.1069  0.0268  0.0111  0.0601  0.3134  0.1360  0.0328  0.0797  0.0529  0.0302  0.0052  0.0000  0.0147  0.0000  0.0000  0.0000
 0.0000  0.0000  0.0000  0.0000  0.0000  0.0000  0.0000  0.0000  0.0000  0.0000  0.0000  0.0000  0.0000  0.0000  0.0000  0.0000  0.0000  0.0000  0.0000  0.0000  0.0000  1.0000  0.0000  0.0000  0.0000
 0.0050  0.0000  0.0003  0.0002  0.0002  0.0002  0.0006  0.0001  0.0009  0.0002  0.0007  0.0002  0.0001  0.0004  0.0002  0.0002  0.0005  0.0007  1.0000  0.0001  0.0000  0.0001  0.0000  0.0000  0.0000
 0.3880  0.0000  0.0022  0.0006  0.0017  0.0047  0.0009  0.0004  0.0366  0.0017  0.0080  0.0024  0.0008  0.0025  0.0012  0.0010  0.0886  0.0076  1.0000  0.0002  0.0000  0.0004  0.0000  0.0000  0.0000
 0.0008  0.0000  0.0003  0.0004  0.0003  0.0003  0.0007  0.0002  0.0171  0.0003  0.0005  0.0002  0.0004  0.0005  0.0003  0.0003  0.0015  1.0000  0.0007  0.0001  0.0000  0.0002  0.0000  0.0000  0.0000
 0.0010  0.0000  0.0002  0.0005  0.0005  0.0002  0.0014  0.0003  0.0002  0.0010  0.0005  0.0001  0.0004  0.0009  0.0005  1.0000  0.0174  0.0005  0.0003  0.0002  0.0000  0.0002  0.0000  0.0000  0.0000
 0.0003  0.0000  0.0002  0.0001  0.0001  0.0073  0.0001  0.0000  0.0007  0.0000  0.0262  0.0003  0.0000  0.0001  0.0000  0.0000  0.0002  0.0002  0.0006  1.0000  0.0000  0.4738  0.0000  0.0000  0.0000
 0.0002  0.0000  0.0001  0.0001  0.0001  0.0035  0.0001  0.0000  0.0004  0.0000  0.0176  0.0002  0.0000  0.0001  0.0000  0.0000  0.0001  0.0001  0.0003  0.0008  0.0000  1.0000  0.0000  0.0000  0.0000
 0.0006  0.0000  0.0005  0.0008  0.0005  0.0171  0.0019  0.0004  0.0004  0.0008  0.0007  0.0002  0.0004  0.0011  0.0005  1.0000  0.0004  0.0005  0.0005  0.0003  0.0000  0.0004  0.0000  0.0000  0.0000
 1.0000  0.0000  0.0004  0.0003  0.0003  0.0001  0.0040  0.0001  0.0002  0.0004  0.0174  0.0002  0.0002  0.0186  0.0002  0.0003  0.0019  0.0006  0.0006  0.0001  0.0000  0.0001  0.0000  0.0000  0.0000
 0.0000  0.0000  0.0000  0.0000  0.0000  0.0000  0.0000  0.0000  0.0000  0.0000  0.0000  0.0000  0.0000  1.0000  0.0000  0.0000  0.0000  0.0000  0.0000  0.0000  0.0000  0.0000  0.0000  0.0000  0.0000
 0.0007  0.0000  0.0000  0.0017  1.0000  0.0001  0.0046  0.0002  0.0001  0.0006  0.0002  0.0001  0.0003  0.0004  0.0049  0.0002  0.0004  0.0003  0.0002  0.0000  0.0000  0.0001  0.0000  0.0000  0.0000
 0.0015  0.0000  0.0005  0.0004  0.0004  0.0027  0.0007  0.0001  0.7850  0.0007  1.0000  0.0027  0.0005  0.0003  0.0003  0.0006  0.0007  0.0017  0.6771  0.0003  0.0000  0.0011  0.0000  0.0000  0.0000
 0.0018  0.0000  0.0005  0.0002  0.0005  0.0049  0.0004  0.0004  0.6085  0.0006  1.0000  0.7485  0.0004  0.0395  0.0009  0.0006  0.0005  0.0011  0.0051  0.0006  0.0000  0.0006  0.0000  0.0000  0.0000
 0.0004  0.0000  0.0001  0.0000  0.0001  0.0044  0.0001  0.0001  0.0017  0.0001  1.0000  0.0011  0.0001  0.0169  0.0002  0.0001  0.0001  0.0002  0.0009  0.0001  0.0000  0.0002  0.0000  0.0000  0.0000
 0.0678  0.0000  0.1402  0.0861  0.0312  0.0072  0.6634  0.0195  0.0130  0.0357  0.0147  0.0074  1.0000  0.0338  0.0256  0.0203  0.5103  0.2858  0.0224  0.0254  0.0000  0.0123  0.0000  0.0000  0.0000
 0.2758  0.0000  0.2829  0.1010  0.0714  0.1564  0.0969  0.0480  0.0971  0.1031  0.1319  0.3992  0.1791  0.1263  0.0917  0.0723  0.8797  1.0000  0.1405  0.0695  0.0000  0.0658  0.0000  0.0000  0.0000
 0.0792  0.0000  0.0191  0.4261  0.1954  0.0163  0.8228  0.3819  0.0079  0.2505  0.0177  0.0063  0.6678  0.0644  0.0765  0.0574  1.0000  0.0842  0.0132  0.0084  0.0000  0.0436  0.0000  0.0000  0.0000
 0.0000  0.0000  0.0000  0.0000  0.0000  0.0000  0.0000  0.0000  0.0000  0.0000  0.0000  0.0000  0.0000  0.0000  0.0000  0.0000  0.0000  0.0000  0.0000  0.0000  0.0000  1.0000  0.0000  0.0000  0.0000
 0.0217  0.0000  0.0052  0.2375  0.0301  0.0042  0.1900  0.0216  0.0026  0.4289  0.0050  0.0019  0.3541  0.0170  0.0664  0.0150  0.0819  1.0000  0.0043  0.0022  0.0000  0.0110  0.0000  0.0000  0.0000
 1.0000  0.0000  0.0156  0.1809  0.9113  0.0145  0.1389  0.0350  0.0538  0.5746  0.0868  0.1430  0.1422  0.0796  0.4800  0.1512  0.3427  0.4161  0.2345  0.0050  0.0000  0.0111  0.0000  0.0000  0.0000
 1.0000  0.0000  0.0238  0.0830  0.0906  0.0125  0.0656  0.0206  0.0311  0.0530  0.0307  0.0163  0.5826  0.0607  0.0403  0.0320  0.4719  0.7419  0.0509  0.0077  0.0000  0.0462  0.0000  0.0000  0.0000
 0.0056  0.0000  0.0003  0.0001  0.0002  0.0007  0.0002  0.0000  1.0000  0.0003  0.0038  0.0407  0.0002  0.0002  0.0001  0.0002  0.0003  0.0009  0.8778  0.0001  0.0000  0.0003  0.0000  0.0000  0.0000
 0.0000  0.0000  0.0000  1.0000  0.0000  0.0000  0.0000  0.0000  0.0000  0.0000  0.0000  0.0000  0.0000  0.0000  0.0000  0.0000  0.0000  0.0000  0.0000  0.0000  0.0000  0.0000  0.0000  0.0000  0.0000
 0.0005  0.0000  0.0002  0.0001  0.0002  0.0009  0.0003  0.0000  1.0000  0.0002  0.1073  0.0583  0.0002  0.0001  0.0001  0.0002  0.0002  0.0006  0.8621  0.0001  0.0000  0.0004  0.0000  0.0000  0.0000
 0.0000  0.0000  0.0000  0.0000  0.0000  0.0000  0.0000  0.0000  0.0000  0.0000  0.0000  0.0000  0.0000  0.0000  0.0000  0.0000  0.0000  0.0000  0.0000  1.0000  0.0000  0.0000  0.0000  0.0000  0.0000
 0.0000  0.0000  0.0000  0.0000  0.0000  0.0000  0.0000  0.0000  0.0000  0.0000  0.0000  0.0000  0.0000  0.0000  0.0000  0.0000  1.0000  0.0000  0.0000  0.0000  0.0000  0.0000  0.0000  0.0000  0.0000
 0.0357  0.0000  0.0003  0.0001  0.0002  0.0002  0.0000  0.0001  0.0086  0.0002  0.0012  0.0003  0.0001  0.0004  0.0002  0.0001  0.0002  0.0173  1.0000  0.0000  0.0000  0.0001  0.0000  0.0000  0.0000
 0.0012  0.0000  0.0043  0.0005  0.0003  0.0003  1.0000  0.0003  0.0003  0.0001  0.0004  0.0002  0.0003  0.0005  0.0002  0.0004  0.0006  0.0004  0.0005  0.0003  0.0000  0.0004  0.0000  0.0000  0.0000
 0.0000  0.0000  1.0000  0.0000  0.0000  0.0000  0.0000  0.0000  0.0000  0.0000  0.0000  0.0000  0.0000  0.0000  0.0000  0.0000  0.0000  0.0000  0.0000  0.0000  0.0000  0.0000  0.0000  0.0000  0.0000
 0.0003  0.0000  0.0001  0.0001  0.0001  0.0003  0.0002  0.0000  1.0000  0.0001  0.0014  0.0003  0.0001  0.0001  0.0001  0.0001  0.0001  0.0003  0.0087  0.0001  0.0000  0.0002  0.0000  0.0000  0.0000
 0.0027  0.0000  0.0010  0.0004  0.0007  0.8558  0.0005  0.0003  0.0106  0.0006  0.6387  1.0000  0.0004  0.0011  0.0009  0.0006  0.0057  0.0016  0.0067  0.0056  0.0000  0.0479  0.0000  0.0000  0.0000
 1.0000  0.0000  0.0067  0.0049  0.0059  0.0028  0.6929  0.0011  0.0033  0.0064  0.0143  0.3744  0.0041  0.0167  0.0045  0.0046  0.0341  0.0114  0.0112  0.0009  0.0000  0.0019  0.0000  0.0000  0.0000
 0.0006  0.0000  0.0000  0.0098  1.0000  0.0001  0.0003  0.0002  0.0001  0.0006  0.0002  0.0001  0.0003  0.0004  0.0008  0.0002  0.0003  0.0003  0.0001  0.0000  0.0000  0.0001  0.0000  0.0000  0.0000
 0.0010  0.0000  0.0002  0.0001  0.0002  0.0023  0.0002  0.0002  0.2391  0.0003  1.0000  0.5623  0.0002  0.0004  0.0005  0.0003  0.0003  0.0206  0.0129  0.0003  0.0000  0.0003  0.0000  0.0000  0.0000
 0.0013  0.0000  0.0004  0.0003  0.0004  0.0029  0.0006  0.0001  0.3672  0.0006  1.0000  0.5037  0.0004  0.0004  0.0004  0.0005  0.0005  0.0013  0.5733  0.0003  0.0000  0.0191  0.0000  0.0000  0.0000
 0.7422  0.0000  0.0587  0.6345  1.0000  0.0504  0.4248  0.1223  0.1850  0.9406  0.3006  0.1044  0.5086  0.2708  0.5813  0.5583  0.7231  0.6144  0.2806  0.0175  0.0000  0.0400  0.0000  0.0000  0.0000
 0.1381  0.0000  0.0137  0.0360  0.1839  0.0278  0.3311  0.1760  0.0560  0.9222  0.1337  0.0438  0.1412  0.1053  0.3097  1.0000  0.1220  0.1561  0.0750  0.0207  0.0000  0.0599  0.0000  0.0000  0.0000
 0.0396  0.0000  0.0673  0.0137  0.2899  0.0014  0.1613  0.0041  0.0047  1.0000  0.0082  0.0028  0.0122  0.0072  0.1220  0.5949  0.0799  0.0522  0.0071  0.0006  0.0000  0.0016  0.0000  0.0000  0.0000
 0.1425  0.0000  0.0209  0.0050  0.0156  0.0108  0.0010  0.0039  0.2705  0.0155  0.0718  0.0219  0.0074  1.0000  0.0116  0.0086  0.0166  0.3295  0.5006  0.0018  0.0000  0.0033  0.0000  0.0000  0.0000
 0.0008  0.0000  0.0002  0.0001  0.0002  0.1473  0.0002  0.0002  0.1316  0.0003  1.0000  0.0026  0.0002  0.0003  0.0004  0.0217  0.0002  0.0005  0.0191  0.0002  0.0000  0.0003  0.0000  0.0000  0.0000
 0.0003  0.0000  0.0001  0.0000  0.0001  1.0000  0.0001  0.0000  0.0008  0.0000  0.0052  0.0004  0.0000  0.0001  0.0001  0.0000  0.0001  0.0170  0.0046  0.0006  0.0000  0.0023  0.0000  0.0000  0.0000
 0.0168  0.0000  0.0004  0.0005  0.0009  0.0002  0.0021  0.0003  0.0003  0.1357  0.0006  0.0002  0.0006  1.0000  0.0457  0.0017  0.0067  0.0009  0.0007  0.0001  0.0000  0.0002  0.0000  0.0000  0.0000
 0.0008  0.0000  0.0001  0.0016  0.0005  0.0001  1.0000  0.0003  0.0001  0.0005  0.0001  0.0000  0.0096  0.0004  0.0003  0.0042  0.0101  0.0004  0.0001  0.0000  0.0000  0.0002  0.0000  0.0000  0.0000
 0.0195  0.0000  0.0031  0.0243  0.0166  0.0030  0.0125  0.0100  0.0069  0.6754  0.0339  0.0045  0.0603  0.0127  0.0248  1.0000  0.0817  0.8660  0.0099  0.0021  0.0000  0.0056  0.0000  0.0000  0.0000
 0.0006  0.0000  0.0000  1.0000  0.0704  0.0001  0.0008  0.0003  0.0001  0.0007  0.0001  0.0001  0.0118  0.0004  0.0105  0.0002  0.0073  0.0004  0.0001  0.0000  0.0000  0.0001  0.0000  0.0000  0.0000
 0.0039  0.0000  0.1302  0.0086  0.0045  0.0020  0.0072  1.0000  0.0015  0.0112  0.0029  0.0010  0.0198  0.0026  0.0369  0.0186  0.0061  0.0038  0.0020  0.0007  0.0000  0.9136  0.0000  0.0000  0.0000
 0.0227  0.0000  0.0002  0.0001  0.0002  0.0009  0.0003  0.0000  0.9301  0.0003  0.1311  0.0009  0.0002  0.0002  0.0001  0.0002  0.0003  0.0009  1.0000  0.0001  0.0000  0.0004  0.0000  0.0000  0.0000
 0.0176  0.0000  0.0031  1.0000  0.0676  0.0031  0.0479  0.7971  0.0018  0.0232  0.0039  0.0015  0.3856  0.0133  0.1701  0.0105  0.0374  0.0157  0.0032  0.0016  0.0000  0.0076  0.0000  0.0000  0.0000
 0.0004  0.0000  0.0000  0.0003  0.0006  0.0001  0.0004  0.0046  0.0001  0.0091  0.0003  0.0001  0.0005  0.0003  1.0000  0.0018  0.0004  0.0004  0.0002  0.0001  0.0000  0.0002  0.0000  0.0000  0.0000
 0.0056  0.0000  0.0015  0.0007  0.0014  0.1106  0.0011  0.0010  0.0272  0.0018  1.0000  0.0944  0.0013  0.0023  0.0027  0.0018  0.0017  0.0032  0.0152  0.4059  0.0000  0.0097  0.0000  0.0000  0.0000
 0.0481  0.0000  0.0033  0.0258  0.0552  0.0049  0.0511  0.0250  0.0126  0.4149  0.0307  0.0083  1.0000  0.0203  0.1150  0.5764  0.1977  0.0440  0.0237  0.0027  0.0000  0.0077  0.0000  0.0000  0.0000
 0.0917  0.0000  0.0097  0.0154  0.1207  0.0337  0.0616  0.0777  0.1521  1.0000  0.9198  0.0486  0.0843  0.0698  0.4135  0.5339  0.0715  0.0953  0.0655  0.0153  0.0000  0.0405  0.0000  0.0000  0.0000
 0.0003  0.0000  0.0001  0.0001  0.0001  0.0006  0.0002  0.0000  1.0000  0.0002  0.2106  0.0006  0.0001  0.0001  0.0001  0.0001  0.0002  0.0004  0.3355  0.0001  0.0000  0.0003  0.0000  0.0000  0.0000
 0.0548  0.0000  0.0054  0.0015  0.0042  0.0090  0.0009  0.0012  1.0000  0.0045  0.4364  0.6344  0.0023  0.0058  0.0036  0.0029  0.0043  0.8345  0.1797  0.0012  0.0000  0.0021  0.0000  0.0000  0.0000
 0.0189  0.0000  0.0004  0.0022  1.0000  0.0069  0.0258  0.1386  0.0014  0.0458  0.0030  0.0138  0.1076  0.0024  0.0067  0.1182  0.0031  0.0033  0.0018  0.0005  0.0000  0.0017  0.0000  0.0000  0.0000
 0.0168  0.0000  0.0045  0.0024  0.0045  0.0658  0.0041  0.0034  0.3420  0.0059  1.0000  0.1055  0.0043  0.0064  0.5092  0.0058  0.0053  0.0335  0.3127  0.0048  0.0000  0.0751  0.0000  0.0000  0.0000
 0.0012  0.0000  0.0149  0.0001  0.0003  0.0044  0.0002  0.0001  0.3845  0.0003  1.0000  0.0016  0.0002  0.0003  0.0003  0.0003  0.0003  0.0468  0.0594  0.0002  0.0000  0.0003  0.0000  0.0000  0.0000
 0.0093  0.0000  0.0003  0.0003  0.0003  0.0001  1.0000  0.0001  0.0001  0.0003  0.0003  0.0001  0.0002  0.0007  0.0002  0.0002  0.0012  0.0004  0.0004  0.0001  0.0000  0.0001  0.0000  0.0000  0.0000
 0.0106  0.0000  0.0002  0.0005  0.0003  0.0001  0.0004  0.0001  0.0003  0.0053  0.0003  0.0002  0.0009  0.0006  0.0004  0.0003  0.3354  1.0000  0.0006  0.0001  0.0000  0.0001  0.0000  0.0000  0.0000
 0.0033  0.0000  0.0004  0.0006  0.0008  0.0004  0.0022  0.0002  0.0005  0.0010  0.0013  0.0371  0.0005  1.0000  0.0293  0.0008  0.0017  0.0008  0.0008  0.0002  0.0000  0.0002  0.0000  0.0000  0.0000
 0.2862  0.0000  0.3150  0.5406  0.4048  0.0211  0.1739  0.0373  0.0573  0.2923  0.1014  0.0324  0.5340  0.3965  0.1802  0.2031  1.0000  0.3309  0.0873  0.0053  0.0000  0.0119  0.0000  0.0000  0.0000
 0.2657  0.0000  0.0013  0.5598  1.0000  0.0038  0.0182  0.0099  0.0068  0.0476  0.0282  0.0046  0.0292  0.3817  0.1500  0.0166  0.0488  0.0339  0.0120  0.0017  0.0000  0.0047  0.0000  0.0000  0.0000
 0.3535  0.0000  0.0039  0.2830  1.0000  0.0112  0.0548  0.0219  0.0106  0.0471  0.0175  0.0061  0.0506  0.0304  0.0378  0.0263  0.4295  0.0363  0.0158  0.0022  0.0000  0.0279  0.0000  0.0000  0.0000
 0.3720  0.0000  0.0836  0.1610  0.1448  0.1794  0.1029  0.0948  0.2220  0.1373  0.2344  0.0819  0.1970  0.1482  0.1160  0.1036  0.7180  1.0000  0.4120  0.0375  0.0000  0.1485  0.0000  0.0000  0.0000
 0.0009  0.0000  0.0002  0.0001  0.0002  0.0024  0.0002  0.0002  0.2166  0.0003  1.0000  0.7113  0.0002  0.0004  0.0005  0.0003  0.0003  0.0005  0.0136  0.0003  0.0000  0.0003  0.0000  0.0000  0.0000
 0.3370  0.0000  0.0169  0.3155  0.6545  0.0158  0.8772  0.0384  0.0592  1.0000  0.1222  0.1168  0.2403  0.0869  0.5184  0.3178  0.5997  0.2167  0.0903  0.0054  0.0000  0.0120  0.0000  0.0000  0.0000
 0.1419  0.0000  0.0145  0.0263  0.1866  0.1072  0.0969  0.1196  0.0599  1.0000  0.1413  0.0461  0.1345  0.1084  0.3177  0.8382  0.1367  0.1875  0.0798  0.0215  0.0000  0.0612  0.0000  0.0000  0.0000
 0.0012  0.0000  0.0004  0.0002  0.0003  0.0115  0.0004  0.0002  0.8225  0.0005  1.0000  0.0654  0.0003  0.0004  0.0005  0.0004  0.0004  0.0218  0.1376  0.0003  0.0000  0.0006  0.0000  0.0000  0.0000
 0.0336  0.0000  0.0044  0.0267  0.0340  0.0054  0.0321  0.0215  0.0101  0.1380  0.0215  0.0294  0.6123  0.1040  0.6835  0.5120  1.0000  0.0498  0.0146  0.0038  0.0000  0.0113  0.0000  0.0000  0.0000
 0.0088  0.0000  0.0002  0.0691  0.6031  0.0008  0.0046  0.0024  0.0011  0.0090  0.0020  0.0081  0.0340  1.0000  0.0703  0.0026  0.7471  0.0044  0.0020  0.0004  0.0000  0.0012  0.0000  0.0000  0.0000
 0.0831  0.0000  0.0544  0.2763  0.2385  0.0078  0.0765  0.0246  0.0197  0.4505  0.0301  0.0113  1.0000  0.0379  0.0627  0.3851  0.4439  0.8435  0.0304  0.0036  0.0000  0.0114  0.0000  0.0000  0.0000
 1.0000  0.0000  0.0013  0.0009  0.0011  0.0006  0.0041  0.0003  0.0029  0.0013  0.0025  0.0009  0.0011  0.0026  0.0009  0.0008  0.0216  0.1101  0.4197  0.0002  0.0000  0.0003  0.0000  0.0000  0.0000
 0.0015  0.0000  0.0001  0.0003  0.0021  0.0003  0.0011  0.0013  0.0006  0.2026  0.0855  0.0005  0.0015  0.0012  0.1631  1.0000  0.0012  0.0016  0.0009  0.0002  0.0000  0.0007  0.0000  0.0000  0.0000
 0.0212  0.0000  0.0028  0.0909  0.2740  0.0028  0.0340  0.0393  0.0044  0.2374  0.0083  0.0029  0.7792  0.0122  0.0216  1.0000  0.1097  0.2553  0.0068  0.0014  0.0000  0.0057  0.0000  0.0000  0.0000
 0.0002  0.0000  0.0001  0.0000  0.0000  0.0753  0.0000  0.0000  0.0004  0.0000  0.0009  0.0002  0.0000  0.0001  0.0000  0.0000  0.0001  0.0001  0.0003  0.0008  0.0000  1.0000  0.0000  0.0000  0.0000
 0.0004  0.0000  0.0002  0.0001  0.0001  0.0182  0.0002  0.0000  0.7502  0.0002  0.0201  0.0353  0.0001  0.0001  0.0001  0.0002  0.0002  0.0005  1.0000  0.0001  0.0000  0.0003  0.0000  0.0000  0.0000
 0.0086  0.0000  0.0006  0.0159  0.6384  0.0008  0.0046  0.0023  0.0023  0.3352  0.0471  0.0204  0.0531  0.0037  0.2217  1.0000  0.0473  0.0068  0.0034  0.0004  0.0000  0.0010  0.0000  0.0000  0.0000
 0.0061  0.0000  0.0014  0.0224  0.0165  0.0011  0.0157  0.0242  0.0010  0.0073  0.0015  0.0006  1.0000  0.0044  0.7013  0.0039  0.8331  0.0409  0.0016  0.0006  0.0000  0.0026  0.0000  0.0000  0.0000
 0.0069  0.0000  0.0016  0.0009  0.0027  0.0220  0.0018  0.0020  0.0310  0.0182  1.0000  0.0231  0.0023  0.0032  0.0051  0.3366  0.0024  0.0044  0.0172  0.0020  0.0000  0.0024  0.0000  0.0000  0.0000
 0.0098  0.0000  0.0002  0.0087  0.0005  0.0001  0.0010  0.0001  0.0002  0.0004  0.0002  0.0001  0.0006  1.0000  0.0103  0.0002  0.0070  0.0149  0.0004  0.0000  0.0000  0.0001  0.0000  0.0000  0.0000
 0.4211  0.0000  0.1554  0.1676  0.2230  0.7642  0.2688  0.5059  0.3210  0.7323  0.6057  0.1799  0.2673  0.2845  0.6400  0.6001  0.3548  0.3259  0.5055  0.1508  0.0000  1.0000  0.0000  0.0000  0.0000
 0.0712  0.0000  0.0139  0.0161  0.0214  0.1437  0.0258  0.1466  0.0309  0.0227  0.0997  0.5407  0.0274  0.0160  0.0230  0.1712  0.1582  0.1447  0.1213  0.0145  0.0000  1.0000  0.0000  0.0000  0.0000
 0.3938  0.0000  0.0009  0.0167  0.1603  0.0008  0.0168  0.0178  0.0030  0.1202  0.0048  0.0017  0.0079  1.0000  0.0562  0.1039  0.0266  0.1072  0.0193  0.0003  0.0000  0.0006  0.0000  0.0000  0.0000
 0.0855  0.0000  0.0082  0.0159  0.1190  0.0177  0.5202  0.0820  0.0365  1.0000  0.0865  0.0286  0.0840  0.0824  0.2103  0.9733  0.0703  0.0916  0.0484  0.0134  0.0000  0.0385  0.0000  0.0000  0.0000
 0.4771  0.0000  0.1661  0.1926  0.2562  0.6617  0.3103  0.5102  0.4060  0.3139  0.6466  0.2184  0.2883  0.1917  0.3983  0.3749  0.3761  0.3786  0.5258  0.1736  0.0000  1.0000  0.0000  0.0000  0.0000
 0.2003  0.0000  0.0156  0.3588  0.2126  0.0128  0.0904  0.0381  0.0518  0.3220  0.0671  0.0247  0.4616  0.7734  0.2043  0.1130  1.0000  0.4129  0.0678  0.0052  0.0000  0.0117  0.0000  0.0000  0.0000
 0.0005  0.0000  0.0001  0.0001  0.0001  1.0000  0.0001  0.0001  0.0106  0.0001  0.1762  0.0014  0.0001  0.0002  0.0002  0.0001  0.0001  0.0003  0.0012  0.0003  0.0000  0.0010  0.0000  0.0000  0.0000
 0.9036  0.0000  0.0379  0.5529  1.0000  0.0353  0.2870  0.0861  0.1328  0.7553  0.2177  0.0751  0.3622  0.4995  0.5395  0.5216  0.7922  0.5303  0.2380  0.0122  0.0000  0.0268  0.0000  0.0000  0.0000
 0.5103  0.0000  0.0111  0.4586  0.8976  0.0104  0.0962  0.0500  0.0390  1.0000  0.1725  0.0488  0.2859  0.0572  0.4116  0.6346  0.4253  0.2104  0.1354  0.0036  0.0000  0.0079  0.0000  0.0000  0.0000
 0.0679  0.0000  0.0224  0.0263  0.0403  0.0945  0.0574  0.0765  0.1103  0.3788  1.0000  0.1046  0.0472  0.0291  0.0474  0.2713  0.0534  0.0667  0.3515  0.0237  0.0000  0.1256  0.0000  0.0000  0.0000
 0.0002  0.0000  0.0001  0.0000  0.0000  1.0000  0.0000  0.0000  0.0004  0.0000  0.0010  0.0002  0.0000  0.0001  0.0000  0.0000  0.0001  0.0001  0.0004  0.0200  0.0000  0.1297  0.0000  0.0000  0.0000
 0.0101  0.0000  0.0003  0.0011  0.0191  0.0005  0.0019  0.0020  0.0635  0.0754  0.0134  0.0008  0.0026  1.0000  0.0174  0.0926  0.0217  0.0030  0.0056  0.0004  0.0000  0.0010  0.0000  0.0000  0.0000
 0.0209  0.0000  0.0043  1.0000  0.0595  0.0037  0.3778  0.3819  0.0027  0.0385  0.0055  0.0019  0.8344  0.0151  0.2008  0.0472  0.0772  0.0466  0.0044  0.0019  0.0000  0.0093  0.0000  0.0000  0.0000
 1.0000  0.0000  0.0457  0.0068  0.0082  0.0036  0.1098  0.0016  0.0155  0.0089  0.0091  0.0042  0.0058  0.0232  0.0062  0.0065  0.1974  0.0166  0.6314  0.1183  0.0000  0.0028  0.0000  0.0000  0.0000
 0.0413  0.0000  0.0011  0.0004  0.0009  0.0050  0.0004  0.0005  0.2042  0.0011  1.0000  0.0064  0.0007  0.0014  0.0012  0.0009  0.0011  0.0423  0.0121  0.0006  0.0000  0.0007  0.0000  0.0000  0.0000
 0.0036  0.0000  0.0005  0.0027  0.0024  1.0000  0.0065  0.0012  0.0020  0.0371  0.0053  0.0011  0.0020  0.0044  0.0021  0.0039  0.0026  0.0019  0.0019  0.0009  0.0000  0.0009  0.0000  0.0000  0.0000
 0.0059  0.0000  0.0008  0.0017  0.0013  0.0006  0.0050  0.0006  0.0008  0.0016  0.0015  0.0004  0.0014  1.0000  0.0010  0.0014  0.0045  0.0360  0.0016  0.0005  0.0000  0.0006  0.0000  0.0000  0.0000
 1.0000  0.0000  0.0039  0.0082  0.0050  0.0019  0.0107  0.0022  0.0046  0.0070  0.0049  0.0026  0.1347  0.0098  0.0053  0.0045  0.5047  0.1490  0.0083  0.0011  0.0000  0.0021  0.0000  0.0000  0.0000
 0.0030  0.0000  0.0001  1.0000  0.2289  0.0003  0.0016  0.0008  0.0004  0.0031  0.0007  0.0003  0.0019  0.0019  0.0039  0.0009  0.0018  0.0014  0.0007  0.0002  0.0000  0.0004  0.0000  0.0000  0.0000
 0.0032  0.0000  0.0006  0.0057  0.0019  0.0004  0.0048  0.0012  0.0004  0.0020  0.0006  0.0003  0.0993  0.0017  0.0013  0.0011  1.0000  0.0046  0.0008  0.0002  0.0000  0.0007  0.0000  0.0000  0.0000
 0.0505  0.0000  0.0002  0.0743  1.0000  0.0006  0.0034  0.0018  0.0007  0.0063  0.0014  0.0006  0.0797  0.0037  0.0191  0.0018  0.0272  0.0029  0.0014  0.0003  0.0000  0.0009  0.0000  0.0000  0.0000
 0.0088  0.0000  0.0008  0.0018  0.0123  0.0018  0.0064  1.0000  0.0037  0.1460  0.0089  0.0029  0.0088  0.0069  0.1450  0.2672  0.0772  0.0094  0.0050  0.0014  0.0000  0.0040  0.0000  0.0000  0.0000
 0.0113  0.0000  0.0553  0.2885  0.0137  0.0020  0.0336  0.0100  0.0013  0.0134  0.0820  0.0009  1.0000  0.0081  0.0090  0.0068  0.1126  0.0140  0.0022  0.0010  0.0000  0.0051  0.0000  0.0000  0.0000
 0.0035  0.0000  0.0003  0.0006  0.0049  0.0007  0.0025  0.0495  0.0015  1.0000  0.0035  0.0012  0.0034  0.0028  0.0083  0.2709  0.0029  0.0850  0.0020  0.0006  0.0000  0.0016  0.0000  0.0000  0.0000
 0.0326  0.0000  0.0374  0.0073  0.0107  0.0157  0.0082  0.0092  0.2172  0.0219  1.0000  0.0143  0.0132  0.0119  0.0635  0.1437  0.0837  0.1182  0.0475  0.0037  0.0000  0.0134  0.0000  0.0000  0.0000
 0.0703  0.0000  0.0112  0.0107  0.0614  0.0449  0.0324  0.0417  0.1321  1.0000  0.1574  0.3365  0.0704  0.0393  0.1002  0.2490  0.0409  0.0643  0.1481  0.0102  0.0000  0.0304  0.0000  0.0000  0.0000
 0.7772  0.0000  0.0081  0.3140  0.2141  0.0077  0.0697  0.4533  0.0274  0.1369  0.0574  0.0155  1.0000  0.0972  0.1294  0.0770  0.5144  0.2408  0.0418  0.0027  0.0000  0.0065  0.0000  0.0000  0.0000
 0.0774  0.0000  0.0006  0.0006  0.0160  0.0003  0.0017  0.0002  0.0067  0.0129  0.0011  0.0004  0.0008  1.0000  0.0006  0.0005  0.4574  0.0076  0.0168  0.0001  0.0000  0.0002  0.0000  0.0000  0.0000
 0.7491  0.0000  0.0526  0.6365  1.0000  0.0494  0.3851  0.1197  0.1847  0.9165  0.3372  0.1074  0.4885  0.2702  0.6166  0.5170  0.7270  0.5650  0.2861  0.0170  0.0000  0.0377  0.0000  0.0000  0.0000
 1.0000  0.0000  0.0003  0.0002  0.0003  0.0001  0.0016  0.0000  0.0001  0.0003  0.0003  0.0001  0.0002  0.0065  0.0002  0.0002  0.0234  0.0005  0.0105  0.0000  0.0000  0.0001  0.0000  0.0000  0.0000
 0.0556  0.0000  0.0111  0.0057  0.0094  0.0481  0.0094  0.0025  1.0000  0.0125  0.6052  0.0832  0.0078  0.0102  0.0085  0.4827  0.0119  0.0364  0.6854  0.0058  0.0000  0.0144  0.0000  0.0000  0.0000
 0.0004  0.0000  0.0001  1.0000  0.0061  0.0001  0.0012  0.0004  0.0000  0.0005  0.0001  0.0000  0.0388  0.0003  0.0004  0.0003  0.0009  0.0004  0.0001  0.0000  0.0000  0.0002  0.0000  0.0000  0.0000
 0.0000  0.0000  0.0000  0.0000  0.0000  0.0000  0.0000  0.0000  0.0000  0.0000  1.0000  0.0000  0.0000  0.0000  0.0000  0.0000  0.0000  0.0000  0.0000  0.0000  0.0000  0.0000  0.0000  0.0000  0.0000
 0.0350  0.0000  0.0059  0.0001  0.0004  0.0008  0.0001  0.0001  0.1172  0.0004  1.0000  0.0011  0.0002  0.0005  0.0003  0.0002  0.0004  0.0016  0.1675  0.0001  0.0000  0.0002  0.0000  0.0000  0.0000
 0.0116  0.0000  0.0007  0.4931  1.0000  0.0013  0.0331  0.0048  0.0014  0.0127  0.0113  0.0010  0.0339  0.0075  0.1591  0.0042  0.6036  0.0066  0.0025  0.0006  0.0000  0.0024  0.0000  0.0000  0.0000
 0.0006  0.0000  0.0001  0.0001  0.0008  0.0001  0.0004  0.0046  0.0003  1.0000  0.0053  0.0002  0.0006  0.0005  0.0201  0.2316  0.0005  0.0044  0.0003  0.0001  0.0000  0.0003  0.0000  0.0000  0.0000
 0.0000  0.0000  0.0000  0.0000  0.0000  0.0000  0.0000  0.0000  0.0000  0.0000  0.0000  1.0000  0.0000  0.0000  0.0000  0.0000  0.0000  0.0000  0.0000  0.0000  0.0000  0.0000  0.0000  0.0000  0.0000
 0.0000  0.0000  0.0000  0.0000  0.0000  0.0000  0.0000  0.0000  0.0000  0.0000  1.0000  0.0000  0.0000  0.0000  0.0000  0.0000  0.0000  0.0000  0.0000  0.0000  0.0000  0.0000  0.0000  0.0000  0.0000
 0.2314  0.0000  0.0046  0.0011  0.1396  0.0024  0.0001  0.0009  0.1335  0.0034  0.0158  0.0048  0.0016  0.0048  0.0025  0.0073  0.0034  0.2581  1.0000  0.0004  0.0000  0.0007  0.0000  0.0000  0.0000
 0.0026  0.0000  0.0007  0.0004  0.0007  1.0000  0.0006  0.0004  0.4825  0.0009  0.2889  0.0080  0.0007  0.0010  0.0012  0.0009  0.0008  0.0018  0.0440  0.0009  0.0000  0.0014  0.0000  0.0000  0.0000
 0.0004  0.0000  0.0001  1.0000  0.0005  0.0001  0.0013  0.0003  0.0001  0.0005  0.0002  0.0000  0.0050  0.0004  0.0003  0.0003  0.0008  0.0004  0.0001  0.0001  0.0000  0.0002  0.0000  0.0000  0.0000
 0.2078  0.0000  0.0005  0.0004  0.0004  0.0002  0.0024  0.0001  0.0003  0.0005  0.0005  0.0002  0.0005  1.0000  0.0004  0.0004  0.0384  0.0495  0.0008  0.0001  0.0000  0.0002  0.0000  0.0000  0.0000
 0.4220  0.0000  0.0156  0.5195  0.4352  0.0063  0.0483  0.0154  0.0238  0.2287  0.0383  0.0290  0.2228  0.0349  0.0848  0.4169  1.0000  0.2939  0.0696  0.0022  0.0000  0.0048  0.0000  0.0000  0.0000
 0.0031  0.0000  0.0142  0.0016  0.0082  0.0004  0.0019  0.0208  0.0010  1.0000  0.0049  0.0007  0.0411  0.0017  0.1707  0.2874  0.1596  0.0286  0.0045  0.0003  0.0000  0.0008  0.0000  0.0000  0.0000
 0.0000  0.0000  0.0000  0.0000  0.0000  0.0000  0.0000  0.0000  0.0000  0.0000  0.0000  0.0000  0.0000  0.0000  0.0000  1.0000  0.0000  0.0000  0.0000  0.0000  0.0000  0.0000  0.0000  0.0000  0.0000
 0.0004  0.0000  0.0001  0.0000  0.0001  0.0004  0.0001  0.0000  1.0000  0.0001  0.0234  0.0005  0.0001  0.0059  0.0001  0.0001  0.0001  0.0003  0.0151  0.0001  0.0000  0.0001  0.0000  0.0000  0.0000
 0.0029  0.0000  0.0006  0.0012  0.0008  0.0003  0.0075  0.0004  0.0008  0.0081  0.0008  0.0004  0.0022  0.0014  0.0009  0.0316  0.9596  1.0000  0.0013  0.0002  0.0000  0.0003  0.0000  0.0000  0.0000
 0.2632  0.0000  0.0009  0.0045  0.0008  0.0004  0.0031  0.0002  0.0022  0.0008  0.0019  0.0007  0.0005  0.0018  0.0006  0.0005  0.0031  0.0023  1.0000  0.0001  0.0000  0.0002  0.0000  0.0000  0.0000
 0.1662  0.0000  0.0024  0.9239  1.0000  0.0022  0.0425  0.0054  0.0155  0.0827  0.0433  0.0206  0.0221  0.0123  0.0307  0.0234  0.0880  0.2542  0.0400  0.0008  0.0000  0.0017  0.0000  0.0000  0.0000
 0.0110  0.0000  0.0000  0.2602  1.0000  0.0002  0.0509  0.0007  0.0003  0.0105  0.0006  0.0002  0.0052  0.0015  0.2815  0.0143  0.0014  0.0012  0.0006  0.0001  0.0000  0.0003  0.0000  0.0000  0.0000
 1.0000  0.0000  0.0003  0.0002  0.0002  0.0001  0.0121  0.0000  0.0001  0.0003  0.0003  0.0001  0.0002  0.0007  0.0002  0.0002  0.0188  0.0005  0.0004  0.0000  0.0000  0.0001  0.0000  0.0000  0.0000
 0.0000  0.0000  0.0000  0.0000  0.0000  0.0000  0.0000  0.0000  0.0000  0.0000  1.0000  0.0000  0.0000  0.0000  0.0000  0.0000  0.0000  0.0000  0.0000  0.0000  0.0000  0.0000  0.0000  0.0000  0.0000
 1.0000  0.0000  0.1793  0.2574  0.7878  0.0217  0.1566  0.0928  0.0775  0.4670  0.1503  0.0537  0.2875  0.1130  0.6516  0.3111  0.4898  0.2359  0.1427  0.0074  0.0000  0.0174  0.0000  0.0000  0.0000
 0.0004  0.0000  0.0003  0.0007  0.0005  0.0003  0.0016  1.0000  0.0003  0.0005  0.0005  0.0001  0.0004  0.0009  0.0083  0.0006  0.0004  0.0004  0.0003  0.0003  0.0000  0.0003  0.0000  0.0000  0.0000
 0.0250  0.0000  0.0001  0.0025  0.0918  0.0001  0.0007  0.0055  0.0002  0.0024  0.0004  0.0002  0.0007  1.0000  0.0145  0.0167  0.0241  0.0007  0.0004  0.0001  0.0000  0.0002  0.0000  0.0000  0.0000
 0.0002  0.0000  0.0001  0.0000  0.0000  0.0339  0.0000  0.0000  0.0003  0.0000  0.0008  0.0002  0.0000  0.0001  0.0000  0.0000  0.0001  0.0001  0.0003  0.0008  0.0000  1.0000  0.0000  0.0000  0.0000
 0.0012  0.0000  0.0003  0.0002  0.0003  0.1200  0.0003  0.0002  0.5140  0.0004  1.0000  0.2368  0.0003  0.0005  0.0006  0.0004  0.0004  0.0007  0.0360  0.0004  0.0000  0.0004  0.0000  0.0000  0.0000
 1.0000  0.0000  0.0437  0.4137  0.8009  0.0526  0.2559  0.1920  0.1561  0.6078  0.2215  0.0770  0.7098  0.1914  0.4510  0.3483  0.7846  0.6013  0.2218  0.0173  0.0000  0.0529  0.0000  0.0000  0.0000
 0.5979  0.0000  0.0534  0.4248  0.7218  0.0593  0.2847  0.1275  0.3173  1.0000  0.2806  0.1095  0.3882  0.4269  0.5656  0.6220  0.8102  0.5338  0.6034  0.0226  0.0000  0.0639  0.0000  0.0000  0.0000
 0.0263  0.0000  0.0132  0.0041  0.0067  0.5840  0.0046  0.0003  0.0604  0.0005  1.0000  0.0304  0.0004  0.0102  0.0007  0.0005  0.0179  0.0165  0.0536  0.9176  0.0000  0.8886  0.0000  0.0000  0.0000
 0.0808  0.0000  0.0009  0.0018  0.0014  0.0278  0.0039  1.0000  0.0012  0.0015  0.0022  0.0008  0.0021  0.0018  0.0013  0.0014  0.0180  0.0021  0.0021  0.0006  0.0000  0.5247  0.0000  0.0000  0.0000
 0.0041  0.0000  0.0001  1.0000  0.1045  0.0001  0.0143  0.0004  0.0001  0.0007  0.0001  0.0001  0.0067  0.0004  0.0007  0.0003  0.0009  0.0004  0.0001  0.0000  0.0000  0.0002  0.0000  0.0000  0.0000
 0.6013  0.0000  0.0649  0.0153  0.1248  0.0345  0.0014  0.0124  0.8130  0.0481  0.2324  0.0687  0.0225  1.0000  0.0360  0.0269  0.0475  0.2416  0.8579  0.0058  0.0000  0.0194  0.0000  0.0000  0.0000
 0.5101  0.0000  0.0018  0.2083  0.0969  0.0021  0.0296  0.0036  0.0047  0.0189  0.0325  0.0026  0.4497  0.0069  0.0123  0.0109  1.0000  0.3399  0.0198  0.0008  0.0000  0.0300  0.0000  0.0000  0.0000
 0.0019  0.0000  0.0001  1.0000  0.6930  0.0002  0.0059  0.0006  0.0002  0.0079  0.0004  0.0002  0.0096  0.0011  0.0024  0.0006  0.0013  0.0009  0.0174  0.0001  0.0000  0.0003  0.0000  0.0000  0.0000
 0.5438  0.0000  0.0902  0.0240  0.2265  0.0439  0.0313  0.0164  0.4119  0.0660  0.2901  0.0875  0.0331  0.0999  0.0493  0.0376  0.0966  0.3124  1.0000  0.0079  0.0000  0.0146  0.0000  0.0000  0.0000
 0.0179  0.0000  0.0005  0.1363  1.0000  0.0017  0.0104  0.0122  0.0022  0.0189  0.0083  0.0017  0.1367  0.3497  0.0850  0.0116  0.0179  0.0088  0.0042  0.0008  0.0000  0.0026  0.0000  0.0000  0.0000
 0.6554  0.0000  0.0036  0.0022  0.2267  0.0018  0.0038  0.0009  0.0282  0.0034  0.0100  0.0033  0.0030  1.0000  0.0026  0.0020  0.0348  0.2544  0.0949  0.0005  0.0000  0.0008  0.0000  0.0000  0.0000
 1.0000  0.0000  0.1383  0.1851  0.0758  0.0326  0.5069  0.0147  0.1234  0.0828  0.0824  0.0387  0.0554  0.7983  0.0572  0.0596  0.6120  0.1586  0.5129  0.0119  0.0000  0.0254  0.0000  0.0000  0.0000
 1.0000  0.0000  0.8908  0.0475  0.1319  0.0219  0.3004  0.0111  0.0300  0.0587  0.0565  0.0268  0.0482  0.6896  0.0413  0.0414  0.3630  0.2181  0.0986  0.0085  0.0000  0.0174  0.0000  0.0000  0.0000
 0.1950  0.0000  0.0012  0.0280  0.0800  0.0012  0.0422  0.0149  0.0109  0.0506  0.0177  0.0873  0.0112  1.0000  0.1393  0.0119  0.1207  0.0634  0.0456  0.0004  0.0000  0.0009  0.0000  0.0000  0.0000
 0.6557  0.0000  0.0511  0.5438  1.0000  0.0662  0.3353  0.0912  0.1909  0.8493  0.2425  0.1247  0.3700  0.2052  0.7015  0.4823  0.6461  0.7925  0.3673  0.0130  0.0000  0.0291  0.0000  0.0000  0.0000
 0.3698  0.0000  0.0597  0.0157  0.0454  0.0418  0.0039  0.0132  0.7024  0.1292  0.3227  0.0648  0.0238  1.0000  0.0347  0.0265  0.0649  0.4047  0.6726  0.0061  0.0000  0.0130  0.0000  0.0000  0.0000
 0.0062  0.0000  0.0019  0.0018  0.0024  1.0000  0.0027  0.0038  0.1201  0.0024  0.0094  0.0027  0.0027  0.1009  0.0024  0.0027  0.0209  0.0436  0.0154  0.0045  0.0000  0.6057  0.0000  0.0000  0.0000
 0.0049  0.0000  0.0005  1.0000  0.0491  0.0006  0.0028  0.0207  0.0113  0.0054  0.0058  0.0007  0.3036  0.0020  0.0036  0.0106  0.3144  0.0349  0.0114  0.0002  0.0000  0.0007  0.0000  0.0000  0.0000
 0.3002  0.0000  0.0636  0.0871  0.2039  1.0000  0.1509  0.3572  0.1579  0.7844  0.3894  0.0946  0.1592  0.1156  0.4457  0.4665  0.1812  0.1930  0.2003  0.1666  0.0000  0.3543  0.0000  0.0000  0.0000
 0.0116  0.0000  0.0002  1.0000  0.2153  0.0011  0.0054  0.0481  0.0014  0.0119  0.0406  0.0011  0.0068  0.0071  0.5036  0.0033  0.6512  0.0053  0.0026  0.0005  0.0000  0.0016  0.0000  0.0000  0.0000
 0.0022  0.0000  0.0005  0.0003  0.0005  1.0000  0.0004  0.0502  0.1189  0.0007  0.3992  0.0070  0.0005  0.0009  0.0011  0.0007  0.0006  0.0013  0.1066  0.0007  0.0000  0.0007  0.0000  0.0000  0.0000
 0.0031  0.0000  0.0004  0.5491  1.0000  0.0278  0.0311  0.0022  0.0003  0.0039  0.0007  0.0003  0.1098  0.0022  0.0034  0.0016  0.0055  0.0024  0.0006  0.0002  0.0000  0.0011  0.0000  0.0000  0.0000
 0.0446  0.0000  0.0018  0.3666  1.0000  0.0019  0.0379  0.0260  0.0061  0.0320  0.0100  0.0035  0.0400  0.0106  0.6043  0.0171  0.1807  0.0449  0.2350  0.0007  0.0000  0.0018  0.0000  0.0000  0.0000
 0.6303  0.0000  0.0325  0.4024  0.6898  0.0304  0.2508  0.2675  0.1391  0.5828  0.1835  0.1539  0.3415  0.3976  0.4411  1.0000  0.4852  0.3915  0.3615  0.0105  0.0000  0.0232  0.0000  0.0000  0.0000
 0.2744  0.0000  0.0036  0.5115  1.0000  0.0036  0.0386  0.0854  0.0127  0.0624  0.0204  0.0150  0.1318  0.0608  0.1299  0.0353  0.3273  0.1006  0.0574  0.0012  0.0000  0.0107  0.0000  0.0000  0.0000
 0.1113  0.0000  0.0643  0.0403  0.0766  0.2768  0.0648  0.4606  0.1874  0.0605  1.0000  0.1124  0.0653  0.0452  0.0636  0.0780  0.0795  0.0828  0.1398  0.0397  0.0000  0.1929  0.0000  0.0000  0.0000
 0.3015  0.0000  0.0151  0.4843  0.3009  0.0139  0.2057  0.0334  0.0515  0.2529  0.1203  0.0291  0.1487  0.2954  0.1605  0.1643  0.4081  1.0000  0.0853  0.0049  0.0000  0.0108  0.0000  0.0000  0.0000
 1.0000  0.0000  0.0936  0.3775  0.7116  0.0891  0.5142  0.0677  0.3054  0.2519  0.2384  0.0774  0.1315  0.2836  0.2333  0.1359  0.5179  0.2492  0.4109  0.0262  0.0000  0.0873  0.0000  0.0000  0.0000
 0.0399  0.0000  0.0002  0.3291  1.0000  0.0005  0.1007  0.0349  0.0005  0.0046  0.0010  0.0004  0.0242  0.0027  0.0469  0.0014  0.0036  0.0023  0.0009  0.0002  0.0000  0.0008  0.0000  0.0000  0.0000
 0.0716  0.0000  0.0029  0.1923  1.0000  0.0027  0.0593  0.1367  0.0100  0.2587  0.0161  0.1264  0.1691  0.0147  0.6715  0.0609  0.0392  0.2350  0.0597  0.0009  0.0000  0.0020  0.0000  0.0000  0.0000
 0.0298  0.0000  0.0084  0.0047  0.0079  0.0692  0.0085  0.0042  0.8649  0.0110  0.4111  0.5045  0.0076  0.0104  0.0119  0.0102  0.0098  0.0230  0.3330  1.0000  0.0000  0.0138  0.0000  0.0000  0.0000
 0.0006  0.0000  0.0001  0.0001  0.0008  0.0001  0.0005  0.0005  0.0003  1.0000  0.0006  0.0002  0.0006  0.0005  0.0014  0.3540  0.0005  0.0006  0.0003  0.0001  0.0000  0.0003  0.0000  0.0000  0.0000
 0.0086  0.0000  0.0005  0.0853  1.0000  0.0006  0.0271  0.0015  0.0239  0.1217  0.0033  0.0012  0.0054  0.0034  0.0145  0.0684  0.0568  0.0062  0.0852  0.0002  0.0000  0.0005  0.0000  0.0000  0.0000
 0.0009  0.0000  0.0002  0.0001  0.0002  0.0021  0.0002  0.0002  0.0273  0.0231  1.0000  0.4675  0.0002  0.0004  0.0124  0.0003  0.0047  0.0005  0.0279  0.0002  0.0000  0.0003  0.0000  0.0000  0.0000
 0.0012  0.0000  0.0003  0.0001  0.0002  0.0006  0.0002  0.0000  1.0000  0.0003  0.0036  0.1667  0.0002  0.0002  0.0001  0.0002  0.0003  0.1000  0.1292  0.0001  0.0000  0.0003  0.0000  0.0000  0.0000
 0.0018  0.0000  0.0005  0.0005  0.0007  0.0839  0.0008  0.0447  0.0051  0.0008  0.1936  0.0087  0.0008  0.0007  0.0010  0.0009  0.0010  0.0012  0.0033  0.3340  0.0000  1.0000  0.0000  0.0000  0.0000
 0.0897  0.0000  0.0550  0.3972  0.4761  0.0030  0.0227  0.0444  0.0112  1.0000  0.0180  0.0250  0.1145  0.0164  0.4190  0.7132  0.3312  0.1129  0.0170  0.0010  0.0000  0.0023  0.0000  0.0000  0.0000
 0.0090  0.0000  0.0000  0.0187  1.0000  0.0001  0.0003  0.0002  0.0001  0.0007  0.0002  0.0001  0.0003  0.0004  0.0009  0.0002  0.0003  0.0003  0.0002  0.0000  0.0000  0.0001  0.0000  0.0000  0.0000
 0.2682  0.0000  0.0017  0.0014  0.0015  0.0060  0.0449  0.0002  0.2248  0.0022  0.0756  0.1482  0.0016  0.0018  0.0009  0.0017  0.2299  0.0413  1.0000  0.0008  0.0000  0.0029  0.0000  0.0000  0.0000
 0.0536  0.0000  0.0616  0.0033  0.0049  0.0112  0.0050  0.0084  0.1883  0.0051  1.0000  0.6359  0.0050  0.0042  0.0383  0.0260  0.0437  0.1415  0.3870  0.0029  0.0000  0.0647  0.0000  0.0000  0.0000
 0.9289  0.0000  0.0483  1.0000  0.7313  0.0281  0.2461  0.2666  0.0964  0.6778  0.1709  0.0545  0.7672  0.1398  0.2997  0.5895  0.6855  0.3203  0.1598  0.0094  0.0000  0.0602  0.0000  0.0000  0.0000
 0.0008  0.0000  0.0004  0.0001  0.0002  1.0000  0.0001  0.0000  0.0017  0.0000  0.1716  0.0008  0.0000  0.0003  0.0000  0.0000  0.0925  0.0005  0.0016  0.1314  0.0000  0.2536  0.0000  0.0000  0.0000
 0.0878  0.0000  0.0254  0.1080  1.0000  0.0450  0.0683  0.5507  0.0385  0.4374  0.0702  0.0238  0.9036  0.0449  0.1096  0.5163  0.0850  0.0742  0.0902  0.0145  0.0000  0.1193  0.0000  0.0000  0.0000
 0.1760  0.0000  0.0012  0.0307  0.5047  0.0015  0.0101  0.0194  0.0044  0.0666  0.0072  0.0026  0.0968  1.0000  0.2310  0.0122  0.0324  0.0322  0.0069  0.0006  0.0000  0.0014  0.0000  0.0000  0.0000
 0.2659  0.0000  0.0188  0.2602  1.0000  0.0176  0.1544  0.1957  0.1262  0.5286  0.2227  0.0969  0.2351  0.2029  0.3248  0.6098  0.3021  0.2541  0.1509  0.0060  0.0000  0.0134  0.0000  0.0000  0.0000
 0.7310  0.0000  0.1645  0.4067  0.4888  0.6131  0.4191  0.5228  0.4563  0.4888  0.6309  0.2712  0.5029  0.2639  0.4463  0.4299  0.6487  0.8707  0.9097  0.1621  0.0000  1.0000  0.0000  0.0000  0.0000
 0.1966  0.0000  0.0068  0.1501  0.1244  0.1235  0.0472  0.0155  0.0234  1.0000  0.0499  0.0293  0.1111  0.0340  0.3830  0.5810  0.2486  0.2178  0.1045  0.0023  0.0000  0.0057  0.0000  0.0000  0.0000
 0.0748  0.0000  0.0030  0.1254  0.0472  0.0163  0.0729  0.0071  0.0098  0.0438  0.0158  0.0293  1.0000  0.0134  0.2511  0.0413  0.1484  0.3346  0.0542  0.0013  0.0000  0.0045  0.0000  0.0000  0.0000
 0.1977  0.0000  0.0044  0.0510  0.1284  0.0043  1.0000  0.0100  0.0426  0.0757  0.0247  0.0087  0.2813  0.0949  0.0985  0.1427  0.0741  0.1275  0.0615  0.0015  0.0000  0.0034  0.0000  0.0000  0.0000
 0.3126  0.0000  0.0831  0.1861  0.2740  0.3208  0.1962  0.3104  0.2474  0.1877  0.4605  0.1223  0.1688  0.2126  0.1857  0.2577  0.2704  0.2115  1.0000  0.0845  0.0000  0.4966  0.0000  0.0000  0.0000
 0.4513  0.0000  0.0171  0.2273  0.3844  0.0161  0.1509  0.0389  0.4774  0.3822  0.1157  0.1124  0.2139  0.1923  0.3356  0.1678  0.2917  0.3477  1.0000  0.0055  0.0000  0.0124  0.0000  0.0000  0.0000
 0.4085  0.0000  0.0154  0.3509  0.5072  0.0143  0.1816  0.0640  0.0538  1.0000  0.1088  0.0305  0.1424  0.3918  0.3076  0.8103  0.4607  0.1650  0.0821  0.0049  0.0000  0.0109  0.0000  0.0000  0.0000
 0.0065  0.0000  0.0014  0.1187  0.0076  0.0011  1.0000  0.0050  0.0008  0.0071  0.0014  0.0006  0.0428  0.0044  0.1798  0.0036  0.0540  0.0266  0.0141  0.0006  0.0000  0.0026  0.0000  0.0000  0.0000
 0.1974  0.0000  0.0055  0.0758  0.1400  0.0052  0.0973  0.0126  0.0194  0.0961  0.0312  0.0407  0.1368  0.0911  1.0000  0.0822  0.2120  0.0593  0.0572  0.0018  0.0000  0.0040  0.0000  0.0000  0.0000
 0.1654  0.0000  0.0046  0.0750  0.0301  0.0059  0.1540  0.0503  0.0041  0.0223  0.0076  0.0028  0.0934  1.0000  0.0455  0.0123  0.0393  0.0177  0.1117  0.0022  0.0000  0.0107  0.0000  0.0000  0.0000
 0.7608  0.0000  0.0751  0.4983  0.8196  0.1590  0.4405  0.1823  0.2651  0.7340  0.4479  0.1565  0.4230  0.2658  0.4846  0.4462  1.0000  0.5822  0.3289  0.0452  0.0000  0.2004  0.0000  0.0000  0.0000
 0.1030  0.0000  0.0039  0.0029  0.0035  0.0015  0.0933  0.0007  0.0017  0.0039  0.0263  0.0368  0.0025  1.0000  0.0433  0.0028  0.0861  0.0069  0.0064  0.0005  0.0000  0.0012  0.0000  0.0000  0.0000
 0.6856  0.0000  0.0539  0.4377  0.8982  0.1076  0.3304  0.1586  0.1730  0.6170  0.4816  0.0902  0.3416  0.2021  0.5218  0.3672  1.0000  0.4023  0.2333  0.0312  0.0000  0.1329  0.0000  0.0000  0.0000
 0.5258  0.0000  0.0159  0.2741  0.0792  0.0603  1.0000  0.1198  0.0574  0.0409  0.0985  0.0469  0.0759  0.0221  0.0352  0.0386  0.1399  0.0431  0.1333  0.0159  0.0000  0.0991  0.0000  0.0000  0.0000
 1.0000  0.0000  0.0889  0.1156  0.1698  0.1716  0.2624  0.1875  0.1128  0.1666  0.2615  0.0638  0.2369  0.1318  0.5366  0.1376  0.2153  0.1563  0.2279  0.0456  0.0000  0.2406  0.0000  0.0000  0.0000
 1.0000  0.0000  0.0252  0.0300  0.0411  0.0212  0.3245  0.0149  0.0862  0.0422  0.0929  0.0157  0.0274  0.1117  0.3261  0.0303  0.2587  0.0561  0.4243  0.0064  0.0000  0.0239  0.0000  0.0000  0.0000
 1.0000  0.0000  0.1971  0.5948  0.6935  0.6451  0.6198  0.5467  0.4299  0.5896  0.6840  0.2358  0.6112  0.3407  0.7195  0.4904  0.7558  0.6017  0.8144  0.2106  0.0000  0.9123  0.0000  0.0000  0.0000
 0.7972  0.0000  0.0726  0.6267  1.0000  0.1327  0.4309  0.1898  0.2472  0.9376  0.3682  0.1283  0.5583  0.3194  0.6857  0.5526  0.7840  0.6027  0.3418  0.0692  0.0000  0.1573  0.0000  0.0000  0.0000
 0.8594  0.0000  0.0173  0.2528  0.3208  0.0168  0.3634  0.1516  0.0601  0.2964  0.0969  0.0340  0.3916  0.1931  0.4568  0.2365  1.0000  0.6356  0.1761  0.0057  0.0000  0.0134  0.0000  0.0000  0.0000
 0.5010  0.0000  0.0226  0.2637  0.6241  0.0215  0.4465  0.0515  0.1242  0.4931  0.1273  0.0446  0.3382  0.2573  0.3632  0.2208  1.0000  0.2412  0.1202  0.0318  0.0000  0.0167  0.0000  0.0000  0.0000
 0.5643  0.0000  0.0292  0.5053  1.0000  0.0299  0.2428  0.0724  0.1006  0.5162  0.1640  0.0583  0.2704  0.2212  0.4052  0.2784  0.5566  0.3125  0.2349  0.0108  0.0000  0.0252  0.0000  0.0000  0.0000
 0.7710  0.0000  0.0518  0.6941  1.0000  0.0489  0.3747  0.1356  0.1768  0.8811  0.2850  0.1002  0.5492  0.3773  0.7288  0.4949  0.8096  0.6422  0.2701  0.0171  0.0000  0.0398  0.0000  0.0000  0.0000
 0.5288  0.0000  0.1767  0.2165  0.2956  0.6982  0.3345  0.5518  0.4042  0.3137  0.6682  0.2212  0.3149  0.2548  0.3042  0.3654  0.4126  0.4063  0.5347  0.1836  0.0000  1.0000  0.0000  0.0000  0.0000
 0.2042  0.0000  0.0019  0.0047  0.0156  0.0025  0.0126  0.0436  0.0048  0.1138  0.0109  0.0037  0.0122  1.0000  0.0240  0.2432  0.4330  0.0146  0.0073  0.0017  0.0000  0.0049  0.0000  0.0000  0.0000
 0.6646  0.0000  0.0531  0.5415  1.0000  0.0729  0.3928  0.1268  0.3189  0.8037  0.3731  0.2049  0.4340  0.9624  0.9958  0.4904  0.9912  0.5468  0.2869  0.0226  0.0000  0.0758  0.0000  0.0000  0.0000
 0.3657  0.0000  0.0256  0.2063  0.5829  0.0217  0.1372  0.0361  0.0675  0.2273  0.1343  0.0333  0.1189  0.3547  0.3748  0.1240  1.0000  0.1747  0.1894  0.0074  0.0000  0.0197  0.0000  0.0000  0.0000
 0.3499  0.0000  0.0034  0.0379  0.3182  0.0030  0.1086  0.0073  0.0107  0.0526  0.0172  0.0061  0.2081  0.0409  0.1470  0.0296  1.0000  0.1310  0.0166  0.0011  0.0000  0.0025  0.0000  0.0000  0.0000
 0.3502  0.0000  0.0245  0.3888  0.1070  0.0212  0.5574  0.0756  0.0180  0.1069  0.0286  0.0118  0.4417  0.0727  0.0734  0.0574  1.0000  0.2513  0.0310  0.0100  0.0000  0.2086  0.0000  0.0000  0.0000
 1.0000  0.0000  0.0857  0.5922  0.8005  0.2158  0.4614  0.2253  0.5446  0.7507  0.4334  0.2354  0.5068  0.2556  0.5035  0.4701  0.7822  0.6158  0.7768  0.0598  0.0000  0.2815  0.0000  0.0000  0.0000
 0.4732  0.0000  0.1071  0.2771  0.2405  0.3799  0.5506  0.3708  0.2212  0.2668  0.3688  0.1262  1.0000  0.2235  0.3542  0.2544  0.3455  0.2747  0.3269  0.1892  0.0000  0.5465  0.0000  0.0000  0.0000
 0.1274  0.0000  0.0056  1.0000  0.2027  0.0061  0.1898  0.2227  0.0175  0.2140  0.0288  0.0102  0.0679  0.0326  0.1446  0.0501  0.1913  0.0569  0.0272  0.0023  0.0000  0.0067  0.0000  0.0000  0.0000
 1.0000  0.0000  0.1508  0.2673  0.3839  0.3634  0.5788  0.2809  0.4494  0.3934  0.4942  0.1785  0.2874  0.3074  0.3339  0.3179  0.6680  0.4764  0.5230  0.0971  0.0000  0.4806  0.0000  0.0000  0.0000
 0.0222  0.0000  0.0052  0.2243  0.0303  0.0042  0.1632  0.0213  0.0028  0.0291  0.0052  0.0020  0.4351  0.0170  0.3359  0.0149  1.0000  0.0865  0.0045  0.0022  0.0000  0.0108  0.0000  0.0000  0.0000
 0.3260  0.0000  0.0547  0.9214  0.5386  0.0440  0.7126  0.1761  0.0428  0.2893  0.0691  0.0289  0.9208  0.1919  0.2252  0.1413  1.0000  0.4679  0.0769  0.1404  0.0000  0.0951  0.0000  0.0000  0.0000
 0.0657  0.0000  0.0132  0.0150  0.0412  0.0515  0.0269  0.0844  0.0890  0.1866  0.5820  1.0000  0.0358  0.1574  0.0612  0.1252  0.0584  0.3625  0.0872  0.0113  0.0000  0.0357  0.0000  0.0000  0.0000
 0.4457  0.0000  0.0122  0.0401  0.4269  0.0059  0.0708  0.0069  0.0085  0.0378  0.0168  0.0074  0.0196  0.0879  0.0277  0.1460  1.0000  0.0388  0.0242  0.0024  0.0000  0.0057  0.0000  0.0000  0.0000
 0.2538  0.0000  0.0168  0.1821  0.5847  0.0151  0.1085  0.0357  0.0545  0.2640  0.0861  0.0308  0.1889  0.1874  0.2860  0.1966  0.3172  1.0000  0.0833  0.0056  0.0000  0.0124  0.0000  0.0000  0.0000
 0.0085  0.0000  0.0002  1.0000  0.4215  0.0008  0.0037  0.0022  0.0010  0.0086  0.0019  0.0008  0.0046  0.0052  0.1203  0.0024  0.0892  0.0317  0.0020  0.0004  0.0000  0.0011  0.0000  0.0000  0.0000
 0.2164  0.0000  0.0088  0.4786  1.0000  0.0343  0.0972  0.0908  0.0488  0.4086  0.1499  0.0351  0.1150  0.2115  0.3599  0.2463  0.1240  0.1186  0.0717  0.0149  0.0000  0.0468  0.0000  0.0000  0.0000
 0.1533  0.0000  0.0127  0.0255  0.0615  0.0113  0.0499  0.0331  0.0265  0.2397  0.0454  0.0171  0.0584  0.0488  0.2362  0.4313  0.1416  1.0000  0.0431  0.0075  0.0000  0.0191  0.0000  0.0000  0.0000
 1.0000  0.0000  0.0956  0.0754  0.1025  0.0731  0.5453  0.0408  0.0864  0.1516  0.5733  0.0680  0.0751  0.3327  0.0905  0.1631  0.4712  0.1776  0.3089  0.0211  0.0000  0.0643  0.0000  0.0000  0.0000
 1.0000  0.0000  0.0299  0.0604  0.0512  0.0136  0.4379  0.1625  0.0145  0.0520  0.0317  0.0143  0.0585  0.1818  0.0968  0.0361  0.1640  0.0590  0.0494  0.0052  0.0000  0.0144  0.0000  0.0000  0.0000
 0.2590  0.0000  0.0357  0.0638  0.1604  0.1385  0.1116  0.0233  0.2628  0.0792  0.8418  0.3781  0.0553  0.0827  0.0672  0.0581  1.0000  0.1842  0.1995  0.0204  0.0000  0.0308  0.0000  0.0000  0.0000
 0.0090  0.0000  0.0013  1.0000  0.1008  0.0014  0.1656  0.0694  0.0010  0.0112  0.0020  0.0008  0.0326  0.0065  0.0100  0.0048  0.0161  0.0072  0.0017  0.0007  0.0000  0.0033  0.0000  0.0000  0.0000
 0.4664  0.0000  0.0368  0.0489  0.0402  0.0186  0.2678  0.0140  0.0222  0.0465  0.0398  0.0185  0.0560  0.0914  0.0325  0.0327  0.2401  1.0000  0.0638  0.0071  0.0000  0.1679  0.0000  0.0000  0.0000
 0.0320  0.0000  0.0074  1.0000  0.0465  0.0062  0.1959  0.0324  0.0032  0.0429  0.1221  0.0025  0.3156  0.0247  0.0290  0.0217  0.0824  0.0322  0.0054  0.0032  0.0000  0.0164  0.0000  0.0000  0.0000
 0.0300  0.0000  0.0053  0.0279  0.0112  0.0029  0.0923  0.0065  0.0057  0.0133  0.0063  0.0032  0.1333  0.1400  0.0097  0.0078  1.0000  0.1652  0.0100  0.0017  0.0000  0.0044  0.0000  0.0000  0.0000
 0.0280  0.0000  0.0049  0.2105  0.0297  0.0037  0.2167  0.0170  0.0023  0.0242  0.0048  0.0019  0.0920  0.0159  0.1154  0.0123  1.0000  0.0214  0.0048  0.0018  0.0000  0.0088  0.0000  0.0000  0.0000
 0.0020  0.0000  0.0005  0.0002  0.0005  0.0055  0.0004  0.0004  0.0643  0.0007  1.0000  0.0884  0.0005  0.0009  0.0011  0.0007  0.0006  0.0012  0.0057  0.0006  0.0000  0.0007  0.0000  0.0000  0.0000
 0.0089  0.0000  0.0001  0.3862  1.0000  0.0008  0.0033  0.0021  0.0011  0.0090  0.0020  0.0008  0.0037  0.0054  0.1164  0.0024  0.0045  0.0039  0.0020  0.0004  0.0000  0.0011  0.0000  0.0000  0.0000
 1.0000  0.0000  0.0043  0.0044  0.0047  0.0017  0.1167  0.0010  0.0020  0.0050  0.0043  0.0020  0.0041  0.0110  0.0839  0.0036  0.0238  0.1322  0.0072  0.0006  0.0000  0.0014  0.0000  0.0000  0.0000
 0.2147  0.0000  0.0116  0.2563  0.3735  0.0106  0.0821  0.0209  0.0162  0.0825  0.1817  0.0116  0.0622  0.0602  0.0872  0.0329  1.0000  0.0810  0.0346  0.0045  0.0000  0.0129  0.0000  0.0000  0.0000
 1.0000  0.0000  0.0764  0.1149  0.2748  0.0518  0.1755  0.0275  0.2517  0.1176  0.4631  0.0786  0.0781  0.1470  0.0943  0.0698  0.3120  0.6279  0.5217  0.0131  0.0000  0.0272  0.0000  0.0000  0.0000
 0.0967  0.0000  0.0017  0.0016  0.0016  0.0007  1.0000  0.0004  0.0008  0.0018  0.0017  0.0008  0.0014  0.0043  0.0012  0.0013  0.0087  0.0030  0.0028  0.0003  0.0000  0.0006  0.0000  0.0000  0.0000
 0.1885  0.0000  0.0181  0.0893  0.2056  0.0091  0.4165  0.0152  0.0103  0.0460  0.0212  0.0095  0.0634  1.0000  0.0384  0.0250  0.1164  0.0957  0.0316  0.0038  0.0000  0.0110  0.0000  0.0000  0.0000
 0.0020  0.0000  0.0005  0.0002  0.0005  0.0053  0.0004  0.0004  0.0099  0.0007  1.0000  0.1168  0.0005  0.0008  0.0010  0.0007  0.0006  0.0011  0.0054  0.0006  0.0000  0.0007  0.0000  0.0000  0.0000
 0.1024  0.0000  0.0127  0.6222  0.6627  0.0131  1.0000  0.0565  0.0101  0.1042  0.0205  0.0080  0.2728  0.0636  0.0958  0.0434  0.2878  0.0676  0.0196  0.0065  0.0000  0.0289  0.0000  0.0000  0.0000
 1.0000  0.0000  0.6848  0.0573  0.0662  0.0281  0.7928  0.0129  0.0322  0.0720  0.0712  0.0334  0.0497  0.1858  0.0496  0.0518  0.3810  0.1279  0.1218  0.0102  0.0000  0.0217  0.0000  0.0000  0.0000
 0.0597  0.0000  1.0000  0.0059  0.0059  0.0038  0.0307  0.0016  0.0060  0.0069  0.0110  0.1489  0.0065  0.0150  0.0049  0.0049  0.1330  0.0229  0.0140  0.0012  0.0000  0.0027  0.0000  0.0000  0.0000
 0.0000  0.0000  0.0000  0.0000  0.0000  0.0000  0.0000  0.0000  0.0000  0.0000  0.0000  0.0000  0.0000  0.0000  0.0000  1.0000  0.0000  0.0000  0.0000  0.0000  0.0000  0.0000  0.0000  0.0000  0.0000
//
