ID   UNK_ID; MATRIX
AC   UNK_AC
DE   UNK_DE
MA   UNK_BL
  A   B   C   D   E   F   G   H   I   K   L   M   N   P   Q   R   S   T   V   W   X   Y   Z   *   -
 0.0010  0.0000  0.0003  0.0002  0.0003  0.0027  0.0003  0.0002  0.0047  0.0003  0.0396  1.0000  0.0003  0.0005  0.0005  0.0004  0.0003  0.0006  0.0026  0.0004  0.0000  0.0005  0.0000  0.0000  0.0000
 1.0000  0.0000  0.0425  0.0289  0.0043  0.0015  0.0056  0.0019  0.0041  0.0061  0.0039  0.0021  0.0314  0.0073  0.0047  0.0298  0.3583  0.3487  0.0066  0.0009  0.0000  0.0018  0.0000  0.0000  0.0000
 0.0251  0.0000  0.0028  0.0818  0.0118  0.0272  0.0250  0.0339  0.0062  0.0115  0.0290  0.0035  0.1419  0.0054  0.0087  0.0245  1.0000  0.0763  0.0084  0.0024  0.0000  0.0126  0.0000  0.0000  0.0000
 0.1407  0.0000  0.0112  0.0654  0.0617  0.0574  0.0345  0.1657  0.0271  0.0595  0.0430  0.0151  0.2115  0.1005  0.1018  0.0412  1.0000  0.1481  0.0938  0.0089  0.0000  0.0440  0.0000  0.0000  0.0000
 0.0629  0.0000  0.0134  0.0370  0.0256  0.0025  0.0257  0.0040  0.0407  0.0395  0.0383  0.0030  0.0432  0.0231  0.0284  0.0349  1.0000  0.0311  0.0080  0.0159  0.0000  0.0028  0.0000  0.0000  0.0000
 0.5164  0.0000  0.0336  0.3799  0.6641  0.0345  0.7966  0.0767  0.2556  0.5634  0.1864  0.0804  0.4475  0.2549  0.3577  0.4992  1.0000  0.4816  0.2113  0.0116  0.0000  0.0292  0.0000  0.0000  0.0000
 0.1967  0.0000  0.0565  0.0780  0.1063  0.2525  0.1263  0.2762  0.1266  0.1108  0.3060  0.0709  0.2978  0.3511  0.1042  0.1716  1.0000  0.5489  0.2230  0.0578  0.0000  0.3113  0.0000  0.0000  0.0000
 0.3047  0.0000  0.0140  0.1628  0.3349  0.0132  0.1211  0.0321  0.0489  1.0000  0.2091  0.0277  0.1292  0.1703  0.1544  0.7837  0.6547  0.6114  0.1052  0.0046  0.0000  0.0103  0.0000  0.0000  0.0000
 0.9886  0.0000  0.0523  0.6171  0.9690  0.0518  0.4927  0.1420  0.1887  1.0000  0.4919  0.3524  0.5151  0.3162  0.6005  0.5169  0.9496  0.6679  0.3488  0.0175  0.0000  0.0419  0.0000  0.0000  0.0000
 0.0141  0.0000  0.0001  0.6366  1.0000  0.0003  0.0085  0.0008  0.0003  0.0029  0.0006  0.0003  0.0367  0.0017  0.0099  0.0008  0.0093  0.0013  0.0297  0.0001  0.0000  0.0004  0.0000  0.0000  0.0000
 0.1043  0.0000  0.0364  0.0422  0.0561  0.3943  0.0891  0.2471  0.2503  0.0598  1.0000  0.0454  0.1013  0.1815  0.0874  0.2453  0.0825  0.1146  0.2229  0.0381  0.0000  0.2192  0.0000  0.0000  0.0000
 0.2609  0.0000  0.0401  0.0300  0.2014  0.0885  0.0951  0.1254  0.3479  0.9446  0.5050  0.1378  0.1372  0.1328  0.3276  1.0000  0.1271  0.2294  0.4636  0.0283  0.0000  0.0705  0.0000  0.0000  0.0000
 0.0125  0.0000  0.0001  0.0001  0.0001  0.0083  0.0077  0.0000  0.2769  0.0001  0.0018  0.0003  0.0001  0.0000  0.0000  0.0001  0.0001  0.0002  1.0000  0.0000  0.0000  0.0002  0.0000  0.0000  0.0000
 0.1160  0.0000  0.0001  0.0109  0.0005  0.0001  1.0000  0.0004  0.0000  0.0005  0.0001  0.0000  0.0238  0.0003  0.0060  0.0003  0.0051  0.0004  0.0001  0.0000  0.0000  0.0002  0.0000  0.0000  0.0000
 0.0554  0.0000  0.0025  0.0525  0.0849  0.0023  1.0000  0.0057  0.0228  0.1137  0.0142  0.0050  0.8659  0.0489  0.0277  0.1002  0.0675  0.0580  0.1444  0.0008  0.0000  0.0018  0.0000  0.0000  0.0000
 0.0010  0.0000  0.0001  0.0002  0.0014  0.0002  0.0007  0.0899  0.0004  1.0000  0.0105  0.0003  0.0211  0.0008  0.0151  0.1386  0.0008  0.0011  0.0248  0.0002  0.0000  0.0005  0.0000  0.0000  0.0000
 0.0002  0.0000  0.0040  0.0000  0.0001  0.3990  0.0000  0.0000  0.0005  0.0000  0.0012  0.0002  0.0000  0.0001  0.0000  0.0000  0.0002  0.0001  0.0005  0.0360  0.0000  1.0000  0.0000  0.0000  0.0000
 0.0467  0.0000  0.0001  0.0001  0.0011  0.0002  0.0006  0.0007  0.0004  0.4890  0.0145  0.0003  0.0008  0.0006  0.0127  1.0000  0.0007  0.0009  0.0005  0.0001  0.0000  0.0004  0.0000  0.0000  0.0000
 0.0006  0.0000  0.0002  0.0001  0.0002  0.0044  0.0002  0.0001  0.3870  0.0002  1.0000  0.0252  0.0002  0.0002  0.0003  0.0002  0.0002  0.0005  0.2434  0.0002  0.0000  0.0003  0.0000  0.0000  0.0000
 0.0068  0.0000  0.0016  0.0011  0.0014  0.0075  1.0000  0.0003  0.1425  0.0022  0.0505  0.0249  0.0014  0.0016  0.0011  0.0106  0.0315  0.0048  0.2149  0.0009  0.0000  0.0028  0.0000  0.0000  0.0000
 0.0005  0.0000  0.0032  0.0001  0.0006  0.0001  0.0003  0.0004  0.0002  0.2222  0.0005  0.0002  0.0004  0.0004  0.0686  1.0000  0.0004  0.0005  0.0003  0.0001  0.0000  0.0002  0.0000  0.0000  0.0000
 0.0003  0.0000  0.0000  0.0001  0.0212  0.0001  0.0002  0.0003  0.0001  1.0000  0.0003  0.0001  0.0003  0.0002  0.0007  0.0076  0.0002  0.0003  0.0002  0.0000  0.0000  0.0001  0.0000  0.0000  0.0000
 0.0002  0.0000  0.0001  0.0000  0.0001  0.0004  0.0001  0.0000  1.0000  0.0001  0.0987  0.0004  0.0001  0.0001  0.0001  0.0001  0.0001  0.0002  0.0178  0.0000  0.0000  0.0001  0.0000  0.0000  0.0000
 0.0000  0.0000  0.0000  0.0000  0.0000  0.0000  1.0000  0.0000  0.0000  0.0000  0.0000  0.0000  0.0000  0.0000  0.0000  0.0000  0.0000  0.0000  0.0000  0.0000  0.0000  0.0000  0.0000  0.0000  0.0000
 0.0442  0.0000  0.0414  0.0010  0.1013  0.0262  0.0885  0.0002  0.0006  0.0012  0.0012  0.0006  0.0009  0.0032  0.0009  0.0009  1.0000  0.0022  0.0021  0.0002  0.0000  0.0004  0.0000  0.0000  0.0000
 0.0000  0.0000  0.0000  0.0000  0.0000  0.0000  1.0000  0.0000  0.0000  0.0000  0.0000  0.0000  0.0000  0.0000  0.0000  0.0000  0.0000  0.0000  0.0000  0.0000  0.0000  0.0000  0.0000  0.0000  0.0000
 0.0008  0.0000  0.0001  0.0008  0.0003  0.0024  0.0009  0.0002  0.0001  0.0003  0.0001  0.0001  0.0169  0.0003  0.0002  0.0002  1.0000  0.0008  0.0002  0.0000  0.0000  0.0001  0.0000  0.0000  0.0000
 0.0002  0.0000  0.0001  0.0001  0.0001  1.0000  0.0002  0.0000  0.0002  0.0001  0.0006  0.0001  0.0000  0.0002  0.0000  0.0001  0.0049  0.0001  0.0002  0.0005  0.0000  0.0019  0.0000  0.0000  0.0000
 0.0008  0.0000  0.0053  0.0004  0.0003  0.0003  1.0000  0.0002  0.0002  0.0001  0.0003  0.0001  0.0003  0.0004  0.0002  0.0003  0.0004  0.0003  0.0004  0.0002  0.0000  0.0003  0.0000  0.0000  0.0000
 0.0050  0.0000  0.0001  1.0000  0.7280  0.0005  0.0018  0.0398  0.0006  0.0231  0.0011  0.0005  0.0020  0.0030  0.0222  0.0013  0.0025  0.0022  0.1515  0.0002  0.0000  0.0006  0.0000  0.0000  0.0000
 0.0002  0.0000  0.0001  0.0000  0.0001  0.0003  0.0001  0.0000  1.0000  0.0001  0.1375  0.0003  0.0001  0.0000  0.0000  0.0001  0.0001  0.0002  0.0812  0.0000  0.0000  0.0001  0.0000  0.0000  0.0000
 0.0005  0.0000  0.0001  0.0001  0.0002  0.2738  0.0002  0.0001  0.0014  0.0005  0.0079  0.0009  0.0002  0.0002  0.0003  0.0206  0.0002  0.0003  0.0008  0.0003  0.0000  1.0000  0.0000  0.0000  0.0000
 0.0056  0.0000  0.0014  0.0015  0.1067  0.0117  0.0029  0.0512  0.0548  0.0408  1.0000  0.0181  0.0032  0.0027  0.0126  0.0621  0.0036  0.0044  0.0495  0.0016  0.0000  0.0063  0.0000  0.0000  0.0000
 0.2555  0.0000  0.0064  0.0002  0.0003  0.0001  1.0000  0.0001  0.0001  0.0003  0.0003  0.0001  0.0002  0.0008  0.0002  0.0002  0.0104  0.0005  0.0005  0.0000  0.0000  0.0001  0.0000  0.0000  0.0000
 0.1517  0.0000  0.0095  0.0025  0.0073  0.0155  0.0005  0.0023  0.3868  0.0929  0.1241  0.0800  0.0037  0.0100  0.0327  0.0043  0.0423  1.0000  0.3910  0.0011  0.0000  0.0026  0.0000  0.0000  0.0000
 0.0007  0.0000  0.0002  0.1565  0.0011  0.0083  0.0025  0.1154  0.0001  0.0145  0.0002  0.0001  1.0000  0.0006  0.0055  0.0005  0.0666  0.0331  0.0001  0.0001  0.0000  0.0004  0.0000  0.0000  0.0000
 0.0020  0.0000  0.0005  0.0002  0.0004  0.0011  0.0002  0.0001  1.0000  0.0004  0.2933  0.0716  0.0002  0.0004  0.0177  0.0003  0.0434  0.0674  0.2980  0.0001  0.0000  0.0004  0.0000  0.0000  0.0000
 0.7180  0.0000  0.1874  0.3804  0.5343  0.7050  0.4249  0.5717  0.4978  0.5286  0.7528  0.2438  0.4364  0.2714  0.5698  0.4769  0.5931  0.5931  0.5970  0.1858  0.0000  1.0000  0.0000  0.0000  0.0000
 0.0484  0.0000  0.0226  0.0016  0.0010  0.0004  0.0010  0.0005  0.0144  0.0015  0.0011  0.0006  0.5763  0.0019  0.0012  0.0010  0.6181  1.0000  0.0114  0.0003  0.0000  0.0004  0.0000  0.0000  0.0000
 0.0106  0.0000  0.0021  0.0197  0.0032  0.0346  1.0000  0.0599  0.0046  0.0225  0.0167  0.0422  0.2595  0.0024  0.0154  0.0123  0.0849  0.0046  0.0059  0.0022  0.0000  0.0485  0.0000  0.0000  0.0000
 0.0007  0.0000  0.0000  0.0404  1.0000  0.0022  0.0003  0.0074  0.0001  0.0049  0.0002  0.0001  0.0003  0.0005  0.1040  0.0002  0.0004  0.0116  0.0056  0.0000  0.0000  0.0001  0.0000  0.0000  0.0000
 0.0051  0.0000  0.0014  0.0488  1.0000  0.0135  0.0031  0.0105  0.0796  0.0114  0.0118  0.0019  0.0031  0.0366  0.1233  0.0121  0.0041  0.0496  0.0043  0.0015  0.0000  0.0290  0.0000  0.0000  0.0000
 0.0143  0.0000  0.0067  0.0001  0.0001  0.0181  0.0001  0.0000  0.0825  0.0055  0.0061  0.0003  0.0001  0.0001  0.0001  0.0001  0.0001  0.0005  1.0000  0.0000  0.0000  0.0069  0.0000  0.0000  0.0000
 1.0000  0.0000  0.0002  0.0002  0.0002  0.0001  0.0473  0.0000  0.0001  0.0002  0.0002  0.0001  0.0001  0.0055  0.0002  0.0002  0.0073  0.0004  0.0004  0.0000  0.0000  0.0001  0.0000  0.0000  0.0000
 0.0219  0.0000  0.0001  0.0001  0.0001  0.0004  0.0001  0.0000  1.0000  0.0002  0.0578  0.0064  0.0001  0.0001  0.0001  0.0001  0.0089  0.0005  0.4196  0.0001  0.0000  0.0002  0.0000  0.0000  0.0000
 0.0012  0.0000  0.0001  0.0002  0.0003  0.0001  0.0007  0.0001  0.0001  1.0000  0.0003  0.0001  0.0002  0.0004  0.0004  0.0009  0.0065  0.0004  0.0049  0.0000  0.0000  0.0001  0.0000  0.0000  0.0000
 0.0005  0.0000  0.0001  0.0001  0.0001  0.1352  0.0001  0.0001  0.0642  0.0002  1.0000  0.0757  0.0001  0.0002  0.0003  0.0002  0.0001  0.0003  0.0550  0.0002  0.0000  0.0002  0.0000  0.0000  0.0000
 0.0000  0.0000  0.0000  0.0000  1.0000  0.0000  0.0000  0.0000  0.0000  0.0000  0.0000  0.0000  0.0000  0.0000  0.0000  0.0000  0.0000  0.0000  0.0000  0.0000  0.0000  0.0000  0.0000  0.0000  0.0000
 0.0731  0.0000  0.2362  0.1069  0.0294  0.0120  0.0788  0.0195  0.0050  0.0294  0.0085  0.0037  0.3976  0.3795  0.0950  0.0159  1.0000  0.0539  0.0109  0.0026  0.0000  0.0109  0.0000  0.0000  0.0000
 0.3305  0.0000  0.0364  0.0851  0.1855  0.0174  0.0548  0.0554  0.3065  0.1349  0.0953  0.0637  0.0867  0.0391  0.2683  0.2832  0.2569  0.3358  1.0000  0.0051  0.0000  0.0205  0.0000  0.0000  0.0000
 0.0009  0.0000  0.0001  0.0002  0.0011  0.0092  0.0006  0.0226  0.0004  1.0000  0.0052  0.0003  0.0579  0.0006  0.0019  0.1979  0.0202  0.0122  0.0005  0.0001  0.0000  0.0136  0.0000  0.0000  0.0000
 0.8125  0.0000  0.0007  0.0012  0.0008  0.0004  0.0012  0.0003  0.0088  0.0012  0.0012  0.0005  0.0021  0.0016  0.0009  0.0008  0.6008  1.0000  0.0177  0.0002  0.0000  0.0003  0.0000  0.0000  0.0000
 0.0117  0.0000  0.0002  0.1373  0.0158  0.0004  0.0015  0.0015  0.0136  1.0000  0.0018  0.0006  0.0234  0.0083  0.0044  0.6771  0.0021  0.0023  0.0373  0.0003  0.0000  0.0007  0.0000  0.0000  0.0000
 0.1099  0.0000  0.0003  0.0034  0.0015  0.0002  0.0031  1.0000  0.0002  0.0016  0.0004  0.0001  0.0163  0.0030  0.0348  0.0010  0.0025  0.0011  0.0004  0.0001  0.0000  0.0004  0.0000  0.0000  0.0000
 0.0069  0.0000  0.0002  0.0004  0.0005  0.0001  0.0011  0.0083  0.0001  0.0005  0.0002  0.0001  0.0004  1.0000  0.0139  0.0003  0.0010  0.0004  0.0003  0.0000  0.0000  0.0001  0.0000  0.0000  0.0000
 0.0003  0.0000  0.0001  0.0004  0.0004  0.0002  0.0010  0.0002  0.0002  0.0008  0.0004  0.0001  0.0003  0.0007  1.0000  0.0212  0.0003  0.0003  0.0002  0.0002  0.0000  0.0002  0.0000  0.0000  0.0000
 0.0000  0.0000  0.0000  0.0000  0.0000  0.0000  0.0000  0.0000  0.0000  0.0000  1.0000  0.0000  0.0000  0.0000  0.0000  0.0000  0.0000  0.0000  0.0000  0.0000  0.0000  0.0000  0.0000  0.0000  0.0000
 0.7621  0.0000  0.1727  0.4493  0.7298  0.6325  0.4326  0.6850  0.4152  0.6162  1.0000  0.2337  0.4585  0.2833  0.5292  0.5672  0.6480  0.5708  0.5454  0.1652  0.0000  0.8746  0.0000  0.0000  0.0000
 0.0062  0.0000  0.0021  0.1123  0.0030  0.1017  0.0035  0.0339  0.1809  0.0033  0.0514  0.0064  0.0034  0.0025  0.0035  0.0038  0.0043  0.0046  0.0084  0.0022  0.0000  1.0000  0.0000  0.0000  0.0000
 0.0000  0.0000  0.0000  0.0000  1.0000  0.0000  0.0000  0.0000  0.0000  0.0000  0.0000  0.0000  0.0000  0.0000  0.0000  0.0000  0.0000  0.0000  0.0000  0.0000  0.0000  0.0000  0.0000  0.0000  0.0000
 0.4843  0.0000  0.0176  0.0080  0.0106  0.0732  0.0128  0.0388  0.0176  0.0472  0.0252  0.0086  0.0119  0.0079  0.0114  0.0135  1.0000  0.0223  0.0243  0.0195  0.0000  0.2522  0.0000  0.0000  0.0000
 0.0006  0.0000  0.0001  0.0001  0.0312  0.0001  0.0004  0.0005  0.0002  1.0000  0.0006  0.0002  0.0006  0.0005  0.0014  0.4958  0.0005  0.0006  0.0003  0.0001  0.0000  0.0003  0.0000  0.0000  0.0000
 0.0026  0.0000  0.0007  0.0004  0.0006  0.2684  0.0007  0.0001  0.2499  0.0008  1.0000  0.0034  0.0005  0.0006  0.0005  0.0007  0.0332  0.1307  0.4663  0.0004  0.0000  0.0011  0.0000  0.0000  0.0000
 0.0002  0.0000  0.0001  0.0000  0.0000  0.0028  0.0000  0.0000  0.0005  0.0000  0.0429  0.0094  0.0000  0.0001  0.0000  0.0000  0.0001  0.0001  0.0004  0.0006  0.0000  1.0000  0.0000  0.0000  0.0000
 0.0026  0.0000  0.0003  0.0005  0.0035  0.0005  0.0018  0.0022  0.0011  1.0000  0.0025  0.1764  0.1015  0.0020  0.0059  0.4348  0.0157  0.0138  0.0087  0.0004  0.0000  0.0011  0.0000  0.0000  0.0000
 0.1505  0.0000  0.0098  0.0114  0.0151  0.1096  0.0183  0.1144  1.0000  0.0161  0.4351  0.2176  0.0170  0.0113  0.0876  0.0193  0.1925  0.2008  0.2421  0.0103  0.0000  0.1387  0.0000  0.0000  0.0000
 0.0003  0.0000  0.0001  0.0000  0.0001  0.0195  0.0001  0.0001  0.0014  0.0001  1.0000  0.1533  0.0001  0.0001  0.0001  0.0001  0.0001  0.0002  0.0008  0.0001  0.0000  0.0001  0.0000  0.0000  0.0000
 0.3571  0.0000  0.0059  0.0689  0.1488  0.0058  0.1293  0.0579  0.0272  0.1311  0.0513  0.0203  0.1361  0.0302  1.0000  0.0650  0.2702  0.0736  0.1274  0.0020  0.0000  0.0047  0.0000  0.0000  0.0000
 0.0048  0.0000  0.0002  0.0094  0.0002  0.0001  1.0000  0.0001  0.0001  0.0002  0.0002  0.0001  0.0005  0.0005  0.0002  0.0002  0.0208  0.0004  0.0003  0.0000  0.0000  0.0001  0.0000  0.0000  0.0000
 0.0313  0.0000  0.0753  0.0046  0.0072  0.0008  1.0000  0.0070  0.0006  0.0028  0.0012  0.0005  0.0286  0.0022  0.0016  0.0187  0.0057  0.0144  0.0462  0.0003  0.0000  0.0012  0.0000  0.0000  0.0000
 0.0415  0.0000  0.0068  0.0506  0.0505  0.0057  0.0106  0.0056  0.3097  0.0246  0.0643  0.0130  0.0497  0.2074  0.0302  0.0146  0.1842  0.5097  1.0000  0.0018  0.0000  0.0052  0.0000  0.0000  0.0000
 0.0000  0.0000  0.0000  0.0000  0.0000  0.0000  1.0000  0.0000  0.0000  0.0000  0.0000  0.0000  0.0000  0.0000  0.0000  0.0000  0.0000  0.0000  0.0000  0.0000  0.0000  0.0000  0.0000  0.0000  0.0000
 0.0001  0.0000  0.0001  0.0000  0.0000  0.0290  0.0001  0.0000  1.0000  0.0001  0.0013  0.0002  0.0000  0.0000  0.0000  0.0001  0.0001  0.0002  0.1359  0.0000  0.0000  0.0001  0.0000  0.0000  0.0000
 0.0731  0.0000  0.0002  0.0002  0.0002  0.0001  0.0013  0.0000  0.0001  0.0002  0.0002  0.0001  0.0002  1.0000  0.0002  0.0002  0.0012  0.0048  0.0004  0.0000  0.0000  0.0001  0.0000  0.0000  0.0000
 0.4300  0.0000  0.0754  0.2785  0.4677  0.5727  0.2093  0.7078  0.1386  0.5254  0.2344  0.1272  1.0000  0.1411  0.5742  0.5269  0.5740  0.4828  0.1949  0.0375  0.0000  0.1819  0.0000  0.0000  0.0000
 0.0259  0.0000  0.0005  0.0002  0.0004  0.0010  0.0003  0.0001  1.0000  0.0004  0.3160  0.1314  0.0003  0.0004  0.0002  0.0003  0.0004  0.0300  0.9623  0.0001  0.0000  0.0004  0.0000  0.0000  0.0000
 0.0226  0.0000  0.0069  0.0082  0.0155  0.0873  0.0149  0.1519  0.0544  0.7381  0.0992  0.0097  0.0151  0.0106  0.0202  1.0000  0.0180  0.0186  0.0209  0.0462  0.0000  0.3023  0.0000  0.0000  0.0000
 0.0008  0.0000  0.0240  0.0004  0.0004  0.0332  0.0006  0.0489  0.0007  0.0004  0.0014  0.0004  0.0005  0.0003  0.0004  0.0004  0.0006  0.0005  0.0008  1.0000  0.0000  0.1820  0.0000  0.0000  0.0000
 0.0135  0.0000  0.3746  0.0057  0.0072  1.0000  0.0089  0.1073  0.0103  0.0077  0.0172  0.0058  0.0084  0.0054  0.0077  0.0091  0.0470  0.0104  0.0132  0.0200  0.0000  0.7321  0.0000  0.0000  0.0000
 0.0006  0.0000  0.0001  0.0163  0.0199  0.0001  1.0000  0.0003  0.0000  0.0004  0.0001  0.0000  0.0016  0.0003  0.0003  0.0002  0.0058  0.0003  0.0001  0.0000  0.0000  0.0002  0.0000  0.0000  0.0000
 0.2912  0.0000  0.0453  0.0644  0.0894  0.2090  0.0902  0.1377  0.3333  0.1926  0.2004  0.0573  0.1128  0.0978  0.6375  0.1767  0.2146  0.5365  1.0000  0.0464  0.0000  0.2802  0.0000  0.0000  0.0000
 0.0390  0.0000  0.0306  0.1146  1.0000  0.0002  0.0028  0.0004  0.0002  0.0016  0.0004  0.0002  0.0009  0.0010  0.0191  0.0004  0.0010  0.0199  0.0004  0.0001  0.0000  0.0002  0.0000  0.0000  0.0000
 0.0359  0.0000  0.1528  0.0083  0.0234  0.0013  1.0000  0.0034  0.0029  0.1817  0.0054  0.0020  0.0384  0.0065  0.0102  0.1017  0.0206  0.0419  0.0077  0.0007  0.0000  0.0018  0.0000  0.0000  0.0000
 0.0091  0.0000  0.0008  1.0000  0.4370  0.0008  0.0326  0.0089  0.0020  0.0390  0.1439  0.0012  0.1013  0.0039  0.0248  0.0061  0.0393  0.0626  0.0032  0.0003  0.0000  0.0067  0.0000  0.0000  0.0000
 0.0023  0.0000  0.0130  0.0323  0.0565  0.1623  0.0043  0.1600  0.0011  0.0021  0.0019  0.0006  0.0153  0.0013  0.0017  0.0016  0.0036  0.0020  0.0014  0.0006  0.0000  1.0000  0.0000  0.0000  0.0000
 0.0005  0.0000  0.0001  0.0016  0.0005  0.0001  0.0011  0.0061  0.0001  0.0005  0.0001  0.0001  1.0000  0.0003  0.0003  0.0003  0.0142  0.0326  0.0001  0.0105  0.0000  0.0037  0.0000  0.0000  0.0000
 0.3689  0.0000  0.0397  0.0006  0.0007  0.0011  0.0162  0.0001  0.3124  0.0008  0.0052  0.0011  0.0006  0.0016  0.0005  0.0006  0.0035  0.0477  1.0000  0.0002  0.0000  0.0006  0.0000  0.0000  0.0000
 0.0006  0.0000  0.0001  0.0001  0.0001  0.0016  0.0001  0.0001  0.0029  0.0002  0.8400  1.0000  0.0001  0.0002  0.0003  0.0002  0.0002  0.0003  0.0142  0.0002  0.0000  0.0002  0.0000  0.0000  0.0000
 0.0387  0.0000  0.0002  0.0001  0.0002  0.0001  0.0000  0.0000  0.0363  0.0002  0.0009  0.0003  0.0001  0.0002  0.0001  0.0001  0.0002  0.0008  1.0000  0.0000  0.0000  0.0001  0.0000  0.0000  0.0000
 0.0009  0.0000  0.0002  0.0001  0.0002  0.0026  0.0002  0.0002  0.7478  0.0003  0.2234  1.0000  0.0002  0.0004  0.0005  0.0003  0.0003  0.0005  0.0027  0.0003  0.0000  0.0070  0.0000  0.0000  0.0000
 0.0006  0.0000  0.0000  1.0000  0.2039  0.0001  0.0003  0.0002  0.0001  0.0007  0.0001  0.0001  0.0054  0.0004  0.0109  0.0002  0.0004  0.0003  0.0001  0.0000  0.0000  0.0001  0.0000  0.0000  0.0000
 0.0002  0.0000  0.0001  0.0000  0.0001  0.0072  0.0000  0.0000  0.0011  0.0001  1.0000  0.0007  0.0001  0.0001  0.0001  0.0001  0.0001  0.0001  0.0151  0.0001  0.0000  0.0001  0.0000  0.0000  0.0000
 0.0000  0.0000  0.0000  0.0000  0.0000  0.0000  0.0000  0.0000  0.0000  0.0000  1.0000  0.0000  0.0000  0.0000  0.0000  0.0000  0.0000  0.0000  0.0000  0.0000  0.0000  0.0000  0.0000  0.0000  0.0000
 0.0000  0.0000  0.0000  0.0000  0.0000  0.0000  1.0000  0.0000  0.0000  0.0000  0.0000  0.0000  0.0000  0.0000  0.0000  0.0000  0.0000  0.0000  0.0000  0.0000  0.0000  0.0000  0.0000  0.0000  0.0000
 0.0006  0.0000  0.0001  0.0005  0.0004  0.0002  0.0153  0.0002  0.0002  0.0005  0.0004  0.0001  0.0003  1.0000  0.0003  0.0005  0.0004  0.0003  0.0002  0.0002  0.0000  0.0002  0.0000  0.0000  0.0000
 0.0007  0.0000  0.0001  0.0007  0.0003  0.0001  0.0009  0.0002  0.0001  0.0003  0.0002  0.0001  0.0106  0.0004  0.0002  0.0002  1.0000  0.0006  0.0002  0.0001  0.0000  0.0001  0.0000  0.0000  0.0000
 0.0002  0.0000  0.0001  0.0000  0.0001  0.0006  0.0000  0.0000  0.0010  0.0001  1.0000  0.0193  0.0001  0.0001  0.0001  0.0001  0.0001  0.0001  0.0006  0.0001  0.0000  0.0001  0.0000  0.0000  0.0000
 0.0000  0.0000  0.0000  0.0000  1.0000  0.0000  0.0000  0.0000  0.0000  0.0000  0.0000  0.0000  0.0000  0.0000  0.0000  0.0000  0.0000  0.0000  0.0000  0.0000  0.0000  0.0000  0.0000  0.0000  0.0000
 0.0004  0.0000  0.0001  1.0000  0.0262  0.0001  0.0005  0.0002  0.0001  0.0004  0.0002  0.0000  0.0004  0.0004  0.0005  0.0002  0.0003  0.0002  0.0001  0.0001  0.0000  0.0001  0.0000  0.0000  0.0000
 0.0002  0.0000  0.0001  0.0000  0.0001  0.0076  0.0000  0.0000  0.0011  0.0001  1.0000  0.0052  0.0001  0.0001  0.0001  0.0001  0.0001  0.0001  0.0227  0.0001  0.0000  0.0001  0.0000  0.0000  0.0000
 0.0000  0.0000  0.0000  0.0000  0.0000  1.0000  0.0000  0.0000  0.0000  0.0000  0.0000  0.0000  0.0000  0.0000  0.0000  0.0000  0.0000  0.0000  0.0000  0.0000  0.0000  0.0000  0.0000  0.0000  0.0000
 0.0032  0.0000  0.0504  0.1378  0.0020  0.0004  0.0079  0.0013  0.0007  0.0022  0.0008  0.0004  1.0000  0.0019  0.0016  0.0012  0.1030  0.0811  0.0742  0.0002  0.0000  0.0008  0.0000  0.0000  0.0000
 0.0032  0.0000  0.0051  0.0013  0.0017  1.0000  0.0021  0.1028  0.0522  0.0019  0.1377  0.0376  0.0020  0.0013  0.0074  0.0022  0.0258  0.0295  0.0032  0.0012  0.0000  0.5253  0.0000  0.0000  0.0000
 0.0000  0.0000  1.0000  0.0000  0.0000  0.0000  0.0000  0.0000  0.0000  0.0000  0.0000  0.0000  0.0000  0.0000  0.0000  0.0000  0.0000  0.0000  0.0000  0.0000  0.0000  0.0000  0.0000  0.0000  0.0000
 0.0096  0.0000  0.0272  0.1266  0.0312  0.0018  0.4514  0.0977  0.0012  0.0541  0.0024  0.0008  1.0000  0.0072  0.0435  0.0069  0.7746  0.1418  0.0019  0.0009  0.0000  0.0046  0.0000  0.0000  0.0000
 0.0003  0.0000  0.0000  0.0001  0.0004  0.0001  0.0004  0.0002  0.0001  0.0154  0.0003  0.0001  0.0003  0.0004  0.0005  1.0000  0.0002  0.0003  0.0002  0.0001  0.0000  0.0001  0.0000  0.0000  0.0000
 0.0012  0.0000  0.0001  0.0002  0.0017  0.0002  0.0008  0.0739  0.0090  1.0000  0.0012  0.0004  0.0063  0.0009  0.0191  0.5158  0.0191  0.0582  0.0007  0.0002  0.0000  0.0005  0.0000  0.0000  0.0000
 0.0003  0.0000  0.0001  0.0001  0.0001  1.0000  0.0001  0.0000  0.0009  0.0001  0.1744  0.0006  0.0000  0.0001  0.0001  0.0001  0.0001  0.0002  0.0006  0.0007  0.0000  0.0025  0.0000  0.0000  0.0000
 0.0010  0.0000  0.0002  0.0005  0.0003  0.0001  0.0003  0.0001  0.0003  0.0123  0.0003  0.0002  0.0164  0.0005  0.0169  0.0003  1.0000  0.3922  0.0005  0.0001  0.0000  0.0001  0.0000  0.0000  0.0000
 0.0007  0.0000  0.0002  0.0001  0.0002  0.0399  0.0001  0.0001  0.1711  0.0002  1.0000  0.1722  0.0002  0.0306  0.0004  0.0002  0.0002  0.0004  0.0264  0.0002  0.0000  0.0327  0.0000  0.0000  0.0000
 0.0000  0.0000  0.0000  0.0000  0.0000  0.0000  0.0000  0.0000  0.0000  1.0000  0.0000  0.0000  0.0000  0.0000  0.0000  0.0000  0.0000  0.0000  0.0000  0.0000  0.0000  0.0000  0.0000  0.0000  0.0000
 0.0084  0.0000  0.0001  0.0002  0.0001  0.0001  0.0003  0.0001  0.0001  0.0002  0.0002  0.0001  0.0004  0.0003  0.0002  0.0001  0.0295  1.0000  0.0003  0.0000  0.0000  0.0001  0.0000  0.0000  0.0000
 0.0011  0.0000  0.0002  0.0001  0.0002  0.0001  0.0000  0.0000  0.0235  0.0002  0.0009  0.0003  0.0001  0.0003  0.0001  0.0001  0.0079  0.0527  1.0000  0.0000  0.0000  0.0001  0.0000  0.0000  0.0000
 0.0004  0.0000  0.0181  0.0000  0.0001  0.0008  0.0001  0.0001  0.0454  0.0001  1.0000  0.0047  0.0001  0.0002  0.0002  0.0075  0.0001  0.0003  0.0806  0.0001  0.0000  0.0001  0.0000  0.0000  0.0000
 0.0004  0.0000  0.0001  0.0000  0.0001  0.0010  0.0001  0.0001  0.0067  0.0001  0.3621  1.0000  0.0001  0.0002  0.0095  0.0001  0.0001  0.0002  0.0010  0.0001  0.0000  0.0001  0.0000  0.0000  0.0000
 0.0193  0.0000  0.0003  0.0001  0.0002  0.0004  0.0000  0.0001  0.0350  0.0002  1.0000  0.0006  0.0001  0.0003  0.0002  0.0001  0.0002  0.0299  0.0706  0.0001  0.0000  0.0001  0.0000  0.0000  0.0000
 1.0000  0.0000  0.0098  0.0002  0.0003  0.0091  0.0308  0.0001  0.0001  0.0003  0.0003  0.0001  0.0002  0.0008  0.0002  0.0002  0.0017  0.0006  0.0518  0.0000  0.0000  0.0001  0.0000  0.0000  0.0000
 0.0018  0.0000  0.0000  1.0000  0.0516  0.0002  0.0007  0.0004  0.0185  0.0941  0.0388  0.0002  0.0007  0.0011  0.0023  0.0006  0.0009  0.0008  0.0004  0.0001  0.0000  0.0002  0.0000  0.0000  0.0000
 0.0000  0.0000  0.0000  0.0000  0.0000  0.0000  0.0000  0.0000  0.0000  0.0000  0.0000  0.0000  0.0000  0.0000  1.0000  0.0000  0.0000  0.0000  0.0000  0.0000  0.0000  0.0000  0.0000  0.0000  0.0000
 0.0004  0.0000  0.0001  0.0001  0.0001  0.0277  0.0001  0.0001  0.0240  0.0001  0.3810  1.0000  0.0001  0.0002  0.0002  0.0001  0.0001  0.0154  0.0012  0.0001  0.0000  0.0001  0.0000  0.0000  0.0000
 0.0003  0.0000  0.0001  0.0001  0.0001  0.0173  0.0001  0.0000  1.0000  0.0001  0.3018  0.0008  0.0001  0.0001  0.0001  0.0001  0.0001  0.0003  0.0446  0.0001  0.0000  0.0002  0.0000  0.0000  0.0000
 0.1787  0.0000  0.1328  0.0152  0.0226  0.0022  0.1841  0.0362  0.0052  0.0319  0.0080  0.0029  0.4786  0.0074  0.0757  0.0407  1.0000  0.2370  0.0300  0.0008  0.0000  0.0025  0.0000  0.0000  0.0000
 0.0003  0.0000  0.0001  0.0001  0.0004  0.0001  0.0004  0.0086  0.0101  0.0019  0.0004  0.0001  0.0003  0.0004  0.0007  1.0000  0.0003  0.0003  0.0002  0.0001  0.0000  0.0002  0.0000  0.0000  0.0000
 0.0003  0.0000  0.0001  0.0001  0.0001  0.0180  0.0002  0.0000  1.0000  0.0002  0.1722  0.0280  0.0001  0.0001  0.0001  0.0001  0.0002  0.0050  0.5775  0.0001  0.0000  0.0003  0.0000  0.0000  0.0000
 0.0007  0.0000  0.0000  0.0270  1.0000  0.0114  0.0003  0.0002  0.0001  0.0007  0.0002  0.0001  0.0003  0.0004  0.1286  0.0002  0.0004  0.0003  0.0002  0.0000  0.0000  0.0001  0.0000  0.0000  0.0000
 0.0027  0.0000  0.0009  0.0148  0.0015  0.3672  0.0018  0.0128  0.0021  0.0016  0.0083  0.0012  0.0070  0.0011  0.0016  0.0169  0.0400  0.0976  0.0027  0.0010  0.0000  1.0000  0.0000  0.0000  0.0000
 0.0007  0.0000  0.0325  0.0002  0.0002  0.0227  0.0003  0.0000  1.0000  0.0003  0.1390  0.3020  0.0002  0.0002  0.0001  0.0003  0.0003  0.0008  0.9072  0.0002  0.0000  0.0005  0.0000  0.0000  0.0000
 0.0005  0.0000  0.0001  0.0007  0.0004  0.0001  0.0009  1.0000  0.0001  0.0008  0.0003  0.0001  0.0008  0.0004  0.0118  0.0006  0.0007  0.0105  0.0002  0.0001  0.0000  0.0002  0.0000  0.0000  0.0000
 0.2198  0.0000  0.0488  0.0110  0.1887  0.0135  0.0739  0.0114  0.0094  0.0160  0.0807  0.0463  0.1064  0.0070  0.0326  0.0124  1.0000  0.2158  0.0565  0.0036  0.0000  0.0533  0.0000  0.0000  0.0000
 0.0005  0.0000  0.0001  0.0001  0.0007  0.0001  0.0004  0.0005  0.0002  1.0000  0.0136  0.0002  0.0169  0.0004  0.0013  0.3169  0.0004  0.0006  0.0003  0.0001  0.0000  0.0002  0.0000  0.0000  0.0000
 0.0092  0.0000  0.1323  0.1333  0.0131  0.0018  0.3755  0.0152  0.0009  0.0127  0.0020  0.0007  1.0000  0.0073  0.0085  0.0064  0.7240  0.0097  0.0104  0.0009  0.0000  0.0049  0.0000  0.0000  0.0000
 0.0003  0.0000  0.0001  0.0000  0.0001  1.0000  0.0001  0.0000  0.0106  0.0001  0.1688  0.0007  0.0000  0.0001  0.0001  0.0000  0.0002  0.0002  0.0426  0.0010  0.0000  0.0921  0.0000  0.0000  0.0000
 0.0005  0.0000  0.0001  0.0001  0.0001  0.0149  0.0001  0.0001  1.0000  0.0002  0.3813  0.0016  0.0001  0.0002  0.0002  0.0002  0.0001  0.0003  0.0014  0.0002  0.0000  0.0002  0.0000  0.0000  0.0000
 0.0005  0.0000  0.0004  0.0009  0.0004  0.0002  0.0013  1.0000  0.0002  0.0005  0.0003  0.0001  0.0009  0.0005  0.0003  0.0005  0.0007  0.0114  0.0003  0.0002  0.0000  0.1041  0.0000  0.0000  0.0000
 0.0005  0.0000  0.0003  0.0005  0.0004  0.0002  0.0012  0.0002  0.0002  0.0006  0.0004  0.0001  0.0003  0.0007  0.0003  1.0000  0.0003  0.0003  0.0102  0.0002  0.0000  0.0003  0.0000  0.0000  0.0000
 0.0000  0.0000  0.0000  1.0000  0.0000  0.0000  0.0000  0.0000  0.0000  0.0000  0.0000  0.0000  0.0000  0.0000  0.0000  0.0000  0.0000  0.0000  0.0000  0.0000  0.0000  0.0000  0.0000  0.0000  0.0000
 0.0002  0.0000  0.0001  0.0000  0.0000  0.0003  0.0001  0.0000  1.0000  0.0001  0.0121  0.0308  0.0000  0.0000  0.0000  0.0001  0.0001  0.0002  0.1351  0.0000  0.0000  0.0001  0.0000  0.0000  0.0000
 0.0000  0.0000  0.0000  0.0000  0.0000  0.0000  0.0000  0.0000  0.0000  1.0000  0.0000  0.0000  0.0000  0.0000  0.0000  0.0000  0.0000  0.0000  0.0000  0.0000  0.0000  0.0000  0.0000  0.0000  0.0000
 0.0000  0.0000  0.0000  0.0000  0.0000  0.0000  0.0000  0.0000  0.0000  0.0000  0.0000  0.0000  0.0000  1.0000  0.0000  0.0000  0.0000  0.0000  0.0000  0.0000  0.0000  0.0000  0.0000  0.0000  0.0000
 0.0004  0.0000  0.0001  1.0000  0.0223  0.0001  0.0005  0.0002  0.0001  0.0004  0.0002  0.0000  0.0004  0.0004  0.0005  0.0002  0.0003  0.0002  0.0001  0.0001  0.0000  0.0001  0.0000  0.0000  0.0000
 0.0000  0.0000  0.0000  0.0000  0.0000  0.0000  0.0000  0.0000  0.0000  0.0000  0.0000  0.0000  1.0000  0.0000  0.0000  0.0000  0.0000  0.0000  0.0000  0.0000  0.0000  0.0000  0.0000  0.0000  0.0000
 0.0000  0.0000  0.0000  0.0000  0.0000  1.0000  0.0000  0.0000  0.0000  0.0000  0.0000  0.0000  0.0000  0.0000  0.0000  0.0000  0.0000  0.0000  0.0000  0.0000  0.0000  0.0000  0.0000  0.0000  0.0000
 0.0002  0.0000  0.0001  0.0000  0.0001  0.0005  0.0000  0.0000  0.0010  0.0001  1.0000  0.0070  0.0000  0.0001  0.0001  0.0001  0.0001  0.0001  0.0005  0.0001  0.0000  0.0001  0.0000  0.0000  0.0000
 0.0004  0.0000  0.0001  0.0000  0.0001  0.0009  0.0001  0.0001  0.2506  0.0001  0.0291  1.0000  0.0001  0.0002  0.0002  0.0001  0.0001  0.0002  0.0133  0.0001  0.0000  0.0001  0.0000  0.0000  0.0000
 0.0006  0.0000  0.0001  0.0005  0.0004  0.0002  1.0000  0.0002  0.0002  0.0166  0.0004  0.0001  0.0003  0.0009  0.0003  0.0004  0.0005  0.0003  0.0002  0.0002  0.0000  0.0001  0.0000  0.0000  0.0000
 0.0335  0.0000  0.0127  0.0040  0.0052  0.0202  0.0487  0.0068  0.7022  0.0066  1.0000  0.0256  0.0274  0.0041  0.0051  0.3475  0.0086  0.1604  0.2221  0.0036  0.0000  0.0161  0.0000  0.0000  0.0000
 0.0306  0.0000  0.0005  0.0004  0.0005  0.0002  1.0000  0.0001  0.0002  0.0005  0.0005  0.0002  0.0003  0.0894  0.0003  0.0004  0.0027  0.0119  0.0009  0.0001  0.0000  0.0001  0.0000  0.0000  0.0000
 0.0061  0.0000  0.0057  0.0010  0.0033  0.0006  0.1219  0.0020  0.0011  0.9995  0.0025  0.0009  0.0026  0.0458  0.0053  1.0000  0.0239  0.0030  0.0018  0.0004  0.0000  0.0011  0.0000  0.0000  0.0000
 0.0917  0.0000  0.0009  0.0028  0.0123  0.0017  0.0153  0.4647  0.0036  1.0000  0.0084  0.0028  0.1052  0.0067  0.1053  0.8020  0.0449  0.0926  0.0048  0.0013  0.0000  0.0037  0.0000  0.0000  0.0000
 1.0000  0.0000  0.4590  0.0110  0.0282  0.0183  0.9019  0.0148  0.0213  0.0586  0.0513  0.0602  0.0123  0.0078  0.0908  0.0137  0.1161  0.0229  0.0759  0.0603  0.0000  0.0258  0.0000  0.0000  0.0000
 0.0098  0.0000  0.0002  0.0058  0.0010  0.0001  0.0118  0.0810  0.0001  0.0268  0.0002  0.0001  1.0000  0.0006  0.0068  0.0005  0.1143  0.0489  0.0001  0.0001  0.0000  0.0004  0.0000  0.0000  0.0000
 0.1694  0.0000  0.0253  0.0440  0.1720  0.0564  0.0906  0.1794  0.1530  1.0000  0.4150  0.0536  0.1206  0.1000  0.9226  0.6362  0.1169  0.2929  0.3147  0.0248  0.0000  0.0901  0.0000  0.0000  0.0000
 0.0053  0.0000  0.0001  0.0001  0.0001  0.0004  0.0001  0.0000  0.2135  0.0001  0.2581  0.0005  0.0001  0.0001  0.0001  0.0001  0.0001  0.0004  1.0000  0.0001  0.0000  0.0002  0.0000  0.0000  0.0000
 0.0112  0.0000  0.0033  0.0249  0.0098  0.3895  0.0197  0.3596  0.0053  0.0101  0.0087  0.0030  0.2878  0.0064  0.0079  0.0075  0.0256  0.0458  0.0070  0.0027  0.0000  1.0000  0.0000  0.0000  0.0000
 0.0649  0.0000  0.0178  0.0002  0.0004  0.0014  0.0003  0.0001  1.0000  0.0005  0.5551  0.1046  0.0003  0.0005  0.0003  0.0004  0.0005  0.0019  0.7649  0.0002  0.0000  0.0005  0.0000  0.0000  0.0000
 0.0002  0.0000  0.0001  0.0000  0.0000  0.0002  0.0001  0.0000  1.0000  0.0001  0.0011  0.0002  0.0000  0.0000  0.0000  0.0001  0.0001  0.0002  0.1406  0.0000  0.0000  0.0001  0.0000  0.0000  0.0000
 0.0000  0.0000  0.0000  1.0000  0.0000  0.0000  0.0000  0.0000  0.0000  0.0000  0.0000  0.0000  0.0000  0.0000  0.0000  0.0000  0.0000  0.0000  0.0000  0.0000  0.0000  0.0000  0.0000  0.0000  0.0000
 0.0001  0.0000  0.0001  0.0000  0.0000  1.0000  0.0000  0.0000  0.0003  0.0000  0.0048  0.0001  0.0000  0.0001  0.0000  0.0000  0.0001  0.0001  0.0003  0.0007  0.0000  0.1073  0.0000  0.0000  0.0000
 0.0010  0.0000  0.0003  0.0004  0.0003  0.0002  1.0000  0.0002  0.0002  0.0002  0.0003  0.0001  0.0002  0.0006  0.0002  0.0003  0.0005  0.0003  0.0031  0.0002  0.0000  0.0002  0.0000  0.0000  0.0000
 0.0002  0.0000  0.0001  0.0000  0.0001  0.0007  0.0001  0.0000  0.0012  0.0001  1.0000  0.0851  0.0001  0.0035  0.0001  0.0001  0.0001  0.0001  0.0007  0.0001  0.0000  0.0001  0.0000  0.0000  0.0000
 1.0000  0.0000  0.0002  0.0002  0.0002  0.0001  0.0228  0.0000  0.0001  0.0002  0.0002  0.0001  0.0001  0.0005  0.0001  0.0002  0.0351  0.0004  0.0004  0.0000  0.0000  0.0001  0.0000  0.0000  0.0000
 0.0003  0.0000  0.0000  0.0001  0.0004  0.0001  0.0004  0.0002  0.0001  1.0000  0.0003  0.0001  0.0003  0.0003  0.0006  0.0152  0.0002  0.0003  0.0002  0.0001  0.0000  0.0001  0.0000  0.0000  0.0000
 0.0005  0.0000  0.0000  0.0001  0.0264  0.0001  0.0003  0.0128  0.0002  1.0000  0.0005  0.0002  0.0005  0.0004  0.0881  0.1573  0.0004  0.0005  0.0003  0.0001  0.0000  0.0002  0.0000  0.0000  0.0000
 0.0001  0.0000  0.0001  0.0000  0.0000  0.1222  0.0000  0.0000  0.0003  0.0000  0.0007  0.0001  0.0000  0.0001  0.0000  0.0000  0.0001  0.0001  0.0003  0.0007  0.0000  1.0000  0.0000  0.0000  0.0000
 0.0004  0.0000  0.0000  0.0001  0.0006  0.0052  0.0003  0.0004  0.0165  0.0371  0.0004  0.0001  0.0004  0.0003  0.0066  1.0000  0.0003  0.0004  0.0002  0.0001  0.0000  0.0002  0.0000  0.0000  0.0000
 0.0004  0.0000  0.0043  1.0000  0.0003  0.0003  0.0012  0.0003  0.0002  0.0001  0.0003  0.0001  0.0004  0.0004  0.0002  0.0003  0.0002  0.0003  0.0004  0.0002  0.0000  0.0004  0.0000  0.0000  0.0000
 0.4061  0.0000  0.0272  0.0323  0.0422  0.2454  0.0578  0.0966  0.0599  0.0452  0.3812  0.0478  0.2338  1.0000  0.0452  0.0531  0.5095  0.1524  0.1013  0.0279  0.0000  0.1505  0.0000  0.0000  0.0000
 0.0295  0.0000  0.0142  0.0102  0.0593  0.0008  0.0135  0.0970  0.0031  0.8461  0.0050  0.0018  0.1623  0.0045  0.3062  1.0000  0.1691  0.1587  0.0183  0.0003  0.0000  0.0007  0.0000  0.0000  0.0000
 0.0007  0.0000  0.0001  0.0003  0.0002  0.0001  0.0002  0.0001  0.0002  0.0045  0.0002  0.0001  0.0140  0.0004  0.0002  0.0071  0.1134  1.0000  0.0003  0.0000  0.0000  0.0001  0.0000  0.0000  0.0000
 0.0243  0.0000  0.0028  0.0034  0.0059  0.0144  0.0644  1.0000  0.0066  0.2156  0.0480  0.0123  0.1213  0.0041  0.0515  0.2586  0.0071  0.0073  0.0084  0.0030  0.0000  0.0455  0.0000  0.0000  0.0000
 0.1763  0.0000  0.0279  0.0398  0.0556  0.2414  0.0558  0.1274  0.0946  0.3052  0.2313  0.0530  0.0734  0.0352  1.0000  0.3063  0.0765  0.1384  0.1545  0.0286  0.0000  0.1545  0.0000  0.0000  0.0000
 0.0005  0.0000  0.0002  0.0006  0.0003  0.0002  0.0012  1.0000  0.0002  0.0004  0.0004  0.0001  0.0004  0.0007  0.0002  0.0004  0.0069  0.0003  0.0002  0.0002  0.0000  0.0002  0.0000  0.0000  0.0000
 0.0002  0.0000  0.0002  0.0002  0.0001  0.0017  0.0004  0.0001  1.0000  0.0001  0.0006  0.0001  0.0001  0.0002  0.0001  0.0001  0.0001  0.0002  0.0004  0.0004  0.0000  0.0080  0.0000  0.0000  0.0000
 0.0126  0.0000  0.0105  0.0004  0.0065  0.0006  0.0117  0.0004  0.0031  0.0006  0.0120  0.0043  0.0005  1.0000  0.0048  0.0005  0.0542  0.0041  0.0172  0.0002  0.0000  0.0008  0.0000  0.0000  0.0000
 0.0004  0.0000  0.0005  0.0005  0.0003  0.0060  0.0011  0.0207  0.0003  0.0002  0.0005  0.0001  0.0004  0.0004  0.0002  0.0004  0.0002  0.0003  0.0003  0.0003  0.0000  1.0000  0.0000  0.0000  0.0000
 0.0003  0.0000  0.0000  0.0001  0.0004  0.0001  0.0003  0.0003  0.0001  0.1004  0.0003  0.0001  0.0003  0.0003  0.0007  1.0000  0.0003  0.0003  0.0002  0.0001  0.0000  0.0001  0.0000  0.0000  0.0000
 0.0005  0.0000  0.0000  0.0265  1.0000  0.0001  0.0003  0.0001  0.0001  0.0005  0.0001  0.0000  0.0003  0.0003  0.0007  0.0001  0.0212  0.0002  0.0001  0.0000  0.0000  0.0001  0.0000  0.0000  0.0000
 0.0027  0.0000  0.0007  0.2542  0.0249  0.0006  0.1811  0.0383  0.0003  0.0245  0.0006  0.0002  1.0000  0.0022  0.0027  0.1262  0.0075  0.0029  0.0005  0.0003  0.0000  0.0015  0.0000  0.0000  0.0000
 0.0000  0.0000  0.0000  0.0000  0.0000  0.0000  0.0000  0.0000  0.0000  1.0000  0.0000  0.0000  0.0000  0.0000  0.0000  0.0000  0.0000  0.0000  0.0000  0.0000  0.0000  0.0000  0.0000  0.0000  0.0000
 0.0006  0.0000  0.0001  0.0028  0.0008  0.0001  0.0020  0.0088  0.0001  0.0009  0.0001  0.0001  1.0000  0.0005  0.0006  0.0182  0.2776  0.0007  0.0001  0.0001  0.0000  0.0003  0.0000  0.0000  0.0000
 0.0002  0.0000  0.0001  0.0000  0.0001  0.0212  0.0001  0.0000  0.0010  0.0001  1.0000  0.0006  0.0000  0.0001  0.0001  0.0001  0.0001  0.0001  0.0005  0.0001  0.0000  0.0004  0.0000  0.0000  0.0000
 0.0008  0.0000  0.0002  0.0003  0.0002  0.0001  0.0002  0.0001  0.0357  0.0003  0.0003  0.0001  0.0006  0.0004  0.0002  0.0002  0.0909  1.0000  0.0161  0.0001  0.0000  0.0001  0.0000  0.0000  0.0000
 0.0000  0.0000  0.0000  0.0000  0.0000  0.0000  1.0000  0.0000  0.0000  0.0000  0.0000  0.0000  0.0000  0.0000  0.0000  0.0000  0.0000  0.0000  0.0000  0.0000  0.0000  0.0000  0.0000  0.0000  0.0000
 0.0036  0.0000  0.0002  0.0002  0.0002  0.0001  0.0006  0.0001  0.0001  0.0002  0.0002  0.0001  0.0003  0.0004  0.0002  0.0002  0.0011  1.0000  0.0003  0.0001  0.0000  0.0001  0.0000  0.0000  0.0000
 1.0000  0.0000  0.0003  0.0002  0.0002  0.0001  0.0015  0.0000  0.0002  0.0003  0.0003  0.0001  0.0002  0.0409  0.0002  0.0002  0.0014  0.0005  0.0071  0.0000  0.0000  0.0001  0.0000  0.0000  0.0000
 0.0162  0.0000  0.0003  0.0003  0.0004  0.0208  0.0013  0.0002  0.0002  0.0010  0.0005  0.0002  0.0003  0.0007  0.0004  1.0000  0.0011  0.0005  0.0004  0.0001  0.0000  0.0002  0.0000  0.0000  0.0000
 0.0003  0.0000  0.0208  0.0003  0.0002  0.0021  0.0008  0.0002  0.0003  0.0000  0.0007  0.0002  0.0002  0.0002  0.0001  0.0002  0.0002  0.0003  0.0004  0.0006  0.0000  1.0000  0.0000  0.0000  0.0000
 1.0000  0.0000  0.0467  0.0005  0.0006  0.0003  0.0036  0.0001  0.0007  0.0007  0.0009  0.1094  0.0005  0.0017  0.0005  0.0005  0.0035  0.0237  0.0019  0.0001  0.0000  0.0002  0.0000  0.0000  0.0000
 0.0000  0.0000  0.0000  0.0000  0.0000  0.0000  0.0000  0.0000  0.0000  0.0000  0.0000  0.0000  0.0000  0.0000  0.0000  0.0000  1.0000  0.0000  0.0000  0.0000  0.0000  0.0000  0.0000  0.0000  0.0000
 0.0007  0.0000  0.0771  0.0001  0.0002  0.0005  0.0002  0.0000  1.0000  0.0002  0.0621  0.0552  0.0001  0.0002  0.0001  0.0078  0.0002  0.0086  0.2858  0.0001  0.0000  0.0002  0.0000  0.0000  0.0000
 0.0007  0.0000  0.0001  0.0012  0.0004  0.0001  0.0011  0.0003  0.0001  0.0004  0.0057  0.0001  1.0000  0.0003  0.0003  0.0002  0.0412  0.0006  0.0001  0.0000  0.0000  0.0001  0.0000  0.0000  0.0000
 0.2951  0.0000  0.0003  0.0004  0.0003  0.0001  0.0010  0.0001  0.0003  0.0004  0.0003  0.0002  0.0006  0.0007  0.0003  0.0003  0.0150  1.0000  0.0005  0.0001  0.0000  0.0001  0.0000  0.0000  0.0000
 0.0000  0.0000  0.0000  0.0000  0.0000  0.0000  0.0000  1.0000  0.0000  0.0000  0.0000  0.0000  0.0000  0.0000  0.0000  0.0000  0.0000  0.0000  0.0000  0.0000  0.0000  0.0000  0.0000  0.0000  0.0000
 0.0003  0.0000  0.0001  0.0000  0.0001  0.0008  0.0001  0.0001  0.0444  0.0001  1.0000  0.0100  0.0001  0.0001  0.0135  0.0108  0.0001  0.0002  0.0232  0.0001  0.0000  0.0001  0.0000  0.0000  0.0000
 0.0000  0.0000  0.0000  0.0000  0.0000  0.0000  1.0000  0.0000  0.0000  0.0000  0.0000  0.0000  0.0000  0.0000  0.0000  0.0000  0.0000  0.0000  0.0000  0.0000  0.0000  0.0000  0.0000  0.0000  0.0000
 0.0017  0.0000  0.0004  0.0002  0.0007  0.0009  0.0005  0.0003  1.0000  0.0233  0.0051  0.0010  0.0005  0.0005  0.0008  0.1087  0.0261  0.0016  0.2477  0.0002  0.0000  0.0005  0.0000  0.0000  0.0000
 0.0004  0.0000  0.0002  0.0007  1.0000  0.0002  0.0050  0.0002  0.0002  0.0004  0.0003  0.0001  0.0003  0.0007  0.0003  0.0004  0.0003  0.0003  0.0002  0.0002  0.0000  0.0002  0.0000  0.0000  0.0000
 0.0004  0.0000  0.0002  0.0005  0.0003  0.0002  0.0052  0.0002  0.0002  0.0004  0.0004  0.0001  0.0003  0.0008  1.0000  0.0004  0.0003  0.0003  0.0002  0.0002  0.0000  0.0002  0.0000  0.0000  0.0000
 0.0271  0.0000  0.0002  0.0002  0.0002  0.0001  0.0223  0.0000  0.0001  0.0002  0.0002  0.0001  0.0002  0.0006  0.0002  0.0002  1.0000  0.0004  0.0004  0.0000  0.0000  0.0001  0.0000  0.0000  0.0000
 0.0004  0.0000  0.0046  0.0005  0.0003  0.0003  0.0012  0.0003  0.0003  0.0001  0.0004  0.0001  0.0003  0.0004  0.0002  1.0000  0.0002  0.0003  0.0004  0.0003  0.0000  0.0004  0.0000  0.0000  0.0000
 0.0000  0.0000  0.0000  0.0000  0.0000  0.0000  0.0000  0.0000  0.0000  0.0000  0.0000  0.0000  0.0000  0.0000  0.0000  1.0000  0.0000  0.0000  0.0000  0.0000  0.0000  0.0000  0.0000  0.0000  0.0000
 0.0000  0.0000  0.0000  1.0000  0.0000  0.0000  0.0000  0.0000  0.0000  0.0000  0.0000  0.0000  0.0000  0.0000  0.0000  0.0000  0.0000  0.0000  0.0000  0.0000  0.0000  0.0000  0.0000  0.0000  0.0000
 0.0000  0.0000  0.0000  1.0000  0.0000  0.0000  0.0000  0.0000  0.0000  0.0000  0.0000  0.0000  0.0000  0.0000  0.0000  0.0000  0.0000  0.0000  0.0000  0.0000  0.0000  0.0000  0.0000  0.0000  0.0000
 0.0004  0.0000  0.0001  0.0001  0.0001  0.0012  0.0001  0.0001  0.0938  0.0001  1.0000  0.4186  0.0001  0.0002  0.0002  0.0001  0.0001  0.0003  0.0012  0.0001  0.0000  0.0001  0.0000  0.0000  0.0000
 0.0005  0.0000  0.0002  0.0009  1.0000  0.0002  0.0007  0.0002  0.0002  0.0004  0.0003  0.0001  0.0002  0.0005  0.0004  0.0003  0.0003  0.0003  0.0059  0.0001  0.0000  0.0002  0.0000  0.0000  0.0000
 0.2329  0.0000  0.0005  0.0004  0.0004  0.0002  0.0528  0.0001  0.0002  0.0005  0.0005  0.0002  0.0003  0.0012  0.0003  0.0003  1.0000  0.0008  0.0008  0.0001  0.0000  0.0001  0.0000  0.0000  0.0000
 0.0003  0.0000  0.0001  0.0000  0.0001  0.0008  0.0001  0.0001  0.1183  0.0001  1.0000  0.0105  0.0001  0.0001  0.0001  0.0001  0.0001  0.0002  0.0446  0.0001  0.0000  0.0001  0.0000  0.0000  0.0000
 0.0242  0.0000  0.0002  0.0002  0.0002  0.0001  1.0000  0.0001  0.0001  0.0002  0.0002  0.0001  0.0001  0.0005  0.0001  0.0002  0.0009  0.0003  0.0003  0.0000  0.0000  0.0001  0.0000  0.0000  0.0000
 0.0005  0.0000  0.0006  0.0007  0.0004  0.0095  0.0015  0.1071  0.0004  0.0003  0.0007  0.0002  0.0005  0.0006  0.0003  0.0005  0.0003  0.0004  0.0005  0.0003  0.0000  1.0000  0.0000  0.0000  0.0000
 0.0002  0.0000  0.0001  0.0000  0.0000  0.0003  0.0001  0.0000  0.0822  0.0001  0.0229  0.0280  0.0000  0.0000  0.0000  0.0001  0.0001  0.0002  1.0000  0.0000  0.0000  0.0001  0.0000  0.0000  0.0000
 0.0005  0.0000  0.0001  0.0001  0.0001  0.1591  0.0001  0.0001  0.0067  0.0002  1.0000  0.1371  0.0001  0.0002  0.0002  0.0002  0.0001  0.0003  0.0013  0.0002  0.0000  0.0066  0.0000  0.0000  0.0000
 0.0004  0.0000  0.0001  0.0000  0.0001  0.0010  0.0001  0.0001  0.0953  0.0001  0.2299  1.0000  0.0001  0.0002  0.0002  0.0001  0.0001  0.0002  0.0151  0.0001  0.0000  0.0001  0.0000  0.0000  0.0000
 0.0000  0.0000  0.0000  0.0000  0.0000  0.0000  0.0000  0.0000  0.0000  0.0000  0.0000  0.0000  0.0000  0.0000  0.0000  0.0000  0.0000  0.0000  0.0000  0.0000  0.0000  1.0000  0.0000  0.0000  0.0000
 0.0000  0.0000  0.0000  0.0000  0.0000  1.0000  0.0000  0.0000  0.0000  0.0000  0.0000  0.0000  0.0000  0.0000  0.0000  0.0000  0.0000  0.0000  0.0000  0.0000  0.0000  0.0000  0.0000  0.0000  0.0000
 0.0959  0.0000  0.0660  0.0134  0.0215  0.1515  0.0160  0.0137  0.3128  0.0278  1.0000  0.1953  0.1255  0.0354  0.0354  0.0242  0.0624  0.1063  0.2177  0.0186  0.0000  0.0210  0.0000  0.0000  0.0000
 0.0010  0.0000  0.0001  0.0002  0.0013  0.0002  0.0007  0.0090  0.0004  0.1002  0.0969  0.0003  0.0009  0.0008  0.0023  1.0000  0.0008  0.0010  0.0006  0.0002  0.0000  0.0004  0.0000  0.0000  0.0000
 0.0025  0.0000  0.0003  0.0004  0.0003  0.0001  1.0000  0.0001  0.0001  0.0003  0.0003  0.0001  0.0004  0.0007  0.0002  0.0002  0.0275  0.0623  0.0004  0.0000  0.0000  0.0001  0.0000  0.0000  0.0000
 0.0530  0.0000  0.0204  0.0013  0.0011  0.0011  0.0885  0.0010  0.0012  0.0014  0.0108  0.0007  0.0085  0.0018  0.0130  0.0011  1.0000  0.0979  0.0502  0.0004  0.0000  0.0130  0.0000  0.0000  0.0000
 0.0000  0.0000  0.0000  0.0000  0.0000  0.0000  0.0000  0.0000  0.0000  0.0000  1.0000  0.0000  0.0000  0.0000  0.0000  0.0000  0.0000  0.0000  0.0000  0.0000  0.0000  0.0000  0.0000  0.0000  0.0000
 0.0000  0.0000  0.0000  0.0000  0.0000  0.0000  0.0000  0.0000  0.0000  0.0000  0.0000  0.0000  0.0000  1.0000  0.0000  0.0000  0.0000  0.0000  0.0000  0.0000  0.0000  0.0000  0.0000  0.0000  0.0000
 0.0000  0.0000  0.0000  0.0000  0.0000  0.0000  0.0000  0.0000  0.0000  0.0000  0.0000  0.0000  0.0000  0.0000  0.0000  0.0000  0.0000  0.0000  0.0000  1.0000  0.0000  0.0000  0.0000  0.0000  0.0000
 0.0003  0.0000  0.0000  0.0004  0.0004  0.0001  0.0009  0.0002  0.0001  0.0148  0.0004  0.0001  0.0003  0.0007  1.0000  0.0008  0.0003  0.0003  0.0002  0.0001  0.0000  0.0001  0.0000  0.0000  0.0000
 0.0000  0.0000  0.0000  0.0000  0.0000  0.0000  1.0000  0.0000  0.0000  0.0000  0.0000  0.0000  0.0000  0.0000  0.0000  0.0000  0.0000  0.0000  0.0000  0.0000  0.0000  0.0000  0.0000  0.0000  0.0000
 0.0002  0.0000  0.0001  0.0000  0.0001  0.0007  0.0000  0.0001  0.0571  0.0001  1.0000  0.0495  0.0001  0.0001  0.0001  0.0001  0.0001  0.0001  0.0007  0.0001  0.0000  0.0001  0.0000  0.0000  0.0000
 0.0003  0.0000  0.0000  0.0001  0.0004  0.0001  0.0002  0.0003  0.0001  1.0000  0.0003  0.0001  0.0003  0.0073  0.0225  0.0500  0.0003  0.0003  0.0002  0.0001  0.0000  0.0001  0.0000  0.0000  0.0000
 1.0000  0.0000  0.0002  0.0002  0.0002  0.0001  0.0011  0.0000  0.0001  0.0002  0.0002  0.0001  0.0001  0.0005  0.0001  0.0001  0.0150  0.0100  0.0003  0.0000  0.0000  0.0001  0.0000  0.0000  0.0000
 1.0000  0.0000  0.0128  0.0680  0.0428  0.0496  0.4469  0.1132  0.0817  0.0271  0.0671  0.0294  0.2056  0.0163  0.0362  0.0372  0.0334  0.2164  0.1158  0.0131  0.0000  0.0960  0.0000  0.0000  0.0000
 0.0009  0.0000  0.0002  0.0257  0.0004  0.0001  0.0006  0.0002  0.0002  0.0005  0.0002  0.0001  0.1137  0.0005  0.0004  0.0003  0.0538  1.0000  0.0004  0.0001  0.0000  0.0002  0.0000  0.0000  0.0000
 0.0007  0.0000  0.0001  0.0002  0.0008  0.0006  0.0005  0.0005  0.0011  1.0000  0.0432  0.0113  0.0889  0.0005  0.0013  0.0031  0.0005  0.0007  0.0008  0.0001  0.0000  0.0003  0.0000  0.0000  0.0000
 0.0090  0.0000  0.0001  0.0001  0.0243  0.0001  0.0005  0.0006  0.0003  1.0000  0.0007  0.0002  0.0068  0.0005  0.1683  0.2789  0.0005  0.0007  0.0004  0.0001  0.0000  0.0003  0.0000  0.0000  0.0000
 0.0009  0.0000  0.0000  0.0723  0.1478  0.0001  0.0003  0.0002  0.0001  0.0009  0.0002  0.0001  0.0004  0.0005  1.0000  0.0002  0.0005  0.0004  0.0002  0.0000  0.0000  0.0001  0.0000  0.0000  0.0000
 0.0003  0.0000  0.0000  0.0001  0.0005  0.0001  0.0003  0.0003  0.0142  1.0000  0.0003  0.0001  0.0003  0.0003  0.0008  0.0178  0.0003  0.0004  0.0002  0.0001  0.0000  0.0002  0.0000  0.0000  0.0000
 0.0002  0.0000  0.0205  0.0000  0.0000  0.0079  0.0000  0.0000  0.0003  0.0000  0.0008  0.0002  0.0000  0.0001  0.0000  0.0000  0.0001  0.0001  0.0003  0.0008  0.0000  1.0000  0.0000  0.0000  0.0000
 0.0258  0.0000  0.0001  0.7501  1.0000  0.0003  0.0015  0.0650  0.0004  0.0035  0.0008  0.0003  0.0427  0.0021  0.0656  0.0010  0.0358  0.0016  0.0136  0.0002  0.0000  0.0005  0.0000  0.0000  0.0000
 0.0118  0.0000  0.0001  0.0002  0.0013  0.0002  0.0076  0.0008  0.0049  1.0000  0.0262  0.0003  0.0009  0.0007  0.0021  0.6239  0.0008  0.0010  0.0005  0.0001  0.0000  0.0004  0.0000  0.0000  0.0000
 0.0000  0.0000  0.0000  0.0000  0.0000  0.0000  0.0000  0.0000  1.0000  0.0000  0.0000  0.0000  0.0000  0.0000  0.0000  0.0000  0.0000  0.0000  0.0000  0.0000  0.0000  0.0000  0.0000  0.0000  0.0000
 0.3798  0.0000  0.1328  0.0320  0.0334  0.0143  0.3328  0.0079  0.0168  0.0383  0.0563  0.3441  0.0504  0.0893  0.0259  0.0503  1.0000  0.0788  0.0593  0.0053  0.0000  0.0119  0.0000  0.0000  0.0000
 0.0006  0.0000  0.0000  0.0887  1.0000  0.0001  0.0002  0.0001  0.0001  0.0078  0.0001  0.0001  0.0003  0.0004  0.0008  0.0002  0.0074  0.0003  0.0001  0.0000  0.0000  0.0001  0.0000  0.0000  0.0000
 0.0007  0.0000  0.0077  0.0001  0.0007  0.0001  0.0004  0.0005  0.0003  1.0000  0.0005  0.0234  0.0006  0.0005  0.0012  0.0877  0.0116  0.0373  0.0004  0.0001  0.0000  0.0002  0.0000  0.0000  0.0000
 0.0000  0.0000  0.0000  0.0000  0.0000  0.0000  0.0000  0.0000  0.0000  1.0000  0.0000  0.0000  0.0000  0.0000  0.0000  0.0000  0.0000  0.0000  0.0000  0.0000  0.0000  0.0000  0.0000  0.0000  0.0000
 0.0300  0.0000  0.0129  0.0004  0.0012  0.0011  0.0000  0.0003  0.2327  0.0012  0.1698  1.0000  0.0006  0.0016  0.2020  0.0472  0.0011  0.0100  0.1666  0.0002  0.0000  0.0003  0.0000  0.0000  0.0000
 0.1634  0.0000  0.0394  0.0055  0.0033  0.0014  0.0293  0.0118  0.0033  0.0048  0.1682  0.0017  0.0555  0.0058  0.0317  0.0030  1.0000  0.4788  0.0053  0.0008  0.0000  0.0017  0.0000  0.0000  0.0000
 0.0008  0.0000  0.0002  0.0002  0.0002  0.0001  0.0002  0.0001  0.0305  0.0003  0.0004  0.0001  0.0004  0.0003  0.0002  0.0002  0.0087  1.0000  0.0157  0.0000  0.0000  0.0001  0.0000  0.0000  0.0000
 0.0534  0.0000  0.0003  0.0082  0.0004  0.0001  0.0005  0.0002  0.0004  0.0100  0.0003  0.0002  0.0078  1.0000  0.0004  0.0140  0.2790  0.0261  0.0093  0.0001  0.0000  0.0002  0.0000  0.0000  0.0000
 0.0354  0.0000  0.0007  0.0003  0.0006  0.0253  0.0004  0.0001  1.0000  0.0007  0.0700  0.0015  0.0353  0.0006  0.0004  0.0005  0.0007  0.2447  0.8850  0.0002  0.0000  0.0006  0.0000  0.0000  0.0000
 0.0011  0.0000  0.0000  0.1103  1.0000  0.0001  0.0050  0.0003  0.0001  0.0852  0.0002  0.0001  0.0120  0.0007  0.0134  0.0003  0.0006  0.0005  0.0209  0.0000  0.0000  0.0001  0.0000  0.0000  0.0000
 0.1499  0.0000  0.0031  0.0966  0.1160  0.0240  0.0113  0.0156  0.0576  0.0334  0.0754  0.0175  0.0134  0.0078  0.0491  0.0144  0.0462  0.1665  1.0000  0.0024  0.0000  0.0117  0.0000  0.0000  0.0000
 0.0000  0.0000  0.0000  0.0000  0.0000  0.0000  0.0000  0.0000  0.0000  0.0000  1.0000  0.0000  0.0000  0.0000  0.0000  0.0000  0.0000  0.0000  0.0000  0.0000  0.0000  0.0000  0.0000  0.0000  0.0000
 0.0014  0.0000  1.0000  0.0002  0.0002  0.0001  0.0007  0.0001  0.0001  0.0002  0.0002  0.0001  0.0003  0.0004  0.0002  0.0002  0.0038  0.0370  0.0003  0.0000  0.0000  0.0001  0.0000  0.0000  0.0000
 0.0469  0.0000  0.0002  0.0520  0.1402  0.0002  0.0014  0.0005  0.0007  1.0000  0.0011  0.0004  0.0168  0.0011  0.0266  0.3204  0.0224  0.0021  0.0062  0.0001  0.0000  0.0002  0.0000  0.0000  0.0000
 0.0089  0.0000  0.0002  0.0035  0.0010  0.0002  1.0000  0.0211  0.0001  0.0010  0.0002  0.0001  0.1152  0.0006  0.0163  0.0005  0.2154  0.0052  0.0002  0.0001  0.0000  0.0004  0.0000  0.0000  0.0000
 0.0394  0.0000  0.0499  0.0033  0.0043  1.0000  0.0053  0.2190  0.0063  0.0046  0.2839  0.0035  0.0049  0.0033  0.0188  0.0055  0.0838  0.0147  0.0080  0.0029  0.0000  0.8816  0.0000  0.0000  0.0000
 0.0093  0.0000  0.0002  0.0002  0.0002  0.0001  0.0012  0.0000  0.0001  0.0002  0.0002  0.0001  0.0001  1.0000  0.0001  0.0001  0.0293  0.0004  0.0003  0.0000  0.0000  0.0001  0.0000  0.0000  0.0000
 0.8501  0.0000  0.0392  0.2453  0.6856  0.1587  0.1574  0.0573  0.2237  0.3922  0.1606  0.0903  0.4121  0.2208  0.2480  0.1998  1.0000  0.3696  0.3008  0.0085  0.0000  0.0253  0.0000  0.0000  0.0000
 0.0144  0.0000  0.0000  0.0014  1.0000  0.0000  0.0002  0.0001  0.0001  0.0005  0.0001  0.0000  0.0002  0.0003  0.0115  0.0001  0.0003  0.0002  0.0001  0.0000  0.0000  0.0001  0.0000  0.0000  0.0000
 0.0001  0.0000  0.0001  0.0000  0.0000  1.0000  0.0000  0.0000  0.0004  0.0000  0.0061  0.0265  0.0000  0.0001  0.0000  0.0000  0.0001  0.0001  0.0003  0.0078  0.0000  0.0023  0.0000  0.0000  0.0000
 1.0000  0.0000  0.0025  0.0162  0.0255  0.0061  0.0831  0.0247  0.1264  0.0239  0.0444  0.0041  0.0860  0.0279  0.0953  0.0449  0.2898  0.1812  0.2547  0.0017  0.0000  0.0080  0.0000  0.0000  0.0000
 0.2487  0.0000  0.0040  0.0924  0.2263  0.0038  0.0287  0.0092  0.3738  0.2287  0.0422  0.6625  0.1091  0.0207  0.1099  0.0518  0.9457  1.0000  0.1209  0.0013  0.0000  0.0029  0.0000  0.0000  0.0000
 0.0001  0.0000  0.0001  0.0000  0.0000  0.0769  0.0000  0.0000  0.0003  0.0000  0.0007  0.0001  0.0000  0.0000  0.0000  0.0000  0.0001  0.0001  0.0003  0.0006  0.0000  1.0000  0.0000  0.0000  0.0000
 0.0011  0.0000  0.0003  0.0001  0.0003  0.4101  0.0002  0.0002  0.0305  0.0004  1.0000  0.1343  0.0003  0.0053  0.0005  0.0004  0.0003  0.0082  0.0029  0.0003  0.0000  0.0004  0.0000  0.0000  0.0000
 0.0356  0.0000  0.0312  0.0097  0.0433  0.0011  0.0063  0.4853  0.0032  0.0902  0.0373  0.0019  1.0000  0.0046  0.0512  0.0667  0.0817  0.0906  0.0048  0.0004  0.0000  0.0012  0.0000  0.0000  0.0000
 0.0007  0.0000  0.0106  0.0003  0.0004  0.0847  0.0004  0.0044  0.0082  0.0004  0.0045  0.0003  0.0029  0.0003  0.0004  0.0005  0.0005  0.0005  0.0074  0.0002  0.0000  1.0000  0.0000  0.0000  0.0000
 0.0160  0.0000  1.0000  0.0002  0.0005  0.0003  0.0001  0.0001  0.0190  0.0005  0.0019  0.0006  0.0003  0.0007  0.0004  0.0003  0.0212  0.2089  0.2027  0.0001  0.0000  0.0001  0.0000  0.0000  0.0000
 0.0005  0.0000  0.0000  0.0001  0.0007  0.0001  0.0004  0.0655  0.0002  0.0551  0.0232  0.0002  0.0005  0.0004  0.0012  1.0000  0.0004  0.0005  0.0003  0.0001  0.0000  0.0002  0.0000  0.0000  0.0000
 0.1209  0.0000  0.0145  0.0081  0.0112  0.0190  0.2644  0.0063  0.0053  0.0578  0.0086  0.0030  0.1662  0.0047  0.0791  0.0887  1.0000  0.0723  0.0072  0.0019  0.0000  0.0194  0.0000  0.0000  0.0000
 0.0002  0.0000  0.0001  0.0000  0.0001  0.0006  0.0000  0.0000  0.0010  0.0001  1.0000  0.0263  0.0001  0.0001  0.0001  0.0001  0.0001  0.0001  0.0006  0.0001  0.0000  0.0001  0.0000  0.0000  0.0000
 0.0279  0.0000  0.0007  0.0349  0.0067  0.0007  0.1323  0.0355  0.0011  0.0577  0.0020  0.0007  0.0179  0.0028  0.0088  1.0000  0.0461  0.0752  0.0016  0.0003  0.0000  0.0014  0.0000  0.0000  0.0000
 0.0000  0.0000  0.0000  0.0000  0.0000  1.0000  0.0000  0.0000  0.0000  0.0000  0.0000  0.0000  0.0000  0.0000  0.0000  0.0000  0.0000  0.0000  0.0000  0.0000  0.0000  0.0000  0.0000  0.0000  0.0000
 0.0036  0.0000  0.0001  0.7327  1.0000  0.0282  0.0014  0.0008  0.0005  0.0034  0.0008  0.0003  0.0016  0.0021  0.0044  0.0009  0.0132  0.0446  0.0256  0.0002  0.0000  0.0004  0.0000  0.0000  0.0000
 0.0073  0.0000  0.0000  1.0000  0.5149  0.0001  0.0006  0.0004  0.0002  0.0014  0.0003  0.0001  0.0144  0.0009  0.1275  0.0004  0.0007  0.0006  0.0003  0.0001  0.0000  0.0002  0.0000  0.0000  0.0000
 0.2519  0.0000  0.0009  0.0104  0.0269  0.0009  0.0205  0.0023  0.0032  1.0000  0.0125  0.0019  0.0085  0.0189  0.1009  0.4602  0.0614  0.1953  0.0178  0.0003  0.0000  0.0008  0.0000  0.0000  0.0000
 0.0000  0.0000  0.0000  0.0000  0.0000  0.0000  0.0000  0.0000  0.0000  0.0000  0.0000  0.0000  0.0000  1.0000  0.0000  0.0000  0.0000  0.0000  0.0000  0.0000  0.0000  0.0000  0.0000  0.0000  0.0000
 0.0003  0.0000  0.0001  1.0000  0.0042  0.0001  0.0009  0.0003  0.0000  0.0004  0.0001  0.0000  0.0263  0.0002  0.0003  0.0002  0.0007  0.0003  0.0001  0.0000  0.0000  0.0001  0.0000  0.0000  0.0000
 0.0001  0.0000  0.0001  0.0000  0.0000  0.0094  0.0000  0.0000  0.0002  0.0000  0.0006  0.0001  0.0000  0.0000  0.0000  0.0000  0.0001  0.0001  0.0002  0.0005  0.0000  1.0000  0.0000  0.0000  0.0000
 0.6313  0.0000  0.0601  0.4223  0.3522  0.0179  0.2479  0.0428  0.0921  0.3431  0.2087  0.3769  0.1924  0.1414  0.2365  0.2272  1.0000  0.2856  0.1001  0.0061  0.0000  0.0139  0.0000  0.0000  0.0000
 0.0003  0.0000  0.0001  0.0001  0.0001  0.1287  0.0002  0.0300  0.0011  0.0001  0.0083  0.0007  0.0001  0.0001  0.0002  0.0001  0.0002  0.0002  0.0007  0.0002  0.0000  1.0000  0.0000  0.0000  0.0000
 0.0002  0.0000  0.0001  0.0000  0.0001  0.0077  0.0000  0.0000  0.0084  0.0001  1.0000  0.0008  0.0001  0.0001  0.0001  0.0001  0.0001  0.0001  0.0236  0.0001  0.0000  0.0001  0.0000  0.0000  0.0000
 0.0503  0.0000  0.0001  0.0001  0.0010  0.0002  0.0006  0.0006  0.0003  0.4934  0.0007  0.0002  0.0007  0.0006  0.0017  1.0000  0.0006  0.0008  0.0004  0.0001  0.0000  0.0003  0.0000  0.0000  0.0000
 0.0031  0.0000  0.0003  0.1130  0.0922  0.0005  0.0031  0.0171  0.0009  0.5862  0.0021  0.0007  0.0341  0.0022  0.6815  1.0000  0.0187  0.0028  0.0013  0.0004  0.0000  0.0011  0.0000  0.0000  0.0000
 0.0004  0.0000  0.0001  0.0000  0.0001  0.0009  0.0001  0.0001  0.1508  0.0001  1.0000  0.0312  0.0069  0.0002  0.0002  0.0001  0.0001  0.0064  0.0111  0.0001  0.0000  0.0001  0.0000  0.0000  0.0000
 0.0002  0.0000  0.0001  0.0000  0.0000  1.0000  0.0000  0.0000  0.0005  0.0000  0.0643  0.0075  0.0000  0.0001  0.0000  0.0000  0.0001  0.0001  0.0004  0.0006  0.0000  0.0047  0.0000  0.0000  0.0000
 0.0008  0.0000  0.0001  0.0001  0.0010  0.0002  0.0005  0.0142  0.0003  0.1698  0.0008  0.0003  0.0007  0.0006  0.0018  1.0000  0.0087  0.1135  0.0004  0.0001  0.0000  0.0003  0.0000  0.0000  0.0000
 0.0381  0.0000  0.0027  1.0000  0.1815  0.0025  0.0278  0.0061  0.2993  0.0932  0.0519  0.0118  0.2032  0.0138  0.1169  0.0264  0.0709  0.0684  0.0216  0.0009  0.0000  0.0019  0.0000  0.0000  0.0000
 0.0596  0.0000  0.0001  0.0001  0.0001  0.0088  0.0001  0.0001  0.0022  0.0002  1.0000  0.0152  0.0001  0.0067  0.0002  0.0001  0.0001  0.0003  0.0460  0.0001  0.0000  0.0001  0.0000  0.0000  0.0000
 0.0092  0.0000  0.0003  0.0002  0.0002  1.0000  0.0068  0.0001  0.0005  0.0002  0.1124  0.0003  0.0002  0.0005  0.0002  0.0002  0.0301  0.0004  0.0007  0.0007  0.0000  0.0393  0.0000  0.0000  0.0000
 0.5065  0.0000  0.1754  0.2233  0.2742  0.7220  0.3251  0.6247  0.6255  0.3547  0.6432  0.2286  0.3035  0.2015  0.3051  0.4968  0.4168  0.4301  0.5845  0.1817  0.0000  1.0000  0.0000  0.0000  0.0000
 0.0023  0.0000  0.0004  0.0151  0.0105  0.0004  0.0047  0.0085  0.0006  0.1160  0.0012  0.0004  0.0721  0.0017  0.0033  1.0000  0.0327  0.2652  0.0008  0.0003  0.0000  0.0010  0.0000  0.0000  0.0000
 0.1738  0.0000  0.0220  0.1279  1.0000  0.0106  0.0850  0.0251  0.0384  0.2553  0.4427  0.0594  0.1108  0.0562  0.3225  0.1076  0.1670  0.1834  0.0585  0.0036  0.0000  0.0083  0.0000  0.0000  0.0000
 0.0057  0.0000  0.0003  0.0324  0.0384  0.0003  1.0000  0.0013  0.0002  0.0019  0.0003  0.0001  0.3127  0.0011  0.0067  0.0090  0.1235  0.0014  0.0071  0.0001  0.0000  0.0006  0.0000  0.0000  0.0000
 0.0068  0.0000  0.0085  0.0306  0.1408  0.7598  0.0045  0.3442  0.0164  0.0040  0.0087  0.0030  0.0043  0.0028  0.0040  0.0047  0.0055  0.0053  0.0067  0.0025  0.0000  1.0000  0.0000  0.0000  0.0000
 0.0260  0.0000  0.0189  0.0536  0.1398  0.0019  0.0131  0.1345  0.0065  0.0415  0.0105  0.0304  0.0170  0.0405  1.0000  0.0686  0.1324  0.1518  0.1196  0.0006  0.0000  0.0016  0.0000  0.0000  0.0000
 0.0192  0.0000  0.0067  0.0559  0.1499  0.4807  0.0125  0.0596  0.0149  0.0214  0.0881  0.0239  0.1023  0.0177  0.0111  0.0132  0.0237  0.0148  0.0907  0.0336  0.0000  1.0000  0.0000  0.0000  0.0000
 0.0000  0.0000  0.0000  1.0000  0.0000  0.0000  0.0000  0.0000  0.0000  0.0000  0.0000  0.0000  0.0000  0.0000  0.0000  0.0000  0.0000  0.0000  0.0000  0.0000  0.0000  0.0000  0.0000  0.0000  0.0000
 0.0125  0.0000  0.0108  0.0030  0.0034  0.1208  0.1196  0.0580  0.0047  0.0036  0.0077  0.0026  0.0252  0.0025  0.0036  0.0290  0.0051  0.0048  0.0060  0.0022  0.0000  1.0000  0.0000  0.0000  0.0000
 0.0657  0.0000  0.0025  0.0006  0.1591  0.0015  0.0001  0.0005  0.2923  0.0019  0.1178  0.0871  0.0009  0.0026  0.0014  0.0011  0.0083  0.1565  1.0000  0.0002  0.0000  0.0005  0.0000  0.0000  0.0000
 0.0001  0.0000  0.0001  0.0000  0.0000  1.0000  0.0000  0.0000  0.0003  0.0000  0.0044  0.0002  0.0000  0.0001  0.0000  0.0000  0.0001  0.0001  0.0003  0.0007  0.0000  0.1707  0.0000  0.0000  0.0000
 0.0000  0.0000  0.0000  1.0000  0.0000  0.0000  0.0000  0.0000  0.0000  0.0000  0.0000  0.0000  0.0000  0.0000  0.0000  0.0000  0.0000  0.0000  0.0000  0.0000  0.0000  0.0000  0.0000  0.0000  0.0000
 0.0000  0.0000  0.0000  0.0000  0.0000  0.0000  0.0000  0.0000  0.0000  0.0000  0.0000  0.0000  0.0000  0.0000  0.0000  0.0000  0.0000  0.0000  0.0000  1.0000  0.0000  0.0000  0.0000  0.0000  0.0000
 0.0148  0.0000  0.0137  0.0006  0.0007  0.0004  0.0003  0.0002  0.0331  0.0009  0.0116  0.1320  0.1805  0.0012  0.0007  0.0005  0.0497  1.0000  0.0255  0.0001  0.0000  0.0002  0.0000  0.0000  0.0000
 0.0675  0.0000  0.0844  0.0017  0.0052  0.0991  0.0004  0.0016  1.0000  0.1984  0.5158  0.8723  0.0026  0.0073  0.0547  0.0031  0.0051  0.1017  0.7076  0.0009  0.0000  0.0019  0.0000  0.0000  0.0000
 0.0073  0.0000  0.0025  0.0057  0.0039  0.0203  0.0278  0.0078  0.0693  0.1079  1.0000  0.0240  0.0044  0.0029  0.0293  0.0050  0.0411  0.0056  0.0575  0.0027  0.0000  0.1492  0.0000  0.0000  0.0000
 0.0012  0.0000  0.0001  0.0002  0.0017  0.0002  0.0009  0.0011  0.0005  1.0000  0.0296  0.0004  0.1621  0.0142  0.0219  0.2244  0.0344  0.0013  0.0007  0.0002  0.0000  0.0005  0.0000  0.0000  0.0000
 0.2537  0.0000  0.1030  0.1147  0.1895  0.5086  0.2302  0.2662  0.2184  0.1803  0.3211  0.1007  0.2326  0.1085  0.5344  0.1870  0.2259  0.2067  0.2300  0.0830  0.0000  1.0000  0.0000  0.0000  0.0000
 0.3414  0.0000  0.0203  0.2368  0.4317  0.0195  0.6698  0.0704  0.0711  1.0000  0.1502  0.0403  0.2152  0.3798  0.8162  0.3578  0.3700  0.3104  0.1083  0.0067  0.0000  0.0256  0.0000  0.0000  0.0000
 0.7322  0.0000  0.0148  0.2632  0.3333  0.0138  0.2938  0.0335  0.0517  0.7216  0.1038  0.0408  0.2063  0.0759  1.0000  0.3933  0.2926  0.2773  0.0993  0.0047  0.0000  0.0104  0.0000  0.0000  0.0000
 1.0000  0.0000  0.0347  0.4870  0.8900  0.0450  0.5159  0.2013  0.2400  0.6713  0.2122  0.1014  0.5093  0.2577  0.4007  0.3653  0.9844  0.4305  0.2452  0.0122  0.0000  0.0489  0.0000  0.0000  0.0000
 0.3753  0.0000  0.0338  0.1826  0.2616  0.0464  0.2134  0.0744  0.0746  0.4112  0.1792  0.1042  0.1683  0.0915  1.0000  0.3799  0.2817  0.2079  0.0923  0.1691  0.0000  0.0839  0.0000  0.0000  0.0000
 0.7432  0.0000  0.0448  0.4615  0.9201  0.0393  0.4275  0.0919  0.2891  0.8526  0.2557  0.1421  0.4899  0.2512  1.0000  0.4394  0.6971  0.4318  0.2121  0.0119  0.0000  0.0263  0.0000  0.0000  0.0000
 1.0000  0.0000  0.0166  0.2853  0.4074  0.0155  0.2619  0.0452  0.1147  0.3294  0.0936  0.1673  0.1931  0.2958  0.3826  0.3348  0.5697  0.4289  0.1445  0.0053  0.0000  0.0343  0.0000  0.0000  0.0000
 1.0000  0.0000  0.0342  0.4567  0.6804  0.0319  0.3244  0.0947  0.2046  0.7354  0.3740  0.0896  0.4077  0.3636  0.6132  0.4769  0.9141  0.4796  0.2185  0.0110  0.0000  0.0242  0.0000  0.0000  0.0000
 0.6319  0.0000  0.0339  0.3095  0.5828  0.0234  0.2743  0.1137  0.1050  0.5915  0.1845  0.0728  0.3787  0.3871  0.5855  0.4763  1.0000  0.3464  0.1740  0.0080  0.0000  0.0603  0.0000  0.0000  0.0000
 0.4180  0.0000  0.0277  0.2743  0.3860  0.0602  0.3170  0.0818  0.1100  0.3822  0.2319  0.0795  0.4513  0.4641  0.4602  0.2547  1.0000  0.3649  0.1950  0.0150  0.0000  0.0826  0.0000  0.0000  0.0000
 0.5427  0.0000  0.0156  0.2202  0.3290  0.0149  0.2334  0.0662  0.0817  0.3718  0.1101  0.0309  0.2696  0.2962  0.2856  0.5190  1.0000  0.3464  0.0834  0.0051  0.0000  0.1047  0.0000  0.0000  0.0000
 0.7742  0.0000  0.0350  0.4713  0.6697  0.0327  1.0000  0.1316  0.1918  0.7247  0.3030  0.1020  0.5828  0.5038  0.6215  0.5410  0.8080  0.5295  0.2383  0.0113  0.0000  0.0249  0.0000  0.0000  0.0000
 0.8520  0.0000  0.0548  0.5970  1.0000  0.0457  0.3949  0.1361  0.2294  0.9481  0.3667  0.1179  0.5782  0.3041  0.8105  0.5605  0.7844  0.5788  0.2815  0.0157  0.0000  0.0347  0.0000  0.0000  0.0000
 0.7769  0.0000  0.0540  0.6250  1.0000  0.0842  0.5515  0.1852  0.2185  0.9220  0.3390  0.1238  0.5023  0.3193  0.6023  0.5357  0.7428  0.6208  0.3108  0.0189  0.0000  0.0490  0.0000  0.0000  0.0000
 0.6952  0.0000  0.0339  0.4898  0.8005  0.0316  0.4528  0.2544  0.1608  0.7193  0.2838  0.0671  0.3751  0.2475  1.0000  0.4773  0.5194  0.4163  0.2142  0.0109  0.0000  0.0240  0.0000  0.0000  0.0000
 0.7588  0.0000  0.0413  0.6243  0.8661  0.0385  0.4538  0.1978  0.1449  0.7952  0.2411  0.0819  0.5024  0.4274  1.0000  0.4284  0.6311  0.5706  0.2601  0.0133  0.0000  0.0292  0.0000  0.0000  0.0000
 1.0000  0.0000  0.0223  0.2728  0.4470  0.0230  0.1980  0.1397  0.0864  0.4163  0.3034  0.0437  0.2089  0.1967  0.2977  0.3649  0.3567  0.3452  0.1727  0.0077  0.0000  0.0313  0.0000  0.0000  0.0000
 0.7826  0.0000  0.0463  0.6088  1.0000  0.0445  0.4599  0.1571  0.1775  0.8252  0.2934  0.1056  0.4365  0.2772  0.8210  0.5629  0.6855  0.5453  0.3281  0.0152  0.0000  0.0524  0.0000  0.0000  0.0000
 0.7568  0.0000  0.0522  0.6726  1.0000  0.0487  0.4129  0.1331  0.1931  0.9294  0.3070  0.1036  0.4881  0.3032  0.5941  0.5280  0.7270  0.6576  0.2980  0.0168  0.0000  0.0370  0.0000  0.0000  0.0000
 0.7967  0.0000  0.0417  0.6707  1.0000  0.0389  0.4868  0.1369  0.1463  0.8649  0.2954  0.0827  0.6521  0.9030  0.9319  0.8119  0.8882  0.6642  0.3310  0.0134  0.0000  0.0295  0.0000  0.0000  0.0000
 0.5651  0.0000  0.0198  0.5141  0.6978  0.0184  0.3108  0.1659  0.1029  0.5487  0.1282  0.0392  0.4030  0.3532  0.4063  0.2465  1.0000  0.8658  0.1835  0.0064  0.0000  0.0140  0.0000  0.0000  0.0000
 0.4393  0.0000  0.0119  0.2956  0.3979  0.0225  1.0000  0.0837  0.0417  0.4110  0.0770  0.0654  0.1939  0.1985  0.2011  0.2581  0.2998  0.1408  0.1375  0.0038  0.0000  0.0085  0.0000  0.0000  0.0000
 0.6642  0.0000  0.0350  0.4537  0.7592  0.0327  0.4059  0.0942  0.1295  1.0000  0.2110  0.2428  0.3733  0.4564  0.5774  0.8921  0.4815  0.4503  0.2259  0.0113  0.0000  0.0248  0.0000  0.0000  0.0000
 0.3660  0.0000  0.0350  0.4353  0.5650  0.0197  0.1605  0.0885  0.0737  0.4534  0.1609  0.1619  0.3736  0.3454  1.0000  0.3925  0.4556  0.2258  0.1754  0.0068  0.0000  0.0150  0.0000  0.0000  0.0000
 0.9112  0.0000  0.0147  0.2088  0.3842  0.0137  0.1197  0.0589  0.1557  0.5182  0.0832  0.0292  0.2678  0.2001  0.4457  0.2577  0.4372  1.0000  0.2326  0.0047  0.0000  0.0104  0.0000  0.0000  0.0000
 0.1817  0.0000  0.0115  0.8534  1.0000  0.0396  0.2454  0.0928  0.0401  0.1988  0.0794  0.0227  0.1345  0.2779  0.3875  0.2796  0.3501  0.2009  0.0611  0.0037  0.0000  0.0085  0.0000  0.0000  0.0000
 0.2739  0.0000  0.0102  0.1992  0.3306  0.0095  0.1572  0.0517  0.1064  1.0000  0.0765  0.0986  0.4946  0.1745  0.2315  0.8768  0.2027  0.1290  0.0667  0.0033  0.0000  0.0072  0.0000  0.0000  0.0000
 0.7884  0.0000  0.0516  0.6124  1.0000  0.0482  0.4032  0.1289  0.1924  0.9263  0.2919  0.1023  0.5892  0.3714  0.6135  0.5266  0.7468  0.6493  0.3058  0.0166  0.0000  0.0365  0.0000  0.0000  0.0000
 0.2123  0.0000  0.0078  0.1145  0.2870  0.0073  0.0555  0.0626  0.0471  1.0000  0.0440  0.0154  0.5647  0.0670  0.5998  0.3285  0.1723  0.1998  0.1020  0.0025  0.0000  0.0055  0.0000  0.0000  0.0000
 0.4099  0.0000  0.0244  0.4614  0.5681  0.0229  0.1736  0.1240  0.0854  0.4635  0.1377  0.0483  0.8873  0.3401  0.2687  0.3090  1.0000  0.2790  0.1907  0.0079  0.0000  0.0175  0.0000  0.0000  0.0000
 0.5371  0.0000  0.0379  0.5073  1.0000  0.0354  0.3186  0.0862  0.2539  0.7946  0.2144  0.0752  0.9367  0.2293  0.5261  0.4464  0.5740  0.4413  0.2026  0.0122  0.0000  0.0268  0.0000  0.0000  0.0000
 0.5052  0.0000  0.2894  0.2046  0.2719  0.8129  0.3812  0.6267  0.4704  0.2894  0.7917  0.7576  0.3060  0.2536  0.2925  0.3463  0.4999  0.4858  0.8912  0.1843  0.0000  1.0000  0.0000  0.0000  0.0000
 0.0296  0.0000  0.0028  0.0062  0.0408  0.0059  0.0208  0.0253  0.0123  1.0000  0.0289  0.0096  0.0283  0.2220  0.1195  0.4523  0.2212  0.0314  0.0164  0.0044  0.0000  0.0127  0.0000  0.0000  0.0000
 0.2057  0.0000  0.0307  0.9332  0.3117  0.0371  0.3612  0.2774  0.0436  0.3065  0.0782  0.0274  1.0000  0.1168  0.3609  0.4461  0.3399  0.1821  0.0657  0.0155  0.0000  0.0707  0.0000  0.0000  0.0000
 0.0665  0.0000  0.0113  0.1944  0.1076  0.0125  0.1353  0.0471  0.0131  0.1188  0.0258  0.0089  1.0000  0.0436  0.4658  0.0782  0.1213  0.0688  0.0201  0.0061  0.0000  0.0260  0.0000  0.0000  0.0000
//
