WARNING! I363 not allowed! score: 0.02 median: 2.72 # of sequence: 225
ID   UNK_ID; MATRIX
AC   UNK_AC
DE   UNK_DE
MA   UNK_BL
  A   B   C   D   E   F   G   H   I   K   L   M   N   P   Q   R   S   T   V   W   X   Y   Z   *   -
 0.0000  0.0000  0.0000  0.0000  0.0000  0.0000  0.0000  0.0000  0.0000  0.0000  0.0000  1.0000  0.0000  0.0000  0.0000  0.0000  0.0000  0.0000  0.0000  0.0000  0.0000  0.0000  0.0000  0.0000  0.0000
 1.0000  0.0000  0.0074  0.0056  0.0067  0.0030  0.0399  0.0013  0.0044  0.0074  0.0084  0.1348  0.0050  0.0181  0.0051  0.0053  0.0645  0.0149  0.0139  0.0010  0.0000  0.0022  0.0000  0.0000  0.0000
 0.3651  0.0000  0.0155  0.0139  0.0184  0.0066  0.0830  0.0048  0.0103  0.1066  0.0192  1.0000  0.0142  0.0392  0.0156  0.0219  0.1384  0.0402  0.0305  0.0025  0.0000  0.0056  0.0000  0.0000  0.0000
 0.1386  0.0000  0.0021  0.0295  0.0537  0.0011  0.0044  0.0015  0.0030  0.0049  0.0029  0.0016  0.0085  0.0056  0.0041  0.0029  0.2833  1.0000  0.0049  0.0007  0.0000  0.0013  0.0000  0.0000  0.0000
 1.0000  0.0000  0.0055  0.0633  0.1343  0.0052  0.1702  0.0125  0.0190  0.1782  0.0307  0.0948  0.1113  0.0278  0.0597  0.1142  0.3413  0.1072  0.0290  0.0018  0.0000  0.0041  0.0000  0.0000  0.0000
 0.5497  0.0000  0.0171  0.1557  0.2460  0.0189  1.0000  0.0357  0.0497  0.2381  0.1079  0.0287  0.1561  0.3027  0.1753  0.3615  0.2840  0.1796  0.0773  0.0063  0.0000  0.0188  0.0000  0.0000  0.0000
 0.7191  0.0000  0.0419  0.5402  0.8726  0.0391  0.4521  0.1405  0.1468  0.8143  0.2367  0.1160  0.4661  0.2652  0.7651  0.4116  0.8451  1.0000  0.2871  0.0135  0.0000  0.0297  0.0000  0.0000  0.0000
 0.5383  0.0000  0.0246  0.4824  0.5964  0.0231  0.1748  0.0954  0.1248  0.4273  0.1388  0.0487  0.2579  0.2096  0.3310  0.3064  0.4466  1.0000  0.1312  0.0079  0.0000  0.0176  0.0000  0.0000  0.0000
 0.4936  0.0000  0.0202  0.3738  0.5101  0.0188  0.3258  0.0458  0.1183  0.3504  0.1137  0.0399  0.3677  0.4313  0.3218  0.1977  1.0000  0.4320  0.1075  0.0065  0.0000  0.0143  0.0000  0.0000  0.0000
 0.4066  0.0000  0.3005  0.2923  0.6941  0.0175  0.1670  0.0414  0.0634  0.3122  0.1435  0.0359  0.1674  1.0000  0.2474  0.1763  0.6307  0.4977  0.0971  0.0060  0.0000  0.0138  0.0000  0.0000  0.0000
 0.6044  0.0000  0.1868  0.2714  0.3908  0.7106  0.3675  0.5516  0.4375  0.3903  0.6955  0.2357  0.3623  0.2363  0.3589  0.4024  0.4856  0.4670  0.5833  0.1857  0.0000  1.0000  0.0000  0.0000  0.0000
 0.6019  0.0000  0.0216  0.2525  0.5413  0.0202  0.2237  0.0493  0.0755  0.6404  0.2317  0.0428  0.2498  1.0000  0.2383  0.8562  0.6991  0.2670  0.1152  0.0070  0.0000  0.0155  0.0000  0.0000  0.0000
 0.3842  0.0000  0.1298  0.1505  0.2000  0.7507  0.2718  0.3978  0.4122  0.2329  0.7387  0.5056  0.2422  0.3915  0.2152  0.2549  0.2938  0.2869  0.6347  0.1357  0.0000  1.0000  0.0000  0.0000  0.0000
 0.0120  0.0000  0.0005  0.0012  0.0008  0.0003  0.0009  0.0004  0.0008  0.0014  0.0007  0.0004  0.0119  0.0013  0.0182  0.0851  1.0000  0.0652  0.0012  0.0002  0.0000  0.0003  0.0000  0.0000  0.0000
 0.3459  0.0000  0.0244  0.4898  0.9239  0.0228  0.2304  0.0706  0.0856  0.9431  0.1381  0.0484  1.0000  0.5826  0.3544  0.2897  0.8655  0.3135  0.1446  0.0078  0.0000  0.0173  0.0000  0.0000  0.0000
 0.9398  0.0000  0.1845  0.4511  0.6907  0.6656  0.4990  0.8832  0.5071  0.6925  0.7965  0.2465  0.8587  0.3087  0.5404  0.5385  0.7768  0.7020  0.7353  0.1766  0.0000  1.0000  0.0000  0.0000  0.0000
 0.0893  0.0000  0.0018  0.0013  0.0017  0.0010  0.0007  0.0006  0.0283  0.0487  0.0231  0.0018  0.0249  0.0026  0.0015  0.0012  0.0619  1.0000  0.3192  0.0003  0.0000  0.0005  0.0000  0.0000  0.0000
 0.0939  0.0000  0.0068  0.0251  0.1233  0.0146  0.0449  0.2284  0.0740  1.0000  0.2908  0.1001  0.0809  0.0454  0.3275  0.7258  0.0594  0.0675  0.0367  0.0088  0.0000  0.0274  0.0000  0.0000  0.0000
 0.0330  0.0000  0.0023  0.9357  1.0000  0.0022  0.0658  0.0054  0.0312  0.4481  0.0132  0.0046  0.0482  0.0120  0.8490  0.3738  0.0320  0.0723  0.0490  0.0008  0.0000  0.0017  0.0000  0.0000  0.0000
 0.0352  0.0000  0.0008  0.0015  0.0581  0.0017  0.0137  0.0072  0.0034  1.0000  0.2054  0.0027  0.0078  0.0063  0.0666  0.8184  0.0066  0.0086  0.0046  0.0013  0.0000  0.0036  0.0000  0.0000  0.0000
 1.0000  0.0000  0.0475  0.0257  0.0312  0.0256  0.3549  0.0068  0.0961  0.0340  0.0359  0.0163  0.0221  0.1260  0.0236  0.0248  0.1986  0.0610  0.7994  0.0051  0.0000  0.0121  0.0000  0.0000  0.0000
 1.0000  0.0000  0.0123  0.1541  0.2896  0.0115  0.0877  0.0447  0.0674  0.5027  0.0695  0.0698  0.3382  0.0768  0.2020  0.1684  0.2456  0.5740  0.0657  0.0040  0.0000  0.0087  0.0000  0.0000  0.0000
 1.0000  0.0000  0.0437  0.0126  0.0194  0.0038  0.0650  0.0044  0.0055  0.1723  0.0094  0.1230  0.0248  0.0110  0.0128  0.0429  0.0762  0.0251  0.3062  0.0012  0.0000  0.0045  0.0000  0.0000  0.0000
 1.0000  0.0000  0.0184  0.0018  0.0054  0.1221  0.0003  0.0014  0.0840  0.0053  0.0309  0.0075  0.0027  0.0076  0.0040  0.0030  0.0419  0.3352  0.1458  0.0007  0.0000  0.0013  0.0000  0.0000  0.0000
 0.0007  0.0000  0.0001  0.0001  0.0010  0.0001  0.0005  0.0006  0.0003  1.0000  0.0007  0.0002  0.0007  0.0006  0.1154  0.0325  0.0087  0.0095  0.0004  0.0001  0.0000  0.0003  0.0000  0.0000  0.0000
 0.5608  0.0000  0.1800  0.2493  0.3520  0.7122  0.3554  0.5491  0.4081  0.3640  0.6925  0.2291  0.3415  0.2234  0.3605  0.3877  0.4530  0.4315  0.5338  0.1852  0.0000  1.0000  0.0000  0.0000  0.0000
 0.1496  0.0000  0.0669  0.0545  0.0724  0.5739  0.0875  0.1756  0.1046  0.2891  0.4368  0.0586  0.0815  0.0542  0.0779  0.0923  0.1395  0.5467  0.1496  0.0491  0.0000  1.0000  0.0000  0.0000  0.0000
 0.0494  0.0000  0.0008  0.0004  0.0007  0.2117  0.0007  0.0004  1.0000  0.0010  0.6185  0.2405  0.0007  0.0010  0.0011  0.0009  0.0009  0.0021  0.2143  0.0008  0.0000  0.0012  0.0000  0.0000  0.0000
 0.0133  0.0000  0.0018  0.0140  1.0000  0.0014  0.0058  0.0022  0.0042  0.0074  0.1201  0.0018  0.1236  0.0061  0.0072  0.0035  0.0444  0.0323  0.0164  0.0006  0.0000  0.0015  0.0000  0.0000  0.0000
 0.0205  0.0000  0.0048  0.2171  0.0181  0.0164  0.0145  0.0766  0.0110  0.0590  0.0410  0.0062  1.0000  0.0084  0.2001  0.0145  0.0908  0.0716  0.1659  0.0044  0.0000  0.0394  0.0000  0.0000  0.0000
 0.0468  0.0000  0.0330  0.0176  0.0238  0.7037  0.0283  1.0000  0.0565  0.0257  0.1376  0.0760  0.0266  0.0189  0.0268  0.0305  0.0346  0.0352  0.0548  0.0169  0.0000  0.3401  0.0000  0.0000  0.0000
 0.0005  0.0000  0.0003  0.0001  0.0001  0.1660  0.0001  0.0000  0.0011  0.0000  0.0027  0.0005  0.0000  0.0002  0.0000  0.0000  0.0004  0.0003  0.1341  0.0026  0.0000  1.0000  0.0000  0.0000  0.0000
 0.1828  0.0000  0.0099  0.1376  0.4316  0.2249  0.0708  0.1147  0.0348  1.0000  0.0562  0.0197  0.1473  0.0510  0.2576  0.3116  0.5657  0.1635  0.0531  0.0032  0.0000  0.0072  0.0000  0.0000  0.0000
 0.3356  0.0000  0.0380  0.5376  0.6747  0.0125  0.1159  0.0305  0.0618  0.3248  0.0960  0.1204  1.0000  0.0689  0.1849  0.1596  0.4854  0.2791  0.1930  0.0043  0.0000  0.0095  0.0000  0.0000  0.0000
 0.5332  0.0000  0.1770  0.2240  0.3039  0.6984  0.3390  0.5428  0.4077  0.3225  0.6790  0.2220  0.3305  0.2115  0.3402  0.3666  0.4329  0.4073  0.5163  0.1837  0.0000  1.0000  0.0000  0.0000  0.0000
 0.0133  0.0000  0.0032  0.0016  0.0038  0.0157  0.0026  0.0019  1.0000  0.0475  0.8626  0.8550  0.0688  0.0041  0.0487  0.0414  0.0038  0.0104  0.9047  0.0020  0.0000  0.0039  0.0000  0.0000  0.0000
 0.2495  0.0000  0.0068  0.1165  0.4541  0.0064  0.0663  0.0155  0.0517  1.0000  0.1443  0.0135  0.1103  0.0350  0.2962  0.1389  0.4150  0.2673  0.0583  0.0022  0.0000  0.0048  0.0000  0.0000  0.0000
 0.4405  0.0000  0.1278  0.2139  0.2753  0.4945  0.3891  0.5879  0.3130  0.2814  0.4876  0.1627  0.5904  0.1656  0.8521  0.5791  0.6718  0.4955  0.3739  0.1303  0.0000  1.0000  0.0000  0.0000  0.0000
 0.5200  0.0000  0.1776  0.2034  0.2706  0.6991  0.3265  0.5493  0.4000  0.2881  0.6626  0.2207  0.3044  0.2031  0.2916  0.3446  0.3974  0.3905  0.5127  0.1834  0.0000  1.0000  0.0000  0.0000  0.0000
 0.2944  0.0000  0.0658  0.1170  0.5022  0.2499  0.2981  0.5184  0.3802  0.1929  0.2685  0.0854  0.1625  0.0928  1.0000  0.4900  0.1943  0.1801  0.3179  0.0662  0.0000  0.3764  0.0000  0.0000  0.0000
 0.0043  0.0000  0.0003  0.2888  1.0000  0.0005  0.0262  0.0019  0.0005  0.0047  0.0009  0.0004  0.1806  0.0028  0.2196  0.0016  0.0043  0.0025  0.0009  0.0002  0.0000  0.0009  0.0000  0.0000  0.0000
 0.0005  0.0000  0.0001  0.0001  0.0007  0.0001  0.0005  0.0005  0.0002  0.0641  0.0005  0.0002  0.0005  0.0005  0.0012  1.0000  0.0004  0.0005  0.0003  0.0001  0.0000  0.0002  0.0000  0.0000  0.0000
 0.0816  0.0000  0.0190  0.0408  0.4316  0.0684  0.0501  0.1073  0.0951  1.0000  0.2073  0.1088  0.6224  0.0360  0.3392  0.2018  0.0691  0.0659  0.1496  0.0192  0.0000  0.1297  0.0000  0.0000  0.0000
 0.3359  0.0000  0.0178  0.2311  1.0000  0.0272  0.1420  0.1103  0.0623  0.3553  0.1771  0.3054  0.3100  0.0913  0.5613  0.2284  0.2683  0.4821  0.0950  0.0058  0.0000  0.0131  0.0000  0.0000  0.0000
 0.0000  0.0000  0.0000  0.0000  0.0000  0.0000  0.0000  0.0000  0.0000  0.0000  0.0000  0.0000  0.0000  0.0000  0.0000  1.0000  0.0000  0.0000  0.0000  0.0000  0.0000  0.0000  0.0000  0.0000  0.0000
 0.1352  0.0000  0.0037  0.0051  0.0187  0.0127  0.0123  0.1613  0.0202  0.1642  0.1458  0.0068  0.0147  0.0112  0.3091  1.0000  0.1169  0.0171  0.0135  0.0044  0.0000  0.0764  0.0000  0.0000  0.0000
 0.8113  0.0000  0.0755  0.6281  1.0000  0.1398  0.4060  0.1849  0.2325  0.9519  0.3849  0.1324  0.5183  0.2886  0.6056  0.5527  0.7646  0.6040  0.3470  0.0569  0.0000  0.1634  0.0000  0.0000  0.0000
 0.5690  0.0000  0.0274  0.3986  1.0000  0.0255  0.1951  0.0622  0.2472  0.9821  0.1945  0.2913  0.4207  0.1408  0.8700  0.3602  0.4480  0.4177  0.2698  0.0088  0.0000  0.0194  0.0000  0.0000  0.0000
 0.0097  0.0000  0.0002  0.0001  0.0002  0.1374  0.0002  0.0002  0.0040  0.0003  1.0000  0.0314  0.0064  0.0003  0.0004  0.0003  0.0002  0.0005  0.0135  0.0002  0.0000  0.0003  0.0000  0.0000  0.0000
 0.0020  0.0000  0.0000  0.1157  1.0000  0.0002  0.0008  0.0005  0.0003  0.1270  0.0005  0.0002  0.0078  0.0012  0.0583  0.0083  0.0010  0.0009  0.0130  0.0001  0.0000  0.0003  0.0000  0.0000  0.0000
 0.6460  0.0000  0.0095  0.1692  0.2934  0.0090  0.0678  0.0569  0.0451  1.0000  0.0539  0.0348  0.2658  0.0489  0.5423  0.7125  0.3160  0.1669  0.1810  0.0031  0.0000  0.0293  0.0000  0.0000  0.0000
 0.6187  0.0000  0.0189  0.2563  0.6906  0.0176  0.1348  0.0430  0.1064  1.0000  0.1380  0.1499  0.1996  0.0972  0.3970  0.3499  0.3330  0.2366  0.2775  0.0061  0.0000  0.0134  0.0000  0.0000  0.0000
 0.0473  0.0000  0.0216  0.0003  0.0008  0.0053  0.0005  0.0004  0.1405  0.0009  1.0000  0.5875  0.0006  0.0011  0.0011  0.0008  0.0008  0.0024  0.0746  0.0006  0.0000  0.1956  0.0000  0.0000  0.0000
 1.0000  0.0000  0.0320  0.4401  0.8514  0.0299  0.2367  0.0788  0.1211  0.6812  0.1877  0.1303  0.2967  0.3343  0.6634  0.4005  0.5330  0.4521  0.1774  0.0103  0.0000  0.0226  0.0000  0.0000  0.0000
 0.5230  0.0000  0.0126  1.0000  0.8978  0.0118  0.0900  0.0287  0.0443  0.4009  0.1768  0.0650  0.3277  0.1280  0.2345  0.3018  0.5372  0.2028  0.0675  0.0041  0.0000  0.0089  0.0000  0.0000  0.0000
 0.9202  0.0000  0.0347  0.4450  1.0000  0.0336  0.2448  0.1140  0.1209  0.5974  0.2102  0.0844  0.3327  0.4942  0.4080  0.3599  0.5915  0.3688  0.2527  0.0114  0.0000  0.0266  0.0000  0.0000  0.0000
 0.2168  0.0000  0.0108  0.5251  0.3942  0.0101  1.0000  0.0245  0.0377  0.1877  0.0769  0.0214  0.3001  0.3452  0.3120  0.2006  0.4522  0.2216  0.0576  0.0035  0.0000  0.0076  0.0000  0.0000  0.0000
 0.1140  0.0000  0.0171  0.0209  0.1608  0.0713  0.0921  0.0497  0.2324  0.0302  1.0000  0.0506  0.0300  0.0207  0.0735  0.0341  0.0882  0.0395  0.6663  0.0907  0.0000  0.0919  0.0000  0.0000  0.0000
 0.1479  0.0000  0.0947  0.0139  0.0116  0.0048  0.0536  0.0044  0.0091  0.0833  0.0116  0.0058  0.0212  0.3695  0.0115  0.0200  1.0000  0.3831  0.0188  0.0023  0.0000  0.0153  0.0000  0.0000  0.0000
 0.1193  0.0000  0.0056  0.4430  1.0000  0.0052  0.0773  0.0127  0.0430  0.2428  0.0317  0.0111  0.0988  0.3047  0.1948  0.0893  0.0919  0.0751  0.1335  0.0018  0.0000  0.0040  0.0000  0.0000  0.0000
 0.1954  0.0000  0.0009  0.1639  1.0000  0.0010  0.0068  0.0025  0.0032  0.0318  0.0051  0.0018  0.0314  0.0143  0.0121  0.0086  0.1052  0.0579  0.0154  0.0004  0.0000  0.0009  0.0000  0.0000  0.0000
 0.1362  0.0000  0.0010  0.1334  1.0000  0.0009  0.0131  0.0023  0.0035  0.0790  0.0056  0.0020  0.0160  0.0051  0.1877  0.3338  0.0374  0.0275  0.0053  0.0003  0.0000  0.0114  0.0000  0.0000  0.0000
 0.0075  0.0000  0.0007  0.0013  0.0566  0.0016  0.0053  0.0140  0.0032  1.0000  0.0076  0.0025  0.0180  0.0059  0.9224  0.2662  0.0061  0.0080  0.0116  0.0012  0.0000  0.1691  0.0000  0.0000  0.0000
 0.5218  0.0000  0.0504  0.4941  1.0000  0.0401  0.2365  0.1445  0.2509  0.6917  0.2114  0.1009  0.6647  0.1701  0.4818  0.5589  0.5106  0.3672  0.2249  0.0130  0.0000  0.0726  0.0000  0.0000  0.0000
 0.6951  0.0000  0.0453  0.5540  1.0000  0.0426  0.3223  0.1325  0.1707  0.8048  0.3330  0.1236  0.6375  0.2545  0.7154  0.5901  0.6361  0.4857  0.2550  0.0146  0.0000  0.0326  0.0000  0.0000  0.0000
 0.8161  0.0000  0.0453  0.5084  0.9965  0.0543  0.3029  0.1197  0.4255  1.0000  0.6393  0.5021  0.3916  0.2188  0.7308  0.7481  0.5776  0.4545  0.2512  0.0177  0.0000  0.0522  0.0000  0.0000  0.0000
 0.2794  0.0000  0.0591  0.0684  0.1158  0.2484  0.1303  0.1734  0.2648  0.1089  1.0000  0.1515  0.1021  0.0722  0.1030  0.6096  0.1413  0.1335  0.2122  0.0913  0.0000  0.3183  0.0000  0.0000  0.0000
 0.1150  0.0000  0.0043  0.0709  0.3719  0.0040  0.0309  0.0277  0.0482  1.0000  0.1193  0.0625  0.0938  0.0223  0.3668  0.2348  0.5319  0.0889  0.0232  0.0014  0.0000  0.0031  0.0000  0.0000  0.0000
 0.9379  0.0000  0.1268  0.7645  0.9726  0.4086  0.4725  0.3897  0.4068  1.0000  0.5685  0.2642  0.6673  0.3220  0.7907  0.5957  0.8643  0.7058  0.4862  0.1006  0.0000  0.5114  0.0000  0.0000  0.0000
 0.1637  0.0000  0.0398  0.0461  0.0613  0.2350  0.0858  0.4839  0.1117  0.0652  1.0000  0.0929  0.0690  0.0459  0.0659  0.0781  0.1163  0.0879  0.1718  0.0546  0.0000  0.4018  0.0000  0.0000  0.0000
 0.9809  0.0000  0.2162  0.1963  0.7680  0.6322  0.5792  0.5153  0.3567  0.2793  0.7478  0.2155  0.2851  0.1886  0.2927  0.3488  0.4193  0.3620  0.4558  0.1662  0.0000  1.0000  0.0000  0.0000  0.0000
 0.1002  0.0000  0.0031  0.0337  0.1143  0.0032  0.2885  0.0197  0.0109  0.9689  0.0654  0.0373  0.0645  0.0164  0.5329  1.0000  0.0854  0.0329  0.0165  0.0013  0.0000  0.0031  0.0000  0.0000  0.0000
 0.0199  0.0000  0.0001  0.0001  0.0011  0.0002  0.0006  0.0007  0.0003  1.0000  0.0008  0.0003  0.0008  0.0006  0.0174  0.2364  0.0007  0.0009  0.0005  0.0001  0.0000  0.0004  0.0000  0.0000  0.0000
 0.0000  0.0000  0.0000  0.0000  1.0000  0.0000  0.0000  0.0000  0.0000  0.0000  0.0000  0.0000  0.0000  0.0000  0.0000  0.0000  0.0000  0.0000  0.0000  0.0000  0.0000  0.0000  0.0000  0.0000  0.0000
 0.0852  0.0000  0.0036  0.0053  0.0040  0.0016  0.0502  0.0015  0.0036  0.0056  0.0042  0.0225  0.0086  0.0088  0.0042  0.1981  0.6171  1.0000  0.0354  0.0009  0.0000  0.0016  0.0000  0.0000  0.0000
 0.1918  0.0000  0.0004  0.1216  1.0000  0.0019  0.0083  0.0051  0.0083  0.0216  0.0049  0.0020  0.3533  0.0125  0.2313  0.0062  0.0117  0.0529  0.0051  0.0009  0.0000  0.0025  0.0000  0.0000  0.0000
 0.0074  0.0000  0.0022  0.0060  0.0037  0.9870  0.0062  0.0043  0.0431  0.0043  0.0442  0.0101  0.2079  0.0034  0.0040  0.0039  0.0061  0.0054  0.0112  0.0031  0.0000  1.0000  0.0000  0.0000  0.0000
 0.0028  0.0000  0.0007  0.0003  0.0007  0.0074  0.0005  0.0006  0.0973  0.0010  1.0000  0.4997  0.0970  0.0012  0.0014  0.0009  0.0008  0.0557  0.0079  0.0009  0.0000  0.0009  0.0000  0.0000  0.0000
 0.0000  0.0000  0.0000  0.0000  0.0000  0.0000  0.0000  0.0000  0.0000  0.0000  0.0000  0.0000  0.0000  0.0000  0.0000  1.0000  0.0000  0.0000  0.0000  0.0000  0.0000  0.0000  0.0000  0.0000  0.0000
 0.0040  0.0000  0.0010  0.0005  0.0013  0.1889  0.0009  0.0010  0.0233  0.1232  1.0000  0.0375  0.0011  0.0018  0.0024  0.0316  0.0175  0.0024  0.0105  0.0012  0.0000  0.0015  0.0000  0.0000  0.0000
 0.0152  0.0000  0.0015  0.0026  0.0207  0.0041  0.0105  0.0133  0.0902  1.0000  0.2186  0.0301  0.0144  0.0118  0.5888  0.6596  0.0122  0.0161  0.0095  0.0025  0.0000  0.0068  0.0000  0.0000  0.0000
 0.0000  0.0000  0.0000  0.0000  0.0000  0.0000  0.0000  0.0000  0.0000  0.0000  0.0000  0.0000  0.0000  0.0000  0.0000  1.0000  0.0000  0.0000  0.0000  0.0000  0.0000  0.0000  0.0000  0.0000  0.0000
 0.2615  0.0000  0.0292  0.0726  0.0757  0.0291  0.0601  0.2443  0.0514  0.1824  0.0948  0.0283  0.1562  0.0790  0.1204  0.1784  0.4485  1.0000  0.0769  0.0141  0.0000  0.0407  0.0000  0.0000  0.0000
 0.0016  0.0000  0.0002  0.0003  0.0022  0.0003  0.0011  0.0014  0.0007  1.0000  0.0016  0.0005  0.0015  0.0203  0.0037  0.9285  0.0013  0.0017  0.0009  0.0002  0.0000  0.0007  0.0000  0.0000  0.0000
 0.0083  0.0000  0.0021  0.0436  0.2048  0.0214  0.0017  0.0016  0.3020  0.0029  1.0000  0.6691  0.0020  0.0035  0.0044  0.0028  0.0023  0.0048  0.0228  0.0025  0.0000  0.0027  0.0000  0.0000  0.0000
 0.1414  0.0000  0.1272  0.2902  0.1201  0.0060  1.0000  0.0147  0.0198  0.1615  0.0317  0.0114  0.0635  0.0320  0.0614  0.2901  0.3781  0.3725  0.0310  0.0022  0.0000  0.0055  0.0000  0.0000  0.0000
 0.4329  0.0000  0.0652  0.1357  0.1565  0.1038  0.0726  0.1590  0.3268  0.3271  0.6205  0.0772  0.0948  0.2703  0.1283  0.1087  0.1431  0.2698  1.0000  0.0258  0.0000  0.1215  0.0000  0.0000  0.0000
 0.1770  0.0000  0.0410  1.0000  0.9107  0.0017  0.0868  0.0084  0.0014  0.0141  0.0028  0.0010  0.3114  0.0074  0.0291  0.0071  0.3660  0.0100  0.0024  0.0009  0.0000  0.0042  0.0000  0.0000  0.0000
 0.0026  0.0000  0.0006  1.0000  0.0040  0.0005  0.0087  0.0026  0.0003  0.0035  0.0006  0.1326  0.1673  0.0020  0.0024  0.0018  0.0066  0.0026  0.0005  0.0003  0.0000  0.0013  0.0000  0.0000  0.0000
 0.0002  0.0000  0.0001  0.0000  0.0001  1.0000  0.0000  0.0000  0.0004  0.0000  0.0010  0.0002  0.0000  0.0001  0.0000  0.0000  0.0001  0.0001  0.0004  0.0010  0.0000  0.0251  0.0000  0.0000  0.0000
 0.0623  0.0000  0.0036  0.1659  1.0000  0.0058  0.0210  0.1389  0.0185  0.0491  0.0361  0.0065  0.0680  0.0150  0.3406  0.0900  0.0848  0.0691  0.2071  0.0017  0.0000  0.0212  0.0000  0.0000  0.0000
 0.3296  0.0000  0.0432  0.1785  0.2262  0.0293  0.1132  0.0458  0.1553  0.3269  0.2844  0.0453  0.2154  0.1819  0.1786  0.1528  0.7740  1.0000  0.1406  0.0149  0.0000  0.0313  0.0000  0.0000  0.0000
 0.0008  0.0000  0.0002  0.0001  0.0002  0.0015  0.0003  0.0001  0.2701  0.0003  1.0000  0.0017  0.0002  0.0002  0.0002  0.0003  0.0003  0.0007  0.2125  0.0002  0.0000  0.0004  0.0000  0.0000  0.0000
 0.0096  0.0000  0.0012  0.0024  0.0107  0.0017  0.0058  0.0067  0.0038  1.0000  0.0079  0.0028  0.0090  0.0069  0.0254  0.0635  0.0645  0.6354  0.0052  0.0013  0.0000  0.0035  0.0000  0.0000  0.0000
 0.0196  0.0000  0.0041  0.0011  0.0031  0.0037  0.0006  0.0007  0.8594  0.0032  0.0226  0.2175  0.0016  0.0041  0.2259  0.0019  0.0032  0.2683  1.0000  0.0005  0.0000  0.0014  0.0000  0.0000  0.0000
 0.0003  0.0000  0.0001  0.0001  0.0001  0.0006  0.0002  0.0000  1.0000  0.0001  0.1313  0.0006  0.0001  0.0001  0.0001  0.0001  0.0001  0.0004  0.1198  0.0001  0.0000  0.0002  0.0000  0.0000  0.0000
 0.0073  0.0000  0.0004  0.0004  0.0003  0.0002  1.0000  0.0001  0.0002  0.0004  0.0004  0.0001  0.0003  0.0009  0.0003  0.0003  0.0015  0.0006  0.0005  0.0001  0.0000  0.0002  0.0000  0.0000  0.0000
 0.0114  0.0000  0.0011  0.0019  0.0157  0.0024  0.0080  0.0101  0.2122  0.9507  0.0115  0.0038  0.0109  0.0089  0.2324  1.0000  0.0092  0.0122  0.0324  0.0018  0.0000  0.0051  0.0000  0.0000  0.0000
 0.0000  0.0000  0.0000  0.0000  0.0000  0.0000  1.0000  0.0000  0.0000  0.0000  0.0000  0.0000  0.0000  0.0000  0.0000  0.0000  0.0000  0.0000  0.0000  0.0000  0.0000  0.0000  0.0000  0.0000  0.0000
 1.0000  0.0000  0.0005  0.0004  0.0004  0.0002  0.1030  0.0001  0.0002  0.0004  0.0004  0.0002  0.0003  0.0011  0.0003  0.0003  0.0022  0.0008  0.0007  0.0001  0.0000  0.0001  0.0000  0.0000  0.0000
 0.0002  0.0000  0.0001  0.0000  0.0001  1.0000  0.0000  0.0000  0.0005  0.0000  0.0012  0.0002  0.0000  0.0001  0.0000  0.0000  0.0002  0.0001  0.0005  0.0011  0.0000  0.1050  0.0000  0.0000  0.0000
 0.0000  0.0000  0.0000  0.0000  0.0000  0.0000  1.0000  0.0000  0.0000  0.0000  0.0000  0.0000  0.0000  0.0000  0.0000  0.0000  0.0000  0.0000  0.0000  0.0000  0.0000  0.0000  0.0000  0.0000  0.0000
 0.0009  0.0000  0.0000  0.0025  1.0000  0.0001  0.0005  0.0002  0.0001  0.0010  0.0002  0.0001  0.0004  0.0006  0.1016  0.0003  0.0005  0.0004  0.0002  0.0001  0.0000  0.0001  0.0000  0.0000  0.0000
 0.0011  0.0000  0.0003  0.0001  0.0002  0.0003  0.0002  0.0001  0.0075  0.0002  0.0014  0.0004  0.0001  0.0003  0.0001  0.0001  0.0002  0.0008  1.0000  0.0001  0.0000  0.0001  0.0000  0.0000  0.0000
 0.0156  0.0000  0.1483  0.0029  0.0211  0.0032  0.0111  0.0135  0.0065  0.2688  0.0153  0.0051  0.0150  0.0120  0.0359  1.0000  0.0127  0.0163  0.0086  0.0024  0.0000  0.1304  0.0000  0.0000  0.0000
 0.0005  0.0000  0.0001  0.0001  0.0001  0.0013  0.0001  0.0001  0.0553  0.0002  1.0000  0.0073  0.0001  0.0002  0.0003  0.0002  0.0001  0.0003  0.0795  0.0002  0.0000  0.0002  0.0000  0.0000  0.0000
 0.3735  0.0000  0.5440  0.0027  0.0072  0.0047  0.0051  0.0018  0.0437  0.0072  0.0303  0.0094  0.0036  0.0113  0.0053  0.0041  0.0111  0.0624  1.0000  0.0009  0.0000  0.0016  0.0000  0.0000  0.0000
 0.0054  0.0000  0.0707  0.0010  0.0073  0.0011  0.0038  0.0046  0.0022  0.0461  0.0053  0.0017  0.0051  0.0041  1.0000  0.6931  0.0044  0.0056  0.0030  0.0008  0.0000  0.0023  0.0000  0.0000  0.0000
 0.0591  0.0000  0.0004  0.0011  0.4687  0.0008  0.0135  0.0032  0.0015  1.0000  0.0334  0.0012  0.0035  0.0029  0.0086  0.1912  0.0031  0.0039  0.0021  0.0006  0.0000  0.0016  0.0000  0.0000  0.0000
 0.0250  0.0000  0.0009  0.0021  0.0103  0.0021  0.0052  0.0264  0.0326  1.0000  0.0353  0.0025  0.0115  0.0055  0.0396  0.1218  0.0065  0.0425  0.1254  0.0012  0.0000  0.0038  0.0000  0.0000  0.0000
 0.1073  0.0000  0.0021  1.0000  0.0399  0.0020  0.0577  0.0048  0.0074  0.1287  0.0402  0.0042  0.0783  0.0109  0.0354  0.0367  0.1688  0.3114  0.0176  0.0007  0.0000  0.0015  0.0000  0.0000  0.0000
 0.0045  0.0000  0.0010  0.1644  0.0019  0.0005  0.0031  0.0011  0.0013  0.0025  0.0013  0.0007  0.0447  0.0025  0.0018  0.0015  0.1608  1.0000  0.0021  0.0003  0.0000  0.0008  0.0000  0.0000  0.0000
 0.0038  0.0000  0.0006  0.0101  0.0115  0.0008  1.0000  0.0584  0.0010  0.0867  0.0023  0.0008  0.0366  0.0030  0.0062  0.1362  0.0740  0.0130  0.0014  0.0005  0.0000  0.0019  0.0000  0.0000  0.0000
 0.5255  0.0000  0.0189  0.2475  0.7494  0.0205  0.1389  0.7070  0.0628  1.0000  0.1018  0.0358  0.5505  0.0957  0.2741  0.1754  0.3093  0.2389  0.0956  0.0070  0.0000  0.0631  0.0000  0.0000  0.0000
 0.0007  0.0000  0.0003  0.0002  0.0002  0.0012  0.0004  0.0000  0.9225  0.0003  0.2266  0.0012  0.0002  0.0001  0.0001  0.0003  0.0004  0.0009  1.0000  0.0001  0.0000  0.0006  0.0000  0.0000  0.0000
 0.0011  0.0000  0.1056  0.0002  0.0003  0.0583  0.0002  0.0000  0.0024  0.0000  0.0057  0.0262  0.0000  0.0004  0.0000  0.0000  0.0008  0.0007  0.0022  0.0053  0.0000  1.0000  0.0000  0.0000  0.0000
 1.0000  0.0000  0.0000  0.0000  0.0000  0.0000  0.0000  0.0000  0.0000  0.0000  0.0000  0.0000  0.0000  0.0000  0.0000  0.0000  0.0000  0.0000  0.0000  0.0000  0.0000  0.0000  0.0000  0.0000  0.0000
 0.0007  0.0000  0.0002  0.0001  0.0002  0.0017  0.0001  0.0001  0.0031  0.0002  0.2542  1.0000  0.0002  0.0003  0.0003  0.0002  0.0002  0.0324  0.0018  0.0002  0.0000  0.0002  0.0000  0.0000  0.0000
 0.0000  0.0000  0.0000  0.0000  0.0000  0.0000  0.0000  0.0000  0.0000  1.0000  0.0000  0.0000  0.0000  0.0000  0.0000  0.0000  0.0000  0.0000  0.0000  0.0000  0.0000  0.0000  0.0000  0.0000  0.0000
 0.3512  0.0000  0.0728  0.0373  0.0611  0.0564  0.0209  0.0176  0.6833  0.1759  0.3299  0.0887  0.0621  0.0884  0.0510  0.0457  0.2506  0.5135  1.0000  0.0110  0.0000  0.0251  0.0000  0.0000  0.0000
 0.0004  0.0000  0.0001  0.0001  0.0001  0.0012  0.0001  0.0001  0.0100  0.0001  1.0000  0.1121  0.0001  0.0002  0.0002  0.0001  0.0001  0.0002  0.0012  0.0001  0.0000  0.0001  0.0000  0.0000  0.0000
 0.0594  0.0000  0.0059  0.0106  0.0814  0.0134  0.0415  0.0685  0.1743  0.9286  0.2402  0.0200  0.0567  0.0460  0.1544  1.0000  0.2102  0.0633  0.0992  0.0094  0.0000  0.0277  0.0000  0.0000  0.0000
 0.0000  0.0000  0.0000  0.0000  0.0000  0.0000  0.0000  0.0000  0.0000  1.0000  0.0000  0.0000  0.0000  0.0000  0.0000  0.0000  0.0000  0.0000  0.0000  0.0000  0.0000  0.0000  0.0000  0.0000  0.0000
 0.5275  0.0000  0.0029  0.0069  0.0056  0.0016  0.0050  0.0022  0.0045  0.4944  0.0161  0.0023  0.0568  0.0076  0.0422  0.0067  1.0000  0.3973  0.0071  0.0010  0.0000  0.0019  0.0000  0.0000  0.0000
 0.0105  0.0000  0.0002  0.5473  1.0000  0.0010  0.0040  0.0025  0.0013  0.0105  0.1505  0.0010  0.0044  0.0064  0.0138  0.0028  0.0053  0.0046  0.0024  0.0005  0.0000  0.0013  0.0000  0.0000  0.0000
 0.0007  0.0000  0.0002  0.0001  0.0002  0.0017  0.0001  0.0001  0.0033  0.0002  0.1240  1.0000  0.0002  0.0003  0.0003  0.0002  0.0002  0.0004  0.1315  0.0002  0.0000  0.0002  0.0000  0.0000  0.0000
 0.0041  0.0000  0.0012  0.0129  0.0015  0.4389  0.0015  0.0021  0.0142  0.0136  1.0000  0.0089  0.0015  0.0017  0.0022  0.0019  0.0019  0.0027  0.0961  0.0013  0.0000  0.0897  0.0000  0.0000  0.0000
 0.0648  0.0000  0.0047  0.0523  0.6920  0.0047  0.0331  0.0120  0.0292  1.0000  0.1765  0.0932  0.2307  0.0244  0.0904  0.5716  0.3152  0.0498  0.0834  0.0018  0.0000  0.0043  0.0000  0.0000  0.0000
 0.0059  0.0000  0.0006  0.0010  0.0082  0.0013  0.0042  0.0053  0.0026  1.0000  0.1980  0.0020  0.0057  0.0047  0.0140  0.9696  0.0048  0.0063  0.0034  0.0009  0.0000  0.0027  0.0000  0.0000  0.0000
 0.0257  0.0000  0.0053  1.0000  0.6400  0.0048  0.9244  0.0246  0.0026  0.0350  0.0057  0.0021  0.3999  0.0200  0.0262  0.0167  0.0614  0.0247  0.0045  0.0025  0.0000  0.0124  0.0000  0.0000  0.0000
 0.0009  0.0000  0.0001  0.0023  0.1055  0.0001  0.0007  0.0003  0.0002  0.0010  0.0003  0.0001  0.0004  0.0008  1.0000  0.0004  0.0005  0.0004  0.0003  0.0001  0.0000  0.0002  0.0000  0.0000  0.0000
 0.0010  0.0000  0.0003  0.0002  0.0003  0.0012  0.0003  0.0000  0.1607  0.0004  0.3987  0.0012  0.0002  0.0002  0.0002  0.0003  0.0003  0.0397  1.0000  0.0121  0.0000  0.0005  0.0000  0.0000  0.0000
 1.0000  0.0000  0.0204  0.0406  0.4985  0.0087  0.1967  0.0073  0.0103  0.0386  0.0225  0.0103  0.0213  0.0566  0.0280  0.1552  0.1094  0.0400  0.0356  0.0034  0.0000  0.0077  0.0000  0.0000  0.0000
 0.0010  0.0000  0.0003  0.0012  0.0006  0.0003  0.0021  1.0000  0.0003  0.0007  0.0005  0.0001  0.0010  0.0011  0.0004  0.0006  0.0101  0.0006  0.0004  0.0003  0.0000  0.0003  0.0000  0.0000  0.0000
 0.0247  0.0000  0.0003  0.0001  0.0002  0.0004  0.0001  0.0000  0.2705  0.0003  0.0024  0.0005  0.0001  0.0003  0.0002  0.0002  0.0003  0.0011  1.0000  0.0001  0.0000  0.0002  0.0000  0.0000  0.0000
 0.0042  0.0000  0.0004  0.0007  0.0058  0.0009  0.0029  0.0037  0.0018  0.6877  0.1708  0.0014  0.0040  0.0033  0.0099  1.0000  0.0034  0.0211  0.0024  0.0007  0.0000  0.0019  0.0000  0.0000  0.0000
 1.0000  0.0000  0.0005  0.0005  0.0005  0.0002  0.0021  0.0001  0.0003  0.0006  0.0005  0.0002  0.0007  0.0012  0.0004  0.0004  0.0936  0.1128  0.0009  0.0001  0.0000  0.0002  0.0000  0.0000  0.0000
 0.0000  0.0000  0.0000  0.0000  1.0000  0.0000  0.0000  0.0000  0.0000  0.0000  0.0000  0.0000  0.0000  0.0000  0.0000  0.0000  0.0000  0.0000  0.0000  0.0000  0.0000  0.0000  0.0000  0.0000  0.0000
 0.0000  0.0000  0.0000  0.0000  0.0000  0.0000  0.0000  0.0000  0.0000  0.0000  0.0000  0.0000  0.0000  0.0000  0.0000  1.0000  0.0000  0.0000  0.0000  0.0000  0.0000  0.0000  0.0000  0.0000  0.0000
 0.0012  0.0000  0.0003  1.0000  0.0018  0.0003  0.0044  0.0013  0.0002  0.0017  0.0003  0.0001  0.4805  0.0011  0.0012  0.0009  0.0032  0.0013  0.0002  0.0002  0.0000  0.0007  0.0000  0.0000  0.0000
 0.0009  0.0000  0.0003  0.0002  0.0003  0.0016  0.0005  0.0000  1.0000  0.0004  0.6437  0.0016  0.0003  0.0002  0.0002  0.0004  0.0004  0.0011  0.4568  0.0002  0.0000  0.0007  0.0000  0.0000  0.0000
 0.0000  0.0000  0.0000  0.0000  0.0000  0.0000  0.0000  0.0000  0.0000  0.0000  1.0000  0.0000  0.0000  0.0000  0.0000  0.0000  0.0000  0.0000  0.0000  0.0000  0.0000  0.0000  0.0000  0.0000  0.0000
 1.0000  0.0000  0.0013  0.0011  0.0012  0.0006  0.0043  0.0003  0.0028  0.0014  0.0024  0.0009  0.0014  0.0027  0.0010  0.0009  0.0432  0.1481  0.3100  0.0002  0.0000  0.0004  0.0000  0.0000  0.0000
 0.1287  0.0000  0.0001  0.1417  1.0000  0.0007  0.0837  0.0018  0.0009  0.0195  0.0017  0.0007  0.0098  0.0045  0.0215  0.0021  0.0040  0.0034  0.0110  0.0003  0.0000  0.0009  0.0000  0.0000  0.0000
 1.0000  0.0000  0.0035  0.0025  0.0031  0.0015  0.0140  0.0007  0.0057  0.0034  0.0055  0.0022  0.0027  0.0076  0.0024  0.0023  0.5907  0.0234  0.7672  0.0005  0.0000  0.0010  0.0000  0.0000  0.0000
 0.0778  0.0000  0.0001  1.0000  0.0405  0.0003  0.0020  0.0010  0.0004  0.1193  0.0007  0.0003  0.0348  0.0020  0.0319  0.0010  0.0022  0.0016  0.0007  0.0002  0.0000  0.0005  0.0000  0.0000  0.0000
 0.0076  0.0000  0.0391  0.0324  0.0094  0.0013  0.1015  0.1327  0.0007  0.0091  0.0015  0.0006  0.3569  0.0054  0.0061  0.0047  1.0000  0.0074  0.0013  0.0007  0.0000  0.0035  0.0000  0.0000  0.0000
 0.6374  0.0000  0.0262  0.4675  1.0000  0.0268  0.1897  0.2816  0.0922  0.4636  0.2872  0.0526  0.4685  0.8426  0.4571  0.3500  0.3606  0.2925  0.1412  0.0093  0.0000  0.0224  0.0000  0.0000  0.0000
 0.0011  0.0000  0.2856  0.0002  0.0003  0.0573  0.0002  0.0000  0.0023  0.0000  0.0056  0.0011  0.0000  0.0004  0.0000  0.0000  0.0007  0.0007  0.0021  1.0000  0.0000  0.1858  0.0000  0.0000  0.0000
 0.0008  0.0000  0.0003  0.0002  0.0002  0.0014  0.0004  0.0000  0.7554  0.0004  0.3772  0.0013  0.0002  0.0002  0.0001  0.0003  0.0004  0.0010  1.0000  0.0002  0.0000  0.0006  0.0000  0.0000  0.0000
 0.0000  0.0000  0.0000  0.0000  0.0000  0.0000  0.0000  0.0000  0.0000  0.0000  0.0000  0.0000  0.0000  0.0000  0.0000  0.0000  0.0000  0.0000  1.0000  0.0000  0.0000  0.0000  0.0000  0.0000  0.0000
 0.0160  0.0000  0.0001  0.0002  0.0016  0.0002  0.0008  0.0010  0.0005  1.0000  0.0012  0.0004  0.0011  0.0009  0.0343  0.0857  0.1200  0.0012  0.0007  0.0002  0.0000  0.0005  0.0000  0.0000  0.0000
 0.0006  0.0000  0.0001  0.0001  0.0001  0.0015  0.0001  0.0001  0.0028  0.0002  1.0000  0.2815  0.0001  0.0002  0.0003  0.0002  0.0002  0.0003  0.0015  0.0002  0.0000  0.0002  0.0000  0.0000  0.0000
 0.0044  0.0000  0.0201  0.0018  0.0023  0.3404  0.0028  0.1748  0.0039  0.0025  0.1802  0.0022  0.0026  0.0018  0.0147  0.0030  0.0034  0.0034  0.0046  0.0016  0.0000  1.0000  0.0000  0.0000  0.0000
 0.1326  0.0000  0.1671  0.0033  0.0042  0.1623  0.0134  0.0016  0.0162  0.0031  0.0362  0.0081  0.0027  0.0084  0.0023  0.0024  0.0182  0.0557  0.0192  0.0305  0.0000  1.0000  0.0000  0.0000  0.0000
 0.1285  0.0000  0.0004  0.0005  0.0004  0.0002  0.0015  0.0001  0.0003  0.0005  0.0004  0.0002  0.0007  0.0009  0.0004  0.0003  1.0000  0.0457  0.0007  0.0001  0.0000  0.0002  0.0000  0.0000  0.0000
 0.0000  0.0000  0.0000  0.0000  0.0000  1.0000  0.0000  0.0000  0.0000  0.0000  0.0000  0.0000  0.0000  0.0000  0.0000  0.0000  0.0000  0.0000  0.0000  0.0000  0.0000  0.0000  0.0000  0.0000  0.0000
 0.0000  0.0000  0.0000  0.0000  0.0000  0.0000  0.0000  0.0000  0.0000  0.0000  0.0000  0.0000  0.0000  0.0000  1.0000  0.0000  0.0000  0.0000  0.0000  0.0000  0.0000  0.0000  0.0000  0.0000  0.0000
 0.0000  0.0000  0.0000  1.0000  0.0000  0.0000  0.0000  0.0000  0.0000  0.0000  0.0000  0.0000  0.0000  0.0000  0.0000  0.0000  0.0000  0.0000  0.0000  0.0000  0.0000  0.0000  0.0000  0.0000  0.0000
 0.5688  0.0000  0.0220  0.6709  0.7634  0.0205  0.1568  0.0500  0.0771  1.0000  0.1243  0.0436  0.2633  0.3004  0.3022  0.2609  0.7926  0.3661  0.1175  0.0071  0.0000  0.0563  0.0000  0.0000  0.0000
 0.4669  0.0000  0.0194  0.6309  1.0000  0.0219  0.1401  0.0451  0.1015  0.3255  0.2720  0.0646  0.1704  0.0947  0.4358  0.2884  0.2849  0.2426  0.2116  0.0071  0.0000  0.0834  0.0000  0.0000  0.0000
 0.2899  0.0000  0.1181  0.1961  0.1716  0.5071  0.2380  0.3421  0.2135  0.1812  0.3532  0.1201  0.5753  0.1237  0.2731  0.1999  0.3000  0.2304  0.2730  0.1013  0.0000  1.0000  0.0000  0.0000  0.0000
 0.0005  0.0000  0.0001  0.0001  0.0001  0.0012  0.0001  0.0001  0.1031  0.0002  1.0000  0.0015  0.0001  0.0002  0.0002  0.0002  0.0001  0.0003  0.0013  0.0001  0.0000  0.0002  0.0000  0.0000  0.0000
 0.0002  0.0000  0.0001  0.0000  0.0001  0.0137  0.0000  0.0000  0.0004  0.0000  0.0010  0.0002  0.0000  0.0001  0.0000  0.0000  0.0001  0.0001  0.0004  0.0010  0.0000  1.0000  0.0000  0.0000  0.0000
 0.0006  0.0000  0.0002  0.0001  0.0002  0.1223  0.0001  0.0001  0.0032  0.0002  1.0000  0.0437  0.0002  0.0003  0.0003  0.0002  0.0002  0.0004  0.0017  0.0002  0.0000  0.0003  0.0000  0.0000  0.0000
 0.1849  0.0000  0.0006  0.0003  0.0005  0.0018  0.0005  0.0001  1.0000  0.0007  0.2657  0.0020  0.0004  0.0005  0.0003  0.0005  0.0007  0.0023  0.4016  0.0002  0.0000  0.0008  0.0000  0.0000  0.0000
 0.0000  0.0000  0.0000  0.0000  0.0000  0.0000  0.0000  0.0000  0.0000  0.0000  0.0000  1.0000  0.0000  0.0000  0.0000  0.0000  0.0000  0.0000  0.0000  0.0000  0.0000  0.0000  0.0000  0.0000  0.0000
 0.0011  0.0000  0.0000  0.1236  1.0000  0.0001  0.0005  0.0003  0.0001  0.0011  0.0003  0.0001  0.0005  0.0007  0.0014  0.0003  0.0006  0.0005  0.0003  0.0001  0.0000  0.0001  0.0000  0.0000  0.0000
 0.0006  0.0000  0.0003  0.0001  0.0001  0.8652  0.0001  0.0000  0.0012  0.0000  0.0030  0.0006  0.0000  0.0002  0.0000  0.0000  0.0004  0.0004  0.0011  0.0028  0.0000  1.0000  0.0000  0.0000  0.0000
 0.0006  0.0000  0.0002  0.0001  0.0002  0.0013  0.0002  0.0001  0.1352  0.0002  1.0000  0.0015  0.0001  0.0002  0.0002  0.0002  0.0002  0.0005  0.1190  0.0001  0.0000  0.0003  0.0000  0.0000  0.0000
 0.0280  0.0000  0.0004  0.0003  0.0003  0.0001  0.0021  0.0001  0.0002  0.0004  0.0004  0.0002  0.0002  1.0000  0.0002  0.0003  0.0126  0.0007  0.0006  0.0001  0.0000  0.0001  0.0000  0.0000  0.0000
 0.0011  0.0000  0.0003  0.0009  0.0006  0.0003  1.0000  0.0003  0.0003  0.0007  0.0007  0.0001  0.0005  0.0013  0.0004  0.0065  0.0007  0.0005  0.0004  0.0003  0.0000  0.0003  0.0000  0.0000  0.0000
 0.0000  0.0000  0.0000  0.0000  0.0000  0.0000  1.0000  0.0000  0.0000  0.0000  0.0000  0.0000  0.0000  0.0000  0.0000  0.0000  0.0000  0.0000  0.0000  0.0000  0.0000  0.0000  0.0000  0.0000  0.0000
 0.0000  0.0000  0.0000  1.0000  0.0000  0.0000  0.0000  0.0000  0.0000  0.0000  0.0000  0.0000  0.0000  0.0000  0.0000  0.0000  0.0000  0.0000  0.0000  0.0000  0.0000  0.0000  0.0000  0.0000  0.0000
 0.0016  0.0000  0.0004  0.0002  0.0004  0.1743  0.0003  0.0003  0.1332  0.0005  0.5308  1.0000  0.0004  0.0007  0.0008  0.0005  0.0004  0.0187  0.0471  0.0005  0.0000  0.0005  0.0000  0.0000  0.0000
 0.0020  0.0000  0.0012  0.0016  0.0013  0.0011  0.0042  0.0009  0.0013  0.0026  0.0030  1.0000  0.0011  0.0023  0.0014  0.1035  0.0012  0.0013  0.0014  0.0007  0.0000  0.0010  0.0000  0.0000  0.0000
 0.0012  0.0000  0.0002  0.0005  0.0003  0.0001  0.0004  0.0001  0.0003  0.0005  0.0003  0.0141  0.0009  0.0006  0.0004  0.0003  0.1297  1.0000  0.0006  0.0001  0.0000  0.0001  0.0000  0.0000  0.0000
 0.0006  0.0000  0.0002  0.0001  0.0002  0.0017  0.0001  0.0001  0.0032  0.0002  1.0000  0.3288  0.0002  0.0003  0.0096  0.0002  0.0002  0.0004  0.0017  0.0002  0.0000  0.0002  0.0000  0.0000  0.0000
 0.0000  0.0000  0.0000  0.0000  0.0000  0.0000  0.0000  0.0000  0.0000  0.0000  1.0000  0.0000  0.0000  0.0000  0.0000  0.0000  0.0000  0.0000  0.0000  0.0000  0.0000  0.0000  0.0000  0.0000  0.0000
 0.0082  0.0000  0.0020  0.0015  0.0020  0.0146  0.0025  0.0013  0.7675  0.0027  0.0829  1.0000  0.1754  0.0031  0.0032  0.0025  0.0029  0.0052  0.0227  0.0018  0.0000  0.0022  0.0000  0.0000  0.0000
 0.0024  0.0000  0.0002  0.0006  0.0033  0.0005  0.0018  0.0021  0.0010  0.7842  0.0024  0.0008  0.2292  0.0019  0.0055  1.0000  0.0020  0.0025  0.0013  0.0004  0.0000  0.0011  0.0000  0.0000  0.0000
 0.0987  0.0000  0.0103  0.0192  0.2237  0.0244  0.0693  0.0883  0.0432  1.0000  0.1005  0.1146  0.0942  0.0762  0.2278  0.5818  0.0810  0.1770  0.0572  0.0731  0.0000  0.1883  0.0000  0.0000  0.0000
 0.0067  0.0000  0.0002  1.0000  0.3531  0.0006  0.2614  0.0019  0.0008  0.0069  0.0015  0.0006  0.0046  0.0041  0.1100  0.0019  0.0041  0.0031  0.0015  0.0003  0.0000  0.0010  0.0000  0.0000  0.0000
 0.0223  0.0000  0.0054  0.0024  0.0043  0.0120  0.0033  0.0007  0.6416  0.0053  0.1103  0.0132  0.0031  0.0046  0.0027  0.0037  0.0053  1.0000  0.5107  0.0015  0.0000  0.0052  0.0000  0.0000  0.0000
 0.0021  0.0000  0.0007  0.0003  0.0006  0.6012  0.0005  0.0004  0.0095  0.0006  1.0000  0.0061  0.0004  0.0009  0.0009  0.0006  0.0008  0.0013  0.0055  0.0026  0.0000  0.0087  0.0000  0.0000  0.0000
 0.0456  0.0000  0.0094  0.0211  0.0158  0.0052  0.0150  0.1743  0.0145  0.0356  0.0148  0.0075  0.0391  0.1874  0.0460  0.0794  0.7625  1.0000  0.0225  0.0034  0.0000  0.0066  0.0000  0.0000  0.0000
 0.0015  0.0000  0.0001  0.0185  1.0000  0.0002  0.0015  0.0006  0.0002  0.0016  0.0003  0.0001  0.1041  0.0009  0.0018  0.0005  0.0014  0.0008  0.0003  0.0001  0.0000  0.0003  0.0000  0.0000  0.0000
 0.0151  0.0000  0.0015  1.0000  0.4601  0.0025  0.0129  0.0982  0.0038  0.0180  0.0062  0.0022  0.1064  0.0187  0.0128  0.1969  0.0522  0.0528  0.0378  0.0008  0.0000  0.0104  0.0000  0.0000  0.0000
 0.5101  0.0000  0.1785  0.2052  0.2934  0.7043  0.3303  0.5463  0.4079  0.2906  0.6700  0.2236  0.3066  0.2041  0.2941  0.3471  0.4002  0.3908  0.5156  0.1846  0.0000  1.0000  0.0000  0.0000  0.0000
 0.9654  0.0000  0.0013  0.0017  0.0014  0.0006  0.0049  0.0004  0.0011  0.0018  0.0015  0.0007  0.0025  0.0032  0.0013  0.0012  0.0520  1.0000  0.0025  0.0003  0.0000  0.0005  0.0000  0.0000  0.0000
 0.0011  0.0000  0.0001  0.0002  0.0015  0.0002  0.0008  0.0115  0.0005  0.1156  0.0011  0.0004  0.0010  0.0009  0.2978  1.0000  0.0009  0.0012  0.0006  0.0002  0.0000  0.0005  0.0000  0.0000  0.0000
 0.0000  0.0000  0.0000  0.0000  0.0000  1.0000  0.0000  0.0000  0.0000  0.0000  0.0000  0.0000  0.0000  0.0000  0.0000  0.0000  0.0000  0.0000  0.0000  0.0000  0.0000  0.0000  0.0000  0.0000  0.0000
 0.0002  0.0000  0.0001  0.0001  0.0001  0.0045  0.0001  0.0000  0.0005  0.0000  0.0121  0.0002  0.0000  0.0001  0.0000  0.0000  0.0002  0.0001  0.0004  0.0010  0.0000  1.0000  0.0000  0.0000  0.0000
 0.0009  0.0000  0.0003  0.0002  0.0002  0.0012  0.0004  0.0000  1.0000  0.0004  0.0063  0.3597  0.0002  0.0002  0.0001  0.0003  0.0004  0.0010  0.3264  0.0001  0.0000  0.0005  0.0000  0.0000  0.0000
 1.0000  0.0000  0.0005  0.0004  0.0005  0.0002  0.1050  0.0001  0.0002  0.0005  0.0005  0.0002  0.0003  0.0013  0.0003  0.0004  0.0900  0.0009  0.0052  0.0001  0.0000  0.0001  0.0000  0.0000  0.0000
 0.0010  0.0000  0.0000  0.0026  1.0000  0.0001  0.0005  0.0002  0.0001  0.0010  0.0002  0.0001  0.0004  0.0006  0.1197  0.0003  0.0005  0.0004  0.0002  0.0001  0.0000  0.0001  0.0000  0.0000  0.0000
 0.4304  0.0000  0.3551  0.0186  0.0492  0.0393  0.0042  0.0134  0.5364  0.0502  0.4889  0.2592  0.0291  0.0711  0.0384  0.0286  0.3232  1.0000  0.7082  0.0068  0.0000  0.0120  0.0000  0.0000  0.0000
 0.1597  0.0000  0.0021  0.0006  0.0016  0.1732  0.0005  0.0003  0.4003  0.0017  0.0307  0.0032  0.0009  0.0020  0.0011  0.0011  0.0017  0.2028  1.0000  0.0003  0.0000  0.0009  0.0000  0.0000  0.0000
 0.0027  0.0000  0.0589  0.0003  0.0006  0.0051  0.0008  0.0004  0.0095  0.0007  1.0000  0.1118  0.0005  0.0010  0.0010  0.0007  0.1155  0.0013  0.0054  0.0006  0.0000  0.0007  0.0000  0.0000  0.0000
 1.0000  0.0000  0.1022  0.0004  0.0005  0.0002  0.0171  0.0001  0.0003  0.0006  0.0006  0.0003  0.0004  0.0015  0.0004  0.0004  0.0031  0.0010  0.0010  0.0001  0.0000  0.0002  0.0000  0.0000  0.0000
 0.0003  0.0000  0.0001  0.0001  0.0001  0.0005  0.0001  0.0000  1.0000  0.0001  0.0382  0.0004  0.0001  0.0001  0.0000  0.0001  0.0001  0.0003  0.1787  0.0001  0.0000  0.0002  0.0000  0.0000  0.0000
 0.0162  0.0000  0.0001  0.4648  1.0000  0.0003  0.0017  0.0479  0.0004  0.0033  0.0007  0.0003  0.0200  0.0020  0.0973  0.0009  0.0141  0.0015  0.0007  0.0001  0.0000  0.0005  0.0000  0.0000  0.0000
 0.6445  0.0000  0.0019  0.0158  0.0018  0.0342  0.0311  0.0004  0.0011  0.0021  0.0019  0.0009  0.0022  0.0046  0.0015  0.0014  1.0000  0.0570  0.0096  0.0003  0.0000  0.0006  0.0000  0.0000  0.0000
 0.0004  0.0000  0.0002  0.0001  0.0001  0.0008  0.0002  0.0000  1.0000  0.0002  0.1473  0.0007  0.0001  0.0001  0.0001  0.0002  0.0002  0.0006  0.4404  0.0001  0.0000  0.0003  0.0000  0.0000  0.0000
 0.0000  0.0000  0.0000  0.0000  0.0000  0.0000  0.0000  1.0000  0.0000  0.0000  0.0000  0.0000  0.0000  0.0000  0.0000  0.0000  0.0000  0.0000  0.0000  0.0000  0.0000  0.0000  0.0000  0.0000  0.0000
 0.0045  0.0000  0.0004  0.0009  0.0328  0.0009  0.0031  0.0039  0.0019  1.0000  0.0044  0.0015  0.1131  0.0035  0.2834  0.1873  0.0172  0.0047  0.1197  0.0007  0.0000  0.0020  0.0000  0.0000  0.0000
 0.0646  0.0000  0.0106  0.0082  0.0163  0.0817  0.0148  0.3334  0.1324  0.0341  1.0000  0.2461  0.0156  0.0173  0.0258  0.0451  0.0187  0.0261  0.0805  0.0122  0.0000  0.0532  0.0000  0.0000  0.0000
 0.0019  0.0000  0.0004  0.0200  0.0026  0.0004  1.0000  0.0019  0.0060  0.0138  0.0004  0.0001  0.4248  0.0015  0.0017  0.0013  0.0328  0.0019  0.0003  0.0002  0.0000  0.0010  0.0000  0.0000  0.0000
 0.0005  0.0000  0.0003  0.0001  0.0001  1.0000  0.0001  0.0000  0.0011  0.0000  0.0027  0.0005  0.0000  0.0002  0.0000  0.0000  0.0004  0.0003  0.0010  0.0026  0.0000  0.7672  0.0000  0.0000  0.0000
 0.0003  0.0000  0.0001  0.0001  0.0001  0.0005  0.0001  0.0000  1.0000  0.0001  0.1013  0.0005  0.0001  0.0001  0.0001  0.0001  0.0001  0.0003  0.0807  0.0001  0.0000  0.0002  0.0000  0.0000  0.0000
 0.0000  0.0000  0.0000  0.0000  0.0000  0.0000  0.0000  1.0000  0.0000  0.0000  0.0000  0.0000  0.0000  0.0000  0.0000  0.0000  0.0000  0.0000  0.0000  0.0000  0.0000  0.0000  0.0000  0.0000  0.0000
 0.0000  0.0000  0.0000  0.0000  0.0000  0.0000  0.0000  0.0000  0.0000  0.0000  0.0000  0.0000  0.0000  0.0000  0.0000  1.0000  0.0000  0.0000  0.0000  0.0000  0.0000  0.0000  0.0000  0.0000  0.0000
 0.0000  0.0000  0.0000  1.0000  0.0000  0.0000  0.0000  0.0000  0.0000  0.0000  0.0000  0.0000  0.0000  0.0000  0.0000  0.0000  0.0000  0.0000  0.0000  0.0000  0.0000  0.0000  0.0000  0.0000  0.0000
 0.0003  0.0000  0.0001  0.0001  0.0001  0.0007  0.0001  0.0000  1.0000  0.0001  0.1056  0.0007  0.0001  0.0001  0.0001  0.0001  0.0001  0.0003  0.0201  0.0001  0.0000  0.0002  0.0000  0.0000  0.0000
 0.0000  0.0000  0.0000  0.0000  0.0000  0.0000  0.0000  0.0000  0.0000  1.0000  0.0000  0.0000  0.0000  0.0000  0.0000  0.0000  0.0000  0.0000  0.0000  0.0000  0.0000  0.0000  0.0000  0.0000  0.0000
 0.0000  0.0000  0.0000  0.0000  0.0000  0.0000  0.0000  0.0000  0.0000  0.0000  0.0000  0.0000  0.0000  1.0000  0.0000  0.0000  0.0000  0.0000  0.0000  0.0000  0.0000  0.0000  0.0000  0.0000  0.0000
 0.0009  0.0000  0.0000  1.0000  0.1053  0.0001  0.0006  0.0003  0.0001  0.0009  0.0002  0.0001  0.0006  0.0006  0.0011  0.0003  0.0005  0.0004  0.0002  0.0001  0.0000  0.0001  0.0000  0.0000  0.0000
 0.0000  0.0000  0.0000  0.0000  0.0000  0.0000  0.0000  0.0000  0.0000  0.0000  0.0000  0.0000  1.0000  0.0000  0.0000  0.0000  0.0000  0.0000  0.0000  0.0000  0.0000  0.0000  0.0000  0.0000  0.0000
 0.0018  0.0000  0.0005  0.0002  0.0005  0.1681  0.0004  0.0003  0.6471  0.0006  1.0000  0.0058  0.0004  0.0007  0.0009  0.0006  0.0005  0.0011  0.0153  0.0006  0.0000  0.0007  0.0000  0.0000  0.0000
 0.0004  0.0000  0.0001  0.0001  0.0001  0.0011  0.0001  0.0001  0.0469  0.0001  1.0000  0.0013  0.0001  0.0002  0.0002  0.0001  0.0001  0.0002  0.0011  0.0001  0.0000  0.0001  0.0000  0.0000  0.0000
 0.0010  0.0000  0.0003  0.0001  0.0003  0.0027  0.0002  0.0002  0.5113  0.0003  1.0000  0.0034  0.0003  0.0004  0.0005  0.0003  0.0003  0.0006  0.0030  0.0003  0.0000  0.0004  0.0000  0.0000  0.0000
 0.0010  0.0000  0.0002  1.0000  0.0007  0.0001  0.0014  0.0004  0.0002  0.0006  0.0002  0.0001  0.0021  0.0005  0.0005  0.0003  0.0148  0.0230  0.0003  0.0001  0.0000  0.0002  0.0000  0.0000  0.0000
 0.3203  0.0000  0.0091  0.0244  0.1246  0.0198  0.0625  0.0794  0.1378  0.8879  0.2009  0.0286  0.1043  0.0663  0.1945  1.0000  0.4181  0.0957  0.0510  0.0132  0.0000  0.0396  0.0000  0.0000  0.0000
 0.7512  0.0000  0.1110  0.7827  0.8539  0.3296  0.5904  0.3371  0.2998  1.0000  0.5028  0.1666  0.6884  0.2810  0.5440  0.7757  0.7728  0.7496  0.4110  0.0882  0.0000  0.5130  0.0000  0.0000  0.0000
 0.0000  0.0000  0.0000  0.0000  0.0000  0.0000  1.0000  0.0000  0.0000  0.0000  0.0000  0.0000  0.0000  0.0000  0.0000  0.0000  0.0000  0.0000  0.0000  0.0000  0.0000  0.0000  0.0000  0.0000  0.0000
 0.0000  0.0000  0.0000  0.0000  0.0000  0.0000  0.0000  1.0000  0.0000  0.0000  0.0000  0.0000  0.0000  0.0000  0.0000  0.0000  0.0000  0.0000  0.0000  0.0000  0.0000  0.0000  0.0000  0.0000  0.0000
 0.0018  0.0000  0.0006  0.0004  0.0006  0.0036  0.0008  0.0001  1.0000  0.0008  0.5629  0.4228  0.0006  0.0005  0.0004  0.0007  0.0008  0.0020  0.9574  0.0004  0.0000  0.0012  0.0000  0.0000  0.0000
 0.0006  0.0000  0.0001  0.0001  0.0008  0.0001  0.0004  0.0005  0.0003  1.0000  0.0137  0.0002  0.0006  0.0005  0.0014  0.0541  0.0005  0.0007  0.0003  0.0001  0.0000  0.0003  0.0000  0.0000  0.0000
 0.0000  0.0000  0.0000  0.0000  0.0000  0.0000  0.0000  0.0000  0.0000  0.0000  1.0000  0.0000  0.0000  0.0000  0.0000  0.0000  0.0000  0.0000  0.0000  0.0000  0.0000  0.0000  0.0000  0.0000  0.0000
 0.0262  0.0000  0.0004  0.0008  0.0005  0.0002  0.0006  0.0002  0.0006  0.0008  0.0005  0.0003  0.0202  0.0010  0.0006  0.0005  1.0000  0.4873  0.0009  0.0001  0.0000  0.0002  0.0000  0.0000  0.0000
 0.0008  0.0000  0.0002  1.0000  0.0008  0.0002  0.0017  0.0004  0.0001  0.0006  0.0003  0.0001  0.0019  0.0006  0.0004  0.0004  0.0136  0.0005  0.0002  0.0001  0.0000  0.0003  0.0000  0.0000  0.0000
 0.0000  0.0000  0.0000  0.0000  0.0000  1.0000  0.0000  0.0000  0.0000  0.0000  0.0000  0.0000  0.0000  0.0000  0.0000  0.0000  0.0000  0.0000  0.0000  0.0000  0.0000  0.0000  0.0000  0.0000  0.0000
 0.0009  0.0000  0.0003  0.0015  0.0006  0.0002  1.0000  0.0004  0.0002  0.0006  0.0004  0.0001  0.0140  0.0008  0.0004  0.0005  0.0010  0.0005  0.0003  0.0002  0.0000  0.0003  0.0000  0.0000  0.0000
 0.0000  0.0000  0.0000  0.0000  0.0000  0.0000  0.0000  0.0000  0.0000  0.0000  1.0000  0.0000  0.0000  0.0000  0.0000  0.0000  0.0000  0.0000  0.0000  0.0000  0.0000  0.0000  0.0000  0.0000  0.0000
 0.1593  0.0000  1.0000  0.0012  0.0015  0.0006  0.0092  0.0003  0.0007  0.0016  0.0016  0.0007  0.0011  0.0041  0.0011  0.0011  0.4180  0.0031  0.0027  0.0002  0.0000  0.0005  0.0000  0.0000  0.0000
 0.1759  0.0000  0.0038  0.0028  0.0043  0.0022  0.0039  0.0017  0.0354  0.5383  0.0118  0.0135  0.0050  0.0063  0.0046  0.0064  0.0185  1.0000  0.0309  0.0007  0.0000  0.0013  0.0000  0.0000  0.0000
 0.1338  0.0000  0.0127  0.0099  0.0114  0.0048  1.0000  0.0022  0.0055  0.0124  0.0121  0.0057  0.0087  0.4579  0.0085  0.0089  0.0979  0.0223  0.0381  0.0017  0.0000  0.0037  0.0000  0.0000  0.0000
 0.0126  0.0000  0.0033  0.0016  0.0033  0.5246  0.1399  0.0026  0.1019  0.0044  1.0000  0.1437  0.0032  0.0053  0.0065  0.0044  0.0237  0.0074  0.0749  0.0040  0.0000  0.0045  0.0000  0.0000  0.0000
 0.1151  0.0000  0.0121  0.3875  0.1943  0.0283  0.0880  0.2475  0.0466  1.0000  0.2008  0.0352  0.1292  0.0845  0.2487  0.6738  0.1000  0.1156  0.0625  0.0173  0.0000  0.0635  0.0000  0.0000  0.0000
 0.4714  0.0000  0.3055  0.5371  0.3677  0.4797  0.5027  0.4678  0.2880  1.0000  0.4903  0.1671  0.7562  0.2346  0.3790  0.5936  0.5882  0.4367  0.3923  0.2251  0.0000  0.7194  0.0000  0.0000  0.0000
 0.5946  0.0000  0.0136  0.0755  0.1702  0.0884  0.0552  0.0789  0.0375  0.2662  0.1313  0.0211  0.0664  0.3710  0.3863  0.1861  1.0000  0.9224  0.0527  0.0101  0.0000  0.0665  0.0000  0.0000  0.0000
 0.0815  0.0000  0.0067  0.0609  0.0178  0.0220  0.1913  1.0000  0.0249  0.0533  0.0210  0.0072  0.2755  0.0112  0.0150  0.0152  0.0852  0.0827  0.0165  0.0061  0.0000  0.1031  0.0000  0.0000  0.0000
 0.7571  0.0000  0.0575  0.7240  1.0000  0.1007  0.3837  0.1365  0.2024  0.9698  0.3710  0.1107  0.5184  0.2765  0.5980  0.6157  0.7484  0.5766  0.2949  0.0224  0.0000  0.0667  0.0000  0.0000  0.0000
 0.2403  0.0000  0.0136  0.1735  0.2703  0.0135  0.1206  0.0457  0.3049  0.2283  0.0863  0.0264  0.4852  0.4823  0.2549  0.1291  1.0000  0.8442  0.0711  0.0046  0.0000  0.0112  0.0000  0.0000  0.0000
 0.3909  0.0000  0.0295  0.4814  1.0000  0.0136  0.1401  0.0330  0.0937  0.5212  0.0938  0.0474  0.4435  0.0747  0.1851  0.1726  0.4838  0.2679  0.1132  0.0047  0.0000  0.0103  0.0000  0.0000  0.0000
 0.1127  0.0000  0.0309  0.0724  0.1096  0.6128  0.0970  0.1295  0.1351  0.0920  0.4768  0.0385  0.0914  0.0356  0.0513  0.0607  0.2784  0.0824  0.1118  0.0323  0.0000  1.0000  0.0000  0.0000  0.0000
 0.1224  0.0000  0.0228  0.1225  0.0362  0.0905  0.0498  0.0750  0.0508  0.0603  0.1073  0.1704  0.1259  0.0317  0.0741  0.0562  0.0847  0.0509  0.0723  0.0345  0.0000  1.0000  0.0000  0.0000  0.0000
 0.1521  0.0000  0.0035  0.0402  0.5169  0.1150  0.0557  0.0080  0.0425  0.4404  0.0196  0.0069  0.0765  0.0177  0.7602  1.0000  0.0579  0.1223  0.0184  0.0012  0.0000  0.0026  0.0000  0.0000  0.0000
 0.1930  0.0000  0.0082  0.3851  0.2235  0.0077  0.1380  0.0187  0.0289  0.8483  0.0466  0.0523  1.0000  0.0988  0.2423  0.2197  0.3909  0.0885  0.0440  0.0026  0.0000  0.0246  0.0000  0.0000  0.0000
 0.2198  0.0000  0.0354  0.1658  0.2684  0.1141  0.2966  0.1014  0.1374  0.2068  1.0000  0.0826  0.1472  0.0965  0.1476  0.1499  0.1955  0.1634  0.2011  0.0664  0.0000  0.1663  0.0000  0.0000  0.0000
 0.7549  0.0000  0.0535  0.6253  1.0000  0.0530  0.3797  0.1221  0.1866  0.9243  0.3139  0.1067  0.4977  0.2749  0.5854  0.5223  0.7392  0.5757  0.2864  0.0176  0.0000  0.0412  0.0000  0.0000  0.0000
 0.4484  0.0000  0.0357  0.3990  1.0000  0.0681  0.3726  0.5541  0.1782  0.6978  0.1875  0.0748  0.3259  0.2216  0.6178  0.2946  0.5568  0.3381  0.2003  0.0166  0.0000  0.0860  0.0000  0.0000  0.0000
 0.8846  0.0000  0.0510  0.6910  1.0000  0.0476  0.4840  0.1159  0.1936  0.9509  0.3075  0.1481  0.8747  0.3642  0.6215  0.5191  0.9214  0.6171  0.4594  0.0164  0.0000  0.0361  0.0000  0.0000  0.0000
 0.7267  0.0000  0.0508  0.6349  1.0000  0.0473  0.4429  0.1208  0.1779  0.9552  0.3373  0.1461  0.4797  0.3018  0.5643  0.5384  0.7542  0.5807  0.2739  0.0163  0.0000  0.0359  0.0000  0.0000  0.0000
 0.2356  0.0000  0.0106  0.4134  0.3958  0.0099  0.1014  0.0476  0.0778  0.1850  0.0600  0.0211  0.4494  1.0000  0.3359  0.1547  0.3786  0.3171  0.1133  0.0034  0.0000  0.0075  0.0000  0.0000  0.0000
 0.2700  0.0000  0.0095  0.2470  0.2256  0.0089  0.1803  0.0392  0.0752  0.2799  0.0883  0.0472  0.2002  0.1525  0.1567  0.1817  1.0000  0.4012  0.1562  0.0031  0.0000  0.0067  0.0000  0.0000  0.0000
 0.0486  0.0000  0.0099  1.0000  0.0599  0.0017  0.0466  0.0042  0.0064  0.1696  0.0103  0.0036  0.2641  0.0849  0.1112  0.0373  0.3943  0.0396  0.0525  0.0006  0.0000  0.0013  0.0000  0.0000  0.0000
 0.7786  0.0000  0.0617  0.6385  1.0000  0.1225  0.3963  0.1418  0.2006  0.9265  0.3355  0.1244  0.5037  0.2852  0.5924  0.5380  0.7612  0.5887  0.3220  0.0243  0.0000  0.0778  0.0000  0.0000  0.0000
 0.7686  0.0000  0.0799  0.6482  1.0000  0.0553  0.3947  0.1340  0.2493  0.9380  0.3162  0.1056  0.5004  0.3431  0.5790  0.5338  0.8316  0.6228  0.2941  0.0339  0.0000  0.0464  0.0000  0.0000  0.0000
 0.9999  0.0000  0.2040  0.5196  0.7388  1.0000  0.5035  0.6209  0.4901  0.7340  0.8327  0.2911  0.6455  0.3412  0.5788  0.5966  0.8371  0.6706  0.6418  0.2152  0.0000  0.9945  0.0000  0.0000  0.0000
 0.7538  0.0000  0.0526  0.6787  1.0000  0.0546  0.5094  0.1199  0.1964  0.9419  0.4447  0.1150  0.5035  0.4729  0.7616  0.6133  0.9018  0.5805  0.2797  0.0229  0.0000  0.0395  0.0000  0.0000  0.0000
 0.6738  0.0000  0.0545  0.6960  0.9212  0.0772  0.3427  0.1639  0.1798  0.9823  0.3043  0.1016  1.0000  0.5013  0.5313  0.8707  0.7232  0.9108  0.3338  0.0768  0.0000  0.0926  0.0000  0.0000  0.0000
 0.7599  0.0000  0.2257  0.3347  0.4928  0.7278  0.4044  0.5630  0.5004  0.5002  0.8090  0.5445  0.4111  0.4158  0.4197  0.6342  0.6576  0.6210  0.8418  0.1874  0.0000  1.0000  0.0000  0.0000  0.0000
 0.2338  0.0000  0.0093  0.4389  0.2188  0.0087  0.1752  0.0211  0.0498  0.1615  0.0525  0.3445  0.5639  0.0478  0.1202  0.1405  1.0000  0.6135  0.0496  0.0030  0.0000  0.0067  0.0000  0.0000  0.0000
 0.1913  0.0000  0.1444  0.1353  0.4683  0.0095  0.0897  0.0224  0.0341  0.1886  0.0550  0.0773  0.8539  0.2320  0.5637  0.1251  1.0000  0.1039  0.0519  0.0032  0.0000  0.0396  0.0000  0.0000  0.0000
 0.0231  0.0000  0.1445  0.0085  0.0310  0.0049  0.1047  0.0262  0.0090  1.0000  0.0576  0.0269  0.0370  0.0845  0.7314  0.9421  0.0374  0.0225  0.0123  0.0030  0.0000  0.0092  0.0000  0.0000  0.0000
 0.1068  0.0000  0.0692  0.2211  0.6240  0.0072  0.2345  0.0173  0.0265  0.1313  0.0587  0.0280  0.0699  0.0651  0.2955  1.0000  0.1481  0.1267  0.0404  0.0025  0.0000  0.0056  0.0000  0.0000  0.0000
 0.0559  0.0000  0.1106  0.0757  0.1185  0.0028  0.0216  0.0069  0.0106  0.4326  0.0172  0.0060  0.0281  0.0156  1.0000  0.3140  0.1912  0.1488  0.0276  0.0010  0.0000  0.0022  0.0000  0.0000  0.0000
 0.3122  0.0000  0.0360  0.0251  0.0377  0.1795  0.1261  0.0253  0.3517  0.0471  1.0000  0.2227  0.0331  0.0746  0.0595  0.0422  0.1194  0.0841  0.2031  0.0246  0.0000  0.0434  0.0000  0.0000  0.0000
 0.6989  0.0000  0.0165  0.3298  1.0000  0.0154  0.1178  0.0376  0.0579  0.3286  0.2864  0.0476  0.4914  0.0851  0.8206  0.2479  0.3044  0.1776  0.0883  0.0053  0.0000  0.0117  0.0000  0.0000  0.0000
 0.7161  0.0000  0.0491  0.5917  1.0000  0.0462  0.3563  0.2946  0.1766  0.8538  0.2774  0.0973  0.4683  0.2568  0.5833  0.5201  0.7253  0.8293  0.2621  0.0159  0.0000  0.0354  0.0000  0.0000  0.0000
 0.0032  0.0000  0.0003  0.0006  0.0043  0.0010  0.0022  0.0105  0.0020  0.0215  0.0976  0.0015  0.0030  0.0025  0.0146  0.1614  0.0026  0.0034  0.0021  1.0000  0.0000  0.0014  0.0000  0.0000  0.0000
 0.0030  0.0000  0.0003  0.0005  0.0042  0.0006  0.0022  0.0027  0.0013  0.9220  0.0031  0.0010  0.0266  0.0024  0.7301  1.0000  0.0025  0.0033  0.0017  0.0005  0.0000  0.0014  0.0000  0.0000  0.0000
 0.0844  0.0000  0.0008  0.0031  0.2327  0.0015  0.0058  0.0063  0.0372  1.0000  0.0076  0.1324  0.0078  0.0060  0.2934  0.7429  0.0224  0.0087  0.0046  0.0011  0.0000  0.0031  0.0000  0.0000  0.0000
 0.0033  0.0000  0.0008  0.0167  0.0048  0.0007  0.1635  0.1757  0.0003  0.0197  0.0007  0.0003  1.0000  0.0027  0.0133  0.0025  0.3351  0.0035  0.0006  0.0003  0.0000  0.0018  0.0000  0.0000  0.0000
 0.0022  0.0000  0.0002  0.0005  0.0029  0.0080  0.0016  0.0019  0.0009  0.0146  0.0022  0.0007  0.0021  0.0017  0.1335  1.0000  0.0018  0.0023  0.0012  0.0003  0.0000  0.1144  0.0000  0.0000  0.0000
 0.0006  0.0000  0.0003  0.0071  0.0006  0.0003  0.0022  0.0004  0.0003  0.0008  0.0007  0.0001  0.0006  0.0013  0.0005  1.0000  0.0005  0.0005  0.0004  0.0003  0.0000  0.0004  0.0000  0.0000  0.0000
 1.0000  0.0000  0.2524  0.4780  0.7648  0.0792  0.3022  0.1226  0.1941  0.8728  0.4623  0.3790  0.3989  0.2177  0.7815  0.4298  0.7505  0.5724  0.2709  0.0239  0.0000  0.0876  0.0000  0.0000  0.0000
 0.0006  0.0000  0.0002  0.0001  0.0002  0.0018  0.0001  0.0001  0.0150  0.0002  1.0000  0.2770  0.0002  0.0003  0.0083  0.0002  0.0002  0.0004  0.0018  0.0002  0.0000  0.0202  0.0000  0.0000  0.0000
 1.0000  0.0000  0.0000  0.0000  0.0000  0.0000  0.0000  0.0000  0.0000  0.0000  0.0000  0.0000  0.0000  0.0000  0.0000  0.0000  0.0000  0.0000  0.0000  0.0000  0.0000  0.0000  0.0000  0.0000  0.0000
 0.0047  0.0000  0.0013  0.0078  0.0046  0.2322  0.0070  0.1629  0.0025  0.1165  0.0045  0.0015  0.0428  0.0028  0.0049  0.0082  0.0063  0.0043  0.0032  0.0012  0.0000  1.0000  0.0000  0.0000  0.0000
 0.0000  0.0000  0.0000  0.0000  0.0000  0.0000  0.0000  0.0000  0.0000  0.0000  0.0000  0.0000  0.0000  0.0000  0.0000  0.0000  1.0000  0.0000  0.0000  0.0000  0.0000  0.0000  0.0000  0.0000  0.0000
 0.0057  0.0000  0.0013  0.0007  0.0012  0.0089  0.0008  0.0008  0.1324  0.0016  0.1789  0.0111  0.0012  0.0020  0.0020  0.0014  0.0025  1.0000  0.0145  0.0011  0.0000  0.0013  0.0000  0.0000  0.0000
 0.0000  0.0000  0.0000  0.0000  0.0000  0.0000  0.0000  0.0000  0.0000  0.0000  0.0000  0.0000  0.0000  0.0000  0.0000  0.0000  0.0000  0.0000  1.0000  0.0000  0.0000  0.0000  0.0000  0.0000  0.0000
 0.0000  0.0000  0.0000  0.0000  0.0000  0.0000  1.0000  0.0000  0.0000  0.0000  0.0000  0.0000  0.0000  0.0000  0.0000  0.0000  0.0000  0.0000  0.0000  0.0000  0.0000  0.0000  0.0000  0.0000  0.0000
 0.0011  0.0000  0.0002  0.0004  0.0003  0.0001  0.0004  0.0001  0.0003  0.0004  0.0003  0.0002  0.0008  0.0005  0.0003  0.0003  0.1039  1.0000  0.0005  0.0001  0.0000  0.0001  0.0000  0.0000  0.0000
 0.0015  0.0000  0.0003  0.0013  0.0009  0.0009  0.0035  0.0005  0.0010  0.0013  0.0435  0.0005  0.0006  1.0000  0.0007  0.0012  0.0010  0.0008  0.0009  0.0005  0.0000  0.0006  0.0000  0.0000  0.0000
 0.0006  0.0000  0.0002  1.0000  0.0009  0.0001  0.0022  0.0006  0.0001  0.0008  0.0002  0.0001  0.1191  0.0005  0.0006  0.0005  0.0016  0.0006  0.0001  0.0001  0.0000  0.0003  0.0000  0.0000  0.0000
 0.0000  0.0000  0.0000  0.0000  0.0000  0.0000  0.0000  0.0000  0.0000  0.0000  0.0000  0.0000  0.0000  0.0000  0.0000  0.0000  0.0000  0.0000  0.0000  0.0000  0.0000  1.0000  0.0000  0.0000  0.0000
 0.0007  0.0000  0.0002  0.0002  0.0002  0.0015  0.0003  0.0001  1.0000  0.0002  0.0074  0.1518  0.0002  0.0003  0.0003  0.0002  0.0002  0.0004  0.0024  0.0002  0.0000  0.0004  0.0000  0.0000  0.0000
 1.0000  0.0000  0.0003  0.0003  0.0003  0.0001  0.0019  0.0001  0.0002  0.0003  0.0003  0.0002  0.0002  0.0009  0.0002  0.0002  0.0147  0.0006  0.0006  0.0001  0.0000  0.0001  0.0000  0.0000  0.0000
 0.0000  0.0000  0.0000  0.0000  0.0000  0.0000  0.0000  0.0000  0.0000  0.0000  0.0000  0.0000  0.0000  1.0000  0.0000  0.0000  0.0000  0.0000  0.0000  0.0000  0.0000  0.0000  0.0000  0.0000  0.0000
 0.0000  0.0000  0.0000  0.0000  1.0000  0.0000  0.0000  0.0000  0.0000  0.0000  0.0000  0.0000  0.0000  0.0000  0.0000  0.0000  0.0000  0.0000  0.0000  0.0000  0.0000  0.0000  0.0000  0.0000  0.0000
 0.0004  0.0000  0.0001  0.0001  0.0001  0.0005  0.0002  0.0000  0.3604  0.0002  0.0027  0.0005  0.0001  0.0001  0.0001  0.0001  0.0002  0.0005  1.0000  0.0001  0.0000  0.0002  0.0000  0.0000  0.0000
 0.0036  0.0000  0.0012  0.0006  0.0010  0.8978  0.0009  0.0006  0.0159  0.0010  1.0000  0.0102  0.0007  0.0016  0.0015  0.0010  0.0014  0.0022  0.0094  0.0049  0.0000  0.0171  0.0000  0.0000  0.0000
 0.0519  0.0000  0.0108  0.0098  0.0181  0.0259  0.0090  0.0105  0.1279  0.1712  1.0000  0.2127  0.1451  0.0161  0.0697  0.0230  0.0540  0.0959  0.1261  0.0048  0.0000  0.0143  0.0000  0.0000  0.0000
 0.0576  0.0000  0.0057  0.0141  0.0802  0.0122  0.4314  0.1392  0.0245  1.0000  0.0579  0.0191  0.0727  0.0897  0.5825  0.5286  0.0487  0.0617  0.0324  0.0091  0.0000  0.0897  0.0000  0.0000  0.0000
 0.0144  0.0000  0.0012  0.0166  0.2518  0.0025  0.0112  0.0939  0.0046  1.0000  0.0106  0.0036  0.0916  0.0105  0.5612  0.0575  0.0127  0.5350  0.0065  0.0017  0.0000  0.0052  0.0000  0.0000  0.0000
 0.0016  0.0000  0.0002  0.0282  0.0813  0.0002  1.0000  0.0008  0.0002  0.0015  0.0003  0.0001  0.0036  0.0010  0.0014  0.0006  0.0021  0.0010  0.0003  0.0001  0.0000  0.0004  0.0000  0.0000  0.0000
 0.0000  0.0000  0.0000  0.0000  0.0000  0.0000  0.0000  0.0000  0.0000  0.0000  0.0000  0.0000  0.0000  0.0000  0.0000  0.0000  0.0000  0.0000  0.0000  0.0000  0.0000  1.0000  0.0000  0.0000  0.0000
 0.0092  0.0000  0.0022  0.2469  0.0126  0.0018  1.0000  0.0093  0.0010  0.0123  0.0021  0.0008  0.2703  0.0072  0.0083  0.0063  0.0391  0.5119  0.0017  0.0009  0.0000  0.0047  0.0000  0.0000  0.0000
 0.3701  0.0000  0.1289  0.1498  0.1998  0.7793  0.2404  0.3952  0.2968  0.6660  0.4736  0.9321  0.2789  0.2731  0.7349  0.2561  0.3110  0.2954  0.4023  0.1347  0.0000  1.0000  0.0000  0.0000  0.0000
 0.2771  0.0000  0.0190  0.4514  1.0000  0.0214  0.0999  0.0444  0.0391  0.1814  0.1693  0.0250  0.1159  0.1309  0.2182  0.0606  0.3225  0.3761  0.0725  0.0109  0.0000  0.0266  0.0000  0.0000  0.0000
 0.0017  0.0000  1.0000  0.0007  0.0005  0.0006  0.0020  0.0004  0.0009  0.0002  0.0010  0.0003  0.0005  0.0007  0.0004  0.0005  0.0006  0.0009  0.1025  0.0004  0.0000  0.0007  0.0000  0.0000  0.0000
 0.0000  0.0000  0.0000  1.0000  0.0000  0.0000  0.0000  0.0000  0.0000  0.0000  0.0000  0.0000  0.0000  0.0000  0.0000  0.0000  0.0000  0.0000  0.0000  0.0000  0.0000  0.0000  0.0000  0.0000  0.0000
 0.0003  0.0000  0.0001  0.0000  0.0001  0.0161  0.0000  0.0000  0.0006  0.0000  0.0153  0.0003  0.0000  0.0001  0.0000  0.0000  0.0002  0.0002  0.0005  1.0000  0.0000  0.1083  0.0000  0.0000  0.0000
 0.0000  0.0000  0.0000  0.0000  0.0000  0.0000  0.0000  0.0000  0.0000  0.0000  0.0000  0.0000  0.0000  0.0000  0.0000  0.0000  0.0000  0.0000  0.0000  1.0000  0.0000  0.0000  0.0000  0.0000  0.0000
 0.0000  0.0000  0.0000  0.0000  0.0000  0.0000  0.0000  0.0000  0.0000  0.0000  0.0000  0.0000  0.0000  0.0000  0.0000  0.0000  1.0000  0.0000  0.0000  0.0000  0.0000  0.0000  0.0000  0.0000  0.0000
 0.0010  0.0000  0.0002  0.0001  0.0002  0.0020  0.0002  0.0002  0.0097  0.0003  1.0000  0.0025  0.0002  0.0004  0.0004  0.0003  0.0003  0.0006  0.2768  0.0002  0.0000  0.0003  0.0000  0.0000  0.0000
 0.0000  0.0000  0.0000  0.0000  0.0000  0.0000  1.0000  0.0000  0.0000  0.0000  0.0000  0.0000  0.0000  0.0000  0.0000  0.0000  0.0000  0.0000  0.0000  0.0000  0.0000  0.0000  0.0000  0.0000  0.0000
 1.0000  0.0000  0.1686  0.0012  0.0030  0.0020  0.0027  0.0007  0.0177  0.0030  0.0123  0.0038  0.0015  0.0049  0.0022  0.0018  0.0051  0.0778  0.6293  0.0004  0.0000  0.0007  0.0000  0.0000  0.0000
 0.0006  0.0000  0.0002  0.0001  0.0002  0.0013  0.0003  0.0001  1.0000  0.0002  0.0062  0.1020  0.0002  0.0003  0.0002  0.0002  0.0002  0.0004  0.0020  0.0002  0.0000  0.0003  0.0000  0.0000  0.0000
 0.0006  0.0000  0.0001  0.0001  0.0001  0.0015  0.0001  0.0001  0.0028  0.0002  0.3060  1.0000  0.0001  0.0002  0.0003  0.0002  0.0002  0.0003  0.0016  0.0002  0.0000  0.0002  0.0000  0.0000  0.0000
 0.0006  0.0000  0.0102  0.0001  0.0001  0.7756  0.0001  0.0000  0.0012  0.0000  0.0030  0.0006  0.0000  0.0002  0.0000  0.0000  0.0004  0.0004  0.0011  0.0028  0.0000  1.0000  0.0000  0.0000  0.0000
 0.0009  0.0000  0.0002  0.0014  1.0000  0.0002  0.0053  0.0003  0.0002  0.0007  0.0005  0.0001  0.0005  0.0011  0.0006  0.0005  0.0006  0.0004  0.0003  0.0002  0.0000  0.0003  0.0000  0.0000  0.0000
 0.2962  0.0000  0.3992  0.0111  0.0136  0.0077  0.0823  0.0028  0.0121  0.0146  0.0227  1.0000  0.0095  0.0374  0.0103  0.0107  0.0750  0.0281  0.0332  0.0025  0.0000  0.0052  0.0000  0.0000  0.0000
 0.0004  0.0000  0.0001  0.0001  0.0001  0.0010  0.0001  0.0001  0.0018  0.0001  1.0000  0.0012  0.0001  0.0002  0.0002  0.0001  0.0001  0.0002  0.0154  0.0001  0.0000  0.0002  0.0000  0.0000  0.0000
 0.1679  0.0000  0.0234  0.0003  0.0008  0.0011  0.0002  0.0002  0.5444  0.0008  0.0159  0.0721  0.0004  0.0010  0.0006  0.0005  0.0008  0.0037  1.0000  0.0002  0.0000  0.0004  0.0000  0.0000  0.0000
 0.0000  0.0000  0.0000  0.0000  0.0000  0.0000  1.0000  0.0000  0.0000  0.0000  0.0000  0.0000  0.0000  0.0000  0.0000  0.0000  0.0000  0.0000  0.0000  0.0000  0.0000  0.0000  0.0000  0.0000  0.0000
 0.0027  0.0000  0.0010  0.0013  0.0014  0.0995  0.0019  0.0015  0.0037  0.0021  0.0093  0.0022  0.0015  0.0013  0.1665  0.0020  0.0019  0.0018  0.0033  0.3557  0.0000  1.0000  0.0000  0.0000  0.0000
 0.0000  0.0000  0.0000  0.0000  0.0000  0.0000  0.0000  0.0000  0.0000  0.0000  0.0000  0.0000  0.0000  1.0000  0.0000  0.0000  0.0000  0.0000  0.0000  0.0000  0.0000  0.0000  0.0000  0.0000  0.0000
 0.0000  0.0000  0.0000  0.0000  0.0000  0.0000  0.0000  0.0000  0.0000  0.0000  0.0000  0.0000  0.0000  1.0000  0.0000  0.0000  0.0000  0.0000  0.0000  0.0000  0.0000  0.0000  0.0000  0.0000  0.0000
 0.0000  0.0000  0.0000  0.0000  0.0000  1.0000  0.0000  0.0000  0.0000  0.0000  0.0000  0.0000  0.0000  0.0000  0.0000  0.0000  0.0000  0.0000  0.0000  0.0000  0.0000  0.0000  0.0000  0.0000  0.0000
 0.2727  0.0000  1.0000  0.0077  0.0103  0.1553  0.0466  0.0026  0.0405  0.0099  0.3010  0.0239  0.0065  0.0247  0.0079  0.0075  0.0468  0.0229  0.0450  0.0325  0.0000  0.6746  0.0000  0.0000  0.0000
 0.4326  0.0000  0.0019  0.0014  0.0016  0.0007  0.1520  0.0003  0.0008  0.0018  0.0018  0.0008  0.0012  0.0046  0.0012  0.0013  1.0000  0.0032  0.0030  0.0003  0.0000  0.0005  0.0000  0.0000  0.0000
 0.2055  0.0000  0.0002  0.6301  1.0000  0.0013  0.0051  0.0033  0.0017  0.0142  0.0031  0.0013  0.0056  0.1174  0.0804  0.0037  0.0070  0.0332  0.0032  0.0006  0.0000  0.0017  0.0000  0.0000  0.0000
 0.2100  0.0000  0.0188  0.9770  1.0000  0.0226  0.1680  0.0685  0.0351  0.2029  0.0773  0.0225  0.4406  0.1256  0.2453  0.0765  0.3440  0.9519  0.0603  0.0116  0.0000  0.0367  0.0000  0.0000  0.0000
 0.0566  0.0000  0.0015  0.0014  0.0014  0.0006  0.0056  0.0004  0.0020  0.0017  0.0021  0.0009  0.0020  1.0000  0.0013  0.0011  0.0567  0.0805  0.1215  0.0003  0.0000  0.0005  0.0000  0.0000  0.0000
 0.5437  0.0000  0.1788  0.3413  0.3238  0.7087  0.3476  0.6832  0.4519  0.3536  0.7512  0.4348  0.3362  0.2176  0.6157  0.4300  0.4366  0.5766  0.5432  0.1849  0.0000  1.0000  0.0000  0.0000  0.0000
 0.0690  0.0000  0.0036  0.4411  1.0000  0.0195  0.0239  0.0213  0.0875  0.0557  0.0186  0.0067  0.0519  0.0195  0.0478  0.0298  0.2881  0.2804  0.0179  0.0016  0.0000  0.0049  0.0000  0.0000  0.0000
 0.0136  0.0000  0.0003  0.0003  0.0003  0.0001  0.0007  0.0001  0.0008  0.0003  0.0006  0.0002  0.0004  0.0006  0.0003  0.0002  0.0019  1.0000  0.0149  0.0001  0.0000  0.0001  0.0000  0.0000  0.0000
 1.0000  0.0000  0.7421  0.5014  0.3154  0.2881  0.9706  0.2414  0.2401  0.4903  0.4792  0.1492  0.5281  0.3780  0.4372  0.4726  0.6649  0.4220  0.3592  0.2553  0.0000  0.9898  0.0000  0.0000  0.0000
 0.0030  0.0000  0.0003  0.0005  0.0041  0.0006  0.0021  0.0290  0.0013  0.1535  0.0849  0.0604  0.0029  0.0023  0.1466  1.0000  0.0024  0.0032  0.0091  0.0005  0.0000  0.0013  0.0000  0.0000  0.0000
 0.0008  0.0000  0.0001  0.0018  0.0010  0.0002  0.0020  0.0007  0.0002  1.0000  0.0006  0.0002  0.1104  0.0010  0.0011  0.0022  0.0012  0.0008  0.0003  0.0002  0.0000  0.0004  0.0000  0.0000  0.0000
 0.0005  0.0000  0.0002  0.0001  0.0002  0.0008  0.0003  0.0000  1.0000  0.0002  0.1555  0.0008  0.0002  0.0001  0.0001  0.0002  0.0002  0.0006  0.5195  0.0001  0.0000  0.0004  0.0000  0.0000  0.0000
 0.0040  0.0000  0.0013  0.0008  0.0011  0.0060  0.0016  0.0002  0.5692  0.2097  0.1447  0.5233  0.0010  0.0009  0.0007  0.0013  0.0016  0.0043  1.0000  0.0007  0.0000  0.0023  0.0000  0.0000  0.0000
 0.0213  0.0000  0.0010  0.0523  0.0049  0.0021  0.0256  0.1065  0.0089  0.0154  0.0022  0.0008  1.0000  0.0027  0.0035  0.1486  0.0461  0.0039  0.0017  0.0007  0.0000  0.0180  0.0000  0.0000  0.0000
 0.0002  0.0000  0.0001  0.0001  0.0001  0.0405  0.0001  0.0000  0.0005  0.0000  0.0011  0.0002  0.0000  0.0001  0.0000  0.0000  0.0002  0.0002  0.0004  1.0000  0.0000  0.0041  0.0000  0.0000  0.0000
 0.0025  0.0000  0.0002  0.0007  0.1810  0.0005  0.0017  0.0022  0.0010  0.3849  0.0025  0.0008  0.0024  0.0311  0.3762  1.0000  0.0020  0.0026  0.0014  0.0004  0.0000  0.0011  0.0000  0.0000  0.0000
 0.1487  0.0000  0.0105  0.1429  1.0000  0.0098  0.0748  0.0463  0.0368  0.3271  0.0594  0.0922  0.4442  0.0540  0.2908  0.1381  0.4127  0.4926  0.0963  0.0034  0.0000  0.0075  0.0000  0.0000  0.0000
 0.5228  0.0000  0.2632  0.2054  0.2675  0.6953  0.3225  0.6857  0.3855  0.2869  0.6312  0.2154  0.3322  0.2058  0.2883  0.3393  0.4822  0.7258  0.5583  0.1794  0.0000  1.0000  0.0000  0.0000  0.0000
 0.0004  0.0000  0.0001  0.0001  0.0001  0.0133  0.0001  0.0001  0.0017  0.0001  1.0000  0.0011  0.0001  0.0002  0.0002  0.0001  0.0001  0.0002  0.0009  0.0002  0.0000  0.0005  0.0000  0.0000  0.0000
 0.4896  0.0000  0.1580  0.1832  0.2435  0.6508  0.2942  0.5893  0.4204  0.5485  0.5891  0.1970  0.2829  0.1822  0.3669  0.4144  0.3638  0.4025  0.5572  0.1714  0.0000  1.0000  0.0000  0.0000  0.0000
 0.0036  0.0000  0.0009  0.0004  0.0008  1.0000  0.0007  0.0004  0.1788  0.1199  0.0441  0.0076  0.0007  0.0012  0.0012  0.0010  0.0010  0.0026  0.0433  0.0007  0.0000  0.0012  0.0000  0.0000  0.0000
 0.0000  0.0000  0.0000  0.0000  0.0000  0.0000  0.0000  0.0000  0.0000  0.0000  0.0000  0.0000  0.0000  1.0000  0.0000  0.0000  0.0000  0.0000  0.0000  0.0000  0.0000  0.0000  0.0000  0.0000  0.0000
 0.1916  0.0000  0.0061  0.6014  1.0000  0.0071  0.0436  0.0168  0.0201  0.1019  0.0647  0.0118  0.0738  0.8462  0.0828  0.0498  0.1545  0.1078  0.0612  0.0029  0.0000  0.0072  0.0000  0.0000  0.0000
 0.0044  0.0000  0.0003  0.4512  1.0000  0.0005  0.0139  0.0018  0.0005  0.0049  0.0010  0.0004  0.1700  0.0029  0.1985  0.0016  0.0042  0.0025  0.0010  0.0002  0.0000  0.0009  0.0000  0.0000  0.0000
 0.6353  0.0000  0.1008  0.0597  0.1061  0.1889  0.0734  0.1312  0.5113  0.1097  0.4323  0.1353  0.0892  0.1423  0.1102  0.1022  0.1451  0.3188  1.0000  0.0463  0.0000  0.2987  0.0000  0.0000  0.0000
 0.3416  0.0000  0.0634  0.1825  0.3625  0.2956  0.2050  0.3496  0.1767  1.0000  0.2960  0.1006  0.2377  0.3662  0.3652  0.6754  0.3043  0.3547  0.2441  0.0628  0.0000  0.3038  0.0000  0.0000  0.0000
 0.0009  0.0000  0.0002  0.0001  0.0002  0.0153  0.0002  0.0001  0.4042  0.0003  1.0000  0.0022  0.0002  0.0003  0.0003  0.0003  0.0003  0.0113  0.0522  0.0002  0.0000  0.0004  0.0000  0.0000  0.0000
 0.0097  0.0000  0.0005  0.0006  0.0005  0.0002  0.0426  0.0001  0.0004  0.0006  0.0006  0.0130  0.0007  0.0054  0.0005  0.0004  1.0000  0.0659  0.0010  0.0001  0.0000  0.0002  0.0000  0.0000  0.0000
 0.5757  0.0000  0.1193  0.3127  0.7510  0.4622  0.2598  0.4250  0.3646  0.3087  0.4804  0.1540  0.3224  1.0000  0.2650  0.8010  0.4583  0.3728  0.4479  0.1195  0.0000  0.7319  0.0000  0.0000  0.0000
 0.0430  0.0000  0.0002  0.1344  1.0000  0.0004  0.0089  0.0150  0.0006  0.1637  0.0012  0.0005  0.0188  0.0024  0.0049  0.1728  0.0038  0.0025  0.0011  0.0002  0.0000  0.0007  0.0000  0.0000  0.0000
 1.0000  0.0000  0.0005  0.0006  0.0006  0.0002  0.0022  0.0002  0.0005  0.0007  0.0007  0.0003  0.0009  0.0013  0.0005  0.0005  0.1641  0.1394  0.0155  0.0001  0.0000  0.0002  0.0000  0.0000  0.0000
 0.0574  0.0000  0.0034  0.0307  0.5551  0.0044  0.0240  0.0138  0.0126  1.0000  0.0362  0.0080  0.0316  0.0198  0.0647  0.4510  0.1114  0.0670  0.0697  0.1997  0.0000  0.0061  0.0000  0.0000  0.0000
 0.0310  0.0000  0.0095  1.0000  0.0701  0.0004  0.0545  0.0463  0.0002  0.0026  0.0004  0.0002  0.0478  0.0014  0.0017  0.0013  0.0203  0.0132  0.0003  0.0002  0.0000  0.0059  0.0000  0.0000  0.0000
 0.0007  0.0000  0.0002  0.0001  0.0002  0.0299  0.0001  0.0001  0.0369  0.0003  1.0000  0.0170  0.0002  0.0003  0.0004  0.0003  0.0002  0.0849  0.0061  0.0002  0.0000  0.0002  0.0000  0.0000  0.0000
 0.0005  0.0000  0.0001  0.0001  0.0001  0.0003  0.0001  0.0000  1.0000  0.0001  0.0019  0.0169  0.0001  0.0001  0.0001  0.0001  0.0001  0.0046  0.0396  0.0000  0.0000  0.0001  0.0000  0.0000  0.0000
 0.8541  0.0000  0.1223  0.6352  1.0000  0.2830  0.4566  0.2929  0.3076  0.9413  0.5033  0.1701  0.5509  0.3165  0.6330  0.6111  0.8094  0.6539  0.4348  0.0780  0.0000  0.3743  0.0000  0.0000  0.0000
 0.0034  0.0000  0.0003  0.0013  0.0048  0.0007  0.0155  0.0418  0.0014  0.4287  0.0033  0.0011  0.0647  0.0027  0.0376  1.0000  0.2376  0.0102  0.0019  0.0005  0.0000  0.0015  0.0000  0.0000  0.0000
 0.0014  0.0000  0.0005  0.0002  0.0003  0.4235  0.0003  0.0002  0.0057  0.0003  1.0000  0.0473  0.0002  0.0006  0.0005  0.0003  0.0006  0.0008  0.0035  0.0025  0.0000  0.0271  0.0000  0.0000  0.0000
 0.0089  0.0000  0.5555  0.0011  0.0022  0.0439  0.0018  0.0016  0.1562  0.0030  1.0000  0.0806  0.0021  0.0035  0.0041  0.0029  0.0025  0.0056  0.2144  0.0025  0.0000  0.0031  0.0000  0.0000  0.0000
 0.1578  0.0000  1.0000  0.0030  0.0022  0.0009  0.0035  0.0010  0.0211  0.0230  0.0026  0.0013  0.0053  0.0042  0.0026  0.0751  0.0851  0.2487  0.0048  0.0005  0.0000  0.0009  0.0000  0.0000  0.0000
 0.3959  0.0000  0.0059  1.0000  0.4230  0.0053  0.2507  0.1165  0.0043  0.0855  0.0084  0.0030  0.5974  0.0222  0.0304  0.0217  0.3021  0.0301  0.0070  0.0026  0.0000  0.0129  0.0000  0.0000  0.0000
 1.0000  0.0000  0.0258  0.0456  0.0735  0.0870  0.1193  0.0441  0.0400  0.3071  0.0667  0.0245  0.0499  0.3539  0.0495  0.0522  0.3744  0.1531  0.8646  0.0936  0.0000  0.0740  0.0000  0.0000  0.0000
 0.0076  0.0000  0.0002  0.4788  1.0000  0.0003  0.0033  0.0204  0.0003  0.0029  0.0006  0.0002  0.0289  0.0017  0.0031  0.0157  0.0121  0.0145  0.0006  0.0002  0.0000  0.0006  0.0000  0.0000  0.0000
 0.1305  0.0000  0.0474  0.2885  0.2420  0.0612  0.0566  1.0000  0.0346  0.1229  0.0951  0.0195  0.5020  0.0398  0.8580  0.3783  0.1570  0.2469  0.0498  0.0076  0.0000  0.0342  0.0000  0.0000  0.0000
 0.0007  0.0000  0.0006  0.0009  0.0007  0.0129  0.0023  0.0005  0.0005  0.0011  0.0009  0.0002  0.0006  0.0013  0.0006  1.0000  0.0005  0.0006  0.0006  0.0004  0.0000  0.0005  0.0000  0.0000  0.0000
 0.0012  0.0000  0.0003  0.0002  0.0003  0.1484  0.0003  0.0002  0.4057  0.0004  1.0000  0.0035  0.0003  0.0004  0.0005  0.0004  0.0004  0.0009  0.0404  0.0006  0.0000  0.0217  0.0000  0.0000  0.0000
 0.0047  0.0000  0.0005  0.0015  0.0008  0.0002  1.0000  0.0003  0.0002  0.1058  0.0005  0.0002  0.0016  0.0013  0.0006  0.0007  0.0132  0.0010  0.0008  0.0001  0.0000  0.0003  0.0000  0.0000  0.0000
 0.6430  0.0000  0.0547  0.3931  0.6127  0.0678  0.2963  0.2195  0.1386  0.7356  0.2503  0.0789  0.7548  0.1911  0.3874  0.8823  0.8909  1.0000  0.2063  0.0225  0.0000  0.0794  0.0000  0.0000  0.0000
 0.3595  0.0000  0.0175  0.2666  0.3938  0.0168  1.0000  0.0512  0.0613  0.7288  0.1540  0.0347  0.6112  0.2101  0.1923  0.5228  0.3333  0.2367  0.1049  0.0057  0.0000  0.0307  0.0000  0.0000  0.0000
 0.0078  0.0000  0.0004  0.0013  0.0006  0.0002  1.0000  0.0003  0.0002  0.0006  0.0004  0.0002  0.0157  0.0009  0.0004  0.0004  0.0511  0.0170  0.0006  0.0001  0.0000  0.0002  0.0000  0.0000  0.0000
 1.0000  0.0000  0.0036  0.0028  0.0032  0.0139  0.0401  0.0004  0.4051  0.0046  0.1744  0.0230  0.0031  0.0037  0.0019  0.0038  0.0176  0.0255  0.6475  0.0018  0.0000  0.0065  0.0000  0.0000  0.0000
 0.1282  0.0000  0.0065  0.9225  1.0000  0.0061  0.1455  0.3311  0.0476  0.2967  0.0370  0.0237  0.1563  0.0653  0.1950  0.0969  0.2347  0.3185  0.0350  0.0021  0.0000  0.0046  0.0000  0.0000  0.0000
 0.0020  0.0000  0.0000  0.2005  1.0000  0.0002  0.0008  0.0005  0.0002  0.0020  0.0004  0.0002  0.0009  0.0012  0.3171  0.0005  0.0197  0.0009  0.0005  0.0001  0.0000  0.0002  0.0000  0.0000  0.0000
 0.0007  0.0000  0.0002  0.0001  0.0002  0.0018  0.0001  0.0146  1.0000  0.0002  0.1773  0.0023  0.0002  0.0003  0.0004  0.0002  0.0002  0.0004  0.0019  0.0002  0.0000  0.0002  0.0000  0.0000  0.0000
 0.0014  0.0000  0.0001  0.0002  0.0020  0.0147  0.0010  0.0746  0.0006  1.0000  0.0015  0.0187  0.0014  0.0011  0.0376  0.0511  0.0012  0.0016  0.0008  0.0002  0.0000  0.0007  0.0000  0.0000  0.0000
 1.0000  0.0000  0.0179  0.2687  0.5546  0.0167  0.2788  0.0575  0.0718  0.3321  0.1585  0.0355  0.4103  0.0920  0.3633  0.2257  0.6606  0.2323  0.1563  0.0058  0.0000  0.0127  0.0000  0.0000  0.0000
 0.0157  0.0000  0.0314  0.0009  0.0018  0.0026  0.0008  1.0000  0.0142  0.0020  0.0229  0.0024  0.0575  0.0022  0.0537  0.0016  0.0021  0.0066  0.0670  0.0006  0.0000  0.0025  0.0000  0.0000  0.0000
 0.0416  0.0000  0.0002  0.0345  0.1119  0.0172  0.0017  0.0008  0.0007  0.0037  0.0089  0.0004  0.0020  1.0000  0.0290  0.0015  0.1224  0.0416  0.0012  0.0002  0.0000  0.0005  0.0000  0.0000  0.0000
 0.0006  0.0000  0.0003  0.0001  0.0002  1.0000  0.0001  0.0000  0.0014  0.0000  0.0033  0.0007  0.0000  0.0002  0.0000  0.0000  0.0004  0.0004  0.0013  0.5006  0.0000  0.1623  0.0000  0.0000  0.0000
 0.0006  0.0000  0.0001  0.0001  0.0001  1.0000  0.0001  0.0001  0.0024  0.0130  0.0244  0.0015  0.0001  0.0002  0.0003  0.0002  0.0002  0.0003  0.0098  0.0001  0.0000  0.0002  0.0000  0.0000  0.0000
 0.3748  0.0000  0.0043  0.0761  0.3859  0.0040  0.0831  0.0478  0.0149  0.5489  0.0241  0.0085  0.0972  0.0219  0.0784  1.0000  0.1854  0.0933  0.0228  0.0014  0.0000  0.0813  0.0000  0.0000  0.0000
 0.0545  0.0000  0.0266  0.0875  0.1776  0.0033  1.0000  0.0041  0.0047  0.0173  0.0160  0.0027  0.0104  0.0152  0.0114  0.0329  0.0526  0.1004  0.0070  0.0010  0.0000  0.0174  0.0000  0.0000  0.0000
 0.0007  0.0000  0.0002  0.0001  0.0002  0.0006  0.0002  0.0000  0.2344  0.0002  0.0488  0.0090  0.0001  0.0001  0.0001  0.0002  0.0002  0.0745  1.0000  0.0001  0.0000  0.0003  0.0000  0.0000  0.0000
 0.0640  0.0000  0.0004  1.0000  0.3217  0.0019  0.0084  0.0050  0.0026  0.0214  0.0048  0.0020  0.0296  0.0794  0.1185  0.0061  0.0233  0.0096  0.1854  0.0009  0.0000  0.0025  0.0000  0.0000  0.0000
 0.0004  0.0000  0.0002  0.0001  0.0001  0.2812  0.0001  0.0000  0.0009  0.0000  0.0117  0.0004  0.0000  0.0002  0.0000  0.0000  0.0003  0.0003  0.0008  1.0000  0.0000  0.0297  0.0000  0.0000  0.0000
 0.1877  0.0000  0.0087  1.0000  0.9806  0.0083  0.2674  0.0342  0.0077  0.0689  0.0151  0.0059  0.3994  0.0411  0.0606  0.0302  0.5713  0.0464  0.0399  0.0040  0.0000  0.0174  0.0000  0.0000  0.0000
 0.1558  0.0000  0.0188  0.1072  0.1875  0.0607  0.1452  0.6352  0.0554  1.0000  0.1097  0.0472  0.2722  0.0647  0.4486  0.3287  0.4121  0.5415  0.0780  0.0148  0.0000  0.0651  0.0000  0.0000  0.0000
 0.0013  0.0000  0.0003  0.0002  0.0003  0.0035  0.0003  0.0003  0.6985  0.0005  1.0000  0.0043  0.0003  0.0006  0.0007  0.0005  0.0004  0.0008  0.0039  0.0004  0.0000  0.0005  0.0000  0.0000  0.0000
 0.0228  0.0000  0.0031  0.0088  0.0291  0.0195  0.0191  0.0326  0.0104  0.1371  0.0240  0.0077  0.0249  0.0171  0.0474  1.0000  0.0199  0.0232  0.0134  0.0040  0.0000  0.4169  0.0000  0.0000  0.0000
 0.0321  0.0000  0.0011  0.1283  1.0000  0.0010  0.0437  0.0184  0.0038  0.2020  0.0130  0.0295  0.0969  0.0056  0.5675  0.1612  0.0305  0.0491  0.0058  0.0004  0.0000  0.0008  0.0000  0.0000  0.0000
 0.2694  0.0000  0.1097  0.0723  0.1083  0.2641  0.1073  0.1772  0.9472  0.1705  0.3381  1.0000  0.1082  0.0893  0.7419  0.9912  0.1862  0.2669  0.7008  0.0609  0.0000  0.3213  0.0000  0.0000  0.0000
 0.2324  0.0000  0.0148  0.4047  1.0000  0.0138  0.1158  0.0337  0.0518  0.5353  0.0836  0.0599  0.2365  0.9345  0.2650  0.5709  0.2745  0.1588  0.0790  0.0048  0.0000  0.0105  0.0000  0.0000  0.0000
 1.0000  0.0000  0.0004  0.0003  0.0003  0.0001  0.0022  0.0001  0.0002  0.0004  0.0004  0.0002  0.0002  0.0167  0.0003  0.0003  0.0132  0.0007  0.0007  0.0001  0.0000  0.0001  0.0000  0.0000  0.0000
 1.0000  0.0000  0.0244  0.0180  0.0216  0.0092  0.1368  0.0041  0.0106  0.0235  0.0234  0.0110  0.0154  0.7835  0.0162  0.0169  0.1629  0.0429  0.0401  0.0033  0.0000  0.0070  0.0000  0.0000  0.0000
 0.0031  0.0000  0.0009  0.0006  0.0010  1.0000  0.0010  0.0133  0.4196  0.0012  0.0530  0.0079  0.0010  0.0013  0.0016  0.0013  0.0013  0.0019  0.0071  0.0010  0.0000  0.4649  0.0000  0.0000  0.0000
 0.6083  0.0000  0.0458  0.4734  0.8629  0.0471  0.3065  0.1212  0.2954  1.0000  0.2692  0.0927  0.4011  0.3066  0.5236  0.6223  0.6032  0.4791  0.3783  0.0186  0.0000  0.0460  0.0000  0.0000  0.0000
 0.0295  0.0000  0.0060  0.0016  0.0046  0.0070  0.0010  0.0012  0.2073  0.0048  0.0421  0.0197  0.0024  1.0000  0.0037  0.0030  0.0049  0.0210  0.2097  0.0010  0.0000  0.0019  0.0000  0.0000  0.0000
 0.0307  0.0000  0.0022  0.0592  1.0000  0.0020  0.0155  0.0330  0.0457  0.4341  0.0123  0.0043  0.0811  0.0112  0.2353  0.2797  0.0461  0.1712  0.0457  0.0007  0.0000  0.0015  0.0000  0.0000  0.0000
 0.0012  0.0000  0.0004  0.0003  0.0004  0.0020  0.0006  0.0000  0.5858  0.0005  0.8203  0.0020  0.0004  0.0002  0.0002  0.0004  0.0005  0.0014  1.0000  0.0002  0.0000  0.0008  0.0000  0.0000  0.0000
 0.2422  0.0000  0.0113  0.5701  0.2031  0.0104  0.0779  0.0253  0.0562  1.0000  0.0617  0.0218  0.8601  0.0568  0.1456  0.4378  0.6475  0.5484  0.0587  0.0037  0.0000  0.0082  0.0000  0.0000  0.0000
 0.0278  0.0000  0.0067  0.3954  0.0412  0.0057  0.2800  0.2492  0.0027  0.0397  0.0062  0.0022  0.1937  0.0226  0.0266  0.0201  1.0000  0.0297  0.0046  0.0030  0.0000  0.0153  0.0000  0.0000  0.0000
 0.5793  0.0000  0.0674  0.5527  1.0000  0.1640  0.2775  0.1761  0.2541  0.5804  0.3053  0.1076  0.3469  0.2381  0.4386  0.3387  0.4890  0.4237  0.3255  0.0459  0.0000  0.2105  0.0000  0.0000  0.0000
 0.1543  0.0000  0.0353  0.1516  0.0295  0.1395  0.0154  0.0119  0.6849  0.0350  1.0000  0.2101  0.0212  0.0406  0.0337  0.0272  0.0334  0.2807  0.6761  0.0169  0.0000  0.0271  0.0000  0.0000  0.0000
 0.0000  0.0000  0.0000  1.0000  0.0000  0.0000  0.0000  0.0000  0.0000  0.0000  0.0000  0.0000  0.0000  0.0000  0.0000  0.0000  0.0000  0.0000  0.0000  0.0000  0.0000  0.0000  0.0000  0.0000  0.0000
 0.1155  0.0000  0.0007  0.0002  0.0005  0.0004  0.0001  0.0001  0.0121  0.0005  0.0024  0.0007  0.0003  0.0008  0.0004  0.0003  0.0007  1.0000  0.1109  0.0001  0.0000  0.0001  0.0000  0.0000  0.0000
 0.0632  0.0000  0.0059  0.0188  0.0182  0.0040  0.2167  0.0256  0.0072  0.0508  0.0123  0.0050  0.0277  0.0244  0.6857  0.2047  1.0000  0.1018  0.0134  0.0022  0.0000  0.0060  0.0000  0.0000  0.0000
 0.0382  0.0000  0.0097  0.1785  0.0533  0.0765  0.1279  0.0554  0.0063  0.0534  0.0132  0.0044  1.0000  0.0298  0.0356  0.0291  0.0977  0.0397  0.0091  0.0049  0.0000  0.3619  0.0000  0.0000  0.0000
 0.0000  0.0000  0.0000  0.0000  0.0000  1.0000  0.0000  0.0000  0.0000  0.0000  0.0000  0.0000  0.0000  0.0000  0.0000  0.0000  0.0000  0.0000  0.0000  0.0000  0.0000  0.0000  0.0000  0.0000  0.0000
 0.0055  0.0000  0.0001  1.0000  0.6337  0.0005  0.0020  0.0013  0.0007  0.0055  0.0012  0.1291  0.0022  0.0157  0.0072  0.0014  0.0027  0.0024  0.0084  0.0002  0.0000  0.0007  0.0000  0.0000  0.0000
 0.0831  0.0000  0.0025  0.6461  1.0000  0.0078  0.0447  0.0500  0.0109  0.7447  0.0200  0.0080  0.2274  0.3225  0.1389  0.0291  0.0542  0.0566  0.0201  0.0037  0.0000  0.0114  0.0000  0.0000  0.0000
 0.0053  0.0000  0.0014  0.0007  0.0119  1.0000  0.0010  0.0002  0.2487  0.0014  0.0186  0.0036  0.0008  0.0011  0.0007  0.0010  0.0015  0.0362  0.3381  0.0010  0.0000  0.0126  0.0000  0.0000  0.0000
 0.0352  0.0000  0.0006  0.7111  0.6258  0.0032  0.0143  0.0087  0.0042  0.0355  0.0078  0.0032  0.0167  1.0000  0.0588  0.0095  0.2242  0.0156  0.0081  0.0015  0.0000  0.0044  0.0000  0.0000  0.0000
 0.0040  0.0000  0.0001  0.3734  1.0000  0.0004  0.0019  0.0011  0.0005  0.0041  0.0009  0.0004  0.0530  0.0260  0.2046  0.0011  0.0023  0.0337  0.0009  0.0002  0.0000  0.0121  0.0000  0.0000  0.0000
 0.6684  0.0000  0.0353  0.4582  1.0000  0.0335  0.2486  0.0799  0.1641  0.6071  0.3059  0.0740  0.3663  0.1795  0.4301  0.3427  0.8301  0.4901  0.3965  0.0115  0.0000  0.0260  0.0000  0.0000  0.0000
 0.0652  0.0000  0.0016  1.0000  0.2863  0.0016  0.1354  0.0044  0.0195  0.0706  0.0080  0.0028  0.1028  0.2075  0.0178  0.0140  0.1282  0.0158  0.0076  0.0006  0.0000  0.0017  0.0000  0.0000  0.0000
 0.8147  0.0000  0.0579  0.6370  1.0000  0.0498  0.4024  0.1205  0.2441  0.9450  0.3634  0.1389  0.5394  0.2879  0.5895  0.5194  0.7890  0.5918  0.2956  0.0171  0.0000  0.0381  0.0000  0.0000  0.0000
 0.8106  0.0000  0.0785  0.6275  1.0000  0.1593  0.4107  0.2027  0.2477  0.9228  0.4077  0.1452  0.5165  0.3036  0.6230  0.5509  0.7691  0.6110  0.3539  0.0486  0.0000  0.1970  0.0000  0.0000  0.0000
 0.8100  0.0000  0.0628  0.6013  0.9694  0.0644  0.3860  0.1588  0.2690  1.0000  0.3058  0.1088  0.4911  0.3124  0.6445  0.5691  0.7612  0.6064  0.3087  0.0379  0.0000  0.0602  0.0000  0.0000  0.0000
 0.5117  0.0000  0.0096  0.2349  0.2643  0.0090  0.1081  0.0526  0.0337  0.2410  0.0544  0.0191  0.1356  1.0000  0.8642  0.2819  0.3187  0.2091  0.1152  0.0031  0.0000  0.0068  0.0000  0.0000  0.0000
 1.0000  0.0000  0.1272  0.4483  0.7310  0.2324  0.3715  0.2414  0.2480  0.6887  0.6076  0.1245  0.3912  0.2675  0.4542  0.4012  0.7814  0.8424  0.4313  0.1830  0.0000  0.3435  0.0000  0.0000  0.0000
 0.9375  0.0000  0.0410  0.6088  0.9512  0.0382  0.3170  0.1068  0.1878  0.7597  0.3012  0.1292  0.4023  0.3615  0.5522  0.5757  1.0000  0.4818  0.3202  0.0132  0.0000  0.0290  0.0000  0.0000  0.0000
 1.0000  0.0000  0.0286  0.4113  0.7857  0.0266  0.2919  0.0649  0.1246  0.5819  0.1615  0.0677  0.4892  0.4305  0.4163  0.3192  0.8198  0.7060  0.1879  0.0092  0.0000  0.0202  0.0000  0.0000  0.0000
 0.6515  0.0000  0.0462  0.5456  0.8574  0.0454  0.4506  0.1260  0.1929  1.0000  0.3538  0.2200  0.4366  0.2711  0.7101  0.6190  0.6632  0.6108  0.2845  0.0154  0.0000  0.0364  0.0000  0.0000  0.0000
 1.0000  0.0000  0.0596  0.1564  0.2144  0.0130  0.1493  0.0276  0.0844  0.2398  0.1130  0.0232  0.1463  0.3159  0.1797  0.3183  0.8014  0.3308  0.1849  0.0752  0.0000  0.0115  0.0000  0.0000  0.0000
 0.4633  0.0000  0.0338  0.6209  1.0000  0.0357  0.7923  0.1039  0.1398  0.6032  0.2049  0.1900  0.3480  0.2041  0.4272  0.3495  0.5729  0.3646  0.1772  0.0118  0.0000  0.0765  0.0000  0.0000  0.0000
 0.1822  0.0000  0.0079  0.1085  0.2624  0.0074  0.2051  0.0179  0.0276  0.2570  0.1197  0.0314  0.1034  1.0000  0.2245  0.2858  0.1542  0.1867  0.0570  0.0025  0.0000  0.0217  0.0000  0.0000  0.0000
 0.7578  0.0000  0.0583  0.6275  1.0000  0.0712  0.3852  0.1367  0.1960  0.9222  0.3170  0.1121  0.4971  0.2757  0.5889  0.5258  0.7369  0.5753  0.2959  0.0306  0.0000  0.0689  0.0000  0.0000  0.0000
 0.7160  0.0000  0.1604  0.4869  0.8576  0.6088  0.4938  0.4770  0.3806  0.5708  0.7076  0.2554  0.4412  0.2758  0.4392  0.8930  0.6437  0.5615  0.5377  0.1705  0.0000  1.0000  0.0000  0.0000  0.0000
 0.1681  0.0000  0.0020  0.0358  0.0813  0.0020  0.0259  0.0199  0.0625  1.0000  0.0113  0.0129  0.0316  0.0692  0.2379  0.0632  0.0373  0.0271  0.0204  0.0007  0.0000  0.0272  0.0000  0.0000  0.0000
 0.4157  0.0000  0.0346  0.3281  0.6305  0.0260  0.2127  0.2523  0.0819  0.4542  0.1582  0.2627  0.4300  0.1613  0.3551  0.2243  1.0000  0.2452  0.1241  0.0085  0.0000  0.0312  0.0000  0.0000  0.0000
 0.2310  0.0000  0.0066  0.0939  0.2576  0.0062  0.1504  0.0150  0.0231  1.0000  0.0373  0.1215  0.0709  0.2126  0.1150  0.1096  0.1763  0.1108  0.0353  0.0021  0.0000  0.0047  0.0000  0.0000  0.0000
 0.0031  0.0000  0.0004  1.0000  0.2577  0.0005  0.0060  0.0020  0.0004  0.1236  0.0008  0.0003  0.0764  0.0022  0.0036  0.0583  0.1376  0.0024  0.0007  0.0002  0.0000  0.0010  0.0000  0.0000  0.0000
 0.5506  0.0000  0.1768  0.2045  0.2720  0.7122  0.4170  0.6266  0.4608  0.2898  0.9542  0.2333  0.3062  0.2223  0.2933  0.3467  0.3995  0.4311  0.5465  0.3385  0.0000  1.0000  0.0000  0.0000  0.0000
 0.4946  0.0000  0.0939  0.0441  0.0994  0.0530  0.0235  0.0250  0.4552  0.0968  0.3226  0.0985  0.0687  0.1204  0.0704  0.0559  0.1331  0.3829  1.0000  0.0103  0.0000  0.0234  0.0000  0.0000  0.0000
 0.0002  0.0000  0.0001  0.0001  0.0001  1.0000  0.0001  0.0000  0.0005  0.0000  0.0074  0.0003  0.0000  0.0001  0.0000  0.0000  0.0001  0.0001  0.0004  0.0009  0.0000  0.0037  0.0000  0.0000  0.0000
 0.0019  0.0000  0.0007  0.0005  0.0006  0.0034  0.0011  0.0000  1.0000  0.0010  0.2989  0.0031  0.0006  0.0003  0.0003  0.0008  0.0225  0.0025  0.8989  0.0004  0.0000  0.2524  0.0000  0.0000  0.0000
 0.0038  0.0000  0.0009  0.0427  0.1679  0.0008  1.0000  0.0040  0.0004  0.0053  0.0008  0.0003  0.3654  0.0030  0.0037  0.0026  0.0099  0.0039  0.0006  0.0004  0.0000  0.0020  0.0000  0.0000  0.0000
 0.0004  0.0000  0.0002  0.0001  0.0001  0.3473  0.0001  0.0000  0.0008  0.0000  0.0019  0.0004  0.0000  0.0001  0.0000  0.0000  0.0002  0.0002  0.0089  0.0017  0.0000  1.0000  0.0000  0.0000  0.0000
 0.0009  0.0000  0.0004  0.0008  0.0005  0.0003  0.0014  0.0064  0.0004  0.0005  0.0005  0.0002  0.0007  0.0009  0.0004  0.0005  0.0018  1.0000  0.0005  0.0002  0.0000  0.0003  0.0000  0.0000  0.0000
 0.0004  0.0000  0.0002  0.0001  0.0001  0.5356  0.0001  0.0000  0.0009  0.0000  0.0022  0.0004  0.0000  0.0002  0.0000  0.0000  0.0003  0.0003  0.0009  0.0021  0.0000  1.0000  0.0000  0.0000  0.0000
 0.0013  0.0000  0.0001  0.0003  0.0017  0.0003  0.0009  0.0011  0.0005  1.0000  0.0013  0.0004  0.0012  0.0010  0.0029  0.3154  0.1183  0.0014  0.0007  0.0002  0.0000  0.0006  0.0000  0.0000  0.0000
 0.2015  0.0000  0.0015  0.0091  0.0191  0.0028  0.0137  0.1779  0.0054  0.1984  0.0127  0.0042  0.5602  0.0108  0.0304  1.0000  0.0332  0.0148  0.0072  0.0021  0.0000  0.0063  0.0000  0.0000  0.0000
 0.0051  0.0000  0.0018  0.0020  0.0027  1.0000  0.0033  0.0054  0.0117  0.0029  0.0319  0.0025  0.0031  0.0021  0.0030  0.0852  0.0786  0.0039  0.0291  0.0310  0.0000  0.0421  0.0000  0.0000  0.0000
 0.0120  0.0000  0.0006  0.7362  1.0000  0.0013  0.0106  0.0045  0.0014  0.1745  0.0027  0.0011  0.3447  0.0077  0.0152  0.0041  0.0103  0.0064  0.0026  0.0006  0.0000  0.0023  0.0000  0.0000  0.0000
 0.5962  0.0000  0.1685  0.2033  0.2654  0.6686  0.4415  0.5155  0.4467  0.2817  0.6274  0.2211  0.3113  0.2203  0.2824  0.3333  0.4059  0.3756  0.5008  0.1757  0.0000  1.0000  0.0000  0.0000  0.0000
 0.1397  0.0000  0.0056  0.0055  0.0077  0.3190  0.0088  0.0132  0.1799  0.0085  1.0000  0.0753  0.0083  0.0066  0.0087  0.0097  0.0109  0.1120  0.6071  0.0320  0.0000  0.1291  0.0000  0.0000  0.0000
 0.0308  0.0000  0.0059  0.0144  0.0137  0.0035  0.0098  0.0052  0.0321  0.1885  0.0108  0.0051  0.3838  0.1152  0.0145  0.0560  0.1844  1.0000  0.1797  0.0021  0.0000  0.0042  0.0000  0.0000  0.0000
 0.8214  0.0000  0.0508  0.8480  1.0000  0.1103  0.4081  0.1162  0.1772  0.8755  0.2859  0.1271  0.4744  0.3313  0.8174  0.6701  0.7530  0.5405  0.2699  0.0168  0.0000  0.0392  0.0000  0.0000  0.0000
 0.0666  0.0000  0.0053  0.3633  0.1155  0.0084  0.0382  0.0290  0.0416  0.6251  0.0736  0.1468  0.0507  0.0751  0.1033  1.0000  0.0599  0.0575  0.0298  0.0049  0.0000  0.0140  0.0000  0.0000  0.0000
 0.2123  0.0000  0.1455  0.1242  0.2848  0.1082  1.0000  0.1476  0.0846  0.2593  0.1626  0.0880  0.4798  0.2000  0.1504  0.1466  0.1982  0.1428  0.1314  0.0291  0.0000  0.1731  0.0000  0.0000  0.0000
 1.0000  0.0000  0.0131  0.1732  0.3224  0.0123  0.1117  0.0297  0.0457  0.2266  0.1250  0.0258  0.2755  0.3474  0.1799  0.1279  0.6391  0.3036  0.1386  0.0042  0.0000  0.0095  0.0000  0.0000  0.0000
 0.1026  0.0000  0.0254  0.0156  0.0304  0.1397  0.0227  0.0728  0.8006  0.2199  1.0000  0.1660  0.0271  0.0353  0.0421  0.0434  0.2498  0.0711  0.2418  0.0208  0.0000  0.0545  0.0000  0.0000  0.0000
 0.0592  0.0000  0.0063  0.1112  0.0140  0.0029  0.1845  0.0060  0.0028  0.0121  0.0305  0.0028  0.0307  1.0000  0.0085  0.0071  0.0575  0.0151  0.0094  0.0012  0.0000  0.0041  0.0000  0.0000  0.0000
 0.2107  0.0000  0.0090  0.0186  0.0176  0.0045  0.1524  0.0049  0.0567  0.1018  0.0128  0.0063  0.0268  0.0764  0.0152  0.0134  1.0000  0.8543  0.0200  0.0024  0.0000  0.0047  0.0000  0.0000  0.0000
 0.5174  0.0000  0.1753  0.2441  0.3258  0.6950  0.3393  0.5390  0.3921  0.3102  0.6455  0.2194  0.3202  0.2103  0.3093  0.3550  0.4111  0.3971  0.4998  0.1828  0.0000  1.0000  0.0000  0.0000  0.0000
 1.0000  0.0000  0.0785  0.0841  0.1866  0.0818  0.5296  0.0429  0.1468  0.1091  0.2228  0.9299  0.0701  0.1879  0.0811  0.0823  0.3808  0.1557  0.2266  0.0212  0.0000  0.0728  0.0000  0.0000  0.0000
 0.0081  0.0000  0.0004  0.0503  0.1446  0.0011  0.0044  0.0041  0.0021  1.0000  0.0046  0.0016  0.0057  0.0053  0.0942  0.2293  0.0056  0.0060  0.0031  0.0007  0.0000  0.0020  0.0000  0.0000  0.0000
 1.0000  0.0000  0.0079  0.0063  0.0073  0.0030  0.0871  0.0015  0.0038  0.0081  0.0077  0.0037  0.0061  0.0626  0.0056  0.0057  0.6916  0.0565  0.1792  0.0011  0.0000  0.0024  0.0000  0.0000  0.0000
 0.7770  0.0000  0.0153  0.0575  0.0828  0.0092  1.0000  0.0150  0.0209  0.2659  0.0352  0.0138  0.0547  0.0490  0.0565  0.1284  0.4067  0.3887  0.0406  0.0038  0.0000  0.0091  0.0000  0.0000  0.0000
 0.0236  0.0000  0.0024  0.0091  0.0334  0.0042  0.0157  0.0168  0.0087  1.0000  0.0194  0.0065  0.0210  0.1676  0.1716  0.1074  0.0225  0.1058  0.0121  0.0030  0.0000  0.0086  0.0000  0.0000  0.0000
 0.0000  0.0000  0.0000  0.0000  0.0000  0.0000  0.0000  0.0000  0.0000  0.0000  1.0000  0.0000  0.0000  0.0000  0.0000  0.0000  0.0000  0.0000  0.0000  0.0000  0.0000  0.0000  0.0000  0.0000  0.0000
//
