ID   UNK_ID; MATRIX
AC   UNK_AC
DE   UNK_DE
MA   UNK_BL
  A   B   C   D   E   F   G   H   I   K   L   M   N   P   Q   R   S   T   V   W   X   Y   Z   *   -
 0.0000  0.0000  0.0000  0.0000  0.0000  0.0000  0.0000  0.0000  0.0000  0.0000  0.0000  1.0000  0.0000  0.0000  0.0000  0.0000  0.0000  0.0000  0.0000  0.0000  0.0000  0.0000  0.0000  0.0000  0.0000
 0.0345  0.0000  0.0072  0.0295  0.0131  0.0039  0.0208  0.0073  0.0096  0.0173  0.0093  0.0049  0.8204  0.0184  0.0129  0.0104  1.0000  0.2678  0.0153  0.0024  0.0000  0.0055  0.0000  0.0000  0.0000
 0.1695  0.0000  0.0056  0.6950  1.0000  0.0070  0.0461  0.0176  0.0213  0.1767  0.0351  0.0126  0.0585  0.0411  0.1731  0.0942  0.0843  0.3181  0.0336  0.0027  0.0000  0.0066  0.0000  0.0000  0.0000
 0.8705  0.0000  0.1866  0.4299  0.5508  0.2489  0.2777  0.2279  0.2976  0.5213  0.4043  0.3457  0.3627  0.2787  0.3977  0.3520  0.5825  0.4146  1.0000  0.0669  0.0000  0.3351  0.0000  0.0000  0.0000
 0.8453  0.0000  0.0436  0.4932  0.7917  0.0462  0.3014  0.1253  0.1506  0.7744  0.2936  0.1436  0.5890  0.3895  0.5698  0.5305  1.0000  0.7588  0.3071  0.0153  0.0000  0.0399  0.0000  0.0000  0.0000
 0.0017  0.0000  0.0006  0.0004  0.0005  0.0025  0.0008  0.0000  0.6787  0.0007  0.0534  0.0023  0.0005  0.0003  0.0002  0.0006  0.0007  0.0020  1.0000  0.0003  0.0000  0.0011  0.0000  0.0000  0.0000
 0.0037  0.0000  0.0012  0.0008  0.0010  0.0046  0.0015  0.0001  0.3336  0.0720  0.0242  0.0043  0.0009  0.0007  0.0005  0.0013  0.0015  0.0041  1.0000  0.0006  0.0000  0.1019  0.0000  0.0000  0.0000
 0.0112  0.0000  0.0011  0.0020  0.0156  0.0023  0.0079  0.0678  0.1140  1.0000  0.0114  0.0038  0.0109  0.0088  0.0266  0.1032  0.0092  0.0120  0.0064  0.0018  0.0000  0.0051  0.0000  0.0000  0.0000
 0.0076  0.0000  0.0005  0.0162  1.0000  0.0007  0.0031  0.0016  0.0012  0.0067  0.0018  0.0008  0.0040  0.0043  0.0472  0.0023  0.0783  0.0940  0.0021  0.0004  0.0000  0.0009  0.0000  0.0000  0.0000
 0.0050  0.0000  0.0006  0.0147  0.0019  0.0004  1.0000  0.0011  0.0003  0.0018  0.0006  0.0003  0.0061  0.0018  0.0012  0.0010  0.0396  0.0018  0.0008  0.0002  0.0000  0.0007  0.0000  0.0000  0.0000
 0.0044  0.0000  0.0010  0.0007  0.0017  0.1461  0.0013  0.0013  0.0173  0.0653  0.0802  0.0115  0.0015  0.0020  0.0030  0.0040  0.0017  0.0027  0.0099  1.0000  0.0000  0.0017  0.0000  0.0000  0.0000
 0.0926  0.0000  0.0015  0.0005  0.0013  0.0053  0.0010  0.0005  0.0141  0.0014  1.0000  0.0069  0.0008  0.0020  0.0015  0.0011  0.0018  0.0046  0.1290  0.0007  0.0000  0.0008  0.0000  0.0000  0.0000
 0.4988  0.0000  0.1741  0.2018  0.2682  0.6963  0.3242  0.6080  0.3878  0.2856  0.6754  0.2413  0.3021  0.2009  0.3327  0.3419  0.4053  0.4161  0.5094  0.1820  0.0000  1.0000  0.0000  0.0000  0.0000
 0.0000  0.0000  0.0000  0.0000  0.0000  0.0000  0.0000  0.0000  0.0000  1.0000  0.0000  0.0000  0.0000  0.0000  0.0000  0.0000  0.0000  0.0000  0.0000  0.0000  0.0000  0.0000  0.0000  0.0000  0.0000
 0.0029  0.0000  0.0003  0.0007  0.0712  0.0006  0.0020  0.0025  0.0012  0.0967  0.0028  0.0009  0.0027  0.0022  0.1796  1.0000  0.0023  0.0030  0.0016  0.0004  0.0000  0.0013  0.0000  0.0000  0.0000
 0.0000  0.0000  0.0000  0.0000  0.0000  0.0000  1.0000  0.0000  0.0000  0.0000  0.0000  0.0000  0.0000  0.0000  0.0000  0.0000  0.0000  0.0000  0.0000  0.0000  0.0000  0.0000  0.0000  0.0000  0.0000
 0.0421  0.0000  0.0051  0.0541  1.0000  0.0049  0.2444  0.0085  0.0050  0.0237  0.0104  0.0032  0.0231  0.0247  0.0237  0.0123  0.0269  0.0150  0.0097  0.0035  0.0000  0.0059  0.0000  0.0000  0.0000
 0.0864  0.0000  0.0238  0.0605  0.0441  0.0819  0.1708  0.7517  0.0466  0.0493  0.0779  0.1639  0.0783  0.0345  0.0428  0.0495  0.1908  0.0589  0.0618  0.0220  0.0000  1.0000  0.0000  0.0000  0.0000
 0.0016  0.0000  0.0006  0.0003  0.0005  0.0672  0.0006  0.0001  1.0000  0.0006  0.0145  0.0028  0.0004  0.0004  0.0003  0.0005  0.0008  0.0016  0.0668  0.0696  0.0000  0.0068  0.0000  0.0000  0.0000
 0.0025  0.0000  0.0002  0.0005  0.0033  0.0005  0.0018  0.0021  0.0010  1.0000  0.0024  0.0008  0.0024  0.0019  0.0055  0.1756  0.0611  0.0026  0.0013  0.0004  0.0000  0.0011  0.0000  0.0000  0.0000
 0.0163  0.0000  0.0035  0.0100  0.0052  0.0018  0.0067  0.0026  0.0049  0.0074  0.0046  0.0025  0.7419  0.0086  0.0057  0.0046  0.2662  1.0000  0.0078  0.0012  0.0000  0.0023  0.0000  0.0000  0.0000
 0.0000  0.0000  0.0000  0.0000  0.0000  0.0000  0.0000  0.0000  0.0000  0.0000  0.0000  0.0000  0.0000  0.0000  0.0000  0.0000  0.0000  0.0000  0.0000  1.0000  0.0000  0.0000  0.0000  0.0000  0.0000
 0.0018  0.0000  0.0002  0.0004  0.0025  0.0004  0.0014  0.0016  0.0008  0.2163  0.0018  0.0006  0.0017  0.0015  0.0042  1.0000  0.0015  0.0019  0.0010  0.0003  0.0000  0.0008  0.0000  0.0000  0.0000
 0.1091  0.0000  0.0088  0.1268  0.1502  0.0128  0.0608  0.1553  0.0315  0.5948  0.0577  0.0198  0.0803  1.0000  0.3341  0.3040  0.2108  0.0896  0.1377  0.0060  0.0000  0.0179  0.0000  0.0000  0.0000
 0.0020  0.0000  0.0003  0.0017  0.0672  0.0005  0.0024  0.0013  0.0007  0.0084  0.0016  0.0005  0.0017  0.0019  0.0032  1.0000  0.0016  0.0017  0.0010  0.0004  0.0000  0.0007  0.0000  0.0000  0.0000
 0.0012  0.0000  0.0007  0.0003  0.0003  0.0272  0.0004  0.0000  0.0026  0.0000  0.0062  0.0012  0.0000  0.0005  0.0000  0.0001  0.0008  0.0008  0.0024  0.3528  0.0000  1.0000  0.0000  0.0000  0.0000
 0.0033  0.0000  0.0609  0.0004  0.0006  1.0000  0.0009  0.0001  0.0044  0.0003  0.0092  0.0020  0.0002  0.0010  0.0003  0.0003  0.0014  0.0017  0.0429  0.0051  0.0000  0.0202  0.0000  0.0000  0.0000
 0.0509  0.0000  0.0110  0.0043  0.0112  0.0207  0.0049  0.0051  0.8496  0.1259  0.7068  0.0836  0.0072  0.0123  0.1399  0.0719  0.0112  0.0585  1.0000  0.0032  0.0000  0.0090  0.0000  0.0000  0.0000
 0.0013  0.0000  0.0003  0.0002  0.0003  0.0685  0.0003  0.0003  0.0322  0.0005  1.0000  0.0045  0.0003  0.0006  0.0007  0.0005  0.0004  0.0008  0.0038  0.0005  0.0000  0.0007  0.0000  0.0000  0.0000
 0.3165  0.0000  0.1294  0.1275  0.1726  0.6180  0.2059  0.5041  0.2449  1.0000  0.4388  0.1829  0.1927  0.1285  0.1881  0.6913  0.2502  0.4909  0.3124  0.1149  0.0000  0.6644  0.0000  0.0000  0.0000
 0.4643  0.0000  0.0314  0.7223  0.6505  0.0298  0.2445  0.0725  0.1072  0.5324  0.1730  0.0607  0.4793  0.2542  0.3379  0.4568  1.0000  0.4218  0.1635  0.0705  0.0000  0.0242  0.0000  0.0000  0.0000
 0.0042  0.0000  0.0010  1.0000  0.0057  0.0008  0.0710  0.0041  0.0005  0.0055  0.0009  0.0004  0.0500  0.0033  0.0037  0.0028  0.0539  0.1009  0.0008  0.0004  0.0000  0.0021  0.0000  0.0000  0.0000
 0.0115  0.0000  0.0012  0.0044  0.0021  0.0006  1.0000  0.0010  0.0006  0.0742  0.0012  0.0005  0.0050  0.0032  0.0016  0.0018  0.0489  0.0028  0.0018  0.0002  0.0000  0.0007  0.0000  0.0000  0.0000
 0.3075  0.0000  0.0158  0.3201  0.2463  0.0153  0.0959  0.0324  0.0498  0.2510  0.2170  0.1566  0.1820  0.0726  0.1466  0.2020  1.0000  0.8720  0.0757  0.0055  0.0000  0.0136  0.0000  0.0000  0.0000
 0.0046  0.0000  0.0022  0.0007  0.0012  1.0000  0.0008  0.0002  0.1175  0.0002  0.6087  0.0061  0.0002  0.0018  0.0003  0.0002  0.0030  0.0029  0.0097  0.2149  0.0000  0.1959  0.0000  0.0000  0.0000
 0.1943  0.0000  0.0678  0.0781  0.1038  0.3890  0.1256  0.2048  1.0000  0.1109  0.6203  0.3169  0.2432  0.0778  0.1116  0.2944  0.2522  0.1507  0.3795  0.0706  0.0000  0.4702  0.0000  0.0000  0.0000
 0.1793  0.0000  0.0206  0.0313  0.0235  0.0127  1.0000  0.0106  0.0159  0.0284  0.0247  0.0114  0.0402  0.0503  0.0206  0.0199  0.2021  0.2091  0.1211  0.0049  0.0000  0.1416  0.0000  0.0000  0.0000
 0.0016  0.0000  0.0008  0.0002  0.0004  0.2980  0.0003  0.0001  0.0521  0.0001  0.0928  0.0021  0.0001  0.0006  0.0001  0.0001  0.0011  0.0010  0.0034  0.0071  0.0000  1.0000  0.0000  0.0000  0.0000
 0.0045  0.0000  0.0004  0.0008  0.0062  0.0009  0.0032  0.0040  0.0019  1.0000  0.0045  0.0015  0.0044  0.0035  0.0106  0.2333  0.0037  0.0048  0.0025  0.0007  0.0000  0.0869  0.0000  0.0000  0.0000
 0.3898  0.0000  0.0250  0.5560  1.0000  0.0233  0.1766  0.0567  0.1568  0.5285  0.1394  0.0490  0.4227  0.1284  0.2740  0.2418  0.5736  0.4991  0.1323  0.0081  0.0000  0.0180  0.0000  0.0000  0.0000
 0.0053  0.0000  0.0005  0.0010  0.0074  0.0011  0.0573  0.0047  0.0023  1.0000  0.0054  0.0018  0.0052  0.0042  0.2288  0.5092  0.0044  0.0057  0.0030  0.0008  0.0000  0.0024  0.0000  0.0000  0.0000
 0.0863  0.0000  0.0084  0.0112  0.0092  0.0785  0.1512  0.0026  0.0040  0.0100  0.0089  0.0040  0.0112  1.0000  0.0067  0.0070  0.0456  0.0298  0.0138  0.0014  0.0000  0.0034  0.0000  0.0000  0.0000
 0.5418  0.0000  0.0275  0.6139  1.0000  0.0995  0.1956  0.0625  0.0962  0.7788  0.1552  0.1511  0.2713  0.3054  0.6335  0.2697  0.4098  0.3655  0.1658  0.0089  0.0000  0.0196  0.0000  0.0000  0.0000
 0.6733  0.0000  0.0313  1.0000  0.6513  0.0294  0.3414  0.0712  0.1097  0.5446  0.2297  0.0755  0.2898  0.2081  0.3686  0.3425  0.5166  0.4216  0.1672  0.0101  0.0000  0.0225  0.0000  0.0000  0.0000
 0.7873  0.0000  0.0742  0.6270  1.0000  0.1182  0.4047  0.1713  0.2207  0.9282  0.3702  0.1246  0.5242  0.3005  0.6069  0.5443  0.7831  0.6157  0.3490  0.0351  0.0000  0.1363  0.0000  0.0000  0.0000
 0.5768  0.0000  0.0225  1.0000  0.7340  0.0948  0.2171  0.0731  0.0781  0.3861  0.1261  0.0442  0.5947  0.2647  0.3259  0.2180  0.3684  0.3866  0.1190  0.0075  0.0000  0.0176  0.0000  0.0000  0.0000
 0.5646  0.0000  0.1794  0.2592  0.3489  0.7009  0.3608  0.5600  0.4045  0.3603  0.6958  0.2357  0.3428  0.2288  0.3762  0.3851  0.4699  0.4364  0.5273  0.1845  0.0000  1.0000  0.0000  0.0000  0.0000
 0.7649  0.0000  0.0432  0.5630  0.9952  0.0404  0.4279  0.1284  0.1514  1.0000  0.3449  0.1139  0.4603  0.5020  0.4770  0.5086  0.8126  0.6299  0.2504  0.0139  0.0000  0.0307  0.0000  0.0000  0.0000
 0.8289  0.0000  0.1012  0.6374  1.0000  0.2571  0.4517  0.2746  0.2945  0.9191  0.4772  0.1612  0.5351  0.3127  0.6265  0.5883  0.7874  0.6367  0.4175  0.0712  0.0000  0.3448  0.0000  0.0000  0.0000
 0.0288  0.0000  0.0705  0.0031  0.0049  0.0024  0.0129  0.0022  0.0067  0.0237  0.0192  0.0027  0.0043  1.0000  0.0451  0.0083  0.0553  0.0153  0.0259  0.0008  0.0000  0.0024  0.0000  0.0000  0.0000
 0.0976  0.0000  0.0033  0.0014  0.0027  0.0042  0.0058  0.0008  0.0163  0.0028  1.0000  0.0060  0.0016  0.0051  0.0023  0.0019  0.0451  0.0098  0.1947  0.0006  0.0000  0.0010  0.0000  0.0000  0.0000
 0.0027  0.0000  0.0007  0.2487  0.0040  0.0006  0.0707  0.0029  0.0003  0.0038  0.0006  0.0002  1.0000  0.0022  0.0026  0.0019  0.0074  0.0029  0.0005  0.0003  0.0000  0.0015  0.0000  0.0000  0.0000
 0.1351  0.0000  0.0437  0.1810  0.0890  0.2095  0.1020  0.1457  0.0970  0.1245  0.2230  0.0542  1.0000  0.1487  0.0834  0.0963  0.1182  0.1063  0.2666  0.0442  0.0000  0.2383  0.0000  0.0000  0.0000
 0.0124  0.0000  0.0026  0.0044  0.0033  1.0000  0.0037  0.0020  0.0720  0.0046  0.0288  0.0071  0.0738  0.0049  0.0037  0.0033  0.0206  0.1099  0.0173  0.0011  0.0000  0.0024  0.0000  0.0000  0.0000
 0.1353  0.0000  0.0248  0.1353  0.1726  0.0233  0.0490  0.1005  0.0445  0.0840  0.0500  0.1621  0.1039  0.0657  0.0649  0.0509  1.0000  0.8533  0.1739  0.0103  0.0000  0.0292  0.0000  0.0000  0.0000
 0.0858  0.0000  0.0011  0.0004  0.0009  0.0021  0.0005  0.0002  0.2232  0.0010  0.1262  0.0024  0.0006  0.0010  0.0006  0.0007  0.0010  0.0039  1.0000  0.0003  0.0000  0.0008  0.0000  0.0000  0.0000
 1.0000  0.0000  0.0440  0.4893  0.8119  0.0432  0.3231  0.1083  0.1512  0.9654  0.2489  0.0871  0.4514  0.2259  0.4893  0.7580  0.6446  0.4603  0.3030  0.0161  0.0000  0.0383  0.0000  0.0000  0.0000
 0.1726  0.0000  0.0112  1.0000  0.7597  0.0126  0.6177  0.0336  0.0385  0.4461  0.0631  0.0225  0.1264  0.0714  0.3938  0.1079  0.3288  0.2420  0.0601  0.0048  0.0000  0.0126  0.0000  0.0000  0.0000
 0.2097  0.0000  1.0000  0.0046  0.0057  0.0025  0.0333  0.0011  0.0055  0.0062  0.0077  0.0033  0.0041  0.1122  0.0043  0.0044  0.1854  0.0138  0.1054  0.0009  0.0000  0.0018  0.0000  0.0000  0.0000
 0.2761  0.0000  0.0108  0.1109  0.2871  0.0130  0.1444  0.0280  0.0313  0.1881  0.1388  0.0191  0.0791  0.0537  1.0000  0.1300  0.1204  0.2127  0.0491  0.0051  0.0000  0.0150  0.0000  0.0000  0.0000
 0.0210  0.0000  0.0052  0.0025  0.0051  0.1427  0.0036  0.0880  0.5011  0.0063  1.0000  0.0444  0.0046  0.0074  0.0083  0.0060  0.0059  0.1709  0.0913  0.0047  0.0000  0.0079  0.0000  0.0000  0.0000
 0.0596  0.0000  0.0020  0.0014  0.0020  0.0128  0.0800  0.0010  0.3390  0.0028  0.1058  1.0000  0.0020  0.0022  0.0021  0.0025  0.0035  0.0189  0.1305  0.0016  0.0000  0.0041  0.0000  0.0000  0.0000
 0.6089  0.0000  0.1543  0.2799  0.4661  0.0537  0.1861  0.0708  0.2387  1.0000  0.2958  0.0834  0.2430  0.1686  0.2746  0.2477  0.5266  0.6150  0.5183  0.0158  0.0000  0.0452  0.0000  0.0000  0.0000
 0.4924  0.0000  0.0574  0.4233  0.6410  0.2286  0.2389  0.1462  0.1652  0.5020  0.3726  0.0894  0.2952  0.1730  0.4327  0.3111  0.5158  1.0000  0.5317  0.0383  0.0000  0.1781  0.0000  0.0000  0.0000
 0.0215  0.0000  0.0014  0.9604  1.0000  0.0025  0.0239  0.0094  0.0025  0.0243  0.0048  0.0019  0.1345  0.0140  0.0267  0.2743  0.0218  0.0125  0.0047  0.0012  0.0000  0.0047  0.0000  0.0000  0.0000
 0.0110  0.0000  0.0006  0.1616  0.1427  0.0016  0.0068  0.0060  0.0027  0.5559  0.0061  0.0021  0.0092  0.0075  0.0192  1.0000  0.0079  0.0080  0.0041  0.0010  0.0000  0.0030  0.0000  0.0000  0.0000
 0.1065  0.0000  0.0027  0.0714  0.0087  0.0012  0.0594  0.0021  0.0013  0.1718  0.0028  0.0013  0.0096  1.0000  0.0041  0.0032  0.0160  0.0059  0.0043  0.0005  0.0000  0.0015  0.0000  0.0000  0.0000
 0.1790  0.0000  0.0041  0.0725  0.0319  0.0044  0.1595  0.0168  0.0074  1.0000  0.0171  0.0059  0.0367  0.0191  0.0392  0.9995  0.0318  0.0229  0.0119  0.0028  0.0000  0.0088  0.0000  0.0000  0.0000
 0.0563  0.0000  0.0072  0.0052  0.0122  0.0058  0.0221  0.0051  0.0226  0.1972  0.1298  0.0085  0.0085  1.0000  0.0142  0.0275  0.0475  0.0272  0.1066  0.0017  0.0000  0.0039  0.0000  0.0000  0.0000
 0.1174  0.0000  0.0315  0.5223  0.1485  0.1905  0.3411  0.1759  0.0311  0.1440  0.0566  0.0196  1.0000  0.0838  0.1022  0.0843  0.2671  0.1169  0.0432  0.0199  0.0000  0.2295  0.0000  0.0000  0.0000
 0.2050  0.0000  0.1466  0.0613  0.0931  0.0232  0.1803  0.0224  0.0614  0.0627  0.0487  0.0943  0.1020  0.0817  0.0482  0.0419  0.4522  1.0000  0.0746  0.0111  0.0000  0.0276  0.0000  0.0000  0.0000
 0.0058  0.0000  0.0008  0.0042  0.0040  1.0000  0.0100  0.0021  0.0031  0.0783  0.0082  0.0017  0.0033  0.0069  0.0038  0.0074  0.0042  0.0032  0.0030  0.0014  0.0000  0.0015  0.0000  0.0000  0.0000
 0.2218  0.0000  0.0705  0.1001  0.2216  0.2757  0.2684  0.2123  1.0000  0.2612  0.3535  0.2728  0.1351  0.0879  0.1326  0.1522  0.2598  0.2424  0.4928  0.0721  0.0000  0.4280  0.0000  0.0000  0.0000
 0.0115  0.0000  0.0027  0.0012  0.0022  0.0072  0.0016  0.0005  1.0000  0.0027  0.0401  0.0297  0.0016  0.0025  0.1636  0.0020  0.0027  0.0095  0.2837  0.0009  0.0000  0.0025  0.0000  0.0000  0.0000
 0.0147  0.0000  0.0015  0.0024  0.0113  0.0019  0.0089  0.0067  0.0039  0.0518  0.0084  0.0029  0.0080  0.0838  0.0718  1.0000  0.0307  0.0110  0.0693  0.0013  0.0000  0.0036  0.0000  0.0000  0.0000
 1.0000  0.0000  0.7137  0.0805  0.1207  0.1942  0.8164  0.0585  0.1542  0.1049  0.1462  0.0580  0.0801  0.2225  0.0798  0.0866  0.4551  0.1753  0.1796  0.0267  0.0000  0.1061  0.0000  0.0000  0.0000
 0.0029  0.0000  0.0008  0.0004  0.0007  0.0388  0.0006  0.0006  0.0145  0.0009  1.0000  0.0517  0.0007  0.0012  0.0014  0.0010  0.0009  0.0017  0.1529  0.0015  0.0000  0.0950  0.0000  0.0000  0.0000
 0.0044  0.0000  0.0005  0.0027  0.0046  0.0006  0.0035  0.0021  0.0010  0.0975  0.0022  0.0008  0.0039  0.0024  1.0000  0.0115  0.0788  0.0037  0.0016  0.0004  0.0000  0.0011  0.0000  0.0000  0.0000
 0.0122  0.0000  0.0026  0.0026  0.0083  0.0160  0.0055  0.0937  0.1231  0.0558  0.0740  0.1465  0.0067  0.0062  0.0131  0.0262  0.0070  0.0099  0.0192  1.0000  0.0000  0.0083  0.0000  0.0000  0.0000
 0.0050  0.0000  0.0010  0.0020  0.0013  0.0005  0.0014  0.0006  0.0016  0.0020  0.0015  0.0008  0.0037  0.0024  0.0236  0.0012  0.0910  1.0000  0.0867  0.0003  0.0000  0.0006  0.0000  0.0000  0.0000
 0.0191  0.0000  0.0038  0.0230  0.0110  0.0024  0.0405  0.0064  0.0052  0.0195  0.0061  0.0029  0.0884  0.0109  0.0911  0.1163  0.1011  1.0000  0.0081  0.0015  0.0000  0.0041  0.0000  0.0000  0.0000
 0.0083  0.0000  0.0020  0.0009  0.0016  0.0476  0.0012  0.0003  0.1526  0.0020  0.1373  0.0051  0.0012  0.0017  0.0011  0.0014  0.0947  0.1494  1.0000  0.0006  0.0000  0.0020  0.0000  0.0000  0.0000
 0.0729  0.0000  0.0813  0.0068  0.0080  0.0162  0.1200  0.0013  1.0000  0.0100  0.0788  0.0156  0.0066  0.1407  0.0053  0.0077  0.0360  0.0211  0.3389  0.0026  0.0000  0.0085  0.0000  0.0000  0.0000
 0.0064  0.0000  0.0007  0.0737  1.0000  0.0009  0.0104  0.0036  0.0007  0.0074  0.0014  0.0006  0.0858  0.0044  0.0075  0.0028  0.1433  0.0045  0.0013  0.0004  0.0000  0.0018  0.0000  0.0000  0.0000
 0.0052  0.0000  0.0012  0.0032  0.0027  0.0011  0.0476  0.0016  0.0012  0.0061  0.0026  0.0006  0.0027  0.0047  0.0027  1.0000  0.0035  0.0024  0.0018  0.0010  0.0000  0.0013  0.0000  0.0000  0.0000
 0.0182  0.0000  0.0039  0.0081  0.0051  0.0025  0.0052  0.0026  0.0064  0.0078  0.0560  0.0571  0.0531  0.0095  0.0061  0.0050  0.0988  1.0000  0.0095  0.0621  0.0000  0.0027  0.0000  0.0000  0.0000
 0.0007  0.0000  0.0003  0.0001  0.0002  1.0000  0.0001  0.0000  0.0014  0.0000  0.0034  0.0007  0.0000  0.0003  0.0000  0.0000  0.0005  0.0004  0.0013  0.0032  0.0000  0.2582  0.0000  0.0000  0.0000
 0.3050  0.0000  0.0597  0.0471  0.0626  0.4167  0.0757  1.0000  0.0904  0.1596  0.1492  0.0507  0.3671  0.0469  0.1071  0.0798  0.1326  0.0898  0.1895  0.0425  0.0000  0.6776  0.0000  0.0000  0.0000
 0.1218  0.0000  0.0058  0.0164  0.0341  0.0032  0.0004  0.0013  0.0290  0.0045  0.1563  0.0636  0.0022  0.0684  0.0034  0.0026  0.0047  0.0681  1.0000  0.0006  0.0000  0.0012  0.0000  0.0000  0.0000
 0.0489  0.0000  0.0009  0.8636  1.0000  0.0044  0.0328  0.0120  0.0057  0.0482  0.0817  0.0044  0.0237  0.2559  0.0625  0.0131  0.0261  0.0213  0.0111  0.0021  0.0000  0.0061  0.0000  0.0000  0.0000
 0.0424  0.0000  0.0082  0.1073  0.0679  0.0045  0.0133  0.0058  0.1736  0.0228  0.0133  0.0066  0.1042  0.0898  0.0169  0.0138  0.8443  1.0000  0.2331  0.0027  0.0000  0.0050  0.0000  0.0000  0.0000
 0.2571  0.0000  0.0082  0.1303  0.7377  0.0081  0.0598  0.0198  0.0290  0.4537  0.1283  0.0165  0.1487  1.0000  0.3328  0.0811  0.1386  0.0893  0.0445  0.0029  0.0000  0.0065  0.0000  0.0000  0.0000
 0.5682  0.0000  0.0226  0.4107  1.0000  0.0211  0.1606  0.0513  0.0790  0.5113  0.1959  0.0611  0.2090  0.1892  0.2489  0.2599  0.3209  0.2657  0.2009  0.0073  0.0000  0.0161  0.0000  0.0000  0.0000
 0.0702  0.0000  0.0049  0.1136  1.0000  0.0903  0.1041  0.0100  0.0086  0.0398  0.0146  0.0057  0.0256  0.0244  0.0385  0.0179  0.1656  0.0490  0.0378  0.0023  0.0000  0.0078  0.0000  0.0000  0.0000
 0.0428  0.0000  0.0038  0.1072  0.0793  0.0074  0.1433  0.0272  0.0148  0.2904  0.0883  0.0109  0.0381  0.0274  0.0756  1.0000  0.0365  0.0390  0.0828  0.0048  0.0000  0.0142  0.0000  0.0000  0.0000
 0.1644  0.0000  0.0017  0.3005  1.0000  0.0025  0.0160  0.0066  0.0064  0.2142  0.0108  0.0039  0.1960  0.0150  0.4532  0.0174  0.1186  0.0209  0.0104  0.0010  0.0000  0.0027  0.0000  0.0000  0.0000
 0.1027  0.0000  0.0056  0.2744  1.0000  0.0055  0.1314  0.0130  0.0195  0.2334  0.0316  0.0545  0.0514  0.0288  0.1912  0.0876  0.1833  0.0595  0.0298  0.0019  0.0000  0.1385  0.0000  0.0000  0.0000
 0.0605  0.0000  0.0087  0.0168  0.0154  0.0512  0.1808  0.0268  0.0185  0.0184  0.0308  0.0105  0.0778  0.0114  0.0159  0.0636  0.0238  0.0203  0.0239  1.0000  0.0000  0.0839  0.0000  0.0000  0.0000
 0.4703  0.0000  0.0879  0.0482  0.1210  0.0630  0.0233  0.0333  0.5575  0.1034  0.3338  0.1426  0.1323  0.1014  0.0935  0.0625  0.0982  0.3996  1.0000  0.0125  0.0000  0.0392  0.0000  0.0000  0.0000
 0.5932  0.0000  0.0340  0.4068  1.0000  0.0329  0.2405  0.1020  0.1541  0.7913  0.1916  0.1055  0.3126  0.1734  0.4854  0.4574  0.5075  0.4696  0.3174  0.0218  0.0000  0.0259  0.0000  0.0000  0.0000
 1.0000  0.0000  0.0089  0.0037  0.2134  0.0045  0.0045  0.0018  0.0901  0.0072  0.0289  0.0089  0.0034  0.0496  0.0056  0.0040  0.0100  0.0303  0.1686  0.0008  0.0000  0.0015  0.0000  0.0000  0.0000
 0.1289  0.0000  0.0023  0.0012  0.0023  0.0127  0.0016  0.0213  1.0000  0.0027  0.4209  0.0899  0.0020  0.0031  0.0032  0.0026  0.0027  0.0063  0.1327  0.0018  0.0000  0.0431  0.0000  0.0000  0.0000
 0.4994  0.0000  0.0203  0.3753  0.5467  0.0190  0.1450  0.0462  0.1574  0.3851  0.1150  0.0403  0.2719  0.1367  1.0000  0.7411  0.3806  0.3660  0.1087  0.0065  0.0000  0.0144  0.0000  0.0000  0.0000
 0.7824  0.0000  0.0525  0.6438  1.0000  0.0490  0.3774  0.1209  0.1841  0.9259  0.2993  0.1338  0.5180  0.2732  0.5937  0.5164  0.7465  0.5871  0.2862  0.0169  0.0000  0.0372  0.0000  0.0000  0.0000
 0.2711  0.0000  0.0320  0.0574  0.1881  0.1502  0.0687  0.1740  0.1481  0.1888  0.1222  0.0415  0.0702  0.0460  0.0744  0.1050  0.1613  0.0910  1.0000  0.0308  0.0000  0.1641  0.0000  0.0000  0.0000
 1.0000  0.0000  0.0140  0.1326  0.2606  0.1283  0.1841  0.0342  0.1597  0.3847  0.0732  0.0256  0.1278  0.0601  0.1268  0.1797  0.3672  0.1250  0.0982  0.0066  0.0000  0.0246  0.0000  0.0000  0.0000
 0.1761  0.0000  0.0052  0.3962  0.4354  0.0049  0.0373  0.0119  0.0183  0.1929  0.0557  0.0103  1.0000  0.0269  0.0577  0.0776  0.3556  0.0830  0.0279  0.0017  0.0000  0.0037  0.0000  0.0000  0.0000
 0.6066  0.0000  0.0435  0.4807  0.8186  0.1253  0.5070  0.1043  0.1497  0.9006  0.3042  0.0851  0.5944  0.2156  0.4944  1.0000  0.8178  0.4469  0.2265  0.0163  0.0000  0.0445  0.0000  0.0000  0.0000
 0.1206  0.0000  0.0080  0.0083  0.0110  0.0287  0.0398  0.0183  0.0541  0.0120  1.0000  0.0139  0.0117  0.0115  0.0116  0.0133  0.1609  0.0179  0.1351  0.0069  0.0000  0.0979  0.0000  0.0000  0.0000
 0.3342  0.0000  0.0428  0.3601  0.3700  0.0184  0.2748  0.0447  0.1274  1.0000  0.1691  0.0389  0.2242  0.1009  0.4116  0.2370  0.3895  0.2477  0.1049  0.0063  0.0000  0.0141  0.0000  0.0000  0.0000
 0.4754  0.0000  0.0319  0.5513  1.0000  0.0298  0.3490  0.1448  0.1532  0.7335  0.2144  0.0633  0.5645  0.1778  0.6358  0.6764  0.6025  0.4372  0.1883  0.0103  0.0000  0.0226  0.0000  0.0000  0.0000
 0.7662  0.0000  0.0585  0.6272  1.0000  0.0827  0.4287  0.1386  0.2030  0.9708  0.3617  0.1634  0.4901  0.2856  0.7302  0.5797  0.8880  0.6054  0.3165  0.0239  0.0000  0.0850  0.0000  0.0000  0.0000
 0.6243  0.0000  0.0518  0.5174  1.0000  0.0693  0.4900  0.0998  0.1531  0.8132  0.2469  0.0866  0.4143  0.2335  0.5831  0.4598  0.5984  0.4754  0.2480  0.0143  0.0000  0.0327  0.0000  0.0000  0.0000
 0.2788  0.0000  0.0140  0.4186  1.0000  0.0778  0.0805  0.0447  0.0948  0.2284  0.0781  0.0279  0.0962  0.1627  0.1973  0.0882  0.1348  0.1237  0.1455  0.0091  0.0000  0.0314  0.0000  0.0000  0.0000
 0.1965  0.0000  0.0091  0.2246  1.0000  0.0086  0.1591  0.0207  0.0318  0.2154  0.0513  0.0476  0.1102  0.1301  0.2373  0.1244  0.1247  0.1658  0.1140  0.0029  0.0000  0.0440  0.0000  0.0000  0.0000
 0.7783  0.0000  0.0579  0.6369  1.0000  0.0748  0.3821  0.1415  0.2032  0.9419  0.3215  0.1144  0.4935  0.3015  0.5860  0.5336  0.7256  0.5775  0.2939  0.0370  0.0000  0.0713  0.0000  0.0000  0.0000
 0.7899  0.0000  0.0353  0.5162  0.6523  0.0354  0.3026  0.0810  0.1921  0.7727  0.2946  1.0000  0.3214  0.1978  0.5212  0.3645  0.5430  0.4707  0.4504  0.0119  0.0000  0.0291  0.0000  0.0000  0.0000
 0.3286  0.0000  0.0197  1.0000  0.6533  0.0184  0.3076  0.0449  0.0692  0.7711  0.1720  0.0621  0.3666  0.1015  0.2691  0.2932  0.5772  0.3785  0.1495  0.0063  0.0000  0.0140  0.0000  0.0000  0.0000
 0.5491  0.0000  0.1898  0.2255  0.3103  0.7216  0.3621  0.5241  0.4183  0.3135  0.7013  0.2296  0.3395  0.2103  0.3227  0.3590  0.4931  0.4440  0.5867  0.1778  0.0000  1.0000  0.0000  0.0000  0.0000
 0.6130  0.0000  0.0358  0.4198  0.8128  0.0335  0.4748  0.1696  0.1254  0.9039  0.2454  0.0709  0.8170  0.1839  0.7010  0.5923  1.0000  0.5237  0.1911  0.0115  0.0000  0.0255  0.0000  0.0000  0.0000
 0.4964  0.0000  0.1904  0.2032  0.2672  0.6975  0.3370  0.5213  0.3834  0.2837  0.6306  0.2124  0.3339  0.2853  0.2964  0.3364  0.4402  0.3935  0.4862  0.1777  0.0000  1.0000  0.0000  0.0000  0.0000
 0.6689  0.0000  0.0315  0.4208  0.6247  0.0294  1.0000  0.0716  0.1863  0.5761  0.2569  0.1255  0.4185  0.2266  0.4270  0.3942  0.7442  0.5515  0.2147  0.0101  0.0000  0.0224  0.0000  0.0000  0.0000
 0.2724  0.0000  0.0083  0.1802  0.2670  0.0078  0.2834  0.0189  0.0292  0.1719  0.0471  0.0165  0.2514  0.1389  0.1472  0.1221  1.0000  0.3611  0.1153  0.0027  0.0000  0.0059  0.0000  0.0000  0.0000
 0.7217  0.0000  0.0524  0.6238  1.0000  0.0600  0.4123  0.1205  0.1913  0.9279  0.3358  0.1227  0.5186  0.3850  0.6318  0.5009  0.7055  0.5475  0.2821  0.0181  0.0000  0.0460  0.0000  0.0000  0.0000
 0.7970  0.0000  0.0591  0.6293  1.0000  0.1055  0.4022  0.1400  0.2793  0.9996  0.3512  0.1511  0.4954  0.2760  0.5990  0.5316  0.9372  0.6838  0.3172  0.0241  0.0000  0.0767  0.0000  0.0000  0.0000
 0.3426  0.0000  0.0222  1.0000  0.5048  0.0787  0.1543  0.0511  0.1580  0.3997  0.1924  0.0435  0.2116  0.1112  0.3056  0.2234  0.3724  0.2630  0.2120  0.0077  0.0000  0.0195  0.0000  0.0000  0.0000
 0.7044  0.0000  0.0566  0.6167  1.0000  0.0456  0.4138  0.1111  0.2796  0.9476  0.2876  0.1043  0.7413  0.2747  0.5708  0.4987  0.8115  0.5716  0.2926  0.0157  0.0000  0.0346  0.0000  0.0000  0.0000
 0.7842  0.0000  0.0708  0.6312  1.0000  0.1245  0.4072  0.1760  0.2448  0.9301  0.3715  0.1300  0.5153  0.2870  0.6001  0.5458  0.7849  0.5989  0.3318  0.0367  0.0000  0.1455  0.0000  0.0000  0.0000
 0.4114  0.0000  0.0414  0.1931  0.1547  0.0076  1.0000  0.0167  0.0245  0.1177  0.0860  0.0139  0.0924  0.2239  0.0749  0.0667  0.2916  0.2758  0.0378  0.0026  0.0000  0.0067  0.0000  0.0000  0.0000
 0.7287  0.0000  0.0475  0.5890  1.0000  0.0445  0.3380  0.1137  0.1752  0.8418  0.2732  0.1096  0.4615  0.2692  0.5236  0.4835  0.7005  0.5179  0.3102  0.0153  0.0000  0.0340  0.0000  0.0000  0.0000
 0.4830  0.0000  0.0309  0.4517  1.0000  0.0290  0.2843  0.0703  0.1083  0.5384  0.1873  0.1120  0.3036  0.2033  0.3725  0.4627  0.5303  0.3320  0.2892  0.0100  0.0000  0.0221  0.0000  0.0000  0.0000
 0.4472  0.0000  0.0518  0.5448  1.0000  0.1927  0.2609  0.1392  0.2243  0.4736  0.2389  0.1421  0.4578  0.1579  0.4227  0.3530  0.4238  0.3491  0.2086  0.0363  0.0000  0.2387  0.0000  0.0000  0.0000
 0.4072  0.0000  0.0977  0.0382  0.1536  0.1611  0.0470  0.0831  0.6483  0.0691  0.7529  1.0000  0.0564  0.0984  0.0624  0.2853  0.0834  0.5771  0.9329  0.0293  0.0000  0.1467  0.0000  0.0000  0.0000
 0.4478  0.0000  0.0484  0.5921  1.0000  0.0326  0.2760  0.0725  0.1648  0.6190  0.2128  0.0618  0.4502  0.1580  0.3385  0.3268  0.7013  0.3300  0.1763  0.0109  0.0000  0.0409  0.0000  0.0000  0.0000
 0.8372  0.0000  0.1126  0.5807  1.0000  0.3465  0.4335  0.3113  0.3429  0.8818  0.5545  0.1717  0.5587  0.2994  0.6510  0.5691  0.7789  0.6592  0.6064  0.0869  0.0000  0.4355  0.0000  0.0000  0.0000
 0.7538  0.0000  0.0487  0.4526  0.7418  0.0347  0.3581  0.1725  0.1458  0.6614  0.2083  0.0730  0.5316  0.5256  0.4226  0.4175  1.0000  0.4287  0.1968  0.0119  0.0000  0.0266  0.0000  0.0000  0.0000
 0.8161  0.0000  0.0833  0.6177  1.0000  0.1953  0.4143  0.2213  0.2733  0.9404  0.4615  0.1833  0.5263  0.3287  0.6258  0.5508  0.9684  0.6882  0.4070  0.0514  0.0000  0.2278  0.0000  0.0000  0.0000
 0.2539  0.0000  0.0060  0.0702  0.1718  0.0056  0.1645  0.0136  0.0610  0.2147  0.0338  0.0119  0.5131  0.0740  0.0660  0.1843  1.0000  0.3079  0.0320  0.0019  0.0000  0.0043  0.0000  0.0000  0.0000
 0.6008  0.0000  0.0396  0.4767  0.7797  0.0552  0.4471  0.1305  0.1380  1.0000  0.2226  0.0780  0.4655  0.2869  0.4314  0.4341  0.5724  0.4201  0.2343  0.0132  0.0000  0.0311  0.0000  0.0000  0.0000
 0.8668  0.0000  0.1931  0.4378  0.6476  0.7065  0.4726  0.6049  0.4666  0.6485  0.7944  0.2620  0.5226  0.3996  0.5409  0.5915  0.6988  0.5992  0.6630  0.1872  0.0000  1.0000  0.0000  0.0000  0.0000
 0.1964  0.0000  0.0139  0.4489  0.3781  0.0131  0.2381  0.1660  0.0847  1.0000  0.0785  0.0275  0.1286  0.1874  0.1756  0.5922  0.2088  0.1846  0.0742  0.0045  0.0000  0.0100  0.0000  0.0000  0.0000
 0.0166  0.0000  0.0013  0.0569  0.0895  0.0018  0.0093  0.1215  0.0048  1.0000  0.0392  0.0031  0.0124  0.0078  0.0193  0.6382  0.1074  0.0465  0.0070  0.0009  0.0000  0.0026  0.0000  0.0000  0.0000
 0.0878  0.0000  0.0042  0.0019  0.0039  0.0086  0.0022  0.0033  0.1341  0.0896  0.1617  0.1717  0.0029  0.0045  0.0278  0.0036  0.0046  0.0135  1.0000  0.0016  0.0000  0.0552  0.0000  0.0000  0.0000
 0.0955  0.0000  0.0171  0.2021  0.0760  0.0120  0.2270  0.0393  0.0222  0.5025  0.0305  0.0131  0.1889  0.0537  0.0640  0.1545  0.3577  1.0000  0.0351  0.0070  0.0000  0.0222  0.0000  0.0000  0.0000
 0.0562  0.0000  0.0045  0.0014  0.0037  0.0171  0.0012  0.0017  0.2033  0.0042  1.0000  0.9310  0.0025  0.1106  0.0046  0.0032  0.0038  0.0141  0.3078  0.0021  0.0000  0.0025  0.0000  0.0000  0.0000
 0.2762  0.0000  0.0158  0.6275  1.0000  0.0172  0.1465  0.0609  0.0454  0.2513  0.0745  0.0269  0.6622  0.0934  0.2178  0.1290  0.3419  0.4640  0.0714  0.0070  0.0000  0.0211  0.0000  0.0000  0.0000
 0.0024  0.0000  0.0004  1.0000  0.1025  0.0004  0.0060  0.0019  0.0003  0.0259  0.0005  0.0002  0.1688  0.0018  0.0026  0.0014  0.0665  0.0020  0.0004  0.0002  0.0000  0.0010  0.0000  0.0000  0.0000
 0.0000  0.0000  0.0000  0.0000  0.0000  1.0000  0.0000  0.0000  0.0000  0.0000  0.0000  0.0000  0.0000  0.0000  0.0000  0.0000  0.0000  0.0000  0.0000  0.0000  0.0000  0.0000  0.0000  0.0000  0.0000
 0.0330  0.0000  0.0024  0.8076  1.0000  0.0035  0.0340  0.0128  0.0049  0.0379  0.0088  0.0034  0.3878  0.0194  0.0614  0.0833  0.0532  0.1295  0.0084  0.0017  0.0000  0.0062  0.0000  0.0000  0.0000
 0.0051  0.0000  0.0015  0.0007  0.0013  1.0000  0.0010  0.0009  0.1292  0.0014  0.4579  0.1852  0.0010  0.0021  0.0022  0.0014  0.0018  0.0030  0.0134  0.0059  0.0000  0.5217  0.0000  0.0000  0.0000
 0.0008  0.0000  0.0002  0.0001  0.0002  0.0021  0.0002  0.0002  0.0269  0.0003  1.0000  0.0026  0.0002  0.0003  0.0004  0.0003  0.0002  0.0005  0.0202  0.0002  0.0000  0.0003  0.0000  0.0000  0.0000
 0.0575  0.0000  0.0046  0.0300  0.0301  0.0042  0.1026  0.0144  0.0071  1.0000  0.0151  0.2087  0.0861  0.0186  0.0532  0.0643  0.0928  0.0263  0.0122  0.0024  0.0000  0.0077  0.0000  0.0000  0.0000
 0.0026  0.0000  0.0006  0.0003  0.0006  0.0051  0.0004  0.0004  0.0118  0.0008  0.5134  0.0316  0.0005  0.0009  0.0010  0.0007  0.0007  0.0017  1.0000  0.0006  0.0000  0.0007  0.0000  0.0000  0.0000
 0.0013  0.0000  0.0004  0.0002  0.0003  0.0027  0.0003  0.0002  0.1183  0.0005  1.0000  0.0031  0.0003  0.0004  0.0005  0.0004  0.0004  0.0010  0.1549  0.0003  0.0000  0.0005  0.0000  0.0000  0.0000
 0.0000  0.0000  0.0000  0.0000  0.0000  0.0000  1.0000  0.0000  0.0000  0.0000  0.0000  0.0000  0.0000  0.0000  0.0000  0.0000  0.0000  0.0000  0.0000  0.0000  0.0000  0.0000  0.0000  0.0000  0.0000
 0.0011  0.0000  0.0001  0.0002  0.0015  0.0002  0.0008  0.0010  0.0005  1.0000  0.0011  0.0004  0.0011  0.0009  0.0271  0.0597  0.0009  0.0012  0.0006  0.0002  0.0000  0.0005  0.0000  0.0000  0.0000
 0.0000  0.0000  0.0000  0.0000  0.0000  0.0000  1.0000  0.0000  0.0000  0.0000  0.0000  0.0000  0.0000  0.0000  0.0000  0.0000  0.0000  0.0000  0.0000  0.0000  0.0000  0.0000  0.0000  0.0000  0.0000
 0.0168  0.0000  0.0009  0.0017  0.0011  0.0004  0.0016  0.0005  0.0012  0.0016  0.0011  0.0006  0.0030  0.0022  0.0013  0.0010  0.5903  1.0000  0.0020  0.0003  0.0000  0.0005  0.0000  0.0000  0.0000
 0.0004  0.0000  0.0002  0.0001  0.0001  1.0000  0.0001  0.0000  0.0009  0.0000  0.0023  0.0005  0.0000  0.0002  0.0000  0.0000  0.0003  0.0003  0.0009  0.0021  0.0000  0.0604  0.0000  0.0000  0.0000
 0.0000  0.0000  0.0000  0.0000  0.0000  0.0000  1.0000  0.0000  0.0000  0.0000  0.0000  0.0000  0.0000  0.0000  0.0000  0.0000  0.0000  0.0000  0.0000  0.0000  0.0000  0.0000  0.0000  0.0000  0.0000
 0.0000  0.0000  0.0000  0.0000  0.0000  0.0000  0.0000  0.0000  0.0000  1.0000  0.0000  0.0000  0.0000  0.0000  0.0000  0.0000  0.0000  0.0000  0.0000  0.0000  0.0000  0.0000  0.0000  0.0000  0.0000
 0.0000  0.0000  0.0000  0.0000  0.0000  0.0000  0.0000  0.0000  0.0000  0.0000  0.0000  0.0000  0.0000  0.0000  0.0000  0.0000  0.0000  0.0000  1.0000  0.0000  0.0000  0.0000  0.0000  0.0000  0.0000
 0.0091  0.0000  0.0023  0.0011  0.0022  0.0208  0.0017  0.0015  1.0000  0.0029  0.2327  0.6949  0.0020  0.0035  0.0964  0.0028  0.0024  0.0057  0.0651  0.0024  0.0000  0.0029  0.0000  0.0000  0.0000
 0.0059  0.0000  0.0012  0.0011  0.0020  0.0103  0.0024  0.0011  0.0193  0.0030  1.0000  0.0128  0.0014  0.0089  0.1805  0.0027  0.0023  0.0030  0.0112  0.0013  0.0000  0.0015  0.0000  0.0000  0.0000
 0.6987  0.0000  0.4556  0.0168  0.0240  0.0119  0.1130  0.0049  0.0513  0.0257  0.0482  0.0179  0.0158  0.0593  0.0181  0.0175  0.2224  0.0677  1.0000  0.0035  0.0000  0.0071  0.0000  0.0000  0.0000
 0.0136  0.0000  0.0008  0.1602  0.2608  0.0020  0.0074  0.0076  0.0038  0.7659  0.0085  0.0882  0.0096  0.0092  0.0934  1.0000  0.0094  0.0105  0.0055  0.0013  0.0000  0.0038  0.0000  0.0000  0.0000
 0.0126  0.0000  0.0006  0.0568  1.0000  0.0016  0.0063  0.0058  0.0030  0.2434  0.0591  0.0195  0.0079  0.0082  0.0208  0.3118  0.0082  0.0087  0.0046  0.0010  0.0000  0.0029  0.0000  0.0000  0.0000
 0.0012  0.0000  0.0002  0.0021  0.0015  0.0003  0.0023  0.0010  0.0004  1.0000  0.0009  0.0003  0.0351  0.0012  0.0018  0.0039  0.0016  0.0012  0.0005  0.0002  0.0000  0.0005  0.0000  0.0000  0.0000
 1.0000  0.0000  0.0291  0.5216  0.6701  0.0272  0.4602  0.0662  0.1010  0.5019  0.2154  0.0572  0.2809  0.1487  0.3183  0.4188  0.5151  0.3891  0.1541  0.0094  0.0000  0.0211  0.0000  0.0000  0.0000
 0.0567  0.0000  0.0019  0.1025  0.0446  0.0011  0.0298  0.0023  0.0031  0.0088  0.0037  0.0017  0.0583  0.0056  0.0061  0.0050  0.1659  1.0000  0.0254  0.0006  0.0000  0.0014  0.0000  0.0000  0.0000
 0.2074  0.0000  0.0022  0.2208  0.1741  0.0021  1.0000  0.0076  0.0047  0.0281  0.0079  0.0028  0.0886  0.0106  0.0923  0.0718  0.0470  0.0176  0.0073  0.0009  0.0000  0.0034  0.0000  0.0000  0.0000
 0.0264  0.0000  0.0024  0.0098  0.6891  0.0046  0.0171  0.1371  0.0100  1.0000  0.0384  0.1197  0.0231  0.0174  0.1554  0.7631  0.0228  0.0502  0.0330  0.0032  0.0000  0.0091  0.0000  0.0000  0.0000
 0.0285  0.0000  0.0963  0.0104  0.0142  0.1049  0.0167  0.0794  0.3725  0.0153  1.0000  0.0222  0.0158  0.0114  0.0161  0.0181  0.0205  0.0213  0.1033  0.0101  0.0000  0.4777  0.0000  0.0000  0.0000
 0.0005  0.0000  0.0002  0.0001  0.0001  0.1045  0.0001  0.0000  0.0010  0.0000  0.0024  0.0005  0.0000  0.0002  0.0000  0.0000  0.0003  0.0003  0.0009  0.0023  0.0000  1.0000  0.0000  0.0000  0.0000
 1.0000  0.0000  0.0000  0.0000  0.0000  0.0000  0.0000  0.0000  0.0000  0.0000  0.0000  0.0000  0.0000  0.0000  0.0000  0.0000  0.0000  0.0000  0.0000  0.0000  0.0000  0.0000  0.0000  0.0000  0.0000
 0.0057  0.0000  0.0016  0.0009  0.0015  0.0123  0.0017  0.0007  1.0000  0.0021  0.3645  0.8999  0.0015  0.0019  0.0021  0.0019  0.0019  0.0046  0.1855  0.0015  0.0000  0.0026  0.0000  0.0000  0.0000
 0.0000  0.0000  0.0000  0.0000  0.0000  0.0000  0.0000  0.0000  0.0000  1.0000  0.0000  0.0000  0.0000  0.0000  0.0000  0.0000  0.0000  0.0000  0.0000  0.0000  0.0000  0.0000  0.0000  0.0000  0.0000
 0.0035  0.0000  0.0008  0.0003  0.0006  0.0016  0.0004  0.0001  1.0000  0.0008  0.0088  0.0018  0.0004  0.0007  0.0004  0.0005  0.0008  0.1784  0.2071  0.0002  0.0000  0.0007  0.0000  0.0000  0.0000
 0.0011  0.0000  0.0003  0.0001  0.0003  0.0029  0.0002  0.0002  0.1270  0.0004  1.0000  0.0614  0.0003  0.0004  0.0006  0.0004  0.0003  0.0006  0.0030  0.0003  0.0000  0.0004  0.0000  0.0000  0.0000
 0.0036  0.0000  0.0004  0.0009  0.0051  0.0008  0.0027  0.0032  0.0015  1.0000  0.0036  0.0012  0.0696  0.0029  0.0797  0.3726  0.1387  0.0039  0.0020  0.0006  0.0000  0.0016  0.0000  0.0000  0.0000
 0.0000  0.0000  0.0000  0.0000  0.0000  0.0000  0.0000  0.0000  0.0000  1.0000  0.0000  0.0000  0.0000  0.0000  0.0000  0.0000  0.0000  0.0000  0.0000  0.0000  0.0000  0.0000  0.0000  0.0000  0.0000
 0.2485  0.0000  0.0037  0.4082  1.0000  0.0036  0.0272  0.0428  0.0132  0.2239  0.0213  0.0075  0.0353  0.0201  0.0433  0.1353  0.1813  0.1220  0.0202  0.0013  0.0000  0.0029  0.0000  0.0000  0.0000
 0.0299  0.0000  0.0068  0.0025  0.0061  0.0420  0.0031  0.2072  0.0906  0.0075  0.3276  0.1268  0.0047  0.0095  0.0095  0.0065  0.0064  0.0192  1.0000  0.0050  0.0000  0.0056  0.0000  0.0000  0.0000
 0.0008  0.0000  0.0003  0.0002  0.0002  0.0013  0.0004  0.0000  1.0000  0.0004  0.1190  0.0012  0.0002  0.0001  0.0001  0.0003  0.0004  0.0009  0.3018  0.0002  0.0000  0.0006  0.0000  0.0000  0.0000
 0.0798  0.0000  0.0007  0.0004  0.0006  0.0021  0.0006  0.0001  1.0000  0.0008  0.1688  0.0022  0.0005  0.0006  0.0004  0.0006  0.0007  0.0025  0.3706  0.0003  0.0000  0.0009  0.0000  0.0000  0.0000
 0.3581  0.0000  0.0075  0.5470  1.0000  0.0185  0.1211  0.0561  0.0264  0.2071  0.0479  0.0189  0.1861  0.1143  0.3898  0.0694  0.1840  0.1040  0.0480  0.0086  0.0000  0.0276  0.0000  0.0000  0.0000
 0.0131  0.0000  0.0027  0.3594  0.0194  0.0026  0.0379  0.0790  0.0023  1.0000  0.0052  0.0018  0.1389  0.0104  0.0164  0.3837  0.1227  0.0139  0.0034  0.0015  0.0000  0.0067  0.0000  0.0000  0.0000
 0.0040  0.0000  0.0007  1.0000  0.1521  0.0007  0.0111  0.0035  0.0004  0.0053  0.0009  0.0003  0.1290  0.0030  0.0041  0.0671  0.1605  0.0037  0.0007  0.0004  0.0000  0.0018  0.0000  0.0000  0.0000
 0.0029  0.0000  0.0000  0.2143  1.0000  0.0003  0.0011  0.0007  0.0003  0.0029  0.0006  0.0003  0.0012  0.0018  0.0661  0.0008  0.0015  0.0013  0.0007  0.0001  0.0000  0.0004  0.0000  0.0000  0.0000
 0.0038  0.0000  0.0009  0.0003  0.0007  0.0020  0.0003  0.0002  0.0629  0.0008  0.0506  0.0025  0.0004  0.0009  0.0816  0.0006  0.0008  0.0029  1.0000  0.0003  0.0000  0.0006  0.0000  0.0000  0.0000
 1.0000  0.0000  0.0244  0.1460  0.7782  0.0183  0.0656  0.0248  0.0881  0.1957  0.0795  0.0272  0.0467  0.0720  0.1002  0.0755  0.1065  0.1882  0.2365  0.0448  0.0000  0.0165  0.0000  0.0000  0.0000
 0.0498  0.0000  0.2203  0.0572  0.0275  0.0092  0.0675  1.0000  0.0100  0.0457  0.0181  0.0061  0.0646  0.0233  0.0859  0.0376  0.0477  0.0279  0.0171  0.0057  0.0000  0.0135  0.0000  0.0000  0.0000
 0.0031  0.0000  0.0008  0.0010  0.0008  0.0007  0.0013  0.0004  0.0481  0.0010  0.0021  0.0007  0.0015  0.0014  0.0008  0.0008  0.0058  1.0000  0.0032  0.0003  0.0000  0.0005  0.0000  0.0000  0.0000
 0.0037  0.0000  0.0010  0.0005  0.0010  0.0621  0.0008  0.0007  0.1697  0.0013  1.0000  0.6700  0.0009  0.0016  0.0270  0.0013  0.0010  0.0022  0.1925  0.0012  0.0000  0.0013  0.0000  0.0000  0.0000
 0.3346  0.0000  0.0032  0.0039  0.0033  0.0015  0.0082  0.0012  0.0061  0.0044  0.0054  0.0023  0.0063  0.0498  0.0033  0.0028  0.0875  1.0000  0.2844  0.0007  0.0000  0.0012  0.0000  0.0000  0.0000
 0.0000  0.0000  0.0000  0.0000  1.0000  0.0000  0.0000  0.0000  0.0000  0.0000  0.0000  0.0000  0.0000  0.0000  0.0000  0.0000  0.0000  0.0000  0.0000  0.0000  0.0000  0.0000  0.0000  0.0000  0.0000
 0.0895  0.0000  0.0109  0.0866  0.1206  0.0179  0.1035  0.0790  0.0324  1.0000  0.0757  0.0253  0.8524  0.0689  0.1827  0.9228  0.7655  0.1022  0.0439  0.0128  0.0000  0.0400  0.0000  0.0000  0.0000
 0.0097  0.0000  0.0020  0.0211  0.0092  0.0016  0.0159  0.0307  0.0025  0.0200  0.0039  0.0016  0.2765  0.0066  0.0093  1.0000  0.1952  0.0594  0.0037  0.0010  0.0000  0.0034  0.0000  0.0000  0.0000
 0.0308  0.0000  0.0007  0.0002  0.0005  0.0005  0.0001  0.0001  0.0427  0.0005  0.0032  0.0009  0.0003  0.0007  0.0004  0.0003  0.0006  0.0025  1.0000  0.0001  0.0000  0.0002  0.0000  0.0000  0.0000
 0.0000  0.0000  0.0000  0.0000  0.0000  0.0000  0.0000  0.0000  0.0000  0.0000  1.0000  0.0000  0.0000  0.0000  0.0000  0.0000  0.0000  0.0000  0.0000  0.0000  0.0000  0.0000  0.0000  0.0000  0.0000
 0.5383  0.0000  0.0185  0.0811  0.2281  0.0420  0.1100  0.1073  0.0667  1.0000  0.2019  0.0462  0.1779  0.1030  0.7405  0.6299  0.2082  0.1626  0.0915  0.0208  0.0000  0.1006  0.0000  0.0000  0.0000
 0.4867  0.0000  0.0345  0.3484  0.5991  0.0369  0.2359  0.1027  0.1205  1.0000  0.3777  0.0717  0.7599  0.1832  0.6086  0.6002  0.5823  0.5149  0.1804  0.0163  0.0000  0.0407  0.0000  0.0000  0.0000
 0.2646  0.0000  0.1966  0.1533  0.1262  0.1453  0.1956  0.1173  0.3200  0.1315  0.2549  0.0668  0.1246  0.0830  0.1070  0.1111  0.5277  1.0000  0.2772  0.0401  0.0000  0.2018  0.0000  0.0000  0.0000
 0.0278  0.0000  0.0394  0.0102  0.0334  0.0052  0.0211  0.0209  0.0104  1.0000  0.0235  0.0079  0.6028  0.0195  0.0538  0.6499  0.1167  0.0320  0.1205  0.0037  0.0000  0.0108  0.0000  0.0000  0.0000
 0.0174  0.0000  0.0041  0.0821  0.0248  0.0037  0.0586  1.0000  0.0020  0.0261  0.0044  0.0016  0.2717  0.2492  0.0166  0.0143  0.0449  0.0182  0.0033  0.0019  0.0000  0.0465  0.0000  0.0000  0.0000
 0.0025  0.0000  0.0004  0.0019  0.0015  0.0007  0.0052  0.0008  0.0007  0.0025  0.0017  0.0003  0.0011  1.0000  0.0012  0.0288  0.0017  0.0012  0.0010  0.0007  0.0000  0.0006  0.0000  0.0000  0.0000
 0.0015  0.0000  0.0011  0.0282  0.0011  1.0000  0.0034  0.0007  0.0013  0.0008  0.0028  0.0006  0.0013  0.0017  0.0007  0.0010  0.0012  0.0011  0.0014  0.0020  0.0000  0.0067  0.0000  0.0000  0.0000
 0.0010  0.0000  0.0003  0.0001  0.0003  0.0027  0.0002  0.0002  0.0985  0.0003  1.0000  0.0691  0.0002  0.0004  0.0005  0.0003  0.0003  0.0006  0.0028  0.0003  0.0000  0.0003  0.0000  0.0000  0.0000
 0.0405  0.0000  0.0083  0.0023  0.0063  0.0064  0.0008  0.0015  0.2698  0.0494  0.0397  0.0785  0.0033  0.0086  0.0046  0.0039  0.0071  1.0000  0.4907  0.0010  0.0000  0.0023  0.0000  0.0000  0.0000
 0.8470  0.0000  0.1908  0.3340  0.7831  0.0293  0.3575  0.0889  0.1010  0.4953  0.2256  0.0571  0.3603  0.3695  0.8539  0.2802  1.0000  0.4794  0.1536  0.0099  0.0000  0.0241  0.0000  0.0000  0.0000
 0.0550  0.0000  0.0003  0.0002  0.0003  0.0032  0.0003  0.0002  0.0059  0.0004  1.0000  0.0484  0.0003  0.0005  0.0006  0.0004  0.0004  0.0007  0.0033  0.0004  0.0000  0.0004  0.0000  0.0000  0.0000
 0.0262  0.0000  0.0027  0.0125  0.0366  0.0054  0.0232  0.5274  0.0107  1.0000  0.0253  0.0084  0.0865  0.0206  0.0600  0.2601  0.0390  0.0282  0.0142  0.0040  0.0000  0.0120  0.0000  0.0000  0.0000
 0.0035  0.0000  0.0017  0.0006  0.0009  0.2257  0.0007  0.0001  0.0069  0.0001  0.0168  0.0034  0.0001  0.0013  0.0001  0.0001  0.2197  0.0022  0.0191  0.0156  0.0000  1.0000  0.0000  0.0000  0.0000
 0.2440  0.0000  0.2722  0.0096  0.0075  0.0030  0.0248  0.0026  0.0066  0.0100  0.0081  0.0041  0.0149  0.0172  0.0075  0.0066  1.0000  0.2214  0.0141  0.0016  0.0000  0.0030  0.0000  0.0000  0.0000
 0.0005  0.0000  0.0002  0.0001  0.0001  1.0000  0.0002  0.0000  0.0011  0.0000  0.0125  0.0006  0.0000  0.0002  0.0001  0.0001  0.0003  0.0003  0.0009  0.0018  0.0000  0.0072  0.0000  0.0000  0.0000
 0.0031  0.0000  0.0007  0.0020  0.0019  0.0006  0.0035  0.0007  0.0008  0.0024  0.0013  0.0004  0.0017  0.0021  1.0000  0.0020  0.0034  0.0359  0.0012  0.0004  0.0000  0.0006  0.0000  0.0000  0.0000
 0.0295  0.0000  0.0006  0.0012  0.0207  0.0003  0.0012  0.0003  0.0008  0.0011  0.0008  0.0004  0.0020  0.0015  0.0008  0.0007  0.1124  1.0000  0.0013  0.0002  0.0000  0.0003  0.0000  0.0000  0.0000
 0.7511  0.0000  0.0524  0.6437  1.0000  0.0491  0.3727  0.1836  0.1834  0.9364  0.2959  0.1352  0.5362  0.3427  0.5932  0.5171  0.7258  0.5858  0.3214  0.0169  0.0000  0.0375  0.0000  0.0000  0.0000
 0.0710  0.0000  0.0006  1.0000  0.2037  0.0007  0.0087  0.0262  0.0006  0.0060  0.0011  0.0004  0.0557  0.0035  0.0060  0.0023  0.0073  0.0036  0.0010  0.0004  0.0000  0.0320  0.0000  0.0000  0.0000
 0.0073  0.0000  0.0007  0.0013  0.0101  0.0015  0.0051  0.0420  0.0031  0.4412  0.0956  0.0024  0.0070  0.0057  0.0173  1.0000  0.0059  0.0078  0.0041  0.0012  0.0000  0.0792  0.0000  0.0000  0.0000
 0.0010  0.0000  0.0002  0.0001  0.0002  0.0023  0.0002  0.0002  0.0841  0.0003  1.0000  0.0029  0.0002  0.0004  0.0004  0.0003  0.0003  0.0006  0.0221  0.0003  0.0000  0.0003  0.0000  0.0000  0.0000
 0.0288  0.0000  0.7011  0.0047  0.0073  0.7151  0.0052  0.0002  0.0616  0.0001  0.1493  0.0299  0.0002  0.0111  0.0001  0.0002  0.0200  0.0181  0.0571  0.1397  0.0000  1.0000  0.0000  0.0000  0.0000
 0.0010  0.0000  0.0003  0.0001  0.0002  1.0000  0.0002  0.0002  0.0045  0.0003  0.0563  0.0572  0.0002  0.0004  0.0004  0.0003  0.0003  0.0006  0.0026  0.0009  0.0000  0.0027  0.0000  0.0000  0.0000
 0.0010  0.0000  0.0003  0.0001  0.0002  0.0007  0.0002  0.0000  0.0911  0.0003  0.0036  0.0007  0.0002  0.0002  0.0001  0.0002  0.0003  0.0009  1.0000  0.0001  0.0000  0.0003  0.0000  0.0000  0.0000
 0.0013  0.0000  0.0003  0.0002  0.0003  0.0035  0.0003  0.0003  0.0064  0.0004  0.3977  1.0000  0.0003  0.0006  0.0007  0.0004  0.0004  0.0007  0.0035  0.0004  0.0000  0.0005  0.0000  0.0000  0.0000
 0.1338  0.0000  0.0001  0.2849  1.0000  0.0007  0.0029  0.0019  0.0010  0.0082  0.0018  0.0007  0.0033  0.0049  0.2072  0.0022  0.0040  0.0035  0.0019  0.0003  0.0000  0.0010  0.0000  0.0000  0.0000
 0.0006  0.0000  0.0003  0.0001  0.0002  0.2727  0.0001  0.0000  0.0013  0.0000  0.0032  0.0006  0.0000  0.0002  0.0000  0.0000  0.0004  0.0004  0.0012  0.0030  0.0000  1.0000  0.0000  0.0000  0.0000
 0.4098  0.0000  0.0037  0.0009  0.0027  0.0022  0.0005  0.0007  0.0704  0.0028  0.0144  0.0041  0.0013  0.0039  0.0020  0.0016  0.0030  0.0128  1.0000  0.0004  0.0000  0.0007  0.0000  0.0000  0.0000
 0.0065  0.0000  0.0010  0.0077  0.0031  0.0009  0.0080  0.0018  0.0294  0.0036  0.0031  0.0008  1.0000  0.0564  0.0022  0.0023  0.0071  0.0045  0.0027  0.0004  0.0000  0.0011  0.0000  0.0000  0.0000
 0.0000  0.0000  0.0000  0.0000  0.0000  0.0000  1.0000  0.0000  0.0000  0.0000  0.0000  0.0000  0.0000  0.0000  0.0000  0.0000  0.0000  0.0000  0.0000  0.0000  0.0000  0.0000  0.0000  0.0000  0.0000
 0.0000  0.0000  0.0000  0.0000  0.0000  0.0000  1.0000  0.0000  0.0000  0.0000  0.0000  0.0000  0.0000  0.0000  0.0000  0.0000  0.0000  0.0000  0.0000  0.0000  0.0000  0.0000  0.0000  0.0000  0.0000
 0.0029  0.0000  0.0001  0.2481  1.0000  0.0003  0.0012  0.0007  0.0003  0.0029  0.0007  0.0003  0.0014  0.0018  0.0037  0.0008  0.0015  0.0013  0.0007  0.0001  0.0000  0.0004  0.0000  0.0000  0.0000
 0.0000  0.0000  0.0000  0.0000  0.0000  0.0000  0.0000  0.0000  0.0000  0.0000  1.0000  0.0000  0.0000  0.0000  0.0000  0.0000  0.0000  0.0000  0.0000  0.0000  0.0000  0.0000  0.0000  0.0000  0.0000
 0.0010  0.0000  0.0005  0.0002  0.0002  1.0000  0.0002  0.0000  0.0023  0.0000  0.0127  0.2017  0.0000  0.0004  0.0000  0.0000  0.0007  0.0006  0.0020  0.0046  0.0000  0.0502  0.0000  0.0000  0.0000
 0.1249  0.0000  0.0132  0.0153  0.0203  1.0000  0.1298  0.2132  0.0293  0.0216  0.0483  0.0164  0.0229  0.0152  0.0218  0.0258  0.0298  0.1147  0.0373  0.1827  0.0000  0.6246  0.0000  0.0000  0.0000
 0.0014  0.0000  0.0002  0.0006  0.0020  0.0003  0.0013  1.0000  0.0006  0.0091  0.0014  0.0004  0.0017  0.0011  0.0297  0.0613  0.0013  0.0015  0.0008  0.0002  0.0000  0.0006  0.0000  0.0000  0.0000
 0.0012  0.0000  0.0003  0.0002  0.0003  0.0032  0.0003  0.0002  0.2069  0.0004  1.0000  0.0131  0.0003  0.0005  0.0006  0.0004  0.0004  0.0008  0.0259  0.0004  0.0000  0.0004  0.0000  0.0000  0.0000
 0.0254  0.0000  0.0027  0.0124  0.0351  0.0052  0.0222  0.0223  0.0102  0.2729  0.0239  0.0079  0.0880  0.0197  0.9680  0.2497  1.0000  0.0286  0.0136  0.0038  0.0000  0.0113  0.0000  0.0000  0.0000
 0.0048  0.0000  0.0005  0.0009  0.1017  0.0010  0.0034  0.1719  0.0021  0.4148  0.0049  0.0016  0.0047  0.0038  0.3044  1.0000  0.0039  0.0052  0.0027  0.0008  0.0000  0.0022  0.0000  0.0000  0.0000
 0.0821  0.0000  0.0755  0.1833  1.0000  0.0077  0.0193  0.0089  0.0450  0.0359  0.0371  0.0252  0.0174  0.0289  0.0424  0.0122  0.0287  0.0441  0.2606  0.0022  0.0000  0.0055  0.0000  0.0000  0.0000
 0.0521  0.0000  0.0050  0.0108  0.0721  0.0108  0.2900  0.1026  0.0220  0.5162  0.0517  0.0171  0.0506  0.0402  0.2340  1.0000  0.1122  0.0552  0.0652  0.0080  0.0000  0.0231  0.0000  0.0000  0.0000
 0.3330  0.0000  0.0503  0.0770  0.2540  0.0615  0.1139  0.1252  0.3429  1.0000  0.3245  0.0850  0.1628  0.1451  0.3487  0.8743  0.2039  0.3689  0.7490  0.0260  0.0000  0.0814  0.0000  0.0000  0.0000
 0.0000  0.0000  0.0000  0.0000  0.0000  1.0000  0.0000  0.0000  0.0000  0.0000  0.0000  0.0000  0.0000  0.0000  0.0000  0.0000  0.0000  0.0000  0.0000  0.0000  0.0000  0.0000  0.0000  0.0000  0.0000
 0.2115  0.0000  0.0066  0.2801  0.1729  0.0058  0.0683  0.0139  0.0204  0.5155  0.0323  0.0116  0.0573  0.1822  0.0640  0.0552  1.0000  0.7147  0.0315  0.0022  0.0000  0.0049  0.0000  0.0000  0.0000
 0.0210  0.0000  0.0038  0.0072  1.0000  0.0041  0.0020  0.0013  0.1235  0.0055  0.0228  0.0059  0.0025  0.0055  0.0052  0.0026  0.0045  0.0141  0.1002  0.0007  0.0000  0.0016  0.0000  0.0000  0.0000
 0.1182  0.0000  0.0045  1.0000  0.7859  0.0075  0.0706  0.0272  0.0079  0.0718  0.0150  0.0060  0.2832  0.5956  0.0800  0.0245  0.1933  0.0396  0.0148  0.0036  0.0000  0.0138  0.0000  0.0000  0.0000
 0.0018  0.0000  0.0002  0.0004  0.0025  0.0004  0.0014  0.0968  0.0008  0.0124  0.0018  0.0006  0.0018  0.0014  0.1042  1.0000  0.0015  0.0019  0.0010  0.0003  0.0000  0.0008  0.0000  0.0000  0.0000
 1.0000  0.0000  0.0038  0.0041  0.0038  0.0017  0.0105  0.0012  0.0073  0.0048  0.0065  0.0026  0.0063  0.0081  0.0036  0.0031  0.1064  0.5634  0.2287  0.0007  0.0000  0.0013  0.0000  0.0000  0.0000
 0.0151  0.0000  0.0015  0.0026  0.0197  0.0030  0.0103  0.0126  0.0065  0.1911  0.0147  0.0048  0.0137  0.0113  0.0335  1.0000  0.0119  0.0155  0.2079  0.0022  0.0000  0.0064  0.0000  0.0000  0.0000
 0.0005  0.0000  0.0003  0.0001  0.0001  1.0000  0.0001  0.0000  0.0011  0.0000  0.0565  0.0006  0.0000  0.0002  0.0000  0.0000  0.0004  0.0003  0.0010  0.0025  0.0000  0.0481  0.0000  0.0000  0.0000
 0.0000  0.0000  0.0000  0.0000  0.0000  0.0000  0.0000  0.0000  0.0000  0.0000  0.0000  0.0000  0.0000  0.0000  0.0000  0.0000  0.0000  0.0000  0.0000  0.0000  0.0000  1.0000  0.0000  0.0000  0.0000
 0.6016  0.0000  0.0060  0.0047  0.0054  0.0023  1.0000  0.0011  0.0795  0.0060  0.0059  0.0028  0.0042  0.0151  0.0041  0.0043  0.0323  0.1534  0.0100  0.0009  0.0000  0.0018  0.0000  0.0000  0.0000
 1.0000  0.0000  0.0008  0.0006  0.0007  0.0003  0.0043  0.0001  0.0003  0.0007  0.0007  0.0003  0.0005  0.0019  0.0005  0.0005  0.0638  0.0014  0.0013  0.0001  0.0000  0.0002  0.0000  0.0000  0.0000
 0.0000  0.0000  0.0000  0.0000  1.0000  0.0000  0.0000  0.0000  0.0000  0.0000  0.0000  0.0000  0.0000  0.0000  0.0000  0.0000  0.0000  0.0000  0.0000  0.0000  0.0000  0.0000  0.0000  0.0000  0.0000
 0.0012  0.0000  0.0003  0.0002  0.0003  0.0032  0.0002  0.0002  1.0000  0.0004  0.1648  0.0571  0.0003  0.0005  0.0006  0.0004  0.0003  0.0007  0.0040  0.0004  0.0000  0.0004  0.0000  0.0000  0.0000
 0.4053  0.0000  0.1856  0.0045  0.0140  0.0103  0.0004  0.0035  0.4979  0.0139  0.3491  0.0201  0.0066  0.0197  0.0104  0.0078  0.1821  0.2530  1.0000  0.0017  0.0000  0.0033  0.0000  0.0000  0.0000
 0.2473  0.0000  0.0576  0.0192  0.0432  0.1352  0.0226  0.0136  0.8715  0.0494  0.7832  0.1720  0.0286  0.0584  0.0400  0.0349  0.0757  0.1852  1.0000  0.0171  0.0000  0.0335  0.0000  0.0000  0.0000
 1.0000  0.0000  0.0015  0.0012  0.0014  0.0006  0.3465  0.0003  0.0007  0.0015  0.0015  0.0007  0.0010  0.0038  0.0010  0.0011  0.0077  0.0026  0.0025  0.0002  0.0000  0.0005  0.0000  0.0000  0.0000
 0.0008  0.0000  0.0002  0.0001  0.0002  0.0021  0.0002  0.0002  0.0038  0.0003  1.0000  0.0025  0.0002  0.0004  0.0004  0.0003  0.0002  0.0005  0.0256  0.0003  0.0000  0.0003  0.0000  0.0000  0.0000
 0.2320  0.0000  0.0097  0.5565  1.0000  0.0877  0.2666  0.0562  0.0318  0.2471  0.0567  0.0221  0.1546  0.1199  0.2451  0.0815  0.1567  0.1364  0.0570  0.0092  0.0000  0.0294  0.0000  0.0000  0.0000
 0.0101  0.0000  0.1127  0.0048  0.0053  0.2138  0.0072  0.0571  0.0077  0.0057  0.0133  0.0044  0.0067  0.0041  0.0056  0.0067  0.0081  0.0075  0.0096  0.0036  0.0000  1.0000  0.0000  0.0000  0.0000
 0.0007  0.0000  0.0002  0.0001  0.0002  0.0020  0.0002  0.0002  0.0038  0.0003  1.0000  0.0373  0.0002  0.0003  0.0004  0.0003  0.0002  0.0004  0.0021  0.0002  0.0000  0.0003  0.0000  0.0000  0.0000
 0.0014  0.0000  0.0007  0.0025  0.0018  0.0006  0.0039  1.0000  0.0006  0.0025  0.0013  0.0003  0.0021  0.0021  0.0458  0.0023  0.0014  0.0012  0.0008  0.0006  0.0000  0.0008  0.0000  0.0000  0.0000
 0.2074  0.0000  0.0091  0.1735  0.2473  0.0086  0.1973  0.1093  0.0317  0.3457  0.1082  0.0179  0.0957  0.0465  0.0998  0.1354  1.0000  0.0971  0.0483  0.0030  0.0000  0.0067  0.0000  0.0000  0.0000
 0.7202  0.0000  0.1090  0.5278  0.9048  0.1819  0.3597  0.1877  0.1786  1.0000  0.4004  0.1009  0.4566  0.2383  0.6820  0.6904  0.6698  0.5023  0.2661  0.0258  0.0000  0.0946  0.0000  0.0000  0.0000
 0.0159  0.0000  0.0037  0.3059  0.0844  0.0032  1.0000  0.0167  0.0016  0.1880  0.0035  0.0013  0.8479  0.0127  0.0155  0.0112  0.0419  0.0164  0.0027  0.0016  0.0000  0.0084  0.0000  0.0000  0.0000
 0.0125  0.0000  0.0010  0.0004  0.0008  0.0901  0.0005  0.0001  1.0000  0.0009  0.0106  0.0021  0.0005  0.0008  0.0005  0.0006  0.0009  0.0302  0.7075  0.0002  0.0000  0.0009  0.0000  0.0000  0.0000
 0.0015  0.0000  0.0005  0.0003  0.0004  0.0018  0.0006  0.0000  0.9436  0.0006  0.0098  0.0017  0.0004  0.0003  0.0002  0.0005  0.0006  0.0017  1.0000  0.0002  0.0000  0.0009  0.0000  0.0000  0.0000
 0.0000  0.0000  0.0000  0.0000  0.0000  0.0000  0.0000  0.0000  0.0000  0.0000  0.0000  0.0000  0.0000  0.0000  0.0000  0.0000  0.0000  0.0000  0.0000  0.0000  0.0000  1.0000  0.0000  0.0000  0.0000
 0.0000  0.0000  0.0000  0.0000  0.0000  0.0000  0.0000  0.0000  0.0000  0.0000  0.0000  0.0000  0.0000  0.0000  0.0000  1.0000  0.0000  0.0000  0.0000  0.0000  0.0000  0.0000  0.0000  0.0000  0.0000
 0.0000  0.0000  0.0000  1.0000  0.0000  0.0000  0.0000  0.0000  0.0000  0.0000  0.0000  0.0000  0.0000  0.0000  0.0000  0.0000  0.0000  0.0000  0.0000  0.0000  0.0000  0.0000  0.0000  0.0000  0.0000
 0.0009  0.0000  0.0002  0.0001  0.0002  0.0026  0.0002  0.0002  0.0884  0.0003  1.0000  0.0482  0.0002  0.0004  0.0005  0.0003  0.0003  0.0005  0.0027  0.0003  0.0000  0.0003  0.0000  0.0000  0.0000
 0.0000  0.0000  0.0000  0.0000  0.0000  0.0000  0.0000  0.0000  0.0000  1.0000  0.0000  0.0000  0.0000  0.0000  0.0000  0.0000  0.0000  0.0000  0.0000  0.0000  0.0000  0.0000  0.0000  0.0000  0.0000
 0.0540  0.0000  0.0116  0.0194  0.0191  0.0781  0.0532  0.0118  0.1358  0.0254  1.0000  0.0880  0.0148  0.2456  0.0225  0.0242  0.0246  0.0265  0.0819  0.0149  0.0000  0.0172  0.0000  0.0000  0.0000
 0.0026  0.0000  0.0001  0.1973  1.0000  0.0003  0.0016  0.0008  0.0003  0.0027  0.0006  0.0002  0.0097  0.0016  0.0034  0.0008  0.0017  0.0012  0.0006  0.0001  0.0000  0.0004  0.0000  0.0000  0.0000
 0.0000  0.0000  0.0000  0.0000  0.0000  0.0000  0.0000  0.0000  0.0000  0.0000  0.0000  0.0000  1.0000  0.0000  0.0000  0.0000  0.0000  0.0000  0.0000  0.0000  0.0000  0.0000  0.0000  0.0000  0.0000
 0.0023  0.0000  0.0007  0.0005  0.0006  0.0041  0.0009  0.0001  0.4091  0.0009  1.0000  0.0044  0.0006  0.0006  0.0006  0.0008  0.0009  0.0023  0.3749  0.0005  0.0000  0.0013  0.0000  0.0000  0.0000
 0.0019  0.0000  0.0005  0.0002  0.0005  0.0050  0.0004  0.0004  0.0093  0.0006  1.0000  0.7297  0.0005  0.0008  0.0010  0.0006  0.0005  0.0011  0.0051  0.0006  0.0000  0.0007  0.0000  0.0000  0.0000
 0.0010  0.0000  0.0002  0.0001  0.0002  0.0023  0.0002  0.0002  0.0044  0.0003  1.0000  0.0028  0.0002  0.0004  0.0004  0.0003  0.0003  0.0006  0.0550  0.0003  0.0000  0.0003  0.0000  0.0000  0.0000
 0.0024  0.0000  0.0005  1.0000  0.0022  0.0004  0.0045  0.0014  0.0005  0.0022  0.0006  0.0003  0.0151  0.0016  0.0015  0.0012  0.0462  0.0941  0.0008  0.0002  0.0000  0.0008  0.0000  0.0000  0.0000
 0.0909  0.0000  0.0069  0.1687  0.0910  0.0084  0.0642  0.0255  0.0169  1.0000  0.0299  0.0104  0.2132  0.0313  0.1882  0.1231  0.5113  0.0561  0.0250  0.0037  0.0000  0.1663  0.0000  0.0000  0.0000
 0.0553  0.0000  0.0002  1.0000  0.5981  0.0320  0.0047  0.0031  0.0016  0.0130  0.0029  0.0012  0.0053  0.0078  0.1769  0.0035  0.0065  0.0949  0.0030  0.0005  0.0000  0.0016  0.0000  0.0000  0.0000
 0.0000  0.0000  0.0000  0.0000  0.0000  0.0000  1.0000  0.0000  0.0000  0.0000  0.0000  0.0000  0.0000  0.0000  0.0000  0.0000  0.0000  0.0000  0.0000  0.0000  0.0000  0.0000  0.0000  0.0000  0.0000
 0.0000  0.0000  0.0000  0.0000  0.0000  0.0000  0.0000  1.0000  0.0000  0.0000  0.0000  0.0000  0.0000  0.0000  0.0000  0.0000  0.0000  0.0000  0.0000  0.0000  0.0000  0.0000  0.0000  0.0000  0.0000
 0.0006  0.0000  0.0002  0.0001  0.0002  0.0009  0.0003  0.0000  1.0000  0.0002  0.0613  0.0009  0.0002  0.0001  0.0001  0.0002  0.0002  0.0007  0.0860  0.0001  0.0000  0.0004  0.0000  0.0000  0.0000
 0.2078  0.0000  0.1086  0.0068  0.0118  0.0059  0.0407  0.0030  0.0332  1.0000  0.0281  0.0097  0.0073  0.0247  0.0098  0.0119  0.0418  0.0344  0.1331  0.0016  0.0000  0.0033  0.0000  0.0000  0.0000
 0.0009  0.0000  0.0003  0.0002  0.0003  0.0018  0.0004  0.0001  1.0000  0.0004  0.1762  0.0483  0.0003  0.0002  0.0002  0.0003  0.0004  0.0009  0.1197  0.0002  0.0000  0.0006  0.0000  0.0000  0.0000
 0.8389  0.0000  0.1640  0.0054  0.0057  0.0025  0.0276  0.0014  0.0060  0.0066  0.0075  0.0033  0.0065  0.0144  0.0048  0.0046  0.0387  1.0000  0.0157  0.0010  0.0000  0.0020  0.0000  0.0000  0.0000
 0.0000  0.0000  0.0000  1.0000  0.0000  0.0000  0.0000  0.0000  0.0000  0.0000  0.0000  0.0000  0.0000  0.0000  0.0000  0.0000  0.0000  0.0000  0.0000  0.0000  0.0000  0.0000  0.0000  0.0000  0.0000
 0.0000  0.0000  0.0000  0.0000  0.0000  1.0000  0.0000  0.0000  0.0000  0.0000  0.0000  0.0000  0.0000  0.0000  0.0000  0.0000  0.0000  0.0000  0.0000  0.0000  0.0000  0.0000  0.0000  0.0000  0.0000
 0.0000  0.0000  0.0000  0.0000  0.0000  0.0000  1.0000  0.0000  0.0000  0.0000  0.0000  0.0000  0.0000  0.0000  0.0000  0.0000  0.0000  0.0000  0.0000  0.0000  0.0000  0.0000  0.0000  0.0000  0.0000
 0.0010  0.0000  0.0003  0.0001  0.0003  0.0027  0.0002  0.0002  0.0050  0.0003  1.0000  0.2003  0.0002  0.0004  0.0005  0.0003  0.0003  0.0006  0.0027  0.0003  0.0000  0.0004  0.0000  0.0000  0.0000
 0.1020  0.0000  1.0000  0.0006  0.0008  0.0003  0.0047  0.0001  0.0004  0.0008  0.0008  0.0004  0.0006  0.0021  0.0006  0.0006  0.0105  0.0015  0.0014  0.0001  0.0000  0.0002  0.0000  0.0000  0.0000
 0.0000  0.0000  0.0000  0.0000  0.0000  0.0000  0.0000  0.0000  0.0000  1.0000  0.0000  0.0000  0.0000  0.0000  0.0000  0.0000  0.0000  0.0000  0.0000  0.0000  0.0000  0.0000  0.0000  0.0000  0.0000
 0.0134  0.0000  0.0012  0.0212  1.0000  0.0042  0.0047  0.0026  0.0099  0.0103  0.1150  0.0053  0.0619  0.0062  0.0113  0.0043  0.0062  0.0070  0.0315  0.0008  0.0000  0.0017  0.0000  0.0000  0.0000
 0.0724  0.0000  0.0157  0.8841  0.4376  0.0139  1.0000  0.2348  0.0075  0.1006  0.0163  0.0059  0.6057  0.0570  0.1563  0.0492  0.2060  0.0723  0.0127  0.0072  0.0000  0.0364  0.0000  0.0000  0.0000
 0.0032  0.0000  0.0008  0.0004  0.0008  0.0086  0.0007  0.0006  1.0000  0.0011  0.2052  0.4432  0.0008  0.0014  0.0017  0.0011  0.0009  0.0019  0.0103  0.0010  0.0000  0.0011  0.0000  0.0000  0.0000
 0.2874  0.0000  0.0887  0.1034  0.1374  0.3522  0.1653  0.3449  0.1974  0.5977  0.3894  0.2362  0.1546  0.1028  0.1476  0.1750  0.5891  1.0000  0.2695  0.1847  0.0000  0.5944  0.0000  0.0000  0.0000
 0.2031  0.0000  0.0130  0.8497  1.0000  0.0762  0.1487  0.0804  0.0345  0.2074  0.0623  0.0239  0.2104  0.1490  0.2750  0.0714  0.1543  0.1074  0.0577  0.0152  0.0000  0.2326  0.0000  0.0000  0.0000
 0.1391  0.0000  0.0021  0.0526  0.2206  0.0022  1.0000  0.0050  0.0040  0.0840  0.0071  0.0755  0.0145  0.0133  0.0226  0.0105  0.0219  0.0801  0.0078  0.0009  0.0000  0.0026  0.0000  0.0000  0.0000
 1.0000  0.0000  0.0882  0.7072  0.9084  0.1048  0.5443  0.1644  0.1998  0.8552  0.3267  0.1201  0.5636  0.3249  0.5489  0.5324  0.8706  0.6635  0.3489  0.0338  0.0000  0.1206  0.0000  0.0000  0.0000
 0.0148  0.0000  0.0018  0.0036  0.0171  0.0027  0.0092  0.0107  0.0059  0.2968  0.0126  0.0044  0.0139  0.0108  0.0870  0.1855  0.0656  1.0000  0.0081  0.0020  0.0000  0.0056  0.0000  0.0000  0.0000
 0.0076  0.0000  0.0015  0.0035  0.0021  0.0009  0.0027  0.0010  0.0025  0.0032  0.0027  0.2902  0.0282  0.0037  0.0024  0.0021  0.0234  1.0000  0.0039  0.0005  0.0000  0.0009  0.0000  0.0000  0.0000
 0.0267  0.0000  0.0040  0.0341  0.0296  0.0044  0.1031  0.0177  0.0082  1.0000  0.0161  0.0058  0.3017  0.0180  0.0376  0.3659  0.3207  0.2894  0.0117  0.0029  0.0000  0.0092  0.0000  0.0000  0.0000
 0.0000  0.0000  0.0000  0.0000  0.0000  0.0000  0.0000  0.0000  0.0000  0.0000  0.0000  0.0000  0.0000  0.0000  0.0000  0.0000  0.0000  1.0000  0.0000  0.0000  0.0000  0.0000  0.0000  0.0000  0.0000
 0.0000  0.0000  0.0000  0.0000  0.0000  1.0000  0.0000  0.0000  0.0000  0.0000  0.0000  0.0000  0.0000  0.0000  0.0000  0.0000  0.0000  0.0000  0.0000  0.0000  0.0000  0.0000  0.0000  0.0000  0.0000
 0.0037  0.0000  1.0000  0.0011  0.0008  0.0011  0.0032  0.0005  0.0016  0.0004  0.0018  0.0006  0.0007  0.0013  0.0006  0.0008  0.0015  0.0016  0.0386  0.0006  0.0000  0.0010  0.0000  0.0000  0.0000
 0.0000  0.0000  0.0000  0.0000  0.0000  0.0000  1.0000  0.0000  0.0000  0.0000  0.0000  0.0000  0.0000  0.0000  0.0000  0.0000  0.0000  0.0000  0.0000  0.0000  0.0000  0.0000  0.0000  0.0000  0.0000
 0.0000  0.0000  0.0000  0.0000  0.0000  0.0000  0.0000  0.0000  0.0000  0.0000  0.0000  0.0000  0.0000  0.0000  0.0000  0.0000  0.0000  1.0000  0.0000  0.0000  0.0000  0.0000  0.0000  0.0000  0.0000
 0.0000  0.0000  0.0000  0.0000  0.0000  0.0000  0.0000  0.0000  0.0000  0.0000  0.0000  0.0000  0.0000  1.0000  0.0000  0.0000  0.0000  0.0000  0.0000  0.0000  0.0000  0.0000  0.0000  0.0000  0.0000
 0.0026  0.0000  0.0001  0.2044  1.0000  0.0003  0.0011  0.0007  0.0003  0.0027  0.0006  0.0002  0.0012  0.0016  0.0035  0.0007  0.0014  0.0012  0.0006  0.0001  0.0000  0.0003  0.0000  0.0000  0.0000
 0.0000  0.0000  0.0000  0.0000  0.0000  0.0000  0.0000  0.0000  0.0000  0.0000  0.0000  0.0000  0.0000  0.0000  0.0000  0.0000  0.0000  0.0000  0.0000  0.0000  0.0000  1.0000  0.0000  0.0000  0.0000
 0.0014  0.0000  0.0004  0.0002  0.0004  0.0037  0.0003  0.0003  0.2785  0.0005  1.0000  0.0045  0.0003  0.0006  0.0007  0.0005  0.0004  0.0008  0.0041  0.0004  0.0000  0.0005  0.0000  0.0000  0.0000
 1.0000  0.0000  0.0000  0.0000  0.0000  0.0000  0.0000  0.0000  0.0000  0.0000  0.0000  0.0000  0.0000  0.0000  0.0000  0.0000  0.0000  0.0000  0.0000  0.0000  0.0000  0.0000  0.0000  0.0000  0.0000
 0.0000  0.0000  0.0000  0.0000  0.0000  0.0000  0.0000  0.0000  0.0000  0.0000  0.0000  0.0000  0.0000  1.0000  0.0000  0.0000  0.0000  0.0000  0.0000  0.0000  0.0000  0.0000  0.0000  0.0000  0.0000
 0.0000  0.0000  0.0000  0.0000  1.0000  0.0000  0.0000  0.0000  0.0000  0.0000  0.0000  0.0000  0.0000  0.0000  0.0000  0.0000  0.0000  0.0000  0.0000  0.0000  0.0000  0.0000  0.0000  0.0000  0.0000
 0.0011  0.0000  0.0004  0.0003  0.0003  0.0019  0.0005  0.0000  0.3727  0.0005  0.1350  0.0780  0.0003  0.0002  0.0002  0.0004  0.0005  0.0013  1.0000  0.0002  0.0000  0.0007  0.0000  0.0000  0.0000
 0.0014  0.0000  0.0004  0.0002  0.0004  0.0034  0.0003  0.0002  0.2984  0.0005  1.0000  0.0041  0.0003  0.0005  0.0006  0.0005  0.0004  0.0010  0.0267  0.0004  0.0000  0.0005  0.0000  0.0000  0.0000
 0.4774  0.0000  0.0189  0.4322  1.0000  0.0230  0.1365  0.0503  0.0688  0.3384  0.2427  0.0893  0.1744  0.1112  0.3386  0.2345  0.2552  0.2030  0.1474  0.0080  0.0000  0.0214  0.0000  0.0000  0.0000
 0.0692  0.0000  0.0150  1.0000  0.1054  0.0139  0.4046  0.0696  0.0092  0.1863  0.0208  0.0073  0.3514  0.0539  0.0741  0.1430  0.1658  0.0699  0.0146  0.0074  0.0000  0.2331  0.0000  0.0000  0.0000
 0.0323  0.0000  0.0075  0.0224  0.0170  0.0135  0.0187  0.0418  0.0709  0.0295  0.0997  0.0078  1.0000  0.0165  0.3503  0.0232  0.1876  0.1197  0.0208  0.0046  0.0000  0.0187  0.0000  0.0000  0.0000
 0.0789  0.0000  0.0070  1.0000  0.3211  0.0087  0.3218  0.0335  0.0079  0.0750  0.0156  0.0062  0.1438  0.4111  0.0783  0.0277  0.0862  0.0435  0.0157  0.0043  0.0000  0.0172  0.0000  0.0000  0.0000
 0.0000  0.0000  0.0000  0.0000  0.0000  0.0000  0.0000  0.0000  0.0000  0.0000  0.0000  0.0000  0.0000  0.0000  0.0000  0.0000  0.0000  0.0000  0.0000  0.0000  0.0000  1.0000  0.0000  0.0000  0.0000
 0.0031  0.0000  0.0007  0.1190  0.0044  0.0006  1.0000  0.0032  0.0003  0.0042  0.0007  0.0002  0.0713  0.0025  0.0029  0.0022  0.0083  0.1151  0.0005  0.0003  0.0000  0.0016  0.0000  0.0000  0.0000
 0.0119  0.0000  0.0012  0.0021  0.0165  0.0819  0.0084  0.0262  0.0052  0.7046  0.0550  0.0040  0.0972  0.0423  0.1442  1.0000  0.0098  0.0127  0.0068  0.0019  0.0000  0.0056  0.0000  0.0000  0.0000
 1.0000  0.0000  0.0797  0.0035  0.0034  0.0014  0.0325  0.0009  0.0022  0.0041  0.0035  0.0282  0.0045  0.0084  0.0647  0.0028  0.4294  0.2258  0.0060  0.0006  0.0000  0.0012  0.0000  0.0000  0.0000
 0.0000  0.0000  0.0000  0.0000  0.0000  0.0000  0.0000  0.0000  0.0000  0.0000  0.0000  0.0000  0.0000  0.0000  0.0000  0.0000  0.0000  0.0000  1.0000  0.0000  0.0000  0.0000  0.0000  0.0000  0.0000
 0.0000  0.0000  0.0000  1.0000  0.0000  0.0000  0.0000  0.0000  0.0000  0.0000  0.0000  0.0000  0.0000  0.0000  0.0000  0.0000  0.0000  0.0000  0.0000  0.0000  0.0000  0.0000  0.0000  0.0000  0.0000
 0.0000  0.0000  0.0000  0.0000  0.0000  0.0000  0.0000  0.0000  0.0000  0.0000  0.0000  0.0000  0.0000  0.0000  0.0000  0.0000  0.0000  0.0000  0.0000  1.0000  0.0000  0.0000  0.0000  0.0000  0.0000
 0.0000  0.0000  0.0000  0.0000  0.0000  0.0000  0.0000  0.0000  0.0000  0.0000  0.0000  0.0000  0.0000  0.0000  0.0000  0.0000  0.0000  0.0000  0.0000  1.0000  0.0000  0.0000  0.0000  0.0000  0.0000
 0.3255  0.0000  0.0792  0.0039  0.0044  0.0019  1.0000  0.0009  0.0023  0.0049  0.0048  0.0023  0.0038  0.0122  0.0034  0.0035  0.2377  0.1488  0.0082  0.0007  0.0000  0.0015  0.0000  0.0000  0.0000
 0.0182  0.0000  0.0052  0.0032  0.0053  0.2592  0.0050  0.0056  0.1132  0.0063  1.0000  0.0361  0.0050  0.0065  0.0073  0.0063  0.0070  0.2916  0.2090  0.0087  0.0000  0.3426  0.0000  0.0000  0.0000
 0.0000  0.0000  0.0000  0.0000  0.0000  0.0000  1.0000  0.0000  0.0000  0.0000  0.0000  0.0000  0.0000  0.0000  0.0000  0.0000  0.0000  0.0000  0.0000  0.0000  0.0000  0.0000  0.0000  0.0000  0.0000
 0.0076  0.0000  0.0016  0.0006  0.0012  0.0012  0.0004  0.0003  0.0719  0.0013  0.0070  0.0019  0.0010  0.0018  0.0010  0.0008  0.0970  0.0562  1.0000  0.0002  0.0000  0.0005  0.0000  0.0000  0.0000
 0.0017  0.0000  0.0005  0.0003  0.0005  0.0026  0.0006  0.0001  0.1650  0.0007  0.5435  0.0027  0.0004  0.0004  0.0003  0.0005  0.0006  0.0018  1.0000  0.0003  0.0000  0.0009  0.0000  0.0000  0.0000
 0.0033  0.0000  0.0008  0.0004  0.0008  0.0088  0.0007  0.0007  0.1804  0.0011  0.6375  1.0000  0.0008  0.0014  0.0017  0.0011  0.0621  0.0019  0.0093  0.0010  0.0000  0.0011  0.0000  0.0000  0.0000
 0.0000  0.0000  0.0000  0.0000  0.0000  0.0000  0.0000  0.0000  0.0000  0.0000  0.0000  0.0000  0.0000  0.0000  0.0000  0.0000  0.0000  0.0000  0.0000  0.0000  0.0000  1.0000  0.0000  0.0000  0.0000
 0.0000  0.0000  0.0000  0.0000  1.0000  0.0000  0.0000  0.0000  0.0000  0.0000  0.0000  0.0000  0.0000  0.0000  0.0000  0.0000  0.0000  0.0000  0.0000  0.0000  0.0000  0.0000  0.0000  0.0000  0.0000
 0.0000  0.0000  0.0000  0.0000  0.0000  0.0000  0.0000  0.0000  0.0000  0.0000  0.0000  1.0000  0.0000  0.0000  0.0000  0.0000  0.0000  0.0000  0.0000  0.0000  0.0000  0.0000  0.0000  0.0000  0.0000
 0.0394  0.0000  0.0008  0.0004  0.0008  0.0083  0.0006  0.0006  0.1851  0.0011  1.0000  0.9648  0.0008  0.0013  0.0016  0.0011  0.0009  0.0019  0.0088  0.0010  0.0000  0.0010  0.0000  0.0000  0.0000
 0.3949  0.0000  1.0000  0.0018  0.0040  0.0038  0.0028  0.0017  0.0227  0.0041  0.0936  0.0053  0.0025  0.0060  0.0032  0.0026  0.0073  0.3272  0.0720  0.0008  0.0000  0.0850  0.0000  0.0000  0.0000
 0.0000  0.0000  0.0000  0.0000  0.0000  0.0000  1.0000  0.0000  0.0000  0.0000  0.0000  0.0000  0.0000  0.0000  0.0000  0.0000  0.0000  0.0000  0.0000  0.0000  0.0000  0.0000  0.0000  0.0000  0.0000
 0.1052  0.0000  0.0064  0.0118  0.0857  0.0151  0.0443  0.0827  0.0298  0.4266  0.3791  0.0227  0.0595  0.0485  0.3449  1.0000  0.0511  0.0661  0.0375  0.0099  0.0000  0.0285  0.0000  0.0000  0.0000
 0.7086  0.0000  0.0769  0.0538  0.0729  0.1596  0.3436  0.0219  0.3001  0.0827  1.0000  0.1960  0.0525  0.2863  0.0700  0.0642  0.3200  0.1519  0.2925  0.0252  0.0000  0.0371  0.0000  0.0000  0.0000
 0.0000  0.0000  0.0000  0.0000  0.0000  0.0000  0.0000  0.0000  0.0000  0.0000  0.0000  0.0000  0.0000  1.0000  0.0000  0.0000  0.0000  0.0000  0.0000  0.0000  0.0000  0.0000  0.0000  0.0000  0.0000
 0.0000  0.0000  0.0000  0.0000  0.0000  1.0000  0.0000  0.0000  0.0000  0.0000  0.0000  0.0000  0.0000  0.0000  0.0000  0.0000  0.0000  0.0000  0.0000  0.0000  0.0000  0.0000  0.0000  0.0000  0.0000
 0.0672  0.0000  0.0295  0.3336  0.1225  0.1186  0.1380  0.0715  0.0299  0.0657  0.0512  0.0175  0.2549  0.0402  0.0511  0.0467  0.1451  0.0621  0.0395  0.0159  0.0000  1.0000  0.0000  0.0000  0.0000
 0.0625  0.0000  0.0036  0.4154  0.0207  0.0029  0.3804  0.0151  0.0015  0.0199  0.0033  0.0012  1.0000  0.0119  0.0134  0.0101  0.4001  0.0154  0.0028  0.0015  0.0000  0.0077  0.0000  0.0000  0.0000
 0.0278  0.0000  0.0024  0.0145  1.0000  0.0049  0.0190  0.0201  0.0103  0.4743  0.0235  0.0078  0.1586  0.0195  0.9262  0.9715  0.1252  0.0271  0.0141  0.0035  0.0000  0.0100  0.0000  0.0000  0.0000
 0.0017  0.0000  0.0003  1.0000  0.0320  0.0003  0.0047  0.0015  0.0002  0.0022  0.0004  0.0001  0.1939  0.0013  0.0018  0.0010  0.0036  0.0015  0.0003  0.0002  0.0000  0.0007  0.0000  0.0000  0.0000
 0.1658  0.0000  0.0457  0.1737  0.4496  0.1495  0.1369  1.0000  0.0970  0.1395  0.1523  0.0531  0.2197  0.0794  0.1136  0.1193  0.2123  0.5046  0.2582  0.0417  0.0000  0.2721  0.0000  0.0000  0.0000
 0.0314  0.0000  0.0042  0.8895  1.0000  0.0047  0.1215  0.1300  0.0034  0.0388  0.0070  0.0027  0.5307  0.0224  0.2210  0.0160  0.0531  0.0241  0.0062  0.0024  0.0000  0.0110  0.0000  0.0000  0.0000
 0.4368  0.0000  0.0305  0.4291  1.0000  0.0304  0.2193  0.0767  0.1373  0.8744  0.1773  0.0622  0.2849  0.1645  0.4226  0.4863  0.4169  0.3831  0.4437  0.0112  0.0000  0.0261  0.0000  0.0000  0.0000
 0.0012  0.0000  0.0003  0.0001  0.0003  0.0032  0.0003  0.0002  0.0060  0.0004  1.0000  0.3350  0.0003  0.0005  0.0006  0.0004  0.0003  0.0007  0.0033  0.0004  0.0000  0.0004  0.0000  0.0000  0.0000
 0.0007  0.0000  0.0003  0.0001  0.0002  1.0000  0.0001  0.0000  0.0014  0.0000  0.0035  0.0007  0.0000  0.0003  0.0000  0.0000  0.0005  0.0004  0.0013  0.0033  0.0000  0.3454  0.0000  0.0000  0.0000
 0.0804  0.0000  0.0039  0.2267  1.0000  0.0042  0.0722  0.0109  0.0132  0.0701  0.0216  0.0077  0.1224  0.0233  0.5664  0.4317  0.0547  0.3028  0.0205  0.0016  0.0000  0.0040  0.0000  0.0000  0.0000
 0.1875  0.0000  0.0240  0.1647  0.2244  0.0372  0.1910  0.1380  0.0685  1.0000  0.5078  0.0509  0.3110  0.1310  0.3268  0.7377  0.3804  0.2543  0.0904  0.0237  0.0000  0.0720  0.0000  0.0000  0.0000
 0.0000  0.0000  0.0000  0.0000  0.0000  0.0000  0.0000  0.0000  1.0000  0.0000  0.0000  0.0000  0.0000  0.0000  0.0000  0.0000  0.0000  0.0000  0.0000  0.0000  0.0000  0.0000  0.0000  0.0000  0.0000
 0.0023  0.0000  0.0006  0.0002  0.0005  0.0042  0.0003  0.0003  0.0342  0.0007  1.0000  0.3327  0.0004  0.0008  0.0009  0.0006  0.0006  0.0344  0.0808  0.0005  0.0000  0.0006  0.0000  0.0000  0.0000
 0.7284  0.0000  0.0600  0.5783  1.0000  0.0922  0.3648  0.1765  0.2012  0.8574  0.3187  0.2638  0.4742  0.2609  0.5827  0.5188  0.7262  0.5742  0.3323  0.0279  0.0000  0.1016  0.0000  0.0000  0.0000
 0.0195  0.0000  0.0372  0.2212  1.0000  0.0023  0.0887  0.2653  0.0025  0.0920  0.0048  0.0019  0.0317  0.0123  0.0765  0.0085  0.0199  0.0117  0.0045  0.0011  0.0000  0.0041  0.0000  0.0000  0.0000
 0.0444  0.0000  0.0026  0.6868  1.0000  0.0050  0.0447  0.0621  0.0052  0.1171  0.0099  0.0040  0.4042  0.1872  0.0555  0.0162  0.0419  0.0249  0.0097  0.0024  0.0000  0.0091  0.0000  0.0000  0.0000
 0.0022  0.0000  0.0007  0.0004  0.0006  0.0026  0.0008  0.0000  0.5881  0.0008  0.4647  0.0026  0.0005  0.0004  0.0003  0.0006  0.0008  0.0150  1.0000  0.0003  0.0000  0.0012  0.0000  0.0000  0.0000
 0.1692  0.0000  0.0072  0.0228  0.0738  0.0111  0.0378  0.1330  0.0238  0.8705  0.0479  0.0165  0.0538  0.0403  0.1034  1.0000  0.5009  0.2606  0.1332  0.0072  0.0000  0.0206  0.0000  0.0000  0.0000
 0.0009  0.0000  0.0004  0.0001  0.0002  1.0000  0.0001  0.0000  0.0021  0.0000  0.0375  0.0630  0.0000  0.0003  0.0000  0.0000  0.0006  0.0006  0.0019  0.0042  0.0000  0.3336  0.0000  0.0000  0.0000
 0.0029  0.0000  0.0005  0.0022  0.0018  0.0008  0.0061  0.0010  0.0009  0.0032  0.0020  0.0004  0.0013  1.0000  0.0015  0.0493  0.0020  0.0015  0.0011  0.0008  0.0000  0.0008  0.0000  0.0000  0.0000
 0.3343  0.0000  0.0094  0.1681  0.2278  0.0088  0.0954  0.1080  0.0327  0.7320  0.0528  0.0185  0.1452  0.1575  0.1034  1.0000  0.5172  0.1005  0.0499  0.0031  0.0000  0.0069  0.0000  0.0000  0.0000
 0.3597  0.0000  0.0844  0.2164  0.3038  0.3816  0.3375  0.4977  0.1974  0.4876  0.3249  0.1118  0.7863  0.1487  0.2544  0.5348  1.0000  0.9014  0.3427  0.0793  0.0000  0.4113  0.0000  0.0000  0.0000
 0.1028  0.0000  0.0029  0.0011  0.0024  0.0801  0.0013  0.0009  0.4008  0.0029  1.0000  0.2159  0.0017  0.0033  0.0027  0.0022  0.0027  0.0927  0.3581  0.0014  0.0000  0.0023  0.0000  0.0000  0.0000
 0.0838  0.0000  0.0067  0.0064  0.0064  0.0026  0.1347  0.0016  0.0040  0.0075  0.0151  0.0033  0.0077  0.1920  0.0054  0.0052  1.0000  0.1237  0.0117  0.0011  0.0000  0.0022  0.0000  0.0000  0.0000
 0.3477  0.0000  0.0073  0.3185  0.2544  0.0071  0.0526  0.2171  0.0256  0.5338  0.0414  0.0146  0.0683  1.0000  0.1907  0.0717  0.1863  0.2138  0.0392  0.0025  0.0000  0.0056  0.0000  0.0000  0.0000
 0.3680  0.0000  0.0029  0.3058  1.0000  0.0043  0.0339  0.0467  0.0085  0.0546  0.0146  0.0054  0.0823  0.0729  0.0490  0.0482  0.0695  0.0306  0.0140  0.0018  0.0000  0.0060  0.0000  0.0000  0.0000
 1.0000  0.0000  0.0197  0.0010  0.0012  0.0005  0.0280  0.0002  0.0446  0.0013  0.0013  0.0006  0.0008  0.0033  0.0009  0.0009  0.0067  0.0023  0.0022  0.0002  0.0000  0.0004  0.0000  0.0000  0.0000
 0.1153  0.0000  0.0069  0.0122  0.0978  0.0147  0.0498  0.0627  0.0305  1.0000  0.0715  0.0236  0.0679  0.0553  0.2077  0.8256  0.0576  0.0756  0.2850  0.0690  0.0000  0.0317  0.0000  0.0000  0.0000
 0.2098  0.0000  0.0050  0.3978  0.1198  0.0036  0.0233  0.0080  0.0098  0.0357  0.0581  0.0054  0.1203  0.0181  0.0255  0.0196  1.0000  0.1758  0.0154  0.0018  0.0000  0.0044  0.0000  0.0000  0.0000
 0.0027  0.0000  0.0510  0.0003  0.0007  0.0673  0.0006  0.0004  0.3994  0.0009  1.0000  0.0078  0.0006  0.0010  0.0012  0.0009  0.0008  0.0018  0.0358  0.0008  0.0000  0.0010  0.0000  0.0000  0.0000
 0.0041  0.0000  0.2197  0.0005  0.0010  0.0101  0.0008  0.0008  0.1854  0.0013  1.0000  0.0124  0.0009  0.0016  0.0020  0.0013  0.0011  0.0024  0.0117  0.0012  0.0000  0.0013  0.0000  0.0000  0.0000
 0.5136  0.0000  0.0049  0.1046  0.1882  0.0046  0.1117  0.0111  0.0170  0.5358  0.0275  0.0096  0.1817  0.0251  0.2467  0.0478  1.0000  0.4130  0.0260  0.0016  0.0000  0.0035  0.0000  0.0000  0.0000
 0.0805  0.0000  0.0018  0.0038  0.0210  0.0031  1.0000  0.0129  0.0063  0.1992  0.0149  0.0050  0.0150  0.0124  0.1614  0.2414  0.0145  0.0833  0.0089  0.0023  0.0000  0.0066  0.0000  0.0000  0.0000
 0.0008  0.0000  0.0002  0.0001  0.0002  0.0176  0.0002  0.0002  0.0040  0.0003  1.0000  0.0263  0.0002  0.0003  0.0004  0.0003  0.0002  0.0004  0.0022  0.0003  0.0000  0.0003  0.0000  0.0000  0.0000
 0.0010  0.0000  0.0003  0.0001  0.0003  0.0027  0.0002  0.0002  0.0049  0.0003  1.0000  0.1975  0.0002  0.0004  0.0005  0.0003  0.0003  0.0006  0.0027  0.0003  0.0000  0.0004  0.0000  0.0000  0.0000
 0.7232  0.0000  0.0422  0.6315  0.9407  0.0395  0.3002  0.1074  0.2765  1.0000  0.2383  0.1153  0.5220  0.2166  0.5237  0.4288  0.5792  0.7337  0.3157  0.0136  0.0000  0.0301  0.0000  0.0000  0.0000
 0.0014  0.0000  0.0001  0.0003  0.0019  0.0003  0.0011  0.0012  0.0006  1.0000  0.0014  0.0005  0.0013  0.0011  0.0032  0.2395  0.0011  0.0015  0.0008  0.0002  0.0000  0.0006  0.0000  0.0000  0.0000
 0.0120  0.0000  0.0007  1.0000  0.1214  0.0014  0.0123  0.2368  0.0014  0.0132  0.0027  0.0011  0.1488  0.0078  0.0569  0.0044  0.0115  0.0068  0.0362  0.0007  0.0000  0.0025  0.0000  0.0000  0.0000
 0.0025  0.0000  0.0008  0.0031  0.0021  0.0010  0.0071  0.0476  0.0010  0.0026  0.0022  0.0004  0.0019  1.0000  0.0015  0.0025  0.0021  0.0016  0.0013  0.0010  0.0000  0.0010  0.0000  0.0000  0.0000
 0.6327  0.0000  0.0290  0.3410  0.7988  0.0271  0.3674  0.0660  0.1018  1.0000  0.2101  0.0685  0.3558  0.1493  0.5022  0.3878  0.4892  0.6433  0.1714  0.0093  0.0000  0.0206  0.0000  0.0000  0.0000
 0.2619  0.0000  0.0049  0.2101  0.1092  0.0046  0.0352  0.0112  0.0173  1.0000  0.0553  0.0098  0.0922  0.0254  0.6709  0.2683  0.1435  0.1897  0.0264  0.0016  0.0000  0.0035  0.0000  0.0000  0.0000
 0.0000  0.0000  0.0000  0.0000  0.0000  0.0000  0.0000  0.0000  0.0000  0.0000  0.0000  0.0000  0.0000  0.0000  0.0000  1.0000  0.0000  0.0000  0.0000  0.0000  0.0000  0.0000  0.0000  0.0000  0.0000
 0.0011  0.0000  0.0003  0.0002  0.0003  0.0022  0.0005  0.0002  0.0039  0.0004  1.0000  0.0025  0.0003  0.0005  0.0005  0.0004  0.0004  0.0270  0.0023  0.0003  0.0000  0.0004  0.0000  0.0000  0.0000
 0.0000  0.0000  0.0000  0.0000  0.0000  0.0000  1.0000  0.0000  0.0000  0.0000  0.0000  0.0000  0.0000  0.0000  0.0000  0.0000  0.0000  0.0000  0.0000  0.0000  0.0000  0.0000  0.0000  0.0000  0.0000
 0.4845  0.0000  0.2610  0.0240  0.0272  0.0404  1.0000  0.0096  0.0154  0.0295  0.0321  0.0143  0.0222  0.0708  0.0211  0.0223  0.2228  0.0516  0.0496  0.0055  0.0000  0.0862  0.0000  0.0000  0.0000
 0.0537  0.0000  0.0009  0.0008  0.0009  0.0004  1.0000  0.0002  0.0004  0.0009  0.0009  0.0004  0.0007  0.0024  0.0007  0.0007  0.0046  0.0016  0.0015  0.0002  0.0000  0.0003  0.0000  0.0000  0.0000
 0.1138  0.0000  0.0062  0.0664  0.1243  0.0070  0.0417  0.0152  0.0873  0.1833  0.0494  0.0122  0.0541  1.0000  0.2388  0.1580  0.2694  0.0631  0.1559  0.0024  0.0000  0.0066  0.0000  0.0000  0.0000
 0.2202  0.0000  0.0091  0.8172  1.0000  0.0088  0.0674  0.0220  0.0316  0.1594  0.0511  0.0180  0.4687  0.0488  0.1847  0.1872  0.4015  0.2234  0.0484  0.0031  0.0000  0.0072  0.0000  0.0000  0.0000
 0.0094  0.0000  0.0022  1.0000  0.0137  0.0019  0.3628  0.0100  0.0009  0.0131  0.0021  0.0007  0.1099  0.0075  0.0088  0.0067  0.0253  0.0098  0.0016  0.0010  0.0000  0.0051  0.0000  0.0000  0.0000
 1.0000  0.0000  0.0888  0.1037  0.4008  0.4106  0.2342  0.2615  0.1913  0.1461  0.3165  0.1447  0.1514  0.2396  0.1454  0.1712  0.2546  0.1961  0.4505  0.0894  0.0000  0.5624  0.0000  0.0000  0.0000
 0.3085  0.0000  0.0086  0.1948  0.3644  0.0082  0.0611  0.0592  0.0301  1.0000  0.1612  0.1022  0.2622  0.0442  0.1346  0.5882  0.1176  0.0921  0.0459  0.0028  0.0000  0.0064  0.0000  0.0000  0.0000
 0.0292  0.0000  0.0003  0.3228  1.0000  0.0013  0.0048  0.0031  0.0569  0.0132  0.0506  0.0014  0.0052  0.0080  0.0174  0.0035  0.0066  0.0060  0.0039  0.0006  0.0000  0.0016  0.0000  0.0000  0.0000
 0.0011  0.0000  0.0004  0.0002  0.0003  0.0015  0.0005  0.0000  1.0000  0.0004  0.0079  0.0647  0.0003  0.0002  0.0001  0.0004  0.0004  0.0012  0.5150  0.0002  0.0000  0.0007  0.0000  0.0000  0.0000
 0.1172  0.0000  0.0470  0.0240  0.1540  0.0235  0.0797  0.0964  0.0483  1.0000  0.1111  0.3866  0.1097  0.0879  0.3280  0.7143  0.1273  0.1532  0.0650  0.0173  0.0000  0.0494  0.0000  0.0000  0.0000
 0.7361  0.0000  0.0201  0.2698  1.0000  0.0188  0.1433  0.0457  0.0705  0.4284  0.1137  0.0594  0.2370  0.1034  0.3773  0.4615  0.3979  0.2729  0.1497  0.0065  0.0000  0.0142  0.0000  0.0000  0.0000
 0.0506  0.0000  0.0007  0.0034  0.0037  0.0005  0.0048  1.0000  0.0006  0.0046  0.0013  0.0005  0.0032  0.0023  0.0499  0.0034  0.0042  0.0022  0.0014  0.0002  0.0000  0.0006  0.0000  0.0000  0.0000
 0.5330  0.0000  0.0165  0.2945  0.5041  0.0155  0.1627  0.1288  0.0577  0.4448  0.1669  0.0326  0.1525  1.0000  0.1815  0.4758  0.3146  0.1957  0.1231  0.0053  0.0000  0.0119  0.0000  0.0000  0.0000
 0.0004  0.0000  0.0002  0.0001  0.0001  1.0000  0.0001  0.0000  0.0009  0.0000  0.0023  0.0005  0.0000  0.0002  0.0000  0.0000  0.0003  0.0003  0.0009  0.0369  0.0000  0.0085  0.0000  0.0000  0.0000
 0.0000  0.0000  0.0000  0.0000  0.0000  1.0000  0.0000  0.0000  0.0000  0.0000  0.0000  0.0000  0.0000  0.0000  0.0000  0.0000  0.0000  0.0000  0.0000  0.0000  0.0000  0.0000  0.0000  0.0000  0.0000
 1.0000  0.0000  0.0519  0.5842  0.9813  0.0553  0.3576  0.1856  0.1845  0.9489  0.3385  0.1012  0.4704  0.2578  0.5522  0.6816  0.7944  0.5564  0.2762  0.0184  0.0000  0.0481  0.0000  0.0000  0.0000
 0.1856  0.0000  0.0648  0.1698  0.1627  0.0276  0.2229  0.0403  0.0335  0.1273  0.0546  0.0191  0.3379  0.0459  0.0844  0.2491  1.0000  0.1420  0.0486  0.0083  0.0000  0.1518  0.0000  0.0000  0.0000
 0.0009  0.0000  0.0003  0.0002  0.0002  0.0011  0.0003  0.0000  1.0000  0.0003  0.0060  0.0796  0.0002  0.0002  0.0001  0.0003  0.0003  0.0009  0.2179  0.0001  0.0000  0.0005  0.0000  0.0000  0.0000
 0.0144  0.0000  0.0024  1.0000  0.0497  0.0024  0.0365  0.0116  0.0016  0.0184  0.0032  0.0012  0.7999  0.0106  0.0344  0.0083  0.0379  0.0128  0.1450  0.0012  0.0000  0.0059  0.0000  0.0000  0.0000
 0.0005  0.0000  0.0003  0.0001  0.0001  0.0528  0.0002  0.0000  0.0010  0.0000  0.0023  0.0005  0.0000  0.0002  0.0000  0.0000  0.0003  0.0003  0.0009  1.0000  0.0000  0.0086  0.0000  0.0000  0.0000
 0.0549  0.0000  0.0037  0.2349  1.0000  0.0048  0.0273  0.0106  0.0132  0.0819  0.0217  0.0077  0.0733  0.0220  0.5688  0.2478  0.0502  0.2844  0.0414  0.0017  0.0000  0.1037  0.0000  0.0000  0.0000
 0.3868  0.0000  0.0136  1.0000  0.3053  0.0134  0.0980  0.0745  0.0479  0.7215  0.0782  0.1069  0.2238  0.0719  0.2239  0.2578  0.1861  0.1464  0.0729  0.0048  0.0000  0.0112  0.0000  0.0000  0.0000
 0.0072  0.0000  0.0016  0.0005  0.0014  0.0076  0.0006  0.0007  0.0197  0.0016  1.0000  0.0500  0.0010  0.0021  0.0019  0.0013  0.0014  0.0674  0.5091  0.0009  0.0000  0.0011  0.0000  0.0000  0.0000
 0.5047  0.0000  0.1760  0.2042  0.2739  0.7010  0.3277  0.5392  0.3921  0.2895  0.6475  0.2195  0.3054  0.2031  0.2920  0.3457  0.3985  0.3893  0.5018  0.1839  0.0000  1.0000  0.0000  0.0000  0.0000
 0.4279  0.0000  0.0150  0.3195  0.5067  0.0151  0.1161  0.0657  0.0521  0.2564  0.1556  0.0295  0.5996  0.0760  1.0000  0.4787  0.2023  0.1582  0.1150  0.0051  0.0000  0.0124  0.0000  0.0000  0.0000
 0.0016  0.0000  0.0002  0.0003  0.0023  0.0003  0.0013  0.0014  0.0007  1.0000  0.0017  0.0005  0.0016  0.0013  0.0038  0.3648  0.0013  0.0017  0.0009  0.0003  0.0000  0.0007  0.0000  0.0000  0.0000
 0.0086  0.0000  0.0006  0.0692  0.4315  0.0010  0.0072  0.0036  0.0016  1.0000  0.0032  0.0012  0.0660  0.0052  0.0112  0.0455  0.0080  0.0596  0.0026  0.0005  0.0000  0.0017  0.0000  0.0000  0.0000
 0.0038  0.0000  0.0013  0.0009  0.0011  0.0058  0.0017  0.0001  1.0000  0.0016  0.5810  0.0057  0.0011  0.0008  0.0006  0.0013  0.0016  0.0947  0.1753  0.0007  0.0000  0.1509  0.0000  0.0000  0.0000
 0.6766  0.0000  0.0475  0.5780  1.0000  0.0444  0.3381  0.1080  0.1701  0.8825  0.3144  0.1018  0.4398  0.3604  0.6447  0.4663  0.7063  0.5557  0.2880  0.0153  0.0000  0.0338  0.0000  0.0000  0.0000
 0.0055  0.0000  0.0009  0.0013  0.0011  0.0008  0.0048  0.0005  0.0011  0.0013  0.0018  0.0005  0.0008  1.0000  0.0008  0.0012  0.0027  0.0016  0.0257  0.0005  0.0000  0.0007  0.0000  0.0000  0.0000
 0.0478  0.0000  0.0011  0.0017  0.0599  0.0005  0.0053  0.0003  0.0008  0.0015  0.0100  0.0006  0.0013  1.0000  0.0012  0.0010  0.0525  0.0173  0.0023  0.0002  0.0000  0.0004  0.0000  0.0000  0.0000
 0.0006  0.0000  0.0003  0.0001  0.0001  1.0000  0.0001  0.0000  0.0013  0.0000  0.0031  0.0006  0.0000  0.0002  0.0000  0.0000  0.0004  0.0004  0.0012  0.0992  0.0000  0.1139  0.0000  0.0000  0.0000
 0.0077  0.0000  0.0007  0.0013  0.0106  0.0016  0.0054  0.0068  0.0940  1.0000  0.0077  0.0026  0.0603  0.0060  0.0293  0.0915  0.0062  0.0082  0.0448  0.0012  0.0000  0.0034  0.0000  0.0000  0.0000
 0.0000  0.0000  0.0000  0.0000  0.0000  0.0000  0.0000  0.0000  0.0000  0.0000  0.0000  0.0000  0.0000  1.0000  0.0000  0.0000  0.0000  0.0000  0.0000  0.0000  0.0000  0.0000  0.0000  0.0000  0.0000
 0.0493  0.0000  0.0043  0.1470  0.1089  0.0044  0.0422  0.0515  0.0111  0.6612  0.0366  0.0066  0.5469  0.0217  1.0000  0.0382  0.2547  0.0384  0.0171  0.0018  0.0000  0.0061  0.0000  0.0000  0.0000
 0.0798  0.0000  0.0009  0.0002  0.0007  0.0007  0.0002  0.0002  0.1014  0.0007  0.0045  0.0012  0.0003  0.0009  0.0005  0.0004  0.0007  0.0032  1.0000  0.0001  0.0000  0.0003  0.0000  0.0000  0.0000
 0.3619  0.0000  0.2075  0.2798  0.5639  0.0229  0.1907  0.0547  0.0838  0.7214  0.1353  0.1625  0.2692  0.1226  0.2957  0.3536  0.3391  1.0000  0.2654  0.0078  0.0000  0.0178  0.0000  0.0000  0.0000
 0.0269  0.0000  0.0063  0.3409  0.0380  0.0053  0.4523  0.0280  0.0026  0.0367  0.0058  0.0021  0.2571  0.0211  0.0246  0.0186  1.0000  0.0280  0.0045  0.0027  0.0000  0.0141  0.0000  0.0000  0.0000
 0.3765  0.0000  0.0051  0.4715  1.0000  0.0048  0.0366  0.0117  0.0180  0.4356  0.0290  0.0102  0.0824  0.0265  0.1598  0.1154  0.1518  0.0910  0.0274  0.0017  0.0000  0.0037  0.0000  0.0000  0.0000
 0.5047  0.0000  0.0353  0.4204  0.6556  0.0447  0.3473  0.0833  0.1660  0.5975  0.2505  0.0671  0.3237  0.1661  0.3535  0.4017  0.4948  1.0000  0.2586  0.0141  0.0000  0.1054  0.0000  0.0000  0.0000
 0.0000  0.0000  0.0000  1.0000  0.0000  0.0000  0.0000  0.0000  0.0000  0.0000  0.0000  0.0000  0.0000  0.0000  0.0000  0.0000  0.0000  0.0000  0.0000  0.0000  0.0000  0.0000  0.0000  0.0000  0.0000
 0.1998  0.0000  0.0039  0.0009  0.0029  0.0022  0.0001  0.0007  0.0824  0.0029  0.0713  0.0043  0.0014  0.0041  0.0022  0.0016  0.0030  1.0000  0.1361  0.0004  0.0000  0.0007  0.0000  0.0000  0.0000
 0.3495  0.0000  0.0141  0.1258  0.4445  0.0129  0.1827  0.0336  0.0410  0.3159  0.0696  0.0247  0.1089  0.0676  0.1380  1.0000  0.7231  0.2160  0.0641  0.0055  0.0000  0.0135  0.0000  0.0000  0.0000
 0.2610  0.0000  0.0866  0.0941  0.1287  0.4351  0.1502  0.2394  0.3970  0.1451  1.0000  0.2638  0.2962  0.1065  0.1649  0.1680  0.1838  0.1931  0.3387  0.0927  0.0000  0.6396  0.0000  0.0000  0.0000
 0.0014  0.0000  0.0004  0.0002  0.0003  1.0000  0.0002  0.0001  0.0921  0.0003  0.0095  0.0020  0.0002  0.0004  0.0003  0.0002  0.0005  0.0010  0.0418  0.0017  0.0000  0.0066  0.0000  0.0000  0.0000
 0.0035  0.0000  0.0005  1.0000  0.0029  0.0003  0.0048  0.0012  0.0003  0.0019  0.0005  0.0002  0.0061  0.0354  0.0014  0.0010  0.0483  0.0020  0.0006  0.0002  0.0000  0.0006  0.0000  0.0000  0.0000
 0.3270  0.0000  0.0212  0.5772  1.0000  0.0198  0.1513  0.0483  0.0742  0.7956  0.1197  0.0420  0.3458  0.4504  0.2343  0.3363  0.5522  0.3195  0.1131  0.0068  0.0000  0.0151  0.0000  0.0000  0.0000
 0.0389  0.0000  0.0062  0.0828  1.0000  0.1771  0.0179  0.0208  0.0196  0.0305  0.0363  0.0370  0.0180  0.0198  0.0373  0.0161  0.0236  0.0223  0.0644  0.0113  0.0000  0.0899  0.0000  0.0000  0.0000
 0.0000  0.0000  0.0000  0.0000  0.0000  1.0000  0.0000  0.0000  0.0000  0.0000  0.0000  0.0000  0.0000  0.0000  0.0000  0.0000  0.0000  0.0000  0.0000  0.0000  0.0000  0.0000  0.0000  0.0000  0.0000
 0.0042  0.0000  0.0007  0.0013  0.0016  0.0008  0.0016  0.0008  0.0022  0.0383  0.0479  0.0011  0.0024  0.0020  0.0021  0.0036  0.0084  1.0000  0.0031  0.0003  0.0000  0.0006  0.0000  0.0000  0.0000
 1.0000  0.0000  0.0405  0.5992  0.9249  0.0385  0.5463  0.1730  0.1411  0.7225  0.2281  0.0801  0.3831  0.2107  0.4752  0.6342  0.8524  0.4338  0.2154  0.0134  0.0000  0.0306  0.0000  0.0000  0.0000
 0.0222  0.0000  0.0007  0.0554  1.0000  0.0024  0.1368  0.0610  0.0032  0.0292  0.0061  0.0585  0.0129  0.0133  0.5436  0.0132  0.0135  0.0852  0.0057  0.0011  0.0000  0.0036  0.0000  0.0000  0.0000
 0.2797  0.0000  0.0350  0.0921  0.0843  0.0209  0.0631  0.0259  0.0566  0.1031  0.0980  0.1173  0.1825  0.3458  0.1777  0.0633  0.8741  1.0000  0.0898  0.0119  0.0000  0.0237  0.0000  0.0000  0.0000
 0.8904  0.0000  0.0873  0.0662  0.0782  0.0622  0.5188  0.0152  0.7728  0.0891  0.2397  0.0653  0.0613  0.5567  0.0580  0.0652  0.4401  0.2130  1.0000  0.0153  0.0000  0.0400  0.0000  0.0000  0.0000
 0.6443  0.0000  0.0456  0.5653  1.0000  0.0430  0.3589  0.1038  0.1834  0.7920  0.2574  0.0903  0.4217  0.2652  0.6221  0.4577  0.6505  0.6619  0.3245  0.0148  0.0000  0.0330  0.0000  0.0000  0.0000
 0.0184  0.0000  0.0054  0.1320  0.0048  0.0260  0.0062  0.0010  0.5303  0.0067  1.0000  0.0277  0.0745  0.0043  0.0037  0.0055  0.0066  0.0182  0.4328  0.0031  0.0000  0.0091  0.0000  0.0000  0.0000
 0.0029  0.0000  0.0006  0.0012  0.0008  0.0003  0.0009  0.0003  0.0008  0.0011  0.0008  0.0004  0.0022  0.0015  0.0009  0.0007  0.2693  1.0000  0.0013  0.0002  0.0000  0.0003  0.0000  0.0000  0.0000
 0.0139  0.0000  0.0061  0.0021  0.0033  0.3354  0.0030  0.0004  0.0259  0.0006  0.0619  0.0126  0.0004  1.0000  0.0005  0.0005  0.0090  0.0081  0.0842  0.0544  0.0000  0.3169  0.0000  0.0000  0.0000
 0.0727  0.0000  0.0814  0.0059  0.1404  0.0064  0.0102  0.0028  0.0545  0.0112  0.0385  0.0122  0.0078  1.0000  0.0084  0.0066  0.0284  0.1675  0.2458  0.0014  0.0000  0.0026  0.0000  0.0000  0.0000
 0.0117  0.0000  0.0020  1.0000  0.2055  0.0729  0.0155  0.0471  0.0211  0.0128  0.0064  0.0022  0.0710  0.0064  0.0106  0.0422  0.0416  0.0092  0.0053  0.0016  0.0000  0.0082  0.0000  0.0000  0.0000
 0.5722  0.0000  0.0407  0.5974  0.7621  0.0385  0.3906  0.1160  0.1419  1.0000  0.2292  0.0803  0.4680  0.3853  0.8201  0.6338  0.6464  0.4345  0.2846  0.0133  0.0000  0.0302  0.0000  0.0000  0.0000
 0.5482  0.0000  0.1780  0.2528  0.3362  0.6955  0.3574  0.5426  0.3989  0.3457  0.6696  0.2236  0.3500  0.2209  0.3269  0.3753  0.4654  0.4390  0.5118  0.1831  0.0000  1.0000  0.0000  0.0000  0.0000
 0.8655  0.0000  0.2058  0.8726  0.8335  0.7104  0.7996  0.6358  0.4519  0.7361  0.7701  0.2555  0.9147  0.3658  0.5844  0.5781  0.8668  0.6720  0.6449  0.1890  0.0000  1.0000  0.0000  0.0000  0.0000
 0.9736  0.0000  0.1747  0.6497  1.0000  0.5594  0.5407  0.4988  0.4611  0.9395  0.7206  0.2498  0.6129  0.3809  0.6772  0.6653  0.8742  0.7430  0.6081  0.1501  0.0000  0.7708  0.0000  0.0000  0.0000
 0.7821  0.0000  0.0647  0.6381  1.0000  0.0990  0.3986  0.1584  0.2104  0.9266  0.3588  0.1238  0.5063  0.2819  0.5958  0.5374  0.7476  0.5882  0.3137  0.0300  0.0000  0.1088  0.0000  0.0000  0.0000
 0.6352  0.0000  0.0426  0.0684  0.0484  0.0173  1.0000  0.0153  0.1549  0.0521  0.0418  0.0195  0.7897  0.2905  0.0358  0.0350  0.6932  0.1068  0.0696  0.0067  0.0000  0.0164  0.0000  0.0000  0.0000
 0.3273  0.0000  0.1104  0.1275  0.2158  0.5308  0.3186  0.3191  0.5914  0.1856  1.0000  0.3794  0.1886  0.1314  0.2379  0.2151  0.2461  0.3475  0.5064  0.1157  0.0000  0.5911  0.0000  0.0000  0.0000
 0.6321  0.0000  0.1072  1.0000  0.9950  0.0448  0.3646  0.1001  0.1681  0.7671  0.2813  0.0853  0.5311  0.4090  0.4677  0.4170  0.5828  0.4559  0.3494  0.0150  0.0000  0.0377  0.0000  0.0000  0.0000
 1.0000  0.0000  0.2256  0.6012  0.8485  0.5293  0.4891  0.4444  0.4053  0.7919  0.6866  0.2170  0.5246  0.3261  0.5758  0.6000  0.7720  0.6317  0.6018  0.1360  0.0000  0.7027  0.0000  0.0000  0.0000
 0.7021  0.0000  0.0608  0.5720  1.0000  0.1021  0.3624  0.1496  0.2860  0.8313  0.5317  0.1374  0.4508  0.2532  0.5313  0.4798  0.7465  0.5259  0.3578  0.0303  0.0000  0.1165  0.0000  0.0000  0.0000
 0.6699  0.0000  0.0425  0.8946  0.9906  0.0399  0.3008  0.0964  0.1644  0.7348  0.2389  0.0839  0.4637  0.2180  0.5902  0.4143  1.0000  0.5423  0.4131  0.0138  0.0000  0.0306  0.0000  0.0000  0.0000
 0.7388  0.0000  0.0526  0.6139  1.0000  0.0507  0.3720  0.1200  0.1959  0.9095  0.3069  0.1086  0.4882  0.2745  0.5841  0.5127  0.7281  0.5604  0.2805  0.0173  0.0000  0.0400  0.0000  0.0000  0.0000
 0.3796  0.0000  0.0135  0.4221  1.0000  0.0135  0.1198  0.0312  0.0469  0.2308  0.0757  0.0265  0.2133  0.0686  0.3139  0.1303  0.2409  0.3377  0.0896  0.0046  0.0000  0.0922  0.0000  0.0000  0.0000
 0.6881  0.0000  0.0451  0.5903  1.0000  0.0420  0.3573  0.1025  0.1579  0.8313  0.2930  0.2165  0.4179  0.2812  0.6281  0.5663  0.6389  0.5484  0.2409  0.0145  0.0000  0.0319  0.0000  0.0000  0.0000
 0.0881  0.0000  0.0041  0.1412  0.3837  0.0047  0.0941  0.0811  0.0356  0.0681  0.0579  0.0080  0.0360  0.0609  1.0000  0.4489  0.0531  0.0417  0.0213  0.0016  0.0000  0.0044  0.0000  0.0000  0.0000
 0.3242  0.0000  0.0083  0.2478  0.2865  0.0079  0.0591  0.0190  0.0289  0.2348  0.0466  0.0164  0.2749  1.0000  0.1927  0.0809  0.5112  0.2658  0.0441  0.0027  0.0000  0.1130  0.0000  0.0000  0.0000
 0.4908  0.0000  0.0666  0.8271  1.0000  0.2506  0.2199  0.9254  0.1558  0.2789  0.4650  0.0905  0.4100  0.1612  0.6351  0.1843  0.2645  0.2232  0.2103  0.0689  0.0000  0.4832  0.0000  0.0000  0.0000
 0.0010  0.0000  0.0004  0.0003  0.0002  1.0000  0.0360  0.0001  0.0015  0.0001  0.0036  0.0007  0.0002  0.0004  0.0001  0.0001  0.0007  0.0005  0.0014  0.0033  0.0000  0.0195  0.0000  0.0000  0.0000
 0.4049  0.0000  0.0126  0.1868  0.8205  0.0118  0.0896  0.0286  0.1035  0.2389  0.1864  0.0249  0.2453  1.0000  0.1637  0.1236  0.3575  0.3579  0.0672  0.0041  0.0000  0.0090  0.0000  0.0000  0.0000
 0.4395  0.0000  0.0493  1.0000  0.9222  0.0528  0.9010  0.2209  0.0577  0.7279  0.1244  0.0454  0.9089  0.2456  0.7375  0.4634  0.5242  0.2752  0.1003  0.0287  0.0000  0.1132  0.0000  0.0000  0.0000
 0.0005  0.0000  0.0002  0.0001  0.0001  1.0000  0.0001  0.0000  0.0010  0.0000  0.0024  0.0005  0.0000  0.0002  0.0000  0.0000  0.0003  0.0003  0.0009  0.0432  0.0000  0.0089  0.0000  0.0000  0.0000
 0.0028  0.0000  0.0005  0.0011  0.0007  0.0003  0.0010  0.0003  0.0007  0.0010  0.0007  0.0004  0.0019  0.0013  0.0008  0.0006  1.0000  0.1676  0.0012  0.0002  0.0000  0.0003  0.0000  0.0000  0.0000
 0.0006  0.0000  0.0003  0.0001  0.0001  0.1628  0.0001  0.0000  0.0013  0.0000  0.0031  0.0006  0.0000  0.0002  0.0000  0.0000  0.0004  0.0004  0.0012  0.0029  0.0000  1.0000  0.0000  0.0000  0.0000
 0.5706  0.0000  0.1783  0.2241  0.2966  0.6895  0.3359  0.6017  0.4148  0.3151  0.6481  0.2212  0.3938  0.2160  0.4155  0.3575  0.6724  0.5243  0.6654  0.1820  0.0000  1.0000  0.0000  0.0000  0.0000
 1.0000  0.0000  0.0856  0.1082  0.1022  0.0355  0.5630  0.0265  0.0414  0.1176  0.0887  0.0405  0.1892  0.2357  0.0758  0.1150  0.4625  0.1695  0.1526  0.0131  0.0000  0.0318  0.0000  0.0000  0.0000
 0.0334  0.0000  0.0032  0.0162  0.1828  0.0017  0.0195  0.0024  0.0022  0.0084  0.0041  0.0018  0.0093  0.9976  0.0078  0.0043  1.0000  0.0145  0.0061  0.0007  0.0000  0.0019  0.0000  0.0000  0.0000
 0.3339  0.0000  0.0459  0.0529  0.0751  0.1212  0.1842  0.0281  1.0000  0.1209  0.5666  0.1183  0.0574  0.0887  0.0631  0.0983  0.1785  0.1278  0.9561  0.0203  0.0000  0.0659  0.0000  0.0000  0.0000
 0.3526  0.0000  0.0116  0.0455  0.0628  0.0111  0.0791  0.0340  0.0187  0.2162  0.0398  0.0141  0.1056  0.0456  0.0803  1.0000  0.0821  0.0608  0.0331  0.0064  0.0000  0.0195  0.0000  0.0000  0.0000
 0.0000  0.0000  0.0000  0.0000  1.0000  0.0000  0.0000  0.0000  0.0000  0.0000  0.0000  0.0000  0.0000  0.0000  0.0000  0.0000  0.0000  0.0000  0.0000  0.0000  0.0000  0.0000  0.0000  0.0000  0.0000
//
